1,20656,60.27,182.84,49.60,152.30,1,-1,-1,-1
1,20678,273.28,177.69,39.38,116.02,1,-1,-1,-1
1,20681,162.85,160.59,58.56,178.20,1,-1,-1,-1
1,20697,360.86,99.12,107.09,289.78,1,-1,-1,-1
1,20705,321.20,129.68,53.16,182.60,1,-1,-1,-1
1,20708,79.51,120.17,70.41,222.43,1,-1,-1,-1
2,20656,63.17,185.93,49.48,150.30,1,-1,-1,-1
2,20678,271.41,180.51,40.76,121.26,1,-1,-1,-1
3,20656,63.94,186.90,49.69,149.74,1,-1,-1,-1
3,20678,270.74,181.65,41.11,123.39,1,-1,-1,-1
4,20656,64.05,187.17,49.94,149.57,1,-1,-1,-1
4,20678,270.57,182.09,41.05,124.20,1,-1,-1,-1
5,20656,63.93,187.16,50.18,149.55,1,-1,-1,-1
5,20678,270.60,182.24,40.85,124.48,1,-1,-1,-1
6,20656,63.75,187.07,50.39,149.58,1,-1,-1,-1
6,20678,270.69,182.28,40.61,124.55,1,-1,-1,-1
7,20656,63.56,186.96,50.58,149.62,1,-1,-1,-1
7,20678,270.80,182.28,40.37,124.55,1,-1,-1,-1
8,20656,63.39,186.86,50.74,149.66,1,-1,-1,-1
8,20678,270.91,182.27,40.15,124.52,1,-1,-1,-1
9,20656,64.71,188.26,50.55,149.10,1,-1,-1,-1
9,20678,271.52,186.13,38.93,119.31,1,-1,-1,-1
9,20706,156.60,212.88,34.55,103.12,1,-1,-1,-1
9,20711,298.00,208.00,40.00,106.00,1,-1,-1,-1
10,20678,269.40,186.29,39.22,118.57,1,-1,-1,-1
10,20706,156.29,211.04,34.99,105.18,1,-1,-1,-1
10,20711,304.36,189.14,44.43,118.00,1,-1,-1,-1
10,20712,0.00,166.00,56.00,198.00,1,-1,-1,-1
11,20678,268.48,186.33,39.60,118.29,1,-1,-1,-1
11,20706,155.90,210.77,34.95,105.60,1,-1,-1,-1
11,20711,305.48,186.00,45.03,120.00,1,-1,-1,-1
11,20712,0.00,166.00,56.00,198.00,1,-1,-1,-1
12,20678,269.52,185.02,39.60,119.48,1,-1,-1,-1
12,20706,152.54,210.63,34.94,107.10,1,-1,-1,-1
12,20711,301.21,198.11,42.84,114.79,1,-1,-1,-1
13,20678,270.02,184.51,39.39,119.92,1,-1,-1,-1
13,20706,151.52,210.53,34.71,107.67,1,-1,-1,-1
13,20711,299.68,202.68,41.83,112.77,1,-1,-1,-1
14,20678,270.32,184.30,39.11,120.08,1,-1,-1,-1
14,20706,151.35,210.46,34.44,107.89,1,-1,-1,-1
14,20711,299.29,204.16,41.28,112.09,1,-1,-1,-1
15,20678,270.52,184.21,38.83,120.13,1,-1,-1,-1
15,20706,151.48,210.41,34.18,107.97,1,-1,-1,-1
15,20711,299.29,204.60,40.90,111.87,1,-1,-1,-1
16,20678,270.68,184.16,38.57,120.14,1,-1,-1,-1
16,20706,151.70,210.36,33.94,108.00,1,-1,-1,-1
16,20711,299.43,204.67,40.56,111.82,1,-1,-1,-1
17,20678,270.59,184.40,38.65,120.40,1,-1,-1,-1
17,20706,149.49,210.93,33.95,108.03,1,-1,-1,-1
17,20711,298.92,205.99,40.42,111.43,1,-1,-1,-1
25,20656,48.76,172.47,67.15,187.42,1,-1,-1,-1
26,20656,47.11,171.98,69.91,188.47,1,-1,-1,-1
27,20656,46.09,171.80,71.75,188.82,1,-1,-1,-1
28,20656,45.40,171.75,73.08,188.91,1,-1,-1,-1
29,20656,44.88,171.74,74.08,188.89,1,-1,-1,-1
30,20656,44.49,171.75,74.87,188.84,1,-1,-1,-1
31,20656,44.17,171.77,75.52,188.78,1,-1,-1,-1
32,20656,43.90,171.79,76.06,188.72,1,-1,-1,-1
33,20656,43.56,171.44,76.53,189.86,1,-1,-1,-1
33,20678,275.20,186.03,41.38,120.07,1,-1,-1,-1
34,20678,274.41,186.05,43.29,120.03,1,-1,-1,-1
35,20678,273.77,186.06,44.69,120.02,1,-1,-1,-1
36,20678,273.25,186.06,45.75,120.02,1,-1,-1,-1
37,20678,272.83,186.05,46.59,120.01,1,-1,-1,-1
38,20678,272.47,186.05,47.28,120.01,1,-1,-1,-1
39,20678,272.18,186.05,47.85,120.01,1,-1,-1,-1
40,20678,271.93,186.04,48.33,120.01,1,-1,-1,-1
41,20656,84.39,194.64,54.01,135.35,1,-1,-1,-1
41,20678,264.95,183.42,51.80,127.86,1,-1,-1,-1
42,20656,86.88,195.98,52.31,132.11,1,-1,-1,-1
42,20678,262.28,182.44,53.25,130.78,1,-1,-1,-1
43,20656,87.74,196.38,51.62,131.16,1,-1,-1,-1
43,20678,261.17,182.07,53.95,131.90,1,-1,-1,-1
44,20656,88.05,196.49,51.27,130.91,1,-1,-1,-1
44,20678,260.71,181.93,54.32,132.30,1,-1,-1,-1
45,20656,88.13,196.48,51.07,130.92,1,-1,-1,-1
45,20678,260.50,181.88,54.56,132.43,1,-1,-1,-1
46,20656,88.14,196.44,50.93,131.01,1,-1,-1,-1
46,20678,260.39,181.88,54.74,132.45,1,-1,-1,-1
47,20656,88.13,196.39,50.83,131.12,1,-1,-1,-1
47,20678,260.33,181.88,54.88,132.43,1,-1,-1,-1
48,20656,88.11,196.35,50.74,131.22,1,-1,-1,-1
48,20678,260.28,181.89,54.99,132.40,1,-1,-1,-1
49,20656,89.15,196.92,50.25,129.93,1,-1,-1,-1
49,20678,263.73,184.50,50.74,124.57,1,-1,-1,-1
49,20713,20.00,176.00,68.00,182.00,1,-1,-1,-1
50,20678,265.32,185.52,48.61,121.50,1,-1,-1,-1
50,20713,20.00,176.00,68.00,182.00,1,-1,-1,-1
51,20678,266.14,185.89,47.38,120.38,1,-1,-1,-1
51,20713,20.00,176.00,68.00,182.00,1,-1,-1,-1
52,20678,266.64,186.02,46.53,119.98,1,-1,-1,-1
52,20713,20.00,176.00,68.00,182.00,1,-1,-1,-1
53,20678,267.01,186.06,45.84,119.85,1,-1,-1,-1
53,20713,20.00,176.00,68.00,182.00,1,-1,-1,-1
54,20678,267.32,186.07,45.26,119.81,1,-1,-1,-1
54,20713,20.00,176.00,68.00,182.00,1,-1,-1,-1
55,20678,267.58,186.07,44.75,119.81,1,-1,-1,-1
55,20713,20.00,176.00,68.00,182.00,1,-1,-1,-1
56,20678,267.82,186.07,44.29,119.82,1,-1,-1,-1
56,20713,20.00,176.00,68.00,182.00,1,-1,-1,-1
57,20678,267.82,186.18,44.18,119.52,1,-1,-1,-1
57,20713,20.00,176.00,68.00,182.00,1,-1,-1,-1
57,20714,20.00,88.00,124.00,354.00,1,-1,-1,-1
58,20714,20.00,88.00,124.00,354.00,1,-1,-1,-1
59,20714,20.00,88.00,124.00,354.00,1,-1,-1,-1
60,20714,20.00,88.00,124.00,354.00,1,-1,-1,-1
61,20714,20.00,88.00,124.00,354.00,1,-1,-1,-1
62,20714,20.00,88.00,124.00,354.00,1,-1,-1,-1
63,20714,20.00,88.00,124.00,354.00,1,-1,-1,-1
64,20714,20.00,88.00,124.00,354.00,1,-1,-1,-1
65,20678,295.19,187.96,45.17,121.80,1,-1,-1,-1
65,20714,20.00,88.00,124.00,354.00,1,-1,-1,-1
66,20678,296.53,188.04,45.33,121.94,1,-1,-1,-1
67,20678,296.97,188.07,45.44,121.99,1,-1,-1,-1
68,20678,297.07,188.08,45.51,122.00,1,-1,-1,-1
69,20678,297.04,188.08,45.57,122.01,1,-1,-1,-1
70,20678,296.96,188.07,45.62,122.01,1,-1,-1,-1
71,20678,296.88,188.06,45.67,122.01,1,-1,-1,-1
72,20678,296.80,188.06,45.70,122.01,1,-1,-1,-1
73,20678,296.04,195.89,44.49,119.40,1,-1,-1,-1
73,20715,340.00,204.00,34.00,114.00,1,-1,-1,-1
74,20678,297.02,190.96,45.36,121.04,1,-1,-1,-1
74,20716,406.00,206.00,28.00,90.00,1,-1,-1,-1
75,20678,297.29,189.13,45.82,121.65,1,-1,-1,-1
75,20716,406.00,206.00,28.00,90.00,1,-1,-1,-1
76,20678,297.31,188.42,46.12,121.88,1,-1,-1,-1
76,20716,406.00,206.00,28.00,90.00,1,-1,-1,-1
77,20678,297.23,188.15,46.34,121.97,1,-1,-1,-1
77,20716,406.00,206.00,28.00,90.00,1,-1,-1,-1
78,20678,297.13,188.04,46.51,122.00,1,-1,-1,-1
78,20716,406.00,206.00,28.00,90.00,1,-1,-1,-1
79,20678,297.03,188.00,46.66,122.01,1,-1,-1,-1
79,20716,406.00,206.00,28.00,90.00,1,-1,-1,-1
80,20678,296.93,187.99,46.80,122.02,1,-1,-1,-1
80,20716,406.00,206.00,28.00,90.00,1,-1,-1,-1
81,20678,297.46,187.96,46.81,122.05,1,-1,-1,-1
81,20716,406.00,206.00,28.00,90.00,1,-1,-1,-1
89,20678,297.20,186.08,47.97,120.10,1,-1,-1,-1
90,20678,296.45,185.98,49.39,120.00,1,-1,-1,-1
91,20678,295.87,185.95,50.52,119.96,1,-1,-1,-1
92,20678,295.40,185.94,51.46,119.95,1,-1,-1,-1
93,20678,294.99,185.94,52.24,119.95,1,-1,-1,-1
94,20678,294.65,185.94,52.90,119.95,1,-1,-1,-1
95,20678,294.36,185.95,53.47,119.96,1,-1,-1,-1
96,20678,294.10,185.95,53.96,119.96,1,-1,-1,-1
97,20678,294.25,185.88,53.94,119.90,1,-1,-1,-1
97,20716,411.14,174.32,41.48,131.58,1,-1,-1,-1
97,20717,368.00,178.00,44.00,128.00,1,-1,-1,-1
98,20716,411.09,173.47,42.22,132.69,1,-1,-1,-1
98,20717,368.00,178.00,44.00,128.00,1,-1,-1,-1
99,20716,410.98,173.21,42.63,133.04,1,-1,-1,-1
99,20717,368.00,178.00,44.00,128.00,1,-1,-1,-1
100,20716,410.87,173.15,42.89,133.12,1,-1,-1,-1
100,20717,368.00,178.00,44.00,128.00,1,-1,-1,-1
101,20716,410.78,173.17,43.07,133.10,1,-1,-1,-1
101,20717,368.00,178.00,44.00,128.00,1,-1,-1,-1
102,20716,410.69,173.21,43.21,133.04,1,-1,-1,-1
102,20717,368.00,178.00,44.00,128.00,1,-1,-1,-1
103,20716,410.62,173.26,43.32,132.97,1,-1,-1,-1
103,20717,368.00,178.00,44.00,128.00,1,-1,-1,-1
104,20716,410.55,173.32,43.41,132.89,1,-1,-1,-1
104,20717,368.00,178.00,44.00,128.00,1,-1,-1,-1
105,20678,304.69,184.06,51.86,114.23,1,-1,-1,-1
105,20716,410.72,172.24,43.87,134.30,1,-1,-1,-1
105,20717,365.95,178.00,45.38,130.71,1,-1,-1,-1
105,20718,186.00,206.00,28.00,80.00,1,-1,-1,-1
106,20678,305.06,183.97,52.07,113.95,1,-1,-1,-1
106,20717,365.06,178.00,46.18,131.70,1,-1,-1,-1
106,20718,186.00,206.00,28.00,80.00,1,-1,-1,-1
107,20678,305.11,183.94,52.29,113.85,1,-1,-1,-1
107,20717,364.60,178.00,46.74,132.05,1,-1,-1,-1
107,20718,186.00,206.00,28.00,80.00,1,-1,-1,-1
108,20678,305.05,183.93,52.49,113.82,1,-1,-1,-1
108,20717,364.31,178.00,47.21,132.17,1,-1,-1,-1
108,20718,186.00,206.00,28.00,80.00,1,-1,-1,-1
109,20678,304.96,183.93,52.67,113.83,1,-1,-1,-1
109,20717,364.09,178.00,47.62,132.20,1,-1,-1,-1
109,20718,186.00,206.00,28.00,80.00,1,-1,-1,-1
110,20678,304.86,183.94,52.82,113.84,1,-1,-1,-1
110,20717,363.90,178.00,48.00,132.20,1,-1,-1,-1
110,20718,186.00,206.00,28.00,80.00,1,-1,-1,-1
111,20678,304.77,183.94,52.96,113.85,1,-1,-1,-1
111,20717,363.74,178.00,48.34,132.18,1,-1,-1,-1
111,20718,186.00,206.00,28.00,80.00,1,-1,-1,-1
112,20678,304.69,183.95,53.07,113.86,1,-1,-1,-1
112,20717,363.58,178.00,48.67,132.17,1,-1,-1,-1
112,20718,186.00,206.00,28.00,80.00,1,-1,-1,-1
113,20678,305.11,183.87,52.98,113.65,1,-1,-1,-1
113,20716,416.58,158.30,53.97,159.22,1,-1,-1,-1
113,20717,344.99,183.24,47.86,126.90,1,-1,-1,-1
113,20718,186.00,206.00,28.00,80.00,1,-1,-1,-1
113,20719,160.00,182.00,42.00,122.00,1,-1,-1,-1
113,20720,242.00,200.00,32.00,96.00,1,-1,-1,-1
113,20721,206.00,194.00,38.00,104.00,1,-1,-1,-1
113,20722,94.00,210.00,32.00,88.00,1,-1,-1,-1
114,20678,301.92,179.32,52.43,115.41,1,-1,-1,-1
114,20716,416.20,158.94,55.88,160.50,1,-1,-1,-1
114,20717,339.80,182.59,47.71,127.54,1,-1,-1,-1
114,20719,166.91,187.14,38.46,111.71,1,-1,-1,-1
114,20720,241.16,194.86,33.68,101.14,1,-1,-1,-1
114,20721,204.82,192.29,38.65,105.71,1,-1,-1,-1
114,20723,360.00,182.00,42.00,126.00,1,-1,-1,-1
114,20724,134.00,190.00,48.00,110.00,1,-1,-1,-1
114,20725,532.00,182.00,42.00,130.00,1,-1,-1,-1
115,20678,301.68,178.28,51.42,115.79,1,-1,-1,-1
115,20716,415.76,159.17,57.20,160.96,1,-1,-1,-1
115,20717,338.05,182.34,47.45,127.78,1,-1,-1,-1
115,20718,170.34,190.53,36.98,105.78,1,-1,-1,-1
115,20720,241.05,194.00,33.90,102.00,1,-1,-1,-1
115,20721,204.60,192.00,38.79,106.00,1,-1,-1,-1
115,20723,360.00,182.00,42.00,126.00,1,-1,-1,-1
115,20724,134.00,190.00,48.00,110.00,1,-1,-1,-1
115,20725,532.00,182.00,42.00,130.00,1,-1,-1,-1
116,20678,301.63,177.75,51.42,115.79,1,-1,-1,-1
116,20716,417.20,159.29,58.27,162.36,1,-1,-1,-1
116,20717,336.78,183.54,48.73,130.50,1,-1,-1,-1
116,20718,170.18,189.51,37.73,109.53,1,-1,-1,-1
116,20720,240.97,204.02,31.14,93.45,1,-1,-1,-1
116,20721,213.17,202.27,34.89,95.73,1,-1,-1,-1
116,20724,128.99,184.00,52.01,119.01,1,-1,-1,-1
116,20725,539.25,183.50,41.01,127.00,1,-1,-1,-1
117,20716,418.84,161.93,59.05,161.56,1,-1,-1,-1
117,20717,336.08,182.68,49.78,132.83,1,-1,-1,-1
117,20718,175.07,194.21,35.83,104.68,1,-1,-1,-1
117,20720,240.45,206.08,31.16,93.40,1,-1,-1,-1
117,20721,214.37,205.79,33.97,93.73,1,-1,-1,-1
117,20724,122.79,180.57,53.86,123.43,1,-1,-1,-1
117,20725,538.60,190.01,40.81,126.00,1,-1,-1,-1
118,20716,419.22,162.99,59.80,161.19,1,-1,-1,-1
118,20717,335.83,182.34,50.27,133.71,1,-1,-1,-1
118,20718,177.22,196.22,34.88,102.52,1,-1,-1,-1
118,20720,240.28,206.66,31.20,93.43,1,-1,-1,-1
118,20721,214.74,206.77,33.57,93.21,1,-1,-1,-1
118,20724,120.65,179.44,54.39,124.86,1,-1,-1,-1
118,20725,538.20,192.10,40.87,125.73,1,-1,-1,-1
119,20716,419.88,162.35,60.40,162.81,1,-1,-1,-1
119,20717,338.27,184.80,48.12,128.84,1,-1,-1,-1
119,20718,176.25,195.22,35.61,104.64,1,-1,-1,-1
119,20720,238.82,206.76,31.26,93.50,1,-1,-1,-1
119,20721,216.38,209.34,32.79,91.06,1,-1,-1,-1
119,20724,117.86,177.32,55.68,127.83,1,-1,-1,-1
119,20725,536.10,189.84,41.84,124.26,1,-1,-1,-1
119,20726,40.00,200.00,44.00,118.00,1,-1,-1,-1
120,20717,339.38,185.74,47.12,126.94,1,-1,-1,-1
120,20720,238.30,206.71,31.32,93.57,1,-1,-1,-1
120,20725,534.80,188.94,43.22,123.79,1,-1,-1,-1
120,20726,40.00,200.00,44.00,118.00,1,-1,-1,-1
121,20678,285.08,174.08,52.50,121.52,1,-1,-1,-1
121,20716,421.05,160.19,61.90,166.01,1,-1,-1,-1
121,20717,337.03,182.12,47.07,128.87,1,-1,-1,-1
121,20718,169.06,198.77,39.64,117.99,1,-1,-1,-1
121,20720,237.86,207.99,31.08,92.86,1,-1,-1,-1
121,20724,94.92,198.11,54.17,123.58,1,-1,-1,-1
121,20725,535.13,189.84,42.92,122.93,1,-1,-1,-1
121,20726,22.86,197.00,46.75,125.51,1,-1,-1,-1
122,20678,284.28,173.83,51.52,121.98,1,-1,-1,-1
122,20716,421.14,159.83,62.35,166.54,1,-1,-1,-1
122,20717,336.40,180.77,46.63,129.59,1,-1,-1,-1
122,20718,168.01,199.35,39.96,120.29,1,-1,-1,-1
122,20724,91.36,201.26,54.22,122.92,1,-1,-1,-1
122,20726,17.18,196.00,47.62,128.01,1,-1,-1,-1
123,20678,284.28,173.74,50.64,122.14,1,-1,-1,-1
123,20716,421.11,159.70,62.64,166.73,1,-1,-1,-1
123,20717,336.39,180.25,46.09,129.87,1,-1,-1,-1
123,20718,167.75,199.58,39.83,121.12,1,-1,-1,-1
123,20724,90.07,202.27,54.46,122.71,1,-1,-1,-1
123,20726,15.55,195.71,47.82,128.74,1,-1,-1,-1
124,20678,284.52,173.72,49.86,122.19,1,-1,-1,-1
124,20716,421.03,159.67,62.83,166.76,1,-1,-1,-1
124,20717,336.60,180.06,45.55,129.97,1,-1,-1,-1
124,20718,167.79,199.68,39.56,121.36,1,-1,-1,-1
124,20724,89.66,202.60,54.72,122.60,1,-1,-1,-1
124,20726,15.30,195.66,47.78,128.86,1,-1,-1,-1
125,20678,284.84,173.73,49.20,122.20,1,-1,-1,-1
125,20716,420.94,159.68,62.98,166.73,1,-1,-1,-1
125,20717,336.87,179.99,45.04,130.01,1,-1,-1,-1
125,20718,167.93,199.74,39.25,121.38,1,-1,-1,-1
125,20724,89.58,202.66,54.98,122.52,1,-1,-1,-1
125,20726,15.46,195.68,47.68,128.81,1,-1,-1,-1
126,20678,285.15,173.75,48.63,122.19,1,-1,-1,-1
126,20716,420.85,159.70,63.10,166.67,1,-1,-1,-1
126,20717,337.15,179.96,44.56,130.02,1,-1,-1,-1
126,20718,168.10,199.77,38.94,121.31,1,-1,-1,-1
126,20724,89.61,202.64,55.23,122.45,1,-1,-1,-1
126,20726,15.72,195.71,47.55,128.72,1,-1,-1,-1
127,20678,285.44,173.77,48.13,122.17,1,-1,-1,-1
127,20716,420.77,159.72,63.20,166.62,1,-1,-1,-1
127,20717,337.42,179.96,44.13,130.03,1,-1,-1,-1
127,20718,168.27,199.80,38.66,121.22,1,-1,-1,-1
127,20724,89.67,202.59,55.46,122.40,1,-1,-1,-1
127,20726,15.98,195.75,47.43,128.62,1,-1,-1,-1
128,20678,285.70,173.79,47.69,122.16,1,-1,-1,-1
128,20716,420.69,159.75,63.28,166.56,1,-1,-1,-1
128,20717,337.66,179.96,43.74,130.03,1,-1,-1,-1
128,20718,168.43,199.81,38.41,121.12,1,-1,-1,-1
128,20724,89.72,202.53,55.68,122.35,1,-1,-1,-1
128,20726,16.20,195.78,47.31,128.54,1,-1,-1,-1
129,20678,267.98,173.81,51.94,131.26,1,-1,-1,-1
129,20716,421.05,159.35,63.62,167.46,1,-1,-1,-1
129,20717,316.42,177.35,44.53,130.03,1,-1,-1,-1
129,20718,171.44,194.67,42.78,135.23,1,-1,-1,-1
129,20724,92.55,186.72,64.78,145.95,1,-1,-1,-1
129,20726,6.46,157.28,65.76,177.63,1,-1,-1,-1
130,20678,260.66,171.28,53.74,137.18,1,-1,-1,-1
130,20717,309.69,173.75,44.87,132.63,1,-1,-1,-1
130,20718,171.17,192.75,44.69,141.73,1,-1,-1,-1
130,20720,187.91,198.51,42.11,127.01,1,-1,-1,-1
130,20724,93.35,182.28,67.12,154.46,1,-1,-1,-1
130,20726,3.55,140.47,70.96,189.95,1,-1,-1,-1
131,20678,257.97,170.29,54.16,139.49,1,-1,-1,-1
131,20717,307.37,172.41,44.69,133.62,1,-1,-1,-1
131,20718,171.12,191.99,45.36,144.29,1,-1,-1,-1
131,20720,185.89,198.11,42.28,128.49,1,-1,-1,-1
131,20724,94.18,180.43,67.30,157.93,1,-1,-1,-1
131,20726,2.25,133.02,73.54,195.17,1,-1,-1,-1
132,20678,257.12,169.91,54.06,140.36,1,-1,-1,-1
132,20717,306.71,171.91,44.36,133.98,1,-1,-1,-1
132,20718,171.15,191.71,45.53,145.22,1,-1,-1,-1
132,20720,185.31,197.94,42.18,128.99,1,-1,-1,-1
132,20724,94.93,179.72,66.61,159.21,1,-1,-1,-1
132,20726,1.66,130.15,74.84,197.06,1,-1,-1,-1
133,20678,256.99,169.78,53.78,140.65,1,-1,-1,-1
133,20717,306.67,171.74,43.99,134.11,1,-1,-1,-1
133,20718,171.21,191.62,45.50,145.49,1,-1,-1,-1
133,20720,185.25,197.89,42.01,129.13,1,-1,-1,-1
133,20724,95.60,179.48,65.64,159.61,1,-1,-1,-1
133,20726,1.35,129.18,75.60,197.59,1,-1,-1,-1
134,20678,257.11,169.75,53.46,140.72,1,-1,-1,-1
134,20717,306.85,171.70,43.62,134.15,1,-1,-1,-1
134,20718,171.28,191.61,45.41,145.51,1,-1,-1,-1
134,20720,185.38,197.87,41.82,129.12,1,-1,-1,-1
134,20724,96.21,179.42,64.63,159.67,1,-1,-1,-1
134,20726,1.16,128.97,76.13,197.61,1,-1,-1,-1
135,20678,257.32,169.75,53.14,140.70,1,-1,-1,-1
135,20717,307.10,171.70,43.28,134.16,1,-1,-1,-1
135,20718,171.34,191.63,45.30,145.44,1,-1,-1,-1
135,20720,185.56,197.87,41.64,129.07,1,-1,-1,-1
135,20724,96.75,179.43,63.67,159.60,1,-1,-1,-1
135,20726,1.02,129.04,76.54,197.44,1,-1,-1,-1
136,20678,257.55,169.77,52.84,140.66,1,-1,-1,-1
136,20717,307.35,171.72,42.97,134.15,1,-1,-1,-1
136,20718,171.40,191.65,45.18,145.34,1,-1,-1,-1
136,20720,185.75,197.88,41.48,129.00,1,-1,-1,-1
136,20724,97.24,179.46,62.77,159.49,1,-1,-1,-1
136,20726,0.90,129.22,76.89,197.20,1,-1,-1,-1
137,20678,255.12,168.49,53.98,143.20,1,-1,-1,-1
137,20717,305.44,171.25,43.05,134.39,1,-1,-1,-1
137,20718,163.01,177.50,51.66,167.14,1,-1,-1,-1
137,20720,183.10,197.69,41.98,130.58,1,-1,-1,-1
137,20724,96.20,178.61,63.70,161.87,1,-1,-1,-1
137,20726,-1.08,124.85,78.83,202.18,1,-1,-1,-1
138,20678,254.19,168.01,54.50,144.14,1,-1,-1,-1
138,20718,160.00,172.27,53.88,175.23,1,-1,-1,-1
139,20678,253.85,167.84,54.78,144.46,1,-1,-1,-1
139,20718,158.85,170.14,54.61,178.46,1,-1,-1,-1
140,20678,253.74,167.79,54.95,144.55,1,-1,-1,-1
140,20718,158.49,169.35,54.73,179.63,1,-1,-1,-1
141,20678,253.71,167.79,55.07,144.55,1,-1,-1,-1
141,20718,158.45,169.09,54.62,179.97,1,-1,-1,-1
142,20678,253.72,167.80,55.17,144.52,1,-1,-1,-1
142,20718,158.52,169.05,54.43,179.99,1,-1,-1,-1
143,20678,253.73,167.81,55.25,144.48,1,-1,-1,-1
143,20718,158.63,169.08,54.23,179.90,1,-1,-1,-1
144,20678,253.75,167.83,55.33,144.44,1,-1,-1,-1
144,20718,158.74,169.14,54.03,179.77,1,-1,-1,-1
145,20678,249.26,169.14,56.62,147.00,1,-1,-1,-1
145,20718,157.93,167.77,54.87,182.57,1,-1,-1,-1
146,20678,247.50,169.65,57.28,147.95,1,-1,-1,-1
147,20678,246.79,169.85,57.67,148.29,1,-1,-1,-1
148,20678,246.49,169.93,57.94,148.39,1,-1,-1,-1
149,20678,246.36,169.96,58.16,148.40,1,-1,-1,-1
150,20678,246.29,169.97,58.35,148.39,1,-1,-1,-1
151,20678,246.25,169.98,58.51,148.36,1,-1,-1,-1
152,20678,246.22,169.98,58.66,148.33,1,-1,-1,-1
153,20678,247.12,172.59,55.62,141.78,1,-1,-1,-1
153,20717,335.00,175.81,48.01,139.97,1,-1,-1,-1
153,20718,125.09,191.89,30.84,105.95,1,-1,-1,-1
153,20727,2.00,14.00,122.00,462.00,1,-1,-1,-1
154,20678,247.62,173.59,54.23,139.24,1,-1,-1,-1
154,20717,334.95,175.98,50.22,140.10,1,-1,-1,-1
154,20718,123.69,193.79,28.50,100.42,1,-1,-1,-1
154,20727,2.00,14.00,122.00,462.00,1,-1,-1,-1
155,20678,247.93,173.96,53.51,138.31,1,-1,-1,-1
155,20717,334.53,176.04,51.80,140.14,1,-1,-1,-1
155,20718,123.41,194.18,27.57,99.18,1,-1,-1,-1
155,20727,2.00,14.00,122.00,462.00,1,-1,-1,-1
156,20678,248.15,174.08,53.05,137.97,1,-1,-1,-1
156,20717,334.03,176.06,53.00,140.15,1,-1,-1,-1
156,20718,123.53,194.28,27.02,98.87,1,-1,-1,-1
156,20727,2.00,14.00,122.00,462.00,1,-1,-1,-1
157,20678,248.34,174.12,52.72,137.86,1,-1,-1,-1
157,20717,333.56,176.06,53.95,140.14,1,-1,-1,-1
157,20718,123.78,194.28,26.64,98.91,1,-1,-1,-1
157,20727,2.00,14.00,122.00,462.00,1,-1,-1,-1
158,20678,248.50,174.13,52.44,137.83,1,-1,-1,-1
158,20717,333.15,176.06,54.72,140.13,1,-1,-1,-1
158,20718,124.03,194.25,26.34,99.03,1,-1,-1,-1
158,20727,2.00,14.00,122.00,462.00,1,-1,-1,-1
159,20678,248.65,174.12,52.21,137.83,1,-1,-1,-1
159,20717,332.79,176.05,55.35,140.12,1,-1,-1,-1
159,20718,124.27,194.22,26.09,99.15,1,-1,-1,-1
159,20727,2.00,14.00,122.00,462.00,1,-1,-1,-1
160,20678,248.78,174.11,51.99,137.84,1,-1,-1,-1
160,20717,332.48,176.05,55.89,140.11,1,-1,-1,-1
160,20718,124.47,194.19,25.87,99.26,1,-1,-1,-1
160,20727,2.00,14.00,122.00,462.00,1,-1,-1,-1
161,20678,248.47,174.30,51.90,137.58,1,-1,-1,-1
161,20717,333.12,176.12,55.96,140.28,1,-1,-1,-1
161,20718,119.22,196.85,25.79,93.99,1,-1,-1,-1
161,20727,2.00,14.00,122.00,462.00,1,-1,-1,-1
161,20728,174.00,192.00,36.00,100.00,1,-1,-1,-1
162,20718,117.00,197.83,26.37,92.09,1,-1,-1,-1
162,20728,174.00,192.00,36.00,100.00,1,-1,-1,-1
163,20718,115.97,198.16,27.17,91.46,1,-1,-1,-1
163,20728,174.00,192.00,36.00,100.00,1,-1,-1,-1
164,20718,115.38,198.25,27.99,91.30,1,-1,-1,-1
164,20728,174.00,192.00,36.00,100.00,1,-1,-1,-1
165,20718,114.98,198.27,28.75,91.29,1,-1,-1,-1
165,20728,174.00,192.00,36.00,100.00,1,-1,-1,-1
166,20718,114.67,198.25,29.46,91.34,1,-1,-1,-1
166,20728,174.00,192.00,36.00,100.00,1,-1,-1,-1
167,20718,114.40,198.23,30.09,91.40,1,-1,-1,-1
167,20728,174.00,192.00,36.00,100.00,1,-1,-1,-1
168,20718,114.17,198.21,30.67,91.46,1,-1,-1,-1
168,20728,174.00,192.00,36.00,100.00,1,-1,-1,-1
169,20678,260.40,177.91,48.07,126.40,1,-1,-1,-1
169,20718,108.32,181.03,39.83,116.59,1,-1,-1,-1
169,20728,169.40,186.59,41.14,112.18,1,-1,-1,-1
170,20678,258.20,175.24,52.14,134.35,1,-1,-1,-1
170,20717,317.63,176.03,54.49,140.07,1,-1,-1,-1
170,20718,103.58,175.04,43.52,125.34,1,-1,-1,-1
170,20728,166.20,185.93,42.25,113.97,1,-1,-1,-1
170,20729,126.00,180.00,42.00,120.00,1,-1,-1,-1
171,20678,257.30,174.46,53.90,136.68,1,-1,-1,-1
171,20717,317.32,176.02,53.46,140.04,1,-1,-1,-1
171,20718,101.39,172.49,45.48,129.08,1,-1,-1,-1
171,20728,164.80,185.71,42.93,114.60,1,-1,-1,-1
171,20729,126.00,180.00,42.00,120.00,1,-1,-1,-1
172,20678,256.75,174.16,54.95,137.58,1,-1,-1,-1
172,20717,317.43,176.01,52.67,140.03,1,-1,-1,-1
172,20718,100.37,171.51,46.59,130.52,1,-1,-1,-1
172,20728,164.17,185.65,43.42,114.78,1,-1,-1,-1
172,20729,126.00,180.00,42.00,120.00,1,-1,-1,-1
173,20678,256.37,174.04,55.67,137.92,1,-1,-1,-1
173,20717,317.65,176.01,52.05,140.03,1,-1,-1,-1
173,20718,99.86,171.18,47.31,131.03,1,-1,-1,-1
173,20728,163.83,185.66,43.83,114.79,1,-1,-1,-1
173,20729,126.00,180.00,42.00,120.00,1,-1,-1,-1
174,20678,256.08,174.00,56.21,138.04,1,-1,-1,-1
174,20717,317.90,176.01,51.54,140.03,1,-1,-1,-1
174,20718,99.56,171.10,47.85,131.16,1,-1,-1,-1
174,20728,163.62,185.68,44.19,114.74,1,-1,-1,-1
174,20729,126.00,180.00,42.00,120.00,1,-1,-1,-1
175,20678,255.84,173.98,56.65,138.08,1,-1,-1,-1
175,20717,318.12,176.01,51.12,140.02,1,-1,-1,-1
175,20718,99.36,171.11,48.29,131.15,1,-1,-1,-1
175,20728,163.46,185.71,44.53,114.68,1,-1,-1,-1
175,20729,126.00,180.00,42.00,120.00,1,-1,-1,-1
176,20678,255.64,173.98,57.02,138.09,1,-1,-1,-1
176,20717,318.33,176.01,50.76,140.02,1,-1,-1,-1
176,20718,99.20,171.16,48.66,131.09,1,-1,-1,-1
176,20728,163.33,185.73,44.83,114.62,1,-1,-1,-1
176,20729,126.00,180.00,42.00,120.00,1,-1,-1,-1
177,20678,255.84,173.94,57.10,138.26,1,-1,-1,-1
177,20717,317.85,176.02,50.78,140.05,1,-1,-1,-1
177,20718,98.12,169.83,49.31,132.83,1,-1,-1,-1
177,20728,162.73,185.31,45.22,115.60,1,-1,-1,-1
177,20729,126.00,180.00,42.00,120.00,1,-1,-1,-1
177,20730,50.00,164.00,76.00,144.00,1,-1,-1,-1
178,20718,68.86,165.10,54.90,141.70,1,-1,-1,-1
179,20678,257.87,175.64,57.54,136.43,1,-1,-1,-1
179,20718,48.27,152.23,62.87,160.73,1,-1,-1,-1
179,20728,161.22,180.75,47.40,122.91,1,-1,-1,-1
180,20678,258.26,175.75,57.54,136.42,1,-1,-1,-1
180,20718,38.84,147.48,66.98,171.45,1,-1,-1,-1
180,20728,163.29,180.01,47.07,125.44,1,-1,-1,-1
180,20729,109.12,169.16,48.67,141.68,1,-1,-1,-1
181,20718,35.10,145.59,68.59,175.77,1,-1,-1,-1
181,20728,164.39,179.74,46.26,126.34,1,-1,-1,-1
181,20729,107.66,167.98,48.62,144.05,1,-1,-1,-1
182,20718,33.76,144.91,69.16,177.40,1,-1,-1,-1
182,20728,165.11,179.66,45.34,126.65,1,-1,-1,-1
182,20729,107.39,167.56,48.11,144.89,1,-1,-1,-1
183,20718,33.38,144.71,69.31,177.92,1,-1,-1,-1
183,20728,165.67,179.65,44.46,126.72,1,-1,-1,-1
183,20729,107.56,167.43,47.47,145.14,1,-1,-1,-1
184,20718,33.37,144.70,69.29,178.02,1,-1,-1,-1
184,20728,166.12,179.67,43.63,126.70,1,-1,-1,-1
184,20729,107.87,167.42,46.81,145.16,1,-1,-1,-1
185,20678,262.74,177.87,56.22,134.18,1,-1,-1,-1
185,20717,294.35,168.36,51.10,143.84,1,-1,-1,-1
185,20718,13.23,139.66,70.20,177.96,1,-1,-1,-1
185,20728,165.86,179.12,44.04,127.87,1,-1,-1,-1
185,20729,88.91,154.51,53.75,164.51,1,-1,-1,-1
186,20678,263.23,176.65,57.15,135.38,1,-1,-1,-1
186,20717,293.42,170.68,50.61,142.67,1,-1,-1,-1
186,20718,8.22,137.34,71.45,181.12,1,-1,-1,-1
186,20729,80.54,148.49,56.52,166.74,1,-1,-1,-1
187,20678,263.30,176.26,57.65,135.77,1,-1,-1,-1
187,20717,293.11,171.45,50.42,142.28,1,-1,-1,-1
187,20729,76.68,146.07,58.65,167.50,1,-1,-1,-1
188,20678,263.23,176.11,58.00,135.91,1,-1,-1,-1
188,20717,293.04,171.75,50.33,142.13,1,-1,-1,-1
188,20729,74.79,145.19,60.41,167.68,1,-1,-1,-1
189,20678,263.13,176.05,58.25,135.97,1,-1,-1,-1
189,20717,293.08,171.86,50.27,142.08,1,-1,-1,-1
189,20729,73.72,144.92,61.94,167.66,1,-1,-1,-1
190,20678,263.01,176.03,58.46,135.99,1,-1,-1,-1
190,20717,293.15,171.91,50.24,142.05,1,-1,-1,-1
190,20729,72.99,144.88,63.31,167.57,1,-1,-1,-1
191,20678,262.91,176.02,58.64,136.00,1,-1,-1,-1
191,20717,293.22,171.93,50.21,142.04,1,-1,-1,-1
191,20729,72.44,144.92,64.53,167.45,1,-1,-1,-1
192,20678,262.82,176.01,58.79,136.00,1,-1,-1,-1
192,20717,293.30,171.94,50.18,142.03,1,-1,-1,-1
192,20729,71.98,145.00,65.63,167.33,1,-1,-1,-1
193,20678,261.89,173.40,61.91,142.53,1,-1,-1,-1
193,20717,292.83,171.95,55.16,151.17,1,-1,-1,-1
193,20718,-3.15,105.18,104.94,267.23,1,-1,-1,-1
193,20729,69.65,143.40,66.45,169.43,1,-1,-1,-1
193,20731,320.00,196.00,56.00,130.00,1,-1,-1,-1
193,20732,94.00,132.00,98.00,264.00,1,-1,-1,-1
194,20678,261.46,172.42,63.24,144.97,1,-1,-1,-1
194,20717,292.18,171.96,57.96,154.57,1,-1,-1,-1
194,20718,-3.29,103.19,106.76,272.86,1,-1,-1,-1
194,20731,320.00,196.00,56.00,130.00,1,-1,-1,-1
194,20732,94.00,132.00,98.00,264.00,1,-1,-1,-1
195,20678,261.21,172.05,63.88,145.90,1,-1,-1,-1
195,20717,291.57,171.96,59.84,155.88,1,-1,-1,-1
195,20718,-3.13,102.49,107.25,274.93,1,-1,-1,-1
195,20731,320.00,196.00,56.00,130.00,1,-1,-1,-1
195,20732,94.00,132.00,98.00,264.00,1,-1,-1,-1
196,20678,263.75,174.50,57.56,132.01,1,-1,-1,-1
196,20717,290.84,171.90,60.26,156.98,1,-1,-1,-1
196,20718,-10.17,93.49,106.69,283.11,1,-1,-1,-1
196,20731,319.49,188.58,58.50,135.94,1,-1,-1,-1
196,20732,82.60,124.58,110.42,298.14,1,-1,-1,-1
197,20678,264.79,175.49,54.93,126.46,1,-1,-1,-1
197,20718,-11.99,90.03,104.67,286.19,1,-1,-1,-1
197,20731,319.34,186.09,59.30,137.92,1,-1,-1,-1
197,20732,78.91,122.10,114.33,309.52,1,-1,-1,-1
198,20678,265.20,175.84,53.90,124.51,1,-1,-1,-1
198,20718,-11.88,88.76,102.33,287.22,1,-1,-1,-1
198,20731,319.32,185.32,59.49,138.54,1,-1,-1,-1
198,20732,77.82,121.29,115.37,313.28,1,-1,-1,-1
199,20678,265.39,175.97,53.44,123.83,1,-1,-1,-1
199,20718,-11.10,88.35,100.07,287.44,1,-1,-1,-1
199,20731,319.35,185.16,59.48,138.67,1,-1,-1,-1
199,20732,77.70,121.10,115.33,314.15,1,-1,-1,-1
200,20678,265.49,176.01,53.20,123.61,1,-1,-1,-1
200,20718,-10.14,88.28,98.01,287.36,1,-1,-1,-1
200,20731,319.39,185.18,59.39,138.65,1,-1,-1,-1
200,20732,77.92,121.12,114.92,314.06,1,-1,-1,-1
201,20678,263.18,177.35,53.83,126.20,1,-1,-1,-1
201,20718,-13.01,85.39,99.85,292.78,1,-1,-1,-1
201,20731,315.02,185.26,60.04,141.28,1,-1,-1,-1
201,20732,27.83,61.48,147.54,402.61,1,-1,-1,-1
202,20678,262.44,177.84,53.81,127.19,1,-1,-1,-1
202,20731,313.56,185.34,59.98,142.21,1,-1,-1,-1
202,20732,9.88,40.27,159.40,434.32,1,-1,-1,-1
203,20678,262.28,178.02,53.58,127.58,1,-1,-1,-1
203,20731,313.17,185.41,59.65,142.51,1,-1,-1,-1
203,20732,2.30,31.34,164.44,447.42,1,-1,-1,-1
204,20678,262.32,178.09,53.29,127.74,1,-1,-1,-1
204,20731,313.19,185.48,59.24,142.58,1,-1,-1,-1
204,20732,-0.53,28.04,166.38,452.09,1,-1,-1,-1
205,20678,262.44,178.10,53.00,127.81,1,-1,-1,-1
205,20731,313.35,185.54,58.82,142.56,1,-1,-1,-1
205,20732,-1.42,27.05,167.06,453.34,1,-1,-1,-1
206,20678,262.57,178.10,52.72,127.85,1,-1,-1,-1
206,20731,313.55,185.59,58.41,142.52,1,-1,-1,-1
206,20732,-1.56,26.95,167.25,453.30,1,-1,-1,-1
207,20678,262.70,178.09,52.46,127.87,1,-1,-1,-1
207,20731,313.76,185.64,58.03,142.47,1,-1,-1,-1
207,20732,-1.43,27.18,167.26,452.80,1,-1,-1,-1
208,20678,262.82,178.09,52.23,127.89,1,-1,-1,-1
208,20731,313.96,185.67,57.67,142.42,1,-1,-1,-1
208,20732,-1.20,27.52,167.20,452.15,1,-1,-1,-1
209,20678,265.91,179.39,52.59,127.90,1,-1,-1,-1
209,20717,298.16,191.45,53.11,134.98,1,-1,-1,-1
209,20728,88.95,166.00,63.41,187.68,1,-1,-1,-1
209,20729,10.21,145.41,80.51,213.77,1,-1,-1,-1
209,20731,316.65,187.02,56.24,139.76,1,-1,-1,-1
209,20732,-7.59,20.55,171.88,464.80,1,-1,-1,-1
209,20733,186.00,210.00,22.00,80.00,1,-1,-1,-1
210,20678,266.14,179.63,52.53,127.74,1,-1,-1,-1
210,20717,298.36,192.46,52.79,134.17,1,-1,-1,-1
210,20728,86.91,165.80,62.17,188.76,1,-1,-1,-1
210,20729,6.85,155.07,75.30,201.43,1,-1,-1,-1
210,20731,320.14,190.19,54.77,136.08,1,-1,-1,-1
210,20733,184.89,206.57,22.50,81.71,1,-1,-1,-1
211,20728,86.42,165.74,61.21,189.13,1,-1,-1,-1
211,20729,5.80,158.46,73.26,197.08,1,-1,-1,-1
211,20731,321.45,191.39,54.21,134.69,1,-1,-1,-1
211,20733,184.69,206.00,22.62,82.00,1,-1,-1,-1
212,20728,86.51,165.73,60.45,189.20,1,-1,-1,-1
212,20729,5.58,159.68,72.35,195.45,1,-1,-1,-1
212,20731,321.93,191.83,54.01,134.17,1,-1,-1,-1
212,20733,184.62,205.85,22.69,82.07,1,-1,-1,-1
213,20728,86.77,165.74,59.84,189.16,1,-1,-1,-1
213,20729,5.65,160.13,71.87,194.82,1,-1,-1,-1
213,20731,322.10,192.00,53.94,133.99,1,-1,-1,-1
213,20733,184.58,205.83,22.75,82.08,1,-1,-1,-1
214,20728,87.08,165.76,59.35,189.09,1,-1,-1,-1
214,20729,5.82,160.27,71.57,194.55,1,-1,-1,-1
214,20731,322.15,192.05,53.92,133.92,1,-1,-1,-1
214,20733,184.55,205.85,22.82,82.07,1,-1,-1,-1
215,20728,87.37,165.78,58.94,189.00,1,-1,-1,-1
215,20729,6.02,160.30,71.36,194.42,1,-1,-1,-1
215,20731,322.16,192.07,53.92,133.91,1,-1,-1,-1
215,20733,184.53,205.87,22.89,82.06,1,-1,-1,-1
216,20728,87.63,165.80,58.59,188.92,1,-1,-1,-1
216,20729,6.21,160.30,71.19,194.35,1,-1,-1,-1
216,20731,322.15,192.07,53.92,133.91,1,-1,-1,-1
216,20733,184.49,205.89,22.96,82.05,1,-1,-1,-1
217,20678,276.48,178.17,57.78,143.10,1,-1,-1,-1
217,20728,85.70,165.47,59.05,190.38,1,-1,-1,-1
217,20729,14.21,139.36,90.71,249.20,1,-1,-1,-1
217,20731,325.39,188.13,55.29,137.85,1,-1,-1,-1
217,20733,183.86,207.26,22.89,82.05,1,-1,-1,-1
218,20678,277.47,178.07,57.31,144.02,1,-1,-1,-1
218,20729,17.13,131.99,97.24,268.63,1,-1,-1,-1
218,20731,326.66,186.66,55.68,139.32,1,-1,-1,-1
218,20733,183.64,207.77,22.82,82.04,1,-1,-1,-1
219,20678,278.01,178.03,56.75,144.35,1,-1,-1,-1
219,20729,18.62,128.80,99.75,276.91,1,-1,-1,-1
219,20731,327.18,186.10,55.72,139.88,1,-1,-1,-1
219,20733,183.59,207.96,22.76,82.03,1,-1,-1,-1
220,20678,278.35,178.02,56.23,144.45,1,-1,-1,-1
220,20729,19.39,127.56,100.46,280.09,1,-1,-1,-1
220,20731,327.42,185.90,55.63,140.09,1,-1,-1,-1
220,20733,183.59,208.02,22.70,82.03,1,-1,-1,-1
221,20678,278.59,178.01,55.76,144.46,1,-1,-1,-1
221,20729,19.83,127.12,100.46,281.15,1,-1,-1,-1
221,20731,327.53,185.83,55.51,140.15,1,-1,-1,-1
221,20733,183.62,208.04,22.64,82.03,1,-1,-1,-1
222,20678,278.77,178.01,55.35,144.44,1,-1,-1,-1
222,20729,20.11,127.00,100.20,281.39,1,-1,-1,-1
222,20731,327.60,185.82,55.38,140.17,1,-1,-1,-1
222,20733,183.65,208.05,22.59,82.02,1,-1,-1,-1
223,20678,278.91,178.01,54.99,144.41,1,-1,-1,-1
223,20729,20.32,127.01,99.87,281.31,1,-1,-1,-1
223,20731,327.64,185.83,55.25,140.16,1,-1,-1,-1
223,20733,183.68,208.05,22.53,82.02,1,-1,-1,-1
224,20678,279.04,178.01,54.67,144.37,1,-1,-1,-1
224,20729,20.49,127.06,99.54,281.12,1,-1,-1,-1
224,20731,327.68,185.84,55.13,140.15,1,-1,-1,-1
224,20733,183.71,208.04,22.49,82.02,1,-1,-1,-1
225,20678,282.15,178.01,53.58,140.44,1,-1,-1,-1
225,20717,206.67,206.02,36.85,94.30,1,-1,-1,-1
225,20729,20.05,125.56,101.29,286.07,1,-1,-1,-1
225,20731,335.54,181.94,55.03,140.14,1,-1,-1,-1
225,20733,175.31,205.41,24.84,89.90,1,-1,-1,-1
226,20678,283.23,178.00,53.34,138.91,1,-1,-1,-1
226,20717,204.81,206.22,36.39,93.53,1,-1,-1,-1
226,20731,338.53,180.47,54.93,140.13,1,-1,-1,-1
226,20733,172.17,204.45,25.82,92.79,1,-1,-1,-1
227,20678,283.52,178.00,53.43,138.33,1,-1,-1,-1
227,20717,204.06,206.34,36.16,93.19,1,-1,-1,-1
227,20731,339.66,179.93,54.84,140.11,1,-1,-1,-1
227,20733,170.90,204.07,26.30,93.92,1,-1,-1,-1
228,20678,283.53,178.00,53.62,138.11,1,-1,-1,-1
228,20717,203.97,206.35,36.06,93.14,1,-1,-1,-1
228,20731,340.07,179.75,54.76,140.10,1,-1,-1,-1
228,20733,170.39,203.93,26.57,94.33,1,-1,-1,-1
229,20678,283.44,178.00,53.83,138.03,1,-1,-1,-1
229,20717,204.11,206.32,36.03,93.20,1,-1,-1,-1
229,20731,340.21,179.70,54.69,140.09,1,-1,-1,-1
229,20733,170.19,203.88,26.75,94.46,1,-1,-1,-1
230,20678,283.32,178.00,54.03,138.00,1,-1,-1,-1
230,20717,204.31,206.29,36.01,93.28,1,-1,-1,-1
230,20731,340.24,179.70,54.62,140.08,1,-1,-1,-1
230,20733,170.10,203.87,26.88,94.48,1,-1,-1,-1
231,20678,283.20,178.00,54.22,137.99,1,-1,-1,-1
231,20717,204.51,206.25,36.01,93.36,1,-1,-1,-1
231,20731,340.24,179.72,54.56,140.08,1,-1,-1,-1
231,20733,170.07,203.87,26.99,94.46,1,-1,-1,-1
232,20678,283.09,178.00,54.39,137.99,1,-1,-1,-1
232,20717,204.68,206.22,36.01,93.44,1,-1,-1,-1
232,20731,340.23,179.74,54.51,140.07,1,-1,-1,-1
232,20733,170.05,203.88,27.09,94.42,1,-1,-1,-1
233,20678,282.88,174.08,56.06,141.91,1,-1,-1,-1
233,20717,202.69,206.59,35.65,92.51,1,-1,-1,-1
233,20731,339.18,174.54,55.20,143.98,1,-1,-1,-1
233,20733,171.09,192.22,31.56,109.96,1,-1,-1,-1
233,20734,104.00,190.00,34.00,108.00,1,-1,-1,-1
234,20678,285.32,173.90,56.80,144.67,1,-1,-1,-1
234,20731,338.76,171.31,55.49,148.03,1,-1,-1,-1
234,20733,170.23,187.95,33.21,115.65,1,-1,-1,-1
234,20734,103.39,188.29,33.51,106.29,1,-1,-1,-1
235,20678,286.34,173.85,56.89,145.73,1,-1,-1,-1
235,20731,338.93,170.09,54.91,149.57,1,-1,-1,-1
235,20733,169.89,186.21,33.88,117.95,1,-1,-1,-1
235,20734,103.25,188.00,33.50,106.00,1,-1,-1,-1
236,20678,284.78,173.83,56.91,144.82,1,-1,-1,-1
236,20731,337.80,170.94,54.44,150.14,1,-1,-1,-1
236,20733,166.51,184.29,34.32,118.80,1,-1,-1,-1
236,20734,96.43,180.47,39.61,125.30,1,-1,-1,-1
237,20678,284.07,173.84,57.09,144.45,1,-1,-1,-1
237,20731,337.53,171.31,53.90,150.34,1,-1,-1,-1
237,20733,165.15,183.58,34.58,119.07,1,-1,-1,-1
237,20734,94.17,177.98,41.64,131.69,1,-1,-1,-1
238,20678,283.70,173.85,57.33,144.29,1,-1,-1,-1
238,20731,337.58,171.47,53.37,150.39,1,-1,-1,-1
238,20733,164.59,183.34,34.76,119.11,1,-1,-1,-1
238,20734,93.41,177.16,42.34,133.86,1,-1,-1,-1
239,20678,283.47,173.86,57.57,144.22,1,-1,-1,-1
239,20731,337.74,171.56,52.87,150.38,1,-1,-1,-1
239,20733,164.36,183.29,34.90,119.07,1,-1,-1,-1
239,20734,93.23,176.97,42.52,134.38,1,-1,-1,-1
240,20678,283.30,173.88,57.80,144.19,1,-1,-1,-1
240,20731,337.93,171.62,52.41,150.36,1,-1,-1,-1
240,20733,164.25,183.31,35.01,119.00,1,-1,-1,-1
240,20734,93.24,177.00,42.52,134.35,1,-1,-1,-1
241,20678,282.53,171.28,61.88,153.29,1,-1,-1,-1
241,20731,334.94,171.66,53.14,151.63,1,-1,-1,-1
241,20733,156.27,189.80,38.07,129.23,1,-1,-1,-1
241,20734,74.32,173.14,44.85,142.06,1,-1,-1,-1
241,20735,104.00,180.00,26.00,128.00,1,-1,-1,-1
242,20678,282.12,170.32,63.65,156.67,1,-1,-1,-1
242,20731,333.73,171.69,53.56,152.10,1,-1,-1,-1
242,20733,153.26,192.23,39.25,133.06,1,-1,-1,-1
242,20734,67.27,171.72,45.64,144.88,1,-1,-1,-1
242,20735,104.00,180.00,26.00,128.00,1,-1,-1,-1
243,20678,281.84,169.95,64.55,157.98,1,-1,-1,-1
243,20731,333.21,171.72,53.85,152.25,1,-1,-1,-1
243,20733,152.08,193.23,39.73,134.53,1,-1,-1,-1
243,20734,64.66,171.23,45.83,145.82,1,-1,-1,-1
243,20735,104.00,180.00,26.00,128.00,1,-1,-1,-1
244,20678,281.64,169.82,65.07,158.44,1,-1,-1,-1
244,20731,332.95,171.75,54.08,152.29,1,-1,-1,-1
244,20733,151.65,193.64,39.92,135.03,1,-1,-1,-1
244,20734,63.81,171.11,45.79,146.02,1,-1,-1,-1
244,20735,104.00,180.00,26.00,128.00,1,-1,-1,-1
245,20678,281.73,169.40,65.56,159.64,1,-1,-1,-1
245,20731,332.70,171.34,54.27,152.83,1,-1,-1,-1
245,20733,138.98,183.57,45.84,151.80,1,-1,-1,-1
245,20734,43.88,172.42,46.36,147.26,1,-1,-1,-1
245,20735,104.00,180.00,26.00,128.00,1,-1,-1,-1
246,20733,133.93,179.79,48.65,158.10,1,-1,-1,-1
246,20734,36.27,172.98,46.65,147.63,1,-1,-1,-1
247,20733,131.69,178.26,50.26,160.59,1,-1,-1,-1
247,20734,33.44,173.24,46.82,147.65,1,-1,-1,-1
248,20733,130.65,177.68,51.29,161.47,1,-1,-1,-1
248,20734,32.49,173.38,46.95,147.56,1,-1,-1,-1
249,20717,196.41,190.22,54.44,149.30,1,-1,-1,-1
249,20733,128.47,176.60,52.32,164.71,1,-1,-1,-1
249,20734,27.79,172.47,47.75,150.08,1,-1,-1,-1
249,20735,76.53,159.09,37.22,175.52,1,-1,-1,-1
249,20736,2.00,156.00,48.00,180.00,1,-1,-1,-1
249,20737,88.00,156.00,54.00,184.00,1,-1,-1,-1
250,20717,197.25,189.76,52.97,150.89,1,-1,-1,-1
250,20733,96.26,160.94,56.71,179.93,1,-1,-1,-1
250,20734,3.95,159.72,54.31,173.46,1,-1,-1,-1
250,20735,73.56,157.37,39.58,179.42,1,-1,-1,-1
251,20717,197.98,189.62,51.67,151.37,1,-1,-1,-1
251,20733,88.44,157.06,57.58,183.99,1,-1,-1,-1
251,20734,-1.87,156.67,55.30,179.17,1,-1,-1,-1
251,20735,72.10,156.80,41.31,180.72,1,-1,-1,-1
252,20717,198.54,189.58,50.61,151.48,1,-1,-1,-1
252,20733,85.58,155.59,57.69,185.48,1,-1,-1,-1
252,20734,-3.79,155.50,55.23,181.33,1,-1,-1,-1
252,20735,71.25,156.67,42.73,181.03,1,-1,-1,-1
253,20717,199.00,189.59,49.75,151.46,1,-1,-1,-1
253,20733,84.68,155.08,57.51,185.96,1,-1,-1,-1
253,20734,-4.16,155.10,54.78,182.04,1,-1,-1,-1
253,20735,70.65,156.69,43.97,180.97,1,-1,-1,-1
254,20717,199.36,189.61,49.04,151.39,1,-1,-1,-1
254,20733,84.53,154.93,57.24,186.03,1,-1,-1,-1
254,20734,-3.96,155.01,54.22,182.20,1,-1,-1,-1
254,20735,70.18,156.77,45.08,180.79,1,-1,-1,-1
255,20717,199.67,189.63,48.45,151.31,1,-1,-1,-1
255,20733,84.66,154.94,56.96,185.96,1,-1,-1,-1
255,20734,-3.56,155.02,53.67,182.14,1,-1,-1,-1
255,20735,69.77,156.87,46.09,180.57,1,-1,-1,-1
256,20717,199.93,189.66,47.94,151.22,1,-1,-1,-1
256,20733,84.89,154.99,56.69,185.83,1,-1,-1,-1
256,20734,-3.11,155.08,53.14,182.00,1,-1,-1,-1
256,20735,69.41,156.97,47.01,180.35,1,-1,-1,-1
257,20678,280.27,171.77,58.03,141.01,1,-1,-1,-1
257,20717,179.16,174.30,52.33,165.23,1,-1,-1,-1
257,20731,333.73,177.70,46.59,128.83,1,-1,-1,-1
257,20733,81.60,153.38,57.57,188.73,1,-1,-1,-1
257,20734,4.78,143.57,62.21,207.58,1,-1,-1,-1
257,20735,67.25,155.35,47.97,184.02,1,-1,-1,-1
257,20738,500.00,364.00,150.00,112.00,1,-1,-1,-1
258,20678,278.31,168.98,58.50,144.54,1,-1,-1,-1
258,20717,173.08,172.27,51.78,163.03,1,-1,-1,-1
258,20731,332.52,175.01,47.37,130.88,1,-1,-1,-1
258,20733,58.32,141.37,65.90,213.06,1,-1,-1,-1
258,20734,1.33,141.32,63.69,212.53,1,-1,-1,-1
259,20678,278.03,168.24,58.11,145.43,1,-1,-1,-1
259,20717,170.64,171.51,51.57,161.97,1,-1,-1,-1
259,20731,332.20,174.32,47.57,131.34,1,-1,-1,-1
259,20733,52.15,138.36,68.59,219.11,1,-1,-1,-1
260,20678,278.09,167.98,57.66,145.76,1,-1,-1,-1
260,20717,169.73,171.27,51.53,161.49,1,-1,-1,-1
260,20731,332.07,174.07,47.67,131.53,1,-1,-1,-1
260,20733,49.63,137.23,70.03,221.38,1,-1,-1,-1
261,20678,278.26,167.89,57.23,145.89,1,-1,-1,-1
261,20717,169.42,171.22,51.54,161.25,1,-1,-1,-1
261,20731,332.03,173.98,47.72,131.63,1,-1,-1,-1
261,20733,48.60,136.86,70.92,222.14,1,-1,-1,-1
262,20678,278.44,167.87,56.85,145.95,1,-1,-1,-1
262,20717,169.33,171.24,51.58,161.10,1,-1,-1,-1
262,20731,332.01,173.95,47.76,131.69,1,-1,-1,-1
262,20733,48.17,136.78,71.55,222.30,1,-1,-1,-1
263,20678,278.60,167.87,56.53,145.97,1,-1,-1,-1
263,20717,169.33,171.29,51.62,160.98,1,-1,-1,-1
263,20731,332.00,173.95,47.79,131.73,1,-1,-1,-1
263,20733,47.98,136.82,72.05,222.24,1,-1,-1,-1
264,20678,278.75,167.88,56.25,145.98,1,-1,-1,-1
264,20717,169.37,171.35,51.66,160.89,1,-1,-1,-1
264,20731,332.00,173.95,47.82,131.77,1,-1,-1,-1
264,20733,47.90,136.89,72.47,222.11,1,-1,-1,-1
265,20678,281.09,169.20,56.85,149.92,1,-1,-1,-1
265,20717,152.76,161.04,62.98,195.79,1,-1,-1,-1
265,20731,328.52,173.95,50.84,142.32,1,-1,-1,-1
265,20733,44.38,135.12,73.57,225.46,1,-1,-1,-1
266,20678,282.21,169.70,56.60,151.40,1,-1,-1,-1
266,20717,146.67,157.27,67.17,208.46,1,-1,-1,-1
266,20731,327.47,173.95,51.51,146.20,1,-1,-1,-1
267,20678,282.84,169.89,56.10,151.95,1,-1,-1,-1
267,20717,144.15,155.74,68.96,213.71,1,-1,-1,-1
267,20731,327.25,173.96,51.41,147.71,1,-1,-1,-1
268,20678,283.25,169.97,55.54,152.15,1,-1,-1,-1
268,20717,143.20,155.18,69.69,215.69,1,-1,-1,-1
268,20731,327.34,173.96,51.03,148.27,1,-1,-1,-1
269,20678,283.57,170.00,55.01,152.21,1,-1,-1,-1
269,20717,142.89,155.02,69.98,216.33,1,-1,-1,-1
269,20731,327.53,173.96,50.60,148.45,1,-1,-1,-1
270,20678,283.83,170.01,54.51,152.22,1,-1,-1,-1
270,20717,142.83,155.01,70.09,216.45,1,-1,-1,-1
270,20731,327.75,173.97,50.16,148.49,1,-1,-1,-1
271,20678,284.05,170.01,54.07,152.21,1,-1,-1,-1
271,20717,142.86,155.05,70.13,216.37,1,-1,-1,-1
271,20731,327.96,173.97,49.76,148.47,1,-1,-1,-1
272,20678,284.24,170.01,53.67,152.19,1,-1,-1,-1
272,20717,142.93,155.12,70.15,216.23,1,-1,-1,-1
272,20731,328.16,173.97,49.40,148.44,1,-1,-1,-1
273,20678,271.18,167.40,53.70,150.87,1,-1,-1,-1
273,20717,116.04,134.64,85.56,263.57,1,-1,-1,-1
273,20731,320.52,173.98,49.09,147.11,1,-1,-1,-1
274,20678,266.08,166.41,53.97,150.36,1,-1,-1,-1
274,20717,106.14,127.12,91.25,280.97,1,-1,-1,-1
274,20731,317.59,173.98,49.04,146.57,1,-1,-1,-1
275,20678,264.08,166.04,54.30,150.16,1,-1,-1,-1
275,20717,102.02,124.00,93.64,288.18,1,-1,-1,-1
275,20731,316.47,173.98,49.07,146.35,1,-1,-1,-1
276,20678,263.26,165.91,54.64,150.08,1,-1,-1,-1
276,20717,100.48,122.82,94.55,290.88,1,-1,-1,-1
276,20731,316.06,173.98,49.14,146.26,1,-1,-1,-1
277,20678,262.90,165.87,54.95,150.05,1,-1,-1,-1
277,20717,99.98,122.45,94.86,291.73,1,-1,-1,-1
277,20731,315.91,173.98,49.22,146.21,1,-1,-1,-1
278,20678,262.72,165.87,55.24,150.04,1,-1,-1,-1
278,20717,99.90,122.38,94.94,291.87,1,-1,-1,-1
278,20731,315.87,173.99,49.29,146.18,1,-1,-1,-1
279,20678,262.62,165.87,55.51,150.03,1,-1,-1,-1
279,20717,99.96,122.44,94.93,291.74,1,-1,-1,-1
279,20731,315.86,173.99,49.36,146.16,1,-1,-1,-1
280,20678,262.55,165.88,55.75,150.02,1,-1,-1,-1
280,20717,100.09,122.53,94.88,291.51,1,-1,-1,-1
280,20731,315.86,173.99,49.42,146.14,1,-1,-1,-1
281,20678,265.64,171.12,52.28,138.26,1,-1,-1,-1
281,20717,96.86,120.22,96.68,297.03,1,-1,-1,-1
281,20731,318.30,168.77,49.85,147.43,1,-1,-1,-1
281,20739,0.00,34.00,144.00,438.00,1,-1,-1,-1
282,20678,266.69,173.16,51.34,133.70,1,-1,-1,-1
282,20731,319.24,166.80,50.01,147.91,1,-1,-1,-1
282,20739,0.00,34.00,144.00,438.00,1,-1,-1,-1
283,20678,266.87,173.88,51.43,132.11,1,-1,-1,-1
283,20731,319.61,166.06,50.06,148.09,1,-1,-1,-1
283,20739,0.00,34.00,144.00,438.00,1,-1,-1,-1
284,20678,266.76,174.13,51.85,131.57,1,-1,-1,-1
284,20731,319.76,165.80,50.08,148.14,1,-1,-1,-1
284,20739,0.00,34.00,144.00,438.00,1,-1,-1,-1
285,20678,266.56,174.20,52.36,131.41,1,-1,-1,-1
285,20731,319.83,165.72,50.08,148.15,1,-1,-1,-1
285,20739,0.00,34.00,144.00,438.00,1,-1,-1,-1
286,20678,266.34,174.21,52.87,131.40,1,-1,-1,-1
286,20731,319.86,165.71,50.07,148.15,1,-1,-1,-1
286,20739,0.00,34.00,144.00,438.00,1,-1,-1,-1
287,20678,266.13,174.20,53.35,131.43,1,-1,-1,-1
287,20731,319.88,165.72,50.07,148.14,1,-1,-1,-1
287,20739,0.00,34.00,144.00,438.00,1,-1,-1,-1
288,20678,265.93,174.19,53.79,131.48,1,-1,-1,-1
288,20731,319.90,165.74,50.06,148.13,1,-1,-1,-1
288,20739,0.00,34.00,144.00,438.00,1,-1,-1,-1
289,20678,272.36,167.59,59.39,147.31,1,-1,-1,-1
289,20731,319.75,165.33,50.13,148.33,1,-1,-1,-1
289,20739,0.00,34.00,144.00,438.00,1,-1,-1,-1
290,20678,277.08,165.20,61.68,154.32,1,-1,-1,-1
291,20678,279.11,164.24,62.31,157.12,1,-1,-1,-1
292,20678,280.01,163.88,62.29,158.19,1,-1,-1,-1
293,20678,280.45,163.76,62.04,158.56,1,-1,-1,-1
294,20678,280.70,163.73,61.71,158.66,1,-1,-1,-1
295,20678,280.87,163.74,61.38,158.66,1,-1,-1,-1
296,20678,280.99,163.75,61.07,158.63,1,-1,-1,-1
297,20678,281.65,163.35,61.46,159.65,1,-1,-1,-1
305,20678,334.66,175.21,54.22,135.69,1,-1,-1,-1
305,20731,393.28,183.61,49.09,138.21,1,-1,-1,-1
306,20678,340.55,171.50,56.44,140.10,1,-1,-1,-1
306,20731,397.91,177.01,52.10,143.62,1,-1,-1,-1
307,20678,342.25,170.56,57.26,141.19,1,-1,-1,-1
307,20731,399.22,175.12,53.47,145.18,1,-1,-1,-1
308,20678,342.68,170.21,57.73,141.61,1,-1,-1,-1
308,20731,399.43,174.39,54.30,145.78,1,-1,-1,-1
309,20678,342.63,170.07,58.05,141.78,1,-1,-1,-1
309,20731,399.26,174.11,54.87,146.00,1,-1,-1,-1
310,20678,342.44,170.02,58.30,141.85,1,-1,-1,-1
310,20731,398.98,174.01,55.30,146.07,1,-1,-1,-1
311,20678,342.21,170.00,58.50,141.89,1,-1,-1,-1
311,20731,398.68,173.97,55.63,146.09,1,-1,-1,-1
312,20678,341.99,169.99,58.66,141.91,1,-1,-1,-1
312,20731,398.41,173.96,55.91,146.10,1,-1,-1,-1
313,20678,362.63,168.68,60.43,147.17,1,-1,-1,-1
313,20731,422.95,171.34,57.59,151.32,1,-1,-1,-1
313,20740,254.00,214.00,24.00,76.00,1,-1,-1,-1
314,20678,371.91,165.61,60.42,147.84,1,-1,-1,-1
314,20731,427.19,171.03,57.83,151.96,1,-1,-1,-1
315,20678,375.43,164.42,60.27,148.09,1,-1,-1,-1
316,20678,376.70,163.98,60.08,148.17,1,-1,-1,-1
317,20678,377.10,163.83,59.88,148.19,1,-1,-1,-1
318,20678,377.17,163.78,59.70,148.18,1,-1,-1,-1
319,20678,377.13,163.78,59.54,148.17,1,-1,-1,-1
320,20678,377.05,163.79,59.39,148.15,1,-1,-1,-1
321,20678,385.57,171.64,59.01,146.84,1,-1,-1,-1
321,20731,445.40,183.15,56.73,150.36,1,-1,-1,-1
321,20741,280.00,212.00,26.00,78.00,1,-1,-1,-1
322,20678,388.67,174.63,58.94,146.33,1,-1,-1,-1
322,20731,446.17,183.93,56.28,150.18,1,-1,-1,-1
322,20741,280.00,212.00,26.00,78.00,1,-1,-1,-1
323,20678,389.70,175.74,58.98,146.13,1,-1,-1,-1
323,20731,446.59,184.20,55.96,150.13,1,-1,-1,-1
323,20741,280.00,212.00,26.00,78.00,1,-1,-1,-1
324,20678,389.96,176.14,59.05,146.06,1,-1,-1,-1
324,20731,446.72,184.28,55.71,150.11,1,-1,-1,-1
324,20741,280.00,212.00,26.00,78.00,1,-1,-1,-1
325,20678,389.93,176.27,59.13,146.03,1,-1,-1,-1
325,20731,446.74,184.29,55.51,150.09,1,-1,-1,-1
325,20741,280.00,212.00,26.00,78.00,1,-1,-1,-1
326,20678,389.81,176.30,59.22,146.02,1,-1,-1,-1
326,20731,446.70,184.28,55.33,150.08,1,-1,-1,-1
326,20741,280.00,212.00,26.00,78.00,1,-1,-1,-1
327,20678,389.65,176.29,59.29,146.01,1,-1,-1,-1
327,20731,446.65,184.26,55.18,150.07,1,-1,-1,-1
327,20741,280.00,212.00,26.00,78.00,1,-1,-1,-1
328,20678,389.50,176.27,59.36,146.01,1,-1,-1,-1
328,20731,446.60,184.23,55.06,150.07,1,-1,-1,-1
328,20741,280.00,212.00,26.00,78.00,1,-1,-1,-1
329,20678,398.28,178.86,55.95,132.94,1,-1,-1,-1
329,20731,462.06,177.68,59.21,160.51,1,-1,-1,-1
329,20741,280.00,212.00,26.00,78.00,1,-1,-1,-1
329,20742,14.00,142.00,74.00,176.00,1,-1,-1,-1
329,20743,232.00,200.00,44.00,122.00,1,-1,-1,-1
330,20678,401.15,179.84,55.47,127.86,1,-1,-1,-1
330,20731,467.69,175.24,60.92,164.39,1,-1,-1,-1
330,20742,14.00,142.00,74.00,176.00,1,-1,-1,-1
330,20743,232.00,200.00,44.00,122.00,1,-1,-1,-1
331,20678,401.66,180.17,56.18,126.10,1,-1,-1,-1
331,20731,469.74,174.29,61.73,165.89,1,-1,-1,-1
331,20742,14.00,142.00,74.00,176.00,1,-1,-1,-1
331,20743,232.00,200.00,44.00,122.00,1,-1,-1,-1
332,20678,401.38,180.27,57.24,125.50,1,-1,-1,-1
332,20731,470.36,173.93,62.16,166.43,1,-1,-1,-1
332,20742,14.00,142.00,74.00,176.00,1,-1,-1,-1
332,20743,232.00,200.00,44.00,122.00,1,-1,-1,-1
333,20678,400.83,180.29,58.36,125.34,1,-1,-1,-1
333,20731,470.44,173.81,62.42,166.59,1,-1,-1,-1
333,20742,14.00,142.00,74.00,176.00,1,-1,-1,-1
333,20743,232.00,200.00,44.00,122.00,1,-1,-1,-1
334,20678,400.23,180.27,59.44,125.32,1,-1,-1,-1
334,20731,470.33,173.78,62.61,166.62,1,-1,-1,-1
334,20742,14.00,142.00,74.00,176.00,1,-1,-1,-1
334,20743,232.00,200.00,44.00,122.00,1,-1,-1,-1
335,20678,399.65,180.25,60.44,125.36,1,-1,-1,-1
335,20731,470.16,173.78,62.76,166.59,1,-1,-1,-1
335,20742,14.00,142.00,74.00,176.00,1,-1,-1,-1
335,20743,232.00,200.00,44.00,122.00,1,-1,-1,-1
336,20678,399.11,180.23,61.35,125.42,1,-1,-1,-1
336,20731,469.98,173.79,62.89,166.55,1,-1,-1,-1
336,20742,14.00,142.00,74.00,176.00,1,-1,-1,-1
336,20743,232.00,200.00,44.00,122.00,1,-1,-1,-1
337,20678,397.22,176.25,61.02,126.79,1,-1,-1,-1
337,20731,469.67,181.60,58.05,153.52,1,-1,-1,-1
337,20742,14.00,142.00,74.00,176.00,1,-1,-1,-1
337,20743,232.00,200.00,44.00,122.00,1,-1,-1,-1
337,20744,194.00,172.00,56.00,166.00,1,-1,-1,-1
338,20678,396.74,174.76,60.37,127.33,1,-1,-1,-1
338,20731,469.41,184.67,56.19,148.38,1,-1,-1,-1
338,20744,194.00,172.00,56.00,166.00,1,-1,-1,-1
339,20678,396.76,174.20,59.66,127.56,1,-1,-1,-1
339,20731,469.24,185.76,55.56,146.54,1,-1,-1,-1
339,20744,194.00,172.00,56.00,166.00,1,-1,-1,-1
340,20678,396.96,173.99,58.96,127.66,1,-1,-1,-1
340,20731,469.12,186.14,55.38,145.89,1,-1,-1,-1
340,20744,194.00,172.00,56.00,166.00,1,-1,-1,-1
341,20678,397.21,173.92,58.32,127.72,1,-1,-1,-1
341,20731,469.00,186.26,55.35,145.68,1,-1,-1,-1
341,20744,194.00,172.00,56.00,166.00,1,-1,-1,-1
342,20678,397.45,173.90,57.72,127.76,1,-1,-1,-1
342,20731,468.90,186.29,55.38,145.63,1,-1,-1,-1
342,20744,194.00,172.00,56.00,166.00,1,-1,-1,-1
343,20678,397.69,173.90,57.18,127.78,1,-1,-1,-1
343,20731,468.81,186.28,55.43,145.63,1,-1,-1,-1
343,20744,194.00,172.00,56.00,166.00,1,-1,-1,-1
344,20678,397.90,173.90,56.69,127.81,1,-1,-1,-1
344,20731,468.73,186.25,55.48,145.66,1,-1,-1,-1
344,20744,194.00,172.00,56.00,166.00,1,-1,-1,-1
345,20678,400.77,175.22,56.14,126.52,1,-1,-1,-1
345,20731,471.91,182.29,59.54,152.25,1,-1,-1,-1
345,20743,241.51,205.80,32.72,89.13,1,-1,-1,-1
345,20744,194.00,172.00,56.00,166.00,1,-1,-1,-1
345,20745,132.00,134.00,84.00,260.00,1,-1,-1,-1
345,20746,276.00,208.00,30.00,84.00,1,-1,-1,-1
345,20747,56.00,146.00,88.00,232.00,1,-1,-1,-1
346,20678,401.84,175.72,55.94,126.04,1,-1,-1,-1
346,20731,472.63,180.81,61.93,154.71,1,-1,-1,-1
346,20743,241.70,206.05,32.66,87.70,1,-1,-1,-1
346,20745,132.00,134.00,84.00,260.00,1,-1,-1,-1
346,20746,276.00,208.00,30.00,84.00,1,-1,-1,-1
346,20747,56.00,146.00,88.00,232.00,1,-1,-1,-1
347,20678,403.40,177.22,53.50,120.63,1,-1,-1,-1
347,20731,474.19,185.42,60.21,147.89,1,-1,-1,-1
347,20743,241.46,206.14,33.28,88.57,1,-1,-1,-1
347,20745,121.88,117.49,93.73,290.02,1,-1,-1,-1
347,20747,35.95,133.99,99.57,263.53,1,-1,-1,-1
348,20678,403.97,177.79,52.57,118.59,1,-1,-1,-1
348,20731,474.50,187.22,60.03,145.22,1,-1,-1,-1
348,20743,241.28,206.17,33.66,88.93,1,-1,-1,-1
348,20745,118.49,111.98,97.00,300.03,1,-1,-1,-1
348,20747,29.47,129.99,103.04,274.03,1,-1,-1,-1
349,20678,404.16,178.00,52.22,117.87,1,-1,-1,-1
349,20731,474.34,187.88,60.43,144.24,1,-1,-1,-1
349,20743,241.13,206.16,33.95,89.13,1,-1,-1,-1
349,20745,117.45,110.31,98.03,303.07,1,-1,-1,-1
349,20747,27.69,128.75,103.66,277.27,1,-1,-1,-1
350,20678,404.22,178.07,52.09,117.63,1,-1,-1,-1
350,20731,474.03,188.11,61.02,143.89,1,-1,-1,-1
350,20743,241.00,206.14,34.18,89.27,1,-1,-1,-1
350,20745,117.24,110.01,98.26,303.62,1,-1,-1,-1
350,20747,27.64,128.53,103.22,277.87,1,-1,-1,-1
351,20678,404.22,178.09,52.05,117.57,1,-1,-1,-1
351,20731,473.68,188.18,61.63,143.78,1,-1,-1,-1
351,20743,240.89,206.13,34.38,89.37,1,-1,-1,-1
351,20745,117.28,110.12,98.25,303.41,1,-1,-1,-1
351,20747,28.12,128.61,102.44,277.66,1,-1,-1,-1
352,20678,404.21,178.09,52.03,117.58,1,-1,-1,-1
352,20731,473.35,188.20,62.22,143.75,1,-1,-1,-1
352,20743,240.80,206.11,34.55,89.45,1,-1,-1,-1
352,20745,117.38,110.33,98.18,303.03,1,-1,-1,-1
352,20747,28.74,128.76,101.58,277.26,1,-1,-1,-1
353,20678,392.68,176.77,57.95,130.75,1,-1,-1,-1
353,20731,463.22,190.81,61.42,141.14,1,-1,-1,-1
353,20741,201.66,194.09,37.41,109.84,1,-1,-1,-1
353,20743,241.10,206.30,34.21,88.55,1,-1,-1,-1
353,20745,115.71,107.61,99.79,307.99,1,-1,-1,-1
353,20747,-2.74,55.61,140.91,391.47,1,-1,-1,-1
353,20748,530.00,210.00,60.00,110.00,1,-1,-1,-1
354,20678,388.46,176.29,60.16,135.55,1,-1,-1,-1
354,20731,459.26,191.79,61.29,140.16,1,-1,-1,-1
354,20741,199.97,193.76,38.12,110.43,1,-1,-1,-1
354,20747,-12.79,30.22,152.50,431.27,1,-1,-1,-1
354,20748,530.00,210.00,60.00,110.00,1,-1,-1,-1
