1,15536,319.48,109.51,76.93,227.56,1,-1,-1,-1
1,15545,87.16,127.77,82.76,223.55,1,-1,-1,-1
1,15546,166.49,160.15,59.48,173.75,1,-1,-1,-1
1,15562,367.01,108.52,107.51,281.46,1,-1,-1,-1
1,15563,249.00,188.00,58.00,127.00,1,-1,-1,-1
1,15564,59.00,203.00,43.00,131.00,1,-1,-1,-1
1,15565,288.00,192.00,40.00,112.00,1,-1,-1,-1
2,15531,60.34,203.01,40.84,130.84,1,-1,-1,-1
2,15563,249.00,188.00,58.00,127.00,1,-1,-1,-1
2,15565,288.00,192.00,40.00,112.00,1,-1,-1,-1
3,15531,58.22,203.28,41.53,131.50,1,-1,-1,-1
3,15563,249.00,188.00,58.00,127.00,1,-1,-1,-1
3,15565,288.00,192.00,40.00,112.00,1,-1,-1,-1
4,15531,57.60,203.34,41.90,131.67,1,-1,-1,-1
4,15563,249.00,188.00,58.00,127.00,1,-1,-1,-1
4,15565,288.00,192.00,40.00,112.00,1,-1,-1,-1
5,15531,57.44,203.35,42.13,131.69,1,-1,-1,-1
5,15563,249.00,188.00,58.00,127.00,1,-1,-1,-1
5,15565,288.00,192.00,40.00,112.00,1,-1,-1,-1
6,15531,57.42,203.33,42.29,131.67,1,-1,-1,-1
6,15563,249.00,188.00,58.00,127.00,1,-1,-1,-1
6,15565,288.00,192.00,40.00,112.00,1,-1,-1,-1
7,15531,54.14,203.86,42.64,132.76,1,-1,-1,-1
7,15548,160.27,199.02,37.63,113.97,1,-1,-1,-1
7,15563,253.93,190.77,55.09,121.45,1,-1,-1,-1
7,15565,298.47,193.39,41.25,116.16,1,-1,-1,-1
7,15566,225.00,209.00,20.00,77.00,1,-1,-1,-1
8,15548,160.43,199.16,35.62,113.95,1,-1,-1,-1
8,15555,225.79,208.31,21.04,77.86,1,-1,-1,-1
8,15563,255.83,191.78,53.79,119.44,1,-1,-1,-1
8,15565,302.29,193.88,41.52,117.64,1,-1,-1,-1
9,15548,160.79,199.21,34.33,113.94,1,-1,-1,-1
9,15555,224.76,209.09,20.63,76.97,1,-1,-1,-1
9,15563,256.59,192.11,53.10,118.77,1,-1,-1,-1
9,15565,303.72,194.06,41.46,118.17,1,-1,-1,-1
10,15548,161.18,199.22,33.42,113.94,1,-1,-1,-1
10,15555,224.53,209.37,20.44,76.68,1,-1,-1,-1
10,15563,256.95,192.21,52.64,118.58,1,-1,-1,-1
10,15565,304.25,194.11,41.26,118.33,1,-1,-1,-1
11,15548,161.53,199.20,32.75,113.95,1,-1,-1,-1
11,15555,224.50,209.42,20.34,76.63,1,-1,-1,-1
11,15563,257.16,192.23,52.25,118.55,1,-1,-1,-1
11,15565,304.44,194.12,41.03,118.36,1,-1,-1,-1
12,15548,161.84,199.18,32.22,113.95,1,-1,-1,-1
12,15555,224.55,209.39,20.29,76.65,1,-1,-1,-1
12,15563,257.31,192.21,51.91,118.57,1,-1,-1,-1
12,15565,304.52,194.11,40.79,118.34,1,-1,-1,-1
13,15548,160.96,199.48,32.20,113.87,1,-1,-1,-1
13,15555,224.07,210.07,20.12,76.03,1,-1,-1,-1
13,15563,257.93,192.58,51.59,117.84,1,-1,-1,-1
13,15565,309.54,192.79,41.80,121.61,1,-1,-1,-1
14,15565,311.41,192.29,42.11,122.82,1,-1,-1,-1
15,15565,312.10,192.09,42.16,123.25,1,-1,-1,-1
16,15565,312.33,192.02,42.11,123.38,1,-1,-1,-1
17,15565,312.38,191.99,42.03,123.41,1,-1,-1,-1
18,15565,312.38,191.98,41.94,123.39,1,-1,-1,-1
19,15546,370.60,215.54,22.95,64.96,1,-1,-1,-1
19,15565,314.86,191.33,41.40,123.36,1,-1,-1,-1
19,15567,105.00,163.00,50.00,181.00,1,-1,-1,-1
20,15546,372.73,216.20,22.93,63.62,1,-1,-1,-1
20,15565,315.91,191.08,40.90,123.33,1,-1,-1,-1
20,15567,105.00,163.00,50.00,181.00,1,-1,-1,-1
21,15546,374.16,216.63,22.94,62.78,1,-1,-1,-1
21,15565,316.39,190.99,40.45,123.30,1,-1,-1,-1
21,15567,105.00,163.00,50.00,181.00,1,-1,-1,-1
22,15546,374.01,216.62,23.19,62.79,1,-1,-1,-1
22,15565,316.65,190.96,40.04,123.27,1,-1,-1,-1
22,15567,105.00,163.00,50.00,181.00,1,-1,-1,-1
23,15546,373.55,216.52,23.44,62.98,1,-1,-1,-1
23,15565,316.82,190.95,39.66,123.24,1,-1,-1,-1
23,15567,105.00,163.00,50.00,181.00,1,-1,-1,-1
24,15546,373.13,216.43,23.66,63.16,1,-1,-1,-1
24,15565,316.94,190.95,39.31,123.22,1,-1,-1,-1
24,15567,105.00,163.00,50.00,181.00,1,-1,-1,-1
25,15546,375.92,217.18,23.11,61.71,1,-1,-1,-1
25,15555,177.49,199.27,27.04,106.47,1,-1,-1,-1
25,15565,318.89,191.61,37.92,119.94,1,-1,-1,-1
25,15567,105.00,163.00,50.00,181.00,1,-1,-1,-1
25,15568,32.00,164.00,88.00,183.00,1,-1,-1,-1
26,15545,39.88,162.91,74.51,185.23,1,-1,-1,-1
26,15555,176.29,198.90,26.53,107.50,1,-1,-1,-1
26,15565,319.69,191.86,37.20,118.67,1,-1,-1,-1
27,15545,37.36,164.04,77.00,183.14,1,-1,-1,-1
27,15555,176.09,198.78,26.05,107.83,1,-1,-1,-1
27,15565,320.04,191.96,36.77,118.20,1,-1,-1,-1
28,15545,35.93,164.41,78.91,182.60,1,-1,-1,-1
28,15555,176.20,198.74,25.65,107.90,1,-1,-1,-1
28,15565,320.21,191.99,36.46,118.02,1,-1,-1,-1
29,15545,35.11,164.48,80.36,182.47,1,-1,-1,-1
29,15555,176.40,198.74,25.31,107.89,1,-1,-1,-1
29,15565,320.32,192.00,36.21,117.96,1,-1,-1,-1
30,15545,34.60,164.45,81.50,182.49,1,-1,-1,-1
30,15555,176.62,198.75,25.03,107.85,1,-1,-1,-1
30,15565,320.40,192.01,35.99,117.94,1,-1,-1,-1
31,15545,33.66,165.25,81.09,181.58,1,-1,-1,-1
31,15555,174.29,198.36,25.35,109.20,1,-1,-1,-1
31,15563,265.57,181.15,55.83,136.73,1,-1,-1,-1
31,15565,320.93,186.12,38.14,126.45,1,-1,-1,-1
31,15569,147.00,199.00,37.00,112.00,1,-1,-1,-1
32,15555,156.60,198.74,27.32,111.64,1,-1,-1,-1
32,15563,267.04,180.87,53.30,137.20,1,-1,-1,-1
32,15565,321.25,183.94,38.66,129.60,1,-1,-1,-1
33,15555,151.71,198.79,28.67,112.37,1,-1,-1,-1
33,15563,268.06,180.78,51.38,137.35,1,-1,-1,-1
33,15565,321.47,183.09,38.64,130.82,1,-1,-1,-1
34,15555,149.67,198.81,29.72,112.62,1,-1,-1,-1
34,15563,268.81,180.76,49.89,137.39,1,-1,-1,-1
34,15565,321.63,182.79,38.42,131.27,1,-1,-1,-1
35,15555,148.75,198.83,30.57,112.68,1,-1,-1,-1
35,15563,269.40,180.77,48.70,137.38,1,-1,-1,-1
35,15565,321.77,182.69,38.14,131.41,1,-1,-1,-1
36,15555,148.29,198.85,31.29,112.67,1,-1,-1,-1
36,15563,269.87,180.78,47.74,137.36,1,-1,-1,-1
36,15565,321.89,182.67,37.86,131.44,1,-1,-1,-1
37,15555,145.43,198.60,31.60,113.77,1,-1,-1,-1
37,15563,267.98,187.27,45.00,126.97,1,-1,-1,-1
37,15565,318.57,187.87,36.68,126.88,1,-1,-1,-1
37,15570,119.00,201.00,37.00,111.00,1,-1,-1,-1
38,15555,126.65,200.37,31.80,111.93,1,-1,-1,-1
38,15563,267.05,189.83,44.27,122.88,1,-1,-1,-1
38,15565,317.24,189.90,36.27,125.09,1,-1,-1,-1
39,15555,121.71,200.76,32.31,111.60,1,-1,-1,-1
39,15563,266.54,190.74,44.34,121.41,1,-1,-1,-1
39,15565,316.72,190.66,36.17,124.42,1,-1,-1,-1
40,15555,119.83,200.90,32.80,111.48,1,-1,-1,-1
40,15563,266.21,191.07,44.67,120.89,1,-1,-1,-1
40,15565,316.49,190.94,36.19,124.17,1,-1,-1,-1
41,15555,119.10,200.95,33.24,111.41,1,-1,-1,-1
41,15563,265.95,191.17,45.06,120.72,1,-1,-1,-1
41,15565,316.39,191.04,36.24,124.07,1,-1,-1,-1
42,15555,118.83,200.98,33.63,111.36,1,-1,-1,-1
42,15563,265.74,191.20,45.44,120.68,1,-1,-1,-1
42,15565,316.33,191.07,36.31,124.03,1,-1,-1,-1
43,15555,115.52,200.96,33.80,111.94,1,-1,-1,-1
43,15563,266.71,188.57,46.78,126.60,1,-1,-1,-1
43,15565,317.20,191.08,34.55,117.48,1,-1,-1,-1
43,15571,87.00,209.00,43.00,123.00,1,-1,-1,-1
44,15555,94.82,207.11,37.03,120.55,1,-1,-1,-1
44,15563,267.31,187.59,46.79,128.81,1,-1,-1,-1
44,15565,317.50,191.07,33.95,114.96,1,-1,-1,-1
45,15555,89.49,208.51,38.21,122.58,1,-1,-1,-1
45,15563,267.75,187.20,46.39,129.66,1,-1,-1,-1
45,15565,317.57,191.07,33.81,114.06,1,-1,-1,-1
46,15555,87.42,209.03,38.93,123.32,1,-1,-1,-1
46,15563,268.10,187.05,45.86,129.98,1,-1,-1,-1
46,15565,317.56,191.06,33.83,113.75,1,-1,-1,-1
47,15555,86.65,209.22,39.44,123.57,1,-1,-1,-1
47,15563,268.40,187.00,45.32,130.10,1,-1,-1,-1
47,15565,317.52,191.05,33.91,113.66,1,-1,-1,-1
48,15555,86.38,209.27,39.84,123.62,1,-1,-1,-1
48,15563,268.66,186.98,44.82,130.13,1,-1,-1,-1
48,15565,317.48,191.05,34.00,113.65,1,-1,-1,-1
49,15545,150.12,161.13,52.05,127.26,1,-1,-1,-1
49,15555,82.47,209.77,40.20,124.73,1,-1,-1,-1
49,15563,270.49,186.32,43.09,127.53,1,-1,-1,-1
49,15565,317.20,192.36,35.21,116.96,1,-1,-1,-1
50,15545,153.54,161.01,48.79,126.41,1,-1,-1,-1
50,15563,271.40,186.07,42.02,126.53,1,-1,-1,-1
50,15565,317.04,192.85,35.79,118.20,1,-1,-1,-1
51,15545,155.36,160.97,46.67,126.01,1,-1,-1,-1
51,15563,271.92,185.98,41.23,126.15,1,-1,-1,-1
51,15565,316.92,193.03,36.13,118.69,1,-1,-1,-1
52,15545,156.21,160.96,45.22,125.96,1,-1,-1,-1
52,15563,272.29,185.95,40.59,126.02,1,-1,-1,-1
52,15565,316.82,193.09,36.35,118.88,1,-1,-1,-1
53,15545,156.62,160.96,44.15,126.03,1,-1,-1,-1
53,15563,272.57,185.95,40.04,125.97,1,-1,-1,-1
53,15565,316.74,193.10,36.53,118.95,1,-1,-1,-1
54,15545,156.86,160.97,43.32,126.13,1,-1,-1,-1
54,15563,272.82,185.95,39.55,125.95,1,-1,-1,-1
54,15565,316.67,193.10,36.68,118.98,1,-1,-1,-1
55,15545,159.66,160.91,42.82,124.69,1,-1,-1,-1
55,15563,279.99,187.91,38.91,122.68,1,-1,-1,-1
55,15565,312.59,189.18,38.97,126.82,1,-1,-1,-1
56,15563,282.62,188.66,38.86,121.44,1,-1,-1,-1
56,15565,311.11,187.72,39.74,129.73,1,-1,-1,-1
57,15563,283.48,188.94,39.03,120.99,1,-1,-1,-1
57,15565,310.57,187.15,39.98,130.86,1,-1,-1,-1
58,15563,283.69,189.04,39.27,120.84,1,-1,-1,-1
58,15565,310.40,186.94,40.01,131.27,1,-1,-1,-1
59,15563,283.66,189.07,39.51,120.79,1,-1,-1,-1
59,15565,310.38,186.87,39.96,131.40,1,-1,-1,-1
60,15563,283.55,189.08,39.74,120.79,1,-1,-1,-1
60,15565,310.40,186.85,39.89,131.42,1,-1,-1,-1
61,15563,282.38,193.01,39.42,117.53,1,-1,-1,-1
61,15565,313.72,190.09,39.10,127.52,1,-1,-1,-1
61,15572,3.00,33.00,99.00,428.00,1,-1,-1,-1
62,15563,281.71,194.49,39.69,116.30,1,-1,-1,-1
62,15565,314.91,191.35,38.98,125.99,1,-1,-1,-1
62,15572,3.00,33.00,99.00,428.00,1,-1,-1,-1
63,15563,281.26,195.03,40.15,115.87,1,-1,-1,-1
63,15565,315.27,191.82,39.12,125.40,1,-1,-1,-1
63,15572,3.00,33.00,99.00,428.00,1,-1,-1,-1
64,15563,280.91,195.21,40.65,115.73,1,-1,-1,-1
64,15565,315.32,191.99,39.33,125.18,1,-1,-1,-1
64,15572,3.00,33.00,99.00,428.00,1,-1,-1,-1
65,15563,280.62,195.26,41.14,115.70,1,-1,-1,-1
65,15565,315.26,192.05,39.57,125.09,1,-1,-1,-1
65,15572,3.00,33.00,99.00,428.00,1,-1,-1,-1
66,15563,280.37,195.26,41.59,115.70,1,-1,-1,-1
66,15565,315.16,192.07,39.79,125.06,1,-1,-1,-1
66,15572,3.00,33.00,99.00,428.00,1,-1,-1,-1
67,15545,127.58,213.17,21.15,60.73,1,-1,-1,-1
67,15563,280.72,195.71,41.41,115.20,1,-1,-1,-1
67,15565,318.61,190.77,40.08,125.69,1,-1,-1,-1
67,15572,3.00,33.00,99.00,428.00,1,-1,-1,-1
68,15545,126.43,214.35,20.91,59.47,1,-1,-1,-1
68,15565,319.89,190.27,40.23,125.93,1,-1,-1,-1
69,15545,126.07,214.88,20.81,58.80,1,-1,-1,-1
69,15565,320.34,190.08,40.33,126.02,1,-1,-1,-1
70,15545,125.97,214.93,20.90,58.75,1,-1,-1,-1
70,15565,320.48,190.01,40.41,126.05,1,-1,-1,-1
71,15545,125.95,214.84,21.03,58.87,1,-1,-1,-1
71,15565,320.50,189.98,40.47,126.06,1,-1,-1,-1
72,15545,125.96,214.73,21.16,59.03,1,-1,-1,-1
72,15565,320.48,189.98,40.52,126.06,1,-1,-1,-1
73,15545,128.04,218.06,19.86,54.36,1,-1,-1,-1
73,15563,287.70,190.50,45.66,124.24,1,-1,-1,-1
73,15565,327.29,186.06,43.17,136.50,1,-1,-1,-1
74,15545,128.77,219.19,19.58,52.77,1,-1,-1,-1
74,15563,287.77,190.13,46.69,124.87,1,-1,-1,-1
74,15565,330.02,184.61,43.75,140.36,1,-1,-1,-1
75,15545,128.94,219.52,19.66,52.30,1,-1,-1,-1
75,15563,287.60,189.99,47.43,125.09,1,-1,-1,-1
75,15565,331.25,184.05,43.62,141.86,1,-1,-1,-1
76,15545,128.93,219.59,19.84,52.20,1,-1,-1,-1
76,15563,287.37,189.95,48.00,125.17,1,-1,-1,-1
76,15565,331.84,183.84,43.25,142.41,1,-1,-1,-1
77,15545,128.86,219.56,20.05,52.23,1,-1,-1,-1
77,15563,287.14,189.93,48.47,125.18,1,-1,-1,-1
77,15565,332.18,183.78,42.81,142.58,1,-1,-1,-1
78,15545,128.79,219.52,20.24,52.30,1,-1,-1,-1
78,15563,286.92,189.93,48.87,125.18,1,-1,-1,-1
78,15565,332.41,183.77,42.37,142.61,1,-1,-1,-1
79,15545,129.38,218.12,20.42,52.37,1,-1,-1,-1
79,15563,291.53,191.89,46.74,121.27,1,-1,-1,-1
79,15565,340.51,188.31,40.36,135.47,1,-1,-1,-1
79,15573,244.00,226.00,25.00,52.00,1,-1,-1,-1
80,15545,129.56,217.58,20.58,52.43,1,-1,-1,-1
80,15563,293.41,192.64,45.64,119.75,1,-1,-1,-1
80,15565,343.58,190.09,39.61,132.65,1,-1,-1,-1
80,15573,244.00,226.00,25.00,52.00,1,-1,-1,-1
81,15545,129.58,217.36,20.72,52.49,1,-1,-1,-1
81,15563,294.22,192.92,44.98,119.19,1,-1,-1,-1
81,15565,344.65,190.74,39.38,131.60,1,-1,-1,-1
81,15573,244.00,226.00,25.00,52.00,1,-1,-1,-1
82,15545,129.56,217.27,20.85,52.55,1,-1,-1,-1
82,15563,294.61,193.02,44.51,118.99,1,-1,-1,-1
82,15565,344.98,190.98,39.34,131.20,1,-1,-1,-1
82,15573,244.00,226.00,25.00,52.00,1,-1,-1,-1
83,15545,129.51,217.22,20.96,52.59,1,-1,-1,-1
83,15563,294.83,193.05,44.13,118.92,1,-1,-1,-1
83,15565,345.04,191.06,39.36,131.06,1,-1,-1,-1
83,15573,244.00,226.00,25.00,52.00,1,-1,-1,-1
84,15545,129.47,217.18,21.06,52.64,1,-1,-1,-1
84,15563,294.97,193.06,43.81,118.90,1,-1,-1,-1
84,15565,344.99,191.09,39.41,131.00,1,-1,-1,-1
84,15573,244.00,226.00,25.00,52.00,1,-1,-1,-1
85,15545,127.94,217.16,22.15,55.31,1,-1,-1,-1
85,15563,296.93,188.48,49.00,132.64,1,-1,-1,-1
85,15565,355.21,209.42,33.93,112.00,1,-1,-1,-1
85,15572,413.29,197.82,28.07,112.25,1,-1,-1,-1
85,15573,244.00,226.00,25.00,52.00,1,-1,-1,-1
85,15574,223.00,229.00,23.00,53.00,1,-1,-1,-1
85,15575,183.00,223.00,17.00,57.00,1,-1,-1,-1
86,15545,127.37,217.15,22.56,56.30,1,-1,-1,-1
86,15563,297.61,186.80,50.98,137.67,1,-1,-1,-1
86,15565,359.10,216.66,31.86,104.48,1,-1,-1,-1
86,15572,416.19,199.26,28.82,109.50,1,-1,-1,-1
86,15574,223.00,229.00,23.00,53.00,1,-1,-1,-1
86,15575,183.00,223.00,17.00,57.00,1,-1,-1,-1
87,15545,127.14,217.14,22.74,56.70,1,-1,-1,-1
87,15563,297.82,186.14,51.84,139.67,1,-1,-1,-1
87,15565,360.30,219.04,31.29,102.01,1,-1,-1,-1
87,15572,418.34,200.32,29.33,107.47,1,-1,-1,-1
87,15574,223.00,229.00,23.00,53.00,1,-1,-1,-1
87,15575,183.00,223.00,17.00,57.00,1,-1,-1,-1
88,15545,127.05,217.12,22.81,56.85,1,-1,-1,-1
88,15563,297.85,185.89,52.21,140.41,1,-1,-1,-1
88,15565,360.60,219.80,31.21,101.22,1,-1,-1,-1
88,15572,417.54,200.17,30.23,107.76,1,-1,-1,-1
88,15574,223.00,229.00,23.00,53.00,1,-1,-1,-1
88,15575,183.00,223.00,17.00,57.00,1,-1,-1,-1
89,15545,127.02,217.11,22.85,56.92,1,-1,-1,-1
89,15563,297.81,185.80,52.39,140.65,1,-1,-1,-1
89,15565,360.60,219.99,31.29,101.02,1,-1,-1,-1
89,15572,416.57,199.92,31.03,108.25,1,-1,-1,-1
89,15574,223.00,229.00,23.00,53.00,1,-1,-1,-1
89,15575,183.00,223.00,17.00,57.00,1,-1,-1,-1
90,15545,127.01,217.10,22.87,56.94,1,-1,-1,-1
90,15563,297.75,185.79,52.49,140.70,1,-1,-1,-1
90,15565,360.49,219.98,31.42,101.02,1,-1,-1,-1
90,15572,415.79,199.72,31.68,108.63,1,-1,-1,-1
90,15574,223.00,229.00,23.00,53.00,1,-1,-1,-1
90,15575,183.00,223.00,17.00,57.00,1,-1,-1,-1
91,15545,126.92,217.26,22.84,56.87,1,-1,-1,-1
91,15563,298.38,184.50,51.83,136.81,1,-1,-1,-1
91,15565,361.42,193.88,40.80,130.45,1,-1,-1,-1
91,15572,416.47,193.22,34.62,117.37,1,-1,-1,-1
91,15574,223.00,229.00,23.00,53.00,1,-1,-1,-1
91,15575,183.00,223.00,17.00,57.00,1,-1,-1,-1
92,15563,298.40,184.02,51.94,135.25,1,-1,-1,-1
92,15565,361.74,184.98,44.16,140.51,1,-1,-1,-1
92,15572,416.55,190.97,35.85,120.41,1,-1,-1,-1
93,15563,298.21,183.85,52.34,134.65,1,-1,-1,-1
93,15565,361.73,181.14,45.72,144.83,1,-1,-1,-1
93,15572,416.37,190.12,36.49,121.59,1,-1,-1,-1
94,15563,297.96,183.80,52.81,134.40,1,-1,-1,-1
94,15565,361.62,179.64,46.43,146.51,1,-1,-1,-1
94,15572,416.13,189.82,36.88,122.02,1,-1,-1,-1
95,15563,297.69,183.79,53.28,134.30,1,-1,-1,-1
95,15565,361.49,179.12,46.78,147.09,1,-1,-1,-1
95,15572,415.90,189.74,37.14,122.16,1,-1,-1,-1
96,15563,297.44,183.80,53.72,134.24,1,-1,-1,-1
96,15565,361.37,178.97,46.98,147.25,1,-1,-1,-1
96,15572,415.69,189.73,37.35,122.20,1,-1,-1,-1
97,15545,120.87,209.59,21.13,51.35,1,-1,-1,-1
97,15563,304.80,178.60,54.60,136.16,1,-1,-1,-1
97,15565,365.79,177.69,45.07,141.48,1,-1,-1,-1
97,15572,417.04,189.24,37.47,122.58,1,-1,-1,-1
98,15545,120.28,209.04,21.38,50.98,1,-1,-1,-1
98,15563,307.54,176.64,54.99,136.88,1,-1,-1,-1
98,15565,367.49,177.27,44.26,139.13,1,-1,-1,-1
99,15545,119.99,208.87,21.65,50.85,1,-1,-1,-1
99,15563,308.53,175.92,55.19,137.14,1,-1,-1,-1
99,15565,368.11,177.15,43.91,138.21,1,-1,-1,-1
100,15545,119.82,208.81,21.91,50.82,1,-1,-1,-1
100,15563,308.84,175.67,55.31,137.22,1,-1,-1,-1
100,15565,368.33,177.16,43.74,137.82,1,-1,-1,-1
101,15545,119.70,208.81,22.14,50.82,1,-1,-1,-1
101,15563,308.90,175.60,55.39,137.24,1,-1,-1,-1
101,15565,368.38,177.21,43.63,137.64,1,-1,-1,-1
102,15545,119.62,208.82,22.34,50.83,1,-1,-1,-1
102,15563,308.87,175.60,55.45,137.23,1,-1,-1,-1
102,15565,368.38,177.27,43.56,137.54,1,-1,-1,-1
103,15545,119.32,208.51,22.21,50.54,1,-1,-1,-1
103,15563,310.05,176.93,49.12,119.62,1,-1,-1,-1
103,15565,370.66,179.29,37.59,116.00,1,-1,-1,-1
104,15563,310.28,177.51,46.91,112.62,1,-1,-1,-1
104,15565,371.33,180.21,35.49,107.29,1,-1,-1,-1
105,15563,310.16,177.72,46.52,110.26,1,-1,-1,-1
105,15565,371.34,180.54,35.17,104.41,1,-1,-1,-1
106,15563,309.93,177.80,46.72,109.48,1,-1,-1,-1
106,15565,371.14,180.67,35.42,103.47,1,-1,-1,-1
107,15563,309.68,177.85,47.10,109.25,1,-1,-1,-1
107,15565,370.89,180.73,35.83,103.20,1,-1,-1,-1
108,15563,309.43,177.87,47.52,109.23,1,-1,-1,-1
108,15565,370.63,180.77,36.28,103.16,1,-1,-1,-1
109,15563,297.17,185.86,50.07,115.25,1,-1,-1,-1
109,15565,359.17,179.47,43.79,123.89,1,-1,-1,-1
109,15574,159.98,197.23,40.82,95.70,1,-1,-1,-1
110,15563,292.70,188.78,50.97,117.47,1,-1,-1,-1
110,15565,355.09,179.00,46.57,131.14,1,-1,-1,-1
110,15574,158.65,196.43,40.77,96.76,1,-1,-1,-1
111,15563,291.02,189.89,51.30,118.35,1,-1,-1,-1
111,15565,353.34,178.82,47.83,134.14,1,-1,-1,-1
111,15574,158.38,196.20,40.52,97.07,1,-1,-1,-1
112,15563,290.43,190.28,51.39,118.70,1,-1,-1,-1
112,15565,352.63,178.77,48.42,135.29,1,-1,-1,-1
112,15574,158.44,196.16,40.25,97.13,1,-1,-1,-1
113,15563,290.26,190.40,51.41,118.84,1,-1,-1,-1
113,15565,352.33,178.77,48.72,135.69,1,-1,-1,-1
113,15574,158.59,196.17,40.01,97.11,1,-1,-1,-1
114,15563,290.24,190.42,51.39,118.90,1,-1,-1,-1
114,15565,352.21,178.78,48.91,135.79,1,-1,-1,-1
114,15574,158.76,196.21,39.79,97.06,1,-1,-1,-1
115,15563,292.76,183.22,56.19,132.63,1,-1,-1,-1
115,15565,351.59,176.22,48.87,137.72,1,-1,-1,-1
115,15574,161.94,196.90,41.86,103.35,1,-1,-1,-1
115,15576,130.00,186.00,51.00,118.00,1,-1,-1,-1
115,15577,65.00,192.00,38.00,107.00,1,-1,-1,-1
115,15578,241.00,199.00,31.00,95.00,1,-1,-1,-1
116,15563,294.02,180.59,57.27,137.67,1,-1,-1,-1
116,15565,351.57,175.25,48.45,138.42,1,-1,-1,-1
116,15574,163.29,197.16,42.39,105.74,1,-1,-1,-1
116,15576,130.00,186.00,51.00,118.00,1,-1,-1,-1
116,15577,65.00,192.00,38.00,107.00,1,-1,-1,-1
116,15578,241.00,199.00,31.00,95.00,1,-1,-1,-1
117,15563,294.84,179.51,57.13,139.67,1,-1,-1,-1
117,15565,351.76,174.89,47.93,138.65,1,-1,-1,-1
117,15574,164.01,197.31,42.36,106.64,1,-1,-1,-1
117,15576,130.00,186.00,51.00,118.00,1,-1,-1,-1
117,15577,65.00,192.00,38.00,107.00,1,-1,-1,-1
117,15578,241.00,199.00,31.00,95.00,1,-1,-1,-1
118,15563,295.43,179.10,56.55,140.41,1,-1,-1,-1
118,15565,352.01,174.77,47.40,138.69,1,-1,-1,-1
118,15574,164.45,197.39,42.14,106.93,1,-1,-1,-1
118,15576,130.00,186.00,51.00,118.00,1,-1,-1,-1
118,15577,65.00,192.00,38.00,107.00,1,-1,-1,-1
118,15578,241.00,199.00,31.00,95.00,1,-1,-1,-1
119,15563,295.91,178.94,55.84,140.65,1,-1,-1,-1
119,15565,352.28,174.74,46.90,138.67,1,-1,-1,-1
119,15574,164.75,197.46,41.87,106.99,1,-1,-1,-1
119,15576,130.00,186.00,51.00,118.00,1,-1,-1,-1
119,15577,65.00,192.00,38.00,107.00,1,-1,-1,-1
119,15578,241.00,199.00,31.00,95.00,1,-1,-1,-1
120,15563,296.32,178.89,55.14,140.71,1,-1,-1,-1
120,15565,352.53,174.74,46.44,138.62,1,-1,-1,-1
120,15574,164.98,197.51,41.61,106.97,1,-1,-1,-1
120,15576,130.00,186.00,51.00,118.00,1,-1,-1,-1
120,15577,65.00,192.00,38.00,107.00,1,-1,-1,-1
120,15578,241.00,199.00,31.00,95.00,1,-1,-1,-1
121,15563,289.49,181.46,54.64,140.04,1,-1,-1,-1
121,15565,343.49,181.24,45.75,136.63,1,-1,-1,-1
121,15574,163.60,196.74,42.21,108.53,1,-1,-1,-1
121,15576,137.52,206.11,47.06,111.06,1,-1,-1,-1
121,15577,65.00,192.00,38.00,107.00,1,-1,-1,-1
121,15578,241.00,199.00,31.00,95.00,1,-1,-1,-1
121,15579,92.00,187.00,49.00,141.00,1,-1,-1,-1
121,15580,223.00,197.00,31.00,119.00,1,-1,-1,-1
121,15581,14.00,188.00,45.00,139.00,1,-1,-1,-1
122,15563,286.95,182.45,54.31,139.75,1,-1,-1,-1
122,15565,340.05,183.75,45.46,135.83,1,-1,-1,-1
122,15576,140.55,213.44,45.03,108.54,1,-1,-1,-1
122,15579,92.00,187.00,49.00,141.00,1,-1,-1,-1
122,15580,223.00,197.00,31.00,119.00,1,-1,-1,-1
122,15581,14.00,188.00,45.00,139.00,1,-1,-1,-1
123,15563,286.06,182.83,54.06,139.61,1,-1,-1,-1
123,15565,338.80,184.69,45.33,135.50,1,-1,-1,-1
123,15576,141.86,215.83,43.74,107.71,1,-1,-1,-1
123,15578,222.12,197.25,37.27,115.99,1,-1,-1,-1
123,15579,92.00,187.00,49.00,141.00,1,-1,-1,-1
123,15581,14.00,188.00,45.00,139.00,1,-1,-1,-1
124,15563,285.80,182.97,53.86,139.52,1,-1,-1,-1
124,15565,338.37,185.03,45.27,135.36,1,-1,-1,-1
124,15576,142.57,216.52,42.71,107.48,1,-1,-1,-1
124,15578,219.71,197.00,37.65,118.95,1,-1,-1,-1
124,15579,92.00,187.00,49.00,141.00,1,-1,-1,-1
124,15581,14.00,188.00,45.00,139.00,1,-1,-1,-1
125,15563,285.78,183.02,53.68,139.46,1,-1,-1,-1
125,15565,338.26,185.15,45.23,135.29,1,-1,-1,-1
125,15576,143.06,216.62,41.78,107.44,1,-1,-1,-1
125,15578,219.02,196.92,37.43,120.02,1,-1,-1,-1
125,15579,92.00,187.00,49.00,141.00,1,-1,-1,-1
125,15581,14.00,188.00,45.00,139.00,1,-1,-1,-1
126,15563,285.85,183.04,53.51,139.42,1,-1,-1,-1
126,15565,338.27,185.18,45.21,135.25,1,-1,-1,-1
126,15576,143.46,216.53,40.92,107.47,1,-1,-1,-1
126,15578,219.00,196.89,37.01,120.33,1,-1,-1,-1
126,15579,92.00,187.00,49.00,141.00,1,-1,-1,-1
126,15581,14.00,188.00,45.00,139.00,1,-1,-1,-1
127,15563,285.03,183.12,53.77,140.08,1,-1,-1,-1
127,15565,319.77,181.92,45.74,138.48,1,-1,-1,-1
127,15576,144.36,219.16,40.57,106.56,1,-1,-1,-1
127,15578,216.74,196.68,37.78,122.83,1,-1,-1,-1
127,15579,87.07,203.65,44.99,129.90,1,-1,-1,-1
127,15581,14.00,188.00,45.00,139.00,1,-1,-1,-1
127,15582,186.00,193.00,34.00,131.00,1,-1,-1,-1
127,15583,254.00,177.00,50.00,146.00,1,-1,-1,-1
128,15563,259.07,178.45,54.95,144.77,1,-1,-1,-1
128,15565,312.98,180.69,45.64,139.69,1,-1,-1,-1
128,15579,85.31,209.74,43.44,125.84,1,-1,-1,-1
128,15582,186.00,193.00,34.00,131.00,1,-1,-1,-1
129,15563,253.22,177.39,54.84,145.92,1,-1,-1,-1
129,15565,310.59,180.21,45.33,140.13,1,-1,-1,-1
129,15578,188.45,193.59,39.48,130.43,1,-1,-1,-1
129,15579,84.79,211.69,42.84,124.54,1,-1,-1,-1
130,15563,251.26,177.00,54.50,146.33,1,-1,-1,-1
130,15565,309.89,180.03,44.97,140.28,1,-1,-1,-1
130,15578,183.84,193.06,39.30,131.73,1,-1,-1,-1
130,15579,84.70,212.24,42.57,124.17,1,-1,-1,-1
131,15563,250.73,176.87,54.11,146.45,1,-1,-1,-1
131,15565,309.82,179.97,44.61,140.32,1,-1,-1,-1
131,15578,182.35,192.87,38.92,132.19,1,-1,-1,-1
131,15579,84.75,212.32,42.41,124.12,1,-1,-1,-1
132,15563,250.74,176.83,53.72,146.47,1,-1,-1,-1
132,15565,309.99,179.95,44.28,140.31,1,-1,-1,-1
132,15578,182.02,192.81,38.49,132.29,1,-1,-1,-1
132,15579,84.84,212.24,42.29,124.17,1,-1,-1,-1
133,15563,251.03,176.17,53.17,146.45,1,-1,-1,-1
133,15565,307.24,179.29,43.42,138.99,1,-1,-1,-1
133,15578,178.29,192.42,39.15,134.54,1,-1,-1,-1
133,15579,84.19,214.39,41.81,122.74,1,-1,-1,-1
134,15563,251.36,175.94,52.67,146.42,1,-1,-1,-1
134,15565,306.39,179.04,42.87,138.47,1,-1,-1,-1
135,15563,251.70,175.86,52.21,146.38,1,-1,-1,-1
135,15565,306.24,178.96,42.45,138.26,1,-1,-1,-1
136,15563,252.00,175.84,51.81,146.35,1,-1,-1,-1
136,15565,306.35,178.93,42.10,138.17,1,-1,-1,-1
137,15563,252.29,175.84,51.44,146.32,1,-1,-1,-1
137,15565,306.55,178.92,41.80,138.13,1,-1,-1,-1
138,15563,252.55,175.85,51.11,146.29,1,-1,-1,-1
138,15565,306.76,178.93,41.53,138.11,1,-1,-1,-1
139,15563,249.57,171.95,52.67,152.78,1,-1,-1,-1
139,15565,306.46,176.97,42.30,142.01,1,-1,-1,-1
139,15578,141.59,176.17,57.96,189.52,1,-1,-1,-1
140,15563,248.68,170.50,52.85,155.20,1,-1,-1,-1
140,15565,306.49,176.24,42.36,143.48,1,-1,-1,-1
140,15578,138.01,174.96,61.48,193.55,1,-1,-1,-1
141,15563,248.56,169.95,52.58,156.11,1,-1,-1,-1
141,15565,306.65,175.97,42.19,144.02,1,-1,-1,-1
141,15578,136.22,174.50,63.82,195.04,1,-1,-1,-1
142,15563,248.72,169.76,52.15,156.43,1,-1,-1,-1
142,15565,306.85,175.88,41.94,144.21,1,-1,-1,-1
142,15578,135.23,174.36,65.52,195.49,1,-1,-1,-1
143,15563,248.96,169.70,51.70,156.52,1,-1,-1,-1
143,15565,307.04,175.85,41.68,144.27,1,-1,-1,-1
143,15578,134.60,174.34,66.85,195.54,1,-1,-1,-1
144,15563,249.23,169.70,51.26,156.52,1,-1,-1,-1
144,15565,307.22,175.85,41.43,144.27,1,-1,-1,-1
144,15578,134.16,174.36,67.95,195.45,1,-1,-1,-1
145,15563,251.37,176.86,47.73,144.16,1,-1,-1,-1
145,15565,308.76,184.32,39.12,134.50,1,-1,-1,-1
145,15578,130.54,173.33,69.30,199.34,1,-1,-1,-1
146,15563,252.16,179.68,46.56,139.27,1,-1,-1,-1
146,15565,309.30,187.62,38.44,130.68,1,-1,-1,-1
147,15563,252.35,180.69,46.38,137.53,1,-1,-1,-1
147,15565,309.40,188.79,38.42,129.31,1,-1,-1,-1
148,15563,252.34,181.05,46.53,136.91,1,-1,-1,-1
148,15565,309.35,189.20,38.63,128.83,1,-1,-1,-1
149,15563,252.25,181.17,46.79,136.71,1,-1,-1,-1
149,15565,309.25,189.33,38.90,128.68,1,-1,-1,-1
150,15563,252.15,181.20,47.07,136.66,1,-1,-1,-1
150,15565,309.14,189.35,39.17,128.65,1,-1,-1,-1
151,15563,252.79,177.90,47.82,138.64,1,-1,-1,-1
151,15565,306.58,178.16,43.04,143.13,1,-1,-1,-1
152,15563,253.03,176.66,48.15,139.39,1,-1,-1,-1
152,15565,305.81,174.08,44.12,148.40,1,-1,-1,-1
153,15563,253.11,176.19,48.31,139.69,1,-1,-1,-1
153,15565,305.65,172.45,44.28,150.50,1,-1,-1,-1
154,15563,253.13,176.02,48.41,139.82,1,-1,-1,-1
154,15565,305.74,171.84,44.09,151.28,1,-1,-1,-1
155,15563,253.13,175.96,48.48,139.87,1,-1,-1,-1
155,15565,305.90,171.63,43.78,151.54,1,-1,-1,-1
156,15563,253.12,175.94,48.53,139.90,1,-1,-1,-1
156,15565,306.08,171.58,43.45,151.61,1,-1,-1,-1
157,15563,255.47,179.86,47.13,136.64,1,-1,-1,-1
157,15565,305.04,172.23,46.20,160.65,1,-1,-1,-1
158,15563,256.44,181.35,46.46,135.41,1,-1,-1,-1
158,15565,304.61,172.48,47.32,164.04,1,-1,-1,-1
159,15563,256.86,181.90,46.09,134.97,1,-1,-1,-1
159,15565,304.42,172.61,47.83,165.32,1,-1,-1,-1
160,15563,257.07,182.09,45.83,134.82,1,-1,-1,-1
160,15565,304.33,172.67,48.08,165.77,1,-1,-1,-1
161,15563,257.20,182.16,45.64,134.78,1,-1,-1,-1
161,15565,304.27,172.71,48.22,165.88,1,-1,-1,-1
162,15563,257.29,182.17,45.48,134.78,1,-1,-1,-1
162,15565,304.24,172.74,48.31,165.87,1,-1,-1,-1
163,15563,254.54,172.33,50.33,147.89,1,-1,-1,-1
163,15565,310.24,176.65,44.09,151.60,1,-1,-1,-1
164,15563,253.40,168.73,52.36,152.70,1,-1,-1,-1
164,15565,312.64,178.21,42.37,145.90,1,-1,-1,-1
165,15563,252.85,167.30,53.38,154.60,1,-1,-1,-1
165,15565,313.51,178.77,41.73,143.85,1,-1,-1,-1
166,15563,252.54,166.77,53.96,155.31,1,-1,-1,-1
166,15565,313.83,178.97,41.47,143.11,1,-1,-1,-1
167,15563,252.34,166.60,54.34,155.54,1,-1,-1,-1
167,15565,313.95,179.04,41.35,142.85,1,-1,-1,-1
168,15563,252.19,166.56,54.63,155.59,1,-1,-1,-1
168,15565,313.99,179.06,41.29,142.78,1,-1,-1,-1
169,15563,258.02,171.74,53.33,153.64,1,-1,-1,-1
169,15565,314.31,179.19,41.15,142.31,1,-1,-1,-1
169,15584,24.00,227.00,29.00,51.00,1,-1,-1,-1
169,15585,170.00,194.00,37.00,110.00,1,-1,-1,-1
170,15563,260.41,173.76,52.50,152.85,1,-1,-1,-1
170,15584,24.00,227.00,29.00,51.00,1,-1,-1,-1
170,15585,170.00,194.00,37.00,110.00,1,-1,-1,-1
171,15563,261.45,174.53,51.89,152.53,1,-1,-1,-1
171,15584,24.00,227.00,29.00,51.00,1,-1,-1,-1
171,15585,170.00,194.00,37.00,110.00,1,-1,-1,-1
172,15563,261.97,174.83,51.39,152.39,1,-1,-1,-1
172,15584,24.00,227.00,29.00,51.00,1,-1,-1,-1
172,15585,170.00,194.00,37.00,110.00,1,-1,-1,-1
173,15563,262.27,174.94,50.96,152.32,1,-1,-1,-1
173,15584,24.00,227.00,29.00,51.00,1,-1,-1,-1
173,15585,170.00,194.00,37.00,110.00,1,-1,-1,-1
174,15563,262.47,174.98,50.58,152.28,1,-1,-1,-1
174,15584,24.00,227.00,29.00,51.00,1,-1,-1,-1
174,15585,170.00,194.00,37.00,110.00,1,-1,-1,-1
175,15563,257.33,159.36,58.23,175.70,1,-1,-1,-1
175,15565,312.94,167.76,45.23,157.86,1,-1,-1,-1
175,15584,24.00,227.00,29.00,51.00,1,-1,-1,-1
175,15585,161.32,187.76,41.17,120.40,1,-1,-1,-1
176,15563,255.51,153.67,60.94,184.24,1,-1,-1,-1
176,15565,312.99,167.00,45.19,158.91,1,-1,-1,-1
176,15585,158.02,185.56,43.14,124.07,1,-1,-1,-1
177,15563,254.79,151.36,61.97,187.69,1,-1,-1,-1
177,15565,313.08,166.73,45.02,159.29,1,-1,-1,-1
177,15585,156.57,184.75,44.34,125.41,1,-1,-1,-1
178,15563,254.53,150.49,62.28,188.97,1,-1,-1,-1
178,15565,313.18,166.64,44.82,159.41,1,-1,-1,-1
178,15585,155.86,184.50,45.22,125.84,1,-1,-1,-1
179,15563,254.47,150.21,62.33,189.38,1,-1,-1,-1
179,15565,313.27,166.63,44.63,159.42,1,-1,-1,-1
179,15585,155.44,184.44,45.95,125.93,1,-1,-1,-1
180,15563,254.48,150.14,62.27,189.46,1,-1,-1,-1
180,15565,313.35,166.65,44.46,159.41,1,-1,-1,-1
180,15585,155.13,184.46,46.62,125.89,1,-1,-1,-1
181,15563,254.23,148.67,63.08,191.95,1,-1,-1,-1
181,15565,316.82,162.13,40.75,148.35,1,-1,-1,-1
181,15585,153.91,183.57,47.17,127.38,1,-1,-1,-1
182,15565,318.31,160.41,39.02,144.01,1,-1,-1,-1
183,15565,318.97,159.81,38.13,142.45,1,-1,-1,-1
184,15565,319.32,159.62,37.58,141.89,1,-1,-1,-1
185,15565,319.54,159.57,37.16,141.71,1,-1,-1,-1
186,15565,319.71,159.59,36.83,141.67,1,-1,-1,-1
187,15565,319.12,160.27,37.33,142.99,1,-1,-1,-1
187,15586,265.00,175.00,49.00,112.00,1,-1,-1,-1
187,15587,119.00,147.00,79.00,204.00,1,-1,-1,-1
188,15565,318.86,160.55,37.60,143.50,1,-1,-1,-1
188,15585,121.89,148.72,74.62,200.25,1,-1,-1,-1
188,15586,265.00,175.00,49.00,112.00,1,-1,-1,-1
189,15565,318.71,160.67,37.77,143.71,1,-1,-1,-1
189,15585,119.73,146.54,76.70,204.82,1,-1,-1,-1
189,15586,265.00,175.00,49.00,112.00,1,-1,-1,-1
190,15565,318.62,160.74,37.91,143.80,1,-1,-1,-1
190,15585,118.86,145.75,77.65,206.48,1,-1,-1,-1
190,15586,265.00,175.00,49.00,112.00,1,-1,-1,-1
191,15565,318.55,160.78,38.02,143.84,1,-1,-1,-1
191,15585,118.53,145.52,78.11,206.98,1,-1,-1,-1
191,15586,265.00,175.00,49.00,112.00,1,-1,-1,-1
192,15565,318.49,160.80,38.11,143.87,1,-1,-1,-1
192,15585,118.40,145.50,78.36,207.04,1,-1,-1,-1
192,15586,265.00,175.00,49.00,112.00,1,-1,-1,-1
193,15563,265.98,171.59,51.75,158.21,1,-1,-1,-1
193,15565,318.60,160.49,38.06,143.66,1,-1,-1,-1
193,15585,115.99,143.05,80.23,211.99,1,-1,-1,-1
193,15586,265.00,175.00,49.00,112.00,1,-1,-1,-1
193,15588,220.00,215.00,21.00,66.00,1,-1,-1,-1
194,15563,266.58,172.83,50.96,156.31,1,-1,-1,-1
194,15588,220.00,215.00,21.00,66.00,1,-1,-1,-1
195,15563,266.80,173.18,50.66,155.79,1,-1,-1,-1
195,15588,220.00,215.00,21.00,66.00,1,-1,-1,-1
196,15563,266.90,173.28,50.51,155.63,1,-1,-1,-1
196,15588,220.00,215.00,21.00,66.00,1,-1,-1,-1
197,15563,266.94,173.29,50.42,155.61,1,-1,-1,-1
197,15588,220.00,215.00,21.00,66.00,1,-1,-1,-1
198,15563,266.95,173.28,50.36,155.63,1,-1,-1,-1
198,15588,220.00,215.00,21.00,66.00,1,-1,-1,-1
199,15563,268.28,176.57,47.01,146.36,1,-1,-1,-1
199,15565,319.81,171.17,39.22,149.53,1,-1,-1,-1
199,15588,217.88,215.69,21.09,66.69,1,-1,-1,-1
199,15589,200.00,220.00,21.00,65.00,1,-1,-1,-1
199,15590,26.00,36.00,158.00,426.00,1,-1,-1,-1
200,15563,268.84,177.80,45.60,142.88,1,-1,-1,-1
200,15565,320.02,171.92,39.01,149.94,1,-1,-1,-1
200,15588,217.16,215.94,21.02,66.94,1,-1,-1,-1
200,15589,200.00,220.00,21.00,65.00,1,-1,-1,-1
200,15590,26.00,36.00,158.00,426.00,1,-1,-1,-1
201,15563,269.10,178.21,44.96,141.69,1,-1,-1,-1
201,15565,320.17,172.18,38.80,150.09,1,-1,-1,-1
201,15588,216.96,216.03,20.91,67.03,1,-1,-1,-1
201,15589,200.00,220.00,21.00,65.00,1,-1,-1,-1
201,15590,26.00,36.00,158.00,426.00,1,-1,-1,-1
202,15563,269.25,178.33,44.63,141.31,1,-1,-1,-1
202,15565,320.28,172.26,38.60,150.13,1,-1,-1,-1
202,15588,216.95,216.05,20.78,67.05,1,-1,-1,-1
202,15589,200.00,220.00,21.00,65.00,1,-1,-1,-1
202,15590,26.00,36.00,158.00,426.00,1,-1,-1,-1
203,15563,269.34,178.35,44.41,141.24,1,-1,-1,-1
203,15565,320.37,172.27,38.42,150.14,1,-1,-1,-1
203,15588,217.00,216.06,20.64,67.06,1,-1,-1,-1
203,15589,200.00,220.00,21.00,65.00,1,-1,-1,-1
203,15590,26.00,36.00,158.00,426.00,1,-1,-1,-1
204,15563,269.42,178.33,44.25,141.26,1,-1,-1,-1
204,15565,320.44,172.26,38.26,150.14,1,-1,-1,-1
204,15588,217.07,216.06,20.51,67.06,1,-1,-1,-1
204,15589,200.00,220.00,21.00,65.00,1,-1,-1,-1
204,15590,26.00,36.00,158.00,426.00,1,-1,-1,-1
205,15563,269.68,178.90,43.85,139.99,1,-1,-1,-1
205,15565,326.08,172.24,39.36,153.38,1,-1,-1,-1
205,15588,216.78,216.15,20.54,67.15,1,-1,-1,-1
205,15589,200.00,220.00,21.00,65.00,1,-1,-1,-1
205,15590,26.00,36.00,158.00,426.00,1,-1,-1,-1
206,15565,328.13,172.23,39.90,154.60,1,-1,-1,-1
207,15565,328.85,172.21,40.22,155.06,1,-1,-1,-1
208,15565,329.04,172.19,40.45,155.21,1,-1,-1,-1
209,15565,329.05,172.17,40.62,155.25,1,-1,-1,-1
210,15565,328.99,172.15,40.76,155.25,1,-1,-1,-1
211,15563,277.51,182.02,44.12,137.70,1,-1,-1,-1
211,15565,331.42,173.44,41.08,155.24,1,-1,-1,-1
211,15588,221.43,215.10,21.31,70.81,1,-1,-1,-1
212,15563,277.63,182.18,44.88,137.63,1,-1,-1,-1
212,15565,332.24,173.92,41.37,155.22,1,-1,-1,-1
212,15588,221.90,215.02,21.09,71.05,1,-1,-1,-1
213,15563,277.49,182.24,45.51,137.60,1,-1,-1,-1
213,15565,332.45,174.09,41.63,155.20,1,-1,-1,-1
213,15588,222.13,215.00,20.87,71.13,1,-1,-1,-1
214,15563,277.27,182.24,46.03,137.61,1,-1,-1,-1
214,15565,332.44,174.15,41.86,155.18,1,-1,-1,-1
214,15588,222.27,214.99,20.67,71.15,1,-1,-1,-1
215,15563,277.04,182.23,46.49,137.64,1,-1,-1,-1
215,15565,332.35,174.16,42.06,155.17,1,-1,-1,-1
215,15588,222.37,214.99,20.49,71.15,1,-1,-1,-1
216,15563,276.83,182.21,46.87,137.67,1,-1,-1,-1
216,15565,332.24,174.15,42.25,155.15,1,-1,-1,-1
216,15588,222.44,214.99,20.33,71.14,1,-1,-1,-1
217,15563,278.95,174.99,51.09,149.49,1,-1,-1,-1
217,15565,335.85,173.49,42.80,155.14,1,-1,-1,-1
217,15588,222.59,214.96,20.40,71.37,1,-1,-1,-1
218,15563,279.68,172.33,52.76,153.84,1,-1,-1,-1
218,15565,337.05,173.23,43.30,155.12,1,-1,-1,-1
219,15563,279.90,171.28,53.50,155.55,1,-1,-1,-1
219,15565,337.35,173.13,43.75,155.11,1,-1,-1,-1
220,15563,279.92,170.89,53.85,156.19,1,-1,-1,-1
220,15565,337.31,173.08,44.16,155.10,1,-1,-1,-1
221,15563,279.88,170.76,54.05,156.41,1,-1,-1,-1
221,15565,337.16,173.06,44.53,155.09,1,-1,-1,-1
222,15563,279.81,170.73,54.18,156.46,1,-1,-1,-1
222,15565,336.99,173.05,44.86,155.08,1,-1,-1,-1
223,15563,282.69,165.55,55.50,161.64,1,-1,-1,-1
223,15565,339.02,168.48,45.30,158.34,1,-1,-1,-1
223,15588,222.32,209.38,27.07,90.73,1,-1,-1,-1
224,15563,283.89,163.60,55.74,163.58,1,-1,-1,-1
224,15565,339.91,166.75,45.20,159.56,1,-1,-1,-1
224,15588,221.88,208.99,28.38,92.08,1,-1,-1,-1
225,15563,284.45,162.87,55.61,164.29,1,-1,-1,-1
225,15565,340.34,166.10,44.91,160.02,1,-1,-1,-1
225,15588,221.51,208.85,29.26,92.57,1,-1,-1,-1
226,15563,284.74,162.62,55.34,164.53,1,-1,-1,-1
226,15565,340.59,165.87,44.58,160.17,1,-1,-1,-1
226,15588,221.20,208.81,29.92,92.72,1,-1,-1,-1
227,15563,284.91,162.55,55.05,164.58,1,-1,-1,-1
227,15565,340.76,165.79,44.26,160.22,1,-1,-1,-1
227,15588,220.94,208.80,30.43,92.74,1,-1,-1,-1
228,15563,285.04,162.55,54.77,164.57,1,-1,-1,-1
228,15565,340.89,165.78,43.95,160.22,1,-1,-1,-1
228,15588,220.72,208.81,30.85,92.71,1,-1,-1,-1
229,15563,285.60,161.80,55.09,165.52,1,-1,-1,-1
229,15565,341.63,167.74,43.08,158.91,1,-1,-1,-1
229,15588,218.93,203.03,33.13,100.38,1,-1,-1,-1
229,15589,166.24,200.08,31.76,101.85,1,-1,-1,-1
229,15591,127.00,201.00,28.00,100.00,1,-1,-1,-1
229,15592,195.00,201.00,28.00,108.00,1,-1,-1,-1
230,15565,342.02,168.50,42.47,158.40,1,-1,-1,-1
230,15588,218.33,200.87,33.83,103.26,1,-1,-1,-1
230,15589,165.98,199.71,31.22,102.53,1,-1,-1,-1
230,15591,127.00,201.00,28.00,100.00,1,-1,-1,-1
230,15592,195.00,201.00,28.00,108.00,1,-1,-1,-1
231,15565,342.27,168.79,42.00,158.20,1,-1,-1,-1
231,15588,218.16,200.01,33.98,104.36,1,-1,-1,-1
231,15589,166.06,199.61,30.76,102.73,1,-1,-1,-1
231,15591,127.00,201.00,28.00,100.00,1,-1,-1,-1
231,15592,195.00,201.00,28.00,108.00,1,-1,-1,-1
232,15565,342.46,168.91,41.60,158.11,1,-1,-1,-1
232,15588,218.14,199.71,33.91,104.74,1,-1,-1,-1
232,15589,166.22,199.59,30.38,102.76,1,-1,-1,-1
232,15591,127.00,201.00,28.00,100.00,1,-1,-1,-1
232,15592,195.00,201.00,28.00,108.00,1,-1,-1,-1
233,15565,342.62,168.95,41.25,158.08,1,-1,-1,-1
233,15588,218.19,199.61,33.77,104.84,1,-1,-1,-1
233,15589,166.39,199.60,30.07,102.74,1,-1,-1,-1
233,15591,127.00,201.00,28.00,100.00,1,-1,-1,-1
233,15592,195.00,201.00,28.00,108.00,1,-1,-1,-1
234,15565,342.76,168.97,40.94,158.06,1,-1,-1,-1
234,15588,218.26,199.60,33.62,104.83,1,-1,-1,-1
234,15589,166.55,199.62,29.81,102.70,1,-1,-1,-1
234,15591,127.00,201.00,28.00,100.00,1,-1,-1,-1
234,15592,195.00,201.00,28.00,108.00,1,-1,-1,-1
235,15563,290.23,174.71,48.00,144.95,1,-1,-1,-1
235,15565,344.66,172.90,38.39,149.56,1,-1,-1,-1
235,15588,220.66,197.04,35.23,111.22,1,-1,-1,-1
235,15589,165.98,193.88,33.59,115.48,1,-1,-1,-1
235,15591,127.00,201.00,28.00,100.00,1,-1,-1,-1
235,15592,189.26,197.53,29.78,113.55,1,-1,-1,-1
235,15593,94.00,196.00,39.00,107.00,1,-1,-1,-1
235,15594,137.00,186.00,46.00,124.00,1,-1,-1,-1
236,15563,290.56,175.76,47.28,143.31,1,-1,-1,-1
236,15565,345.46,174.41,37.24,146.29,1,-1,-1,-1
236,15588,221.69,196.08,35.58,113.62,1,-1,-1,-1
236,15589,165.74,191.73,35.04,120.24,1,-1,-1,-1
236,15592,187.09,196.30,30.65,115.52,1,-1,-1,-1
236,15593,94.00,196.00,39.00,107.00,1,-1,-1,-1
236,15594,137.00,186.00,46.00,124.00,1,-1,-1,-1
237,15563,290.73,176.08,46.96,142.81,1,-1,-1,-1
237,15565,345.82,174.95,36.66,145.12,1,-1,-1,-1
237,15588,222.21,195.72,35.50,114.52,1,-1,-1,-1
237,15589,165.67,190.89,35.64,122.13,1,-1,-1,-1
237,15591,101.75,196.63,30.40,106.12,1,-1,-1,-1
237,15592,186.20,195.86,31.20,116.22,1,-1,-1,-1
237,15594,137.00,186.00,46.00,124.00,1,-1,-1,-1
238,15563,290.81,176.18,46.79,142.65,1,-1,-1,-1
238,15565,346.02,175.13,36.31,144.72,1,-1,-1,-1
238,15588,222.50,195.61,35.26,114.81,1,-1,-1,-1
238,15589,165.66,190.58,35.88,122.82,1,-1,-1,-1
238,15591,97.89,196.01,31.31,106.99,1,-1,-1,-1
238,15592,185.80,195.72,31.62,116.44,1,-1,-1,-1
238,15594,137.00,186.00,46.00,124.00,1,-1,-1,-1
239,15563,290.85,176.21,46.68,142.62,1,-1,-1,-1
239,15565,346.14,175.19,36.05,144.60,1,-1,-1,-1
239,15588,222.69,195.59,34.99,114.88,1,-1,-1,-1
239,15589,165.67,190.49,35.98,123.03,1,-1,-1,-1
239,15591,96.38,195.80,32.02,107.28,1,-1,-1,-1
239,15592,185.59,195.70,31.98,116.48,1,-1,-1,-1
239,15594,137.00,186.00,46.00,124.00,1,-1,-1,-1
240,15563,290.88,176.20,46.59,142.63,1,-1,-1,-1
240,15565,346.23,175.20,35.84,144.58,1,-1,-1,-1
240,15588,222.84,195.61,34.72,114.85,1,-1,-1,-1
240,15589,165.69,190.48,36.02,123.06,1,-1,-1,-1
240,15591,95.75,195.74,32.64,107.36,1,-1,-1,-1
240,15592,185.44,195.71,32.30,116.46,1,-1,-1,-1
240,15594,137.00,186.00,46.00,124.00,1,-1,-1,-1
241,15563,288.70,165.64,52.89,163.10,1,-1,-1,-1
241,15565,341.35,165.33,40.98,165.64,1,-1,-1,-1
241,15588,220.62,196.28,35.92,119.31,1,-1,-1,-1
241,15589,162.76,190.51,38.10,131.34,1,-1,-1,-1
241,15591,89.58,189.17,36.41,119.84,1,-1,-1,-1
241,15592,184.65,195.22,32.52,117.24,1,-1,-1,-1
241,15594,134.68,187.39,46.48,127.47,1,-1,-1,-1
241,15595,66.00,179.00,46.00,138.00,1,-1,-1,-1
242,15563,288.04,161.83,54.93,170.48,1,-1,-1,-1
242,15565,339.61,161.76,42.78,173.24,1,-1,-1,-1
242,15588,219.82,196.54,36.28,120.98,1,-1,-1,-1
242,15589,161.75,190.52,38.69,134.47,1,-1,-1,-1
242,15591,87.31,186.76,37.78,124.43,1,-1,-1,-1
242,15594,134.13,187.88,46.10,128.71,1,-1,-1,-1
242,15595,66.00,179.00,46.00,138.00,1,-1,-1,-1
243,15563,287.85,160.29,55.57,173.45,1,-1,-1,-1
243,15565,338.92,160.32,43.47,176.31,1,-1,-1,-1
243,15588,219.54,196.67,36.34,121.58,1,-1,-1,-1
243,15589,161.45,190.55,38.74,135.65,1,-1,-1,-1
243,15591,86.54,185.82,38.30,126.21,1,-1,-1,-1
243,15594,134.21,188.06,45.41,129.14,1,-1,-1,-1
243,15595,66.00,179.00,46.00,138.00,1,-1,-1,-1
244,15563,287.85,159.72,55.64,174.56,1,-1,-1,-1
244,15565,338.68,159.78,43.69,177.46,1,-1,-1,-1
244,15588,219.47,196.73,36.28,121.76,1,-1,-1,-1
244,15589,161.44,190.59,38.59,136.04,1,-1,-1,-1
244,15591,86.35,185.50,38.47,126.84,1,-1,-1,-1
244,15594,134.52,188.11,44.62,129.27,1,-1,-1,-1
244,15595,66.00,179.00,46.00,138.00,1,-1,-1,-1
245,15563,287.92,159.53,55.51,174.93,1,-1,-1,-1
245,15565,338.61,159.60,43.73,177.85,1,-1,-1,-1
245,15588,219.47,196.77,36.18,121.79,1,-1,-1,-1
245,15589,161.52,190.62,38.39,136.13,1,-1,-1,-1
245,15591,86.38,185.41,38.50,127.02,1,-1,-1,-1
245,15594,134.91,188.12,43.82,129.30,1,-1,-1,-1
245,15595,66.00,179.00,46.00,138.00,1,-1,-1,-1
246,15563,288.01,159.49,55.31,175.01,1,-1,-1,-1
246,15565,338.61,159.56,43.70,177.95,1,-1,-1,-1
246,15588,219.50,196.79,36.08,121.75,1,-1,-1,-1
246,15589,161.64,190.66,38.18,136.10,1,-1,-1,-1
246,15591,86.48,185.41,38.49,127.03,1,-1,-1,-1
246,15594,135.31,188.11,43.04,129.28,1,-1,-1,-1
246,15595,66.00,179.00,46.00,138.00,1,-1,-1,-1
247,15563,289.53,169.18,50.95,160.14,1,-1,-1,-1
247,15565,338.32,158.77,44.11,179.62,1,-1,-1,-1
247,15588,213.11,207.16,35.27,118.46,1,-1,-1,-1
247,15589,147.35,196.48,39.76,138.61,1,-1,-1,-1
247,15591,84.18,184.43,39.01,128.74,1,-1,-1,-1
247,15594,134.94,188.31,43.20,129.76,1,-1,-1,-1
247,15595,66.00,179.00,46.00,138.00,1,-1,-1,-1
247,15596,17.00,177.00,43.00,148.00,1,-1,-1,-1
248,15563,290.06,173.05,49.35,154.17,1,-1,-1,-1
248,15588,210.61,211.18,35.02,117.14,1,-1,-1,-1
248,15589,141.67,198.72,40.81,139.52,1,-1,-1,-1
248,15596,17.00,177.00,43.00,148.00,1,-1,-1,-1
249,15563,290.17,174.45,48.92,152.02,1,-1,-1,-1
249,15588,209.65,212.67,34.99,116.63,1,-1,-1,-1
249,15589,139.31,199.59,41.61,139.82,1,-1,-1,-1
249,15596,17.00,177.00,43.00,148.00,1,-1,-1,-1
250,15563,290.14,174.95,48.90,151.23,1,-1,-1,-1
250,15588,209.28,213.20,35.04,116.41,1,-1,-1,-1
250,15589,138.28,199.92,42.27,139.88,1,-1,-1,-1
250,15596,17.00,177.00,43.00,148.00,1,-1,-1,-1
251,15563,290.06,175.12,49.02,150.95,1,-1,-1,-1
251,15588,209.14,213.38,35.11,116.31,1,-1,-1,-1
251,15589,137.77,200.05,42.84,139.85,1,-1,-1,-1
251,15596,17.00,177.00,43.00,148.00,1,-1,-1,-1
252,15563,289.97,175.17,49.18,150.86,1,-1,-1,-1
252,15588,209.08,213.42,35.19,116.26,1,-1,-1,-1
252,15589,137.49,200.09,43.35,139.80,1,-1,-1,-1
252,15596,17.00,177.00,43.00,148.00,1,-1,-1,-1
253,15563,288.01,174.52,49.14,151.49,1,-1,-1,-1
253,15565,334.35,161.42,42.95,176.08,1,-1,-1,-1
253,15588,193.84,187.30,45.46,150.16,1,-1,-1,-1
253,15589,135.86,200.27,43.75,141.08,1,-1,-1,-1
253,15596,17.00,177.00,43.00,148.00,1,-1,-1,-1
254,15563,287.33,174.27,49.00,151.74,1,-1,-1,-1
254,15565,334.19,161.73,42.60,175.56,1,-1,-1,-1
254,15588,188.41,178.11,49.11,162.16,1,-1,-1,-1
255,15563,287.14,174.16,48.83,151.84,1,-1,-1,-1
255,15565,334.19,161.82,42.38,175.43,1,-1,-1,-1
255,15588,186.11,174.12,50.68,167.30,1,-1,-1,-1
256,15563,287.12,174.12,48.66,151.89,1,-1,-1,-1
256,15565,334.24,161.86,42.21,175.36,1,-1,-1,-1
256,15588,185.24,172.55,51.29,169.28,1,-1,-1,-1
257,15563,287.17,174.09,48.51,151.91,1,-1,-1,-1
257,15565,334.31,161.88,42.07,175.32,1,-1,-1,-1
257,15588,184.96,171.99,51.50,169.94,1,-1,-1,-1
258,15563,287.24,174.08,48.36,151.92,1,-1,-1,-1
258,15565,334.38,161.90,41.95,175.28,1,-1,-1,-1
258,15588,184.90,171.84,51.55,170.09,1,-1,-1,-1
259,15563,284.31,176.03,49.00,151.93,1,-1,-1,-1
259,15565,335.02,174.97,38.08,155.00,1,-1,-1,-1
259,15588,181.67,170.56,51.06,170.05,1,-1,-1,-1
259,15597,27.00,163.00,76.00,223.00,1,-1,-1,-1
260,15563,283.04,176.77,49.57,151.94,1,-1,-1,-1
260,15565,335.10,180.12,36.93,147.00,1,-1,-1,-1
260,15588,180.59,170.12,50.60,169.93,1,-1,-1,-1
260,15597,27.00,163.00,76.00,223.00,1,-1,-1,-1
261,15563,282.42,177.03,50.09,151.95,1,-1,-1,-1
261,15565,334.93,181.88,36.95,144.27,1,-1,-1,-1
261,15588,180.34,170.01,50.17,169.80,1,-1,-1,-1
261,15597,27.00,163.00,76.00,223.00,1,-1,-1,-1
262,15563,282.06,177.13,50.55,151.95,1,-1,-1,-1
262,15565,334.69,182.46,37.34,143.36,1,-1,-1,-1
262,15588,180.40,170.02,49.78,169.65,1,-1,-1,-1
262,15597,27.00,163.00,76.00,223.00,1,-1,-1,-1
263,15563,281.82,177.15,50.98,151.96,1,-1,-1,-1
263,15565,334.44,182.62,37.82,143.10,1,-1,-1,-1
263,15588,180.57,170.07,49.42,169.51,1,-1,-1,-1
263,15597,27.00,163.00,76.00,223.00,1,-1,-1,-1
264,15563,281.63,177.15,51.36,151.96,1,-1,-1,-1
264,15565,334.21,182.63,38.30,143.08,1,-1,-1,-1
264,15588,180.76,170.14,49.10,169.38,1,-1,-1,-1
264,15597,27.00,163.00,76.00,223.00,1,-1,-1,-1
265,15563,280.07,178.45,49.92,146.74,1,-1,-1,-1
265,15565,332.13,178.61,38.51,143.80,1,-1,-1,-1
265,15588,160.24,156.00,57.94,195.75,1,-1,-1,-1
265,15597,27.00,163.00,76.00,223.00,1,-1,-1,-1
266,15563,279.41,178.93,49.53,144.74,1,-1,-1,-1
266,15565,331.35,177.08,38.61,144.11,1,-1,-1,-1
266,15588,152.29,150.77,61.96,205.50,1,-1,-1,-1
267,15563,279.10,179.10,49.54,144.03,1,-1,-1,-1
267,15565,331.06,176.49,38.67,144.28,1,-1,-1,-1
267,15588,148.78,148.68,64.18,209.40,1,-1,-1,-1
268,15563,278.93,179.15,49.69,143.78,1,-1,-1,-1
268,15565,330.96,176.26,38.71,144.38,1,-1,-1,-1
268,15588,147.21,147.93,65.57,210.82,1,-1,-1,-1
269,15563,278.82,179.16,49.88,143.71,1,-1,-1,-1
269,15565,330.93,176.16,38.74,144.46,1,-1,-1,-1
269,15588,146.45,147.71,66.57,211.24,1,-1,-1,-1
270,15563,278.73,179.15,50.07,143.70,1,-1,-1,-1
270,15565,330.92,176.12,38.77,144.52,1,-1,-1,-1
270,15588,146.02,147.70,67.36,211.28,1,-1,-1,-1
271,15563,278.44,179.41,49.89,143.18,1,-1,-1,-1
271,15565,333.12,182.66,35.70,132.75,1,-1,-1,-1
271,15588,127.35,141.36,81.10,251.53,1,-1,-1,-1
271,15598,324.00,181.00,33.00,105.00,1,-1,-1,-1
272,15565,333.97,185.17,34.58,128.27,1,-1,-1,-1
272,15588,120.11,138.96,86.78,266.45,1,-1,-1,-1
272,15598,324.00,181.00,33.00,105.00,1,-1,-1,-1
273,15565,334.24,186.04,34.24,126.73,1,-1,-1,-1
273,15588,116.96,138.05,89.57,272.55,1,-1,-1,-1
273,15598,324.00,181.00,33.00,105.00,1,-1,-1,-1
274,15565,334.32,186.32,34.17,126.24,1,-1,-1,-1
274,15588,115.61,137.76,91.04,274.80,1,-1,-1,-1
274,15598,324.00,181.00,33.00,105.00,1,-1,-1,-1
275,15565,334.33,186.40,34.20,126.12,1,-1,-1,-1
275,15588,115.01,137.72,91.93,275.49,1,-1,-1,-1
275,15598,324.00,181.00,33.00,105.00,1,-1,-1,-1
276,15565,334.31,186.40,34.25,126.14,1,-1,-1,-1
276,15588,114.71,137.76,92.56,275.57,1,-1,-1,-1
276,15598,324.00,181.00,33.00,105.00,1,-1,-1,-1
277,15563,265.85,171.59,52.44,150.35,1,-1,-1,-1
277,15565,331.50,181.08,37.25,134.80,1,-1,-1,-1
277,15588,72.39,104.70,116.18,339.15,1,-1,-1,-1
277,15598,324.00,181.00,33.00,105.00,1,-1,-1,-1
278,15563,265.01,171.06,52.66,150.86,1,-1,-1,-1
278,15565,330.28,179.13,38.72,137.98,1,-1,-1,-1
278,15588,55.99,92.51,126.43,362.69,1,-1,-1,-1
279,15563,264.71,170.87,52.76,151.04,1,-1,-1,-1
279,15565,329.65,178.36,39.62,139.24,1,-1,-1,-1
279,15588,48.54,87.37,131.89,372.51,1,-1,-1,-1
280,15563,264.62,170.81,52.81,151.10,1,-1,-1,-1
280,15565,329.28,178.07,40.25,139.73,1,-1,-1,-1
280,15588,45.17,85.41,135.05,376.19,1,-1,-1,-1
281,15563,264.61,170.80,52.84,151.11,1,-1,-1,-1
281,15565,329.01,177.96,40.75,139.92,1,-1,-1,-1
281,15588,43.54,84.75,137.16,377.36,1,-1,-1,-1
282,15563,264.62,170.81,52.86,151.11,1,-1,-1,-1
282,15565,328.80,177.93,41.17,139.99,1,-1,-1,-1
282,15588,42.64,84.61,138.75,377.55,1,-1,-1,-1
283,15563,267.83,177.99,48.47,139.38,1,-1,-1,-1
283,15565,329.20,178.57,41.68,141.32,1,-1,-1,-1
283,15588,36.86,80.63,142.11,386.67,1,-1,-1,-1
284,15563,269.18,180.80,46.64,134.81,1,-1,-1,-1
284,15565,329.33,178.82,41.94,141.82,1,-1,-1,-1
285,15563,269.74,181.79,45.88,133.20,1,-1,-1,-1
285,15565,329.36,178.92,42.09,142.00,1,-1,-1,-1
286,15563,270.00,182.14,45.50,132.65,1,-1,-1,-1
286,15565,329.34,178.96,42.19,142.07,1,-1,-1,-1
287,15563,270.15,182.24,45.28,132.48,1,-1,-1,-1
287,15565,329.32,178.97,42.28,142.09,1,-1,-1,-1
288,15563,270.25,182.27,45.13,132.46,1,-1,-1,-1
288,15565,329.29,178.98,42.35,142.09,1,-1,-1,-1
289,15563,276.70,176.32,49.42,144.35,1,-1,-1,-1
289,15565,333.63,174.42,45.41,153.81,1,-1,-1,-1
289,15599,80.00,214.00,20.00,68.00,1,-1,-1,-1
289,15600,197.00,222.00,24.00,58.00,1,-1,-1,-1
290,15563,278.98,174.15,51.13,148.70,1,-1,-1,-1
290,15565,335.36,172.73,46.30,158.16,1,-1,-1,-1
290,15599,80.00,214.00,20.00,68.00,1,-1,-1,-1
290,15600,197.00,222.00,24.00,58.00,1,-1,-1,-1
291,15563,279.81,173.29,51.92,150.41,1,-1,-1,-1
291,15565,336.15,172.07,46.43,159.85,1,-1,-1,-1
291,15599,80.00,214.00,20.00,68.00,1,-1,-1,-1
291,15600,197.00,222.00,24.00,58.00,1,-1,-1,-1
292,15563,280.06,172.97,52.33,151.06,1,-1,-1,-1
292,15565,336.54,171.83,46.27,160.46,1,-1,-1,-1
292,15599,80.00,214.00,20.00,68.00,1,-1,-1,-1
292,15600,197.00,222.00,24.00,58.00,1,-1,-1,-1
293,15563,280.08,172.86,52.57,151.29,1,-1,-1,-1
293,15565,336.76,171.76,46.03,160.66,1,-1,-1,-1
293,15599,80.00,214.00,20.00,68.00,1,-1,-1,-1
293,15600,197.00,222.00,24.00,58.00,1,-1,-1,-1
294,15563,280.03,172.83,52.74,151.35,1,-1,-1,-1
294,15565,336.92,171.74,45.77,160.69,1,-1,-1,-1
294,15599,80.00,214.00,20.00,68.00,1,-1,-1,-1
294,15600,197.00,222.00,24.00,58.00,1,-1,-1,-1
295,15563,293.23,176.72,50.96,144.87,1,-1,-1,-1
295,15565,353.82,179.51,42.33,144.49,1,-1,-1,-1
295,15599,80.00,214.00,20.00,68.00,1,-1,-1,-1
295,15600,198.14,219.23,26.58,64.94,1,-1,-1,-1
295,15601,221.00,212.00,20.00,65.00,1,-1,-1,-1
295,15602,495.00,226.00,24.00,59.00,1,-1,-1,-1
296,15563,298.18,178.23,50.50,142.33,1,-1,-1,-1
296,15565,360.22,182.61,41.45,138.02,1,-1,-1,-1
296,15600,198.64,218.25,27.27,67.37,1,-1,-1,-1
296,15601,221.00,212.00,20.00,65.00,1,-1,-1,-1
296,15602,495.00,226.00,24.00,59.00,1,-1,-1,-1
297,15563,299.85,178.79,50.55,141.40,1,-1,-1,-1
297,15565,362.18,183.70,41.67,135.73,1,-1,-1,-1
297,15600,198.93,217.89,27.32,68.27,1,-1,-1,-1
297,15601,221.00,212.00,20.00,65.00,1,-1,-1,-1
297,15602,495.00,226.00,24.00,59.00,1,-1,-1,-1
298,15563,300.32,179.00,50.77,141.05,1,-1,-1,-1
298,15565,362.59,184.08,42.24,134.93,1,-1,-1,-1
298,15600,199.13,217.77,27.13,68.57,1,-1,-1,-1
298,15601,221.00,212.00,20.00,65.00,1,-1,-1,-1
298,15602,495.00,226.00,24.00,59.00,1,-1,-1,-1
299,15563,300.34,179.07,51.04,140.93,1,-1,-1,-1
299,15565,362.45,184.21,42.90,134.66,1,-1,-1,-1
299,15600,199.29,217.75,26.85,68.63,1,-1,-1,-1
299,15601,221.00,212.00,20.00,65.00,1,-1,-1,-1
299,15602,495.00,226.00,24.00,59.00,1,-1,-1,-1
300,15563,300.21,179.09,51.31,140.89,1,-1,-1,-1
300,15565,362.13,184.24,43.54,134.59,1,-1,-1,-1
300,15600,199.44,217.76,26.55,68.61,1,-1,-1,-1
300,15601,221.00,212.00,20.00,65.00,1,-1,-1,-1
300,15602,495.00,226.00,24.00,59.00,1,-1,-1,-1
301,15563,316.91,180.40,50.55,137.61,1,-1,-1,-1
301,15565,375.12,173.68,48.45,151.74,1,-1,-1,-1
301,15600,199.59,217.36,26.94,69.61,1,-1,-1,-1
301,15601,224.40,221.02,18.74,58.76,1,-1,-1,-1
301,15602,495.00,226.00,24.00,59.00,1,-1,-1,-1
301,15603,245.00,216.00,19.00,56.00,1,-1,-1,-1
301,15604,541.00,231.00,26.00,52.00,1,-1,-1,-1
302,15563,323.08,180.89,50.48,136.38,1,-1,-1,-1
302,15565,380.03,169.86,49.83,157.94,1,-1,-1,-1
302,15601,225.46,224.33,18.67,56.46,1,-1,-1,-1
302,15603,245.00,216.00,19.00,56.00,1,-1,-1,-1
302,15604,541.00,231.00,26.00,52.00,1,-1,-1,-1
303,15563,325.18,181.06,50.67,135.93,1,-1,-1,-1
303,15565,382.07,168.33,50.07,160.42,1,-1,-1,-1
303,15601,225.57,225.37,19.08,55.74,1,-1,-1,-1
303,15603,245.00,216.00,19.00,56.00,1,-1,-1,-1
303,15604,541.00,231.00,26.00,52.00,1,-1,-1,-1
304,15563,325.77,181.12,50.93,135.78,1,-1,-1,-1
304,15565,382.91,167.77,49.86,161.35,1,-1,-1,-1
304,15601,225.38,225.66,19.65,55.54,1,-1,-1,-1
304,15603,245.00,216.00,19.00,56.00,1,-1,-1,-1
304,15604,541.00,231.00,26.00,52.00,1,-1,-1,-1
305,15563,325.81,181.13,51.20,135.75,1,-1,-1,-1
305,15565,383.28,167.58,49.50,161.66,1,-1,-1,-1
305,15601,225.08,225.70,20.27,55.51,1,-1,-1,-1
305,15603,245.00,216.00,19.00,56.00,1,-1,-1,-1
305,15604,541.00,231.00,26.00,52.00,1,-1,-1,-1
306,15563,325.65,181.13,51.46,135.75,1,-1,-1,-1
306,15565,383.45,167.53,49.11,161.74,1,-1,-1,-1
306,15601,224.76,225.66,20.88,55.54,1,-1,-1,-1
306,15603,245.00,216.00,19.00,56.00,1,-1,-1,-1
306,15604,541.00,231.00,26.00,52.00,1,-1,-1,-1
307,15563,343.05,177.84,53.18,140.35,1,-1,-1,-1
307,15565,403.06,171.42,48.50,157.85,1,-1,-1,-1
307,15601,225.27,226.80,20.58,54.75,1,-1,-1,-1
307,15603,245.00,216.00,19.00,56.00,1,-1,-1,-1
307,15604,541.00,231.00,26.00,52.00,1,-1,-1,-1
308,15563,349.50,176.61,53.82,142.08,1,-1,-1,-1
308,15565,410.38,172.95,48.55,156.30,1,-1,-1,-1
309,15563,351.86,176.14,54.06,142.74,1,-1,-1,-1
309,15565,412.89,173.54,48.82,155.69,1,-1,-1,-1
310,15563,352.63,175.97,54.14,142.99,1,-1,-1,-1
310,15565,413.60,173.77,49.17,155.44,1,-1,-1,-1
311,15563,352.81,175.91,54.16,143.08,1,-1,-1,-1
311,15565,413.63,173.86,49.51,155.33,1,-1,-1,-1
312,15563,352.76,175.89,54.16,143.11,1,-1,-1,-1
312,15565,413.43,173.90,49.84,155.27,1,-1,-1,-1
313,15563,368.40,169.38,59.12,156.14,1,-1,-1,-1
313,15565,429.58,170.66,50.57,157.84,1,-1,-1,-1
313,15599,168.28,218.96,19.18,62.04,1,-1,-1,-1
313,15605,242.00,199.00,37.00,97.00,1,-1,-1,-1
314,15563,374.17,166.97,60.97,160.95,1,-1,-1,-1
314,15565,435.62,169.44,50.78,158.80,1,-1,-1,-1
314,15599,169.65,219.06,19.79,61.93,1,-1,-1,-1
314,15600,240.70,199.36,37.29,96.61,1,-1,-1,-1
315,15563,376.32,166.03,61.71,162.84,1,-1,-1,-1
315,15565,437.82,168.99,50.82,159.15,1,-1,-1,-1
315,15599,170.07,219.10,20.27,61.88,1,-1,-1,-1
315,15600,242.23,198.74,37.56,97.49,1,-1,-1,-1
316,15563,377.02,165.69,61.99,163.53,1,-1,-1,-1
316,15565,438.54,168.83,50.78,159.26,1,-1,-1,-1
316,15599,170.00,219.10,20.64,61.88,1,-1,-1,-1
316,15600,242.80,198.52,37.62,97.80,1,-1,-1,-1
317,15563,377.15,165.59,62.10,163.74,1,-1,-1,-1
317,15565,438.70,168.78,50.72,159.29,1,-1,-1,-1
317,15599,169.77,219.10,20.94,61.88,1,-1,-1,-1
317,15600,242.97,198.46,37.61,97.87,1,-1,-1,-1
318,15563,377.09,165.57,62.13,163.78,1,-1,-1,-1
318,15565,438.66,168.78,50.66,159.28,1,-1,-1,-1
318,15599,169.49,219.09,21.19,61.89,1,-1,-1,-1
318,15600,242.98,198.47,37.57,97.85,1,-1,-1,-1
319,15563,387.12,179.16,54.72,144.37,1,-1,-1,-1
319,15565,448.69,170.75,50.51,159.26,1,-1,-1,-1
319,15599,172.14,219.24,21.13,61.72,1,-1,-1,-1
319,15600,242.86,200.42,37.68,99.09,1,-1,-1,-1
319,15603,289.21,210.09,23.21,71.77,1,-1,-1,-1
319,15606,223.00,205.00,32.00,92.00,1,-1,-1,-1
320,15563,390.87,184.62,51.71,136.54,1,-1,-1,-1
320,15565,452.44,171.50,50.36,159.24,1,-1,-1,-1
320,15600,242.86,201.20,37.54,99.53,1,-1,-1,-1
320,15603,291.09,209.89,22.49,72.28,1,-1,-1,-1
320,15606,223.00,205.00,32.00,92.00,1,-1,-1,-1
321,15563,392.09,186.51,50.65,133.82,1,-1,-1,-1
321,15565,453.77,171.80,50.23,159.22,1,-1,-1,-1
321,15600,242.87,201.52,37.33,99.66,1,-1,-1,-1
321,15603,291.92,209.83,21.83,72.46,1,-1,-1,-1
321,15606,223.00,205.00,32.00,92.00,1,-1,-1,-1
322,15563,392.45,187.17,50.26,132.88,1,-1,-1,-1
322,15565,454.19,171.91,50.12,159.20,1,-1,-1,-1
322,15600,242.90,201.66,37.11,99.67,1,-1,-1,-1
322,15603,292.32,209.81,21.25,72.49,1,-1,-1,-1
322,15606,223.00,205.00,32.00,92.00,1,-1,-1,-1
323,15563,392.47,187.38,50.11,132.57,1,-1,-1,-1
323,15565,454.27,171.95,50.01,159.18,1,-1,-1,-1
323,15600,242.92,201.72,36.90,99.63,1,-1,-1,-1
323,15603,292.54,209.82,20.76,72.48,1,-1,-1,-1
323,15606,223.00,205.00,32.00,92.00,1,-1,-1,-1
324,15563,392.38,187.42,50.06,132.49,1,-1,-1,-1
324,15565,454.22,171.97,49.92,159.16,1,-1,-1,-1
324,15600,242.94,201.76,36.71,99.59,1,-1,-1,-1
324,15603,292.67,209.83,20.34,72.46,1,-1,-1,-1
324,15606,223.00,205.00,32.00,92.00,1,-1,-1,-1
325,15563,395.49,180.80,55.47,146.38,1,-1,-1,-1
325,15565,459.57,172.63,51.35,163.06,1,-1,-1,-1
325,15600,241.85,198.55,40.68,111.20,1,-1,-1,-1
325,15603,294.71,209.56,20.55,73.19,1,-1,-1,-1
325,15606,215.63,200.14,37.71,107.95,1,-1,-1,-1
325,15607,38.00,185.00,39.00,128.00,1,-1,-1,-1
326,15563,396.58,178.40,57.54,151.42,1,-1,-1,-1
326,15565,461.46,172.88,52.01,164.52,1,-1,-1,-1
326,15600,241.54,197.36,41.98,115.50,1,-1,-1,-1
326,15606,213.02,198.46,39.83,113.48,1,-1,-1,-1
326,15607,38.00,185.00,39.00,128.00,1,-1,-1,-1
327,15563,396.86,177.43,58.44,153.42,1,-1,-1,-1
327,15565,462.04,172.98,52.36,165.06,1,-1,-1,-1
327,15600,241.45,196.90,42.34,117.19,1,-1,-1,-1
327,15606,211.95,197.81,40.76,115.61,1,-1,-1,-1
327,15607,38.00,185.00,39.00,128.00,1,-1,-1,-1
328,15563,396.85,177.06,58.85,154.17,1,-1,-1,-1
328,15565,462.12,173.01,52.57,165.25,1,-1,-1,-1
328,15600,241.45,196.73,42.33,117.80,1,-1,-1,-1
328,15606,211.53,197.60,41.19,116.32,1,-1,-1,-1
328,15607,38.00,185.00,39.00,128.00,1,-1,-1,-1
329,15563,396.74,176.92,59.07,154.43,1,-1,-1,-1
329,15565,462.03,173.02,52.74,165.30,1,-1,-1,-1
329,15600,241.49,196.69,42.19,117.97,1,-1,-1,-1
329,15606,211.37,197.55,41.42,116.47,1,-1,-1,-1
329,15607,38.00,185.00,39.00,128.00,1,-1,-1,-1
330,15563,396.60,176.88,59.20,154.49,1,-1,-1,-1
330,15565,461.88,173.03,52.87,165.30,1,-1,-1,-1
330,15600,241.53,196.69,42.02,117.99,1,-1,-1,-1
330,15606,211.31,197.56,41.58,116.43,1,-1,-1,-1
330,15607,38.00,185.00,39.00,128.00,1,-1,-1,-1
331,15563,405.54,177.52,56.03,144.12,1,-1,-1,-1
331,15565,468.67,168.47,52.74,163.33,1,-1,-1,-1
331,15600,231.10,184.49,48.01,136.59,1,-1,-1,-1
331,15606,210.22,196.85,42.42,118.79,1,-1,-1,-1
331,15607,38.00,185.00,39.00,128.00,1,-1,-1,-1
332,15563,408.74,177.78,55.16,140.03,1,-1,-1,-1
332,15565,471.06,166.73,52.94,162.56,1,-1,-1,-1
332,15600,227.46,179.97,49.83,143.49,1,-1,-1,-1
333,15563,409.65,177.88,55.21,138.55,1,-1,-1,-1
333,15565,471.76,166.09,53.25,162.27,1,-1,-1,-1
333,15600,226.09,178.13,50.24,146.27,1,-1,-1,-1
334,15563,409.75,177.92,55.57,138.01,1,-1,-1,-1
334,15565,471.85,165.86,53.58,162.15,1,-1,-1,-1
334,15600,225.70,177.44,50.09,147.28,1,-1,-1,-1
335,15563,409.56,177.94,56.02,137.83,1,-1,-1,-1
335,15565,471.71,165.79,53.89,162.10,1,-1,-1,-1
335,15600,225.69,177.22,49.74,147.58,1,-1,-1,-1
336,15563,409.28,177.95,56.47,137.78,1,-1,-1,-1
336,15565,471.50,165.78,54.19,162.07,1,-1,-1,-1
336,15600,225.82,177.18,49.34,147.61,1,-1,-1,-1
337,15563,407.05,178.61,57.48,139.74,1,-1,-1,-1
337,15565,473.52,171.01,53.89,160.76,1,-1,-1,-1
337,15600,225.28,175.79,50.24,150.29,1,-1,-1,-1
337,15608,579.00,209.00,43.00,98.00,1,-1,-1,-1
338,15563,406.10,178.87,57.98,140.49,1,-1,-1,-1
338,15565,474.19,173.01,53.86,160.25,1,-1,-1,-1
338,15608,579.00,209.00,43.00,98.00,1,-1,-1,-1
339,15563,405.65,178.96,58.28,140.78,1,-1,-1,-1
339,15565,474.35,173.76,53.91,160.06,1,-1,-1,-1
339,15608,579.00,209.00,43.00,98.00,1,-1,-1,-1
340,15563,405.39,179.00,58.48,140.90,1,-1,-1,-1
340,15565,474.32,174.03,54.00,159.99,1,-1,-1,-1
340,15608,579.00,209.00,43.00,98.00,1,-1,-1,-1
341,15563,405.22,179.01,58.64,140.94,1,-1,-1,-1
341,15565,474.23,174.12,54.09,159.97,1,-1,-1,-1
341,15608,579.00,209.00,43.00,98.00,1,-1,-1,-1
342,15563,405.09,179.01,58.78,140.96,1,-1,-1,-1
342,15565,474.13,174.15,54.17,159.96,1,-1,-1,-1
342,15608,579.00,209.00,43.00,98.00,1,-1,-1,-1
343,15563,406.11,179.01,57.94,137.71,1,-1,-1,-1
343,15565,477.08,177.42,54.69,154.74,1,-1,-1,-1
343,15608,569.69,211.08,41.51,93.84,1,-1,-1,-1
343,15609,117.00,134.00,106.00,246.00,1,-1,-1,-1
343,15610,237.00,199.00,30.00,93.00,1,-1,-1,-1
344,15563,406.34,179.01,57.88,136.47,1,-1,-1,-1
344,15565,477.58,178.65,56.03,152.74,1,-1,-1,-1
344,15608,566.20,211.84,41.19,92.33,1,-1,-1,-1
344,15609,117.00,134.00,106.00,246.00,1,-1,-1,-1
344,15610,237.00,199.00,30.00,93.00,1,-1,-1,-1
345,15563,406.28,179.01,58.10,136.02,1,-1,-1,-1
345,15565,477.18,179.09,57.60,152.02,1,-1,-1,-1
345,15608,564.93,212.09,41.30,91.83,1,-1,-1,-1
345,15609,117.00,134.00,106.00,246.00,1,-1,-1,-1
345,15610,237.00,199.00,30.00,93.00,1,-1,-1,-1
346,15563,406.13,179.01,58.41,135.86,1,-1,-1,-1
346,15565,476.51,179.24,59.17,151.77,1,-1,-1,-1
346,15608,564.44,212.16,41.58,91.68,1,-1,-1,-1
346,15609,117.00,134.00,106.00,246.00,1,-1,-1,-1
346,15610,237.00,199.00,30.00,93.00,1,-1,-1,-1
347,15563,405.95,179.01,58.73,135.82,1,-1,-1,-1
347,15565,475.77,179.27,60.65,151.70,1,-1,-1,-1
347,15608,564.23,212.17,41.89,91.66,1,-1,-1,-1
347,15609,117.00,134.00,106.00,246.00,1,-1,-1,-1
347,15610,237.00,199.00,30.00,93.00,1,-1,-1,-1
348,15563,405.77,179.01,59.03,135.81,1,-1,-1,-1
348,15565,475.05,179.27,62.00,151.70,1,-1,-1,-1
348,15608,564.12,212.16,42.22,91.68,1,-1,-1,-1
348,15609,117.00,134.00,106.00,246.00,1,-1,-1,-1
348,15610,237.00,199.00,30.00,93.00,1,-1,-1,-1
349,15563,403.65,182.94,58.64,133.20,1,-1,-1,-1
349,15565,475.67,185.15,55.42,135.32,1,-1,-1,-1
349,15600,253.15,187.89,37.94,118.46,1,-1,-1,-1
349,15608,562.91,212.44,41.96,91.13,1,-1,-1,-1
349,15609,70.99,113.89,132.82,310.51,1,-1,-1,-1
349,15610,237.00,199.00,30.00,93.00,1,-1,-1,-1
349,15611,217.00,198.00,35.00,105.00,1,-1,-1,-1
350,15563,402.64,184.43,58.87,132.22,1,-1,-1,-1
350,15565,475.81,187.41,52.93,128.98,1,-1,-1,-1
350,15600,254.99,188.79,36.11,116.38,1,-1,-1,-1
350,15609,55.68,107.02,141.17,332.53,1,-1,-1,-1
350,15610,221.16,198.19,33.22,102.76,1,-1,-1,-1
351,15563,402.07,184.97,59.31,131.88,1,-1,-1,-1
351,15565,475.81,188.17,52.14,126.84,1,-1,-1,-1
351,15600,255.82,188.99,35.07,115.88,1,-1,-1,-1
351,15609,49.88,104.25,143.83,341.39,1,-1,-1,-1
351,15610,217.88,198.02,33.94,104.76,1,-1,-1,-1
352,15563,401.70,185.16,59.80,131.77,1,-1,-1,-1
352,15565,475.76,188.40,51.93,126.15,1,-1,-1,-1
352,15600,256.26,189.06,34.33,115.72,1,-1,-1,-1
352,15609,48.26,103.31,144.00,344.42,1,-1,-1,-1
352,15610,216.71,197.96,34.25,105.46,1,-1,-1,-1
353,15563,401.41,185.21,60.28,131.74,1,-1,-1,-1
353,15565,475.70,188.45,51.93,125.98,1,-1,-1,-1
353,15600,256.54,189.07,33.76,115.69,1,-1,-1,-1
353,15609,48.28,103.08,143.23,345.15,1,-1,-1,-1
353,15610,216.33,197.94,34.39,105.67,1,-1,-1,-1
354,15563,401.17,185.22,60.72,131.75,1,-1,-1,-1
354,15565,475.63,188.44,52.00,125.99,1,-1,-1,-1
354,15600,256.73,189.07,33.30,115.71,1,-1,-1,-1
354,15609,48.88,103.12,142.15,345.03,1,-1,-1,-1
354,15610,216.25,197.94,34.46,105.70,1,-1,-1,-1
