1,13616,273.36,177.30,86.56,194.35,1,-1,-1,-1
1,13629,797.00,113.00,82.00,180.00,1,-1,-1,-1
1,13630,392.00,155.00,110.00,191.00,1,-1,-1,-1
2,13630,392.00,155.00,110.00,191.00,1,-1,-1,-1
3,13630,392.00,155.00,110.00,191.00,1,-1,-1,-1
4,13630,392.00,155.00,110.00,191.00,1,-1,-1,-1
5,13630,392.00,155.00,110.00,191.00,1,-1,-1,-1
6,13630,392.00,155.00,110.00,191.00,1,-1,-1,-1
7,13630,392.00,155.00,110.00,191.00,1,-1,-1,-1
7,13631,477.00,145.00,67.00,211.00,1,-1,-1,-1
8,13631,477.00,145.00,67.00,211.00,1,-1,-1,-1
9,13631,477.00,145.00,67.00,211.00,1,-1,-1,-1
10,13631,477.00,145.00,67.00,211.00,1,-1,-1,-1
11,13631,477.00,145.00,67.00,211.00,1,-1,-1,-1
12,13631,477.00,145.00,67.00,211.00,1,-1,-1,-1
13,13631,477.00,145.00,67.00,211.00,1,-1,-1,-1
13,13632,585.00,148.00,99.00,201.00,1,-1,-1,-1
14,13632,585.00,148.00,99.00,201.00,1,-1,-1,-1
15,13632,585.00,148.00,99.00,201.00,1,-1,-1,-1
16,13632,585.00,148.00,99.00,201.00,1,-1,-1,-1
17,13632,585.00,148.00,99.00,201.00,1,-1,-1,-1
18,13632,585.00,148.00,99.00,201.00,1,-1,-1,-1
19,13632,618.55,154.24,96.40,196.14,1,-1,-1,-1
19,13633,1144.00,146.00,76.00,226.00,1,-1,-1,-1
20,13632,630.74,156.50,95.32,194.39,1,-1,-1,-1
20,13633,1144.00,146.00,76.00,226.00,1,-1,-1,-1
21,13632,634.91,157.26,94.82,193.80,1,-1,-1,-1
21,13633,1144.00,146.00,76.00,226.00,1,-1,-1,-1
22,13632,636.23,157.48,94.52,193.63,1,-1,-1,-1
22,13633,1144.00,146.00,76.00,226.00,1,-1,-1,-1
23,13632,636.52,157.52,94.30,193.60,1,-1,-1,-1
23,13633,1144.00,146.00,76.00,226.00,1,-1,-1,-1
24,13632,636.48,157.49,94.11,193.62,1,-1,-1,-1
24,13633,1144.00,146.00,76.00,226.00,1,-1,-1,-1
25,13616,526.60,134.25,36.33,76.24,1,-1,-1,-1
25,13630,297.22,146.06,108.93,197.95,1,-1,-1,-1
25,13631,410.23,169.64,59.62,166.65,1,-1,-1,-1
25,13632,640.97,158.33,93.79,192.97,1,-1,-1,-1
25,13633,1144.00,146.00,76.00,226.00,1,-1,-1,-1
25,13634,742.00,133.00,81.00,233.00,1,-1,-1,-1
25,13635,786.00,128.00,67.00,246.00,1,-1,-1,-1
25,13636,941.00,136.00,87.00,250.00,1,-1,-1,-1
26,13616,527.55,133.82,37.26,75.41,1,-1,-1,-1
26,13630,297.02,145.88,105.44,198.09,1,-1,-1,-1
26,13631,405.99,170.29,64.34,165.47,1,-1,-1,-1
26,13634,742.00,133.00,81.00,233.00,1,-1,-1,-1
26,13635,786.00,128.00,67.00,246.00,1,-1,-1,-1
26,13636,941.00,136.00,87.00,250.00,1,-1,-1,-1
27,13616,528.55,133.58,37.78,74.76,1,-1,-1,-1
27,13630,297.63,145.82,102.81,198.14,1,-1,-1,-1
27,13631,403.26,170.56,68.26,164.99,1,-1,-1,-1
27,13634,742.00,133.00,81.00,233.00,1,-1,-1,-1
27,13635,786.00,128.00,67.00,246.00,1,-1,-1,-1
27,13636,941.00,136.00,87.00,250.00,1,-1,-1,-1
28,13616,528.20,133.58,38.39,74.78,1,-1,-1,-1
28,13630,298.52,145.80,100.75,198.15,1,-1,-1,-1
28,13631,401.45,170.62,71.58,164.89,1,-1,-1,-1
28,13634,742.00,133.00,81.00,233.00,1,-1,-1,-1
28,13635,786.00,128.00,67.00,246.00,1,-1,-1,-1
28,13636,941.00,136.00,87.00,250.00,1,-1,-1,-1
29,13616,527.58,133.64,38.93,74.95,1,-1,-1,-1
29,13630,299.43,145.81,99.09,198.15,1,-1,-1,-1
29,13631,400.12,170.58,74.41,164.95,1,-1,-1,-1
29,13634,742.00,133.00,81.00,233.00,1,-1,-1,-1
29,13635,786.00,128.00,67.00,246.00,1,-1,-1,-1
29,13636,941.00,136.00,87.00,250.00,1,-1,-1,-1
30,13616,527.02,133.70,39.37,75.13,1,-1,-1,-1
30,13630,300.27,145.83,97.73,198.14,1,-1,-1,-1
30,13631,399.07,170.53,76.83,165.05,1,-1,-1,-1
30,13634,742.00,133.00,81.00,233.00,1,-1,-1,-1
30,13635,786.00,128.00,67.00,246.00,1,-1,-1,-1
30,13636,941.00,136.00,87.00,250.00,1,-1,-1,-1
31,13616,530.32,133.18,38.59,73.64,1,-1,-1,-1
31,13630,297.17,145.54,97.84,198.36,1,-1,-1,-1
31,13631,396.90,171.42,76.09,163.45,1,-1,-1,-1
31,13634,742.00,133.00,81.00,233.00,1,-1,-1,-1
31,13635,786.00,128.00,67.00,246.00,1,-1,-1,-1
31,13636,897.73,133.23,85.45,243.06,1,-1,-1,-1
31,13637,813.00,153.00,106.00,213.00,1,-1,-1,-1
32,13635,825.80,148.33,63.02,219.17,1,-1,-1,-1
32,13636,881.82,132.22,85.44,240.56,1,-1,-1,-1
33,13635,832.93,152.59,64.63,213.54,1,-1,-1,-1
33,13636,876.18,131.89,86.02,239.72,1,-1,-1,-1
34,13635,834.05,153.89,67.23,211.82,1,-1,-1,-1
34,13636,874.21,131.79,86.80,239.47,1,-1,-1,-1
35,13635,833.26,154.24,70.09,211.36,1,-1,-1,-1
35,13636,873.54,131.77,87.63,239.43,1,-1,-1,-1
36,13635,831.85,154.25,72.95,211.35,1,-1,-1,-1
36,13636,873.32,131.78,88.45,239.46,1,-1,-1,-1
37,13634,687.04,175.20,64.33,177.37,1,-1,-1,-1
37,13635,836.63,156.54,71.91,208.33,1,-1,-1,-1
37,13636,867.60,131.41,88.11,238.53,1,-1,-1,-1
37,13638,482.00,155.00,56.00,211.00,1,-1,-1,-1
38,13634,683.02,177.48,65.52,174.36,1,-1,-1,-1
38,13638,482.00,155.00,56.00,211.00,1,-1,-1,-1
39,13634,681.02,178.28,67.11,173.31,1,-1,-1,-1
39,13638,482.00,155.00,56.00,211.00,1,-1,-1,-1
40,13634,679.94,178.45,68.77,173.08,1,-1,-1,-1
40,13638,482.00,155.00,56.00,211.00,1,-1,-1,-1
41,13634,679.24,178.39,70.35,173.17,1,-1,-1,-1
41,13638,482.00,155.00,56.00,211.00,1,-1,-1,-1
42,13634,678.71,178.26,71.80,173.34,1,-1,-1,-1
42,13638,482.00,155.00,56.00,211.00,1,-1,-1,-1
43,13632,539.93,128.42,115.26,242.43,1,-1,-1,-1
43,13634,650.72,133.91,96.71,239.17,1,-1,-1,-1
43,13638,482.00,155.00,56.00,211.00,1,-1,-1,-1
44,13632,538.16,127.67,114.10,243.64,1,-1,-1,-1
44,13634,641.89,119.02,103.37,261.30,1,-1,-1,-1
45,13632,537.90,127.42,113.02,244.03,1,-1,-1,-1
45,13634,638.84,112.44,105.09,271.05,1,-1,-1,-1
46,13632,538.16,127.36,112.10,244.12,1,-1,-1,-1
46,13634,638.36,109.87,104.62,274.85,1,-1,-1,-1
47,13632,538.56,127.37,111.33,244.09,1,-1,-1,-1
47,13634,638.85,108.98,103.36,276.16,1,-1,-1,-1
48,13632,538.98,127.41,110.68,244.03,1,-1,-1,-1
48,13634,639.65,108.75,101.90,276.48,1,-1,-1,-1
49,13632,535.88,126.45,111.44,245.68,1,-1,-1,-1
49,13634,634.74,104.88,104.10,282.45,1,-1,-1,-1
55,13635,776.62,129.38,89.18,244.50,1,-1,-1,-1
55,13636,875.47,124.01,100.87,260.65,1,-1,-1,-1
56,13635,773.65,128.75,92.72,245.34,1,-1,-1,-1
56,13636,874.47,123.86,104.18,261.20,1,-1,-1,-1
57,13635,772.05,128.54,95.15,245.61,1,-1,-1,-1
57,13636,873.55,123.81,106.49,261.38,1,-1,-1,-1
58,13635,771.07,128.50,96.95,245.67,1,-1,-1,-1
58,13636,872.79,123.81,108.22,261.43,1,-1,-1,-1
59,13635,770.38,128.50,98.35,245.66,1,-1,-1,-1
59,13636,872.15,123.82,109.56,261.42,1,-1,-1,-1
60,13635,769.87,128.53,99.47,245.63,1,-1,-1,-1
60,13636,871.63,123.83,110.65,261.39,1,-1,-1,-1
61,13635,768.22,127.77,99.88,246.64,1,-1,-1,-1
61,13636,871.43,123.55,110.92,262.04,1,-1,-1,-1
61,13639,604.00,125.00,43.00,108.00,1,-1,-1,-1
62,13639,604.00,125.00,43.00,108.00,1,-1,-1,-1
63,13639,604.00,125.00,43.00,108.00,1,-1,-1,-1
64,13639,604.00,125.00,43.00,108.00,1,-1,-1,-1
65,13639,604.00,125.00,43.00,108.00,1,-1,-1,-1
66,13639,604.00,125.00,43.00,108.00,1,-1,-1,-1
67,13639,604.00,125.00,43.00,108.00,1,-1,-1,-1
67,13640,624.00,148.00,48.00,95.00,1,-1,-1,-1
68,13639,624.05,143.70,39.50,97.43,1,-1,-1,-1
69,13639,627.99,147.62,39.28,95.22,1,-1,-1,-1
70,13639,628.98,148.83,39.66,94.53,1,-1,-1,-1
71,13639,629.01,149.15,40.22,94.35,1,-1,-1,-1
72,13639,628.72,149.16,40.83,94.34,1,-1,-1,-1
73,13639,631.06,151.28,40.31,93.15,1,-1,-1,-1
73,13641,660.00,143.00,46.00,109.00,1,-1,-1,-1
74,13641,660.00,143.00,46.00,109.00,1,-1,-1,-1
75,13639,656.11,144.78,45.94,106.41,1,-1,-1,-1
76,13639,659.93,143.96,46.63,108.26,1,-1,-1,-1
77,13639,661.28,143.62,46.83,108.95,1,-1,-1,-1
78,13639,661.68,143.47,46.86,109.20,1,-1,-1,-1
79,13639,665.53,144.10,47.11,109.78,1,-1,-1,-1
79,13642,692.00,136.00,47.00,140.00,1,-1,-1,-1
80,13642,692.00,136.00,47.00,140.00,1,-1,-1,-1
81,13639,684.08,137.61,56.51,135.02,1,-1,-1,-1
82,13639,687.79,136.61,56.93,139.06,1,-1,-1,-1
83,13639,689.44,136.21,56.46,140.61,1,-1,-1,-1
84,13639,690.22,136.05,55.70,141.14,1,-1,-1,-1
85,13636,743.23,152.72,53.92,134.10,1,-1,-1,-1
85,13639,694.32,135.98,56.64,143.53,1,-1,-1,-1
86,13636,742.53,153.11,51.62,132.48,1,-1,-1,-1
87,13636,742.17,153.32,50.20,131.60,1,-1,-1,-1
88,13636,742.51,153.33,49.40,131.55,1,-1,-1,-1
89,13636,742.99,153.29,48.89,131.73,1,-1,-1,-1
90,13636,743.43,153.24,48.51,131.93,1,-1,-1,-1
91,13636,741.53,153.66,47.84,130.10,1,-1,-1,-1
91,13639,699.08,147.88,38.59,96.55,1,-1,-1,-1
91,13643,623.00,142.00,46.00,104.00,1,-1,-1,-1
91,13644,794.00,144.00,65.00,162.00,1,-1,-1,-1
91,13645,575.00,134.00,46.00,120.00,1,-1,-1,-1
92,13639,698.06,148.91,37.07,91.84,1,-1,-1,-1
92,13643,623.00,142.00,46.00,104.00,1,-1,-1,-1
92,13644,794.00,144.00,65.00,162.00,1,-1,-1,-1
92,13645,575.00,134.00,46.00,120.00,1,-1,-1,-1
93,13639,698.03,149.18,36.93,90.78,1,-1,-1,-1
93,13643,623.00,142.00,46.00,104.00,1,-1,-1,-1
93,13644,794.00,144.00,65.00,162.00,1,-1,-1,-1
93,13645,575.00,134.00,46.00,120.00,1,-1,-1,-1
94,13639,697.89,149.26,37.04,90.46,1,-1,-1,-1
94,13643,623.00,142.00,46.00,104.00,1,-1,-1,-1
94,13644,794.00,144.00,65.00,162.00,1,-1,-1,-1
94,13645,575.00,134.00,46.00,120.00,1,-1,-1,-1
95,13639,697.70,149.26,37.22,90.40,1,-1,-1,-1
95,13643,623.00,142.00,46.00,104.00,1,-1,-1,-1
95,13644,794.00,144.00,65.00,162.00,1,-1,-1,-1
95,13645,575.00,134.00,46.00,120.00,1,-1,-1,-1
96,13639,697.50,149.23,37.40,90.44,1,-1,-1,-1
96,13643,623.00,142.00,46.00,104.00,1,-1,-1,-1
96,13644,794.00,144.00,65.00,162.00,1,-1,-1,-1
96,13645,575.00,134.00,46.00,120.00,1,-1,-1,-1
97,13636,720.38,145.43,41.12,108.43,1,-1,-1,-1
97,13639,698.86,149.63,37.00,89.45,1,-1,-1,-1
97,13643,638.72,142.69,47.85,108.86,1,-1,-1,-1
97,13644,794.00,144.00,65.00,162.00,1,-1,-1,-1
97,13645,575.00,134.00,46.00,120.00,1,-1,-1,-1
97,13646,608.00,127.00,48.00,131.00,1,-1,-1,-1
97,13647,859.00,154.00,86.00,185.00,1,-1,-1,-1
98,13636,718.92,144.96,41.64,107.36,1,-1,-1,-1
98,13643,644.41,142.94,48.31,110.58,1,-1,-1,-1
98,13645,601.00,128.31,49.28,128.94,1,-1,-1,-1
98,13647,859.00,154.00,86.00,185.00,1,-1,-1,-1
99,13636,718.20,144.81,42.20,106.96,1,-1,-1,-1
99,13643,646.54,143.03,48.26,111.20,1,-1,-1,-1
99,13645,606.41,127.14,49.84,130.78,1,-1,-1,-1
99,13647,859.00,154.00,86.00,185.00,1,-1,-1,-1
100,13636,717.85,144.78,42.74,106.90,1,-1,-1,-1
100,13643,647.30,143.06,48.04,111.39,1,-1,-1,-1
100,13645,608.33,126.73,49.93,131.42,1,-1,-1,-1
100,13647,859.00,154.00,86.00,185.00,1,-1,-1,-1
101,13636,717.68,144.78,43.23,106.96,1,-1,-1,-1
101,13643,647.57,143.06,47.76,111.42,1,-1,-1,-1
101,13645,608.94,126.61,49.86,131.61,1,-1,-1,-1
101,13647,859.00,154.00,86.00,185.00,1,-1,-1,-1
102,13636,717.57,144.80,43.66,107.05,1,-1,-1,-1
102,13643,647.65,143.06,47.46,111.40,1,-1,-1,-1
102,13645,609.07,126.60,49.74,131.63,1,-1,-1,-1
102,13647,859.00,154.00,86.00,185.00,1,-1,-1,-1
103,13636,716.05,144.45,43.01,105.46,1,-1,-1,-1
103,13639,746.24,149.14,45.17,112.58,1,-1,-1,-1
103,13643,649.08,143.71,50.31,119.92,1,-1,-1,-1
103,13645,610.50,120.72,56.51,152.59,1,-1,-1,-1
103,13647,859.00,154.00,86.00,185.00,1,-1,-1,-1
103,13648,959.00,162.00,78.00,202.00,1,-1,-1,-1
104,13639,749.69,149.11,44.65,114.01,1,-1,-1,-1
104,13643,649.83,143.95,50.87,123.07,1,-1,-1,-1
104,13645,611.46,118.57,58.21,160.23,1,-1,-1,-1
104,13648,959.00,162.00,78.00,202.00,1,-1,-1,-1
105,13639,751.11,149.09,43.98,114.52,1,-1,-1,-1
105,13643,650.26,144.04,50.65,124.26,1,-1,-1,-1
105,13645,612.03,117.72,58.25,163.28,1,-1,-1,-1
105,13648,959.00,162.00,78.00,202.00,1,-1,-1,-1
106,13639,751.72,149.08,43.32,114.68,1,-1,-1,-1
106,13643,650.55,144.07,50.14,124.67,1,-1,-1,-1
106,13645,612.44,117.44,57.64,164.37,1,-1,-1,-1
106,13648,959.00,162.00,78.00,202.00,1,-1,-1,-1
107,13639,752.00,149.07,42.73,114.71,1,-1,-1,-1
107,13643,650.79,144.08,49.57,124.77,1,-1,-1,-1
107,13645,612.79,117.36,56.83,164.69,1,-1,-1,-1
107,13648,959.00,162.00,78.00,202.00,1,-1,-1,-1
108,13639,752.13,149.07,42.21,114.68,1,-1,-1,-1
108,13643,650.99,144.07,49.00,124.76,1,-1,-1,-1
108,13645,613.10,117.37,55.99,164.71,1,-1,-1,-1
108,13648,959.00,162.00,78.00,202.00,1,-1,-1,-1
109,13639,755.53,149.17,42.61,115.78,1,-1,-1,-1
109,13643,652.32,144.20,49.50,126.04,1,-1,-1,-1
109,13645,621.37,122.55,54.62,160.13,1,-1,-1,-1
109,13648,959.00,162.00,78.00,202.00,1,-1,-1,-1
109,13649,783.00,143.00,42.00,131.00,1,-1,-1,-1
109,13650,1105.00,153.00,81.00,228.00,1,-1,-1,-1
110,13639,775.18,144.52,46.25,127.59,1,-1,-1,-1
110,13645,624.46,124.61,54.14,158.23,1,-1,-1,-1
110,13650,1105.00,153.00,81.00,228.00,1,-1,-1,-1
111,13639,780.39,143.46,46.67,130.46,1,-1,-1,-1
111,13645,625.51,125.40,54.02,157.45,1,-1,-1,-1
111,13650,1105.00,153.00,81.00,228.00,1,-1,-1,-1
112,13639,782.46,143.05,46.51,131.52,1,-1,-1,-1
112,13645,625.80,125.71,54.04,157.10,1,-1,-1,-1
112,13650,1105.00,153.00,81.00,228.00,1,-1,-1,-1
113,13639,783.26,142.91,46.17,131.88,1,-1,-1,-1
113,13645,625.79,125.83,54.10,156.91,1,-1,-1,-1
113,13650,1105.00,153.00,81.00,228.00,1,-1,-1,-1
114,13639,783.55,142.86,45.79,131.96,1,-1,-1,-1
114,13645,625.69,125.89,54.17,156.79,1,-1,-1,-1
114,13650,1105.00,153.00,81.00,228.00,1,-1,-1,-1
115,13639,787.42,142.57,46.38,133.64,1,-1,-1,-1
115,13643,703.02,145.92,62.66,154.41,1,-1,-1,-1
115,13645,627.56,125.75,54.60,158.02,1,-1,-1,-1
115,13650,1105.00,153.00,81.00,228.00,1,-1,-1,-1
115,13651,832.00,137.00,36.00,153.00,1,-1,-1,-1
116,13639,816.51,138.29,49.75,148.68,1,-1,-1,-1
116,13643,705.86,146.04,65.10,156.39,1,-1,-1,-1
117,13639,824.41,137.26,49.36,152.40,1,-1,-1,-1
117,13643,706.50,146.08,66.75,157.10,1,-1,-1,-1
118,13639,827.77,136.87,48.37,153.78,1,-1,-1,-1
118,13643,706.33,146.09,67.98,157.30,1,-1,-1,-1
119,13639,829.27,136.74,47.25,154.25,1,-1,-1,-1
119,13643,705.88,146.09,68.96,157.31,1,-1,-1,-1
120,13639,830.00,136.70,46.17,154.35,1,-1,-1,-1
120,13643,705.37,146.09,69.77,157.25,1,-1,-1,-1
121,13639,834.93,136.17,46.86,156.68,1,-1,-1,-1
121,13643,723.90,156.38,70.39,162.95,1,-1,-1,-1
121,13652,881.00,146.00,36.00,135.00,1,-1,-1,-1
122,13639,869.46,143.45,41.65,140.92,1,-1,-1,-1
122,13643,731.39,160.30,69.61,165.09,1,-1,-1,-1
123,13639,878.46,145.21,40.12,137.18,1,-1,-1,-1
123,13643,734.62,161.80,68.43,165.85,1,-1,-1,-1
124,13639,881.60,145.79,39.40,135.94,1,-1,-1,-1
124,13643,736.10,162.35,67.19,166.08,1,-1,-1,-1
125,13639,882.68,146.01,38.94,135.48,1,-1,-1,-1
125,13643,736.88,162.53,66.02,166.10,1,-1,-1,-1
126,13639,882.95,146.08,38.60,135.29,1,-1,-1,-1
126,13643,737.35,162.56,64.94,166.05,1,-1,-1,-1
127,13639,888.60,146.28,38.69,135.59,1,-1,-1,-1
127,13643,740.85,163.54,65.61,167.75,1,-1,-1,-1
127,13645,704.15,155.10,70.27,205.07,1,-1,-1,-1
127,13648,777.79,161.01,75.02,204.98,1,-1,-1,-1
128,13645,707.10,156.25,70.43,206.75,1,-1,-1,-1
128,13648,775.55,160.99,72.15,205.04,1,-1,-1,-1
129,13645,708.22,156.65,70.31,207.34,1,-1,-1,-1
129,13648,775.28,160.98,70.00,205.06,1,-1,-1,-1
130,13645,708.59,156.77,70.11,207.48,1,-1,-1,-1
130,13648,775.85,160.98,68.32,205.07,1,-1,-1,-1
131,13645,708.66,156.77,69.89,207.46,1,-1,-1,-1
131,13648,776.68,160.98,66.98,205.06,1,-1,-1,-1
132,13645,708.61,156.73,69.70,207.38,1,-1,-1,-1
132,13648,777.53,160.98,65.87,205.06,1,-1,-1,-1
133,13643,826.69,160.68,83.42,216.96,1,-1,-1,-1
133,13645,741.13,152.17,71.35,213.08,1,-1,-1,-1
133,13648,771.75,160.95,65.90,205.15,1,-1,-1,-1
134,13643,833.30,160.40,83.61,220.46,1,-1,-1,-1
134,13645,753.49,150.41,71.84,215.21,1,-1,-1,-1
135,13643,835.95,160.28,83.15,221.73,1,-1,-1,-1
135,13645,758.18,149.70,71.90,215.96,1,-1,-1,-1
136,13643,836.99,160.22,82.51,222.11,1,-1,-1,-1
136,13645,759.85,149.41,71.80,216.17,1,-1,-1,-1
137,13643,837.37,160.19,81.86,222.15,1,-1,-1,-1
137,13645,760.34,149.28,71.66,216.18,1,-1,-1,-1
138,13643,837.48,160.17,81.26,222.06,1,-1,-1,-1
138,13645,760.39,149.22,71.51,216.12,1,-1,-1,-1
139,13643,819.44,142.19,87.29,239.89,1,-1,-1,-1
139,13645,765.34,149.53,72.11,217.94,1,-1,-1,-1
139,13650,935.25,169.93,77.90,196.13,1,-1,-1,-1
139,13653,1107.00,166.00,79.00,171.00,1,-1,-1,-1
140,13643,812.76,135.41,89.28,246.60,1,-1,-1,-1
140,13650,930.34,170.16,83.01,195.69,1,-1,-1,-1
140,13653,1107.00,166.00,79.00,171.00,1,-1,-1,-1
141,13643,810.01,132.71,89.81,249.16,1,-1,-1,-1
141,13650,927.55,170.26,86.64,195.51,1,-1,-1,-1
141,13653,1107.00,166.00,79.00,171.00,1,-1,-1,-1
142,13643,808.91,131.68,89.78,250.02,1,-1,-1,-1
142,13650,926.02,170.28,89.39,195.48,1,-1,-1,-1
142,13653,1107.00,166.00,79.00,171.00,1,-1,-1,-1
143,13643,808.48,131.33,89.54,250.23,1,-1,-1,-1
143,13650,925.11,170.26,91.55,195.51,1,-1,-1,-1
143,13653,1107.00,166.00,79.00,171.00,1,-1,-1,-1
144,13643,808.31,131.24,89.25,250.19,1,-1,-1,-1
144,13650,924.49,170.23,93.29,195.56,1,-1,-1,-1
144,13653,1107.00,166.00,79.00,171.00,1,-1,-1,-1
145,13643,810.56,129.89,90.53,253.77,1,-1,-1,-1
145,13650,910.80,138.41,109.25,232.05,1,-1,-1,-1
145,13653,1096.75,173.63,83.55,175.86,1,-1,-1,-1
