1,9443,84.50,125.28,72.93,222.13,1,-1,-1,-1
144,9448,122.00,156.00,72.00,238.00,1,-1,-1,-1
145,9448,122.00,156.00,72.00,238.00,1,-1,-1,-1
146,9448,122.00,156.00,72.00,238.00,1,-1,-1,-1
147,9448,122.00,156.00,72.00,238.00,1,-1,-1,-1
148,9448,122.00,156.00,72.00,238.00,1,-1,-1,-1
149,9448,122.00,156.00,72.00,238.00,1,-1,-1,-1
150,9448,122.00,156.00,72.00,238.00,1,-1,-1,-1
151,9448,122.00,156.00,72.00,238.00,1,-1,-1,-1
152,9448,122.00,156.00,72.00,238.00,1,-1,-1,-1
153,9448,122.00,156.00,72.00,238.00,1,-1,-1,-1
154,9448,122.00,156.00,72.00,238.00,1,-1,-1,-1
155,9448,122.00,156.00,72.00,238.00,1,-1,-1,-1
254,9449,80.00,166.00,60.00,200.00,1,-1,-1,-1
254,9450,180.00,184.00,58.00,162.00,1,-1,-1,-1
255,9449,80.00,166.00,60.00,200.00,1,-1,-1,-1
255,9450,180.00,184.00,58.00,162.00,1,-1,-1,-1
256,9449,80.00,166.00,60.00,200.00,1,-1,-1,-1
256,9450,180.00,184.00,58.00,162.00,1,-1,-1,-1
257,9449,80.00,166.00,60.00,200.00,1,-1,-1,-1
257,9450,180.00,184.00,58.00,162.00,1,-1,-1,-1
258,9449,80.00,166.00,60.00,200.00,1,-1,-1,-1
258,9450,180.00,184.00,58.00,162.00,1,-1,-1,-1
259,9449,80.00,166.00,60.00,200.00,1,-1,-1,-1
259,9450,180.00,184.00,58.00,162.00,1,-1,-1,-1
260,9449,80.00,166.00,60.00,200.00,1,-1,-1,-1
260,9450,180.00,184.00,58.00,162.00,1,-1,-1,-1
261,9449,80.00,166.00,60.00,200.00,1,-1,-1,-1
261,9450,180.00,184.00,58.00,162.00,1,-1,-1,-1
262,9449,80.00,166.00,60.00,200.00,1,-1,-1,-1
262,9450,180.00,184.00,58.00,162.00,1,-1,-1,-1
263,9449,80.00,166.00,60.00,200.00,1,-1,-1,-1
263,9450,180.00,184.00,58.00,162.00,1,-1,-1,-1
264,9449,80.00,166.00,60.00,200.00,1,-1,-1,-1
264,9450,180.00,184.00,58.00,162.00,1,-1,-1,-1
265,9449,80.00,166.00,60.00,200.00,1,-1,-1,-1
265,9450,180.00,184.00,58.00,162.00,1,-1,-1,-1
276,9451,80.00,66.00,120.00,380.00,1,-1,-1,-1
276,9452,268.00,166.00,74.00,154.00,1,-1,-1,-1
277,9451,80.00,66.00,120.00,380.00,1,-1,-1,-1
277,9452,268.00,166.00,74.00,154.00,1,-1,-1,-1
278,9451,80.00,66.00,120.00,380.00,1,-1,-1,-1
278,9452,268.00,166.00,74.00,154.00,1,-1,-1,-1
279,9451,80.00,66.00,120.00,380.00,1,-1,-1,-1
279,9452,268.00,166.00,74.00,154.00,1,-1,-1,-1
280,9451,80.00,66.00,120.00,380.00,1,-1,-1,-1
280,9452,268.00,166.00,74.00,154.00,1,-1,-1,-1
281,9451,80.00,66.00,120.00,380.00,1,-1,-1,-1
281,9452,268.00,166.00,74.00,154.00,1,-1,-1,-1
282,9451,80.00,66.00,120.00,380.00,1,-1,-1,-1
282,9452,268.00,166.00,74.00,154.00,1,-1,-1,-1
283,9451,80.00,66.00,120.00,380.00,1,-1,-1,-1
283,9452,268.00,166.00,74.00,154.00,1,-1,-1,-1
284,9451,80.00,66.00,120.00,380.00,1,-1,-1,-1
284,9452,268.00,166.00,74.00,154.00,1,-1,-1,-1
285,9451,80.00,66.00,120.00,380.00,1,-1,-1,-1
285,9452,268.00,166.00,74.00,154.00,1,-1,-1,-1
286,9451,80.00,66.00,120.00,380.00,1,-1,-1,-1
286,9452,268.00,166.00,74.00,154.00,1,-1,-1,-1
287,9451,80.00,66.00,120.00,380.00,1,-1,-1,-1
287,9452,268.00,166.00,74.00,154.00,1,-1,-1,-1
309,9453,404.00,182.00,62.00,136.00,1,-1,-1,-1
310,9453,404.00,182.00,62.00,136.00,1,-1,-1,-1
311,9453,404.00,182.00,62.00,136.00,1,-1,-1,-1
312,9453,404.00,182.00,62.00,136.00,1,-1,-1,-1
313,9453,404.00,182.00,62.00,136.00,1,-1,-1,-1
314,9453,404.00,182.00,62.00,136.00,1,-1,-1,-1
315,9453,404.00,182.00,62.00,136.00,1,-1,-1,-1
316,9453,404.00,182.00,62.00,136.00,1,-1,-1,-1
317,9453,404.00,182.00,62.00,136.00,1,-1,-1,-1
318,9453,404.00,182.00,62.00,136.00,1,-1,-1,-1
319,9453,404.00,182.00,62.00,136.00,1,-1,-1,-1
320,9453,404.00,182.00,62.00,136.00,1,-1,-1,-1
342,9453,400.00,178.03,64.05,145.93,1,-1,-1,-1
342,9454,116.00,158.00,72.00,210.00,1,-1,-1,-1
342,9455,182.00,172.00,46.00,188.00,1,-1,-1,-1
343,9453,400.70,177.95,62.54,146.11,1,-1,-1,-1
343,9454,116.00,158.00,72.00,210.00,1,-1,-1,-1
343,9455,182.00,172.00,46.00,188.00,1,-1,-1,-1
344,9453,401.22,177.93,61.45,146.18,1,-1,-1,-1
344,9454,116.00,158.00,72.00,210.00,1,-1,-1,-1
344,9455,182.00,172.00,46.00,188.00,1,-1,-1,-1
345,9453,401.63,177.92,60.63,146.19,1,-1,-1,-1
345,9454,116.00,158.00,72.00,210.00,1,-1,-1,-1
345,9455,182.00,172.00,46.00,188.00,1,-1,-1,-1
346,9453,401.95,177.93,59.99,146.18,1,-1,-1,-1
346,9454,116.00,158.00,72.00,210.00,1,-1,-1,-1
346,9455,182.00,172.00,46.00,188.00,1,-1,-1,-1
347,9453,402.21,177.93,59.47,146.17,1,-1,-1,-1
347,9454,116.00,158.00,72.00,210.00,1,-1,-1,-1
347,9455,182.00,172.00,46.00,188.00,1,-1,-1,-1
348,9453,402.43,177.94,59.04,146.15,1,-1,-1,-1
348,9454,116.00,158.00,72.00,210.00,1,-1,-1,-1
348,9455,182.00,172.00,46.00,188.00,1,-1,-1,-1
349,9453,402.62,177.94,58.69,146.14,1,-1,-1,-1
349,9454,116.00,158.00,72.00,210.00,1,-1,-1,-1
349,9455,182.00,172.00,46.00,188.00,1,-1,-1,-1
350,9453,402.77,177.95,58.38,146.13,1,-1,-1,-1
350,9454,116.00,158.00,72.00,210.00,1,-1,-1,-1
350,9455,182.00,172.00,46.00,188.00,1,-1,-1,-1
351,9453,402.91,177.95,58.12,146.11,1,-1,-1,-1
351,9454,116.00,158.00,72.00,210.00,1,-1,-1,-1
351,9455,182.00,172.00,46.00,188.00,1,-1,-1,-1
352,9453,403.02,177.96,57.89,146.10,1,-1,-1,-1
352,9454,116.00,158.00,72.00,210.00,1,-1,-1,-1
352,9455,182.00,172.00,46.00,188.00,1,-1,-1,-1
353,9453,402.94,177.89,57.96,146.27,1,-1,-1,-1
353,9454,116.00,158.00,72.00,210.00,1,-1,-1,-1
353,9455,182.00,172.00,46.00,188.00,1,-1,-1,-1
