1,2862,675.22,284.00,218.79,594.70,1,-1,-1,-1
49,2863,1220.00,412.00,138.00,340.00,1,-1,-1,-1
49,2864,528.00,388.00,161.00,398.00,1,-1,-1,-1
50,2863,1220.00,412.00,138.00,340.00,1,-1,-1,-1
50,2864,528.00,388.00,161.00,398.00,1,-1,-1,-1
51,2863,1220.00,412.00,138.00,340.00,1,-1,-1,-1
51,2864,528.00,388.00,161.00,398.00,1,-1,-1,-1
52,2863,1220.00,412.00,138.00,340.00,1,-1,-1,-1
52,2864,528.00,388.00,161.00,398.00,1,-1,-1,-1
53,2863,1220.00,412.00,138.00,340.00,1,-1,-1,-1
53,2864,528.00,388.00,161.00,398.00,1,-1,-1,-1
54,2863,1220.00,412.00,138.00,340.00,1,-1,-1,-1
54,2864,528.00,388.00,161.00,398.00,1,-1,-1,-1
55,2863,1220.00,412.00,138.00,340.00,1,-1,-1,-1
55,2864,528.00,388.00,161.00,398.00,1,-1,-1,-1
56,2863,1220.00,412.00,138.00,340.00,1,-1,-1,-1
56,2864,528.00,388.00,161.00,398.00,1,-1,-1,-1
57,2863,1227.91,418.09,141.13,350.83,1,-1,-1,-1
57,2864,528.00,388.00,161.00,398.00,1,-1,-1,-1
58,2863,1231.20,420.31,141.47,354.78,1,-1,-1,-1
59,2863,1232.78,421.12,140.81,356.22,1,-1,-1,-1
60,2863,1233.69,421.39,139.82,356.69,1,-1,-1,-1
61,2863,1234.33,421.45,138.74,356.80,1,-1,-1,-1
62,2863,1234.85,421.44,137.68,356.79,1,-1,-1,-1
63,2863,1235.30,421.41,136.68,356.73,1,-1,-1,-1
64,2863,1235.72,421.38,135.73,356.67,1,-1,-1,-1
65,2863,1236.46,421.98,136.14,357.75,1,-1,-1,-1
73,2863,1327.29,370.60,211.23,571.51,1,-1,-1,-1
74,2863,1343.46,367.20,209.27,582.54,1,-1,-1,-1
75,2863,1351.44,365.89,205.79,586.49,1,-1,-1,-1
76,2863,1355.50,365.45,202.16,587.64,1,-1,-1,-1
77,2863,1357.83,365.35,198.82,587.75,1,-1,-1,-1
78,2863,1359.36,365.39,195.84,587.46,1,-1,-1,-1
79,2863,1360.47,365.47,193.22,587.02,1,-1,-1,-1
80,2863,1361.33,365.57,190.92,586.53,1,-1,-1,-1
81,2863,1429.56,349.67,190.23,582.83,1,-1,-1,-1
82,2863,1455.69,343.58,190.10,581.09,1,-1,-1,-1
83,2863,1465.35,341.34,190.19,580.15,1,-1,-1,-1
84,2863,1468.63,340.58,190.35,579.54,1,-1,-1,-1
85,2863,1469.48,340.39,190.51,579.08,1,-1,-1,-1
86,2863,1469.41,340.41,190.66,578.69,1,-1,-1,-1
87,2863,1469.01,340.51,190.80,578.34,1,-1,-1,-1
88,2863,1468.53,340.63,190.92,578.03,1,-1,-1,-1
89,2863,1475.74,338.43,192.50,582.82,1,-1,-1,-1
169,2865,1664.00,323.00,187.00,655.00,1,-1,-1,-1
170,2865,1664.00,323.00,187.00,655.00,1,-1,-1,-1
171,2865,1664.00,323.00,187.00,655.00,1,-1,-1,-1
172,2865,1664.00,323.00,187.00,655.00,1,-1,-1,-1
173,2865,1664.00,323.00,187.00,655.00,1,-1,-1,-1
174,2865,1664.00,323.00,187.00,655.00,1,-1,-1,-1
175,2865,1664.00,323.00,187.00,655.00,1,-1,-1,-1
176,2865,1664.00,323.00,187.00,655.00,1,-1,-1,-1
177,2865,1621.93,322.32,185.20,645.53,1,-1,-1,-1
178,2865,1606.12,322.07,185.08,642.03,1,-1,-1,-1
179,2865,1600.28,321.99,185.59,640.80,1,-1,-1,-1
180,2865,1598.14,321.96,186.30,640.40,1,-1,-1,-1
181,2865,1597.35,321.95,187.06,640.31,1,-1,-1,-1
182,2865,1597.06,321.95,187.81,640.33,1,-1,-1,-1
183,2865,1596.93,321.96,188.51,640.38,1,-1,-1,-1
184,2865,1596.87,321.96,189.17,640.44,1,-1,-1,-1
185,2865,1627.70,300.26,170.76,562.23,1,-1,-1,-1
186,2865,1637.86,287.63,174.99,567.71,1,-1,-1,-1
187,2865,1640.49,283.41,177.91,569.55,1,-1,-1,-1
188,2865,1640.78,281.96,180.36,570.46,1,-1,-1,-1
189,2865,1640.25,281.55,182.52,571.01,1,-1,-1,-1
190,2865,1639.47,281.50,184.45,571.40,1,-1,-1,-1
191,2865,1638.65,281.58,186.19,571.70,1,-1,-1,-1
192,2865,1637.86,281.70,187.77,571.94,1,-1,-1,-1
193,2865,1645.29,327.19,181.43,542.57,1,-1,-1,-1
194,2865,1647.26,344.65,180.69,531.54,1,-1,-1,-1
195,2865,1647.14,350.88,182.04,527.73,1,-1,-1,-1
196,2865,1646.33,353.04,184.02,526.52,1,-1,-1,-1
197,2865,1645.32,353.71,186.11,526.27,1,-1,-1,-1
198,2865,1644.31,353.83,188.11,526.35,1,-1,-1,-1
199,2865,1643.35,353.75,189.97,526.55,1,-1,-1,-1
200,2865,1642.47,353.62,191.67,526.77,1,-1,-1,-1
201,2865,1643.65,356.30,190.34,523.11,1,-1,-1,-1
209,2865,1654.96,379.91,199.15,540.14,1,-1,-1,-1
210,2865,1654.49,380.91,201.56,541.21,1,-1,-1,-1
211,2865,1653.88,381.25,203.30,541.58,1,-1,-1,-1
212,2865,1653.26,381.30,204.67,541.73,1,-1,-1,-1
213,2865,1652.68,381.25,205.79,541.80,1,-1,-1,-1
214,2865,1652.18,381.16,206.73,541.84,1,-1,-1,-1
215,2865,1651.73,381.06,207.54,541.86,1,-1,-1,-1
216,2865,1651.34,380.96,208.23,541.87,1,-1,-1,-1
217,2865,1652.11,382.52,208.16,541.68,1,-1,-1,-1
225,2865,1346.30,361.54,213.91,562.94,1,-1,-1,-1
226,2865,1325.03,358.27,215.89,574.89,1,-1,-1,-1
227,2865,1318.15,357.16,215.38,578.94,1,-1,-1,-1
228,2865,1316.52,356.76,214.29,580.42,1,-1,-1,-1
229,2865,1316.85,356.63,213.12,580.92,1,-1,-1,-1
230,2865,1317.83,356.61,212.03,581.04,1,-1,-1,-1
231,2865,1318.96,356.62,211.05,581.03,1,-1,-1,-1
232,2865,1320.07,356.65,210.19,580.96,1,-1,-1,-1
233,2865,1331.76,336.50,188.78,514.48,1,-1,-1,-1
233,2866,1649.00,358.00,213.00,520.00,1,-1,-1,-1
234,2865,1341.02,333.39,177.64,477.25,1,-1,-1,-1
234,2866,1649.87,351.14,211.26,514.86,1,-1,-1,-1
235,2865,1343.95,332.37,175.03,464.41,1,-1,-1,-1
235,2866,1649.79,350.00,211.42,514.00,1,-1,-1,-1
236,2865,1344.60,332.08,175.31,460.12,1,-1,-1,-1
236,2866,1649.51,349.71,211.99,513.78,1,-1,-1,-1
237,2865,1344.54,332.04,176.50,458.82,1,-1,-1,-1
237,2866,1649.13,349.68,212.74,513.76,1,-1,-1,-1
238,2865,1344.26,332.09,177.92,458.61,1,-1,-1,-1
238,2866,1648.70,349.71,213.60,513.78,1,-1,-1,-1
239,2865,1343.92,332.17,179.33,458.77,1,-1,-1,-1
239,2866,1648.24,349.75,214.51,513.82,1,-1,-1,-1
240,2865,1343.59,332.25,180.64,459.04,1,-1,-1,-1
240,2866,1647.78,349.79,215.45,513.84,1,-1,-1,-1
241,2865,1343.97,320.43,223.40,577.01,1,-1,-1,-1
241,2866,1647.83,349.45,215.34,513.59,1,-1,-1,-1
242,2865,1345.22,316.23,235.78,618.13,1,-1,-1,-1
243,2865,1346.85,314.54,239.17,635.58,1,-1,-1,-1
244,2865,1348.47,313.94,238.72,642.32,1,-1,-1,-1
245,2865,1349.95,313.78,236.89,644.65,1,-1,-1,-1
246,2865,1351.29,313.78,234.68,645.27,1,-1,-1,-1
247,2865,1352.50,313.84,232.47,645.22,1,-1,-1,-1
248,2865,1353.60,313.92,230.38,644.95,1,-1,-1,-1
249,2865,1351.88,312.21,233.22,652.89,1,-1,-1,-1
273,2865,1476.48,280.89,215.25,615.58,1,-1,-1,-1
274,2865,1480.43,280.66,211.65,613.35,1,-1,-1,-1
275,2865,1482.38,280.50,209.53,612.72,1,-1,-1,-1
276,2865,1483.29,280.48,208.08,612.54,1,-1,-1,-1
277,2865,1483.72,280.51,207.02,612.51,1,-1,-1,-1
278,2865,1483.96,280.57,206.20,612.55,1,-1,-1,-1
279,2865,1484.12,280.62,205.54,612.59,1,-1,-1,-1
280,2865,1484.23,280.66,204.99,612.63,1,-1,-1,-1
281,2865,1486.32,280.11,204.79,612.04,1,-1,-1,-1
305,2865,1513.56,230.22,180.26,533.38,1,-1,-1,-1
306,2865,1513.28,229.50,180.93,532.22,1,-1,-1,-1
307,2865,1513.05,229.21,181.48,531.76,1,-1,-1,-1
308,2865,1512.81,229.16,181.96,531.68,1,-1,-1,-1
309,2865,1512.58,229.21,182.37,531.76,1,-1,-1,-1
310,2865,1512.38,229.28,182.71,531.88,1,-1,-1,-1
311,2865,1512.21,229.36,182.99,531.99,1,-1,-1,-1
312,2865,1512.07,229.43,183.23,532.10,1,-1,-1,-1
313,2865,1512.63,228.50,182.73,530.65,1,-1,-1,-1
385,2867,395.00,279.00,141.00,378.00,1,-1,-1,-1
386,2867,395.00,279.00,141.00,378.00,1,-1,-1,-1
387,2867,395.00,279.00,141.00,378.00,1,-1,-1,-1
388,2867,395.00,279.00,141.00,378.00,1,-1,-1,-1
389,2867,395.00,279.00,141.00,378.00,1,-1,-1,-1
390,2867,395.00,279.00,141.00,378.00,1,-1,-1,-1
391,2867,395.00,279.00,141.00,378.00,1,-1,-1,-1
392,2867,395.00,279.00,141.00,378.00,1,-1,-1,-1
393,2867,395.00,279.00,141.00,378.00,1,-1,-1,-1
393,2868,286.00,237.00,177.00,513.00,1,-1,-1,-1
394,2868,286.00,237.00,177.00,513.00,1,-1,-1,-1
395,2868,286.00,237.00,177.00,513.00,1,-1,-1,-1
396,2868,286.00,237.00,177.00,513.00,1,-1,-1,-1
397,2868,286.00,237.00,177.00,513.00,1,-1,-1,-1
398,2868,286.00,237.00,177.00,513.00,1,-1,-1,-1
399,2868,286.00,237.00,177.00,513.00,1,-1,-1,-1
400,2868,286.00,237.00,177.00,513.00,1,-1,-1,-1
401,2867,152.64,279.00,167.43,442.78,1,-1,-1,-1
401,2868,286.00,237.00,177.00,513.00,1,-1,-1,-1
402,2867,120.80,222.44,192.60,518.09,1,-1,-1,-1
403,2867,101.56,218.21,196.36,528.22,1,-1,-1,-1
433,2869,379.00,295.00,151.00,326.00,1,-1,-1,-1
434,2869,379.00,295.00,151.00,326.00,1,-1,-1,-1
435,2869,379.00,295.00,151.00,326.00,1,-1,-1,-1
436,2869,379.00,295.00,151.00,326.00,1,-1,-1,-1
437,2869,379.00,295.00,151.00,326.00,1,-1,-1,-1
438,2869,379.00,295.00,151.00,326.00,1,-1,-1,-1
439,2869,379.00,295.00,151.00,326.00,1,-1,-1,-1
440,2869,379.00,295.00,151.00,326.00,1,-1,-1,-1
441,2869,367.07,290.94,164.72,356.45,1,-1,-1,-1
442,2869,362.91,289.48,169.38,367.40,1,-1,-1,-1
443,2869,361.46,288.93,170.90,371.55,1,-1,-1,-1
444,2869,361.09,288.74,171.18,372.95,1,-1,-1,-1
445,2869,361.12,288.69,170.99,373.32,1,-1,-1,-1
446,2869,361.30,288.69,170.64,373.29,1,-1,-1,-1
447,2869,361.51,288.71,170.26,373.15,1,-1,-1,-1
448,2869,361.73,288.74,169.89,372.96,1,-1,-1,-1
449,2869,360.49,288.32,171.32,376.11,1,-1,-1,-1
465,2869,352.18,285.92,194.21,433.86,1,-1,-1,-1
466,2869,353.25,285.91,192.40,435.08,1,-1,-1,-1
467,2869,354.06,285.90,190.88,435.55,1,-1,-1,-1
468,2869,354.72,285.90,189.59,435.64,1,-1,-1,-1
469,2869,355.27,285.91,188.51,435.57,1,-1,-1,-1
470,2869,355.72,285.92,187.60,435.46,1,-1,-1,-1
471,2869,356.11,285.92,186.83,435.33,1,-1,-1,-1
472,2869,356.43,285.93,186.18,435.21,1,-1,-1,-1
473,2869,293.57,272.26,200.49,477.44,1,-1,-1,-1
474,2869,269.18,265.31,201.16,486.77,1,-1,-1,-1
475,2869,260.33,262.55,199.76,490.31,1,-1,-1,-1
476,2869,257.84,261.53,197.73,491.50,1,-1,-1,-1
477,2869,257.74,261.20,195.62,491.78,1,-1,-1,-1
478,2869,258.49,261.12,193.62,491.73,1,-1,-1,-1
479,2869,259.49,261.14,191.80,491.56,1,-1,-1,-1
480,2869,260.51,261.20,190.15,491.36,1,-1,-1,-1
481,2869,252.26,289.79,186.38,476.90,1,-1,-1,-1
482,2869,248.86,300.85,185.77,471.17,1,-1,-1,-1
483,2869,247.33,304.95,186.35,468.97,1,-1,-1,-1
484,2869,246.54,306.42,187.30,468.09,1,-1,-1,-1
485,2869,246.05,306.91,188.33,467.73,1,-1,-1,-1
486,2869,245.71,307.02,189.32,467.56,1,-1,-1,-1
487,2869,245.43,307.00,190.23,467.46,1,-1,-1,-1
488,2869,245.19,306.93,191.07,467.40,1,-1,-1,-1
489,2869,233.93,299.02,208.05,514.39,1,-1,-1,-1
490,2869,230.44,296.10,212.97,531.69,1,-1,-1,-1
491,2869,229.73,294.90,213.79,538.49,1,-1,-1,-1
492,2869,230.08,294.41,213.05,540.96,1,-1,-1,-1
493,2869,230.78,294.22,211.79,541.73,1,-1,-1,-1
494,2869,231.55,294.13,210.43,541.86,1,-1,-1,-1
495,2869,232.31,294.10,209.11,541.75,1,-1,-1,-1
496,2869,233.02,294.08,207.88,541.56,1,-1,-1,-1
497,2869,230.59,294.20,209.46,545.68,1,-1,-1,-1
513,2869,42.69,221.42,312.81,777.83,1,-1,-1,-1
514,2869,32.57,219.22,325.20,784.37,1,-1,-1,-1
515,2869,27.21,218.45,333.24,786.60,1,-1,-1,-1
516,2869,24.04,218.25,338.90,787.13,1,-1,-1,-1
517,2869,21.96,218.26,343.16,787.03,1,-1,-1,-1
518,2869,20.48,218.35,346.51,786.70,1,-1,-1,-1
519,2869,19.35,218.46,349.22,786.29,1,-1,-1,-1
520,2869,18.46,218.59,351.48,785.87,1,-1,-1,-1
521,2869,-5.43,167.68,370.68,846.17,1,-1,-1,-1
521,2870,1358.00,258.00,130.00,326.00,1,-1,-1,-1
522,2869,-12.27,148.62,373.67,868.73,1,-1,-1,-1
522,2870,1358.00,258.00,130.00,326.00,1,-1,-1,-1
523,2869,-13.04,141.18,371.31,877.36,1,-1,-1,-1
523,2870,1358.00,258.00,130.00,326.00,1,-1,-1,-1
524,2869,-11.59,138.49,367.22,880.34,1,-1,-1,-1
524,2870,1358.00,258.00,130.00,326.00,1,-1,-1,-1
525,2869,-9.47,137.66,362.82,881.12,1,-1,-1,-1
525,2870,1358.00,258.00,130.00,326.00,1,-1,-1,-1
526,2869,-7.26,137.54,358.61,881.07,1,-1,-1,-1
526,2870,1358.00,258.00,130.00,326.00,1,-1,-1,-1
527,2869,-5.15,137.69,354.74,880.73,1,-1,-1,-1
527,2870,1358.00,258.00,130.00,326.00,1,-1,-1,-1
528,2869,-3.22,137.92,351.24,880.30,1,-1,-1,-1
528,2870,1358.00,258.00,130.00,326.00,1,-1,-1,-1
529,2869,-8.24,132.97,354.61,888.75,1,-1,-1,-1
529,2870,1350.99,258.00,133.18,334.12,1,-1,-1,-1
530,2870,1348.45,258.00,134.31,337.09,1,-1,-1,-1
531,2870,1347.55,258.00,134.69,338.16,1,-1,-1,-1
532,2870,1347.27,258.00,134.78,338.52,1,-1,-1,-1
533,2870,1347.22,258.00,134.77,338.60,1,-1,-1,-1
534,2870,1347.25,258.00,134.72,338.59,1,-1,-1,-1
535,2870,1347.31,258.00,134.66,338.55,1,-1,-1,-1
536,2870,1347.37,258.00,134.60,338.50,1,-1,-1,-1
537,2870,1348.49,246.20,139.64,346.31,1,-1,-1,-1
538,2870,1348.38,241.78,142.60,349.23,1,-1,-1,-1
539,2870,1347.87,240.11,144.69,350.30,1,-1,-1,-1
540,2870,1347.25,239.53,146.35,350.65,1,-1,-1,-1
541,2870,1346.61,239.35,147.77,350.74,1,-1,-1,-1
542,2870,1346.01,239.33,149.02,350.72,1,-1,-1,-1
543,2870,1345.46,239.36,150.15,350.68,1,-1,-1,-1
544,2870,1344.95,239.41,151.17,350.62,1,-1,-1,-1
545,2870,1352.38,228.37,155.21,364.26,1,-1,-1,-1
546,2870,1355.69,224.25,155.69,369.35,1,-1,-1,-1
547,2870,1357.41,222.71,154.95,371.26,1,-1,-1,-1
548,2870,1358.45,222.19,153.82,371.92,1,-1,-1,-1
549,2870,1359.20,222.05,152.62,372.10,1,-1,-1,-1
550,2870,1359.80,222.05,151.46,372.10,1,-1,-1,-1
551,2870,1360.32,222.11,150.39,372.04,1,-1,-1,-1
552,2870,1360.77,222.18,149.41,371.96,1,-1,-1,-1
553,2870,1363.29,215.10,159.25,394.64,1,-1,-1,-1
554,2870,1364.02,212.46,163.34,403.10,1,-1,-1,-1
555,2870,1364.10,211.49,165.26,406.33,1,-1,-1,-1
556,2870,1363.95,211.17,166.28,407.46,1,-1,-1,-1
557,2870,1363.73,211.10,166.92,407.77,1,-1,-1,-1
558,2870,1363.49,211.13,167.38,407.79,1,-1,-1,-1
559,2870,1363.26,211.19,167.76,407.70,1,-1,-1,-1
560,2870,1363.05,211.25,168.08,407.57,1,-1,-1,-1
561,2870,1374.74,211.97,170.58,412.63,1,-1,-1,-1
562,2870,1379.06,212.27,171.71,414.48,1,-1,-1,-1
563,2870,1380.57,212.42,172.30,415.11,1,-1,-1,-1
564,2870,1381.01,212.50,172.67,415.26,1,-1,-1,-1
565,2870,1381.05,212.56,172.93,415.25,1,-1,-1,-1
566,2870,1380.94,212.61,173.15,415.17,1,-1,-1,-1
567,2870,1380.79,212.65,173.33,415.07,1,-1,-1,-1
568,2870,1380.64,212.68,173.49,414.98,1,-1,-1,-1
569,2870,1381.74,212.17,174.15,416.55,1,-1,-1,-1
569,2871,1480.00,204.00,186.00,518.00,1,-1,-1,-1
570,2871,1480.00,204.00,186.00,518.00,1,-1,-1,-1
571,2870,1452.76,205.20,206.35,501.45,1,-1,-1,-1
572,2870,1472.55,204.08,205.74,502.97,1,-1,-1,-1
573,2870,1480.52,203.66,204.78,503.25,1,-1,-1,-1
574,2870,1483.67,203.53,203.79,503.14,1,-1,-1,-1
575,2870,1484.91,203.51,202.86,502.90,1,-1,-1,-1
576,2870,1485.39,203.52,202.00,502.61,1,-1,-1,-1
577,2870,1498.61,222.90,197.70,495.23,1,-1,-1,-1
578,2870,1503.82,230.39,195.31,492.19,1,-1,-1,-1
579,2870,1505.90,233.21,193.75,490.90,1,-1,-1,-1
580,2870,1506.77,234.24,192.56,490.28,1,-1,-1,-1
581,2870,1507.15,234.59,191.58,489.94,1,-1,-1,-1
582,2870,1507.34,234.67,190.73,489.71,1,-1,-1,-1
583,2870,1507.45,234.67,189.97,489.53,1,-1,-1,-1
584,2870,1507.52,234.62,189.30,489.38,1,-1,-1,-1
585,2870,1499.42,216.34,203.70,538.74,1,-1,-1,-1
585,2872,1602.00,233.00,196.00,535.00,1,-1,-1,-1
586,2870,1566.42,229.68,202.85,533.74,1,-1,-1,-1
587,2870,1592.38,237.78,200.64,521.66,1,-1,-1,-1
588,2870,1601.52,240.89,200.90,516.78,1,-1,-1,-1
589,2870,1604.14,242.04,202.06,514.83,1,-1,-1,-1
590,2870,1604.36,242.43,203.46,513.99,1,-1,-1,-1
591,2870,1603.72,242.55,204.86,513.59,1,-1,-1,-1
592,2870,1602.81,242.55,206.18,513.36,1,-1,-1,-1
593,2870,1602.34,215.16,233.79,585.51,1,-1,-1,-1
594,2870,1605.07,192.14,242.63,608.20,1,-1,-1,-1
595,2870,1605.98,182.65,246.03,617.23,1,-1,-1,-1
596,2870,1606.19,178.99,247.15,620.50,1,-1,-1,-1
597,2870,1606.15,177.67,247.37,621.49,1,-1,-1,-1
598,2870,1606.03,177.27,247.27,621.61,1,-1,-1,-1
599,2870,1605.88,177.21,247.05,621.41,1,-1,-1,-1
600,2870,1605.73,177.29,246.81,621.10,1,-1,-1,-1
601,2870,1630.03,207.13,220.94,560.69,1,-1,-1,-1
601,2873,758.00,292.00,52.00,172.00,1,-1,-1,-1
602,2870,1639.78,219.11,209.75,536.37,1,-1,-1,-1
602,2873,758.00,292.00,52.00,172.00,1,-1,-1,-1
603,2870,1643.53,223.37,204.93,527.69,1,-1,-1,-1
603,2873,758.00,292.00,52.00,172.00,1,-1,-1,-1
604,2870,1645.12,224.89,202.43,524.58,1,-1,-1,-1
604,2873,758.00,292.00,52.00,172.00,1,-1,-1,-1
605,2870,1645.89,225.42,200.85,523.49,1,-1,-1,-1
605,2873,758.00,292.00,52.00,172.00,1,-1,-1,-1
606,2870,1646.32,225.57,199.67,523.15,1,-1,-1,-1
606,2873,758.00,292.00,52.00,172.00,1,-1,-1,-1
607,2870,1646.61,225.58,198.70,523.09,1,-1,-1,-1
607,2873,758.00,292.00,52.00,172.00,1,-1,-1,-1
608,2870,1646.85,225.55,197.85,523.13,1,-1,-1,-1
608,2873,758.00,292.00,52.00,172.00,1,-1,-1,-1
609,2870,1650.00,226.47,197.29,521.65,1,-1,-1,-1
609,2873,758.00,292.00,52.00,172.00,1,-1,-1,-1
625,2874,838.00,311.00,63.00,191.00,1,-1,-1,-1
626,2874,838.00,311.00,63.00,191.00,1,-1,-1,-1
627,2873,839.38,310.83,58.76,190.83,1,-1,-1,-1
628,2873,840.81,311.25,59.62,191.25,1,-1,-1,-1
629,2873,841.16,311.39,60.21,191.39,1,-1,-1,-1
630,2873,841.08,311.42,60.63,191.42,1,-1,-1,-1
631,2873,840.86,311.41,60.96,191.41,1,-1,-1,-1
632,2873,840.60,311.38,61.22,191.38,1,-1,-1,-1
633,2873,843.27,312.00,61.42,192.00,1,-1,-1,-1
