1,3034,270.00,185.00,81.00,192.00,1,-1,-1,-1
1,3035,171.00,196.00,64.00,158.00,1,-1,-1,-1
2,3034,270.00,185.00,81.00,192.00,1,-1,-1,-1
2,3035,171.00,196.00,64.00,158.00,1,-1,-1,-1
3,3034,270.00,185.00,81.00,192.00,1,-1,-1,-1
3,3035,171.00,196.00,64.00,158.00,1,-1,-1,-1
4,3034,270.00,185.00,81.00,192.00,1,-1,-1,-1
4,3035,171.00,196.00,64.00,158.00,1,-1,-1,-1
5,3034,270.00,185.00,81.00,192.00,1,-1,-1,-1
5,3035,171.00,196.00,64.00,158.00,1,-1,-1,-1
6,3034,270.00,185.00,81.00,192.00,1,-1,-1,-1
6,3035,171.00,196.00,64.00,158.00,1,-1,-1,-1
7,3034,270.00,185.00,81.00,192.00,1,-1,-1,-1
7,3035,171.00,196.00,64.00,158.00,1,-1,-1,-1
8,3034,270.00,185.00,81.00,192.00,1,-1,-1,-1
8,3035,171.00,196.00,64.00,158.00,1,-1,-1,-1
9,3034,270.00,185.00,81.00,192.00,1,-1,-1,-1
9,3035,171.00,196.00,64.00,158.00,1,-1,-1,-1
9,3036,219.00,171.00,72.00,217.00,1,-1,-1,-1
9,3037,479.00,173.00,77.00,233.00,1,-1,-1,-1
10,3034,222.39,173.86,87.91,211.89,1,-1,-1,-1
10,3037,479.00,173.00,77.00,233.00,1,-1,-1,-1
11,3034,179.92,166.90,104.85,243.67,1,-1,-1,-1
11,3037,484.09,170.75,81.83,248.01,1,-1,-1,-1
12,3034,167.71,160.60,114.71,257.24,1,-1,-1,-1
12,3037,491.03,169.28,82.30,249.42,1,-1,-1,-1
13,3034,161.94,158.07,120.97,262.64,1,-1,-1,-1
13,3037,493.41,168.80,82.35,249.55,1,-1,-1,-1
14,3034,158.95,157.14,125.49,264.57,1,-1,-1,-1
14,3037,494.08,168.69,82.31,249.39,1,-1,-1,-1
15,3034,157.11,156.85,129.12,265.12,1,-1,-1,-1
15,3037,494.18,168.68,82.25,249.19,1,-1,-1,-1
16,3034,155.77,156.81,132.26,265.15,1,-1,-1,-1
16,3037,494.10,168.71,82.20,249.01,1,-1,-1,-1
17,3034,160.81,168.41,131.77,268.85,1,-1,-1,-1
17,3037,495.90,168.22,82.74,250.66,1,-1,-1,-1
18,3034,163.57,172.93,130.25,270.14,1,-1,-1,-1
19,3034,165.44,174.72,128.44,270.48,1,-1,-1,-1
20,3034,166.87,175.43,126.64,270.46,1,-1,-1,-1
21,3034,168.07,175.71,124.93,270.32,1,-1,-1,-1
22,3034,169.12,175.83,123.35,270.14,1,-1,-1,-1
23,3034,170.06,175.88,121.91,269.95,1,-1,-1,-1
24,3034,170.90,175.90,120.60,269.78,1,-1,-1,-1
25,3034,167.44,175.77,121.86,272.59,1,-1,-1,-1
25,3035,221.00,186.11,74.80,188.67,1,-1,-1,-1
25,3038,268.00,161.00,99.00,278.00,1,-1,-1,-1
25,3039,122.00,169.00,83.00,213.00,1,-1,-1,-1
25,3040,306.00,170.00,68.00,198.00,1,-1,-1,-1
25,3041,2.00,172.00,48.00,244.00,1,-1,-1,-1
26,3035,222.93,182.63,75.03,195.25,1,-1,-1,-1
26,3039,116.83,176.71,81.34,209.57,1,-1,-1,-1
26,3040,305.25,169.14,70.36,204.86,1,-1,-1,-1
26,3041,2.53,169.43,49.50,251.71,1,-1,-1,-1
27,3034,243.62,161.03,121.54,274.73,1,-1,-1,-1
27,3035,225.36,181.93,75.76,197.16,1,-1,-1,-1
27,3039,111.30,176.49,79.82,205.22,1,-1,-1,-1
27,3041,3.55,171.22,47.89,242.63,1,-1,-1,-1
28,3034,246.78,159.73,122.66,277.27,1,-1,-1,-1
28,3039,108.35,180.83,80.25,206.10,1,-1,-1,-1
28,3041,8.53,174.89,42.55,213.07,1,-1,-1,-1
29,3039,107.48,182.19,80.51,206.48,1,-1,-1,-1
29,3041,9.92,176.05,41.23,203.69,1,-1,-1,-1
30,3039,107.27,182.57,80.70,206.66,1,-1,-1,-1
30,3041,10.04,176.34,41.36,201.32,1,-1,-1,-1
31,3039,107.25,182.62,80.86,206.75,1,-1,-1,-1
31,3041,9.79,176.39,41.92,200.94,1,-1,-1,-1
32,3039,107.28,182.57,81.02,206.81,1,-1,-1,-1
32,3041,9.42,176.36,42.62,201.14,1,-1,-1,-1
33,3034,253.01,181.45,83.72,189.11,1,-1,-1,-1
33,3039,77.83,173.70,81.84,209.55,1,-1,-1,-1
33,3041,10.41,177.03,41.50,195.83,1,-1,-1,-1
34,3034,253.76,179.64,83.05,188.10,1,-1,-1,-1
34,3039,72.58,173.27,81.90,209.69,1,-1,-1,-1
34,3042,337.00,164.00,123.00,272.00,1,-1,-1,-1
35,3034,254.22,179.32,82.58,187.45,1,-1,-1,-1
35,3042,337.00,164.00,123.00,272.00,1,-1,-1,-1
36,3034,262.74,190.10,78.56,176.45,1,-1,-1,-1
36,3042,347.60,160.25,126.56,280.26,1,-1,-1,-1
36,3043,1.00,198.00,137.00,212.00,1,-1,-1,-1
37,3034,268.01,188.50,79.64,178.87,1,-1,-1,-1
37,3042,359.48,163.38,126.40,281.55,1,-1,-1,-1
38,3034,269.75,187.91,80.05,179.80,1,-1,-1,-1
38,3042,363.69,164.56,125.65,281.81,1,-1,-1,-1
39,3034,270.27,187.65,80.26,180.28,1,-1,-1,-1
39,3042,365.18,164.96,124.68,281.78,1,-1,-1,-1
40,3034,270.34,187.51,80.39,180.57,1,-1,-1,-1
40,3042,365.81,165.09,123.62,281.69,1,-1,-1,-1
41,3034,286.16,192.75,79.99,178.11,1,-1,-1,-1
41,3042,369.53,165.40,124.14,282.86,1,-1,-1,-1
42,3034,291.78,194.68,80.23,177.28,1,-1,-1,-1
43,3034,293.55,195.34,80.68,177.05,1,-1,-1,-1
44,3034,293.93,195.54,81.15,177.03,1,-1,-1,-1
45,3034,293.81,195.58,81.61,177.09,1,-1,-1,-1
46,3034,293.53,195.55,82.04,177.17,1,-1,-1,-1
47,3034,293.22,195.51,82.42,177.25,1,-1,-1,-1
48,3034,292.92,195.46,82.77,177.32,1,-1,-1,-1
49,3034,309.58,199.36,82.04,174.76,1,-1,-1,-1
50,3034,315.66,200.80,82.02,173.84,1,-1,-1,-1
51,3034,317.69,201.31,82.25,173.53,1,-1,-1,-1
52,3034,318.23,201.46,82.55,173.45,1,-1,-1,-1
53,3034,318.22,201.48,82.86,173.46,1,-1,-1,-1
54,3034,318.02,201.46,83.15,173.49,1,-1,-1,-1
55,3034,317.77,201.43,83.42,173.54,1,-1,-1,-1
56,3034,317.52,201.39,83.67,173.58,1,-1,-1,-1
57,3034,344.51,197.42,85.12,178.20,1,-1,-1,-1
57,3041,221.06,191.00,57.63,232.90,1,-1,-1,-1
58,3034,354.70,188.15,89.25,189.67,1,-1,-1,-1
58,3041,229.55,191.59,57.92,234.07,1,-1,-1,-1
59,3034,358.87,184.64,90.04,194.01,1,-1,-1,-1
60,3034,360.66,183.28,89.68,195.69,1,-1,-1,-1
61,3034,361.49,182.77,88.93,196.31,1,-1,-1,-1
62,3034,361.94,182.61,88.09,196.51,1,-1,-1,-1
63,3034,362.23,182.57,87.26,196.55,1,-1,-1,-1
64,3034,362.44,182.58,86.49,196.54,1,-1,-1,-1
65,3034,386.28,191.04,81.27,182.88,1,-1,-1,-1
65,3041,300.03,186.80,62.71,234.68,1,-1,-1,-1
65,3044,540.00,204.00,65.00,155.00,1,-1,-1,-1
66,3034,395.18,194.38,79.58,177.51,1,-1,-1,-1
66,3041,302.29,186.31,65.57,234.47,1,-1,-1,-1
66,3044,540.00,204.00,65.00,155.00,1,-1,-1,-1
67,3034,398.09,195.58,79.34,175.58,1,-1,-1,-1
67,3041,302.71,186.15,67.58,234.43,1,-1,-1,-1
67,3044,540.00,204.00,65.00,155.00,1,-1,-1,-1
68,3034,398.84,196.01,79.60,174.89,1,-1,-1,-1
68,3041,302.30,186.09,69.06,234.39,1,-1,-1,-1
68,3044,540.00,204.00,65.00,155.00,1,-1,-1,-1
69,3034,398.80,196.16,80.00,174.67,1,-1,-1,-1
69,3041,301.62,186.06,70.20,234.36,1,-1,-1,-1
69,3044,540.00,204.00,65.00,155.00,1,-1,-1,-1
70,3034,398.50,196.20,80.44,174.61,1,-1,-1,-1
70,3041,300.89,186.05,71.10,234.33,1,-1,-1,-1
70,3044,540.00,204.00,65.00,155.00,1,-1,-1,-1
71,3034,398.12,196.20,80.85,174.61,1,-1,-1,-1
71,3041,300.20,186.04,71.84,234.30,1,-1,-1,-1
71,3044,540.00,204.00,65.00,155.00,1,-1,-1,-1
