37,1,1793.00,633.00,80.00,167.00,1,-1,-1,-1
38,1,1793.00,633.00,80.00,167.00,1,-1,-1,-1
39,1,1793.00,633.00,80.00,167.00,1,-1,-1,-1
40,1,1793.00,633.00,80.00,167.00,1,-1,-1,-1
67,2,1609.00,545.00,58.00,183.00,1,-1,-1,-1
68,2,1609.00,545.00,58.00,183.00,1,-1,-1,-1
69,2,1609.00,545.00,58.00,183.00,1,-1,-1,-1
70,2,1622.30,550.19,55.88,175.58,1,-1,-1,-1
71,2,1626.68,551.94,55.36,173.08,1,-1,-1,-1
72,2,1627.83,552.44,55.42,172.37,1,-1,-1,-1
73,2,1636.98,555.35,57.23,177.84,1,-1,-1,-1
74,2,1640.07,556.32,57.91,179.81,1,-1,-1,-1
75,2,1640.99,556.61,58.20,180.56,1,-1,-1,-1
76,2,1648.94,558.00,60.82,190.22,1,-1,-1,-1
77,2,1651.94,558.48,61.47,193.77,1,-1,-1,-1
78,2,1653.06,558.61,61.42,195.09,1,-1,-1,-1
79,2,1654.92,555.34,63.45,203.39,1,-1,-1,-1
80,2,1655.71,554.09,63.86,206.48,1,-1,-1,-1
81,2,1656.04,553.57,63.69,207.61,1,-1,-1,-1
82,2,1660.43,562.42,60.05,196.32,1,-1,-1,-1
83,2,1662.02,565.85,58.50,191.79,1,-1,-1,-1
84,2,1662.56,567.08,57.83,190.10,1,-1,-1,-1
85,2,1674.98,554.99,61.26,199.34,1,-1,-1,-1
86,2,1679.36,550.51,62.88,202.74,1,-1,-1,-1
87,2,1680.77,548.75,63.81,204.03,1,-1,-1,-1
88,2,1682.57,548.09,68.53,219.40,1,-1,-1,-1
88,3,87.00,546.00,63.00,179.00,1,-1,-1,-1
89,2,1683.24,547.85,70.24,225.15,1,-1,-1,-1
89,3,87.00,546.00,63.00,179.00,1,-1,-1,-1
90,2,1683.40,547.77,70.85,227.35,1,-1,-1,-1
90,3,87.00,546.00,63.00,179.00,1,-1,-1,-1
91,2,1676.18,534.28,79.00,251.85,1,-1,-1,-1
91,3,82.34,535.61,67.86,193.10,1,-1,-1,-1
91,4,235.00,552.00,60.00,165.00,1,-1,-1,-1
92,2,1673.31,529.21,82.38,261.08,1,-1,-1,-1
92,3,80.83,532.14,69.40,197.81,1,-1,-1,-1
92,4,235.00,552.00,60.00,165.00,1,-1,-1,-1
93,2,1671.93,527.18,83.96,264.69,1,-1,-1,-1
93,3,80.39,531.03,69.80,199.31,1,-1,-1,-1
93,4,235.00,552.00,60.00,165.00,1,-1,-1,-1
94,2,1686.12,577.20,70.15,215.84,1,-1,-1,-1
94,3,79.12,528.21,71.14,203.15,1,-1,-1,-1
94,4,224.47,547.55,64.73,179.10,1,-1,-1,-1
95,2,1691.62,598.31,64.73,194.90,1,-1,-1,-1
95,4,221.13,546.06,65.96,183.81,1,-1,-1,-1
96,2,1693.06,605.34,63.60,187.87,1,-1,-1,-1
96,4,220.25,545.58,65.97,185.32,1,-1,-1,-1
97,2,1704.55,613.77,65.40,188.83,1,-1,-1,-1
97,4,219.14,547.51,64.40,180.91,1,-1,-1,-1
98,2,1708.21,616.71,66.88,189.21,1,-1,-1,-1
98,4,218.89,548.30,63.74,179.05,1,-1,-1,-1
99,2,1709.07,617.65,68.16,189.40,1,-1,-1,-1
99,4,218.90,548.61,63.46,178.27,1,-1,-1,-1
100,2,1710.65,611.24,74.45,205.37,1,-1,-1,-1
100,4,216.94,548.24,63.99,179.77,1,-1,-1,-1
100,5,158.00,565.00,63.00,172.00,1,-1,-1,-1
101,2,1711.05,608.87,77.08,211.22,1,-1,-1,-1
101,4,170.87,561.32,62.08,173.99,1,-1,-1,-1
102,2,1713.04,602.67,80.60,221.23,1,-1,-1,-1
102,4,151.84,554.61,65.66,185.87,1,-1,-1,-1
103,2,1714.84,604.06,80.37,218.68,1,-1,-1,-1
103,4,149.95,554.96,65.38,185.34,1,-1,-1,-1
104,2,1715.24,604.54,80.59,217.56,1,-1,-1,-1
104,4,149.64,555.09,65.20,185.05,1,-1,-1,-1
105,2,1715.13,604.68,80.99,217.09,1,-1,-1,-1
105,4,149.81,555.13,65.06,184.87,1,-1,-1,-1
106,2,1719.59,628.08,77.15,205.17,1,-1,-1,-1
106,4,143.44,555.38,65.53,186.19,1,-1,-1,-1
106,6,357.00,541.00,53.00,164.00,1,-1,-1,-1
107,2,1721.04,637.06,75.92,200.49,1,-1,-1,-1
107,6,357.00,541.00,53.00,164.00,1,-1,-1,-1
108,2,1721.36,640.26,75.75,198.77,1,-1,-1,-1
108,6,357.00,541.00,53.00,164.00,1,-1,-1,-1
109,2,1723.84,643.92,75.61,198.41,1,-1,-1,-1
109,3,4.47,532.19,68.39,202.02,1,-1,-1,-1
109,4,87.94,552.52,66.66,187.40,1,-1,-1,-1
109,6,357.00,541.00,53.00,164.00,1,-1,-1,-1
109,7,239.00,553.00,57.00,164.00,1,-1,-1,-1
109,8,303.00,540.00,58.00,176.00,1,-1,-1,-1
110,3,3.51,532.70,66.47,201.45,1,-1,-1,-1
110,4,81.11,552.15,67.29,187.47,1,-1,-1,-1
110,6,310.90,540.14,56.40,174.35,1,-1,-1,-1
110,7,239.00,553.00,57.00,164.00,1,-1,-1,-1
111,3,3.39,532.80,65.11,201.35,1,-1,-1,-1
111,4,78.58,552.03,67.83,187.51,1,-1,-1,-1
111,6,302.39,539.98,57.07,176.25,1,-1,-1,-1
111,7,239.00,553.00,57.00,164.00,1,-1,-1,-1
112,3,-0.31,532.54,65.28,201.90,1,-1,-1,-1
112,4,78.14,555.24,67.50,184.89,1,-1,-1,-1
112,6,291.81,539.78,57.84,178.63,1,-1,-1,-1
112,7,239.00,553.00,57.00,164.00,1,-1,-1,-1
113,4,78.13,556.47,67.66,183.85,1,-1,-1,-1
114,4,78.23,556.93,67.99,183.45,1,-1,-1,-1
115,2,1728.64,602.97,102.26,276.91,1,-1,-1,-1
115,3,18.00,566.49,56.57,166.77,1,-1,-1,-1
115,4,71.91,557.25,68.12,183.81,1,-1,-1,-1
116,2,1730.19,600.18,101.56,282.19,1,-1,-1,-1
116,3,19.79,570.61,57.10,162.48,1,-1,-1,-1
117,2,1731.29,599.04,100.08,284.15,1,-1,-1,-1
117,3,19.74,571.86,58.22,161.19,1,-1,-1,-1
118,2,1733.15,592.93,104.09,299.30,1,-1,-1,-1
118,3,19.55,574.77,57.19,158.33,1,-1,-1,-1
119,2,1734.18,590.59,104.95,305.08,1,-1,-1,-1
120,2,1734.81,589.69,104.70,307.22,1,-1,-1,-1
121,2,1748.90,619.82,97.09,278.08,1,-1,-1,-1
121,4,0.10,537.47,79.67,224.40,1,-1,-1,-1
122,2,1754.03,632.06,94.80,265.97,1,-1,-1,-1
122,4,-3.23,536.09,77.87,227.18,1,-1,-1,-1
123,2,1755.37,636.48,94.88,261.50,1,-1,-1,-1
123,4,-3.71,535.59,75.94,228.18,1,-1,-1,-1
124,2,1764.95,640.69,94.95,256.53,1,-1,-1,-1
124,4,-11.76,534.40,76.91,231.12,1,-1,-1,-1
125,2,1768.01,642.22,95.89,254.59,1,-1,-1,-1
126,2,1768.63,642.74,97.07,253.84,1,-1,-1,-1
127,2,1771.15,638.94,101.91,265.97,1,-1,-1,-1
128,2,1771.99,637.50,103.81,270.48,1,-1,-1,-1
129,2,1772.16,636.89,104.62,272.18,1,-1,-1,-1
130,2,1775.03,637.27,110.75,285.72,1,-1,-1,-1
130,6,83.92,585.43,56.74,169.60,1,-1,-1,-1
131,2,1775.82,637.39,113.57,290.81,1,-1,-1,-1
131,6,80.32,586.39,57.85,169.13,1,-1,-1,-1
132,2,1775.82,637.42,115.08,292.71,1,-1,-1,-1
132,6,78.23,586.80,58.76,169.00,1,-1,-1,-1
133,2,1793.16,643.84,114.25,301.71,1,-1,-1,-1
133,6,68.62,588.65,58.72,168.88,1,-1,-1,-1
134,2,1800.92,646.28,111.55,305.09,1,-1,-1,-1
135,2,1804.88,647.19,108.38,306.29,1,-1,-1,-1
136,2,1812.72,648.15,109.08,317.60,1,-1,-1,-1
137,2,1816.54,648.50,107.52,321.84,1,-1,-1,-1
138,2,1818.70,648.59,105.29,323.38,1,-1,-1,-1
139,2,1822.17,649.66,106.52,327.18,1,-1,-1,-1
187,9,1352.00,527.00,57.00,139.00,1,-1,-1,-1
188,9,1352.00,527.00,57.00,139.00,1,-1,-1,-1
189,9,1352.00,527.00,57.00,139.00,1,-1,-1,-1
190,9,1349.61,528.48,55.09,133.81,1,-1,-1,-1
190,10,1605.00,524.00,64.00,148.00,1,-1,-1,-1
191,9,1348.72,528.98,54.63,132.06,1,-1,-1,-1
191,10,1605.00,524.00,64.00,148.00,1,-1,-1,-1
192,9,1348.36,529.13,54.70,131.56,1,-1,-1,-1
192,10,1605.00,524.00,64.00,148.00,1,-1,-1,-1
193,9,1348.36,532.66,54.58,130.76,1,-1,-1,-1
193,10,1604.39,523.26,65.22,150.97,1,-1,-1,-1
194,9,1348.32,533.89,54.69,130.53,1,-1,-1,-1
194,10,1604.21,523.01,65.57,151.96,1,-1,-1,-1
195,9,1348.25,534.29,54.90,130.50,1,-1,-1,-1
195,10,1604.19,522.93,65.62,152.26,1,-1,-1,-1
196,9,1347.94,535.23,54.50,129.57,1,-1,-1,-1
196,10,1605.33,522.92,64.02,148.88,1,-1,-1,-1
197,10,1605.80,522.92,63.33,147.61,1,-1,-1,-1
198,10,1606.02,522.93,62.99,147.15,1,-1,-1,-1
199,10,1606.13,522.81,62.91,146.95,1,-1,-1,-1
226,11,1721.00,532.00,65.00,134.00,1,-1,-1,-1
227,11,1721.00,532.00,65.00,134.00,1,-1,-1,-1
228,11,1721.00,532.00,65.00,134.00,1,-1,-1,-1
229,11,1721.00,532.00,65.00,134.00,1,-1,-1,-1
229,12,1759.00,539.00,64.00,165.00,1,-1,-1,-1
230,12,1759.00,539.00,64.00,165.00,1,-1,-1,-1
231,11,1748.90,538.41,77.90,162.40,1,-1,-1,-1
232,11,1771.22,530.03,75.55,157.49,1,-1,-1,-1
232,13,1361.00,546.00,58.00,147.00,1,-1,-1,-1
233,11,1779.74,526.61,74.43,155.14,1,-1,-1,-1
233,13,1361.00,546.00,58.00,147.00,1,-1,-1,-1
234,11,1782.61,525.34,73.94,154.12,1,-1,-1,-1
234,13,1361.00,546.00,58.00,147.00,1,-1,-1,-1
235,11,1789.98,524.66,75.23,156.79,1,-1,-1,-1
235,13,1361.00,546.00,58.00,147.00,1,-1,-1,-1
247,13,1429.58,552.95,57.81,144.02,1,-1,-1,-1
248,13,1430.99,553.13,58.57,143.94,1,-1,-1,-1
249,13,1431.34,553.20,59.22,143.92,1,-1,-1,-1
250,13,1435.48,553.61,59.14,143.74,1,-1,-1,-1
286,14,1788.00,573.00,70.00,162.00,1,-1,-1,-1
287,14,1788.00,573.00,70.00,162.00,1,-1,-1,-1
288,14,1788.00,573.00,70.00,162.00,1,-1,-1,-1
289,14,1788.00,573.00,70.00,162.00,1,-1,-1,-1
289,15,1824.00,539.00,71.00,211.00,1,-1,-1,-1
289,16,1259.00,503.00,58.00,176.00,1,-1,-1,-1
290,14,1810.80,543.68,87.35,204.25,1,-1,-1,-1
290,16,1259.00,503.00,58.00,176.00,1,-1,-1,-1
291,14,1816.20,536.62,91.70,214.42,1,-1,-1,-1
298,17,217.00,592.00,57.00,152.00,1,-1,-1,-1
299,17,217.00,592.00,57.00,152.00,1,-1,-1,-1
300,17,217.00,592.00,57.00,152.00,1,-1,-1,-1
301,17,217.00,592.00,57.00,152.00,1,-1,-1,-1
319,17,221.37,617.91,63.21,166.95,1,-1,-1,-1
320,17,221.24,618.40,63.76,167.23,1,-1,-1,-1
321,17,221.10,618.58,64.14,167.33,1,-1,-1,-1
322,17,218.93,616.01,64.60,170.60,1,-1,-1,-1
322,18,1412.00,577.00,65.00,167.00,1,-1,-1,-1
322,19,1529.00,599.00,66.00,141.00,1,-1,-1,-1
323,17,218.27,615.01,64.42,171.82,1,-1,-1,-1
323,18,1412.00,577.00,65.00,167.00,1,-1,-1,-1
323,19,1529.00,599.00,66.00,141.00,1,-1,-1,-1
324,17,218.17,614.59,64.04,172.26,1,-1,-1,-1
324,18,1412.00,577.00,65.00,167.00,1,-1,-1,-1
324,19,1529.00,599.00,66.00,141.00,1,-1,-1,-1
325,17,218.39,620.90,61.42,163.96,1,-1,-1,-1
325,18,1414.35,585.90,61.04,155.13,1,-1,-1,-1
325,19,1523.99,588.61,73.05,157.33,1,-1,-1,-1
326,17,218.39,623.32,60.59,160.71,1,-1,-1,-1
326,18,1414.89,588.90,60.22,151.13,1,-1,-1,-1
326,19,1522.58,585.14,74.88,162.78,1,-1,-1,-1
327,17,218.30,624.17,60.46,159.51,1,-1,-1,-1
327,18,1414.73,589.73,60.60,150.02,1,-1,-1,-1
327,19,1522.41,584.01,74.91,164.56,1,-1,-1,-1
328,17,213.08,621.17,62.89,164.99,1,-1,-1,-1
328,18,1415.46,592.07,59.34,146.91,1,-1,-1,-1
328,19,1527.97,588.47,74.49,164.97,1,-1,-1,-1
329,17,211.06,620.03,63.97,167.03,1,-1,-1,-1
329,19,1530.32,590.27,73.84,164.92,1,-1,-1,-1
330,17,210.22,619.57,64.54,167.80,1,-1,-1,-1
330,19,1531.41,591.01,73.14,164.75,1,-1,-1,-1
331,17,209.57,620.06,64.71,168.25,1,-1,-1,-1
331,19,1540.41,590.02,70.21,156.61,1,-1,-1,-1
332,19,1543.67,589.69,69.39,153.33,1,-1,-1,-1
333,19,1544.63,589.60,69.44,152.09,1,-1,-1,-1
334,19,1549.89,574.98,74.83,165.56,1,-1,-1,-1
335,19,1552.03,569.65,76.31,170.46,1,-1,-1,-1
336,19,1553.02,567.63,76.46,172.32,1,-1,-1,-1
337,17,178.14,610.85,68.39,180.34,1,-1,-1,-1
337,18,1414.29,578.49,68.36,165.35,1,-1,-1,-1
337,19,1562.17,558.54,83.36,192.99,1,-1,-1,-1
338,17,176.35,610.17,67.93,181.14,1,-1,-1,-1
338,18,1413.64,578.03,69.91,165.97,1,-1,-1,-1
338,19,1566.31,555.12,84.53,200.74,1,-1,-1,-1
339,17,175.90,609.93,67.42,181.43,1,-1,-1,-1
339,18,1413.09,577.86,71.08,166.20,1,-1,-1,-1
339,19,1568.50,553.85,83.77,203.77,1,-1,-1,-1
340,17,171.02,611.14,68.99,186.69,1,-1,-1,-1
340,18,1411.99,581.68,68.79,156.59,1,-1,-1,-1
340,19,1572.78,557.90,81.52,201.01,1,-1,-1,-1
341,17,169.32,611.61,69.39,188.66,1,-1,-1,-1
341,18,1411.16,583.19,68.66,152.81,1,-1,-1,-1
341,19,1574.66,559.62,80.00,199.76,1,-1,-1,-1
342,17,168.82,611.80,69.37,189.38,1,-1,-1,-1
342,18,1410.49,583.74,69.35,151.44,1,-1,-1,-1
342,19,1575.58,560.35,78.84,199.18,1,-1,-1,-1
343,17,160.15,629.32,67.73,179.92,1,-1,-1,-1
343,18,1410.59,583.84,69.08,150.85,1,-1,-1,-1
343,19,1572.92,556.19,80.37,207.24,1,-1,-1,-1
344,17,156.49,636.15,67.87,176.17,1,-1,-1,-1
344,19,1572.34,554.63,80.00,210.25,1,-1,-1,-1
345,17,154.84,638.63,68.69,174.78,1,-1,-1,-1
345,19,1572.46,554.10,79.00,211.32,1,-1,-1,-1
346,17,141.80,650.01,68.38,176.23,1,-1,-1,-1
346,19,1573.85,552.08,80.21,214.56,1,-1,-1,-1
347,17,137.22,654.22,67.82,176.77,1,-1,-1,-1
348,17,135.80,655.72,67.21,176.97,1,-1,-1,-1
349,17,132.18,658.47,67.27,177.12,1,-1,-1,-1
352,17,96.87,627.56,82.12,226.10,1,-1,-1,-1
352,18,1410.58,630.37,74.62,163.36,1,-1,-1,-1
352,19,1599.21,623.97,73.88,196.17,1,-1,-1,-1
353,17,94.03,623.95,81.01,231.92,1,-1,-1,-1
353,18,1410.64,632.47,74.76,163.97,1,-1,-1,-1
353,19,1600.73,629.98,73.54,194.11,1,-1,-1,-1
354,17,93.83,622.49,79.02,234.15,1,-1,-1,-1
354,18,1410.69,633.20,74.75,164.18,1,-1,-1,-1
354,19,1601.17,631.86,73.69,193.56,1,-1,-1,-1
355,17,88.51,621.82,80.39,238.20,1,-1,-1,-1
355,18,1410.85,635.35,76.40,164.25,1,-1,-1,-1
355,19,1590.94,636.41,68.74,180.18,1,-1,-1,-1
356,18,1410.55,636.08,77.73,164.26,1,-1,-1,-1
356,19,1586.84,637.95,66.88,175.01,1,-1,-1,-1
357,18,1410.14,636.28,78.83,164.25,1,-1,-1,-1
357,19,1585.32,638.40,66.28,173.20,1,-1,-1,-1
358,17,66.40,665.91,68.22,199.86,1,-1,-1,-1
358,18,1410.26,638.64,79.03,164.66,1,-1,-1,-1
358,19,1581.16,644.47,70.61,182.59,1,-1,-1,-1
359,17,63.80,672.36,66.73,193.72,1,-1,-1,-1
359,19,1579.44,646.63,72.59,186.02,1,-1,-1,-1
360,17,62.64,674.29,66.65,192.02,1,-1,-1,-1
360,19,1578.62,647.34,73.69,187.36,1,-1,-1,-1
361,17,57.68,676.74,66.70,192.19,1,-1,-1,-1
361,19,1578.25,650.31,73.79,187.62,1,-1,-1,-1
361,20,16.00,584.00,85.00,305.00,1,-1,-1,-1
362,20,16.00,584.00,85.00,305.00,1,-1,-1,-1
363,20,16.00,584.00,85.00,305.00,1,-1,-1,-1
364,18,1442.28,694.06,94.00,202.48,1,-1,-1,-1
364,19,1580.39,683.55,74.27,188.93,1,-1,-1,-1
364,20,11.73,589.19,82.41,295.35,1,-1,-1,-1
365,18,1445.67,697.82,92.75,205.12,1,-1,-1,-1
365,19,1580.69,687.48,74.29,189.07,1,-1,-1,-1
365,20,10.25,590.94,81.62,292.11,1,-1,-1,-1
366,18,1447.44,699.15,91.21,206.07,1,-1,-1,-1
366,19,1580.80,688.84,74.28,189.12,1,-1,-1,-1
366,20,9.78,591.44,81.48,291.18,1,-1,-1,-1
367,18,1449.21,710.39,87.02,198.06,1,-1,-1,-1
367,19,1583.31,695.75,73.91,191.09,1,-1,-1,-1
367,20,8.66,592.82,80.77,288.62,1,-1,-1,-1
368,18,1449.95,714.58,85.06,194.80,1,-1,-1,-1
368,19,1584.54,698.23,73.20,191.83,1,-1,-1,-1
369,18,1450.29,716.02,84.06,193.54,1,-1,-1,-1
369,19,1585.25,699.02,72.43,192.10,1,-1,-1,-1
370,18,1452.10,720.93,84.65,194.89,1,-1,-1,-1
370,19,1582.17,703.74,72.32,192.84,1,-1,-1,-1
371,19,1581.09,705.40,72.07,193.10,1,-1,-1,-1
372,19,1580.77,705.90,71.80,193.19,1,-1,-1,-1
373,19,1580.53,709.63,71.95,193.60,1,-1,-1,-1
376,19,1566.26,713.12,67.16,175.76,1,-1,-1,-1
377,19,1563.86,713.24,67.82,173.49,1,-1,-1,-1
378,19,1562.68,713.36,68.82,172.77,1,-1,-1,-1
379,19,1561.50,715.93,68.36,171.62,1,-1,-1,-1
397,18,1377.09,783.52,125.48,288.58,1,-1,-1,-1
398,18,1375.44,784.04,126.23,290.12,1,-1,-1,-1
399,18,1374.87,784.18,126.50,290.63,1,-1,-1,-1
400,18,1372.29,786.24,127.88,293.80,1,-1,-1,-1
403,18,1305.74,793.78,128.30,290.15,1,-1,-1,-1
404,18,1296.52,794.62,129.41,289.41,1,-1,-1,-1
405,18,1293.06,794.93,130.40,289.20,1,-1,-1,-1
406,18,1286.68,796.84,131.24,291.05,1,-1,-1,-1
412,21,915.00,651.00,115.00,319.00,1,-1,-1,-1
413,21,915.00,651.00,115.00,319.00,1,-1,-1,-1
414,21,915.00,651.00,115.00,319.00,1,-1,-1,-1
415,21,915.00,651.00,115.00,319.00,1,-1,-1,-1
418,22,971.00,807.00,107.00,282.00,1,-1,-1,-1
419,22,956.67,803.57,108.23,284.57,1,-1,-1,-1
419,23,732.00,672.00,109.00,286.00,1,-1,-1,-1
420,22,954.12,803.00,108.75,285.00,1,-1,-1,-1
420,23,732.00,672.00,109.00,286.00,1,-1,-1,-1
421,22,909.39,805.81,106.73,277.71,1,-1,-1,-1
422,22,894.14,806.80,106.64,275.22,1,-1,-1,-1
423,22,889.43,807.11,107.32,274.47,1,-1,-1,-1
424,22,826.70,813.47,108.93,275.01,1,-1,-1,-1
424,24,565.00,699.00,114.00,312.00,1,-1,-1,-1
425,22,804.90,815.08,108.40,273.66,1,-1,-1,-1
427,25,471.00,710.00,120.00,320.00,1,-1,-1,-1
428,25,471.00,710.00,120.00,320.00,1,-1,-1,-1
429,25,471.00,710.00,120.00,320.00,1,-1,-1,-1
430,18,1401.90,633.86,85.02,175.42,1,-1,-1,-1
430,25,471.00,710.00,120.00,320.00,1,-1,-1,-1
430,26,355.00,709.00,101.00,330.00,1,-1,-1,-1
431,18,1391.65,630.47,82.07,169.29,1,-1,-1,-1
431,21,310.12,721.68,106.27,302.08,1,-1,-1,-1
432,18,1390.55,629.18,81.35,167.79,1,-1,-1,-1
432,21,299.30,723.06,104.17,301.75,1,-1,-1,-1
433,18,1392.60,624.11,79.40,163.76,1,-1,-1,-1
433,21,267.68,726.74,103.87,300.86,1,-1,-1,-1
433,27,1327.00,624.00,87.00,189.00,1,-1,-1,-1
434,27,1327.00,624.00,87.00,189.00,1,-1,-1,-1
435,27,1327.00,624.00,87.00,189.00,1,-1,-1,-1
436,27,1327.00,624.00,87.00,189.00,1,-1,-1,-1
436,28,1236.00,623.00,112.00,233.00,1,-1,-1,-1
437,28,1236.00,623.00,112.00,233.00,1,-1,-1,-1
438,28,1236.00,623.00,112.00,233.00,1,-1,-1,-1
439,27,1251.80,658.93,67.47,144.63,1,-1,-1,-1
439,28,1236.00,623.00,112.00,233.00,1,-1,-1,-1
440,27,1245.32,661.76,66.67,141.04,1,-1,-1,-1
441,27,1242.93,662.68,66.97,139.87,1,-1,-1,-1
442,27,1233.51,667.10,64.28,134.25,1,-1,-1,-1
442,29,1189.00,656.00,63.00,162.00,1,-1,-1,-1
443,29,1189.00,656.00,63.00,162.00,1,-1,-1,-1
444,27,1185.83,658.09,74.29,157.92,1,-1,-1,-1
445,27,1172.19,659.96,73.99,157.30,1,-1,-1,-1
445,30,1023.00,652.00,96.00,265.00,1,-1,-1,-1
446,28,1013.00,651.47,124.03,264.42,1,-1,-1,-1
447,28,960.40,637.50,133.24,294.48,1,-1,-1,-1
448,28,924.93,636.41,131.24,300.09,1,-1,-1,-1
449,28,912.76,635.91,128.02,302.13,1,-1,-1,-1
450,28,909.94,635.68,124.56,302.73,1,-1,-1,-1
451,28,860.20,649.69,119.85,291.87,1,-1,-1,-1
452,28,841.89,655.13,117.80,287.40,1,-1,-1,-1
453,28,835.79,657.12,116.88,285.62,1,-1,-1,-1
454,28,811.96,659.30,117.99,288.33,1,-1,-1,-1
454,31,1713.00,806.00,186.00,274.00,1,-1,-1,-1
455,31,1713.00,806.00,186.00,274.00,1,-1,-1,-1
456,31,1713.00,806.00,186.00,274.00,1,-1,-1,-1
457,31,1713.00,806.00,186.00,274.00,1,-1,-1,-1
457,32,805.00,707.00,101.00,154.00,1,-1,-1,-1
457,33,633.00,691.00,98.00,311.00,1,-1,-1,-1
458,28,630.35,688.64,123.05,309.78,1,-1,-1,-1
458,32,805.00,707.00,101.00,154.00,1,-1,-1,-1
459,28,615.03,691.45,120.75,311.76,1,-1,-1,-1
459,32,805.00,707.00,101.00,154.00,1,-1,-1,-1
460,28,585.67,695.12,122.06,315.15,1,-1,-1,-1
460,32,805.00,707.00,101.00,154.00,1,-1,-1,-1
460,34,725.00,698.00,90.00,180.00,1,-1,-1,-1
460,35,1510.00,798.00,180.00,278.00,1,-1,-1,-1
460,36,515.00,736.00,115.00,284.00,1,-1,-1,-1
461,28,526.49,727.08,113.84,292.28,1,-1,-1,-1
461,31,1514.21,798.32,187.97,277.84,1,-1,-1,-1
461,34,725.00,698.00,90.00,180.00,1,-1,-1,-1
462,28,494.81,732.95,114.36,293.61,1,-1,-1,-1
462,31,1485.62,797.22,188.34,278.39,1,-1,-1,-1
462,37,406.00,761.00,143.00,272.00,1,-1,-1,-1
462,38,655.00,693.00,81.00,197.00,1,-1,-1,-1
462,39,615.00,679.00,69.00,201.00,1,-1,-1,-1
463,31,1424.25,822.69,171.23,251.52,1,-1,-1,-1
463,39,586.52,673.00,72.82,212.14,1,-1,-1,-1
464,31,1408.97,827.81,168.49,246.06,1,-1,-1,-1
464,39,581.78,672.00,73.44,214.00,1,-1,-1,-1
465,31,1403.81,829.43,168.21,244.33,1,-1,-1,-1
465,39,580.51,671.73,73.60,214.50,1,-1,-1,-1
466,31,1326.98,837.35,167.57,240.44,1,-1,-1,-1
466,39,532.63,678.16,74.42,215.99,1,-1,-1,-1
466,40,465.00,693.00,67.00,201.00,1,-1,-1,-1
467,28,205.98,790.64,116.81,282.48,1,-1,-1,-1
467,31,1289.24,848.92,160.43,228.35,1,-1,-1,-1
467,39,518.34,679.10,74.92,217.46,1,-1,-1,-1
467,40,437.71,663.86,86.44,257.57,1,-1,-1,-1
468,28,165.02,798.59,116.82,282.52,1,-1,-1,-1
468,31,1255.65,853.09,157.47,224.14,1,-1,-1,-1
469,31,1214.52,864.26,153.87,213.58,1,-1,-1,-1
470,31,1201.57,866.98,155.36,210.99,1,-1,-1,-1
471,31,1196.62,867.84,157.76,210.17,1,-1,-1,-1
472,31,1168.61,872.09,154.61,205.97,1,-1,-1,-1
472,41,216.00,648.00,109.00,299.00,1,-1,-1,-1
473,41,216.00,648.00,109.00,299.00,1,-1,-1,-1
474,41,216.00,648.00,109.00,299.00,1,-1,-1,-1
475,41,216.00,648.00,109.00,299.00,1,-1,-1,-1
475,42,968.00,864.00,191.00,219.00,1,-1,-1,-1
476,31,985.19,865.86,166.13,216.79,1,-1,-1,-1
477,31,968.51,865.34,169.64,217.70,1,-1,-1,-1
478,31,935.85,867.22,168.52,216.26,1,-1,-1,-1
484,43,541.00,906.00,204.00,171.00,1,-1,-1,-1
484,44,1658.00,648.00,148.00,261.00,1,-1,-1,-1
485,43,541.00,906.00,204.00,171.00,1,-1,-1,-1
485,44,1658.00,648.00,148.00,261.00,1,-1,-1,-1
486,43,541.00,906.00,204.00,171.00,1,-1,-1,-1
486,44,1658.00,648.00,148.00,261.00,1,-1,-1,-1
487,43,541.00,906.00,204.00,171.00,1,-1,-1,-1
487,44,1658.00,648.00,148.00,261.00,1,-1,-1,-1
487,45,400.00,904.00,188.00,180.00,1,-1,-1,-1
487,46,1564.00,657.00,144.00,276.00,1,-1,-1,-1
488,44,1571.85,655.76,154.76,273.93,1,-1,-1,-1
488,45,400.00,904.00,188.00,180.00,1,-1,-1,-1
489,44,1551.03,657.63,156.52,277.05,1,-1,-1,-1
489,47,1465.00,662.00,145.00,268.00,1,-1,-1,-1
490,47,1435.95,666.29,145.67,268.86,1,-1,-1,-1
491,44,1437.77,666.32,153.24,270.74,1,-1,-1,-1
492,44,1421.50,667.56,153.04,269.89,1,-1,-1,-1
493,44,1392.40,669.96,153.61,270.90,1,-1,-1,-1
508,44,625.91,737.54,156.82,278.11,1,-1,-1,-1
508,48,1764.00,659.00,86.00,172.00,1,-1,-1,-1
508,49,1700.00,658.00,75.00,172.00,1,-1,-1,-1
509,44,552.63,732.86,158.00,287.23,1,-1,-1,-1
509,50,535.00,703.00,97.00,306.00,1,-1,-1,-1
510,44,506.18,714.66,154.44,299.86,1,-1,-1,-1
510,50,567.85,725.29,93.87,293.14,1,-1,-1,-1
511,44,457.21,716.16,155.59,302.11,1,-1,-1,-1
511,51,1618.00,680.00,84.00,182.00,1,-1,-1,-1
512,51,1618.00,680.00,84.00,182.00,1,-1,-1,-1
513,51,1618.00,680.00,84.00,182.00,1,-1,-1,-1
514,51,1618.00,680.00,84.00,182.00,1,-1,-1,-1
517,52,1836.00,724.00,75.00,301.00,1,-1,-1,-1
518,52,1836.00,724.00,75.00,301.00,1,-1,-1,-1
519,52,1836.00,724.00,75.00,301.00,1,-1,-1,-1
520,52,1836.00,724.00,75.00,301.00,1,-1,-1,-1
520,53,1736.00,748.00,112.00,259.00,1,-1,-1,-1
520,54,1315.00,677.00,96.00,195.00,1,-1,-1,-1
521,52,1769.11,744.69,68.23,264.79,1,-1,-1,-1
521,54,1315.00,677.00,96.00,195.00,1,-1,-1,-1
522,52,1753.31,749.68,65.99,256.06,1,-1,-1,-1
522,55,1241.00,685.00,97.00,187.00,1,-1,-1,-1
522,56,1664.00,746.00,125.00,263.00,1,-1,-1,-1
523,55,1248.70,689.29,93.60,181.00,1,-1,-1,-1
523,56,1630.91,740.86,120.90,254.43,1,-1,-1,-1
523,57,1182.00,692.00,93.00,175.00,1,-1,-1,-1
524,52,1656.46,741.56,68.71,251.86,1,-1,-1,-1
524,55,1250.16,690.00,92.68,180.00,1,-1,-1,-1
524,57,1182.00,692.00,93.00,175.00,1,-1,-1,-1
525,52,1643.10,741.02,72.13,250.79,1,-1,-1,-1
525,55,1250.73,690.18,92.04,179.75,1,-1,-1,-1
525,57,1182.00,692.00,93.00,175.00,1,-1,-1,-1
526,52,1619.15,742.57,70.51,245.15,1,-1,-1,-1
526,55,1251.69,690.73,91.65,178.98,1,-1,-1,-1
526,57,1161.78,678.64,105.98,201.71,1,-1,-1,-1
526,58,1103.00,682.00,85.00,201.00,1,-1,-1,-1
526,59,1534.00,740.00,125.00,263.00,1,-1,-1,-1
527,52,1537.07,732.68,77.97,264.21,1,-1,-1,-1
527,57,1155.48,674.58,110.25,209.84,1,-1,-1,-1
527,58,1111.36,703.43,76.86,181.29,1,-1,-1,-1
527,60,1054.00,683.00,70.00,195.00,1,-1,-1,-1
528,52,1516.71,730.89,80.75,267.33,1,-1,-1,-1
528,57,1113.11,699.67,97.26,186.03,1,-1,-1,-1
528,60,1054.00,683.00,70.00,195.00,1,-1,-1,-1
529,52,1469.25,740.16,83.50,266.55,1,-1,-1,-1
529,57,1077.04,692.94,101.92,199.05,1,-1,-1,-1
529,60,1031.34,701.77,70.29,195.00,1,-1,-1,-1
530,52,1451.75,743.65,86.16,266.32,1,-1,-1,-1
530,57,1066.49,690.94,101.75,203.07,1,-1,-1,-1
530,60,1023.66,708.02,70.65,195.00,1,-1,-1,-1
531,52,1445.54,744.92,88.67,266.29,1,-1,-1,-1
531,57,1063.90,690.17,100.19,204.43,1,-1,-1,-1
531,60,1021.38,709.74,71.07,195.00,1,-1,-1,-1
532,52,1385.49,746.02,95.07,278.84,1,-1,-1,-1
532,57,1049.41,689.71,102.04,208.22,1,-1,-1,-1
532,60,1015.22,714.87,71.07,195.00,1,-1,-1,-1
533,52,1363.07,746.41,98.72,283.50,1,-1,-1,-1
534,52,1354.93,746.52,101.24,285.31,1,-1,-1,-1
535,52,1306.03,749.12,101.57,282.08,1,-1,-1,-1
536,52,1287.95,750.09,102.45,280.83,1,-1,-1,-1
537,52,1281.68,750.41,103.48,280.34,1,-1,-1,-1
538,52,1255.17,751.45,103.52,280.45,1,-1,-1,-1
541,52,1120.82,755.82,107.42,283.60,1,-1,-1,-1
542,52,1104.58,756.31,109.88,283.98,1,-1,-1,-1
543,52,1098.30,756.48,111.93,284.11,1,-1,-1,-1
544,52,1040.87,765.65,115.51,295.24,1,-1,-1,-1
544,61,560.00,741.00,103.00,286.00,1,-1,-1,-1
545,52,1020.04,769.06,116.44,299.40,1,-1,-1,-1
545,61,560.00,741.00,103.00,286.00,1,-1,-1,-1
546,52,1013.15,770.33,116.42,300.97,1,-1,-1,-1
546,61,560.00,741.00,103.00,286.00,1,-1,-1,-1
547,52,957.20,781.12,110.31,281.46,1,-1,-1,-1
547,61,560.00,741.00,103.00,286.00,1,-1,-1,-1
547,62,442.00,759.00,107.00,270.00,1,-1,-1,-1
547,63,355.00,747.00,92.00,280.00,1,-1,-1,-1
548,52,936.58,785.23,108.53,273.75,1,-1,-1,-1
548,61,462.24,756.52,98.49,272.20,1,-1,-1,-1
548,63,355.00,747.00,92.00,280.00,1,-1,-1,-1
549,52,895.59,793.94,107.49,263.01,1,-1,-1,-1
549,61,388.12,777.82,99.57,271.93,1,-1,-1,-1
550,52,865.21,763.03,114.32,279.75,1,-1,-1,-1
550,61,337.86,785.80,101.62,275.40,1,-1,-1,-1
551,52,854.41,752.00,116.75,285.72,1,-1,-1,-1
551,61,321.21,788.32,102.91,276.70,1,-1,-1,-1
552,52,851.32,747.70,117.69,288.05,1,-1,-1,-1
552,61,316.45,788.92,103.92,277.24,1,-1,-1,-1
553,52,803.83,772.05,116.52,281.14,1,-1,-1,-1
553,61,287.05,794.78,103.61,276.43,1,-1,-1,-1
553,64,106.00,800.00,136.00,267.00,1,-1,-1,-1
554,52,786.22,781.50,116.88,278.44,1,-1,-1,-1
554,64,106.00,800.00,136.00,267.00,1,-1,-1,-1
555,52,780.07,785.00,117.79,277.44,1,-1,-1,-1
555,64,106.00,800.00,136.00,267.00,1,-1,-1,-1
556,52,729.62,792.81,117.77,275.75,1,-1,-1,-1
556,64,106.00,800.00,136.00,267.00,1,-1,-1,-1
557,52,711.22,795.70,118.13,275.13,1,-1,-1,-1
558,52,704.98,796.72,118.61,274.90,1,-1,-1,-1
559,52,652.05,793.09,119.48,277.45,1,-1,-1,-1
560,52,632.88,791.67,119.69,278.42,1,-1,-1,-1
561,52,626.53,791.07,119.67,278.79,1,-1,-1,-1
562,52,571.74,788.84,121.67,284.15,1,-1,-1,-1
563,52,551.79,787.97,122.26,286.17,1,-1,-1,-1
564,52,545.11,787.61,122.33,286.93,1,-1,-1,-1
565,52,490.66,799.80,121.21,280.70,1,-1,-1,-1
565,65,503.00,590.00,63.00,124.00,1,-1,-1,-1
566,52,470.40,804.44,121.55,278.29,1,-1,-1,-1
566,65,503.00,590.00,63.00,124.00,1,-1,-1,-1
567,52,463.27,806.13,122.40,277.38,1,-1,-1,-1
567,65,503.00,590.00,63.00,124.00,1,-1,-1,-1
568,52,410.49,817.18,120.43,267.88,1,-1,-1,-1
568,65,503.00,590.00,63.00,124.00,1,-1,-1,-1
568,66,449.00,586.00,74.00,133.00,1,-1,-1,-1
569,52,375.47,827.27,116.60,255.00,1,-1,-1,-1
569,66,431.06,589.43,72.18,129.57,1,-1,-1,-1
570,52,363.10,830.91,116.16,250.25,1,-1,-1,-1
570,66,428.01,590.00,71.98,129.00,1,-1,-1,-1
571,52,335.58,839.45,111.73,233.27,1,-1,-1,-1
571,66,400.56,590.89,78.97,142.31,1,-1,-1,-1
572,52,299.40,847.91,109.66,222.97,1,-1,-1,-1
572,66,385.23,595.32,78.05,141.87,1,-1,-1,-1
573,52,286.72,850.77,110.47,219.46,1,-1,-1,-1
573,66,380.43,596.97,77.06,141.41,1,-1,-1,-1
574,52,257.44,852.33,112.78,219.02,1,-1,-1,-1
574,66,353.76,597.49,80.30,150.03,1,-1,-1,-1
575,52,246.93,852.76,115.05,219.00,1,-1,-1,-1
575,66,344.89,597.64,80.40,153.09,1,-1,-1,-1
576,52,243.31,852.78,117.19,219.13,1,-1,-1,-1
576,66,342.56,597.64,79.39,154.12,1,-1,-1,-1
577,52,221.91,855.97,115.48,215.93,1,-1,-1,-1
577,66,311.40,598.24,78.73,155.05,1,-1,-1,-1
578,66,300.27,598.43,77.75,155.29,1,-1,-1,-1
579,66,296.85,598.47,76.69,155.29,1,-1,-1,-1
580,66,267.75,591.91,81.15,167.62,1,-1,-1,-1
580,67,41.00,851.00,167.00,223.00,1,-1,-1,-1
581,66,257.49,589.46,81.79,172.21,1,-1,-1,-1
581,67,41.00,851.00,167.00,223.00,1,-1,-1,-1
582,66,231.82,594.86,77.69,164.33,1,-1,-1,-1
583,66,213.57,595.07,77.74,164.93,1,-1,-1,-1
584,66,207.17,595.13,77.62,165.10,1,-1,-1,-1
585,66,205.26,595.15,77.43,165.10,1,-1,-1,-1
586,66,191.83,595.42,78.29,166.95,1,-1,-1,-1
589,66,124.83,608.19,83.10,179.01,1,-1,-1,-1
589,68,1771.00,575.00,63.00,203.00,1,-1,-1,-1
590,66,117.24,609.80,83.04,180.46,1,-1,-1,-1
590,68,1771.00,575.00,63.00,203.00,1,-1,-1,-1
591,66,114.76,610.37,82.64,180.97,1,-1,-1,-1
591,68,1771.00,575.00,63.00,203.00,1,-1,-1,-1
592,66,86.37,629.27,78.77,166.91,1,-1,-1,-1
592,68,1771.64,572.03,62.46,200.77,1,-1,-1,-1
593,66,66.90,631.96,79.46,165.91,1,-1,-1,-1
593,68,1771.86,571.13,62.25,200.10,1,-1,-1,-1
594,66,59.84,632.89,80.31,165.54,1,-1,-1,-1
595,66,39.89,631.85,84.72,176.51,1,-1,-1,-1
596,66,32.87,631.45,85.84,180.57,1,-1,-1,-1
597,66,30.88,631.20,85.84,182.12,1,-1,-1,-1
598,66,1.31,631.69,90.87,196.86,1,-1,-1,-1
598,68,1769.06,571.81,61.16,196.03,1,-1,-1,-1
599,66,-9.22,631.86,91.67,202.40,1,-1,-1,-1
599,68,1768.82,571.86,61.25,195.78,1,-1,-1,-1
600,66,-12.45,631.87,91.03,204.53,1,-1,-1,-1
600,68,1768.68,571.87,61.38,195.70,1,-1,-1,-1
601,66,-26.21,633.27,92.36,207.50,1,-1,-1,-1
601,68,1768.48,571.65,61.18,195.07,1,-1,-1,-1
625,69,229.00,521.00,64.00,134.00,1,-1,-1,-1
626,69,229.00,521.00,64.00,134.00,1,-1,-1,-1
627,69,229.00,521.00,64.00,134.00,1,-1,-1,-1
628,69,223.97,508.38,71.08,149.58,1,-1,-1,-1
629,69,222.46,504.17,73.12,154.79,1,-1,-1,-1
630,69,222.14,502.80,73.43,156.49,1,-1,-1,-1
631,69,220.73,499.34,75.44,160.75,1,-1,-1,-1
670,70,446.00,584.00,81.00,135.00,1,-1,-1,-1
671,70,446.00,584.00,81.00,135.00,1,-1,-1,-1
672,70,446.00,584.00,81.00,135.00,1,-1,-1,-1
673,70,446.00,584.00,81.00,135.00,1,-1,-1,-1
697,70,816.21,592.98,84.03,140.99,1,-1,-1,-1
698,70,821.63,593.11,83.70,141.07,1,-1,-1,-1
699,70,823.65,593.15,83.45,141.10,1,-1,-1,-1
700,70,836.48,593.47,83.57,141.31,1,-1,-1,-1
709,70,1042.29,630.69,87.43,151.68,1,-1,-1,-1
710,70,1053.66,634.41,90.44,160.88,1,-1,-1,-1
711,70,1058.45,635.73,90.50,164.01,1,-1,-1,-1
712,70,1085.78,640.01,90.26,165.83,1,-1,-1,-1
713,70,1096.14,641.59,89.63,166.49,1,-1,-1,-1
714,70,1099.82,642.12,88.94,166.70,1,-1,-1,-1
715,70,1142.08,641.60,87.30,162.21,1,-1,-1,-1
716,70,1163.62,637.38,89.94,168.93,1,-1,-1,-1
717,70,1171.66,635.80,90.42,171.40,1,-1,-1,-1
718,70,1213.00,643.49,90.74,170.38,1,-1,-1,-1
719,70,1228.22,646.43,91.24,169.94,1,-1,-1,-1
720,70,1233.25,647.49,91.78,169.73,1,-1,-1,-1
721,70,1251.21,649.38,92.34,170.75,1,-1,-1,-1
