1,1,182.00,95.00,70.00,223.00,1,-1,-1,-1
1,2,336.00,78.00,91.00,252.00,1,-1,-1,-1
1,3,105.00,97.00,67.00,217.00,1,-1,-1,-1
1,4,570.00,82.00,64.00,198.00,1,-1,-1,-1
1,5,437.00,100.00,87.00,235.00,1,-1,-1,-1
2,1,183.63,95.86,68.46,217.86,1,-1,-1,-1
2,2,341.97,81.43,88.50,244.29,1,-1,-1,-1
2,3,95.22,92.71,70.28,227.29,1,-1,-1,-1
2,4,569.74,80.29,65.37,202.29,1,-1,-1,-1
2,5,441.49,95.71,83.16,224.71,1,-1,-1,-1
3,1,184.94,91.45,71.43,227.61,1,-1,-1,-1
3,2,351.84,78.96,93.12,255.17,1,-1,-1,-1
3,3,88.09,92.74,70.78,227.53,1,-1,-1,-1
3,4,570.95,85.21,63.10,194.82,1,-1,-1,-1
3,5,444.34,97.29,80.61,217.65,1,-1,-1,-1
4,1,193.89,97.30,65.53,207.51,1,-1,-1,-1
4,2,356.50,80.32,93.78,255.09,1,-1,-1,-1
4,3,76.80,92.07,72.60,231.88,1,-1,-1,-1
4,4,571.89,87.67,62.01,190.70,1,-1,-1,-1
4,5,445.83,97.37,79.29,214.09,1,-1,-1,-1
5,1,199.62,90.48,68.65,216.67,1,-1,-1,-1
5,2,356.45,84.44,97.42,263.51,1,-1,-1,-1
5,3,71.53,97.57,71.41,224.74,1,-1,-1,-1
5,4,569.17,86.90,63.29,193.17,1,-1,-1,-1
6,1,203.11,84.86,70.33,220.93,1,-1,-1,-1
6,2,358.87,88.63,96.92,260.79,1,-1,-1,-1
6,3,70.00,105.26,68.18,209.96,1,-1,-1,-1
6,4,567.46,88.00,63.89,192.66,1,-1,-1,-1
6,6,181.00,99.00,41.00,162.00,1,-1,-1,-1
7,1,211.25,87.72,69.88,216.99,1,-1,-1,-1
7,2,362.65,91.49,90.49,240.25,1,-1,-1,-1
7,3,68.17,109.31,66.76,201.95,1,-1,-1,-1
7,4,566.68,91.82,63.80,189.07,1,-1,-1,-1
7,5,462.23,107.53,74.44,199.20,1,-1,-1,-1
7,6,180.25,98.14,40.79,161.14,1,-1,-1,-1
8,1,216.17,93.02,71.60,218.26,1,-1,-1,-1
8,2,364.51,93.12,88.05,230.41,1,-1,-1,-1
8,3,58.02,103.52,70.95,212.78,1,-1,-1,-1
8,4,566.86,95.90,63.61,185.07,1,-1,-1,-1
8,5,461.35,101.04,79.25,211.80,1,-1,-1,-1
8,6,180.30,97.25,40.39,159.50,1,-1,-1,-1
9,1,219.94,94.29,73.30,222.79,1,-1,-1,-1
9,2,367.86,90.81,87.13,226.42,1,-1,-1,-1
9,3,52.73,100.86,72.79,217.17,1,-1,-1,-1
9,4,565.48,95.91,64.44,184.40,1,-1,-1,-1
9,5,464.78,98.46,82.87,218.85,1,-1,-1,-1
9,6,181.91,98.46,39.35,155.23,1,-1,-1,-1
10,1,225.73,98.09,73.46,221.13,1,-1,-1,-1
10,2,372.57,88.57,89.83,233.38,1,-1,-1,-1
10,3,46.96,105.82,69.48,207.53,1,-1,-1,-1
10,4,562.95,93.13,66.12,186.95,1,-1,-1,-1
10,5,467.98,96.15,84.16,220.88,1,-1,-1,-1
10,6,183.56,100.36,38.26,150.18,1,-1,-1,-1
11,1,231.08,100.20,73.42,217.13,1,-1,-1,-1
11,2,375.07,86.41,91.68,239.27,1,-1,-1,-1
11,3,34.80,100.87,71.76,214.10,1,-1,-1,-1
11,4,560.73,92.73,67.38,188.60,1,-1,-1,-1
11,5,466.17,88.64,87.81,232.93,1,-1,-1,-1
11,6,182.00,95.91,40.64,159.47,1,-1,-1,-1
12,1,235.80,100.96,73.58,215.63,1,-1,-1,-1
12,2,377.96,80.28,95.50,252.12,1,-1,-1,-1
12,3,26.10,93.81,75.56,227.69,1,-1,-1,-1
12,4,559.32,89.22,68.39,189.92,1,-1,-1,-1
12,5,467.64,89.75,88.00,232.87,1,-1,-1,-1
12,6,180.36,91.70,42.98,169.40,1,-1,-1,-1
13,1,238.23,104.55,71.91,209.10,1,-1,-1,-1
13,2,381.60,79.28,93.62,249.80,1,-1,-1,-1
13,3,19.16,93.11,74.90,226.96,1,-1,-1,-1
13,4,558.56,89.58,68.19,189.35,1,-1,-1,-1
13,5,469.84,91.55,87.17,228.18,1,-1,-1,-1
13,6,180.41,90.82,43.84,173.07,1,-1,-1,-1
14,1,240.74,101.17,73.01,211.36,1,-1,-1,-1
14,2,382.99,76.28,91.94,246.86,1,-1,-1,-1
14,3,15.56,95.48,73.71,223.34,1,-1,-1,-1
14,5,471.81,92.94,88.34,228.32,1,-1,-1,-1
14,6,179.87,91.21,43.95,173.74,1,-1,-1,-1
15,1,242.22,94.63,75.35,219.47,1,-1,-1,-1
15,2,384.30,73.19,92.78,251.01,1,-1,-1,-1
15,3,5.04,81.89,80.84,249.62,1,-1,-1,-1
15,5,474.26,96.10,88.49,223.75,1,-1,-1,-1
15,6,179.31,90.08,44.01,174.57,1,-1,-1,-1
16,1,245.86,94.14,75.05,221.20,1,-1,-1,-1
16,2,387.45,76.62,90.89,246.67,1,-1,-1,-1
16,3,-0.38,75.73,83.40,261.64,1,-1,-1,-1
16,5,480.07,97.32,89.15,221.33,1,-1,-1,-1
16,6,179.60,91.67,43.04,171.51,1,-1,-1,-1
17,1,249.48,90.69,75.41,225.13,1,-1,-1,-1
17,2,389.36,80.62,89.17,244.31,1,-1,-1,-1
17,3,-3.01,78.98,81.33,255.63,1,-1,-1,-1
17,5,479.48,93.82,92.11,228.34,1,-1,-1,-1
17,6,178.75,90.33,43.27,173.59,1,-1,-1,-1
18,1,254.36,91.34,73.48,220.76,1,-1,-1,-1
18,2,392.62,83.46,87.86,240.79,1,-1,-1,-1
18,3,-4.00,84.29,78.40,247.18,1,-1,-1,-1
18,5,483.50,95.12,90.46,222.50,1,-1,-1,-1
18,6,178.89,87.88,43.74,176.94,1,-1,-1,-1
19,1,254.49,83.07,76.54,231.53,1,-1,-1,-1
19,2,395.31,87.82,86.21,235.51,1,-1,-1,-1
19,3,0.25,107.34,72.37,224.19,1,-1,-1,-1
19,5,487.85,94.98,89.25,220.19,1,-1,-1,-1
19,6,178.05,85.68,44.41,181.43,1,-1,-1,-1
20,1,259.59,86.45,75.83,227.14,1,-1,-1,-1
20,2,404.07,92.77,83.16,222.29,1,-1,-1,-1
20,3,-0.89,105.42,75.57,233.49,1,-1,-1,-1
20,5,504.54,98.89,84.84,206.16,1,-1,-1,-1
20,6,178.71,85.51,43.99,181.16,1,-1,-1,-1
21,1,264.33,86.54,77.58,229.27,1,-1,-1,-1
21,2,407.69,93.92,83.78,220.06,1,-1,-1,-1
21,3,-1.69,111.25,73.54,226.97,1,-1,-1,-1
21,5,510.51,96.34,86.32,209.59,1,-1,-1,-1
21,6,178.91,86.79,43.30,179.03,1,-1,-1,-1
22,1,267.22,91.14,76.46,221.60,1,-1,-1,-1
22,2,408.52,94.98,84.78,218.64,1,-1,-1,-1
22,3,-5.89,112.50,73.58,227.09,1,-1,-1,-1
22,5,515.72,95.44,86.47,211.47,1,-1,-1,-1
22,6,179.28,86.00,43.11,179.46,1,-1,-1,-1
23,1,268.70,90.31,78.22,224.54,1,-1,-1,-1
23,2,409.10,96.66,85.07,216.20,1,-1,-1,-1
23,4,584.11,113.44,45.52,128.53,1,-1,-1,-1
23,5,515.11,95.10,86.81,214.19,1,-1,-1,-1
23,6,178.80,84.43,43.63,182.84,1,-1,-1,-1
24,1,274.25,95.87,74.57,211.95,1,-1,-1,-1
24,2,411.61,88.62,90.34,229.98,1,-1,-1,-1
24,3,-22.43,77.21,77.28,258.12,1,-1,-1,-1
24,4,584.99,111.08,45.79,130.40,1,-1,-1,-1
24,5,514.88,91.71,88.63,220.46,1,-1,-1,-1
24,6,179.33,84.50,43.04,181.50,1,-1,-1,-1
25,1,280.43,99.37,72.69,204.37,1,-1,-1,-1
25,2,418.49,88.27,89.94,229.19,1,-1,-1,-1
25,3,-27.60,75.10,78.13,260.98,1,-1,-1,-1
25,4,586.24,112.31,44.57,126.95,1,-1,-1,-1
25,5,516.12,91.08,87.77,218.95,1,-1,-1,-1
25,6,179.46,84.56,42.98,181.58,1,-1,-1,-1
26,1,283.60,100.65,71.25,199.63,1,-1,-1,-1
26,2,423.85,91.39,86.15,218.44,1,-1,-1,-1
26,5,517.18,95.44,84.02,207.90,1,-1,-1,-1
26,6,179.25,85.26,42.81,181.58,1,-1,-1,-1
27,1,286.16,101.76,71.01,199.94,1,-1,-1,-1
27,2,425.14,86.59,87.25,222.34,1,-1,-1,-1
27,5,518.66,98.46,82.77,200.99,1,-1,-1,-1
27,6,179.39,85.54,42.32,180.89,1,-1,-1,-1
28,1,289.63,100.83,70.94,200.11,1,-1,-1,-1
28,2,427.97,83.54,87.38,225.07,1,-1,-1,-1
28,5,520.19,98.90,83.48,199.83,1,-1,-1,-1
28,6,180.20,87.63,41.27,176.68,1,-1,-1,-1
29,1,294.49,99.14,71.46,202.20,1,-1,-1,-1
29,2,430.82,79.13,90.21,235.92,1,-1,-1,-1
29,5,520.22,104.35,82.67,194.82,1,-1,-1,-1
29,6,181.12,91.73,39.64,169.12,1,-1,-1,-1
30,1,301.74,101.12,69.77,196.46,1,-1,-1,-1
30,2,435.06,78.77,89.31,235.51,1,-1,-1,-1
30,5,520.67,107.71,83.28,192.33,1,-1,-1,-1
30,6,175.39,96.62,39.21,164.92,1,-1,-1,-1
31,1,305.79,99.86,68.18,189.67,1,-1,-1,-1
31,2,439.92,81.26,86.84,232.08,1,-1,-1,-1
31,5,521.01,106.26,84.97,194.80,1,-1,-1,-1
31,6,173.29,97.74,39.71,164.73,1,-1,-1,-1
32,1,310.39,96.71,73.12,201.92,1,-1,-1,-1
32,2,441.45,79.62,86.30,232.71,1,-1,-1,-1
32,5,519.08,107.68,84.36,192.46,1,-1,-1,-1
32,6,178.40,93.52,40.03,166.65,1,-1,-1,-1
33,1,313.32,94.29,76.16,207.58,1,-1,-1,-1
33,2,443.97,77.71,86.59,234.90,1,-1,-1,-1
33,5,523.08,100.91,87.72,201.56,1,-1,-1,-1
33,6,174.56,94.55,40.55,167.39,1,-1,-1,-1
34,1,316.30,97.23,76.60,207.21,1,-1,-1,-1
34,2,451.55,79.61,84.96,229.88,1,-1,-1,-1
34,5,529.13,97.12,89.43,206.85,1,-1,-1,-1
34,6,172.22,94.28,41.20,168.99,1,-1,-1,-1
35,1,318.21,97.73,77.51,209.68,1,-1,-1,-1
35,2,455.15,79.05,86.65,232.53,1,-1,-1,-1
35,5,536.29,98.24,88.72,206.32,1,-1,-1,-1
35,6,177.61,94.82,40.03,164.38,1,-1,-1,-1
36,1,323.95,102.47,75.39,201.52,1,-1,-1,-1
36,2,454.65,74.30,90.79,243.94,1,-1,-1,-1
36,5,540.46,101.29,86.76,202.21,1,-1,-1,-1
36,6,174.32,95.68,40.45,164.61,1,-1,-1,-1
37,1,329.33,103.63,75.13,199.68,1,-1,-1,-1
37,2,455.26,73.80,92.56,247.58,1,-1,-1,-1
37,5,549.75,98.52,89.44,212.46,1,-1,-1,-1
37,6,178.65,95.99,40.01,162.73,1,-1,-1,-1
38,1,330.92,102.08,76.29,203.62,1,-1,-1,-1
38,2,455.74,77.50,91.24,243.81,1,-1,-1,-1
38,5,554.67,103.27,86.08,205.32,1,-1,-1,-1
38,6,173.90,96.10,40.78,164.68,1,-1,-1,-1
39,1,333.56,102.79,74.38,199.24,1,-1,-1,-1
39,2,458.28,77.67,90.99,244.25,1,-1,-1,-1
39,5,557.17,102.54,85.23,205.09,1,-1,-1,-1
39,6,172.70,96.13,41.24,165.42,1,-1,-1,-1
40,1,335.83,101.08,72.76,194.93,1,-1,-1,-1
40,2,461.62,78.40,89.86,242.44,1,-1,-1,-1
40,5,556.62,98.34,86.38,212.85,1,-1,-1,-1
40,6,172.04,95.48,41.84,167.02,1,-1,-1,-1
41,1,337.25,97.78,73.39,195.98,1,-1,-1,-1
41,2,464.81,79.99,88.67,240.42,1,-1,-1,-1
41,5,555.65,95.48,86.29,215.10,1,-1,-1,-1
41,6,171.62,93.92,42.45,168.93,1,-1,-1,-1
42,1,338.98,95.90,72.99,193.11,1,-1,-1,-1
42,2,468.49,82.56,87.67,238.33,1,-1,-1,-1
42,5,553.10,85.96,91.67,234.71,1,-1,-1,-1
42,6,171.85,95.28,41.92,165.76,1,-1,-1,-1
43,1,344.49,95.20,73.44,193.37,1,-1,-1,-1
43,2,471.93,88.12,84.97,227.71,1,-1,-1,-1
43,5,553.23,79.89,93.40,245.83,1,-1,-1,-1
43,6,178.13,96.46,40.52,160.60,1,-1,-1,-1
44,1,350.04,99.54,71.67,186.28,1,-1,-1,-1
44,2,474.58,90.23,83.66,220.32,1,-1,-1,-1
44,5,555.53,81.91,90.05,241.37,1,-1,-1,-1
44,6,173.96,96.89,41.19,162.63,1,-1,-1,-1
45,1,356.61,95.22,76.40,196.93,1,-1,-1,-1
45,2,476.04,90.33,83.34,216.97,1,-1,-1,-1
45,5,558.09,84.09,87.15,238.14,1,-1,-1,-1
45,6,172.47,95.74,41.99,166.00,1,-1,-1,-1
46,1,358.78,93.02,79.73,203.98,1,-1,-1,-1
46,2,477.74,92.99,82.73,211.81,1,-1,-1,-1
46,5,558.89,90.14,81.06,223.23,1,-1,-1,-1
46,6,172.00,95.95,41.47,164.04,1,-1,-1,-1
46,7,439.00,108.00,42.00,139.00,1,-1,-1,-1
47,1,360.65,92.82,80.65,206.08,1,-1,-1,-1
47,2,480.68,95.29,83.02,209.28,1,-1,-1,-1
47,5,560.02,93.19,78.19,217.36,1,-1,-1,-1
47,6,171.46,94.71,42.02,165.91,1,-1,-1,-1
47,7,438.04,111.43,40.48,133.86,1,-1,-1,-1
48,1,362.11,94.06,81.18,207.53,1,-1,-1,-1
48,2,480.91,93.45,86.00,213.73,1,-1,-1,-1
48,5,562.46,90.36,76.95,215.86,1,-1,-1,-1
48,6,171.48,94.25,42.45,167.91,1,-1,-1,-1
49,1,366.48,94.55,80.63,206.77,1,-1,-1,-1
49,2,483.66,93.41,86.88,212.78,1,-1,-1,-1
49,4,444.43,101.02,56.33,161.93,1,-1,-1,-1
49,5,565.21,91.95,75.33,213.99,1,-1,-1,-1
49,6,177.84,94.72,40.97,163.48,1,-1,-1,-1
50,1,368.91,90.84,81.93,211.66,1,-1,-1,-1
50,2,486.19,91.38,90.65,220.38,1,-1,-1,-1
50,4,441.25,98.74,56.96,167.25,1,-1,-1,-1
50,5,566.95,91.70,75.27,213.83,1,-1,-1,-1
50,6,173.68,92.93,42.44,169.00,1,-1,-1,-1
51,1,378.39,98.48,74.79,190.28,1,-1,-1,-1
51,2,487.93,90.62,92.29,222.57,1,-1,-1,-1
51,4,438.72,90.84,60.62,184.60,1,-1,-1,-1
51,6,172.43,92.92,42.42,169.10,1,-1,-1,-1
52,1,387.06,96.84,75.80,193.83,1,-1,-1,-1
52,2,490.86,93.57,91.47,219.53,1,-1,-1,-1
52,4,439.31,91.27,59.03,183.75,1,-1,-1,-1
52,6,171.52,92.92,42.63,169.78,1,-1,-1,-1
53,1,392.18,94.97,76.51,197.03,1,-1,-1,-1
53,2,502.00,99.28,87.31,206.56,1,-1,-1,-1
53,4,434.08,90.62,59.60,185.53,1,-1,-1,-1
53,6,170.97,92.93,42.48,169.37,1,-1,-1,-1
54,1,397.20,92.31,77.50,202.16,1,-1,-1,-1
54,2,509.20,102.10,86.24,200.30,1,-1,-1,-1
54,6,170.75,93.58,42.46,168.56,1,-1,-1,-1
55,1,405.08,89.36,79.94,207.99,1,-1,-1,-1
55,2,514.83,101.75,85.62,195.42,1,-1,-1,-1
55,6,171.00,93.84,42.44,168.24,1,-1,-1,-1
56,1,414.04,96.62,73.89,188.31,1,-1,-1,-1
56,2,517.32,100.25,85.63,193.70,1,-1,-1,-1
56,6,170.81,93.28,43.03,170.73,1,-1,-1,-1
57,1,415.44,96.88,73.05,182.39,1,-1,-1,-1
57,2,520.27,98.34,86.63,195.13,1,-1,-1,-1
57,6,170.27,91.78,43.56,173.61,1,-1,-1,-1
58,1,416.54,100.31,72.67,178.32,1,-1,-1,-1
58,2,523.44,95.64,87.92,197.04,1,-1,-1,-1
58,6,170.37,93.14,43.15,171.47,1,-1,-1,-1
59,1,416.72,102.23,74.01,177.54,1,-1,-1,-1
59,2,526.44,93.96,90.45,201.76,1,-1,-1,-1
59,6,170.39,93.68,43.05,170.62,1,-1,-1,-1
60,1,410.16,92.98,84.20,203.15,1,-1,-1,-1
60,2,527.81,90.72,92.67,207.47,1,-1,-1,-1
60,6,170.30,93.23,43.22,170.94,1,-1,-1,-1
61,1,412.40,99.71,80.04,189.73,1,-1,-1,-1
61,2,529.98,91.43,93.25,209.67,1,-1,-1,-1
61,6,170.46,93.72,42.90,169.10,1,-1,-1,-1
62,1,413.84,103.27,78.04,183.92,1,-1,-1,-1
62,2,531.73,90.42,92.05,208.57,1,-1,-1,-1
62,6,170.42,93.25,42.99,169.05,1,-1,-1,-1
63,1,415.67,102.58,77.15,181.79,1,-1,-1,-1
63,2,533.49,89.39,91.12,208.15,1,-1,-1,-1
63,6,176.69,91.76,42.89,170.33,1,-1,-1,-1
64,1,415.97,100.34,77.42,183.66,1,-1,-1,-1
64,2,534.24,89.66,89.74,206.04,1,-1,-1,-1
64,6,178.93,92.51,42.44,169.51,1,-1,-1,-1
65,1,417.75,100.81,75.36,179.14,1,-1,-1,-1
65,2,537.94,90.43,88.74,204.59,1,-1,-1,-1
65,4,395.38,99.32,53.77,168.58,1,-1,-1,-1
65,6,179.35,91.49,42.47,171.16,1,-1,-1,-1
66,1,420.93,102.31,73.32,174.12,1,-1,-1,-1
66,2,539.69,89.42,89.44,206.68,1,-1,-1,-1
66,4,394.59,97.66,54.23,170.34,1,-1,-1,-1
66,6,179.52,90.46,42.41,172.43,1,-1,-1,-1
67,1,430.63,98.87,71.32,172.95,1,-1,-1,-1
67,2,541.66,91.00,87.57,202.26,1,-1,-1,-1
67,4,392.45,91.91,57.01,181.42,1,-1,-1,-1
67,6,180.46,90.07,41.92,171.60,1,-1,-1,-1
68,1,435.62,98.26,69.56,170.58,1,-1,-1,-1
68,2,549.75,97.54,84.45,195.31,1,-1,-1,-1
68,4,390.71,89.83,57.40,185.43,1,-1,-1,-1
68,6,180.44,89.93,42.45,174.54,1,-1,-1,-1
69,1,438.65,98.70,71.00,174.37,1,-1,-1,-1
69,2,554.92,98.68,82.80,192.05,1,-1,-1,-1
69,4,390.86,88.39,57.48,186.97,1,-1,-1,-1
69,6,180.87,89.89,41.74,171.75,1,-1,-1,-1
70,1,441.25,96.25,72.35,177.75,1,-1,-1,-1
70,2,555.61,91.79,86.42,204.80,1,-1,-1,-1
70,4,386.44,85.26,58.25,190.75,1,-1,-1,-1
70,6,180.48,87.92,42.53,175.90,1,-1,-1,-1
71,1,444.41,94.02,73.54,181.02,1,-1,-1,-1
71,2,558.12,93.79,83.18,197.23,1,-1,-1,-1
71,4,384.65,84.09,58.92,193.45,1,-1,-1,-1
71,6,181.16,88.48,41.81,173.56,1,-1,-1,-1
72,1,449.07,91.89,72.73,182.92,1,-1,-1,-1
72,2,560.03,91.95,83.02,198.17,1,-1,-1,-1
72,4,383.46,86.25,57.81,189.27,1,-1,-1,-1
72,6,181.76,89.37,41.47,171.32,1,-1,-1,-1
73,1,453.03,94.98,69.16,177.16,1,-1,-1,-1
73,2,560.59,90.62,83.75,204.42,1,-1,-1,-1
73,4,381.35,87.79,57.64,188.87,1,-1,-1,-1
73,6,182.31,88.40,41.98,173.09,1,-1,-1,-1
74,1,456.31,94.67,68.99,176.73,1,-1,-1,-1
74,2,561.06,87.54,85.34,212.59,1,-1,-1,-1
74,4,377.72,83.83,60.80,199.78,1,-1,-1,-1
74,6,182.97,86.74,42.54,174.40,1,-1,-1,-1
75,1,467.57,101.82,69.12,175.29,1,-1,-1,-1
75,2,560.51,82.52,87.28,223.42,1,-1,-1,-1
75,4,375.70,84.90,60.81,198.73,1,-1,-1,-1
75,6,182.51,84.17,44.15,180.10,1,-1,-1,-1
76,1,470.79,102.73,69.77,174.25,1,-1,-1,-1
76,2,564.48,90.14,80.83,205.94,1,-1,-1,-1
76,4,374.76,88.61,59.40,191.74,1,-1,-1,-1
76,6,182.54,83.85,44.98,182.24,1,-1,-1,-1
77,1,469.20,102.38,71.43,175.87,1,-1,-1,-1
77,2,566.75,95.30,77.89,197.38,1,-1,-1,-1
77,4,373.86,91.39,58.17,186.34,1,-1,-1,-1
77,6,182.60,83.10,45.81,184.34,1,-1,-1,-1
78,1,472.18,102.90,72.54,175.18,1,-1,-1,-1
78,2,566.41,98.51,75.04,188.95,1,-1,-1,-1
78,4,373.14,95.73,56.03,177.03,1,-1,-1,-1
78,6,183.24,82.83,45.52,181.89,1,-1,-1,-1
79,1,476.05,102.43,74.45,176.89,1,-1,-1,-1
79,2,564.71,96.34,75.66,190.55,1,-1,-1,-1
79,4,373.71,98.70,54.41,169.51,1,-1,-1,-1
79,6,183.25,79.49,47.13,187.42,1,-1,-1,-1
80,1,479.98,100.94,75.91,177.54,1,-1,-1,-1
80,2,562.68,100.15,75.36,190.49,1,-1,-1,-1
80,4,374.11,97.77,53.62,166.10,1,-1,-1,-1
80,6,182.42,79.53,47.46,186.26,1,-1,-1,-1
81,1,482.33,99.71,77.12,178.45,1,-1,-1,-1
81,2,561.83,103.55,74.01,187.21,1,-1,-1,-1
81,4,374.70,96.74,53.24,163.57,1,-1,-1,-1
81,6,182.21,79.58,47.99,185.77,1,-1,-1,-1
82,1,485.65,99.24,77.05,177.50,1,-1,-1,-1
82,2,562.12,102.82,73.52,186.68,1,-1,-1,-1
82,4,374.99,93.68,54.43,168.01,1,-1,-1,-1
82,6,181.87,80.27,48.67,186.20,1,-1,-1,-1
83,1,488.97,98.41,77.25,179.09,1,-1,-1,-1
83,2,564.76,105.16,71.52,181.24,1,-1,-1,-1
83,4,376.22,94.52,54.64,169.67,1,-1,-1,-1
83,6,182.30,83.15,47.79,179.85,1,-1,-1,-1
83,8,360.00,95.00,54.00,171.00,1,-1,-1,-1
84,1,491.39,100.05,76.73,179.05,1,-1,-1,-1
84,2,561.10,121.32,59.38,151.29,1,-1,-1,-1
84,4,379.22,96.81,52.38,163.12,1,-1,-1,-1
84,6,182.36,85.60,47.63,177.37,1,-1,-1,-1
84,8,360.60,97.57,51.09,161.57,1,-1,-1,-1
85,1,492.51,98.73,78.52,183.59,1,-1,-1,-1
85,2,559.78,118.96,52.95,134.90,1,-1,-1,-1
85,4,365.15,94.35,53.40,165.30,1,-1,-1,-1
85,6,184.46,89.15,46.69,171.84,1,-1,-1,-1
85,9,612.00,105.00,28.00,151.00,1,-1,-1,-1
86,1,493.60,97.58,79.62,185.95,1,-1,-1,-1
86,2,551.99,118.10,58.48,151.77,1,-1,-1,-1
86,4,357.36,93.46,54.59,168.09,1,-1,-1,-1
86,6,185.57,89.82,46.99,169.76,1,-1,-1,-1
87,1,496.21,99.08,79.34,184.25,1,-1,-1,-1
87,2,556.17,116.59,52.14,136.65,1,-1,-1,-1
87,4,351.90,93.12,55.66,171.12,1,-1,-1,-1
87,6,186.84,91.38,47.35,167.69,1,-1,-1,-1
88,1,504.21,98.36,79.37,182.27,1,-1,-1,-1
88,2,555.92,117.71,50.53,132.43,1,-1,-1,-1
88,4,348.68,92.35,56.55,174.23,1,-1,-1,-1
88,6,186.96,91.95,48.14,167.60,1,-1,-1,-1
88,10,391.00,107.00,38.00,139.00,1,-1,-1,-1
89,1,508.17,98.09,78.62,178.24,1,-1,-1,-1
89,4,347.38,92.06,55.92,172.83,1,-1,-1,-1
89,6,186.95,88.86,49.84,171.55,1,-1,-1,-1
89,10,389.80,104.43,38.69,141.57,1,-1,-1,-1
90,1,512.49,101.28,77.02,172.10,1,-1,-1,-1
90,4,345.55,91.30,56.59,175.56,1,-1,-1,-1
90,6,187.90,90.30,49.83,169.13,1,-1,-1,-1
90,10,390.32,103.26,39.59,144.98,1,-1,-1,-1
90,11,616.00,92.00,21.00,129.00,1,-1,-1,-1
91,1,515.56,103.15,76.58,168.48,1,-1,-1,-1
91,4,344.62,92.32,56.17,175.28,1,-1,-1,-1
91,6,189.18,90.85,49.92,167.55,1,-1,-1,-1
91,10,391.20,102.16,39.98,146.84,1,-1,-1,-1
92,1,514.92,99.19,79.07,173.13,1,-1,-1,-1
92,4,342.32,96.62,56.80,171.26,1,-1,-1,-1
92,6,189.21,91.05,50.15,166.98,1,-1,-1,-1
92,10,391.85,100.39,40.82,150.25,1,-1,-1,-1
93,1,516.88,98.39,80.04,174.20,1,-1,-1,-1
93,4,335.17,91.70,59.28,178.92,1,-1,-1,-1
93,6,189.09,91.77,50.46,166.78,1,-1,-1,-1
93,10,391.50,99.80,40.84,150.69,1,-1,-1,-1
94,1,517.20,97.43,80.39,174.62,1,-1,-1,-1
94,4,332.13,89.24,60.42,183.02,1,-1,-1,-1
94,6,188.99,93.34,50.00,164.10,1,-1,-1,-1
94,10,391.47,100.33,40.59,150.06,1,-1,-1,-1
95,1,516.38,94.46,81.54,177.40,1,-1,-1,-1
95,4,328.90,85.72,62.57,190.39,1,-1,-1,-1
95,6,189.49,93.92,50.02,163.11,1,-1,-1,-1
95,10,390.49,100.56,41.05,151.79,1,-1,-1,-1
96,1,516.17,94.00,80.98,175.86,1,-1,-1,-1
96,4,326.89,83.74,63.78,194.48,1,-1,-1,-1
96,6,189.42,93.47,51.16,166.06,1,-1,-1,-1
96,10,389.22,99.33,41.67,153.72,1,-1,-1,-1
97,1,516.93,98.42,79.53,170.68,1,-1,-1,-1
97,4,324.49,82.35,64.44,196.67,1,-1,-1,-1
97,6,188.87,92.64,51.96,168.48,1,-1,-1,-1
97,10,389.55,99.56,41.61,152.40,1,-1,-1,-1
98,1,518.01,104.08,78.53,165.42,1,-1,-1,-1
98,4,325.94,90.83,60.73,180.76,1,-1,-1,-1
98,6,188.85,91.66,53.16,172.66,1,-1,-1,-1
98,10,389.03,101.00,40.87,148.52,1,-1,-1,-1
99,1,516.91,105.52,80.35,166.80,1,-1,-1,-1
99,4,323.59,82.91,64.11,191.68,1,-1,-1,-1
99,6,188.03,89.99,53.91,175.55,1,-1,-1,-1
99,10,387.79,102.90,40.69,146.34,1,-1,-1,-1
100,1,517.94,108.66,79.40,162.73,1,-1,-1,-1
100,2,503.90,119.09,57.74,155.44,1,-1,-1,-1
100,4,323.20,84.61,63.10,189.12,1,-1,-1,-1
100,6,188.31,88.70,54.29,177.30,1,-1,-1,-1
100,10,387.91,105.61,40.12,142.18,1,-1,-1,-1
101,1,521.19,106.52,81.12,165.86,1,-1,-1,-1
101,2,502.20,109.39,57.44,157.68,1,-1,-1,-1
101,4,323.01,90.53,59.73,178.93,1,-1,-1,-1
101,6,188.60,88.85,54.03,176.01,1,-1,-1,-1
101,10,387.27,105.96,40.64,142.63,1,-1,-1,-1
102,1,521.79,103.75,83.51,170.30,1,-1,-1,-1
102,2,499.92,109.07,55.30,151.20,1,-1,-1,-1
102,4,323.42,96.15,56.35,168.32,1,-1,-1,-1
102,6,188.28,90.21,53.49,173.54,1,-1,-1,-1
102,10,386.46,106.74,40.00,138.84,1,-1,-1,-1
103,1,523.70,103.98,83.42,170.12,1,-1,-1,-1
103,2,495.98,111.54,59.49,153.71,1,-1,-1,-1
103,4,315.56,96.89,54.50,163.73,1,-1,-1,-1
103,6,187.19,88.77,54.51,176.52,1,-1,-1,-1
103,10,385.14,105.69,40.48,139.41,1,-1,-1,-1
104,1,548.68,98.67,80.55,170.75,1,-1,-1,-1
104,2,493.31,112.46,62.91,157.21,1,-1,-1,-1
104,4,312.39,97.14,54.64,164.79,1,-1,-1,-1
104,6,186.50,86.94,55.46,179.57,1,-1,-1,-1
104,10,384.36,106.61,40.61,138.32,1,-1,-1,-1
105,1,557.05,94.80,79.74,174.89,1,-1,-1,-1
105,2,489.04,112.81,66.39,160.45,1,-1,-1,-1
105,4,310.69,95.24,55.24,167.84,1,-1,-1,-1
105,6,185.83,87.53,55.34,178.14,1,-1,-1,-1
105,10,383.99,106.96,41.49,139.91,1,-1,-1,-1
106,1,560.59,88.24,82.16,186.08,1,-1,-1,-1
106,2,485.06,114.23,68.06,157.86,1,-1,-1,-1
106,4,309.59,93.21,55.90,172.29,1,-1,-1,-1
106,6,185.75,87.77,54.91,176.25,1,-1,-1,-1
106,10,384.33,107.08,42.21,141.17,1,-1,-1,-1
106,12,536.00,115.00,40.00,128.00,1,-1,-1,-1
107,1,564.41,85.15,81.81,190.92,1,-1,-1,-1
107,2,481.33,115.42,70.06,154.88,1,-1,-1,-1
107,4,308.91,90.48,56.81,177.23,1,-1,-1,-1
107,6,186.51,87.87,54.48,174.22,1,-1,-1,-1
107,10,384.63,107.11,42.17,140.35,1,-1,-1,-1
107,12,536.08,115.86,38.97,124.57,1,-1,-1,-1
108,1,572.54,91.63,74.54,177.45,1,-1,-1,-1
108,2,476.99,119.13,70.98,147.22,1,-1,-1,-1
108,4,308.61,90.09,56.08,175.89,1,-1,-1,-1
108,6,186.19,87.91,54.86,174.75,1,-1,-1,-1
108,10,384.53,105.80,42.59,141.36,1,-1,-1,-1
108,12,534.16,116.76,38.89,124.00,1,-1,-1,-1
109,1,577.59,96.30,68.82,166.65,1,-1,-1,-1
109,2,470.84,121.20,73.30,145.62,1,-1,-1,-1
109,4,307.67,86.68,56.99,179.93,1,-1,-1,-1
109,6,186.20,87.28,55.39,175.60,1,-1,-1,-1
109,10,385.13,105.31,42.80,142.40,1,-1,-1,-1
109,12,531.94,117.79,39.81,126.85,1,-1,-1,-1
110,1,580.05,97.37,65.89,163.34,1,-1,-1,-1
110,2,467.22,121.28,75.72,145.04,1,-1,-1,-1
110,4,307.53,86.70,56.34,178.21,1,-1,-1,-1
110,6,186.40,87.69,55.21,173.97,1,-1,-1,-1
110,10,386.43,104.46,43.35,144.10,1,-1,-1,-1
110,12,530.82,118.39,39.97,127.34,1,-1,-1,-1
111,1,583.83,105.05,59.53,148.90,1,-1,-1,-1
111,2,463.49,119.99,79.60,148.77,1,-1,-1,-1
111,4,306.03,85.42,57.18,182.10,1,-1,-1,-1
111,6,186.28,89.17,54.85,172.03,1,-1,-1,-1
111,10,387.68,104.14,44.01,146.04,1,-1,-1,-1
112,1,587.68,105.74,58.65,146.70,1,-1,-1,-1
112,2,460.61,117.55,81.57,150.82,1,-1,-1,-1
112,4,303.35,81.72,58.57,188.72,1,-1,-1,-1
112,6,186.09,88.41,55.67,173.92,1,-1,-1,-1
112,10,388.86,104.02,44.13,146.13,1,-1,-1,-1
113,1,588.93,101.31,59.93,156.84,1,-1,-1,-1
113,2,449.05,117.89,81.38,150.32,1,-1,-1,-1
113,4,302.51,83.53,57.54,186.74,1,-1,-1,-1
113,6,185.78,87.48,56.44,175.93,1,-1,-1,-1
113,10,389.37,104.63,44.05,145.50,1,-1,-1,-1
114,1,592.31,103.14,56.17,152.01,1,-1,-1,-1
114,2,445.36,118.06,81.40,150.34,1,-1,-1,-1
114,4,301.03,82.32,58.27,191.12,1,-1,-1,-1
114,6,186.18,87.78,56.35,175.40,1,-1,-1,-1
114,10,390.18,105.52,44.08,145.25,1,-1,-1,-1
114,12,513.88,113.40,43.43,136.60,1,-1,-1,-1
115,1,593.04,101.82,55.56,156.24,1,-1,-1,-1
115,4,300.70,85.10,56.25,186.31,1,-1,-1,-1
115,6,186.51,85.94,57.25,178.45,1,-1,-1,-1
115,10,391.08,107.16,43.54,143.19,1,-1,-1,-1
115,12,512.29,115.07,42.87,132.53,1,-1,-1,-1
116,1,594.71,100.03,53.76,157.13,1,-1,-1,-1
116,2,442.26,128.07,70.88,133.40,1,-1,-1,-1
116,4,300.93,88.18,54.22,181.11,1,-1,-1,-1
116,6,187.67,86.54,56.83,177.65,1,-1,-1,-1
116,10,391.02,108.44,43.46,143.06,1,-1,-1,-1
116,12,511.29,116.33,43.65,133.11,1,-1,-1,-1
117,1,596.02,96.07,54.14,164.70,1,-1,-1,-1
117,2,439.14,126.18,70.39,136.26,1,-1,-1,-1
117,4,300.21,88.03,53.87,182.41,1,-1,-1,-1
117,6,188.51,88.74,55.84,175.37,1,-1,-1,-1
117,10,391.97,111.52,42.12,138.43,1,-1,-1,-1
117,12,510.17,114.80,45.56,137.26,1,-1,-1,-1
118,1,597.45,95.88,52.31,165.61,1,-1,-1,-1
118,2,436.91,123.65,69.89,140.39,1,-1,-1,-1
118,4,300.11,86.68,53.48,184.20,1,-1,-1,-1
118,6,187.98,87.62,56.50,178.43,1,-1,-1,-1
118,10,393.42,112.69,41.37,136.01,1,-1,-1,-1
118,12,507.98,111.63,47.97,143.34,1,-1,-1,-1
119,1,599.11,95.17,51.13,168.55,1,-1,-1,-1
119,2,433.43,124.02,69.67,139.93,1,-1,-1,-1
119,4,299.72,84.87,52.82,185.51,1,-1,-1,-1
119,6,188.78,87.84,56.05,177.62,1,-1,-1,-1
119,10,394.32,114.42,41.02,134.46,1,-1,-1,-1
119,12,506.16,109.13,49.03,146.29,1,-1,-1,-1
120,1,599.17,87.16,52.36,181.30,1,-1,-1,-1
120,2,431.95,117.91,63.62,132.94,1,-1,-1,-1
120,4,300.04,85.48,50.41,179.50,1,-1,-1,-1
120,6,190.31,89.24,54.72,173.38,1,-1,-1,-1
120,10,393.97,113.07,41.57,135.89,1,-1,-1,-1
120,12,503.11,106.24,50.39,150.60,1,-1,-1,-1
121,1,600.46,83.51,52.14,190.52,1,-1,-1,-1
121,2,429.69,113.11,64.77,141.55,1,-1,-1,-1
121,4,300.86,87.06,48.22,172.55,1,-1,-1,-1
121,6,191.43,90.43,53.76,170.44,1,-1,-1,-1
121,10,397.54,113.20,41.56,136.44,1,-1,-1,-1
121,12,502.02,107.07,49.57,147.73,1,-1,-1,-1
122,1,602.00,79.56,51.77,199.82,1,-1,-1,-1
122,2,428.53,111.51,63.23,144.38,1,-1,-1,-1
122,4,299.75,85.66,48.33,173.94,1,-1,-1,-1
122,6,191.39,90.87,53.66,170.01,1,-1,-1,-1
122,10,398.87,111.27,42.23,139.94,1,-1,-1,-1
122,12,499.69,105.47,49.94,149.76,1,-1,-1,-1
123,1,605.17,80.56,48.30,197.13,1,-1,-1,-1
123,2,425.53,108.97,64.10,152.61,1,-1,-1,-1
123,4,298.89,86.46,48.04,174.46,1,-1,-1,-1
123,6,192.09,91.03,53.47,169.20,1,-1,-1,-1
123,10,400.63,112.48,41.23,138.02,1,-1,-1,-1
123,12,497.10,102.95,51.67,155.66,1,-1,-1,-1
124,1,610.41,101.61,42.65,186.28,1,-1,-1,-1
124,2,422.86,109.93,61.85,150.63,1,-1,-1,-1
124,4,297.95,85.46,48.57,177.95,1,-1,-1,-1
124,6,192.32,91.74,52.81,166.94,1,-1,-1,-1
124,10,401.50,109.66,43.67,145.81,1,-1,-1,-1
124,12,496.48,103.29,51.64,154.68,1,-1,-1,-1
125,1,612.23,101.93,42.95,187.62,1,-1,-1,-1
125,2,419.42,109.17,62.12,151.27,1,-1,-1,-1
125,4,298.55,85.09,48.23,177.97,1,-1,-1,-1
125,6,192.83,92.66,51.69,163.47,1,-1,-1,-1
125,10,404.19,110.54,44.29,145.48,1,-1,-1,-1
125,12,496.91,105.40,50.46,150.97,1,-1,-1,-1
126,4,298.46,85.61,48.17,178.63,1,-1,-1,-1
126,6,192.90,92.99,50.81,160.87,1,-1,-1,-1
126,10,405.24,110.66,44.43,145.92,1,-1,-1,-1
126,12,495.08,104.82,50.89,152.26,1,-1,-1,-1
127,4,298.31,85.81,47.78,178.23,1,-1,-1,-1
127,6,193.58,94.43,49.83,157.95,1,-1,-1,-1
127,10,409.14,111.71,48.71,150.68,1,-1,-1,-1
128,4,298.19,85.24,47.82,178.73,1,-1,-1,-1
128,6,193.56,93.63,50.00,158.23,1,-1,-1,-1
128,10,408.55,111.31,52.26,153.14,1,-1,-1,-1
129,4,293.50,85.68,46.74,174.35,1,-1,-1,-1
129,6,193.35,92.66,50.47,159.68,1,-1,-1,-1
129,10,407.31,111.81,54.28,152.09,1,-1,-1,-1
130,4,289.98,85.86,47.21,174.66,1,-1,-1,-1
130,6,193.24,93.60,50.04,158.29,1,-1,-1,-1
130,10,405.99,108.75,57.28,155.55,1,-1,-1,-1
130,12,486.65,111.02,49.34,145.39,1,-1,-1,-1
131,4,289.29,87.23,47.52,172.81,1,-1,-1,-1
131,6,193.83,95.27,49.26,155.82,1,-1,-1,-1
131,10,403.93,110.17,58.27,152.98,1,-1,-1,-1
131,12,484.90,115.91,47.79,138.25,1,-1,-1,-1
132,4,288.10,88.41,48.30,171.47,1,-1,-1,-1
132,6,194.88,96.55,48.62,153.60,1,-1,-1,-1
132,10,402.27,111.37,56.36,147.37,1,-1,-1,-1
132,12,481.86,116.12,48.89,138.00,1,-1,-1,-1
133,4,287.17,90.17,48.97,169.67,1,-1,-1,-1
133,6,194.96,96.35,48.33,152.81,1,-1,-1,-1
133,10,397.67,107.22,58.85,155.10,1,-1,-1,-1
133,12,479.46,113.55,51.30,143.20,1,-1,-1,-1
134,4,286.19,88.19,51.23,174.27,1,-1,-1,-1
134,6,194.62,96.26,48.29,153.21,1,-1,-1,-1
134,10,396.45,108.91,56.94,151.49,1,-1,-1,-1
134,12,477.66,115.84,52.81,137.99,1,-1,-1,-1
135,4,285.15,90.05,51.52,172.10,1,-1,-1,-1
135,6,194.82,94.24,48.93,155.37,1,-1,-1,-1
135,10,394.80,107.63,57.16,153.95,1,-1,-1,-1
135,12,474.66,114.07,55.54,137.92,1,-1,-1,-1
136,4,281.74,84.20,55.11,183.73,1,-1,-1,-1
136,6,193.53,92.82,49.94,159.47,1,-1,-1,-1
136,10,394.20,107.16,56.57,154.21,1,-1,-1,-1
136,12,472.93,114.21,55.45,137.70,1,-1,-1,-1
137,4,279.19,80.77,56.49,188.01,1,-1,-1,-1
137,6,193.21,90.99,50.61,162.33,1,-1,-1,-1
137,10,392.88,103.73,57.21,158.83,1,-1,-1,-1
137,12,471.48,115.63,54.21,135.56,1,-1,-1,-1
138,4,279.07,84.57,54.69,180.68,1,-1,-1,-1
138,6,193.05,90.93,50.31,162.14,1,-1,-1,-1
138,10,389.56,104.37,56.68,159.92,1,-1,-1,-1
138,12,470.81,115.29,53.60,136.40,1,-1,-1,-1
139,4,277.74,87.41,53.38,175.10,1,-1,-1,-1
139,6,193.85,93.52,49.11,158.80,1,-1,-1,-1
139,10,387.36,102.70,57.65,164.84,1,-1,-1,-1
139,12,462.78,107.94,56.50,146.56,1,-1,-1,-1
139,13,5.00,113.00,42.00,180.00,1,-1,-1,-1
140,4,276.22,88.47,52.38,171.03,1,-1,-1,-1
140,6,193.27,93.20,49.11,158.84,1,-1,-1,-1
140,10,385.80,111.05,55.65,151.30,1,-1,-1,-1
140,12,460.09,107.15,56.43,147.74,1,-1,-1,-1
140,13,4.53,109.57,42.94,184.29,1,-1,-1,-1
141,4,275.08,88.21,52.57,170.85,1,-1,-1,-1
141,6,193.40,95.05,48.41,156.25,1,-1,-1,-1
141,10,382.06,115.77,55.80,145.11,1,-1,-1,-1
141,12,459.67,108.15,55.30,146.24,1,-1,-1,-1
142,4,273.24,86.79,52.92,172.76,1,-1,-1,-1
142,6,192.70,94.43,48.98,158.56,1,-1,-1,-1
142,10,379.54,117.46,56.90,142.88,1,-1,-1,-1
142,12,459.87,109.21,53.65,143.68,1,-1,-1,-1
142,14,8.00,105.00,44.00,187.00,1,-1,-1,-1
143,4,272.37,86.91,52.83,173.49,1,-1,-1,-1
143,6,193.11,95.49,48.52,156.83,1,-1,-1,-1
143,10,378.59,118.19,56.64,142.24,1,-1,-1,-1
143,12,458.99,108.97,52.47,142.68,1,-1,-1,-1
143,14,9.10,102.43,45.22,192.14,1,-1,-1,-1
144,4,266.63,88.27,51.95,171.16,1,-1,-1,-1
144,6,192.15,93.93,49.26,159.45,1,-1,-1,-1
144,12,459.16,110.86,50.49,139.03,1,-1,-1,-1
144,14,15.68,111.65,42.29,178.16,1,-1,-1,-1
145,4,264.43,88.78,51.74,169.62,1,-1,-1,-1
145,6,191.37,92.69,49.74,161.74,1,-1,-1,-1
145,12,458.42,112.24,49.52,138.30,1,-1,-1,-1
145,14,23.06,121.76,38.65,160.23,1,-1,-1,-1
146,4,263.67,89.63,51.65,167.74,1,-1,-1,-1
146,6,190.23,90.92,50.32,164.56,1,-1,-1,-1
146,10,401.00,111.20,57.19,148.88,1,-1,-1,-1
146,12,458.68,114.07,48.20,136.06,1,-1,-1,-1
146,14,27.09,126.81,36.63,151.85,1,-1,-1,-1
147,4,263.29,91.26,51.26,165.08,1,-1,-1,-1
147,6,189.84,91.54,49.81,163.04,1,-1,-1,-1
147,10,403.28,113.05,53.95,144.97,1,-1,-1,-1
147,12,457.53,112.78,48.34,138.52,1,-1,-1,-1
147,14,34.34,119.57,42.49,168.76,1,-1,-1,-1
148,2,362.95,129.65,52.82,128.34,1,-1,-1,-1
148,4,262.74,90.54,52.05,166.74,1,-1,-1,-1
148,6,189.92,91.14,49.82,163.74,1,-1,-1,-1
148,10,405.07,115.03,51.45,141.60,1,-1,-1,-1
148,12,455.56,112.30,48.29,140.74,1,-1,-1,-1
148,14,36.51,119.85,45.76,172.33,1,-1,-1,-1
149,2,357.87,118.82,54.34,136.14,1,-1,-1,-1
149,4,261.35,87.65,54.14,173.92,1,-1,-1,-1
149,6,189.84,89.69,50.06,165.30,1,-1,-1,-1
149,10,404.83,115.10,50.96,143.67,1,-1,-1,-1
149,12,453.95,110.81,48.80,144.84,1,-1,-1,-1
149,14,38.52,123.26,48.18,170.31,1,-1,-1,-1
150,2,356.08,115.54,53.95,139.32,1,-1,-1,-1
150,4,260.77,88.50,53.80,173.39,1,-1,-1,-1
150,6,189.34,88.49,50.45,167.19,1,-1,-1,-1
150,10,405.43,115.78,49.35,141.83,1,-1,-1,-1
150,12,453.35,111.54,47.76,143.82,1,-1,-1,-1
150,14,38.13,123.75,50.19,170.31,1,-1,-1,-1
151,2,354.04,113.66,54.11,142.50,1,-1,-1,-1
151,4,260.88,90.79,52.46,168.62,1,-1,-1,-1
151,6,189.28,88.70,50.34,167.24,1,-1,-1,-1
151,10,405.87,116.02,47.57,139.82,1,-1,-1,-1
151,12,451.69,110.52,47.74,146.66,1,-1,-1,-1
151,14,43.96,129.24,49.44,160.26,1,-1,-1,-1
152,2,351.53,110.33,55.21,147.64,1,-1,-1,-1
152,4,261.40,92.32,51.75,166.13,1,-1,-1,-1
152,6,188.64,86.18,51.56,172.45,1,-1,-1,-1
152,10,405.71,115.45,46.85,141.06,1,-1,-1,-1
152,12,451.26,110.14,46.75,146.43,1,-1,-1,-1
152,14,47.75,126.37,52.37,162.76,1,-1,-1,-1
153,2,350.89,111.69,53.21,145.02,1,-1,-1,-1
153,4,260.60,91.57,51.59,166.53,1,-1,-1,-1
153,6,188.74,85.89,51.34,172.47,1,-1,-1,-1
153,10,404.33,114.57,46.56,142.84,1,-1,-1,-1
153,12,451.32,110.00,46.70,148.92,1,-1,-1,-1
153,14,49.90,125.33,54.26,163.67,1,-1,-1,-1
154,2,349.77,110.96,52.46,145.92,1,-1,-1,-1
154,4,259.05,88.66,52.77,171.93,1,-1,-1,-1
154,6,188.07,83.85,52.04,175.69,1,-1,-1,-1
154,10,403.93,114.89,45.53,142.22,1,-1,-1,-1
154,12,451.34,108.65,46.74,151.79,1,-1,-1,-1
154,14,57.74,118.23,57.21,173.39,1,-1,-1,-1
155,2,347.58,107.44,53.23,151.47,1,-1,-1,-1
155,4,257.92,85.63,53.71,177.19,1,-1,-1,-1
155,6,187.72,83.08,52.49,178.18,1,-1,-1,-1
155,10,404.25,115.00,44.82,141.99,1,-1,-1,-1
155,12,451.32,108.79,45.62,150.29,1,-1,-1,-1
155,14,61.97,108.47,60.00,185.41,1,-1,-1,-1
156,2,346.79,109.36,50.98,147.74,1,-1,-1,-1
156,4,257.50,84.46,53.46,177.92,1,-1,-1,-1
156,6,188.69,82.16,52.41,179.11,1,-1,-1,-1
156,10,403.98,113.73,44.66,143.88,1,-1,-1,-1
156,12,450.53,106.90,45.54,151.63,1,-1,-1,-1
156,14,67.92,113.02,56.04,175.33,1,-1,-1,-1
157,2,344.37,108.56,51.25,148.51,1,-1,-1,-1
157,4,256.41,84.02,53.35,179.48,1,-1,-1,-1
157,6,188.28,81.83,52.67,181.37,1,-1,-1,-1
157,10,403.09,111.30,45.51,149.15,1,-1,-1,-1
157,12,449.87,105.54,45.65,154.06,1,-1,-1,-1
157,14,73.21,114.26,54.65,174.48,1,-1,-1,-1
158,2,340.14,110.26,49.43,145.21,1,-1,-1,-1
158,4,256.70,84.52,52.60,178.11,1,-1,-1,-1
158,6,188.35,81.07,52.96,183.50,1,-1,-1,-1
158,10,403.30,111.67,44.73,148.56,1,-1,-1,-1
158,12,449.96,106.97,45.05,153.03,1,-1,-1,-1
158,14,77.07,114.06,54.68,175.48,1,-1,-1,-1
159,2,338.75,109.23,50.07,149.25,1,-1,-1,-1
159,4,256.64,86.02,51.43,175.61,1,-1,-1,-1
159,6,188.59,82.73,52.00,181.05,1,-1,-1,-1
159,10,403.75,113.78,43.04,143.77,1,-1,-1,-1
159,12,449.87,109.49,43.87,148.70,1,-1,-1,-1
159,14,81.54,106.14,57.55,186.97,1,-1,-1,-1
159,15,95.00,99.00,76.00,186.00,1,-1,-1,-1
160,2,337.99,110.16,48.90,147.40,1,-1,-1,-1
160,4,256.37,83.99,52.18,179.88,1,-1,-1,-1
160,6,188.36,82.10,52.28,183.31,1,-1,-1,-1
160,10,404.52,115.91,41.84,140.59,1,-1,-1,-1
160,12,450.17,111.78,42.83,143.73,1,-1,-1,-1
160,14,87.59,110.85,54.84,177.84,1,-1,-1,-1
161,2,338.21,111.20,48.25,147.31,1,-1,-1,-1
161,4,257.45,83.23,52.09,181.46,1,-1,-1,-1
161,6,189.12,83.17,51.34,180.26,1,-1,-1,-1
161,10,404.03,116.04,41.62,140.08,1,-1,-1,-1
161,12,449.25,111.94,42.77,143.53,1,-1,-1,-1
161,14,102.32,112.15,54.99,170.11,1,-1,-1,-1
162,2,338.52,111.61,47.69,147.27,1,-1,-1,-1
162,4,257.56,82.95,51.41,181.40,1,-1,-1,-1
162,6,189.17,81.64,52.13,183.61,1,-1,-1,-1
162,10,404.36,115.43,41.84,141.21,1,-1,-1,-1
162,14,107.60,106.66,58.41,172.55,1,-1,-1,-1
163,2,338.20,110.47,47.84,149.19,1,-1,-1,-1
163,4,257.21,80.91,51.34,183.96,1,-1,-1,-1
163,6,189.23,80.42,52.34,184.85,1,-1,-1,-1
163,10,402.99,115.85,41.63,140.34,1,-1,-1,-1
163,14,108.88,102.06,62.72,179.32,1,-1,-1,-1
164,2,338.39,113.29,46.07,144.06,1,-1,-1,-1
164,4,258.22,82.73,49.69,180.38,1,-1,-1,-1
164,6,189.69,82.56,51.55,182.06,1,-1,-1,-1
164,10,402.47,116.00,41.56,140.67,1,-1,-1,-1
164,14,108.95,102.93,64.90,179.93,1,-1,-1,-1
165,2,336.37,110.44,47.11,148.66,1,-1,-1,-1
165,4,258.65,81.49,49.03,180.27,1,-1,-1,-1
165,6,190.20,84.71,50.57,178.98,1,-1,-1,-1
165,10,402.36,116.15,41.49,140.43,1,-1,-1,-1
165,14,108.54,103.31,66.18,178.85,1,-1,-1,-1
166,2,334.57,109.39,47.06,150.33,1,-1,-1,-1
166,4,259.60,83.64,47.23,175.01,1,-1,-1,-1
166,6,190.39,84.22,50.87,180.42,1,-1,-1,-1
166,10,429.49,111.44,43.33,145.44,1,-1,-1,-1
166,14,108.87,100.87,67.97,180.38,1,-1,-1,-1
167,2,332.85,110.95,45.97,147.72,1,-1,-1,-1
167,4,260.31,85.80,45.90,171.00,1,-1,-1,-1
167,6,190.21,84.69,50.83,180.95,1,-1,-1,-1
167,10,434.93,109.73,44.42,147.87,1,-1,-1,-1
167,14,109.21,101.93,68.60,179.65,1,-1,-1,-1
167,16,395.00,110.00,36.00,151.00,1,-1,-1,-1
168,2,331.43,107.63,46.53,151.28,1,-1,-1,-1
168,4,259.76,85.95,45.73,171.50,1,-1,-1,-1
168,6,190.67,86.83,49.77,177.23,1,-1,-1,-1
168,10,436.45,107.82,45.67,151.34,1,-1,-1,-1
168,14,109.32,100.41,69.23,180.00,1,-1,-1,-1
168,16,392.17,104.00,39.09,163.86,1,-1,-1,-1
169,2,330.17,105.76,46.97,153.89,1,-1,-1,-1
169,4,258.95,84.69,46.24,173.66,1,-1,-1,-1
169,6,190.58,89.62,48.56,172.50,1,-1,-1,-1
169,10,436.66,108.39,45.47,148.79,1,-1,-1,-1
169,14,109.41,103.76,69.14,179.47,1,-1,-1,-1
169,16,392.61,107.35,37.77,157.30,1,-1,-1,-1
170,2,328.24,103.11,48.21,160.05,1,-1,-1,-1
170,4,259.27,85.52,45.86,172.53,1,-1,-1,-1
170,6,190.86,90.00,48.81,173.37,1,-1,-1,-1
170,10,435.09,108.64,45.86,147.76,1,-1,-1,-1
170,14,123.09,116.16,62.44,162.94,1,-1,-1,-1
170,16,389.30,107.93,37.58,155.43,1,-1,-1,-1
171,2,325.96,98.28,49.90,168.14,1,-1,-1,-1
171,4,259.83,87.15,44.89,169.48,1,-1,-1,-1
171,6,190.69,90.13,48.81,173.69,1,-1,-1,-1
171,10,433.54,111.35,45.17,142.80,1,-1,-1,-1
171,14,128.69,116.28,62.23,163.94,1,-1,-1,-1
171,16,386.60,110.28,36.40,149.76,1,-1,-1,-1
172,2,325.44,98.33,49.27,167.43,1,-1,-1,-1
172,4,259.47,87.11,45.03,169.65,1,-1,-1,-1
172,6,191.06,88.86,49.23,175.79,1,-1,-1,-1
172,10,431.37,109.76,46.58,144.85,1,-1,-1,-1
172,14,131.70,114.33,63.26,168.92,1,-1,-1,-1
172,16,385.29,111.05,36.21,147.89,1,-1,-1,-1
173,2,325.45,99.68,48.08,163.85,1,-1,-1,-1
173,4,259.24,87.09,45.28,170.38,1,-1,-1,-1
173,6,190.59,87.72,49.30,176.58,1,-1,-1,-1
173,10,430.76,111.13,46.00,140.40,1,-1,-1,-1
173,14,135.71,118.80,60.28,163.62,1,-1,-1,-1
173,16,383.36,109.17,37.16,150.17,1,-1,-1,-1
174,2,324.73,96.99,49.17,168.92,1,-1,-1,-1
174,4,258.70,86.42,45.65,171.33,1,-1,-1,-1
174,6,190.19,85.32,50.44,181.45,1,-1,-1,-1
174,10,430.50,114.98,44.38,132.08,1,-1,-1,-1
174,14,137.11,116.54,60.34,166.90,1,-1,-1,-1
174,16,382.89,111.22,36.49,145.54,1,-1,-1,-1
175,2,324.67,99.20,47.92,165.03,1,-1,-1,-1
175,4,258.69,86.82,45.42,169.74,1,-1,-1,-1
175,6,189.82,83.77,50.65,183.28,1,-1,-1,-1
175,10,428.44,115.75,44.88,131.66,1,-1,-1,-1
175,14,138.14,114.39,60.48,168.11,1,-1,-1,-1
175,16,381.88,111.96,36.73,145.29,1,-1,-1,-1
176,2,324.54,98.16,47.78,166.69,1,-1,-1,-1
176,4,257.55,85.00,46.32,173.07,1,-1,-1,-1
176,6,190.37,86.42,49.35,178.79,1,-1,-1,-1
176,10,429.37,116.07,44.52,130.61,1,-1,-1,-1
176,14,141.65,114.62,60.37,167.80,1,-1,-1,-1
176,16,381.17,114.23,36.26,141.20,1,-1,-1,-1
177,2,325.08,99.73,46.59,164.05,1,-1,-1,-1
177,4,258.23,88.22,45.10,167.83,1,-1,-1,-1
177,6,192.44,91.39,46.45,167.84,1,-1,-1,-1
177,10,426.96,116.87,45.57,132.25,1,-1,-1,-1
177,14,148.19,124.99,55.29,156.31,1,-1,-1,-1
177,16,381.56,115.03,36.28,139.77,1,-1,-1,-1
178,2,320.33,106.24,42.43,147.32,1,-1,-1,-1
178,4,257.89,88.81,44.56,165.14,1,-1,-1,-1
178,6,191.68,93.28,45.76,164.34,1,-1,-1,-1
178,10,425.59,115.06,46.95,136.52,1,-1,-1,-1
178,14,148.91,122.60,59.02,162.58,1,-1,-1,-1
178,16,381.22,118.67,38.00,144.05,1,-1,-1,-1
179,2,318.86,107.45,41.58,142.12,1,-1,-1,-1
179,4,257.77,89.68,44.35,162.84,1,-1,-1,-1
179,6,191.44,96.60,44.78,159.78,1,-1,-1,-1
179,10,426.02,115.22,46.85,136.23,1,-1,-1,-1
179,14,150.66,114.65,63.21,170.48,1,-1,-1,-1
179,16,380.48,119.89,37.72,142.96,1,-1,-1,-1
