1,7421,1680.00,392.00,130.00,352.00,1,-1,-1,-1
2,7421,1680.00,392.00,130.00,352.00,1,-1,-1,-1
3,7421,1680.00,392.00,130.00,352.00,1,-1,-1,-1
4,7421,1680.00,392.00,130.00,352.00,1,-1,-1,-1
5,7421,1680.00,392.00,130.00,352.00,1,-1,-1,-1
6,7421,1680.00,392.00,130.00,352.00,1,-1,-1,-1
7,7421,1680.00,392.00,130.00,352.00,1,-1,-1,-1
8,7421,1680.00,392.00,130.00,352.00,1,-1,-1,-1
9,7421,1680.00,392.00,130.00,352.00,1,-1,-1,-1
10,7421,1680.00,392.00,130.00,352.00,1,-1,-1,-1
19,7421,1673.61,392.00,136.97,371.41,1,-1,-1,-1
20,7421,1673.40,392.00,137.12,372.24,1,-1,-1,-1
21,7421,1673.37,392.00,137.10,372.54,1,-1,-1,-1
22,7421,1673.40,392.00,137.02,372.61,1,-1,-1,-1
23,7421,1673.45,392.00,136.92,372.60,1,-1,-1,-1
24,7421,1673.50,392.00,136.83,372.57,1,-1,-1,-1
25,7421,1673.55,392.00,136.75,372.52,1,-1,-1,-1
26,7421,1673.59,392.00,136.67,372.47,1,-1,-1,-1
27,7421,1673.63,392.00,136.60,372.43,1,-1,-1,-1
28,7421,1664.66,375.04,142.82,390.65,1,-1,-1,-1
29,7421,1661.44,368.70,144.88,397.45,1,-1,-1,-1
30,7421,1660.32,366.27,145.44,400.04,1,-1,-1,-1
31,7421,1660.03,365.40,145.43,400.95,1,-1,-1,-1
32,7421,1660.04,365.12,145.23,401.22,1,-1,-1,-1
33,7421,1660.16,365.08,144.96,401.24,1,-1,-1,-1
34,7421,1660.31,365.11,144.70,401.18,1,-1,-1,-1
35,7421,1660.46,365.17,144.44,401.09,1,-1,-1,-1
36,7421,1660.60,365.24,144.21,401.00,1,-1,-1,-1
37,7421,1658.07,349.70,150.63,423.03,1,-1,-1,-1
38,7421,1657.56,343.90,152.17,431.25,1,-1,-1,-1
39,7421,1657.76,341.70,152.01,434.37,1,-1,-1,-1
40,7421,1658.19,340.93,151.25,435.46,1,-1,-1,-1
41,7421,1658.69,340.72,150.32,435.76,1,-1,-1,-1
42,7421,1659.17,340.72,149.39,435.77,1,-1,-1,-1
43,7421,1659.62,340.79,148.52,435.68,1,-1,-1,-1
44,7421,1660.03,340.88,147.71,435.55,1,-1,-1,-1
45,7421,1660.41,340.98,146.98,435.42,1,-1,-1,-1
46,7421,1647.53,331.97,153.27,453.49,1,-1,-1,-1
47,7421,1642.64,328.61,155.73,460.25,1,-1,-1,-1
48,7421,1640.73,327.37,156.74,462.76,1,-1,-1,-1
49,7421,1640.02,326.97,157.17,463.61,1,-1,-1,-1
50,7421,1639.76,326.89,157.37,463.82,1,-1,-1,-1
51,7421,1639.68,326.92,157.48,463.79,1,-1,-1,-1
52,7421,1639.67,326.99,157.55,463.68,1,-1,-1,-1
53,7421,1639.69,327.08,157.60,463.55,1,-1,-1,-1
54,7421,1639.71,327.16,157.65,463.41,1,-1,-1,-1
55,7421,1625.58,328.54,159.97,463.28,1,-1,-1,-1
56,7421,1619.62,329.10,162.08,463.16,1,-1,-1,-1
57,7421,1616.86,329.35,163.98,463.05,1,-1,-1,-1
58,7421,1615.38,329.48,165.70,462.96,1,-1,-1,-1
59,7421,1614.43,329.55,167.25,462.87,1,-1,-1,-1
60,7421,1613.72,329.60,168.66,462.78,1,-1,-1,-1
61,7421,1613.14,329.64,169.93,462.71,1,-1,-1,-1
62,7421,1612.64,329.68,171.08,462.64,1,-1,-1,-1
63,7421,1612.19,329.71,172.12,462.58,1,-1,-1,-1
64,7421,1608.38,316.69,181.18,488.61,1,-1,-1,-1
64,7422,1526.00,372.00,152.00,434.00,1,-1,-1,-1
64,7423,598.00,438.00,246.00,394.00,1,-1,-1,-1
65,7421,1607.16,311.84,184.20,498.31,1,-1,-1,-1
65,7422,1526.00,372.00,152.00,434.00,1,-1,-1,-1
65,7423,598.00,438.00,246.00,394.00,1,-1,-1,-1
66,7421,1608.87,302.28,190.07,516.15,1,-1,-1,-1
66,7422,1518.10,375.00,152.78,437.00,1,-1,-1,-1
66,7423,589.94,361.44,295.14,476.57,1,-1,-1,-1
67,7421,1609.76,298.64,191.91,522.93,1,-1,-1,-1
67,7422,1515.60,376.00,152.79,438.00,1,-1,-1,-1
67,7423,588.53,335.92,308.97,504.09,1,-1,-1,-1
68,7421,1610.33,297.30,192.22,525.42,1,-1,-1,-1
68,7422,1515.06,376.28,152.49,438.28,1,-1,-1,-1
68,7423,589.49,327.66,310.62,513.00,1,-1,-1,-1
69,7421,1610.74,296.87,191.97,526.23,1,-1,-1,-1
69,7422,1515.16,376.32,152.07,438.32,1,-1,-1,-1
69,7423,591.42,326.04,307.45,514.74,1,-1,-1,-1
70,7421,1611.08,296.77,191.54,526.39,1,-1,-1,-1
70,7422,1515.45,376.30,151.59,438.30,1,-1,-1,-1
70,7423,593.72,326.51,302.65,514.23,1,-1,-1,-1
71,7421,1611.36,296.81,191.06,526.32,1,-1,-1,-1
71,7422,1515.78,376.27,151.10,438.27,1,-1,-1,-1
71,7423,596.13,327.50,297.41,513.16,1,-1,-1,-1
72,7421,1611.62,296.89,190.60,526.17,1,-1,-1,-1
72,7422,1516.12,376.23,150.60,438.23,1,-1,-1,-1
72,7423,598.55,328.52,292.13,512.06,1,-1,-1,-1
73,7421,1611.24,293.08,197.87,544.15,1,-1,-1,-1
73,7422,1511.73,377.54,150.14,436.86,1,-1,-1,-1
73,7423,678.68,316.26,272.49,484.71,1,-1,-1,-1
74,7421,1623.91,304.50,195.50,535.49,1,-1,-1,-1
74,7422,1508.93,364.66,155.06,451.03,1,-1,-1,-1
74,7423,686.96,304.45,276.96,492.67,1,-1,-1,-1
75,7421,1628.73,309.08,194.87,531.88,1,-1,-1,-1
75,7422,1507.92,359.90,156.89,456.25,1,-1,-1,-1
76,7421,1630.36,310.84,194.96,530.41,1,-1,-1,-1
76,7422,1507.58,358.12,157.60,458.17,1,-1,-1,-1
77,7421,1630.79,311.51,195.29,529.76,1,-1,-1,-1
77,7422,1507.50,357.50,157.86,458.82,1,-1,-1,-1
78,7421,1630.78,311.78,195.68,529.43,1,-1,-1,-1
78,7422,1507.51,357.32,157.96,458.99,1,-1,-1,-1
79,7421,1630.61,311.88,196.07,529.23,1,-1,-1,-1
79,7422,1507.54,357.30,157.99,458.99,1,-1,-1,-1
80,7421,1630.40,311.93,196.44,529.09,1,-1,-1,-1
80,7422,1507.58,357.33,158.00,458.93,1,-1,-1,-1
81,7421,1630.19,311.95,196.77,528.98,1,-1,-1,-1
81,7422,1507.62,357.39,158.00,458.85,1,-1,-1,-1
82,7421,1633.45,310.65,199.27,532.79,1,-1,-1,-1
82,7422,1486.86,344.37,166.93,480.99,1,-1,-1,-1
82,7423,801.13,360.83,231.07,409.00,1,-1,-1,-1
83,7421,1634.38,310.17,200.77,534.19,1,-1,-1,-1
83,7422,1478.74,339.52,171.00,489.24,1,-1,-1,-1
83,7423,805.19,365.98,228.66,403.13,1,-1,-1,-1
84,7421,1634.45,309.99,201.84,534.67,1,-1,-1,-1
84,7422,1475.33,337.70,173.20,492.35,1,-1,-1,-1
84,7423,806.81,367.12,228.49,401.54,1,-1,-1,-1
85,7421,1634.21,309.92,202.69,534.80,1,-1,-1,-1
85,7422,1473.82,337.08,174.60,493.43,1,-1,-1,-1
85,7423,806.93,367.54,228.82,401.04,1,-1,-1,-1
86,7421,1633.88,309.91,203.42,534.80,1,-1,-1,-1
86,7422,1473.07,336.91,175.63,493.73,1,-1,-1,-1
86,7423,806.46,367.71,229.29,400.95,1,-1,-1,-1
87,7421,1633.54,309.91,204.05,534.75,1,-1,-1,-1
87,7422,1472.63,336.91,176.48,493.73,1,-1,-1,-1
87,7423,805.83,367.79,229.77,401.00,1,-1,-1,-1
88,7421,1633.21,309.91,204.63,534.69,1,-1,-1,-1
88,7422,1472.32,336.98,177.21,493.64,1,-1,-1,-1
88,7423,805.21,367.84,230.21,401.09,1,-1,-1,-1
89,7421,1632.91,309.92,205.14,534.63,1,-1,-1,-1
89,7422,1472.08,337.06,177.86,493.51,1,-1,-1,-1
89,7423,804.65,367.86,230.61,401.18,1,-1,-1,-1
90,7421,1632.63,309.93,205.61,534.57,1,-1,-1,-1
90,7422,1471.87,337.14,178.45,493.38,1,-1,-1,-1
90,7423,804.15,367.88,230.96,401.27,1,-1,-1,-1
91,7421,1638.88,292.97,217.83,569.74,1,-1,-1,-1
91,7422,1470.02,335.76,179.24,495.58,1,-1,-1,-1
91,7423,808.74,367.69,230.27,400.08,1,-1,-1,-1
91,7424,954.00,334.00,192.00,422.00,1,-1,-1,-1
92,7421,1641.57,286.67,221.62,582.81,1,-1,-1,-1
92,7424,954.00,334.00,192.00,422.00,1,-1,-1,-1
93,7421,1642.92,284.23,222.43,587.84,1,-1,-1,-1
93,7423,914.05,339.26,234.77,418.17,1,-1,-1,-1
94,7421,1643.69,283.35,222.11,589.64,1,-1,-1,-1
94,7423,932.62,334.83,231.27,420.95,1,-1,-1,-1
95,7421,1644.22,283.08,221.41,590.19,1,-1,-1,-1
95,7423,940.40,333.28,227.45,421.94,1,-1,-1,-1
96,7421,1644.63,283.03,220.61,590.26,1,-1,-1,-1
96,7423,944.02,332.78,223.85,422.29,1,-1,-1,-1
97,7421,1644.97,283.07,219.84,590.16,1,-1,-1,-1
97,7423,945.95,332.67,220.59,422.39,1,-1,-1,-1
98,7421,1645.27,283.13,219.11,590.00,1,-1,-1,-1
98,7423,947.14,332.71,217.67,422.40,1,-1,-1,-1
99,7421,1645.53,283.20,218.44,589.83,1,-1,-1,-1
99,7423,948.00,332.80,215.08,422.39,1,-1,-1,-1
100,7421,1624.04,279.38,218.40,589.67,1,-1,-1,-1
100,7422,1371.38,329.73,182.33,506.38,1,-1,-1,-1
100,7423,1018.03,374.64,191.44,380.62,1,-1,-1,-1
101,7421,1622.78,277.88,219.39,592.34,1,-1,-1,-1
101,7422,1365.76,326.85,181.80,510.76,1,-1,-1,-1
101,7423,1045.07,372.11,187.04,380.55,1,-1,-1,-1
102,7422,1364.28,325.90,180.65,512.22,1,-1,-1,-1
102,7423,1055.51,371.22,183.14,380.55,1,-1,-1,-1
103,7422,1364.26,325.58,179.48,512.71,1,-1,-1,-1
103,7423,1059.94,370.84,179.69,380.64,1,-1,-1,-1
104,7422,1364.77,325.49,178.41,512.84,1,-1,-1,-1
104,7423,1062.03,370.66,176.60,380.76,1,-1,-1,-1
105,7422,1365.41,325.49,177.47,512.84,1,-1,-1,-1
105,7423,1063.20,370.56,173.83,380.88,1,-1,-1,-1
106,7422,1366.05,325.52,176.65,512.79,1,-1,-1,-1
106,7423,1063.99,370.49,171.35,380.99,1,-1,-1,-1
107,7422,1366.64,325.56,175.93,512.72,1,-1,-1,-1
107,7423,1064.60,370.43,169.10,381.09,1,-1,-1,-1
108,7422,1367.18,325.60,175.31,512.66,1,-1,-1,-1
108,7423,1065.13,370.39,167.08,381.18,1,-1,-1,-1
109,7422,1358.71,328.24,174.38,511.29,1,-1,-1,-1
109,7423,1072.98,371.01,166.49,379.86,1,-1,-1,-1
109,7425,1198.00,312.00,180.00,434.00,1,-1,-1,-1
110,7422,1355.73,329.27,173.79,510.74,1,-1,-1,-1
110,7425,1198.00,312.00,180.00,434.00,1,-1,-1,-1
111,7422,1354.84,329.67,173.35,510.50,1,-1,-1,-1
111,7425,1198.00,312.00,180.00,434.00,1,-1,-1,-1
112,7422,1351.07,329.50,173.56,511.13,1,-1,-1,-1
112,7425,1198.88,325.36,199.02,480.01,1,-1,-1,-1
113,7425,1199.20,329.82,205.32,495.37,1,-1,-1,-1
114,7425,1199.33,331.27,207.30,500.36,1,-1,-1,-1
115,7425,1199.40,331.60,207.68,501.50,1,-1,-1,-1
116,7425,1199.44,331.56,207.54,501.37,1,-1,-1,-1
117,7425,1199.48,331.42,207.24,500.88,1,-1,-1,-1
118,7425,1185.64,315.35,233.34,565.27,1,-1,-1,-1
119,7425,1180.78,309.51,242.52,588.83,1,-1,-1,-1
120,7425,1179.01,307.09,245.69,597.83,1,-1,-1,-1
121,7425,1178.53,306.15,246.40,600.81,1,-1,-1,-1
122,7425,1178.55,305.80,246.19,601.45,1,-1,-1,-1
123,7425,1178.74,305.69,245.65,601.25,1,-1,-1,-1
124,7425,1179.00,305.67,245.04,600.76,1,-1,-1,-1
125,7425,1179.25,305.68,244.42,600.19,1,-1,-1,-1
126,7425,1179.50,305.70,243.84,599.64,1,-1,-1,-1
127,7425,1165.89,317.39,251.55,621.13,1,-1,-1,-1
128,7425,1161.03,321.83,253.84,629.12,1,-1,-1,-1
129,7425,1159.46,323.55,254.09,631.91,1,-1,-1,-1
130,7425,1159.16,324.19,253.60,632.67,1,-1,-1,-1
131,7425,1159.33,324.40,252.87,632.67,1,-1,-1,-1
132,7425,1159.66,324.46,252.10,632.40,1,-1,-1,-1
133,7425,1160.03,324.45,251.37,632.06,1,-1,-1,-1
134,7425,1160.38,324.42,250.68,631.70,1,-1,-1,-1
135,7425,1160.72,324.39,250.05,631.37,1,-1,-1,-1
136,7425,1123.44,290.57,279.19,692.12,1,-1,-1,-1
136,7426,1356.00,150.00,302.00,796.00,1,-1,-1,-1
136,7427,4.00,456.00,172.00,424.00,1,-1,-1,-1
137,7425,1108.08,278.02,293.04,714.68,1,-1,-1,-1
137,7426,1356.00,150.00,302.00,796.00,1,-1,-1,-1
137,7427,4.00,456.00,172.00,424.00,1,-1,-1,-1
138,7425,1100.78,273.02,300.99,723.42,1,-1,-1,-1
138,7426,1356.00,150.00,302.00,796.00,1,-1,-1,-1
138,7427,4.00,456.00,172.00,424.00,1,-1,-1,-1
139,7425,1096.94,271.16,306.23,726.49,1,-1,-1,-1
139,7426,1356.00,150.00,302.00,796.00,1,-1,-1,-1
139,7427,4.00,456.00,172.00,424.00,1,-1,-1,-1
140,7425,1094.58,270.54,310.19,727.34,1,-1,-1,-1
140,7426,1356.00,150.00,302.00,796.00,1,-1,-1,-1
140,7427,4.00,456.00,172.00,424.00,1,-1,-1,-1
141,7425,1092.88,270.40,313.45,727.36,1,-1,-1,-1
141,7426,1356.00,150.00,302.00,796.00,1,-1,-1,-1
141,7427,4.00,456.00,172.00,424.00,1,-1,-1,-1
142,7425,1091.52,270.43,316.28,727.07,1,-1,-1,-1
142,7426,1356.00,150.00,302.00,796.00,1,-1,-1,-1
142,7427,4.00,456.00,172.00,424.00,1,-1,-1,-1
143,7425,1090.36,270.53,318.79,726.70,1,-1,-1,-1
143,7426,1356.00,150.00,302.00,796.00,1,-1,-1,-1
143,7427,4.00,456.00,172.00,424.00,1,-1,-1,-1
144,7425,1089.34,270.65,321.03,726.30,1,-1,-1,-1
144,7426,1356.00,150.00,302.00,796.00,1,-1,-1,-1
144,7427,4.00,456.00,172.00,424.00,1,-1,-1,-1
145,7425,1076.81,212.46,350.17,789.41,1,-1,-1,-1
145,7426,1356.00,150.00,302.00,796.00,1,-1,-1,-1
145,7427,4.00,456.00,172.00,424.00,1,-1,-1,-1
146,7425,1071.78,190.76,361.76,812.94,1,-1,-1,-1
147,7425,1069.60,182.26,366.85,822.00,1,-1,-1,-1
148,7425,1068.61,179.18,369.22,825.15,1,-1,-1,-1
149,7425,1068.09,178.23,370.47,825.99,1,-1,-1,-1
150,7425,1067.78,178.09,371.25,825.97,1,-1,-1,-1
151,7425,1067.56,178.25,371.81,825.65,1,-1,-1,-1
152,7425,1067.38,178.51,372.27,825.22,1,-1,-1,-1
153,7425,1067.23,178.80,372.65,824.78,1,-1,-1,-1
154,7425,1081.16,155.76,383.75,858.05,1,-1,-1,-1
154,7427,215.69,411.37,198.84,478.34,1,-1,-1,-1
154,7428,418.00,416.00,152.00,364.00,1,-1,-1,-1
154,7429,110.00,344.00,214.00,488.00,1,-1,-1,-1
154,7430,846.00,272.00,310.00,746.00,1,-1,-1,-1
155,7425,1087.55,147.14,385.71,870.49,1,-1,-1,-1
155,7427,223.16,409.41,203.65,480.72,1,-1,-1,-1
155,7428,418.00,416.00,152.00,364.00,1,-1,-1,-1
155,7429,110.00,344.00,214.00,488.00,1,-1,-1,-1
155,7430,846.00,272.00,310.00,746.00,1,-1,-1,-1
156,7425,1091.04,143.98,384.44,875.04,1,-1,-1,-1
156,7427,224.87,408.73,207.11,481.55,1,-1,-1,-1
156,7428,418.00,416.00,152.00,364.00,1,-1,-1,-1
156,7429,110.00,344.00,214.00,488.00,1,-1,-1,-1
156,7430,846.00,272.00,310.00,746.00,1,-1,-1,-1
157,7425,1093.27,142.98,382.10,876.47,1,-1,-1,-1
157,7427,224.42,408.55,209.79,481.77,1,-1,-1,-1
157,7428,418.00,416.00,152.00,364.00,1,-1,-1,-1
157,7429,110.00,344.00,214.00,488.00,1,-1,-1,-1
157,7430,846.00,272.00,310.00,746.00,1,-1,-1,-1
158,7425,1094.91,142.79,379.52,876.73,1,-1,-1,-1
158,7427,223.25,408.57,211.97,481.75,1,-1,-1,-1
158,7428,418.00,416.00,152.00,364.00,1,-1,-1,-1
158,7429,110.00,344.00,214.00,488.00,1,-1,-1,-1
158,7430,846.00,272.00,310.00,746.00,1,-1,-1,-1
159,7425,1096.26,142.91,377.01,876.56,1,-1,-1,-1
159,7427,221.91,408.65,213.79,481.64,1,-1,-1,-1
159,7428,418.00,416.00,152.00,364.00,1,-1,-1,-1
159,7429,110.00,344.00,214.00,488.00,1,-1,-1,-1
159,7430,846.00,272.00,310.00,746.00,1,-1,-1,-1
160,7425,1097.42,143.12,374.67,876.24,1,-1,-1,-1
160,7427,220.59,408.76,215.35,481.51,1,-1,-1,-1
160,7428,418.00,416.00,152.00,364.00,1,-1,-1,-1
160,7429,110.00,344.00,214.00,488.00,1,-1,-1,-1
160,7430,846.00,272.00,310.00,746.00,1,-1,-1,-1
161,7425,1104.08,121.30,387.19,914.81,1,-1,-1,-1
161,7427,237.39,384.18,222.25,506.07,1,-1,-1,-1
161,7428,387.46,383.18,178.89,432.38,1,-1,-1,-1
161,7429,110.00,344.00,214.00,488.00,1,-1,-1,-1
161,7430,812.78,269.26,319.00,765.15,1,-1,-1,-1
162,7425,1097.77,101.66,394.19,940.73,1,-1,-1,-1
162,7427,247.39,380.24,224.15,510.40,1,-1,-1,-1
162,7428,374.36,362.91,191.89,467.58,1,-1,-1,-1
162,7430,790.95,260.25,325.81,776.09,1,-1,-1,-1
163,7425,1093.08,91.60,393.55,944.19,1,-1,-1,-1
163,7428,370.74,349.65,206.48,507.00,1,-1,-1,-1
163,7430,772.30,252.89,333.69,790.71,1,-1,-1,-1
164,7425,1091.80,87.92,392.06,945.16,1,-1,-1,-1
164,7428,369.95,344.51,211.21,522.49,1,-1,-1,-1
164,7430,765.02,250.18,337.64,796.06,1,-1,-1,-1
165,7425,1091.83,86.73,390.37,945.21,1,-1,-1,-1
165,7428,370.32,342.71,211.96,528.16,1,-1,-1,-1
165,7430,762.08,249.24,340.05,797.89,1,-1,-1,-1
166,7425,1092.31,86.49,388.71,944.94,1,-1,-1,-1
166,7428,371.09,342.26,211.17,529.85,1,-1,-1,-1
166,7430,760.81,248.97,341.82,798.39,1,-1,-1,-1
167,7425,1092.93,86.60,387.15,944.58,1,-1,-1,-1
167,7428,371.96,342.31,209.86,530.02,1,-1,-1,-1
167,7430,760.15,248.95,343.28,798.40,1,-1,-1,-1
168,7425,1093.56,86.83,385.72,944.19,1,-1,-1,-1
168,7428,372.81,342.53,208.42,529.65,1,-1,-1,-1
168,7430,759.74,249.00,344.59,798.25,1,-1,-1,-1
169,7425,1094.16,87.09,384.42,943.82,1,-1,-1,-1
169,7428,373.62,342.80,207.01,529.09,1,-1,-1,-1
169,7430,759.41,249.09,345.77,798.06,1,-1,-1,-1
170,7425,1094.71,87.35,383.24,943.47,1,-1,-1,-1
170,7428,374.38,343.07,205.67,528.50,1,-1,-1,-1
170,7430,759.13,249.17,346.86,797.86,1,-1,-1,-1
171,7425,1095.21,87.59,382.17,943.15,1,-1,-1,-1
171,7428,375.07,343.33,204.43,527.92,1,-1,-1,-1
171,7430,758.87,249.25,347.86,797.68,1,-1,-1,-1
172,7425,1014.90,59.19,400.93,975.38,1,-1,-1,-1
172,7428,372.16,339.16,208.02,537.20,1,-1,-1,-1
172,7430,754.76,248.06,349.03,800.37,1,-1,-1,-1
172,7431,520.00,188.00,372.00,794.00,1,-1,-1,-1
173,7425,983.09,48.57,411.11,987.42,1,-1,-1,-1
173,7430,581.71,201.55,349.73,796.08,1,-1,-1,-1
174,7425,969.59,44.64,417.71,991.85,1,-1,-1,-1
174,7430,540.66,190.73,351.71,795.37,1,-1,-1,-1
175,7425,963.44,43.34,422.62,993.31,1,-1,-1,-1
175,7430,525.69,186.95,353.63,795.09,1,-1,-1,-1
176,7425,960.25,43.03,426.66,993.63,1,-1,-1,-1
176,7430,520.14,185.70,355.40,794.94,1,-1,-1,-1
177,7425,958.29,43.09,430.14,993.54,1,-1,-1,-1
177,7430,518.20,185.40,357.01,794.83,1,-1,-1,-1
178,7425,956.88,43.27,433.23,993.31,1,-1,-1,-1
178,7430,517.64,185.46,358.46,794.74,1,-1,-1,-1
179,7425,955.74,43.50,436.00,993.04,1,-1,-1,-1
179,7430,517.59,185.63,359.76,794.67,1,-1,-1,-1
180,7425,954.77,43.72,438.49,992.77,1,-1,-1,-1
180,7430,517.72,185.83,360.94,794.60,1,-1,-1,-1
181,7425,860.82,47.83,429.11,976.90,1,-1,-1,-1
181,7430,435.47,172.96,383.20,829.81,1,-1,-1,-1
182,7425,825.76,49.54,424.24,970.67,1,-1,-1,-1
182,7430,403.18,168.21,395.03,842.95,1,-1,-1,-1
183,7425,813.56,50.27,421.26,968.25,1,-1,-1,-1
183,7430,389.73,166.51,402.59,847.94,1,-1,-1,-1
184,7425,809.95,50.62,419.09,967.29,1,-1,-1,-1
184,7430,383.84,166.00,408.16,849.70,1,-1,-1,-1
185,7425,809.52,50.82,417.34,966.87,1,-1,-1,-1
185,7430,380.94,165.94,412.69,850.22,1,-1,-1,-1
186,7425,810.23,50.96,415.83,966.68,1,-1,-1,-1
186,7430,379.27,166.03,416.58,850.28,1,-1,-1,-1
187,7425,811.29,51.07,414.50,966.57,1,-1,-1,-1
187,7430,378.12,166.18,420.02,850.17,1,-1,-1,-1
188,7425,812.41,51.17,413.30,966.50,1,-1,-1,-1
188,7430,377.23,166.33,423.10,850.01,1,-1,-1,-1
189,7425,813.49,51.25,412.22,966.45,1,-1,-1,-1
189,7430,376.48,166.48,425.87,849.84,1,-1,-1,-1
190,7425,730.99,21.28,437.16,1033.02,1,-1,-1,-1
190,7430,365.20,164.05,427.35,852.79,1,-1,-1,-1
190,7432,108.00,110.00,428.00,922.00,1,-1,-1,-1
191,7425,701.44,10.17,444.41,1057.72,1,-1,-1,-1
191,7430,154.07,122.04,450.83,906.54,1,-1,-1,-1
192,7425,678.17,2.06,439.41,1058.29,1,-1,-1,-1
192,7428,519.79,375.99,161.51,415.14,1,-1,-1,-1
192,7430,46.71,125.20,440.69,883.98,1,-1,-1,-1
193,7425,671.06,-0.95,434.63,1058.20,1,-1,-1,-1
193,7428,523.46,377.83,160.07,410.19,1,-1,-1,-1
193,7430,6.71,126.59,437.25,875.20,1,-1,-1,-1
194,7425,670.11,-1.95,430.23,1057.94,1,-1,-1,-1
194,7428,524.73,378.28,159.87,408.81,1,-1,-1,-1
194,7430,-7.57,127.24,436.38,871.79,1,-1,-1,-1
195,7425,671.38,-2.20,426.22,1057.63,1,-1,-1,-1
195,7428,524.89,378.40,159.99,408.48,1,-1,-1,-1
195,7430,-12.15,127.62,436.43,870.39,1,-1,-1,-1
196,7425,673.36,-2.16,422.59,1057.32,1,-1,-1,-1
196,7428,524.65,378.40,160.21,408.54,1,-1,-1,-1
196,7430,-13.07,127.89,436.78,869.77,1,-1,-1,-1
197,7425,675.48,-2.03,419.29,1057.02,1,-1,-1,-1
197,7428,524.34,378.36,160.43,408.69,1,-1,-1,-1
197,7430,-12.64,128.10,437.22,869.45,1,-1,-1,-1
198,7425,677.53,-1.87,416.31,1056.75,1,-1,-1,-1
198,7428,524.04,378.32,160.62,408.85,1,-1,-1,-1
198,7430,-11.75,128.29,437.66,869.26,1,-1,-1,-1
199,7425,555.64,32.12,415.32,1036.98,1,-1,-1,-1
199,7428,526.62,378.84,159.88,406.97,1,-1,-1,-1
199,7430,-43.07,150.63,414.01,849.55,1,-1,-1,-1
199,7433,248.00,206.00,324.00,778.00,1,-1,-1,-1
200,7425,507.73,45.23,418.34,1029.26,1,-1,-1,-1
200,7430,-50.66,159.26,398.06,841.95,1,-1,-1,-1
200,7433,248.00,206.00,324.00,778.00,1,-1,-1,-1
201,7425,488.77,50.13,422.65,1026.30,1,-1,-1,-1
201,7430,-49.57,162.49,385.72,839.12,1,-1,-1,-1
201,7433,248.00,206.00,324.00,778.00,1,-1,-1,-1
202,7425,480.87,51.94,427.16,1025.14,1,-1,-1,-1
202,7430,-45.56,163.69,375.33,838.08,1,-1,-1,-1
202,7433,248.00,206.00,324.00,778.00,1,-1,-1,-1
203,7425,477.27,52.57,431.47,1024.67,1,-1,-1,-1
203,7430,-40.76,164.13,366.22,837.71,1,-1,-1,-1
203,7433,248.00,206.00,324.00,778.00,1,-1,-1,-1
204,7425,475.37,52.75,435.46,1024.47,1,-1,-1,-1
204,7430,-35.97,164.27,358.10,837.61,1,-1,-1,-1
204,7433,248.00,206.00,324.00,778.00,1,-1,-1,-1
205,7425,474.16,52.77,439.11,1024.37,1,-1,-1,-1
205,7430,-31.47,164.30,350.80,837.59,1,-1,-1,-1
205,7433,248.00,206.00,324.00,778.00,1,-1,-1,-1
206,7425,473.28,52.73,442.42,1024.31,1,-1,-1,-1
206,7430,-27.34,164.30,344.22,837.61,1,-1,-1,-1
206,7433,248.00,206.00,324.00,778.00,1,-1,-1,-1
207,7425,472.55,52.67,445.43,1024.28,1,-1,-1,-1
207,7430,-23.59,164.28,338.28,837.64,1,-1,-1,-1
207,7433,248.00,206.00,324.00,778.00,1,-1,-1,-1
208,7425,305.21,18.65,471.94,1050.37,1,-1,-1,-1
208,7430,-35.47,164.73,338.04,837.06,1,-1,-1,-1
208,7433,248.00,206.00,324.00,778.00,1,-1,-1,-1
208,7434,950.00,384.00,170.00,398.00,1,-1,-1,-1
209,7425,160.56,20.08,506.36,1095.09,1,-1,-1,-1
209,7428,644.80,350.82,177.24,464.13,1,-1,-1,-1
209,7434,954.18,404.57,163.36,382.57,1,-1,-1,-1
210,7425,101.98,20.67,527.39,1112.09,1,-1,-1,-1
210,7428,651.07,349.70,174.48,466.44,1,-1,-1,-1
210,7434,954.90,408.00,162.20,380.00,1,-1,-1,-1
211,7425,76.86,20.96,542.43,1118.52,1,-1,-1,-1
211,7428,653.95,349.31,172.03,467.25,1,-1,-1,-1
211,7434,955.11,408.86,161.84,379.36,1,-1,-1,-1
212,7425,65.23,21.12,554.39,1120.76,1,-1,-1,-1
212,7428,655.37,349.21,169.96,467.47,1,-1,-1,-1
212,7434,955.18,408.94,161.72,379.30,1,-1,-1,-1
213,7425,59.04,21.23,564.54,1121.40,1,-1,-1,-1
213,7428,656.14,349.22,168.23,467.47,1,-1,-1,-1
213,7434,955.21,408.84,161.65,379.37,1,-1,-1,-1
214,7425,55.12,21.31,573.46,1121.43,1,-1,-1,-1
214,7428,656.60,349.26,166.77,467.40,1,-1,-1,-1
214,7434,955.24,408.71,161.58,379.46,1,-1,-1,-1
215,7425,52.23,21.38,581.43,1121.25,1,-1,-1,-1
215,7428,656.91,349.32,165.53,467.29,1,-1,-1,-1
215,7434,955.28,408.60,161.50,379.55,1,-1,-1,-1
216,7425,49.88,21.44,588.59,1121.01,1,-1,-1,-1
216,7428,657.13,349.37,164.47,467.18,1,-1,-1,-1
216,7434,955.32,408.52,161.41,379.61,1,-1,-1,-1
217,7425,26.40,20.54,591.15,1125.86,1,-1,-1,-1
217,7428,662.18,348.37,165.14,469.08,1,-1,-1,-1
217,7434,955.49,409.35,161.14,378.98,1,-1,-1,-1
217,7435,1076.00,378.00,172.00,396.00,1,-1,-1,-1
218,7435,1076.00,378.00,172.00,396.00,1,-1,-1,-1
219,7434,1060.06,382.76,167.58,393.37,1,-1,-1,-1
220,7434,1075.61,378.80,168.79,395.50,1,-1,-1,-1
221,7434,1080.87,377.43,169.38,396.25,1,-1,-1,-1
222,7434,1082.40,376.99,169.74,396.49,1,-1,-1,-1
223,7434,1082.53,376.90,169.99,396.54,1,-1,-1,-1
224,7434,1082.17,376.94,170.19,396.52,1,-1,-1,-1
225,7434,1081.67,377.02,170.37,396.49,1,-1,-1,-1
226,7428,779.03,315.03,187.19,524.37,1,-1,-1,-1
226,7430,210.02,274.81,291.73,677.74,1,-1,-1,-1
226,7434,1098.30,375.80,159.78,380.75,1,-1,-1,-1
226,7436,1222.00,362.00,112.00,388.00,1,-1,-1,-1
227,7428,783.30,313.51,189.99,526.87,1,-1,-1,-1
227,7430,210.78,277.05,302.19,674.49,1,-1,-1,-1
227,7434,1105.25,375.41,153.81,374.69,1,-1,-1,-1
227,7436,1222.00,362.00,112.00,388.00,1,-1,-1,-1
228,7428,783.80,303.92,204.68,566.56,1,-1,-1,-1
228,7430,220.66,282.00,298.98,667.34,1,-1,-1,-1
228,7434,1110.45,377.95,151.15,369.83,1,-1,-1,-1
228,7436,1220.57,357.50,113.35,391.00,1,-1,-1,-1
229,7428,777.75,289.02,212.52,592.66,1,-1,-1,-1
229,7434,1113.86,377.63,150.65,372.04,1,-1,-1,-1
229,7436,1220.96,356.00,116.50,399.39,1,-1,-1,-1
230,7428,779.57,297.05,204.06,568.79,1,-1,-1,-1
230,7434,1117.04,377.53,150.17,376.84,1,-1,-1,-1
230,7436,1218.07,367.02,113.63,387.87,1,-1,-1,-1
231,7428,779.89,300.52,200.51,558.67,1,-1,-1,-1
231,7434,1118.67,377.53,148.69,378.68,1,-1,-1,-1
231,7436,1216.88,371.02,112.90,383.57,1,-1,-1,-1
232,7428,779.80,301.90,199.15,554.70,1,-1,-1,-1
232,7434,1119.66,377.56,146.97,379.40,1,-1,-1,-1
232,7436,1216.31,372.33,113.03,382.11,1,-1,-1,-1
233,7428,779.57,302.49,198.63,553.07,1,-1,-1,-1
233,7434,1120.36,377.59,145.26,379.69,1,-1,-1,-1
233,7436,1215.95,372.71,113.47,381.64,1,-1,-1,-1
234,7428,779.30,302.78,198.41,552.34,1,-1,-1,-1
234,7434,1120.93,377.63,143.66,379.81,1,-1,-1,-1
234,7436,1215.66,372.77,114.01,381.52,1,-1,-1,-1
235,7428,797.75,278.25,206.35,580.55,1,-1,-1,-1
235,7430,470.64,306.39,265.36,602.56,1,-1,-1,-1
235,7434,1125.46,377.03,143.58,379.59,1,-1,-1,-1
235,7436,1219.22,380.80,112.33,370.75,1,-1,-1,-1
236,7428,805.19,269.07,208.13,591.08,1,-1,-1,-1
236,7430,484.12,307.34,261.01,599.70,1,-1,-1,-1
236,7436,1220.12,383.72,112.60,366.79,1,-1,-1,-1
237,7428,808.40,265.60,207.77,595.04,1,-1,-1,-1
237,7430,489.40,307.71,258.31,598.66,1,-1,-1,-1
237,7436,1220.01,384.70,113.59,365.44,1,-1,-1,-1
238,7428,809.89,264.38,206.69,596.38,1,-1,-1,-1
238,7430,491.12,307.73,256.54,598.50,1,-1,-1,-1
238,7436,1219.55,384.97,114.80,365.03,1,-1,-1,-1
239,7428,810.68,264.04,205.42,596.73,1,-1,-1,-1
239,7430,491.41,307.63,255.27,598.68,1,-1,-1,-1
239,7436,1218.98,385.00,116.04,364.96,1,-1,-1,-1
240,7428,811.17,264.03,204.17,596.69,1,-1,-1,-1
240,7430,491.19,307.48,254.29,598.96,1,-1,-1,-1
240,7436,1218.40,384.94,117.23,365.01,1,-1,-1,-1
241,7428,811.52,264.14,203.00,596.53,1,-1,-1,-1
241,7430,490.80,307.34,253.51,599.25,1,-1,-1,-1
241,7436,1217.85,384.85,118.35,365.09,1,-1,-1,-1
242,7428,811.80,264.28,201.94,596.33,1,-1,-1,-1
242,7430,490.38,307.20,252.86,599.52,1,-1,-1,-1
242,7436,1217.33,384.77,119.39,365.18,1,-1,-1,-1
243,7428,812.04,264.43,200.98,596.13,1,-1,-1,-1
243,7430,489.97,307.08,252.31,599.77,1,-1,-1,-1
243,7436,1216.84,384.69,120.35,365.26,1,-1,-1,-1
244,7428,815.49,261.92,202.13,599.54,1,-1,-1,-1
244,7430,579.12,322.74,246.23,599.99,1,-1,-1,-1
244,7436,1247.03,376.73,123.07,369.28,1,-1,-1,-1
244,7437,966.00,314.00,136.00,480.00,1,-1,-1,-1
245,7428,923.82,287.40,177.78,531.84,1,-1,-1,-1
245,7430,613.93,335.13,238.03,585.75,1,-1,-1,-1
245,7436,1256.84,372.41,125.79,373.44,1,-1,-1,-1
246,7428,950.43,293.35,171.12,515.83,1,-1,-1,-1
246,7430,626.95,339.70,233.85,580.49,1,-1,-1,-1
246,7436,1260.09,370.77,127.56,375.03,1,-1,-1,-1
247,7428,959.44,295.27,168.27,510.66,1,-1,-1,-1
247,7430,631.70,341.26,231.32,578.68,1,-1,-1,-1
247,7436,1260.87,370.15,128.89,375.64,1,-1,-1,-1
248,7428,962.65,295.95,166.68,508.89,1,-1,-1,-1
248,7430,633.36,341.72,229.51,578.14,1,-1,-1,-1
248,7436,1260.74,369.92,130.00,375.88,1,-1,-1,-1
249,7428,963.68,296.18,165.61,508.36,1,-1,-1,-1
249,7430,633.84,341.78,228.06,578.07,1,-1,-1,-1
249,7436,1260.30,369.85,130.96,375.97,1,-1,-1,-1
250,7428,963.90,296.25,164.78,508.29,1,-1,-1,-1
250,7430,633.90,341.69,226.83,578.16,1,-1,-1,-1
250,7436,1259.78,369.83,131.82,376.00,1,-1,-1,-1
251,7428,963.83,296.25,164.09,508.38,1,-1,-1,-1
251,7430,633.80,341.55,225.75,578.30,1,-1,-1,-1
251,7436,1259.26,369.84,132.60,376.01,1,-1,-1,-1
252,7428,963.68,296.24,163.49,508.51,1,-1,-1,-1
252,7430,633.65,341.41,224.80,578.46,1,-1,-1,-1
252,7436,1258.77,369.85,133.30,376.01,1,-1,-1,-1
253,7428,1051.12,321.21,150.80,474.46,1,-1,-1,-1
253,7430,739.87,336.04,210.42,549.77,1,-1,-1,-1
253,7436,1261.07,369.60,133.31,376.04,1,-1,-1,-1
253,7438,958.00,344.00,130.00,466.00,1,-1,-1,-1
253,7439,674.00,334.00,174.00,514.00,1,-1,-1,-1
254,7428,1087.02,328.05,144.40,450.74,1,-1,-1,-1
254,7430,779.66,343.22,202.89,534.92,1,-1,-1,-1
254,7438,960.12,359.43,124.05,443.71,1,-1,-1,-1
254,7439,679.10,340.86,174.08,514.00,1,-1,-1,-1
255,7428,1099.10,343.95,144.03,447.84,1,-1,-1,-1
255,7430,795.94,336.45,200.76,528.34,1,-1,-1,-1
255,7438,957.14,358.94,128.20,456.85,1,-1,-1,-1
256,7428,1102.84,349.52,144.26,446.99,1,-1,-1,-1
256,7430,801.17,333.91,200.23,526.11,1,-1,-1,-1
256,7438,955.94,358.64,130.03,461.20,1,-1,-1,-1
257,7428,1103.53,351.42,144.68,446.89,1,-1,-1,-1
257,7430,802.38,332.93,200.28,525.47,1,-1,-1,-1
257,7438,955.32,358.44,131.12,462.56,1,-1,-1,-1
258,7428,1103.14,351.96,145.15,447.07,1,-1,-1,-1
258,7430,802.14,332.54,200.52,525.41,1,-1,-1,-1
258,7438,954.88,358.33,132.00,462.89,1,-1,-1,-1
259,7428,1102.43,352.02,145.60,447.32,1,-1,-1,-1
259,7430,801.43,332.37,200.81,525.55,1,-1,-1,-1
259,7438,954.47,358.25,132.84,462.89,1,-1,-1,-1
260,7428,1101.66,351.91,146.02,447.58,1,-1,-1,-1
260,7430,800.60,332.29,201.10,525.76,1,-1,-1,-1
260,7438,954.07,358.21,133.68,462.80,1,-1,-1,-1
261,7428,1096.61,345.17,148.41,455.72,1,-1,-1,-1
261,7430,802.68,349.34,190.33,494.41,1,-1,-1,-1
261,7438,954.28,359.52,138.68,473.52,1,-1,-1,-1
262,7428,1094.17,343.88,149.96,458.86,1,-1,-1,-1
262,7430,796.16,335.64,192.83,500.13,1,-1,-1,-1
262,7436,1376.81,387.23,117.59,335.58,1,-1,-1,-1
262,7438,954.84,348.05,144.88,490.68,1,-1,-1,-1
262,7440,1228.00,370.00,118.00,378.00,1,-1,-1,-1
263,7428,1098.79,344.62,148.06,454.91,1,-1,-1,-1
263,7430,799.66,325.48,196.29,508.85,1,-1,-1,-1
263,7436,1380.91,389.50,112.91,325.12,1,-1,-1,-1
263,7438,951.41,343.72,146.61,494.43,1,-1,-1,-1
264,7428,1101.56,352.72,147.43,453.49,1,-1,-1,-1
264,7430,803.55,337.39,188.00,482.12,1,-1,-1,-1
264,7436,1384.61,392.90,109.73,319.27,1,-1,-1,-1
264,7438,952.02,356.53,144.66,481.26,1,-1,-1,-1
265,7428,1100.28,363.57,142.20,435.97,1,-1,-1,-1
265,7430,810.41,347.38,178.52,454.58,1,-1,-1,-1
265,7436,1391.92,394.25,108.53,315.78,1,-1,-1,-1
265,7438,952.79,366.82,142.82,462.72,1,-1,-1,-1
265,7441,1230.00,384.00,112.00,368.00,1,-1,-1,-1
266,7428,1098.83,359.59,142.92,436.08,1,-1,-1,-1
266,7430,816.59,345.59,179.24,448.85,1,-1,-1,-1
266,7438,948.34,359.97,150.26,474.38,1,-1,-1,-1
267,7428,1097.98,358.07,143.57,436.21,1,-1,-1,-1
267,7430,817.77,344.91,181.19,447.01,1,-1,-1,-1
267,7438,945.59,357.48,155.21,478.60,1,-1,-1,-1
268,7428,1097.34,357.43,144.17,436.36,1,-1,-1,-1
268,7430,817.22,344.63,183.43,446.59,1,-1,-1,-1
268,7438,943.54,356.52,159.09,480.15,1,-1,-1,-1
269,7428,1096.79,357.12,144.72,436.51,1,-1,-1,-1
269,7430,816.11,344.50,185.66,446.67,1,-1,-1,-1
269,7438,941.85,356.15,162.39,480.68,1,-1,-1,-1
270,7428,1096.32,356.94,145.22,436.65,1,-1,-1,-1
270,7430,814.88,344.42,187.74,446.91,1,-1,-1,-1
270,7438,940.37,356.01,165.32,480.82,1,-1,-1,-1
271,7428,1094.60,346.34,156.15,470.88,1,-1,-1,-1
271,7430,820.61,345.07,185.56,441.72,1,-1,-1,-1
271,7438,941.68,361.20,160.07,467.74,1,-1,-1,-1
271,7442,1224.00,336.00,138.00,446.00,1,-1,-1,-1
272,7428,1094.08,342.42,159.91,483.50,1,-1,-1,-1
272,7438,942.39,363.18,157.65,462.68,1,-1,-1,-1
272,7442,1224.00,336.00,138.00,446.00,1,-1,-1,-1
273,7428,1093.87,340.86,161.16,488.45,1,-1,-1,-1
273,7438,942.83,363.90,156.38,460.80,1,-1,-1,-1
273,7442,1224.00,336.00,138.00,446.00,1,-1,-1,-1
274,7428,1093.80,340.25,161.42,490.31,1,-1,-1,-1
274,7438,943.17,364.16,155.58,460.10,1,-1,-1,-1
274,7442,1224.00,336.00,138.00,446.00,1,-1,-1,-1
275,7428,1092.82,328.38,168.44,497.41,1,-1,-1,-1
275,7438,946.30,362.92,149.28,440.17,1,-1,-1,-1
275,7442,1226.67,341.80,135.55,434.41,1,-1,-1,-1
276,7428,1091.13,323.87,173.59,500.06,1,-1,-1,-1
276,7438,947.39,362.43,147.10,432.59,1,-1,-1,-1
276,7442,1227.17,343.79,135.56,430.42,1,-1,-1,-1
277,7428,1089.31,322.16,177.77,500.99,1,-1,-1,-1
277,7438,947.67,362.23,146.54,429.89,1,-1,-1,-1
277,7442,1226.86,344.41,136.49,429.19,1,-1,-1,-1
278,7428,1087.54,321.55,181.36,501.27,1,-1,-1,-1
278,7438,947.67,362.16,146.55,428.99,1,-1,-1,-1
278,7442,1226.26,344.56,137.75,428.88,1,-1,-1,-1
279,7428,1085.90,321.36,184.53,501.29,1,-1,-1,-1
279,7438,947.57,362.12,146.76,428.74,1,-1,-1,-1
279,7442,1225.58,344.56,139.12,428.88,1,-1,-1,-1
280,7428,1082.35,340.81,171.98,463.58,1,-1,-1,-1
280,7438,970.31,381.86,138.18,402.39,1,-1,-1,-1
280,7442,1224.67,345.86,149.01,446.51,1,-1,-1,-1
281,7428,1080.58,348.46,167.64,448.75,1,-1,-1,-1
281,7438,978.87,389.39,135.16,392.47,1,-1,-1,-1
281,7442,1223.00,346.31,155.28,452.98,1,-1,-1,-1
282,7428,1079.61,351.20,166.70,443.44,1,-1,-1,-1
282,7438,981.75,392.02,134.33,389.05,1,-1,-1,-1
282,7442,1221.12,346.44,160.09,455.43,1,-1,-1,-1
283,7428,1078.95,352.17,166.93,441.57,1,-1,-1,-1
283,7438,982.61,392.90,134.27,387.97,1,-1,-1,-1
283,7442,1219.25,346.45,164.17,456.31,1,-1,-1,-1
284,7428,1078.43,352.49,167.55,440.96,1,-1,-1,-1
284,7438,982.74,393.14,134.48,387.73,1,-1,-1,-1
284,7442,1217.46,346.43,167.83,456.59,1,-1,-1,-1
285,7428,1077.99,352.57,168.26,440.82,1,-1,-1,-1
285,7438,982.62,393.14,134.76,387.80,1,-1,-1,-1
285,7442,1215.77,346.39,171.18,456.65,1,-1,-1,-1
286,7428,1077.61,352.56,168.96,440.85,1,-1,-1,-1
286,7438,982.41,393.07,135.05,387.96,1,-1,-1,-1
286,7442,1214.20,346.35,174.26,456.63,1,-1,-1,-1
287,7428,1077.26,352.52,169.62,440.93,1,-1,-1,-1
287,7438,982.19,392.98,135.33,388.15,1,-1,-1,-1
287,7442,1212.75,346.32,177.10,456.58,1,-1,-1,-1
288,7428,1076.95,352.48,170.23,441.02,1,-1,-1,-1
288,7438,981.99,392.89,135.58,388.33,1,-1,-1,-1
288,7442,1211.42,346.29,179.71,456.53,1,-1,-1,-1
289,7428,1074.13,345.87,166.67,438.49,1,-1,-1,-1
289,7438,983.73,394.34,134.63,385.60,1,-1,-1,-1
289,7442,1217.57,341.03,180.43,452.55,1,-1,-1,-1
290,7428,1073.72,343.36,164.00,437.59,1,-1,-1,-1
290,7442,1219.30,339.01,181.89,451.02,1,-1,-1,-1
291,7428,1074.19,342.41,161.79,437.30,1,-1,-1,-1
291,7442,1219.36,338.26,183.56,450.43,1,-1,-1,-1
292,7428,1074.93,342.06,159.86,437.25,1,-1,-1,-1
292,7442,1218.84,337.98,185.19,450.20,1,-1,-1,-1
293,7428,1075.71,341.93,158.15,437.27,1,-1,-1,-1
293,7442,1218.15,337.89,186.73,450.10,1,-1,-1,-1
294,7428,1076.47,341.89,156.60,437.33,1,-1,-1,-1
294,7442,1217.43,337.86,188.15,450.07,1,-1,-1,-1
295,7428,1077.18,341.89,155.21,437.38,1,-1,-1,-1
295,7442,1216.75,337.86,189.45,450.05,1,-1,-1,-1
296,7428,1077.82,341.89,153.96,437.44,1,-1,-1,-1
296,7442,1216.12,337.87,190.63,450.04,1,-1,-1,-1
297,7428,1078.41,341.90,152.82,437.49,1,-1,-1,-1
297,7442,1215.55,337.88,191.70,450.04,1,-1,-1,-1
298,7428,1102.75,360.22,139.49,402.23,1,-1,-1,-1
298,7430,1366.98,362.00,156.00,403.74,1,-1,-1,-1
298,7442,1214.44,354.88,172.93,416.05,1,-1,-1,-1
299,7428,1112.41,367.32,133.89,388.63,1,-1,-1,-1
299,7430,1378.85,362.23,147.89,403.37,1,-1,-1,-1
299,7442,1214.96,361.48,163.68,402.89,1,-1,-1,-1
300,7428,1116.02,369.80,131.47,383.91,1,-1,-1,-1
300,7430,1383.65,362.29,142.59,403.29,1,-1,-1,-1
300,7442,1216.14,363.79,158.42,398.28,1,-1,-1,-1
301,7428,1117.46,370.64,130.22,382.34,1,-1,-1,-1
301,7430,1385.69,362.29,138.83,403.31,1,-1,-1,-1
301,7442,1217.47,364.58,154.75,396.72,1,-1,-1,-1
302,7428,1118.09,370.88,129.43,381.91,1,-1,-1,-1
302,7430,1386.61,362.28,136.00,403.36,1,-1,-1,-1
302,7442,1218.77,364.81,151.81,396.27,1,-1,-1,-1
303,7428,1118.41,370.91,128.85,381.91,1,-1,-1,-1
303,7430,1387.03,362.25,133.80,403.41,1,-1,-1,-1
303,7442,1220.00,364.83,149.30,396.23,1,-1,-1,-1
304,7428,1118.61,370.86,128.36,382.04,1,-1,-1,-1
304,7430,1387.21,362.23,132.02,403.47,1,-1,-1,-1
304,7442,1221.12,364.79,147.07,396.33,1,-1,-1,-1
305,7428,1118.75,370.79,127.94,382.21,1,-1,-1,-1
305,7430,1387.28,362.21,130.55,403.52,1,-1,-1,-1
305,7442,1222.15,364.72,145.07,396.47,1,-1,-1,-1
306,7428,1118.87,370.71,127.57,382.38,1,-1,-1,-1
306,7430,1387.28,362.19,129.31,403.56,1,-1,-1,-1
306,7442,1223.08,364.66,143.26,396.61,1,-1,-1,-1
307,7428,1131.93,371.96,131.56,389.11,1,-1,-1,-1
307,7430,1397.78,366.09,128.10,394.46,1,-1,-1,-1
307,7442,1213.63,373.79,135.94,379.67,1,-1,-1,-1
308,7428,1142.45,372.39,133.45,391.69,1,-1,-1,-1
308,7430,1401.19,364.93,132.00,400.25,1,-1,-1,-1
308,7442,1206.00,370.54,137.26,385.35,1,-1,-1,-1
309,7428,1146.09,372.52,134.73,392.73,1,-1,-1,-1
309,7430,1401.72,364.49,134.49,402.42,1,-1,-1,-1
309,7442,1203.47,369.33,137.36,387.46,1,-1,-1,-1
310,7428,1147.11,372.53,135.72,393.17,1,-1,-1,-1
310,7430,1401.18,364.30,136.33,403.27,1,-1,-1,-1
310,7442,1202.74,368.83,137.08,388.34,1,-1,-1,-1
311,7428,1147.17,372.50,136.55,393.37,1,-1,-1,-1
311,7430,1400.31,364.22,137.81,403.61,1,-1,-1,-1
311,7442,1202.69,368.61,136.69,388.75,1,-1,-1,-1
312,7428,1146.88,372.47,137.27,393.48,1,-1,-1,-1
312,7430,1399.38,364.18,139.07,403.75,1,-1,-1,-1
312,7442,1202.86,368.50,136.28,388.97,1,-1,-1,-1
313,7428,1146.50,372.42,137.92,393.54,1,-1,-1,-1
313,7430,1398.50,364.15,140.18,403.81,1,-1,-1,-1
313,7442,1203.11,368.43,135.88,389.11,1,-1,-1,-1
314,7428,1146.10,372.39,138.50,393.59,1,-1,-1,-1
314,7430,1397.69,364.14,141.15,403.85,1,-1,-1,-1
314,7442,1203.37,368.38,135.52,389.21,1,-1,-1,-1
315,7428,1145.72,372.35,139.02,393.63,1,-1,-1,-1
315,7430,1396.95,364.12,142.02,403.87,1,-1,-1,-1
315,7442,1203.61,368.34,135.19,389.29,1,-1,-1,-1
316,7428,1147.83,372.91,138.82,393.05,1,-1,-1,-1
316,7430,1390.49,371.95,134.80,382.99,1,-1,-1,-1
316,7438,1495.84,382.18,134.96,361.82,1,-1,-1,-1
316,7442,1213.37,369.61,135.45,388.05,1,-1,-1,-1
317,7428,1155.58,381.58,134.64,372.08,1,-1,-1,-1
317,7430,1384.76,380.27,128.69,368.31,1,-1,-1,-1
317,7438,1509.74,388.49,135.39,353.74,1,-1,-1,-1
317,7442,1216.18,374.01,134.75,383.69,1,-1,-1,-1
318,7428,1156.55,383.64,135.68,367.18,1,-1,-1,-1
318,7430,1382.77,383.29,126.01,363.01,1,-1,-1,-1
318,7438,1513.86,390.83,136.52,350.78,1,-1,-1,-1
318,7442,1217.03,375.64,134.94,382.09,1,-1,-1,-1
319,7428,1156.10,384.33,137.56,365.53,1,-1,-1,-1
319,7430,1382.19,384.34,124.63,361.18,1,-1,-1,-1
319,7438,1514.41,391.70,137.72,349.72,1,-1,-1,-1
319,7442,1217.14,376.23,135.41,381.53,1,-1,-1,-1
320,7428,1155.22,384.55,139.57,364.99,1,-1,-1,-1
320,7430,1382.10,384.68,123.77,360.61,1,-1,-1,-1
320,7438,1513.73,392.02,138.80,349.38,1,-1,-1,-1
320,7442,1217.00,376.41,135.96,381.36,1,-1,-1,-1
321,7428,1154.23,384.59,141.50,364.87,1,-1,-1,-1
321,7430,1382.18,384.75,123.13,360.50,1,-1,-1,-1
321,7438,1512.70,392.13,139.72,349.30,1,-1,-1,-1
321,7442,1216.77,376.45,136.51,381.35,1,-1,-1,-1
322,7428,1153.28,384.56,143.28,364.89,1,-1,-1,-1
322,7430,1382.31,384.73,122.61,360.56,1,-1,-1,-1
322,7438,1511.64,392.15,140.50,349.32,1,-1,-1,-1
322,7442,1216.53,376.44,137.02,381.38,1,-1,-1,-1
323,7428,1152.39,384.52,144.90,364.97,1,-1,-1,-1
323,7430,1382.45,384.67,122.16,360.67,1,-1,-1,-1
323,7438,1510.65,392.15,141.15,349.37,1,-1,-1,-1
323,7442,1216.30,376.41,137.49,381.43,1,-1,-1,-1
324,7428,1151.58,384.48,146.36,365.06,1,-1,-1,-1
324,7430,1382.59,384.61,121.75,360.79,1,-1,-1,-1
324,7438,1509.76,392.15,141.71,349.43,1,-1,-1,-1
324,7442,1216.08,376.38,137.92,381.48,1,-1,-1,-1
325,7428,1153.12,385.25,145.75,363.53,1,-1,-1,-1
325,7430,1383.69,385.61,121.08,358.81,1,-1,-1,-1
325,7438,1506.77,384.27,143.96,352.10,1,-1,-1,-1
325,7442,1218.34,378.96,132.09,361.90,1,-1,-1,-1
326,7438,1505.08,381.30,145.39,353.14,1,-1,-1,-1
326,7442,1218.90,379.92,130.47,354.44,1,-1,-1,-1
327,7438,1503.93,380.19,146.43,353.55,1,-1,-1,-1
327,7442,1218.79,380.24,130.49,351.80,1,-1,-1,-1
328,7438,1503.05,379.79,147.27,353.72,1,-1,-1,-1
328,7442,1218.47,380.34,131.06,350.92,1,-1,-1,-1
329,7438,1502.31,379.67,147.98,353.79,1,-1,-1,-1
329,7442,1218.10,380.35,131.78,350.69,1,-1,-1,-1
330,7438,1501.68,379.64,148.60,353.83,1,-1,-1,-1
330,7442,1217.73,380.33,132.51,350.69,1,-1,-1,-1
331,7438,1501.11,379.66,149.14,353.85,1,-1,-1,-1
331,7442,1217.38,380.31,133.21,350.77,1,-1,-1,-1
332,7438,1500.61,379.68,149.63,353.87,1,-1,-1,-1
332,7442,1217.06,380.28,133.85,350.88,1,-1,-1,-1
333,7438,1500.16,379.71,150.06,353.88,1,-1,-1,-1
333,7442,1216.77,380.25,134.43,350.98,1,-1,-1,-1
334,7438,1498.56,383.66,147.62,352.59,1,-1,-1,-1
334,7442,1220.36,397.28,131.20,335.34,1,-1,-1,-1
335,7438,1498.32,385.16,145.73,352.11,1,-1,-1,-1
335,7442,1221.03,403.75,131.35,329.45,1,-1,-1,-1
336,7438,1498.58,385.74,144.14,351.93,1,-1,-1,-1
336,7442,1220.61,406.05,132.74,327.39,1,-1,-1,-1
337,7438,1498.99,385.95,142.75,351.88,1,-1,-1,-1
337,7442,1219.84,406.83,134.46,326.73,1,-1,-1,-1
338,7438,1499.43,386.03,141.51,351.86,1,-1,-1,-1
338,7442,1218.99,407.04,136.21,326.59,1,-1,-1,-1
339,7438,1499.85,386.05,140.40,351.87,1,-1,-1,-1
339,7442,1218.17,407.05,137.85,326.63,1,-1,-1,-1
340,7438,1500.24,386.06,139.40,351.88,1,-1,-1,-1
340,7442,1217.41,406.99,139.37,326.72,1,-1,-1,-1
341,7438,1500.60,386.06,138.50,351.89,1,-1,-1,-1
341,7442,1216.71,406.90,140.76,326.84,1,-1,-1,-1
342,7438,1500.92,386.05,137.69,351.90,1,-1,-1,-1
342,7442,1216.07,406.82,142.01,326.95,1,-1,-1,-1
343,7428,1127.86,409.89,137.33,326.10,1,-1,-1,-1
343,7430,1392.29,392.11,115.57,345.78,1,-1,-1,-1
343,7438,1503.62,395.19,130.84,338.84,1,-1,-1,-1
343,7442,1209.18,400.18,146.60,338.85,1,-1,-1,-1
343,7443,1722.00,470.00,58.00,200.00,1,-1,-1,-1
344,7428,1125.12,410.35,141.35,325.43,1,-1,-1,-1
344,7430,1392.74,392.19,114.83,345.63,1,-1,-1,-1
344,7438,1505.03,398.68,127.36,333.86,1,-1,-1,-1
344,7442,1206.77,397.69,148.00,343.32,1,-1,-1,-1
344,7443,1722.00,470.00,58.00,200.00,1,-1,-1,-1
345,7428,1124.37,411.56,140.54,323.54,1,-1,-1,-1
345,7430,1392.02,397.46,113.69,340.33,1,-1,-1,-1
345,7438,1506.28,399.83,126.72,332.18,1,-1,-1,-1
345,7442,1211.55,400.59,144.92,335.98,1,-1,-1,-1
345,7444,1652.00,384.00,120.00,334.00,1,-1,-1,-1
346,7430,1391.63,399.43,113.49,338.37,1,-1,-1,-1
346,7442,1213.39,401.70,143.77,333.15,1,-1,-1,-1
346,7444,1652.00,384.00,120.00,334.00,1,-1,-1,-1
347,7430,1391.37,400.14,113.62,337.67,1,-1,-1,-1
347,7442,1214.05,402.10,143.39,332.11,1,-1,-1,-1
347,7444,1652.00,384.00,120.00,334.00,1,-1,-1,-1
348,7430,1391.19,400.37,113.83,337.46,1,-1,-1,-1
348,7442,1214.28,402.23,143.30,331.74,1,-1,-1,-1
348,7444,1652.00,384.00,120.00,334.00,1,-1,-1,-1
349,7430,1391.04,400.43,114.06,337.41,1,-1,-1,-1
349,7442,1214.34,402.26,143.31,331.63,1,-1,-1,-1
349,7444,1652.00,384.00,120.00,334.00,1,-1,-1,-1
350,7430,1390.92,400.42,114.26,337.44,1,-1,-1,-1
350,7442,1214.34,402.26,143.35,331.62,1,-1,-1,-1
350,7444,1652.00,384.00,120.00,334.00,1,-1,-1,-1
351,7430,1390.82,400.39,114.45,337.48,1,-1,-1,-1
351,7442,1214.32,402.24,143.41,331.63,1,-1,-1,-1
351,7444,1652.00,384.00,120.00,334.00,1,-1,-1,-1
352,7430,1400.50,400.36,112.10,330.97,1,-1,-1,-1
352,7438,1493.36,400.37,121.47,320.02,1,-1,-1,-1
352,7442,1214.51,402.64,143.14,331.02,1,-1,-1,-1
352,7444,1657.60,384.00,119.74,334.00,1,-1,-1,-1
353,7430,1404.20,400.32,111.16,328.54,1,-1,-1,-1
353,7438,1492.75,400.31,120.79,319.48,1,-1,-1,-1
353,7444,1659.72,384.00,119.48,334.00,1,-1,-1,-1
354,7430,1405.57,400.29,110.76,327.68,1,-1,-1,-1
354,7438,1492.66,400.29,120.33,319.28,1,-1,-1,-1
354,7444,1660.55,384.00,119.23,334.00,1,-1,-1,-1
355,7430,1406.07,400.26,110.58,327.40,1,-1,-1,-1
355,7438,1492.72,400.28,120.00,319.24,1,-1,-1,-1
355,7444,1660.89,384.00,118.98,334.00,1,-1,-1,-1
356,7430,1406.24,400.24,110.47,327.34,1,-1,-1,-1
356,7438,1492.83,400.25,119.75,319.28,1,-1,-1,-1
356,7444,1661.06,384.00,118.74,334.00,1,-1,-1,-1
357,7430,1406.28,400.21,110.41,327.36,1,-1,-1,-1
357,7438,1492.95,400.23,119.55,319.34,1,-1,-1,-1
357,7444,1661.15,384.00,118.52,334.00,1,-1,-1,-1
358,7430,1406.28,400.19,110.36,327.41,1,-1,-1,-1
358,7438,1493.05,400.21,119.37,319.40,1,-1,-1,-1
358,7444,1661.23,384.00,118.30,334.00,1,-1,-1,-1
359,7430,1406.27,400.17,110.32,327.46,1,-1,-1,-1
359,7438,1493.15,400.19,119.22,319.45,1,-1,-1,-1
359,7444,1661.29,384.00,118.10,334.00,1,-1,-1,-1
360,7430,1406.25,400.16,110.28,327.51,1,-1,-1,-1
360,7438,1493.24,400.17,119.10,319.51,1,-1,-1,-1
360,7444,1661.35,384.00,117.92,334.00,1,-1,-1,-1
361,7430,1418.91,400.14,111.06,324.94,1,-1,-1,-1
361,7438,1493.04,400.44,118.80,318.71,1,-1,-1,-1
361,7442,1115.88,407.94,147.50,333.69,1,-1,-1,-1
361,7444,1661.85,384.00,117.92,334.00,1,-1,-1,-1
362,7430,1423.24,400.13,112.22,323.99,1,-1,-1,-1
362,7442,1110.22,408.14,150.00,333.87,1,-1,-1,-1
363,7430,1424.42,400.11,113.44,323.67,1,-1,-1,-1
363,7442,1107.72,408.22,151.93,333.93,1,-1,-1,-1
364,7430,1424.45,400.10,114.60,323.58,1,-1,-1,-1
364,7442,1106.52,408.23,153.48,333.95,1,-1,-1,-1
365,7430,1424.08,400.09,115.68,323.57,1,-1,-1,-1
365,7442,1105.90,408.22,154.76,333.96,1,-1,-1,-1
366,7430,1423.59,400.08,116.66,323.59,1,-1,-1,-1
366,7442,1105.53,408.21,155.83,333.97,1,-1,-1,-1
367,7430,1423.09,400.08,117.55,323.62,1,-1,-1,-1
367,7442,1105.28,408.19,156.75,333.97,1,-1,-1,-1
368,7430,1422.62,400.07,118.36,323.66,1,-1,-1,-1
368,7442,1105.10,408.17,157.54,333.98,1,-1,-1,-1
369,7430,1422.18,400.06,119.09,323.69,1,-1,-1,-1
369,7442,1104.96,408.15,158.22,333.98,1,-1,-1,-1
370,7430,1423.45,400.16,118.90,323.19,1,-1,-1,-1
370,7442,1095.15,404.22,163.83,347.04,1,-1,-1,-1
371,7442,1091.69,402.75,165.62,351.93,1,-1,-1,-1
372,7442,1090.61,402.18,166.03,353.79,1,-1,-1,-1
373,7442,1090.43,401.97,165.94,354.46,1,-1,-1,-1
374,7442,1090.58,401.89,165.67,354.67,1,-1,-1,-1
375,7442,1090.83,401.87,165.35,354.70,1,-1,-1,-1
376,7442,1091.10,401.87,165.05,354.67,1,-1,-1,-1
377,7442,1091.36,401.88,164.76,354.63,1,-1,-1,-1
378,7442,1091.61,401.89,164.50,354.57,1,-1,-1,-1
379,7442,1075.26,400.60,168.75,361.03,1,-1,-1,-1
379,7445,254.00,298.00,212.00,582.00,1,-1,-1,-1
380,7442,1068.80,400.11,171.03,363.45,1,-1,-1,-1
380,7445,254.00,298.00,212.00,582.00,1,-1,-1,-1
381,7442,1066.12,399.94,172.48,364.33,1,-1,-1,-1
381,7445,254.00,298.00,212.00,582.00,1,-1,-1,-1
382,7442,1064.94,399.88,173.55,364.62,1,-1,-1,-1
382,7445,254.00,298.00,212.00,582.00,1,-1,-1,-1
383,7442,1064.35,399.87,174.42,364.69,1,-1,-1,-1
383,7445,254.00,298.00,212.00,582.00,1,-1,-1,-1
384,7442,1064.01,399.87,175.17,364.67,1,-1,-1,-1
384,7445,254.00,298.00,212.00,582.00,1,-1,-1,-1
385,7442,1063.76,399.88,175.84,364.63,1,-1,-1,-1
385,7445,254.00,298.00,212.00,582.00,1,-1,-1,-1
386,7442,1063.57,399.89,176.44,364.58,1,-1,-1,-1
386,7445,254.00,298.00,212.00,582.00,1,-1,-1,-1
387,7442,1063.41,399.90,176.97,364.52,1,-1,-1,-1
387,7445,254.00,298.00,212.00,582.00,1,-1,-1,-1
388,7438,977.49,404.02,151.57,383.60,1,-1,-1,-1
388,7442,1056.60,386.87,185.58,384.03,1,-1,-1,-1
388,7445,254.00,298.00,212.00,582.00,1,-1,-1,-1
389,7438,958.64,404.15,152.51,385.98,1,-1,-1,-1
389,7442,1054.17,385.57,186.79,386.52,1,-1,-1,-1
397,7442,946.38,362.66,219.41,457.30,1,-1,-1,-1
398,7442,941.15,361.51,219.96,461.03,1,-1,-1,-1
399,7442,939.56,361.10,219.60,462.35,1,-1,-1,-1
400,7442,939.37,361.00,218.96,462.71,1,-1,-1,-1
401,7442,939.69,361.01,218.28,462.71,1,-1,-1,-1
402,7442,940.17,361.07,217.64,462.56,1,-1,-1,-1
403,7442,940.67,361.14,217.06,462.37,1,-1,-1,-1
404,7442,941.16,361.21,216.54,462.17,1,-1,-1,-1
405,7442,941.62,361.28,216.08,461.98,1,-1,-1,-1
406,7438,804.64,307.80,188.30,500.65,1,-1,-1,-1
406,7442,910.63,327.61,227.87,498.14,1,-1,-1,-1
406,7445,674.74,339.61,161.11,441.32,1,-1,-1,-1
407,7438,805.14,305.03,184.29,503.61,1,-1,-1,-1
407,7442,900.53,315.05,229.39,511.61,1,-1,-1,-1
407,7445,682.40,340.38,160.40,438.72,1,-1,-1,-1
408,7438,797.09,291.27,195.72,527.67,1,-1,-1,-1
408,7442,893.22,310.47,232.33,518.16,1,-1,-1,-1
408,7445,701.29,342.25,158.10,432.41,1,-1,-1,-1
409,7438,793.71,286.08,200.92,536.76,1,-1,-1,-1
410,7438,792.40,284.19,203.54,540.13,1,-1,-1,-1
411,7438,791.93,283.61,205.00,541.23,1,-1,-1,-1
412,7438,791.80,283.52,205.92,541.46,1,-1,-1,-1
413,7438,791.82,283.62,206.56,541.36,1,-1,-1,-1
414,7438,791.91,283.79,207.04,541.14,1,-1,-1,-1
415,7438,784.99,296.89,208.57,535.72,1,-1,-1,-1
416,7438,781.71,302.04,210.78,533.48,1,-1,-1,-1
417,7438,779.92,304.06,213.05,532.50,1,-1,-1,-1
418,7438,778.77,304.88,215.18,532.02,1,-1,-1,-1
419,7438,777.93,305.22,217.10,531.73,1,-1,-1,-1
420,7438,777.26,305.39,218.82,531.53,1,-1,-1,-1
421,7438,776.69,305.49,220.35,531.37,1,-1,-1,-1
422,7438,776.21,305.55,221.72,531.24,1,-1,-1,-1
423,7438,775.78,305.60,222.94,531.12,1,-1,-1,-1
424,7438,772.59,304.96,223.69,532.90,1,-1,-1,-1
433,7438,534.59,244.26,285.74,682.52,1,-1,-1,-1
434,7438,523.49,241.34,288.14,689.69,1,-1,-1,-1
435,7438,519.70,240.31,288.73,692.23,1,-1,-1,-1
436,7438,518.76,240.01,288.65,692.95,1,-1,-1,-1
437,7438,518.89,240.00,288.34,692.96,1,-1,-1,-1
438,7438,519.41,240.10,287.98,692.72,1,-1,-1,-1
439,7438,520.05,240.23,287.62,692.40,1,-1,-1,-1
440,7438,520.71,240.37,287.28,692.05,1,-1,-1,-1
441,7438,521.34,240.51,286.97,691.71,1,-1,-1,-1
442,7438,463.24,221.22,312.16,739.28,1,-1,-1,-1
442,7446,1078.00,394.00,154.00,356.00,1,-1,-1,-1
443,7438,440.03,214.01,324.60,757.07,1,-1,-1,-1
443,7446,1078.00,394.00,154.00,356.00,1,-1,-1,-1
444,7438,430.00,211.27,331.90,763.83,1,-1,-1,-1
444,7446,1078.00,394.00,154.00,356.00,1,-1,-1,-1
445,7438,425.42,210.32,336.83,766.15,1,-1,-1,-1
445,7446,1078.00,394.00,154.00,356.00,1,-1,-1,-1
446,7438,423.07,210.08,340.60,766.75,1,-1,-1,-1
446,7446,1078.00,394.00,154.00,356.00,1,-1,-1,-1
447,7438,421.65,210.10,343.71,766.71,1,-1,-1,-1
447,7446,1078.00,394.00,154.00,356.00,1,-1,-1,-1
448,7438,420.65,210.21,346.39,766.44,1,-1,-1,-1
448,7446,1078.00,394.00,154.00,356.00,1,-1,-1,-1
449,7438,419.87,210.34,348.76,766.10,1,-1,-1,-1
449,7446,1078.00,394.00,154.00,356.00,1,-1,-1,-1
450,7438,419.23,210.48,350.86,765.76,1,-1,-1,-1
450,7446,1078.00,394.00,154.00,356.00,1,-1,-1,-1
451,7438,283.27,226.18,355.07,771.91,1,-1,-1,-1
451,7446,1078.00,394.00,154.00,356.00,1,-1,-1,-1
452,7438,226.16,228.34,354.81,767.61,1,-1,-1,-1
453,7438,204.43,229.20,355.48,765.75,1,-1,-1,-1
454,7438,196.46,229.55,356.47,764.89,1,-1,-1,-1
455,7438,193.75,229.70,357.50,764.42,1,-1,-1,-1
456,7438,193.04,229.77,358.49,764.12,1,-1,-1,-1
457,7438,193.07,229.80,359.40,763.89,1,-1,-1,-1
458,7438,193.37,229.83,360.23,763.70,1,-1,-1,-1
459,7438,193.74,229.85,360.98,763.53,1,-1,-1,-1
460,7438,74.96,172.50,388.78,833.78,1,-1,-1,-1
460,7447,1194.00,384.00,176.00,274.00,1,-1,-1,-1
461,7438,26.75,139.94,401.32,871.12,1,-1,-1,-1
462,7438,9.50,127.06,403.61,885.80,1,-1,-1,-1
463,7438,4.70,122.22,402.02,891.24,1,-1,-1,-1
464,7438,4.66,120.59,399.13,893.01,1,-1,-1,-1
465,7438,6.30,120.19,395.95,893.37,1,-1,-1,-1
466,7438,8.44,120.25,392.86,893.21,1,-1,-1,-1
467,7438,10.63,120.47,389.98,892.87,1,-1,-1,-1
468,7438,12.73,120.75,387.34,892.49,1,-1,-1,-1
469,7438,-2.51,115.54,390.46,899.65,1,-1,-1,-1
469,7448,268.00,346.00,232.00,514.00,1,-1,-1,-1
470,7448,268.00,346.00,232.00,514.00,1,-1,-1,-1
471,7448,268.00,346.00,232.00,514.00,1,-1,-1,-1
472,7448,268.00,346.00,232.00,514.00,1,-1,-1,-1
473,7448,268.00,346.00,232.00,514.00,1,-1,-1,-1
474,7448,268.00,346.00,232.00,514.00,1,-1,-1,-1
475,7448,268.00,346.00,232.00,514.00,1,-1,-1,-1
476,7448,268.00,346.00,232.00,514.00,1,-1,-1,-1
477,7448,268.00,346.00,232.00,514.00,1,-1,-1,-1
478,7448,348.13,370.17,211.37,467.01,1,-1,-1,-1
479,7448,384.34,382.14,201.83,442.18,1,-1,-1,-1
480,7448,395.95,386.16,199.61,433.84,1,-1,-1,-1
481,7448,399.09,387.42,199.90,431.20,1,-1,-1,-1
482,7448,399.30,387.73,201.01,430.55,1,-1,-1,-1
483,7448,398.53,387.70,202.35,430.59,1,-1,-1,-1
484,7448,397.48,387.57,203.70,430.85,1,-1,-1,-1
485,7448,396.41,387.41,204.98,431.16,1,-1,-1,-1
486,7448,395.41,387.27,206.17,431.46,1,-1,-1,-1
487,7448,454.59,375.23,218.01,458.18,1,-1,-1,-1
488,7448,476.50,370.79,221.83,468.03,1,-1,-1,-1
489,7448,484.82,369.03,222.88,471.91,1,-1,-1,-1
490,7448,487.79,368.35,222.85,473.40,1,-1,-1,-1
491,7448,488.72,368.09,222.45,473.96,1,-1,-1,-1
492,7448,488.89,368.00,221.94,474.16,1,-1,-1,-1
493,7448,488.78,367.96,221.41,474.22,1,-1,-1,-1
494,7448,488.59,367.95,220.92,474.23,1,-1,-1,-1
495,7448,488.37,367.95,220.46,474.22,1,-1,-1,-1
496,7448,519.48,381.00,200.43,435.08,1,-1,-1,-1
497,7448,531.52,386.07,191.81,419.84,1,-1,-1,-1
498,7448,535.99,387.85,187.93,414.51,1,-1,-1,-1
499,7448,537.73,388.45,185.82,412.69,1,-1,-1,-1
500,7448,538.43,388.63,184.41,412.16,1,-1,-1,-1
501,7448,538.74,388.64,183.32,412.10,1,-1,-1,-1
502,7448,538.91,388.61,182.40,412.20,1,-1,-1,-1
503,7448,539.01,388.56,181.60,412.35,1,-1,-1,-1
504,7448,539.09,388.51,180.88,412.50,1,-1,-1,-1
505,7448,543.74,389.34,179.81,410.06,1,-1,-1,-1
514,7449,624.00,308.00,224.00,552.00,1,-1,-1,-1
515,7449,624.00,308.00,224.00,552.00,1,-1,-1,-1
516,7449,624.00,308.00,224.00,552.00,1,-1,-1,-1
517,7449,624.00,308.00,224.00,552.00,1,-1,-1,-1
518,7449,624.00,308.00,224.00,552.00,1,-1,-1,-1
519,7449,624.00,308.00,224.00,552.00,1,-1,-1,-1
520,7449,624.00,308.00,224.00,552.00,1,-1,-1,-1
521,7449,624.00,308.00,224.00,552.00,1,-1,-1,-1
522,7449,624.00,308.00,224.00,552.00,1,-1,-1,-1
523,7449,657.41,294.57,222.97,556.03,1,-1,-1,-1
524,7449,670.57,289.61,220.98,557.52,1,-1,-1,-1
525,7449,676.11,287.81,218.70,558.06,1,-1,-1,-1
