31,3726,376.00,153.00,73.00,153.00,1,-1,-1,-1
32,3726,376.00,153.00,73.00,153.00,1,-1,-1,-1
33,3726,376.00,153.00,73.00,153.00,1,-1,-1,-1
34,3726,376.00,153.00,73.00,153.00,1,-1,-1,-1
35,3726,376.00,153.00,73.00,153.00,1,-1,-1,-1
36,3726,376.00,153.00,73.00,153.00,1,-1,-1,-1
46,3727,437.00,172.00,34.00,86.00,1,-1,-1,-1
46,3728,379.00,169.00,39.00,92.00,1,-1,-1,-1
47,3727,437.00,172.00,34.00,86.00,1,-1,-1,-1
47,3728,379.00,169.00,39.00,92.00,1,-1,-1,-1
48,3727,437.00,172.00,34.00,86.00,1,-1,-1,-1
48,3728,379.00,169.00,39.00,92.00,1,-1,-1,-1
49,3727,437.00,172.00,34.00,86.00,1,-1,-1,-1
49,3728,379.00,169.00,39.00,92.00,1,-1,-1,-1
50,3727,437.00,172.00,34.00,86.00,1,-1,-1,-1
50,3728,379.00,169.00,39.00,92.00,1,-1,-1,-1
51,3727,437.00,172.00,34.00,86.00,1,-1,-1,-1
51,3728,379.00,169.00,39.00,92.00,1,-1,-1,-1
66,3728,378.36,166.03,41.27,98.94,1,-1,-1,-1
67,3728,378.59,165.95,40.83,99.11,1,-1,-1,-1
68,3728,378.78,165.93,40.47,99.17,1,-1,-1,-1
69,3728,378.93,165.92,40.16,99.18,1,-1,-1,-1
70,3728,379.06,165.93,39.90,99.17,1,-1,-1,-1
71,3728,377.78,167.23,40.50,99.16,1,-1,-1,-1
72,3728,377.16,167.74,41.01,99.15,1,-1,-1,-1
73,3728,376.80,167.92,41.45,99.13,1,-1,-1,-1
74,3728,376.56,168.00,41.83,99.12,1,-1,-1,-1
75,3728,376.38,168.02,42.16,99.11,1,-1,-1,-1
76,3728,376.25,168.08,42.24,99.28,1,-1,-1,-1
81,3729,442.00,172.00,31.00,81.00,1,-1,-1,-1
82,3729,442.00,172.00,31.00,81.00,1,-1,-1,-1
83,3729,442.00,172.00,31.00,81.00,1,-1,-1,-1
84,3729,442.00,172.00,31.00,81.00,1,-1,-1,-1
85,3729,442.00,172.00,31.00,81.00,1,-1,-1,-1
86,3728,376.23,177.69,38.61,88.43,1,-1,-1,-1
86,3729,442.00,172.00,31.00,81.00,1,-1,-1,-1
87,3728,375.91,178.08,39.12,87.96,1,-1,-1,-1
88,3728,375.64,178.22,39.60,87.80,1,-1,-1,-1
89,3728,375.43,178.26,40.02,87.75,1,-1,-1,-1
90,3728,375.25,178.25,40.38,87.75,1,-1,-1,-1
91,3728,375.25,178.68,40.18,87.33,1,-1,-1,-1
106,3728,378.06,179.08,41.74,96.79,1,-1,-1,-1
107,3728,379.03,179.07,40.01,97.07,1,-1,-1,-1
108,3728,379.71,179.06,38.72,97.16,1,-1,-1,-1
109,3728,380.21,179.06,37.74,97.19,1,-1,-1,-1
110,3728,380.60,179.05,36.96,97.19,1,-1,-1,-1
111,3728,380.67,179.13,37.08,97.51,1,-1,-1,-1
521,3730,493.00,400.00,69.00,158.00,1,-1,-1,-1
522,3730,493.00,400.00,69.00,158.00,1,-1,-1,-1
523,3730,493.00,400.00,69.00,158.00,1,-1,-1,-1
524,3730,493.00,400.00,69.00,158.00,1,-1,-1,-1
525,3730,493.00,400.00,69.00,158.00,1,-1,-1,-1
526,3730,493.00,400.00,69.00,158.00,1,-1,-1,-1
526,3731,428.00,388.00,66.00,166.00,1,-1,-1,-1
527,3731,428.00,388.00,66.00,166.00,1,-1,-1,-1
528,3730,432.74,389.36,71.64,165.09,1,-1,-1,-1
529,3730,424.75,387.92,71.62,166.05,1,-1,-1,-1
530,3730,422.25,387.44,71.32,166.37,1,-1,-1,-1
531,3730,413.96,385.98,71.74,167.34,1,-1,-1,-1
536,3732,269.00,384.00,93.00,146.00,1,-1,-1,-1
537,3732,269.00,384.00,93.00,146.00,1,-1,-1,-1
538,3730,285.65,383.60,67.36,147.38,1,-1,-1,-1
539,3730,277.84,383.65,70.13,146.11,1,-1,-1,-1
540,3730,274.10,383.62,72.70,145.70,1,-1,-1,-1
541,3730,262.66,382.91,72.23,144.76,1,-1,-1,-1
556,3730,164.08,356.19,80.90,157.67,1,-1,-1,-1
557,3730,161.26,355.52,82.57,158.06,1,-1,-1,-1
558,3730,160.11,355.30,83.71,158.19,1,-1,-1,-1
559,3730,159.68,355.26,84.53,158.23,1,-1,-1,-1
560,3730,159.56,355.28,85.16,158.23,1,-1,-1,-1
561,3730,157.15,350.79,87.23,167.31,1,-1,-1,-1
562,3730,156.99,349.12,86.63,170.70,1,-1,-1,-1
563,3730,157.67,348.51,85.29,172.00,1,-1,-1,-1
564,3730,158.57,348.32,83.80,172.46,1,-1,-1,-1
565,3730,159.47,348.29,82.39,172.60,1,-1,-1,-1
566,3730,160.65,344.44,88.83,191.37,1,-1,-1,-1
567,3730,161.79,343.00,89.77,198.34,1,-1,-1,-1
568,3730,162.97,342.48,88.97,201.08,1,-1,-1,-1
569,3730,164.06,342.31,87.59,202.08,1,-1,-1,-1
570,3730,165.04,342.29,86.09,202.38,1,-1,-1,-1
571,3730,157.99,339.75,88.31,212.68,1,-1,-1,-1
572,3730,155.94,338.80,87.95,216.57,1,-1,-1,-1
573,3730,155.73,338.47,86.76,218.00,1,-1,-1,-1
574,3730,156.20,338.38,85.34,218.47,1,-1,-1,-1
575,3730,156.87,338.38,83.93,218.55,1,-1,-1,-1
576,3730,153.97,335.19,85.33,222.37,1,-1,-1,-1
577,3730,152.94,334.00,85.81,223.76,1,-1,-1,-1
578,3730,152.63,333.57,85.93,224.22,1,-1,-1,-1
579,3730,152.59,333.44,85.92,224.31,1,-1,-1,-1
580,3730,152.66,333.43,85.87,224.27,1,-1,-1,-1
581,3730,150.78,332.46,86.67,226.36,1,-1,-1,-1
741,3733,265.00,192.00,32.00,83.00,1,-1,-1,-1
742,3733,265.00,192.00,32.00,83.00,1,-1,-1,-1
743,3733,265.00,192.00,32.00,83.00,1,-1,-1,-1
744,3733,265.00,192.00,32.00,83.00,1,-1,-1,-1
745,3733,265.00,192.00,32.00,83.00,1,-1,-1,-1
746,3733,265.00,192.00,32.00,83.00,1,-1,-1,-1
