31,24705,810.00,135.00,153.00,234.00,1,-1,-1,-1
31,24706,495.00,140.00,41.00,91.00,1,-1,-1,-1
32,24705,810.00,135.00,153.00,234.00,1,-1,-1,-1
32,24706,495.00,140.00,41.00,91.00,1,-1,-1,-1
33,24705,810.00,135.00,153.00,234.00,1,-1,-1,-1
33,24706,495.00,140.00,41.00,91.00,1,-1,-1,-1
34,24705,810.00,135.00,153.00,234.00,1,-1,-1,-1
34,24706,495.00,140.00,41.00,91.00,1,-1,-1,-1
35,24705,810.00,135.00,153.00,234.00,1,-1,-1,-1
35,24706,495.00,140.00,41.00,91.00,1,-1,-1,-1
36,24705,810.00,135.00,153.00,234.00,1,-1,-1,-1
36,24706,495.00,140.00,41.00,91.00,1,-1,-1,-1
37,24705,810.00,135.00,153.00,234.00,1,-1,-1,-1
37,24706,495.00,140.00,41.00,91.00,1,-1,-1,-1
38,24705,810.00,135.00,153.00,234.00,1,-1,-1,-1
38,24706,495.00,140.00,41.00,91.00,1,-1,-1,-1
39,24705,810.00,135.00,153.00,234.00,1,-1,-1,-1
39,24706,495.00,140.00,41.00,91.00,1,-1,-1,-1
40,24705,810.00,135.00,153.00,234.00,1,-1,-1,-1
40,24706,495.00,140.00,41.00,91.00,1,-1,-1,-1
41,24705,810.00,135.00,153.00,234.00,1,-1,-1,-1
41,24706,495.00,140.00,41.00,91.00,1,-1,-1,-1
41,24707,1059.00,143.00,160.00,220.00,1,-1,-1,-1
41,24708,589.00,138.00,105.00,228.00,1,-1,-1,-1
42,24707,1059.00,143.00,160.00,220.00,1,-1,-1,-1
42,24708,589.00,138.00,105.00,228.00,1,-1,-1,-1
43,24707,1059.00,143.00,160.00,220.00,1,-1,-1,-1
43,24708,589.00,138.00,105.00,228.00,1,-1,-1,-1
44,24707,1059.00,143.00,160.00,220.00,1,-1,-1,-1
44,24708,589.00,138.00,105.00,228.00,1,-1,-1,-1
45,24707,1059.00,143.00,160.00,220.00,1,-1,-1,-1
45,24708,589.00,138.00,105.00,228.00,1,-1,-1,-1
46,24707,1059.00,143.00,160.00,220.00,1,-1,-1,-1
46,24708,589.00,138.00,105.00,228.00,1,-1,-1,-1
47,24707,1059.00,143.00,160.00,220.00,1,-1,-1,-1
47,24708,589.00,138.00,105.00,228.00,1,-1,-1,-1
48,24707,1059.00,143.00,160.00,220.00,1,-1,-1,-1
48,24708,589.00,138.00,105.00,228.00,1,-1,-1,-1
49,24707,1059.00,143.00,160.00,220.00,1,-1,-1,-1
49,24708,589.00,138.00,105.00,228.00,1,-1,-1,-1
50,24707,1059.00,143.00,160.00,220.00,1,-1,-1,-1
50,24708,589.00,138.00,105.00,228.00,1,-1,-1,-1
51,24706,563.13,140.00,31.28,68.61,1,-1,-1,-1
51,24707,1059.00,143.00,160.00,220.00,1,-1,-1,-1
51,24708,589.00,138.00,105.00,228.00,1,-1,-1,-1
52,24706,565.46,140.00,31.20,67.80,1,-1,-1,-1
53,24706,566.26,140.00,31.28,67.50,1,-1,-1,-1
54,24706,566.37,140.00,31.43,67.44,1,-1,-1,-1
55,24706,566.22,140.00,31.60,67.46,1,-1,-1,-1
56,24706,566.01,140.00,31.75,67.51,1,-1,-1,-1
57,24706,565.79,140.00,31.89,67.56,1,-1,-1,-1
58,24706,565.60,140.00,32.01,67.61,1,-1,-1,-1
59,24706,565.42,140.00,32.11,67.65,1,-1,-1,-1
60,24706,565.27,140.00,32.20,67.69,1,-1,-1,-1
61,24706,564.93,139.34,35.35,74.32,1,-1,-1,-1
61,24709,605.00,140.00,41.00,79.00,1,-1,-1,-1
61,24710,960.00,118.00,133.00,249.00,1,-1,-1,-1
62,24706,564.80,139.10,36.49,76.74,1,-1,-1,-1
62,24709,605.00,140.00,41.00,79.00,1,-1,-1,-1
62,24710,960.00,118.00,133.00,249.00,1,-1,-1,-1
63,24706,564.70,139.01,36.93,77.69,1,-1,-1,-1
63,24707,942.46,118.50,172.56,248.42,1,-1,-1,-1
63,24709,605.00,140.00,41.00,79.00,1,-1,-1,-1
64,24706,564.62,138.97,37.10,78.05,1,-1,-1,-1
64,24707,941.45,117.67,167.15,249.38,1,-1,-1,-1
64,24709,605.00,140.00,41.00,79.00,1,-1,-1,-1
65,24706,564.56,138.96,37.15,78.18,1,-1,-1,-1
65,24707,942.41,117.38,162.64,249.71,1,-1,-1,-1
65,24709,605.00,140.00,41.00,79.00,1,-1,-1,-1
66,24706,564.50,138.96,37.16,78.21,1,-1,-1,-1
66,24707,943.97,117.31,158.89,249.80,1,-1,-1,-1
66,24709,605.00,140.00,41.00,79.00,1,-1,-1,-1
67,24706,564.46,138.96,37.15,78.21,1,-1,-1,-1
67,24707,945.59,117.33,155.76,249.78,1,-1,-1,-1
67,24709,605.00,140.00,41.00,79.00,1,-1,-1,-1
68,24706,564.42,138.97,37.14,78.20,1,-1,-1,-1
68,24707,947.10,117.37,153.11,249.73,1,-1,-1,-1
68,24709,605.00,140.00,41.00,79.00,1,-1,-1,-1
69,24706,564.38,138.97,37.13,78.19,1,-1,-1,-1
69,24707,948.46,117.42,150.85,249.67,1,-1,-1,-1
69,24709,605.00,140.00,41.00,79.00,1,-1,-1,-1
70,24706,564.34,138.97,37.12,78.17,1,-1,-1,-1
70,24707,949.66,117.47,148.90,249.62,1,-1,-1,-1
70,24709,605.00,140.00,41.00,79.00,1,-1,-1,-1
71,24706,562.08,138.97,39.61,82.71,1,-1,-1,-1
71,24707,945.54,116.62,149.49,250.60,1,-1,-1,-1
71,24709,615.23,140.67,41.23,79.67,1,-1,-1,-1
72,24706,561.14,138.98,40.74,84.40,1,-1,-1,-1
72,24709,619.06,140.92,41.25,79.92,1,-1,-1,-1
73,24706,560.67,138.98,41.33,85.05,1,-1,-1,-1
73,24709,620.49,141.01,41.19,80.01,1,-1,-1,-1
74,24706,560.40,138.98,41.70,85.27,1,-1,-1,-1
74,24709,621.01,141.04,41.10,80.04,1,-1,-1,-1
75,24706,560.23,138.98,41.97,85.34,1,-1,-1,-1
75,24709,621.18,141.04,41.01,80.04,1,-1,-1,-1
76,24706,560.09,138.98,42.18,85.34,1,-1,-1,-1
76,24709,621.22,141.04,40.93,80.04,1,-1,-1,-1
77,24706,559.98,138.98,42.36,85.33,1,-1,-1,-1
77,24709,621.22,141.04,40.84,80.04,1,-1,-1,-1
78,24706,559.89,138.99,42.52,85.30,1,-1,-1,-1
78,24709,621.20,141.04,40.77,80.04,1,-1,-1,-1
79,24706,559.80,138.99,42.67,85.28,1,-1,-1,-1
79,24709,621.18,141.03,40.70,80.03,1,-1,-1,-1
80,24706,559.73,138.99,42.79,85.25,1,-1,-1,-1
80,24709,621.16,141.03,40.63,80.03,1,-1,-1,-1
81,24706,559.82,138.97,43.00,85.65,1,-1,-1,-1
81,24709,621.91,141.08,40.66,80.08,1,-1,-1,-1
91,24706,618.95,139.96,43.89,89.02,1,-1,-1,-1
91,24711,801.00,150.00,53.00,122.00,1,-1,-1,-1
92,24706,621.80,140.00,43.35,89.12,1,-1,-1,-1
92,24711,801.00,150.00,53.00,122.00,1,-1,-1,-1
93,24706,622.93,140.02,42.90,89.16,1,-1,-1,-1
93,24711,801.00,150.00,53.00,122.00,1,-1,-1,-1
94,24706,623.37,140.02,42.54,89.17,1,-1,-1,-1
94,24711,801.00,150.00,53.00,122.00,1,-1,-1,-1
95,24706,623.51,140.02,42.23,89.16,1,-1,-1,-1
95,24711,801.00,150.00,53.00,122.00,1,-1,-1,-1
96,24706,623.54,140.02,41.97,89.15,1,-1,-1,-1
96,24711,801.00,150.00,53.00,122.00,1,-1,-1,-1
97,24706,623.53,140.02,41.75,89.13,1,-1,-1,-1
97,24711,801.00,150.00,53.00,122.00,1,-1,-1,-1
98,24706,623.50,140.02,41.56,89.12,1,-1,-1,-1
98,24711,801.00,150.00,53.00,122.00,1,-1,-1,-1
99,24706,623.46,140.02,41.39,89.11,1,-1,-1,-1
99,24711,801.00,150.00,53.00,122.00,1,-1,-1,-1
100,24706,623.42,140.02,41.25,89.10,1,-1,-1,-1
100,24711,801.00,150.00,53.00,122.00,1,-1,-1,-1
101,24706,619.85,140.67,44.92,94.96,1,-1,-1,-1
101,24711,801.00,150.00,53.00,122.00,1,-1,-1,-1
102,24706,618.25,140.91,46.82,97.14,1,-1,-1,-1
103,24706,617.34,141.00,48.00,97.98,1,-1,-1,-1
104,24706,616.76,141.03,48.85,98.28,1,-1,-1,-1
105,24706,616.33,141.04,49.51,98.37,1,-1,-1,-1
106,24706,615.98,141.04,50.08,98.38,1,-1,-1,-1
107,24706,615.68,141.04,50.57,98.36,1,-1,-1,-1
108,24706,615.42,141.04,51.01,98.34,1,-1,-1,-1
109,24706,615.19,141.04,51.40,98.31,1,-1,-1,-1
110,24706,614.98,141.03,51.75,98.28,1,-1,-1,-1
111,24706,615.41,141.09,51.98,98.73,1,-1,-1,-1
