3,1,304.00,150.00,56.00,178.00,1,-1,-1,-1
4,1,304.00,150.00,56.00,178.00,1,-1,-1,-1
5,1,306.49,150.00,52.53,167.49,1,-1,-1,-1
6,1,307.39,150.00,51.23,163.99,1,-1,-1,-1
7,1,309.84,139.62,59.78,191.26,1,-1,-1,-1
8,1,310.63,136.28,62.56,199.98,1,-1,-1,-1
9,1,316.76,139.11,65.06,205.83,1,-1,-1,-1
10,1,318.85,140.33,66.41,207.85,1,-1,-1,-1
11,1,333.66,143.52,68.92,213.64,1,-1,-1,-1
11,2,456.00,214.00,24.00,64.00,1,-1,-1,-1
12,1,339.02,144.78,70.24,215.69,1,-1,-1,-1
12,2,456.00,214.00,24.00,64.00,1,-1,-1,-1
13,1,349.13,133.61,75.18,230.59,1,-1,-1,-1
14,1,352.88,129.38,77.09,236.17,1,-1,-1,-1
15,1,359.05,125.20,80.86,252.23,1,-1,-1,-1
16,1,361.81,123.62,81.41,258.36,1,-1,-1,-1
17,1,366.15,121.44,83.52,265.05,1,-1,-1,-1
21,1,426.05,64.65,109.68,346.45,1,-1,-1,-1
22,1,432.20,58.49,112.84,355.02,1,-1,-1,-1
23,1,444.30,33.65,124.41,391.97,1,-1,-1,-1
23,3,190.00,170.00,60.00,160.00,1,-1,-1,-1
24,1,449.05,24.01,128.80,406.31,1,-1,-1,-1
24,3,190.00,170.00,60.00,160.00,1,-1,-1,-1
25,1,452.72,26.43,132.78,416.82,1,-1,-1,-1
25,3,188.92,165.50,62.17,166.00,1,-1,-1,-1
26,1,453.85,27.59,134.60,420.73,1,-1,-1,-1
26,3,188.60,164.00,62.81,168.01,1,-1,-1,-1
27,1,460.57,21.83,138.22,432.06,1,-1,-1,-1
27,3,183.10,165.00,63.80,171.43,1,-1,-1,-1
28,3,181.29,165.42,63.90,172.55,1,-1,-1,-1
29,3,175.99,160.14,67.87,185.16,1,-1,-1,-1
30,3,174.36,158.24,68.78,189.67,1,-1,-1,-1
31,3,161.96,136.57,77.06,212.25,1,-1,-1,-1
32,3,157.28,128.45,80.23,220.71,1,-1,-1,-1
33,3,153.63,124.05,82.59,227.20,1,-1,-1,-1
37,3,85.81,74.32,122.58,336.75,1,-1,-1,-1
38,3,72.14,67.86,130.05,354.47,1,-1,-1,-1
39,3,56.06,44.54,143.11,392.18,1,-1,-1,-1
40,3,49.86,35.21,147.90,407.24,1,-1,-1,-1
41,3,25.68,21.72,156.57,433.99,1,-1,-1,-1
42,3,16.36,16.40,159.42,444.54,1,-1,-1,-1
43,3,-3.45,9.50,161.92,460.82,1,-1,-1,-1
44,3,-10.31,6.90,161.09,467.05,1,-1,-1,-1
45,3,-19.65,-0.51,165.93,481.07,1,-1,-1,-1
67,3,84.43,158.90,62.13,177.48,1,-1,-1,-1
68,3,90.90,165.95,57.97,164.09,1,-1,-1,-1
69,3,88.19,171.98,57.61,162.03,1,-1,-1,-1
70,3,87.14,173.22,57.93,162.19,1,-1,-1,-1
71,3,87.20,177.25,56.52,158.24,1,-1,-1,-1
75,3,24.04,133.87,82.90,238.96,1,-1,-1,-1
76,3,19.90,130.83,83.12,244.97,1,-1,-1,-1
77,3,10.96,126.29,86.46,254.80,1,-1,-1,-1
91,4,382.00,178.00,36.00,150.00,1,-1,-1,-1
92,4,382.00,178.00,36.00,150.00,1,-1,-1,-1
93,4,384.43,175.00,37.15,154.50,1,-1,-1,-1
93,5,464.00,182.00,38.00,150.00,1,-1,-1,-1
93,6,400.00,170.00,42.00,164.00,1,-1,-1,-1
94,4,385.20,174.00,37.61,156.00,1,-1,-1,-1
94,5,464.00,182.00,38.00,150.00,1,-1,-1,-1
94,6,400.00,170.00,42.00,164.00,1,-1,-1,-1
95,4,400.24,169.42,39.61,163.59,1,-1,-1,-1
95,7,498.00,196.00,46.00,142.00,1,-1,-1,-1
96,4,405.38,167.86,40.44,166.18,1,-1,-1,-1
96,7,498.00,196.00,46.00,142.00,1,-1,-1,-1
97,4,412.47,167.37,43.49,177.85,1,-1,-1,-1
97,7,503.15,194.50,49.20,151.01,1,-1,-1,-1
98,4,414.90,167.23,44.75,182.07,1,-1,-1,-1
98,7,504.73,194.00,50.55,154.01,1,-1,-1,-1
99,4,420.80,163.33,47.90,193.99,1,-1,-1,-1
99,7,504.25,176.86,58.49,178.96,1,-1,-1,-1
100,4,422.89,161.87,49.23,198.45,1,-1,-1,-1
100,7,504.19,170.86,61.06,187.69,1,-1,-1,-1
101,4,441.85,163.93,51.60,203.86,1,-1,-1,-1
101,7,532.36,180.40,61.44,186.86,1,-1,-1,-1
102,4,448.82,164.78,53.10,205.82,1,-1,-1,-1
102,7,543.35,184.48,61.84,186.06,1,-1,-1,-1
103,4,454.87,163.66,54.36,210.71,1,-1,-1,-1
103,7,548.94,182.61,63.85,192.09,1,-1,-1,-1
119,8,448.00,180.00,48.00,142.00,1,-1,-1,-1
121,9,452.00,184.00,48.00,136.00,1,-1,-1,-1
122,9,452.00,184.00,48.00,136.00,1,-1,-1,-1
123,9,454.28,161.48,56.95,161.52,1,-1,-1,-1
124,9,455.07,153.98,59.88,170.03,1,-1,-1,-1
125,9,457.88,161.10,59.76,170.02,1,-1,-1,-1
126,9,458.96,164.37,59.43,169.44,1,-1,-1,-1
127,9,458.95,160.40,62.61,178.35,1,-1,-1,-1
128,9,458.91,159.01,63.77,181.51,1,-1,-1,-1
129,9,458.59,162.53,63.33,181.17,1,-1,-1,-1
129,10,486.00,150.00,64.00,204.00,1,-1,-1,-1
130,9,474.65,153.55,68.63,197.83,1,-1,-1,-1
130,10,464.62,163.71,57.05,181.71,1,-1,-1,-1
131,9,482.09,152.73,71.50,206.55,1,-1,-1,-1
132,9,485.07,152.52,72.47,209.84,1,-1,-1,-1
133,9,490.39,148.71,74.50,214.74,1,-1,-1,-1
134,9,492.30,147.29,75.43,216.48,1,-1,-1,-1
135,9,495.31,144.73,77.43,222.21,1,-1,-1,-1
137,11,84.00,178.00,46.00,154.00,1,-1,-1,-1
138,11,84.00,178.00,46.00,154.00,1,-1,-1,-1
157,12,136.00,182.00,52.00,146.00,1,-1,-1,-1
158,12,136.00,182.00,52.00,146.00,1,-1,-1,-1
159,12,132.82,180.50,52.35,146.00,1,-1,-1,-1
160,12,131.61,180.00,52.78,146.00,1,-1,-1,-1
161,12,126.99,172.62,57.12,157.59,1,-1,-1,-1
162,12,125.38,170.12,58.72,161.52,1,-1,-1,-1
163,12,101.26,166.60,61.95,172.31,1,-1,-1,-1
163,13,126.00,170.00,62.00,168.00,1,-1,-1,-1
164,9,132.55,168.84,60.41,170.57,1,-1,-1,-1
164,12,92.59,165.35,62.64,176.23,1,-1,-1,-1
165,9,122.63,169.98,61.53,178.59,1,-1,-1,-1
165,12,86.87,166.28,64.05,181.49,1,-1,-1,-1
166,9,119.62,170.30,60.62,179.25,1,-1,-1,-1
166,12,85.01,166.71,64.25,183.38,1,-1,-1,-1
167,9,116.92,163.30,63.76,188.01,1,-1,-1,-1
167,12,79.64,157.87,68.84,195.62,1,-1,-1,-1
168,9,116.35,160.78,64.96,191.16,1,-1,-1,-1
168,12,77.59,154.54,70.74,200.21,1,-1,-1,-1
169,9,91.18,155.81,68.83,201.76,1,-1,-1,-1
169,12,46.52,152.02,71.06,204.41,1,-1,-1,-1
169,14,544.00,180.00,50.00,152.00,1,-1,-1,-1
170,9,82.05,154.01,70.37,205.61,1,-1,-1,-1
170,12,34.81,151.11,70.48,205.91,1,-1,-1,-1
170,14,544.00,180.00,50.00,152.00,1,-1,-1,-1
171,9,76.66,145.50,76.89,225.39,1,-1,-1,-1
171,12,26.96,148.75,72.05,210.50,1,-1,-1,-1
172,9,74.80,142.33,79.20,232.77,1,-1,-1,-1
173,9,69.02,151.40,78.16,229.12,1,-1,-1,-1
174,9,67.10,155.14,77.75,227.40,1,-1,-1,-1
175,9,59.18,154.06,79.13,231.43,1,-1,-1,-1
177,12,-8.08,106.47,111.42,331.77,1,-1,-1,-1
178,12,-9.45,103.32,112.71,340.95,1,-1,-1,-1
179,12,-16.30,99.21,116.19,351.47,1,-1,-1,-1
191,9,47.54,159.49,58.68,174.73,1,-1,-1,-1
192,9,49.56,159.91,57.12,172.17,1,-1,-1,-1
193,9,44.61,153.02,59.85,181.23,1,-1,-1,-1
194,9,43.01,150.66,60.67,184.36,1,-1,-1,-1
195,9,40.64,149.44,60.77,184.67,1,-1,-1,-1
199,9,0.82,145.88,68.96,211.75,1,-1,-1,-1
200,9,-2.50,145.58,69.21,214.20,1,-1,-1,-1
201,9,-7.70,144.56,70.11,217.00,1,-1,-1,-1
247,15,358.00,186.00,44.00,146.00,1,-1,-1,-1
248,15,358.00,186.00,44.00,146.00,1,-1,-1,-1
249,15,366.25,196.51,41.02,135.49,1,-1,-1,-1
250,15,368.91,200.01,40.18,131.99,1,-1,-1,-1
251,15,377.28,191.96,42.48,138.55,1,-1,-1,-1
252,15,379.78,189.29,43.48,140.74,1,-1,-1,-1
253,15,395.09,175.89,51.86,167.79,1,-1,-1,-1
254,15,400.52,171.18,54.82,177.27,1,-1,-1,-1
255,15,415.40,166.81,56.91,184.81,1,-1,-1,-1
256,15,421.20,165.17,57.53,187.61,1,-1,-1,-1
257,15,437.88,159.51,63.04,202.62,1,-1,-1,-1
257,16,214.00,180.00,48.00,150.00,1,-1,-1,-1
258,15,443.93,157.37,65.72,208.33,1,-1,-1,-1
258,16,214.00,180.00,48.00,150.00,1,-1,-1,-1
259,15,457.04,150.30,67.58,210.40,1,-1,-1,-1
259,16,197.45,163.49,55.57,174.02,1,-1,-1,-1
260,15,461.67,147.59,68.91,211.01,1,-1,-1,-1
260,16,192.00,157.98,57.97,182.03,1,-1,-1,-1
261,15,469.52,144.22,70.70,216.49,1,-1,-1,-1
261,16,180.63,143.91,61.58,192.77,1,-1,-1,-1
262,16,176.52,138.85,62.98,196.46,1,-1,-1,-1
263,16,161.98,138.60,70.07,218.67,1,-1,-1,-1
264,16,156.58,138.55,72.69,226.94,1,-1,-1,-1
265,16,149.33,133.26,75.79,236.62,1,-1,-1,-1
267,16,95.78,109.13,98.64,306.36,1,-1,-1,-1
268,16,85.93,104.72,103.18,318.91,1,-1,-1,-1
269,16,58.50,80.83,112.73,349.63,1,-1,-1,-1
270,16,47.74,71.35,116.28,361.78,1,-1,-1,-1
271,16,11.28,59.00,126.78,399.68,1,-1,-1,-1
272,16,-2.68,54.12,129.95,414.68,1,-1,-1,-1
273,16,-15.66,46.51,134.96,430.67,1,-1,-1,-1
313,17,32.00,160.00,56.00,170.00,1,-1,-1,-1
314,17,32.00,160.00,56.00,170.00,1,-1,-1,-1
317,18,8.00,152.00,44.00,200.00,1,-1,-1,-1
318,18,8.00,152.00,44.00,200.00,1,-1,-1,-1
327,19,22.00,172.00,94.00,152.00,1,-1,-1,-1
328,19,22.00,172.00,94.00,152.00,1,-1,-1,-1
329,19,14.42,170.50,101.65,165.51,1,-1,-1,-1
330,19,12.24,170.00,103.51,170.01,1,-1,-1,-1
331,19,15.54,172.66,100.38,167.14,1,-1,-1,-1
332,19,17.41,173.66,98.07,165.79,1,-1,-1,-1
333,19,18.79,174.01,95.88,165.19,1,-1,-1,-1
334,19,19.94,174.12,93.82,164.88,1,-1,-1,-1
335,19,15.52,174.15,96.02,174.13,1,-1,-1,-1
336,19,14.92,174.15,94.79,177.49,1,-1,-1,-1
337,19,7.03,167.60,97.93,190.46,1,-1,-1,-1
338,19,5.26,165.12,96.70,195.32,1,-1,-1,-1
339,19,2.91,164.43,98.58,199.12,1,-1,-1,-1
343,20,124.00,184.00,80.00,152.00,1,-1,-1,-1
344,20,124.00,184.00,80.00,152.00,1,-1,-1,-1
345,20,112.37,165.99,94.25,180.52,1,-1,-1,-1
346,20,108.90,159.98,98.20,190.03,1,-1,-1,-1
347,20,96.77,151.26,105.17,206.67,1,-1,-1,-1
348,20,92.94,148.16,106.37,212.65,1,-1,-1,-1
349,20,87.36,142.14,111.48,222.86,1,-1,-1,-1
355,20,-18.21,76.51,183.20,378.01,1,-1,-1,-1
356,20,-23.79,71.72,183.59,389.69,1,-1,-1,-1
357,20,-34.59,63.67,191.57,406.62,1,-1,-1,-1
391,21,90.00,180.00,68.00,146.00,1,-1,-1,-1
392,21,90.00,180.00,68.00,146.00,1,-1,-1,-1
393,21,82.75,167.99,73.50,158.01,1,-1,-1,-1
394,21,80.38,163.99,75.23,162.01,1,-1,-1,-1
395,21,72.27,161.40,79.31,171.64,1,-1,-1,-1
396,21,69.59,160.61,80.40,174.96,1,-1,-1,-1
397,21,48.27,165.87,78.78,173.26,1,-1,-1,-1
398,21,40.60,168.03,77.50,172.36,1,-1,-1,-1
399,21,32.55,158.25,83.86,187.87,1,-1,-1,-1
400,21,29.85,154.67,85.76,193.53,1,-1,-1,-1
401,21,22.96,143.05,93.50,217.45,1,-1,-1,-1
402,21,21.29,138.61,94.56,226.59,1,-1,-1,-1
403,21,14.10,130.64,99.65,245.17,1,-1,-1,-1
404,21,12.15,127.53,100.02,252.41,1,-1,-1,-1
405,21,6.05,123.72,103.13,260.28,1,-1,-1,-1
467,22,294.00,216.00,30.00,96.00,1,-1,-1,-1
468,22,294.00,216.00,30.00,96.00,1,-1,-1,-1
483,23,366.00,190.00,56.00,138.00,1,-1,-1,-1
484,23,366.00,190.00,56.00,138.00,1,-1,-1,-1
487,24,386.00,152.00,72.00,198.00,1,-1,-1,-1
487,25,328.00,238.00,16.00,54.00,1,-1,-1,-1
488,24,386.00,152.00,72.00,198.00,1,-1,-1,-1
488,25,328.00,238.00,16.00,54.00,1,-1,-1,-1
489,24,399.68,159.51,71.65,198.00,1,-1,-1,-1
489,25,328.02,235.00,17.45,58.50,1,-1,-1,-1
490,24,404.40,162.01,71.22,198.00,1,-1,-1,-1
490,25,327.97,234.00,18.05,60.00,1,-1,-1,-1
491,24,430.52,156.90,79.41,222.63,1,-1,-1,-1
491,25,328.18,235.11,17.79,59.04,1,-1,-1,-1
491,26,340.00,232.00,16.00,60.00,1,-1,-1,-1
492,24,439.60,155.16,81.61,230.94,1,-1,-1,-1
492,25,328.24,235.58,17.68,58.59,1,-1,-1,-1
492,26,340.00,232.00,16.00,60.00,1,-1,-1,-1
493,24,449.27,155.32,83.94,237.54,1,-1,-1,-1
493,25,327.19,235.77,17.03,57.01,1,-1,-1,-1
494,25,326.85,235.85,16.67,56.41,1,-1,-1,-1
495,25,326.67,235.67,16.72,56.55,1,-1,-1,-1
509,27,44.00,196.00,46.00,140.00,1,-1,-1,-1
510,27,44.00,196.00,46.00,140.00,1,-1,-1,-1
511,27,41.37,193.00,48.26,147.51,1,-1,-1,-1
511,28,142.00,190.00,52.00,132.00,1,-1,-1,-1
512,27,40.59,192.00,48.81,150.01,1,-1,-1,-1
512,28,142.00,190.00,52.00,132.00,1,-1,-1,-1
513,27,32.58,186.02,53.18,163.52,1,-1,-1,-1
514,27,29.80,183.95,54.67,168.21,1,-1,-1,-1
515,27,27.16,181.78,56.32,173.26,1,-1,-1,-1
515,29,132.00,180.00,50.00,146.00,1,-1,-1,-1
516,29,132.00,180.00,50.00,146.00,1,-1,-1,-1
519,30,94.00,178.00,56.00,150.00,1,-1,-1,-1
520,30,95.19,179.71,55.34,148.29,1,-1,-1,-1
521,30,93.59,172.46,57.30,154.03,1,-1,-1,-1
522,30,93.14,170.05,57.79,155.94,1,-1,-1,-1
523,30,85.72,163.64,59.63,162.22,1,-1,-1,-1
524,30,83.32,161.48,59.88,164.34,1,-1,-1,-1
525,30,81.02,158.40,60.87,167.08,1,-1,-1,-1
529,30,33.36,136.81,73.27,205.59,1,-1,-1,-1
530,30,29.66,134.86,73.02,209.12,1,-1,-1,-1
531,30,28.89,148.27,68.03,197.56,1,-1,-1,-1
532,30,29.13,153.81,65.51,192.68,1,-1,-1,-1
533,30,23.87,152.03,66.62,195.95,1,-1,-1,-1
545,30,136.91,174.53,55.21,158.57,1,-1,-1,-1
546,30,137.62,169.55,57.94,161.06,1,-1,-1,-1
546,31,342.00,188.00,70.00,142.00,1,-1,-1,-1
547,30,134.67,172.59,56.16,154.73,1,-1,-1,-1
548,30,133.30,173.70,55.72,152.45,1,-1,-1,-1
549,30,124.67,159.17,64.81,174.73,1,-1,-1,-1
549,32,346.00,182.00,64.00,146.00,1,-1,-1,-1
550,30,121.41,154.08,68.53,182.52,1,-1,-1,-1
550,32,346.00,182.00,64.00,146.00,1,-1,-1,-1
551,30,115.67,149.50,71.02,192.04,1,-1,-1,-1
551,32,343.49,179.00,66.01,150.50,1,-1,-1,-1
551,33,92.00,134.00,66.00,222.00,1,-1,-1,-1
552,30,113.67,147.76,71.43,195.70,1,-1,-1,-1
552,32,342.64,178.00,66.72,152.00,1,-1,-1,-1
552,33,92.00,134.00,66.00,222.00,1,-1,-1,-1
553,30,113.51,145.65,72.59,198.87,1,-1,-1,-1
553,32,348.40,179.15,66.38,151.00,1,-1,-1,-1
553,33,88.61,117.49,72.78,244.52,1,-1,-1,-1
554,32,350.43,179.61,66.29,150.56,1,-1,-1,-1
554,33,87.44,111.98,75.13,252.02,1,-1,-1,-1
555,32,354.04,183.94,65.92,147.60,1,-1,-1,-1
555,33,86.31,106.45,77.37,259.56,1,-1,-1,-1
556,32,354.99,185.52,66.38,146.49,1,-1,-1,-1
557,32,353.93,177.91,67.87,151.54,1,-1,-1,-1
557,33,27.75,80.17,99.95,331.86,1,-1,-1,-1
558,32,353.77,175.14,67.88,153.37,1,-1,-1,-1
558,33,18.57,75.90,104.39,343.05,1,-1,-1,-1
559,32,357.65,176.76,66.51,151.39,1,-1,-1,-1
559,33,1.94,56.71,116.08,382.49,1,-1,-1,-1
560,32,359.23,177.41,65.69,150.61,1,-1,-1,-1
560,33,-4.38,49.27,120.40,397.77,1,-1,-1,-1
561,32,359.66,180.32,64.28,150.30,1,-1,-1,-1
561,33,-14.46,40.75,125.81,415.66,1,-1,-1,-1
561,34,398.00,186.00,54.00,152.00,1,-1,-1,-1
562,32,360.14,181.42,63.03,150.18,1,-1,-1,-1
562,34,398.00,186.00,54.00,152.00,1,-1,-1,-1
563,32,363.83,184.47,62.06,150.12,1,-1,-1,-1
563,34,395.99,189.00,55.03,155.00,1,-1,-1,-1
564,32,365.44,185.61,61.17,150.09,1,-1,-1,-1
564,34,395.33,190.00,55.33,156.00,1,-1,-1,-1
565,32,370.12,187.34,60.50,147.45,1,-1,-1,-1
565,34,394.65,191.01,55.69,157.01,1,-1,-1,-1
566,32,371.74,187.98,60.45,146.45,1,-1,-1,-1
567,32,370.09,190.84,63.52,152.66,1,-1,-1,-1
568,32,369.31,191.88,64.94,154.97,1,-1,-1,-1
569,32,367.96,187.07,67.50,159.73,1,-1,-1,-1
570,32,367.26,185.21,68.77,161.54,1,-1,-1,-1
571,32,366.44,179.31,70.30,167.37,1,-1,-1,-1
572,32,366.37,177.06,70.35,169.57,1,-1,-1,-1
573,32,368.57,174.91,72.28,175.53,1,-1,-1,-1
573,34,453.74,203.89,55.70,156.20,1,-1,-1,-1
574,32,369.55,174.09,72.71,177.78,1,-1,-1,-1
574,34,456.08,204.39,55.94,156.13,1,-1,-1,-1
575,32,370.11,171.23,73.75,182.45,1,-1,-1,-1
575,34,459.11,204.58,56.98,157.44,1,-1,-1,-1
576,32,370.54,170.14,73.67,184.20,1,-1,-1,-1
576,34,459.96,204.62,57.66,157.92,1,-1,-1,-1
577,32,371.12,169.29,74.50,186.28,1,-1,-1,-1
577,34,464.16,205.71,57.78,158.26,1,-1,-1,-1
579,32,384.35,166.29,77.67,188.44,1,-1,-1,-1
580,32,385.80,165.78,79.82,188.79,1,-1,-1,-1
581,32,389.99,166.90,82.28,190.21,1,-1,-1,-1
582,32,391.07,167.34,84.14,190.71,1,-1,-1,-1
583,32,395.26,179.17,84.90,192.14,1,-1,-1,-1
583,34,496.49,210.14,65.61,178.79,1,-1,-1,-1
584,32,396.78,183.72,85.24,192.64,1,-1,-1,-1
584,34,498.30,210.37,66.38,180.17,1,-1,-1,-1
585,32,394.43,169.92,91.09,210.90,1,-1,-1,-1
585,34,502.82,211.25,67.00,181.84,1,-1,-1,-1
586,32,394.20,164.77,91.98,217.71,1,-1,-1,-1
587,32,395.57,163.92,93.35,220.96,1,-1,-1,-1
589,35,366.00,170.00,46.00,150.00,1,-1,-1,-1
590,35,366.00,170.00,46.00,150.00,1,-1,-1,-1
593,32,415.74,132.31,104.21,262.11,1,-1,-1,-1
593,36,408.00,152.00,58.00,196.00,1,-1,-1,-1
593,37,366.00,176.00,46.00,138.00,1,-1,-1,-1
594,32,419.55,129.94,100.10,264.94,1,-1,-1,-1
594,36,408.00,152.00,58.00,196.00,1,-1,-1,-1
594,37,366.00,176.00,46.00,138.00,1,-1,-1,-1
595,32,424.39,130.36,95.50,259.57,1,-1,-1,-1
595,37,361.68,176.00,50.13,150.01,1,-1,-1,-1
595,38,464.00,118.00,110.00,300.00,1,-1,-1,-1
596,32,426.76,130.61,92.57,257.33,1,-1,-1,-1
596,37,360.18,176.00,51.64,154.01,1,-1,-1,-1
596,38,464.00,118.00,110.00,300.00,1,-1,-1,-1
597,32,445.60,134.64,81.22,221.53,1,-1,-1,-1
597,37,356.10,168.98,53.74,159.41,1,-1,-1,-1
597,38,469.46,118.00,114.09,313.51,1,-1,-1,-1
598,32,448.99,133.01,81.35,221.90,1,-1,-1,-1
598,37,353.21,163.70,56.03,163.92,1,-1,-1,-1
598,38,467.78,115.10,115.19,319.46,1,-1,-1,-1
599,37,347.90,161.80,60.09,173.46,1,-1,-1,-1
599,38,467.45,115.49,114.72,322.70,1,-1,-1,-1
600,37,345.69,161.16,62.13,176.92,1,-1,-1,-1
600,38,467.93,115.68,113.23,323.59,1,-1,-1,-1
601,37,338.21,159.70,69.76,196.32,1,-1,-1,-1
601,38,471.49,117.14,109.93,318.21,1,-1,-1,-1
602,37,335.12,159.16,73.20,203.62,1,-1,-1,-1
602,38,473.25,117.70,107.73,316.05,1,-1,-1,-1
603,37,332.12,157.34,75.61,210.34,1,-1,-1,-1
603,38,473.56,115.20,108.89,323.29,1,-1,-1,-1
604,38,474.07,114.29,108.46,325.89,1,-1,-1,-1
605,38,474.48,113.87,109.26,328.29,1,-1,-1,-1
607,37,280.66,102.56,113.65,309.95,1,-1,-1,-1
607,38,473.58,75.07,109.69,333.86,1,-1,-1,-1
608,37,274.18,96.57,119.59,320.69,1,-1,-1,-1
608,38,473.98,68.92,108.69,334.75,1,-1,-1,-1
609,37,253.64,79.44,133.33,349.42,1,-1,-1,-1
609,38,474.11,64.50,109.45,337.08,1,-1,-1,-1
610,37,244.67,72.65,140.41,360.78,1,-1,-1,-1
611,37,205.03,37.92,169.77,440.40,1,-1,-1,-1
612,37,190.12,24.40,180.16,471.38,1,-1,-1,-1
613,37,174.63,10.30,183.67,485.52,1,-1,-1,-1
614,37,168.92,4.66,183.99,490.88,1,-1,-1,-1
615,37,133.27,7.57,182.63,478.91,1,-1,-1,-1
616,37,118.51,9.00,183.37,473.55,1,-1,-1,-1
617,37,63.51,0.84,200.00,501.60,1,-1,-1,-1
618,37,40.96,-2.25,209.56,512.25,1,-1,-1,-1
619,37,27.61,-8.81,215.33,526.38,1,-1,-1,-1
627,39,234.00,198.00,44.00,128.00,1,-1,-1,-1
628,39,234.00,198.00,44.00,128.00,1,-1,-1,-1
629,39,233.29,190.49,46.92,137.01,1,-1,-1,-1
630,39,233.14,187.99,47.73,140.01,1,-1,-1,-1
631,39,229.16,183.02,48.76,143.71,1,-1,-1,-1
632,39,227.83,181.36,48.91,144.90,1,-1,-1,-1
633,38,449.22,172.19,50.70,154.03,1,-1,-1,-1
633,39,228.74,186.33,47.60,141.11,1,-1,-1,-1
634,38,448.71,174.21,50.28,151.52,1,-1,-1,-1
634,39,229.15,188.34,47.03,139.54,1,-1,-1,-1
635,38,448.59,176.51,49.76,148.73,1,-1,-1,-1
635,39,228.20,189.13,46.37,137.55,1,-1,-1,-1
636,38,448.53,177.00,49.88,148.25,1,-1,-1,-1
636,39,227.88,189.47,46.12,136.76,1,-1,-1,-1
637,38,450.79,174.08,51.33,152.74,1,-1,-1,-1
637,39,223.76,182.94,48.72,144.46,1,-1,-1,-1
638,38,451.59,173.01,51.83,154.41,1,-1,-1,-1
638,39,222.26,180.56,49.67,147.27,1,-1,-1,-1
639,38,455.69,172.56,51.26,155.10,1,-1,-1,-1
639,39,219.11,179.68,51.35,152.21,1,-1,-1,-1
639,40,182.00,180.00,56.00,152.00,1,-1,-1,-1
640,38,459.65,171.00,51.55,156.77,1,-1,-1,-1
640,39,217.39,179.39,51.77,152.77,1,-1,-1,-1
640,40,180.78,178.29,56.73,153.71,1,-1,-1,-1
641,38,462.43,171.76,52.95,160.10,1,-1,-1,-1
641,39,215.40,178.03,53.34,156.80,1,-1,-1,-1
641,40,179.20,176.51,58.11,156.99,1,-1,-1,-1
642,38,463.34,172.03,53.63,161.35,1,-1,-1,-1
642,39,214.62,177.55,54.05,158.29,1,-1,-1,-1
642,40,178.61,175.93,58.71,158.07,1,-1,-1,-1
643,38,464.83,172.34,53.67,161.47,1,-1,-1,-1
643,39,213.26,176.32,54.73,160.27,1,-1,-1,-1
643,40,175.16,171.47,62.59,166.98,1,-1,-1,-1
644,40,175.39,169.95,65.21,172.76,1,-1,-1,-1
645,38,475.52,162.02,69.27,209.25,1,-1,-1,-1
645,40,171.10,169.45,66.93,176.12,1,-1,-1,-1
646,38,478.27,154.32,73.30,222.63,1,-1,-1,-1
646,40,168.54,169.34,68.14,178.57,1,-1,-1,-1
647,38,483.95,149.91,74.38,229.26,1,-1,-1,-1
647,40,166.64,165.39,70.52,184.64,1,-1,-1,-1
648,38,486.44,148.16,74.24,231.77,1,-1,-1,-1
648,40,165.94,163.93,71.43,186.83,1,-1,-1,-1
649,38,488.89,146.66,75.94,237.08,1,-1,-1,-1
649,40,144.48,160.82,73.86,191.45,1,-1,-1,-1
650,40,136.10,159.68,75.13,193.11,1,-1,-1,-1
651,40,126.50,155.41,76.87,194.91,1,-1,-1,-1
652,40,122.63,153.82,78.08,195.50,1,-1,-1,-1
653,40,110.17,163.64,82.62,205.98,1,-1,-1,-1
654,40,105.41,167.38,84.53,209.90,1,-1,-1,-1
655,38,535.83,168.97,64.21,189.68,1,-1,-1,-1
655,40,100.32,166.95,86.04,213.66,1,-1,-1,-1
656,38,538.14,171.35,64.89,184.02,1,-1,-1,-1
657,38,542.46,171.82,64.96,184.23,1,-1,-1,-1
657,40,70.34,133.28,109.56,270.95,1,-1,-1,-1
657,41,496.00,178.00,60.00,172.00,1,-1,-1,-1
658,38,506.41,176.81,61.48,174.60,1,-1,-1,-1
658,40,64.93,127.68,113.89,280.65,1,-1,-1,-1
659,38,506.21,177.79,61.16,173.71,1,-1,-1,-1
659,40,55.12,121.73,118.73,293.10,1,-1,-1,-1
660,40,51.40,119.43,120.48,297.90,1,-1,-1,-1
661,40,44.87,116.23,123.62,305.67,1,-1,-1,-1
663,40,10.18,95.54,136.68,342.67,1,-1,-1,-1
664,40,4.61,91.82,137.68,349.34,1,-1,-1,-1
665,38,528.16,164.95,70.77,194.67,1,-1,-1,-1
665,40,-2.02,82.89,142.19,366.90,1,-1,-1,-1
666,38,528.74,164.13,72.90,195.98,1,-1,-1,-1
666,40,-3.89,79.46,142.65,373.62,1,-1,-1,-1
667,38,530.49,163.56,73.37,197.25,1,-1,-1,-1
667,40,-11.27,75.21,146.18,382.86,1,-1,-1,-1
669,38,533.59,150.50,88.10,241.29,1,-1,-1,-1
670,38,534.73,148.38,89.39,248.40,1,-1,-1,-1
671,38,536.33,146.85,91.05,253.02,1,-1,-1,-1
675,42,6.00,74.00,112.00,346.00,1,-1,-1,-1
676,42,6.00,74.00,112.00,346.00,1,-1,-1,-1
677,42,-3.05,80.00,113.58,352.00,1,-1,-1,-1
678,42,-5.89,82.01,113.77,354.01,1,-1,-1,-1
679,42,-10.23,73.93,118.03,370.40,1,-1,-1,-1
680,42,-11.22,71.07,118.67,375.99,1,-1,-1,-1
681,42,-14.33,70.12,120.42,381.55,1,-1,-1,-1
707,43,224.00,180.00,42.00,150.00,1,-1,-1,-1
708,43,224.00,180.00,42.00,150.00,1,-1,-1,-1
709,44,178.00,182.00,56.00,158.00,1,-1,-1,-1
710,44,178.00,182.00,56.00,158.00,1,-1,-1,-1
711,44,171.63,156.48,68.74,194.03,1,-1,-1,-1
712,44,169.52,147.97,72.96,206.04,1,-1,-1,-1
713,44,165.23,149.22,77.50,222.07,1,-1,-1,-1
714,44,164.09,150.06,78.21,227.79,1,-1,-1,-1
715,44,161.62,144.63,82.24,239.52,1,-1,-1,-1
719,44,64.48,88.39,118.62,348.17,1,-1,-1,-1
720,44,54.24,82.47,121.61,359.53,1,-1,-1,-1
721,44,31.17,55.50,133.73,399.62,1,-1,-1,-1
722,44,22.49,44.85,137.66,415.45,1,-1,-1,-1
723,44,-3.07,19.80,150.46,462.04,1,-1,-1,-1
723,45,328.00,194.00,44.00,130.00,1,-1,-1,-1
724,44,-12.47,9.82,154.02,480.60,1,-1,-1,-1
724,45,328.00,194.00,44.00,130.00,1,-1,-1,-1
725,44,-23.86,-0.41,160.24,500.02,1,-1,-1,-1
729,46,348.00,190.00,54.00,138.00,1,-1,-1,-1
730,46,348.00,190.00,54.00,138.00,1,-1,-1,-1
731,46,355.22,190.00,54.57,139.50,1,-1,-1,-1
732,46,357.64,190.00,54.73,140.00,1,-1,-1,-1
733,46,365.57,192.89,53.26,135.81,1,-1,-1,-1
734,46,368.10,193.89,52.86,134.33,1,-1,-1,-1
735,46,373.08,191.40,53.99,136.65,1,-1,-1,-1
736,46,374.64,190.50,54.54,137.49,1,-1,-1,-1
737,46,385.45,186.11,58.27,147.27,1,-1,-1,-1
737,47,178.00,186.00,54.00,142.00,1,-1,-1,-1
737,48,552.00,180.00,56.00,162.00,1,-1,-1,-1
738,46,389.37,184.51,59.52,150.82,1,-1,-1,-1
738,47,178.00,186.00,54.00,142.00,1,-1,-1,-1
738,48,552.00,180.00,56.00,162.00,1,-1,-1,-1
739,46,393.41,183.92,61.11,153.46,1,-1,-1,-1
739,49,84.00,188.00,56.00,144.00,1,-1,-1,-1
740,46,394.64,183.72,62.03,154.41,1,-1,-1,-1
740,49,84.00,188.00,56.00,144.00,1,-1,-1,-1
741,46,407.33,178.45,64.97,159.93,1,-1,-1,-1
741,49,84.15,183.50,58.70,151.51,1,-1,-1,-1
741,50,182.00,186.00,52.00,152.00,1,-1,-1,-1
742,46,411.83,176.47,66.50,161.99,1,-1,-1,-1
742,49,84.31,182.00,59.38,154.01,1,-1,-1,-1
742,50,182.00,186.00,52.00,152.00,1,-1,-1,-1
743,46,415.86,174.45,67.33,165.30,1,-1,-1,-1
743,49,79.98,160.24,76.86,200.22,1,-1,-1,-1
743,50,185.99,180.00,54.53,159.51,1,-1,-1,-1
744,46,425.56,169.84,70.35,175.52,1,-1,-1,-1
744,49,76.14,158.90,80.20,211.20,1,-1,-1,-1
744,50,186.60,180.89,53.92,157.66,1,-1,-1,-1
745,46,433.98,173.16,69.51,175.60,1,-1,-1,-1
745,49,71.91,156.31,81.35,217.57,1,-1,-1,-1
745,50,186.93,185.70,53.20,155.37,1,-1,-1,-1
745,51,42.00,172.00,56.00,164.00,1,-1,-1,-1
746,46,444.04,172.00,69.44,179.36,1,-1,-1,-1
746,49,70.06,145.29,83.26,227.23,1,-1,-1,-1
746,50,188.05,187.41,53.63,155.92,1,-1,-1,-1
746,51,33.67,149.71,62.37,182.86,1,-1,-1,-1
747,46,451.24,165.18,70.13,183.31,1,-1,-1,-1
747,49,68.12,139.48,87.51,238.84,1,-1,-1,-1
747,50,184.34,185.23,56.35,163.02,1,-1,-1,-1
748,46,454.11,162.56,69.91,184.76,1,-1,-1,-1
748,50,182.90,184.44,57.52,165.55,1,-1,-1,-1
749,46,459.73,160.87,70.94,187.47,1,-1,-1,-1
749,49,17.34,94.20,117.05,321.51,1,-1,-1,-1
749,50,175.08,184.13,60.47,171.76,1,-1,-1,-1
750,49,11.61,85.67,123.02,337.92,1,-1,-1,-1
750,50,166.66,177.47,66.00,187.12,1,-1,-1,-1
751,46,486.83,177.56,66.71,177.41,1,-1,-1,-1
751,50,164.76,176.62,67.37,191.01,1,-1,-1,-1
752,46,491.51,180.54,65.64,175.57,1,-1,-1,-1
753,46,518.82,195.97,63.88,169.72,1,-1,-1,-1
753,50,126.01,164.30,82.48,235.93,1,-1,-1,-1
754,46,528.73,201.75,63.40,167.49,1,-1,-1,-1
754,50,119.72,162.20,84.49,243.63,1,-1,-1,-1
755,46,537.32,203.56,63.55,167.87,1,-1,-1,-1
755,49,61.95,89.13,123.01,332.96,1,-1,-1,-1
755,50,114.68,160.41,86.96,250.75,1,-1,-1,-1
756,49,69.17,92.19,122.36,327.27,1,-1,-1,-1
757,46,537.84,177.70,73.00,196.59,1,-1,-1,-1
757,49,67.99,86.56,126.45,338.20,1,-1,-1,-1
758,46,538.88,173.78,73.43,201.08,1,-1,-1,-1
759,46,546.93,174.82,73.20,197.65,1,-1,-1,-1
759,49,10.56,62.83,143.76,390.99,1,-1,-1,-1
760,46,549.60,175.27,73.53,196.18,1,-1,-1,-1
760,49,1.48,58.64,145.15,400.28,1,-1,-1,-1
761,46,556.02,174.49,74.36,198.39,1,-1,-1,-1
761,49,-10.52,31.88,151.42,430.15,1,-1,-1,-1
762,49,-13.97,21.54,151.50,441.65,1,-1,-1,-1
763,49,-20.14,13.54,156.30,455.67,1,-1,-1,-1
775,52,180.00,194.00,50.00,136.00,1,-1,-1,-1
776,52,180.00,194.00,50.00,136.00,1,-1,-1,-1
777,52,174.53,194.00,51.93,140.50,1,-1,-1,-1
778,52,172.57,194.00,52.84,142.00,1,-1,-1,-1
779,52,164.46,186.84,56.76,151.02,1,-1,-1,-1
780,52,161.47,184.35,58.56,154.11,1,-1,-1,-1
781,52,143.07,178.10,63.00,165.90,1,-1,-1,-1
782,52,136.35,175.83,64.60,170.19,1,-1,-1,-1
783,52,120.98,164.63,72.85,191.21,1,-1,-1,-1
784,52,115.09,160.40,76.15,199.15,1,-1,-1,-1
785,52,108.31,156.78,78.70,205.81,1,-1,-1,-1
789,53,10.00,112.00,130.00,320.00,1,-1,-1,-1
790,52,19.64,114.75,120.04,311.66,1,-1,-1,-1
791,52,-6.25,75.94,139.17,372.04,1,-1,-1,-1
792,52,-15.61,60.18,144.57,396.58,1,-1,-1,-1
793,52,-26.70,52.92,149.79,410.91,1,-1,-1,-1
795,54,538.00,154.00,62.00,192.00,1,-1,-1,-1
796,54,538.00,154.00,62.00,192.00,1,-1,-1,-1
797,54,546.30,184.02,55.90,170.98,1,-1,-1,-1
798,54,548.78,194.02,54.45,163.99,1,-1,-1,-1
799,54,551.45,191.90,57.53,172.89,1,-1,-1,-1
800,54,552.17,191.08,58.63,175.76,1,-1,-1,-1
801,54,554.58,195.99,58.21,174.49,1,-1,-1,-1
825,54,557.62,182.36,57.03,171.92,1,-1,-1,-1
826,54,557.71,182.03,56.82,171.91,1,-1,-1,-1
827,54,557.94,181.75,56.77,171.76,1,-1,-1,-1
831,55,128.00,164.00,66.00,168.00,1,-1,-1,-1
832,55,128.00,164.00,66.00,168.00,1,-1,-1,-1
833,56,392.00,200.00,74.00,130.00,1,-1,-1,-1
834,56,392.00,200.00,74.00,130.00,1,-1,-1,-1
837,57,82.00,150.00,56.00,184.00,1,-1,-1,-1
838,57,82.00,150.00,56.00,184.00,1,-1,-1,-1
839,57,80.81,136.49,61.39,202.01,1,-1,-1,-1
839,58,366.00,192.00,52.00,130.00,1,-1,-1,-1
840,57,80.45,131.99,63.09,208.02,1,-1,-1,-1
840,58,366.00,192.00,52.00,130.00,1,-1,-1,-1
841,57,54.55,140.43,60.63,200.02,1,-1,-1,-1
842,57,45.01,143.90,59.55,196.61,1,-1,-1,-1
843,57,33.85,146.56,62.85,209.17,1,-1,-1,-1
844,57,30.21,147.51,63.64,213.56,1,-1,-1,-1
845,57,23.11,147.63,64.73,217.22,1,-1,-1,-1
845,59,324.00,190.00,54.00,138.00,1,-1,-1,-1
846,54,329.46,189.86,48.10,138.32,1,-1,-1,-1
847,54,318.96,182.64,51.02,145.09,1,-1,-1,-1
847,60,140.00,158.00,60.00,178.00,1,-1,-1,-1
848,54,315.31,180.77,51.97,146.75,1,-1,-1,-1
848,60,140.00,158.00,60.00,178.00,1,-1,-1,-1
849,54,305.80,180.24,51.79,146.24,1,-1,-1,-1
849,60,137.78,158.00,59.94,178.00,1,-1,-1,-1
850,60,137.06,158.00,59.87,178.00,1,-1,-1,-1
851,60,132.41,155.10,60.06,179.45,1,-1,-1,-1
852,60,130.97,154.11,59.90,179.94,1,-1,-1,-1
853,54,270.42,174.35,56.19,160.49,1,-1,-1,-1
853,60,128.10,151.03,61.95,187.02,1,-1,-1,-1
854,54,267.65,173.82,56.19,161.81,1,-1,-1,-1
854,60,127.23,149.94,62.47,189.54,1,-1,-1,-1
855,54,259.61,172.35,54.89,164.88,1,-1,-1,-1
855,60,123.83,145.59,64.95,198.42,1,-1,-1,-1
856,54,257.26,171.81,53.41,166.01,1,-1,-1,-1
856,60,122.76,143.99,65.58,201.69,1,-1,-1,-1
857,54,241.70,181.97,51.67,152.19,1,-1,-1,-1
857,60,113.44,144.75,68.08,210.69,1,-1,-1,-1
858,54,235.62,186.03,51.94,146.67,1,-1,-1,-1
858,60,110.07,145.07,68.75,214.04,1,-1,-1,-1
859,54,220.84,180.82,55.01,154.03,1,-1,-1,-1
859,60,97.06,132.34,73.19,228.14,1,-1,-1,-1
860,54,215.46,178.95,56.35,156.66,1,-1,-1,-1
860,60,92.17,127.49,74.81,233.47,1,-1,-1,-1
861,54,193.13,170.45,60.42,166.76,1,-1,-1,-1
861,60,83.69,115.44,79.80,252.02,1,-1,-1,-1
862,54,184.69,167.24,62.19,170.57,1,-1,-1,-1
862,60,80.75,110.82,81.14,259.12,1,-1,-1,-1
863,54,172.37,155.75,66.19,186.13,1,-1,-1,-1
863,60,71.80,106.54,81.02,258.00,1,-1,-1,-1
864,54,168.21,151.38,66.77,192.05,1,-1,-1,-1
864,60,68.34,104.96,81.01,257.33,1,-1,-1,-1
865,54,143.39,149.69,67.18,195.61,1,-1,-1,-1
865,60,63.87,101.67,82.53,262.15,1,-1,-1,-1
866,54,134.09,149.09,66.90,196.93,1,-1,-1,-1
867,54,123.43,147.01,67.86,199.76,1,-1,-1,-1
867,60,24.36,66.45,106.36,330.73,1,-1,-1,-1
868,60,16.70,60.42,112.13,342.38,1,-1,-1,-1
869,54,116.25,142.16,65.97,201.00,1,-1,-1,-1
869,60,9.74,55.64,117.49,360.56,1,-1,-1,-1
870,54,115.96,141.35,64.05,201.17,1,-1,-1,-1
870,60,7.25,53.83,119.25,367.62,1,-1,-1,-1
871,54,106.84,139.32,64.80,203.52,1,-1,-1,-1
871,60,1.21,43.24,124.08,381.46,1,-1,-1,-1
872,60,-1.14,39.17,126.11,386.73,1,-1,-1,-1
873,60,-6.01,30.14,128.76,398.62,1,-1,-1,-1
874,60,-7.47,26.71,129.10,403.09,1,-1,-1,-1
875,54,43.12,151.51,64.82,199.63,1,-1,-1,-1
875,60,-13.31,21.24,132.10,412.45,1,-1,-1,-1
876,54,36.97,153.04,65.60,198.95,1,-1,-1,-1
877,54,28.00,154.83,64.92,196.14,1,-1,-1,-1
878,54,24.89,155.51,64.77,195.05,1,-1,-1,-1
879,54,15.17,155.34,65.01,195.77,1,-1,-1,-1
899,61,246.00,200.00,32.00,82.00,1,-1,-1,-1
900,61,246.00,200.00,32.00,82.00,1,-1,-1,-1
915,62,484.00,174.00,56.00,174.00,1,-1,-1,-1
916,62,484.00,174.00,56.00,174.00,1,-1,-1,-1
917,62,502.48,178.50,55.07,169.50,1,-1,-1,-1
918,62,508.40,180.00,55.23,168.00,1,-1,-1,-1
919,62,514.68,181.51,54.74,166.49,1,-1,-1,-1
921,62,540.41,162.27,72.56,218.40,1,-1,-1,-1
921,63,220.00,182.00,56.00,136.00,1,-1,-1,-1
922,62,544.10,159.94,75.54,224.97,1,-1,-1,-1
922,63,220.00,182.00,56.00,136.00,1,-1,-1,-1
923,62,552.19,157.52,78.23,232.97,1,-1,-1,-1
925,64,94.00,164.00,50.00,166.00,1,-1,-1,-1
925,65,218.00,174.00,50.00,150.00,1,-1,-1,-1
926,64,94.00,164.00,50.00,166.00,1,-1,-1,-1
926,65,218.00,174.00,50.00,150.00,1,-1,-1,-1
927,64,95.30,176.01,47.39,156.99,1,-1,-1,-1
927,65,212.96,164.99,55.58,166.51,1,-1,-1,-1
928,64,95.69,180.01,46.62,153.99,1,-1,-1,-1
928,65,211.24,161.99,57.51,172.02,1,-1,-1,-1
929,64,96.15,184.03,45.71,150.98,1,-1,-1,-1
929,65,197.80,172.23,58.85,172.29,1,-1,-1,-1
930,65,192.48,176.20,60.14,172.05,1,-1,-1,-1
931,65,186.90,179.02,62.75,177.22,1,-1,-1,-1
932,65,184.72,180.02,64.22,179.00,1,-1,-1,-1
933,65,172.09,163.14,72.81,204.68,1,-1,-1,-1
934,65,167.64,156.95,75.53,214.14,1,-1,-1,-1
935,65,158.05,153.17,82.42,236.76,1,-1,-1,-1
936,65,154.69,151.70,84.40,245.57,1,-1,-1,-1
937,65,149.26,149.79,87.20,253.74,1,-1,-1,-1
937,66,318.00,190.00,48.00,138.00,1,-1,-1,-1
937,67,412.00,186.00,48.00,148.00,1,-1,-1,-1
938,66,318.00,190.00,48.00,138.00,1,-1,-1,-1
938,67,412.00,186.00,48.00,148.00,1,-1,-1,-1
939,66,319.00,190.00,49.00,141.00,1,-1,-1,-1
939,67,414.24,180.00,49.52,152.50,1,-1,-1,-1
940,66,319.35,190.00,49.30,142.00,1,-1,-1,-1
940,67,414.96,177.99,50.08,154.00,1,-1,-1,-1
941,66,322.67,191.44,48.69,140.85,1,-1,-1,-1
941,67,415.24,176.00,51.53,158.73,1,-1,-1,-1
941,68,76.00,52.00,154.00,406.00,1,-1,-1,-1
942,65,86.59,61.57,137.10,393.92,1,-1,-1,-1
942,66,323.89,191.94,48.30,140.39,1,-1,-1,-1
942,67,415.34,175.38,51.94,160.31,1,-1,-1,-1
943,65,52.62,28.01,152.88,427.19,1,-1,-1,-1
943,66,329.19,186.55,52.19,151.30,1,-1,-1,-1
943,67,441.34,173.89,53.31,164.88,1,-1,-1,-1
944,65,37.43,14.00,161.46,440.88,1,-1,-1,-1
944,66,331.00,184.65,53.65,155.14,1,-1,-1,-1
944,67,450.89,173.40,53.72,166.48,1,-1,-1,-1
945,65,19.46,8.40,178.84,484.25,1,-1,-1,-1
945,66,343.85,172.07,60.04,176.32,1,-1,-1,-1
945,67,461.20,170.63,57.31,174.95,1,-1,-1,-1
946,65,11.96,6.20,186.51,501.40,1,-1,-1,-1
946,66,348.96,167.39,61.75,184.19,1,-1,-1,-1
946,67,464.65,169.63,59.18,178.05,1,-1,-1,-1
947,65,2.65,-1.59,192.57,517.68,1,-1,-1,-1
947,66,360.15,166.84,65.51,196.10,1,-1,-1,-1
947,67,482.08,166.71,64.93,192.15,1,-1,-1,-1
948,66,364.56,166.68,66.82,200.69,1,-1,-1,-1
948,67,488.28,165.62,67.76,197.45,1,-1,-1,-1
949,66,375.54,159.10,73.92,220.07,1,-1,-1,-1
949,67,497.61,158.87,75.02,216.00,1,-1,-1,-1
950,66,379.57,156.18,77.05,227.54,1,-1,-1,-1
950,67,500.87,156.28,78.35,223.12,1,-1,-1,-1
951,64,100.31,180.09,47.37,155.93,1,-1,-1,-1
951,66,393.06,165.10,78.05,226.60,1,-1,-1,-1
951,67,524.58,150.27,83.45,239.67,1,-1,-1,-1
951,69,184.00,182.00,54.00,148.00,1,-1,-1,-1
951,70,212.00,186.00,60.00,148.00,1,-1,-1,-1
951,71,124.00,176.00,52.00,150.00,1,-1,-1,-1
952,64,100.34,180.08,47.49,155.97,1,-1,-1,-1
952,66,397.99,168.81,79.04,225.95,1,-1,-1,-1
952,67,534.00,147.93,85.01,246.09,1,-1,-1,-1
952,69,184.00,182.00,54.00,148.00,1,-1,-1,-1
952,70,212.00,186.00,60.00,148.00,1,-1,-1,-1
952,71,124.00,176.00,52.00,150.00,1,-1,-1,-1
953,64,100.54,180.18,47.49,155.98,1,-1,-1,-1
953,66,403.22,167.33,81.05,231.73,1,-1,-1,-1
953,67,542.30,145.50,87.28,252.64,1,-1,-1,-1
953,70,214.98,181.50,63.04,155.51,1,-1,-1,-1
954,70,215.98,180.00,64.05,158.01,1,-1,-1,-1
955,70,206.37,175.30,69.92,171.53,1,-1,-1,-1
955,72,432.00,92.00,128.00,330.00,1,-1,-1,-1
956,66,434.70,102.60,112.57,317.90,1,-1,-1,-1
956,70,202.82,173.68,72.26,176.22,1,-1,-1,-1
957,66,449.70,104.93,119.32,332.95,1,-1,-1,-1
957,70,200.98,171.53,74.33,181.27,1,-1,-1,-1
958,66,455.43,106.11,122.70,338.90,1,-1,-1,-1
959,66,462.18,101.35,126.45,349.26,1,-1,-1,-1
959,70,179.14,181.42,81.74,196.98,1,-1,-1,-1
960,70,175.20,182.98,83.76,199.57,1,-1,-1,-1
961,70,171.30,182.72,86.02,204.96,1,-1,-1,-1
963,65,86.51,107.06,131.20,340.75,1,-1,-1,-1
964,65,93.21,115.20,128.24,325.71,1,-1,-1,-1
965,65,54.85,54.28,160.07,403.05,1,-1,-1,-1
966,65,42.35,35.05,170.88,427.46,1,-1,-1,-1
967,65,14.93,21.11,183.71,464.30,1,-1,-1,-1
968,65,4.83,16.01,187.67,478.31,1,-1,-1,-1
969,64,80.84,164.32,55.02,165.82,1,-1,-1,-1
969,65,-5.69,4.71,194.58,495.92,1,-1,-1,-1
970,64,78.95,163.86,57.86,166.10,1,-1,-1,-1
971,64,79.93,166.31,59.48,163.59,1,-1,-1,-1
971,73,38.00,166.00,64.00,170.00,1,-1,-1,-1
972,64,79.91,167.26,60.93,162.62,1,-1,-1,-1
972,73,38.00,166.00,64.00,170.00,1,-1,-1,-1
973,64,51.14,162.39,64.04,168.80,1,-1,-1,-1
974,64,35.71,159.30,64.33,172.39,1,-1,-1,-1
975,64,31.43,154.25,63.82,169.89,1,-1,-1,-1
976,64,29.84,152.33,63.79,168.87,1,-1,-1,-1
977,64,24.42,149.03,65.81,180.22,1,-1,-1,-1
978,64,23.04,147.82,65.37,184.42,1,-1,-1,-1
979,64,19.09,146.32,65.96,186.09,1,-1,-1,-1
