1,8798,654.39,245.15,227.30,647.37,1,-1,-1,-1
45,8800,1218.00,402.00,146.00,348.00,1,-1,-1,-1
46,8800,1218.00,402.00,146.00,348.00,1,-1,-1,-1
47,8800,1218.00,402.00,146.00,348.00,1,-1,-1,-1
48,8800,1218.00,402.00,146.00,348.00,1,-1,-1,-1
49,8800,1218.00,402.00,146.00,348.00,1,-1,-1,-1
50,8800,1218.00,402.00,146.00,348.00,1,-1,-1,-1
51,8800,1218.00,402.00,146.00,348.00,1,-1,-1,-1
52,8800,1218.00,402.00,146.00,348.00,1,-1,-1,-1
53,8800,1218.00,402.00,146.00,348.00,1,-1,-1,-1
54,8800,1218.00,402.00,146.00,348.00,1,-1,-1,-1
55,8800,1218.00,402.00,146.00,348.00,1,-1,-1,-1
56,8800,1217.68,409.97,150.63,362.62,1,-1,-1,-1
57,8800,1218.02,412.92,151.42,368.02,1,-1,-1,-1
58,8800,1218.57,414.02,150.87,370.04,1,-1,-1,-1
59,8800,1219.17,414.40,149.87,370.74,1,-1,-1,-1
60,8800,1219.75,414.51,148.75,370.93,1,-1,-1,-1
61,8800,1220.30,414.52,147.65,370.94,1,-1,-1,-1
62,8800,1220.82,414.49,146.61,370.89,1,-1,-1,-1
63,8800,1221.29,414.45,145.64,370.82,1,-1,-1,-1
64,8800,1221.72,414.41,144.75,370.74,1,-1,-1,-1
65,8800,1222.12,414.37,143.94,370.67,1,-1,-1,-1
66,8800,1222.48,414.33,143.20,370.61,1,-1,-1,-1
67,8800,1222.43,414.86,143.58,371.58,1,-1,-1,-1
177,8801,1596.00,320.00,196.00,644.00,1,-1,-1,-1
178,8801,1596.00,320.00,196.00,644.00,1,-1,-1,-1
179,8801,1596.00,320.00,196.00,644.00,1,-1,-1,-1
180,8801,1596.00,320.00,196.00,644.00,1,-1,-1,-1
181,8801,1596.00,320.00,196.00,644.00,1,-1,-1,-1
182,8801,1596.00,320.00,196.00,644.00,1,-1,-1,-1
183,8801,1596.00,320.00,196.00,644.00,1,-1,-1,-1
184,8801,1596.00,320.00,196.00,644.00,1,-1,-1,-1
185,8801,1596.00,320.00,196.00,644.00,1,-1,-1,-1
186,8801,1596.00,320.00,196.00,644.00,1,-1,-1,-1
187,8801,1596.00,320.00,196.00,644.00,1,-1,-1,-1
188,8801,1626.61,306.71,182.62,597.49,1,-1,-1,-1
188,8802,1478.00,278.00,168.00,532.00,1,-1,-1,-1
189,8801,1638.10,301.64,177.91,579.74,1,-1,-1,-1
189,8802,1478.00,278.00,168.00,532.00,1,-1,-1,-1
190,8801,1641.84,299.89,176.70,573.63,1,-1,-1,-1
190,8802,1478.00,278.00,168.00,532.00,1,-1,-1,-1
191,8801,1642.86,299.33,176.71,571.65,1,-1,-1,-1
191,8802,1478.00,278.00,168.00,532.00,1,-1,-1,-1
192,8801,1642.90,299.19,177.13,571.15,1,-1,-1,-1
192,8802,1478.00,278.00,168.00,532.00,1,-1,-1,-1
193,8801,1642.62,299.19,177.67,571.18,1,-1,-1,-1
193,8802,1478.00,278.00,168.00,532.00,1,-1,-1,-1
194,8801,1642.24,299.25,178.22,571.38,1,-1,-1,-1
194,8802,1478.00,278.00,168.00,532.00,1,-1,-1,-1
195,8801,1641.85,299.32,178.75,571.62,1,-1,-1,-1
195,8802,1478.00,278.00,168.00,532.00,1,-1,-1,-1
196,8801,1641.48,299.39,179.23,571.86,1,-1,-1,-1
196,8802,1478.00,278.00,168.00,532.00,1,-1,-1,-1
197,8801,1641.15,299.45,179.68,572.08,1,-1,-1,-1
197,8802,1478.00,278.00,168.00,532.00,1,-1,-1,-1
198,8801,1640.85,299.51,180.08,572.27,1,-1,-1,-1
198,8802,1478.00,278.00,168.00,532.00,1,-1,-1,-1
199,8801,1642.73,298.70,179.20,569.47,1,-1,-1,-1
199,8802,1478.00,278.00,168.00,532.00,1,-1,-1,-1
210,8801,1666.66,373.91,174.39,534.11,1,-1,-1,-1
210,8802,1382.83,373.67,184.58,578.86,1,-1,-1,-1
211,8801,1665.16,376.65,178.69,533.09,1,-1,-1,-1
211,8802,1378.69,377.18,186.47,580.58,1,-1,-1,-1
212,8801,1663.68,377.61,182.12,532.71,1,-1,-1,-1
212,8802,1376.95,378.41,187.73,581.18,1,-1,-1,-1
213,8801,1662.32,377.85,184.94,532.64,1,-1,-1,-1
213,8802,1376.21,378.72,188.63,581.33,1,-1,-1,-1
214,8801,1661.11,377.82,187.27,532.71,1,-1,-1,-1
214,8802,1375.90,378.68,189.33,581.31,1,-1,-1,-1
215,8801,1660.07,377.70,189.24,532.81,1,-1,-1,-1
215,8802,1375.77,378.51,189.89,581.23,1,-1,-1,-1
216,8801,1659.17,377.55,190.91,532.92,1,-1,-1,-1
216,8802,1375.72,378.31,190.37,581.13,1,-1,-1,-1
217,8801,1658.39,377.40,192.35,533.02,1,-1,-1,-1
217,8802,1375.70,378.11,190.77,581.03,1,-1,-1,-1
218,8801,1657.72,377.27,193.59,533.12,1,-1,-1,-1
218,8802,1375.70,377.91,191.12,580.94,1,-1,-1,-1
219,8801,1657.12,377.14,194.68,533.20,1,-1,-1,-1
219,8802,1375.71,377.73,191.42,580.85,1,-1,-1,-1
220,8801,1656.60,377.03,195.64,533.28,1,-1,-1,-1
220,8802,1375.73,377.57,191.69,580.77,1,-1,-1,-1
221,8801,1657.48,378.69,195.22,532.12,1,-1,-1,-1
221,8802,1376.99,395.68,186.83,553.32,1,-1,-1,-1
222,8802,1376.61,402.52,186.91,542.70,1,-1,-1,-1
223,8802,1375.59,404.91,188.83,538.85,1,-1,-1,-1
224,8802,1374.42,405.68,191.24,537.48,1,-1,-1,-1
225,8802,1373.27,405.83,193.68,537.05,1,-1,-1,-1
226,8802,1372.20,405.78,195.98,536.96,1,-1,-1,-1
227,8802,1371.23,405.65,198.08,536.99,1,-1,-1,-1
228,8802,1370.34,405.50,200.00,537.07,1,-1,-1,-1
229,8802,1369.54,405.36,201.72,537.15,1,-1,-1,-1
230,8802,1368.82,405.23,203.29,537.23,1,-1,-1,-1
231,8802,1368.17,405.11,204.70,537.30,1,-1,-1,-1
232,8802,1367.60,406.90,204.27,536.18,1,-1,-1,-1
276,8803,1468.00,286.00,224.00,624.00,1,-1,-1,-1
277,8803,1468.00,286.00,224.00,624.00,1,-1,-1,-1
278,8803,1468.00,286.00,224.00,624.00,1,-1,-1,-1
279,8803,1468.00,286.00,224.00,624.00,1,-1,-1,-1
280,8803,1468.00,286.00,224.00,624.00,1,-1,-1,-1
281,8803,1468.00,286.00,224.00,624.00,1,-1,-1,-1
282,8803,1468.00,286.00,224.00,624.00,1,-1,-1,-1
283,8803,1468.00,286.00,224.00,624.00,1,-1,-1,-1
284,8803,1468.00,286.00,224.00,624.00,1,-1,-1,-1
285,8803,1468.00,286.00,224.00,624.00,1,-1,-1,-1
286,8803,1468.00,286.00,224.00,624.00,1,-1,-1,-1
287,8803,1468.00,286.00,224.00,624.00,1,-1,-1,-1
430,8804,374.00,286.00,150.00,338.00,1,-1,-1,-1
431,8804,374.00,286.00,150.00,338.00,1,-1,-1,-1
432,8804,374.00,286.00,150.00,338.00,1,-1,-1,-1
433,8804,374.00,286.00,150.00,338.00,1,-1,-1,-1
434,8804,374.00,286.00,150.00,338.00,1,-1,-1,-1
435,8804,374.00,286.00,150.00,338.00,1,-1,-1,-1
436,8804,374.00,286.00,150.00,338.00,1,-1,-1,-1
437,8804,374.00,286.00,150.00,338.00,1,-1,-1,-1
438,8804,374.00,286.00,150.00,338.00,1,-1,-1,-1
439,8804,374.00,286.00,150.00,338.00,1,-1,-1,-1
440,8804,374.00,286.00,150.00,338.00,1,-1,-1,-1
441,8804,367.52,287.33,160.31,361.92,1,-1,-1,-1
442,8804,365.24,287.82,163.89,370.69,1,-1,-1,-1
443,8804,364.46,288.00,165.09,374.03,1,-1,-1,-1
444,8804,364.26,288.07,165.34,375.20,1,-1,-1,-1
445,8804,364.30,288.09,165.24,375.54,1,-1,-1,-1
446,8804,364.40,288.09,165.02,375.56,1,-1,-1,-1
447,8804,364.53,288.08,164.77,375.48,1,-1,-1,-1
448,8804,364.66,288.08,164.52,375.36,1,-1,-1,-1
449,8804,364.78,288.07,164.29,375.24,1,-1,-1,-1
450,8804,364.90,288.06,164.08,375.13,1,-1,-1,-1
451,8804,365.00,288.06,163.89,375.02,1,-1,-1,-1
452,8804,364.55,288.15,164.60,376.65,1,-1,-1,-1
474,8804,255.98,264.25,203.70,491.25,1,-1,-1,-1
475,8804,257.11,263.74,197.71,493.48,1,-1,-1,-1
476,8804,258.72,263.56,193.24,494.24,1,-1,-1,-1
477,8804,260.30,263.52,189.78,494.39,1,-1,-1,-1
478,8804,261.72,263.53,187.05,494.32,1,-1,-1,-1
479,8804,262.94,263.56,184.84,494.16,1,-1,-1,-1
480,8804,263.98,263.60,183.02,493.99,1,-1,-1,-1
481,8804,264.87,263.63,181.49,493.82,1,-1,-1,-1
482,8804,265.64,263.66,180.19,493.66,1,-1,-1,-1
483,8804,266.32,263.69,179.07,493.51,1,-1,-1,-1
484,8804,266.91,263.72,178.10,493.37,1,-1,-1,-1
485,8804,254.33,288.47,183.94,504.95,1,-1,-1,-1
486,8804,249.20,297.82,186.98,509.27,1,-1,-1,-1
487,8804,246.95,301.38,188.85,510.84,1,-1,-1,-1
488,8804,245.85,302.66,190.19,511.35,1,-1,-1,-1
489,8804,245.23,303.08,191.26,511.45,1,-1,-1,-1
490,8804,244.81,303.16,192.16,511.40,1,-1,-1,-1
491,8804,244.50,303.12,192.94,511.30,1,-1,-1,-1
492,8804,244.23,303.05,193.64,511.19,1,-1,-1,-1
493,8804,244.01,302.96,194.26,511.09,1,-1,-1,-1
494,8804,243.81,302.87,194.82,510.99,1,-1,-1,-1
495,8804,243.63,302.79,195.32,510.89,1,-1,-1,-1
496,8804,242.22,304.06,195.86,512.32,1,-1,-1,-1
518,8804,35.30,207.13,317.61,793.73,1,-1,-1,-1
519,8804,26.50,204.88,328.96,799.81,1,-1,-1,-1
520,8804,22.05,204.15,335.90,801.73,1,-1,-1,-1
521,8804,19.50,203.97,340.58,802.14,1,-1,-1,-1
522,8804,17.87,204.00,343.99,802.00,1,-1,-1,-1
523,8804,16.74,204.11,346.61,801.67,1,-1,-1,-1
524,8804,15.90,204.24,348.69,801.28,1,-1,-1,-1
525,8804,15.27,204.37,350.38,800.88,1,-1,-1,-1
526,8804,14.77,204.50,351.79,800.48,1,-1,-1,-1
527,8804,14.37,204.63,352.98,800.10,1,-1,-1,-1
528,8804,14.05,204.75,353.99,799.74,1,-1,-1,-1
529,8804,9.64,202.76,356.63,805.69,1,-1,-1,-1
529,8805,1346.00,254.00,132.00,342.00,1,-1,-1,-1
530,8805,1346.00,254.00,132.00,342.00,1,-1,-1,-1
531,8805,1346.00,254.00,132.00,342.00,1,-1,-1,-1
532,8805,1346.00,254.00,132.00,342.00,1,-1,-1,-1
533,8805,1346.00,254.00,132.00,342.00,1,-1,-1,-1
534,8805,1346.00,254.00,132.00,342.00,1,-1,-1,-1
535,8805,1346.00,254.00,132.00,342.00,1,-1,-1,-1
536,8805,1346.00,254.00,132.00,342.00,1,-1,-1,-1
537,8805,1346.00,254.00,132.00,342.00,1,-1,-1,-1
538,8805,1346.00,254.00,132.00,342.00,1,-1,-1,-1
539,8805,1346.00,254.00,132.00,342.00,1,-1,-1,-1
540,8805,1350.21,242.04,136.88,352.63,1,-1,-1,-1
541,8805,1351.53,237.61,139.15,356.57,1,-1,-1,-1
542,8805,1351.81,235.96,140.42,358.03,1,-1,-1,-1
543,8805,1351.70,235.40,141.28,358.54,1,-1,-1,-1
544,8805,1351.45,235.24,141.94,358.68,1,-1,-1,-1
545,8805,1351.17,235.23,142.51,358.68,1,-1,-1,-1
546,8805,1350.89,235.28,143.02,358.64,1,-1,-1,-1
547,8805,1350.63,235.34,143.47,358.59,1,-1,-1,-1
548,8805,1350.39,235.40,143.89,358.54,1,-1,-1,-1
549,8805,1350.17,235.45,144.27,358.49,1,-1,-1,-1
550,8805,1349.97,235.51,144.62,358.44,1,-1,-1,-1
551,8805,1362.22,219.88,156.62,385.82,1,-1,-1,-1
552,8805,1366.48,214.09,161.63,395.97,1,-1,-1,-1
553,8805,1367.89,211.87,164.05,399.89,1,-1,-1,-1
554,8805,1368.17,211.08,165.38,401.30,1,-1,-1,-1
555,8805,1368.02,210.86,166.23,401.73,1,-1,-1,-1
556,8805,1367.74,210.84,166.87,401.78,1,-1,-1,-1
557,8805,1367.43,210.90,167.39,401.70,1,-1,-1,-1
558,8805,1367.12,210.98,167.85,401.58,1,-1,-1,-1
559,8805,1366.83,211.07,168.25,401.45,1,-1,-1,-1
560,8805,1366.57,211.15,168.61,401.32,1,-1,-1,-1
561,8805,1366.32,211.23,168.94,401.20,1,-1,-1,-1
562,8805,1372.35,207.40,176.26,418.00,1,-1,-1,-1
563,8805,1374.53,205.98,179.13,424.28,1,-1,-1,-1
564,8805,1375.28,205.47,180.32,426.63,1,-1,-1,-1
565,8805,1375.47,205.32,180.84,427.42,1,-1,-1,-1
566,8805,1375.45,205.31,181.10,427.62,1,-1,-1,-1
567,8805,1375.36,205.34,181.24,427.60,1,-1,-1,-1
568,8805,1375.25,205.39,181.33,427.50,1,-1,-1,-1
569,8805,1375.14,205.44,181.41,427.38,1,-1,-1,-1
570,8805,1375.04,205.49,181.47,427.26,1,-1,-1,-1
571,8805,1374.94,205.54,181.52,427.15,1,-1,-1,-1
572,8805,1374.85,205.58,181.57,427.04,1,-1,-1,-1
573,8805,1375.51,204.92,182.28,428.70,1,-1,-1,-1
573,8806,1498.00,204.00,198.00,504.00,1,-1,-1,-1
574,8806,1498.00,204.00,198.00,504.00,1,-1,-1,-1
575,8805,1471.70,203.93,207.37,491.87,1,-1,-1,-1
576,8805,1487.69,203.75,210.08,502.00,1,-1,-1,-1
577,8805,1494.05,203.69,210.28,505.74,1,-1,-1,-1
578,8805,1496.60,203.69,209.59,507.00,1,-1,-1,-1
579,8805,1497.63,203.70,208.65,507.30,1,-1,-1,-1
580,8805,1498.06,203.72,207.68,507.23,1,-1,-1,-1
581,8805,1498.24,203.74,206.76,507.03,1,-1,-1,-1
582,8805,1498.31,203.76,205.92,506.80,1,-1,-1,-1
583,8805,1498.34,203.79,205.15,506.57,1,-1,-1,-1
584,8805,1495.13,210.28,213.48,540.04,1,-1,-1,-1
585,8805,1495.37,212.72,213.61,552.55,1,-1,-1,-1
586,8805,1496.54,213.69,211.08,557.29,1,-1,-1,-1
587,8805,1497.99,214.05,207.76,558.92,1,-1,-1,-1
588,8805,1499.46,214.18,204.36,559.33,1,-1,-1,-1
589,8805,1500.84,214.21,201.15,559.30,1,-1,-1,-1
590,8805,1502.11,214.21,198.19,559.11,1,-1,-1,-1
591,8805,1503.26,214.20,195.49,558.87,1,-1,-1,-1
592,8805,1504.30,214.19,193.05,558.63,1,-1,-1,-1
593,8805,1505.24,214.17,190.84,558.39,1,-1,-1,-1
594,8805,1506.08,214.15,188.85,558.17,1,-1,-1,-1
595,8805,1579.91,201.14,200.79,583.97,1,-1,-1,-1
596,8805,1606.72,196.25,207.05,593.61,1,-1,-1,-1
597,8805,1616.19,194.36,210.99,597.20,1,-1,-1,-1
598,8805,1618.84,193.67,213.85,598.41,1,-1,-1,-1
599,8805,1618.92,193.44,216.15,598.70,1,-1,-1,-1
600,8805,1618.08,193.39,218.13,598.65,1,-1,-1,-1
601,8805,1616.98,193.41,219.87,598.48,1,-1,-1,-1
602,8805,1615.84,193.45,221.42,598.29,1,-1,-1,-1
603,8805,1614.76,193.50,222.82,598.09,1,-1,-1,-1
604,8805,1613.75,193.54,224.08,597.90,1,-1,-1,-1
605,8805,1612.83,193.58,225.22,597.72,1,-1,-1,-1
606,8805,1617.81,192.92,226.26,600.47,1,-1,-1,-1
628,8807,836.00,310.00,56.00,192.00,1,-1,-1,-1
629,8807,836.00,310.00,56.00,192.00,1,-1,-1,-1
630,8807,836.00,310.00,56.00,192.00,1,-1,-1,-1
631,8807,836.00,310.00,56.00,192.00,1,-1,-1,-1
632,8807,836.00,310.00,56.00,192.00,1,-1,-1,-1
633,8807,836.00,310.00,56.00,192.00,1,-1,-1,-1
634,8807,836.00,310.00,56.00,192.00,1,-1,-1,-1
635,8807,836.00,310.00,56.00,192.00,1,-1,-1,-1
636,8807,836.00,310.00,56.00,192.00,1,-1,-1,-1
637,8807,836.00,310.00,56.00,192.00,1,-1,-1,-1
638,8807,836.00,310.00,56.00,192.00,1,-1,-1,-1
639,8807,836.00,310.00,56.00,192.00,1,-1,-1,-1
