1,15164,384.26,174.67,60.17,136.95,1,-1,-1,-1
1,15179,454.58,193.81,60.75,136.51,1,-1,-1,-1
1,15215,238.58,193.39,39.38,108.82,1,-1,-1,-1
1,15220,197.82,191.46,40.87,111.79,1,-1,-1,-1
21,15223,890.00,166.00,46.00,78.00,1,-1,-1,-1
22,15223,890.00,166.00,46.00,78.00,1,-1,-1,-1
23,15223,890.00,166.00,46.00,78.00,1,-1,-1,-1
24,15223,890.00,166.00,46.00,78.00,1,-1,-1,-1
25,15223,890.00,166.00,46.00,78.00,1,-1,-1,-1
26,15223,890.00,166.00,46.00,78.00,1,-1,-1,-1
27,15223,890.00,166.00,46.00,78.00,1,-1,-1,-1
28,15223,890.00,166.00,46.00,78.00,1,-1,-1,-1
29,15223,890.00,166.00,46.00,78.00,1,-1,-1,-1
30,15223,890.00,166.00,46.00,78.00,1,-1,-1,-1
31,15223,890.00,166.00,46.00,78.00,1,-1,-1,-1
31,15224,1078.00,204.00,40.00,64.00,1,-1,-1,-1
32,15224,1078.00,204.00,40.00,64.00,1,-1,-1,-1
33,15224,1078.00,204.00,40.00,64.00,1,-1,-1,-1
34,15224,1078.00,204.00,40.00,64.00,1,-1,-1,-1
35,15224,1078.00,204.00,40.00,64.00,1,-1,-1,-1
36,15224,1078.00,204.00,40.00,64.00,1,-1,-1,-1
37,15224,1078.00,204.00,40.00,64.00,1,-1,-1,-1
38,15224,1078.00,204.00,40.00,64.00,1,-1,-1,-1
39,15224,1078.00,204.00,40.00,64.00,1,-1,-1,-1
40,15224,1078.00,204.00,40.00,64.00,1,-1,-1,-1
41,15224,1078.00,204.00,40.00,64.00,1,-1,-1,-1
51,15225,92.00,182.00,60.00,124.00,1,-1,-1,-1
52,15225,92.00,182.00,60.00,124.00,1,-1,-1,-1
53,15225,92.00,182.00,60.00,124.00,1,-1,-1,-1
54,15225,92.00,182.00,60.00,124.00,1,-1,-1,-1
55,15225,92.00,182.00,60.00,124.00,1,-1,-1,-1
56,15225,92.00,182.00,60.00,124.00,1,-1,-1,-1
57,15225,92.00,182.00,60.00,124.00,1,-1,-1,-1
58,15225,92.00,182.00,60.00,124.00,1,-1,-1,-1
59,15225,92.00,182.00,60.00,124.00,1,-1,-1,-1
60,15225,92.00,182.00,60.00,124.00,1,-1,-1,-1
61,15225,92.00,182.00,60.00,124.00,1,-1,-1,-1
71,15226,366.00,180.00,26.00,48.00,1,-1,-1,-1
72,15226,366.00,180.00,26.00,48.00,1,-1,-1,-1
73,15226,366.00,180.00,26.00,48.00,1,-1,-1,-1
74,15226,366.00,180.00,26.00,48.00,1,-1,-1,-1
75,15226,366.00,180.00,26.00,48.00,1,-1,-1,-1
76,15226,366.00,180.00,26.00,48.00,1,-1,-1,-1
77,15226,366.00,180.00,26.00,48.00,1,-1,-1,-1
78,15226,366.00,180.00,26.00,48.00,1,-1,-1,-1
79,15226,366.00,180.00,26.00,48.00,1,-1,-1,-1
80,15226,366.00,180.00,26.00,48.00,1,-1,-1,-1
81,15225,145.70,178.03,51.79,102.18,1,-1,-1,-1
81,15226,366.00,180.00,26.00,48.00,1,-1,-1,-1
81,15227,182.00,178.00,60.00,96.00,1,-1,-1,-1
81,15228,90.00,180.00,54.00,96.00,1,-1,-1,-1
82,15225,145.99,176.48,52.96,103.27,1,-1,-1,-1
82,15228,77.97,178.29,55.77,99.43,1,-1,-1,-1
82,15229,34.00,182.00,50.00,94.00,1,-1,-1,-1
83,15225,146.08,176.06,53.52,103.50,1,-1,-1,-1
83,15228,76.07,178.00,55.86,100.00,1,-1,-1,-1
83,15229,34.00,182.00,50.00,94.00,1,-1,-1,-1
84,15225,145.96,175.92,53.90,103.61,1,-1,-1,-1
84,15228,75.68,177.92,55.65,100.15,1,-1,-1,-1
84,15229,34.00,182.00,50.00,94.00,1,-1,-1,-1
85,15225,145.76,175.87,54.20,103.68,1,-1,-1,-1
85,15228,75.80,177.92,55.31,100.17,1,-1,-1,-1
85,15229,34.00,182.00,50.00,94.00,1,-1,-1,-1
86,15225,145.56,175.87,54.43,103.73,1,-1,-1,-1
86,15228,76.05,177.92,54.93,100.15,1,-1,-1,-1
86,15229,34.00,182.00,50.00,94.00,1,-1,-1,-1
87,15225,145.38,175.88,54.62,103.76,1,-1,-1,-1
87,15228,76.32,177.94,54.51,100.13,1,-1,-1,-1
87,15229,34.00,182.00,50.00,94.00,1,-1,-1,-1
88,15225,145.23,175.89,54.78,103.79,1,-1,-1,-1
88,15228,76.60,177.94,54.09,100.11,1,-1,-1,-1
88,15229,34.00,182.00,50.00,94.00,1,-1,-1,-1
89,15225,145.09,175.90,54.92,103.81,1,-1,-1,-1
89,15228,76.86,177.95,53.66,100.09,1,-1,-1,-1
89,15229,34.00,182.00,50.00,94.00,1,-1,-1,-1
90,15225,144.98,175.91,55.04,103.83,1,-1,-1,-1
90,15228,77.11,177.96,53.24,100.08,1,-1,-1,-1
90,15229,34.00,182.00,50.00,94.00,1,-1,-1,-1
91,15225,145.85,175.76,54.89,103.56,1,-1,-1,-1
91,15228,76.65,177.89,53.31,100.21,1,-1,-1,-1
91,15229,21.32,177.97,49.85,94.00,1,-1,-1,-1
91,15230,1134.00,206.00,24.00,28.00,1,-1,-1,-1
91,15231,310.00,170.00,50.00,82.00,1,-1,-1,-1
91,15232,1048.00,200.00,52.00,92.00,1,-1,-1,-1
92,15229,19.64,177.44,49.85,94.00,1,-1,-1,-1
92,15232,1042.94,200.00,51.84,92.00,1,-1,-1,-1
92,15233,244.00,182.00,48.00,86.00,1,-1,-1,-1
92,15234,264.00,182.00,60.00,90.00,1,-1,-1,-1
93,15232,1042.19,200.00,51.62,92.00,1,-1,-1,-1
93,15233,244.00,182.00,48.00,86.00,1,-1,-1,-1
93,15234,264.00,182.00,60.00,90.00,1,-1,-1,-1
94,15232,1042.11,200.00,51.33,92.00,1,-1,-1,-1
94,15233,244.00,182.00,48.00,86.00,1,-1,-1,-1
94,15234,264.00,182.00,60.00,90.00,1,-1,-1,-1
95,15232,1042.26,200.00,51.00,92.00,1,-1,-1,-1
95,15233,244.00,182.00,48.00,86.00,1,-1,-1,-1
95,15234,264.00,182.00,60.00,90.00,1,-1,-1,-1
96,15232,1042.46,200.00,50.64,92.00,1,-1,-1,-1
96,15233,244.00,182.00,48.00,86.00,1,-1,-1,-1
96,15234,264.00,182.00,60.00,90.00,1,-1,-1,-1
97,15232,1042.69,200.00,50.25,92.00,1,-1,-1,-1
97,15233,244.00,182.00,48.00,86.00,1,-1,-1,-1
97,15234,264.00,182.00,60.00,90.00,1,-1,-1,-1
98,15232,1042.92,200.00,49.85,92.00,1,-1,-1,-1
98,15233,244.00,182.00,48.00,86.00,1,-1,-1,-1
98,15234,264.00,182.00,60.00,90.00,1,-1,-1,-1
99,15232,1043.14,200.00,49.44,92.00,1,-1,-1,-1
99,15233,244.00,182.00,48.00,86.00,1,-1,-1,-1
99,15234,264.00,182.00,60.00,90.00,1,-1,-1,-1
100,15232,1043.36,200.00,49.04,92.00,1,-1,-1,-1
100,15233,244.00,182.00,48.00,86.00,1,-1,-1,-1
100,15234,264.00,182.00,60.00,90.00,1,-1,-1,-1
101,15232,1043.17,200.00,49.04,92.00,1,-1,-1,-1
101,15233,244.00,182.00,48.00,86.00,1,-1,-1,-1
101,15234,264.00,182.00,60.00,90.00,1,-1,-1,-1
101,15235,1058.00,170.00,38.00,80.00,1,-1,-1,-1
102,15235,1058.00,170.00,38.00,80.00,1,-1,-1,-1
103,15235,1058.00,170.00,38.00,80.00,1,-1,-1,-1
104,15235,1058.00,170.00,38.00,80.00,1,-1,-1,-1
105,15235,1058.00,170.00,38.00,80.00,1,-1,-1,-1
106,15235,1058.00,170.00,38.00,80.00,1,-1,-1,-1
107,15235,1058.00,170.00,38.00,80.00,1,-1,-1,-1
108,15235,1058.00,170.00,38.00,80.00,1,-1,-1,-1
109,15235,1058.00,170.00,38.00,80.00,1,-1,-1,-1
111,15236,750.00,192.00,178.00,98.00,1,-1,-1,-1
112,15236,750.00,192.00,178.00,98.00,1,-1,-1,-1
113,15236,750.00,192.00,178.00,98.00,1,-1,-1,-1
114,15236,750.00,192.00,178.00,98.00,1,-1,-1,-1
115,15236,750.00,192.00,178.00,98.00,1,-1,-1,-1
116,15236,750.00,192.00,178.00,98.00,1,-1,-1,-1
117,15236,750.00,192.00,178.00,98.00,1,-1,-1,-1
118,15236,750.00,192.00,178.00,98.00,1,-1,-1,-1
119,15236,750.00,192.00,178.00,98.00,1,-1,-1,-1
120,15236,750.00,192.00,178.00,98.00,1,-1,-1,-1
121,15236,750.00,192.00,178.00,98.00,1,-1,-1,-1
131,15237,936.00,128.00,50.00,84.00,1,-1,-1,-1
131,15238,794.00,214.00,126.00,90.00,1,-1,-1,-1
132,15238,800.32,210.57,135.65,96.86,1,-1,-1,-1
132,15239,902.00,252.00,252.00,120.00,1,-1,-1,-1
133,15238,801.33,210.00,137.33,98.00,1,-1,-1,-1
133,15239,902.00,252.00,252.00,120.00,1,-1,-1,-1
134,15238,801.57,209.84,137.87,98.31,1,-1,-1,-1
134,15239,902.00,252.00,252.00,120.00,1,-1,-1,-1
135,15238,801.55,209.83,138.04,98.35,1,-1,-1,-1
135,15239,902.00,252.00,252.00,120.00,1,-1,-1,-1
136,15238,801.45,209.84,138.12,98.31,1,-1,-1,-1
136,15239,902.00,252.00,252.00,120.00,1,-1,-1,-1
137,15238,801.34,209.86,138.19,98.27,1,-1,-1,-1
137,15239,902.00,252.00,252.00,120.00,1,-1,-1,-1
138,15238,801.24,209.88,138.28,98.23,1,-1,-1,-1
138,15239,902.00,252.00,252.00,120.00,1,-1,-1,-1
139,15238,801.13,209.90,138.38,98.20,1,-1,-1,-1
139,15239,902.00,252.00,252.00,120.00,1,-1,-1,-1
140,15238,801.04,209.91,138.48,98.17,1,-1,-1,-1
140,15239,902.00,252.00,252.00,120.00,1,-1,-1,-1
141,15238,801.29,209.78,138.87,98.45,1,-1,-1,-1
141,15239,902.00,252.00,252.00,120.00,1,-1,-1,-1
141,15240,96.00,154.00,46.00,104.00,1,-1,-1,-1
142,15240,96.00,154.00,46.00,104.00,1,-1,-1,-1
143,15240,96.00,154.00,46.00,104.00,1,-1,-1,-1
144,15240,96.00,154.00,46.00,104.00,1,-1,-1,-1
145,15240,96.00,154.00,46.00,104.00,1,-1,-1,-1
146,15240,96.00,154.00,46.00,104.00,1,-1,-1,-1
147,15240,96.00,154.00,46.00,104.00,1,-1,-1,-1
148,15240,96.00,154.00,46.00,104.00,1,-1,-1,-1
149,15240,96.00,154.00,46.00,104.00,1,-1,-1,-1
150,15240,96.00,154.00,46.00,104.00,1,-1,-1,-1
151,15240,96.00,154.00,46.00,104.00,1,-1,-1,-1
151,15241,1074.00,204.00,60.00,84.00,1,-1,-1,-1
151,15242,804.00,252.00,222.00,112.00,1,-1,-1,-1
152,15239,800.73,252.00,233.46,112.17,1,-1,-1,-1
152,15241,1074.00,204.00,60.00,84.00,1,-1,-1,-1
153,15239,794.29,252.00,232.44,111.68,1,-1,-1,-1
221,15243,744.00,166.00,44.00,88.00,1,-1,-1,-1
221,15244,790.00,158.00,42.00,94.00,1,-1,-1,-1
222,15243,744.00,166.00,44.00,88.00,1,-1,-1,-1
222,15244,790.00,158.00,42.00,94.00,1,-1,-1,-1
223,15243,744.00,166.00,44.00,88.00,1,-1,-1,-1
223,15244,790.00,158.00,42.00,94.00,1,-1,-1,-1
224,15243,744.00,166.00,44.00,88.00,1,-1,-1,-1
224,15244,790.00,158.00,42.00,94.00,1,-1,-1,-1
225,15243,744.00,166.00,44.00,88.00,1,-1,-1,-1
225,15244,790.00,158.00,42.00,94.00,1,-1,-1,-1
226,15243,744.00,166.00,44.00,88.00,1,-1,-1,-1
226,15244,790.00,158.00,42.00,94.00,1,-1,-1,-1
227,15243,744.00,166.00,44.00,88.00,1,-1,-1,-1
227,15244,790.00,158.00,42.00,94.00,1,-1,-1,-1
228,15243,744.00,166.00,44.00,88.00,1,-1,-1,-1
228,15244,790.00,158.00,42.00,94.00,1,-1,-1,-1
229,15243,744.00,166.00,44.00,88.00,1,-1,-1,-1
229,15244,790.00,158.00,42.00,94.00,1,-1,-1,-1
230,15243,744.00,166.00,44.00,88.00,1,-1,-1,-1
230,15244,790.00,158.00,42.00,94.00,1,-1,-1,-1
231,15243,744.00,166.00,44.00,88.00,1,-1,-1,-1
231,15244,790.00,158.00,42.00,94.00,1,-1,-1,-1
231,15245,28.00,166.00,54.00,114.00,1,-1,-1,-1
232,15245,28.00,166.00,54.00,114.00,1,-1,-1,-1
233,15245,28.00,166.00,54.00,114.00,1,-1,-1,-1
234,15245,28.00,166.00,54.00,114.00,1,-1,-1,-1
235,15245,28.00,166.00,54.00,114.00,1,-1,-1,-1
236,15245,28.00,166.00,54.00,114.00,1,-1,-1,-1
237,15245,28.00,166.00,54.00,114.00,1,-1,-1,-1
238,15245,28.00,166.00,54.00,114.00,1,-1,-1,-1
239,15245,28.00,166.00,54.00,114.00,1,-1,-1,-1
240,15245,28.00,166.00,54.00,114.00,1,-1,-1,-1
241,15245,28.00,166.00,54.00,114.00,1,-1,-1,-1
251,15246,386.00,172.00,34.00,82.00,1,-1,-1,-1
251,15247,442.00,174.00,36.00,76.00,1,-1,-1,-1
252,15246,386.00,172.00,34.00,82.00,1,-1,-1,-1
252,15247,442.00,174.00,36.00,76.00,1,-1,-1,-1
253,15246,386.00,172.00,34.00,82.00,1,-1,-1,-1
253,15247,442.00,174.00,36.00,76.00,1,-1,-1,-1
254,15246,386.00,172.00,34.00,82.00,1,-1,-1,-1
254,15247,442.00,174.00,36.00,76.00,1,-1,-1,-1
255,15246,386.00,172.00,34.00,82.00,1,-1,-1,-1
255,15247,442.00,174.00,36.00,76.00,1,-1,-1,-1
256,15246,386.00,172.00,34.00,82.00,1,-1,-1,-1
256,15247,442.00,174.00,36.00,76.00,1,-1,-1,-1
257,15246,386.00,172.00,34.00,82.00,1,-1,-1,-1
257,15247,442.00,174.00,36.00,76.00,1,-1,-1,-1
258,15246,386.00,172.00,34.00,82.00,1,-1,-1,-1
258,15247,442.00,174.00,36.00,76.00,1,-1,-1,-1
259,15246,386.00,172.00,34.00,82.00,1,-1,-1,-1
259,15247,442.00,174.00,36.00,76.00,1,-1,-1,-1
260,15246,386.00,172.00,34.00,82.00,1,-1,-1,-1
260,15247,442.00,174.00,36.00,76.00,1,-1,-1,-1
261,15246,386.00,172.00,34.00,82.00,1,-1,-1,-1
261,15247,442.00,174.00,36.00,76.00,1,-1,-1,-1
261,15248,278.00,182.00,54.00,130.00,1,-1,-1,-1
261,15249,350.00,176.00,42.00,106.00,1,-1,-1,-1
262,15248,278.00,182.00,54.00,130.00,1,-1,-1,-1
262,15249,350.00,176.00,42.00,106.00,1,-1,-1,-1
263,15248,278.00,182.00,54.00,130.00,1,-1,-1,-1
263,15249,350.00,176.00,42.00,106.00,1,-1,-1,-1
264,15248,278.00,182.00,54.00,130.00,1,-1,-1,-1
264,15249,350.00,176.00,42.00,106.00,1,-1,-1,-1
265,15248,278.00,182.00,54.00,130.00,1,-1,-1,-1
265,15249,350.00,176.00,42.00,106.00,1,-1,-1,-1
266,15248,278.00,182.00,54.00,130.00,1,-1,-1,-1
266,15249,350.00,176.00,42.00,106.00,1,-1,-1,-1
267,15248,278.00,182.00,54.00,130.00,1,-1,-1,-1
267,15249,350.00,176.00,42.00,106.00,1,-1,-1,-1
268,15248,278.00,182.00,54.00,130.00,1,-1,-1,-1
268,15249,350.00,176.00,42.00,106.00,1,-1,-1,-1
269,15248,278.00,182.00,54.00,130.00,1,-1,-1,-1
269,15249,350.00,176.00,42.00,106.00,1,-1,-1,-1
269,15250,888.00,156.00,48.00,98.00,1,-1,-1,-1
269,15251,926.00,152.00,50.00,110.00,1,-1,-1,-1
270,15250,888.00,156.00,48.00,98.00,1,-1,-1,-1
270,15251,926.00,152.00,50.00,110.00,1,-1,-1,-1
281,15246,330.80,177.95,39.25,85.97,1,-1,-1,-1
281,15249,352.90,177.96,32.28,74.57,1,-1,-1,-1
282,15246,332.42,179.42,40.69,88.75,1,-1,-1,-1
282,15249,353.19,178.08,31.45,72.65,1,-1,-1,-1
283,15246,335.62,181.21,42.23,89.69,1,-1,-1,-1
284,15246,347.66,181.89,42.04,90.04,1,-1,-1,-1
285,15246,355.59,179.54,43.27,94.05,1,-1,-1,-1
286,15246,361.08,177.36,45.14,98.12,1,-1,-1,-1
286,15248,385.27,178.04,39.51,92.37,1,-1,-1,-1
287,15246,355.09,175.23,46.81,102.23,1,-1,-1,-1
287,15248,390.63,177.84,38.71,90.50,1,-1,-1,-1
288,15246,352.77,173.13,47.36,105.08,1,-1,-1,-1
289,15246,352.03,172.31,47.20,106.17,1,-1,-1,-1
290,15246,351.89,171.99,46.81,106.55,1,-1,-1,-1
291,15246,351.77,171.67,47.38,107.83,1,-1,-1,-1
