1,13711,476.19,189.21,51.27,124.20,1,-1,-1,-1
1,13712,401.29,185.60,60.53,131.32,1,-1,-1,-1
1,13739,257.43,189.20,33.16,115.22,1,-1,-1,-1
1,13742,214.05,197.51,34.27,106.90,1,-1,-1,-1
1,13745,47.54,99.46,137.50,352.93,1,-1,-1,-1
25,13749,995.00,171.00,51.00,104.00,1,-1,-1,-1
25,13750,943.00,169.00,59.00,105.00,1,-1,-1,-1
26,13749,995.00,171.00,51.00,104.00,1,-1,-1,-1
26,13750,943.00,169.00,59.00,105.00,1,-1,-1,-1
27,13749,995.00,171.00,51.00,104.00,1,-1,-1,-1
27,13750,943.00,169.00,59.00,105.00,1,-1,-1,-1
28,13749,995.00,171.00,51.00,104.00,1,-1,-1,-1
28,13750,943.00,169.00,59.00,105.00,1,-1,-1,-1
29,13749,995.00,171.00,51.00,104.00,1,-1,-1,-1
29,13750,943.00,169.00,59.00,105.00,1,-1,-1,-1
30,13749,995.00,171.00,51.00,104.00,1,-1,-1,-1
30,13750,943.00,169.00,59.00,105.00,1,-1,-1,-1
31,13749,995.00,171.00,51.00,104.00,1,-1,-1,-1
31,13750,943.00,169.00,59.00,105.00,1,-1,-1,-1
49,13751,157.00,170.00,53.00,104.00,1,-1,-1,-1
49,13752,45.00,150.00,49.00,96.00,1,-1,-1,-1
50,13751,157.00,170.00,53.00,104.00,1,-1,-1,-1
50,13752,45.00,150.00,49.00,96.00,1,-1,-1,-1
51,13751,157.00,170.00,53.00,104.00,1,-1,-1,-1
51,13752,45.00,150.00,49.00,96.00,1,-1,-1,-1
52,13751,157.00,170.00,53.00,104.00,1,-1,-1,-1
52,13752,45.00,150.00,49.00,96.00,1,-1,-1,-1
53,13751,157.00,170.00,53.00,104.00,1,-1,-1,-1
53,13752,45.00,150.00,49.00,96.00,1,-1,-1,-1
54,13751,157.00,170.00,53.00,104.00,1,-1,-1,-1
54,13752,45.00,150.00,49.00,96.00,1,-1,-1,-1
55,13751,157.00,170.00,53.00,104.00,1,-1,-1,-1
55,13752,45.00,150.00,49.00,96.00,1,-1,-1,-1
67,13751,49.97,212.38,51.23,98.09,1,-1,-1,-1
68,13751,46.41,213.61,52.10,97.92,1,-1,-1,-1
69,13751,44.87,214.06,52.83,97.85,1,-1,-1,-1
70,13751,44.31,214.16,53.45,97.84,1,-1,-1,-1
71,13751,44.15,214.12,53.98,97.84,1,-1,-1,-1
72,13751,44.15,214.03,54.44,97.86,1,-1,-1,-1
73,13751,39.89,215.73,54.30,97.62,1,-1,-1,-1
73,13753,908.00,168.00,50.00,108.00,1,-1,-1,-1
73,13754,993.00,158.00,37.00,112.00,1,-1,-1,-1
74,13753,908.00,168.00,50.00,108.00,1,-1,-1,-1
74,13754,993.00,158.00,37.00,112.00,1,-1,-1,-1
75,13753,908.00,168.00,50.00,108.00,1,-1,-1,-1
75,13754,993.00,158.00,37.00,112.00,1,-1,-1,-1
76,13753,908.00,168.00,50.00,108.00,1,-1,-1,-1
76,13754,993.00,158.00,37.00,112.00,1,-1,-1,-1
77,13753,908.00,168.00,50.00,108.00,1,-1,-1,-1
77,13754,993.00,158.00,37.00,112.00,1,-1,-1,-1
78,13753,908.00,168.00,50.00,108.00,1,-1,-1,-1
78,13754,993.00,158.00,37.00,112.00,1,-1,-1,-1
79,13753,908.00,168.00,50.00,108.00,1,-1,-1,-1
79,13754,993.00,158.00,37.00,112.00,1,-1,-1,-1
79,13755,1170.00,163.00,73.00,186.00,1,-1,-1,-1
79,13756,807.00,170.00,47.00,104.00,1,-1,-1,-1
79,13757,1145.00,136.00,81.00,238.00,1,-1,-1,-1
80,13755,1170.00,163.00,73.00,186.00,1,-1,-1,-1
80,13756,807.00,170.00,47.00,104.00,1,-1,-1,-1
80,13757,1145.00,136.00,81.00,238.00,1,-1,-1,-1
81,13755,1170.00,163.00,73.00,186.00,1,-1,-1,-1
81,13756,807.00,170.00,47.00,104.00,1,-1,-1,-1
81,13757,1145.00,136.00,81.00,238.00,1,-1,-1,-1
82,13755,1170.00,163.00,73.00,186.00,1,-1,-1,-1
82,13756,807.00,170.00,47.00,104.00,1,-1,-1,-1
82,13757,1145.00,136.00,81.00,238.00,1,-1,-1,-1
83,13755,1170.00,163.00,73.00,186.00,1,-1,-1,-1
83,13756,807.00,170.00,47.00,104.00,1,-1,-1,-1
83,13757,1145.00,136.00,81.00,238.00,1,-1,-1,-1
84,13755,1170.00,163.00,73.00,186.00,1,-1,-1,-1
84,13756,807.00,170.00,47.00,104.00,1,-1,-1,-1
84,13757,1145.00,136.00,81.00,238.00,1,-1,-1,-1
85,13755,1170.00,163.00,73.00,186.00,1,-1,-1,-1
85,13756,807.00,170.00,47.00,104.00,1,-1,-1,-1
85,13757,1145.00,136.00,81.00,238.00,1,-1,-1,-1
85,13758,862.00,185.00,50.00,109.00,1,-1,-1,-1
85,13759,923.00,153.00,85.00,212.00,1,-1,-1,-1
86,13758,862.00,185.00,50.00,109.00,1,-1,-1,-1
86,13759,923.00,153.00,85.00,212.00,1,-1,-1,-1
87,13758,862.00,185.00,50.00,109.00,1,-1,-1,-1
87,13759,923.00,153.00,85.00,212.00,1,-1,-1,-1
88,13758,862.00,185.00,50.00,109.00,1,-1,-1,-1
88,13759,923.00,153.00,85.00,212.00,1,-1,-1,-1
89,13758,862.00,185.00,50.00,109.00,1,-1,-1,-1
89,13759,923.00,153.00,85.00,212.00,1,-1,-1,-1
90,13758,862.00,185.00,50.00,109.00,1,-1,-1,-1
90,13759,923.00,153.00,85.00,212.00,1,-1,-1,-1
91,13758,862.00,185.00,50.00,109.00,1,-1,-1,-1
91,13759,923.00,153.00,85.00,212.00,1,-1,-1,-1
91,13760,1121.00,244.00,103.00,128.00,1,-1,-1,-1
92,13760,1121.00,244.00,103.00,128.00,1,-1,-1,-1
93,13760,1121.00,244.00,103.00,128.00,1,-1,-1,-1
94,13760,1121.00,244.00,103.00,128.00,1,-1,-1,-1
95,13760,1121.00,244.00,103.00,128.00,1,-1,-1,-1
96,13760,1121.00,244.00,103.00,128.00,1,-1,-1,-1
97,13760,1121.00,244.00,103.00,128.00,1,-1,-1,-1
103,13761,1100.00,170.00,48.00,87.00,1,-1,-1,-1
104,13761,1100.00,170.00,48.00,87.00,1,-1,-1,-1
105,13761,1100.00,170.00,48.00,87.00,1,-1,-1,-1
106,13761,1100.00,170.00,48.00,87.00,1,-1,-1,-1
107,13761,1100.00,170.00,48.00,87.00,1,-1,-1,-1
108,13761,1100.00,170.00,48.00,87.00,1,-1,-1,-1
109,13761,1100.00,170.00,48.00,87.00,1,-1,-1,-1
109,13762,1060.00,178.00,46.00,85.00,1,-1,-1,-1
109,13763,941.00,190.00,71.00,67.00,1,-1,-1,-1
110,13762,1060.00,178.00,46.00,85.00,1,-1,-1,-1
110,13763,941.00,190.00,71.00,67.00,1,-1,-1,-1
111,13762,1060.00,178.00,46.00,85.00,1,-1,-1,-1
111,13763,941.00,190.00,71.00,67.00,1,-1,-1,-1
112,13762,1060.00,178.00,46.00,85.00,1,-1,-1,-1
112,13763,941.00,190.00,71.00,67.00,1,-1,-1,-1
113,13762,1060.00,178.00,46.00,85.00,1,-1,-1,-1
113,13763,941.00,190.00,71.00,67.00,1,-1,-1,-1
114,13762,1060.00,178.00,46.00,85.00,1,-1,-1,-1
114,13763,941.00,190.00,71.00,67.00,1,-1,-1,-1
115,13762,1060.00,178.00,46.00,85.00,1,-1,-1,-1
115,13763,941.00,190.00,71.00,67.00,1,-1,-1,-1
115,13764,1189.00,158.00,45.00,118.00,1,-1,-1,-1
116,13764,1189.00,158.00,45.00,118.00,1,-1,-1,-1
117,13764,1189.00,158.00,45.00,118.00,1,-1,-1,-1
118,13764,1189.00,158.00,45.00,118.00,1,-1,-1,-1
119,13764,1189.00,158.00,45.00,118.00,1,-1,-1,-1
120,13764,1189.00,158.00,45.00,118.00,1,-1,-1,-1
121,13764,1189.00,158.00,45.00,118.00,1,-1,-1,-1
121,13765,387.00,157.00,45.00,106.00,1,-1,-1,-1
122,13765,387.00,157.00,45.00,106.00,1,-1,-1,-1
123,13765,387.00,157.00,45.00,106.00,1,-1,-1,-1
124,13765,387.00,157.00,45.00,106.00,1,-1,-1,-1
125,13765,387.00,157.00,45.00,106.00,1,-1,-1,-1
126,13765,387.00,157.00,45.00,106.00,1,-1,-1,-1
127,13765,387.00,157.00,45.00,106.00,1,-1,-1,-1
127,13766,283.00,167.00,47.00,145.00,1,-1,-1,-1
128,13766,283.00,167.00,47.00,145.00,1,-1,-1,-1
129,13766,283.00,167.00,47.00,145.00,1,-1,-1,-1
130,13766,283.00,167.00,47.00,145.00,1,-1,-1,-1
131,13766,283.00,167.00,47.00,145.00,1,-1,-1,-1
132,13766,283.00,167.00,47.00,145.00,1,-1,-1,-1
133,13766,283.00,167.00,47.00,145.00,1,-1,-1,-1
133,13767,8.00,188.00,85.00,195.00,1,-1,-1,-1
134,13767,8.00,188.00,85.00,195.00,1,-1,-1,-1
135,13767,8.00,188.00,85.00,195.00,1,-1,-1,-1
136,13767,8.00,188.00,85.00,195.00,1,-1,-1,-1
137,13767,8.00,188.00,85.00,195.00,1,-1,-1,-1
138,13767,8.00,188.00,85.00,195.00,1,-1,-1,-1
139,13767,8.00,188.00,85.00,195.00,1,-1,-1,-1
169,13768,1041.00,177.00,59.00,89.00,1,-1,-1,-1
170,13768,1041.00,177.00,59.00,89.00,1,-1,-1,-1
171,13768,1041.00,177.00,59.00,89.00,1,-1,-1,-1
172,13768,1041.00,177.00,59.00,89.00,1,-1,-1,-1
173,13768,1041.00,177.00,59.00,89.00,1,-1,-1,-1
174,13768,1041.00,177.00,59.00,89.00,1,-1,-1,-1
175,13768,1041.00,177.00,59.00,89.00,1,-1,-1,-1
229,13769,788.00,196.00,41.00,112.00,1,-1,-1,-1
230,13769,788.00,196.00,41.00,112.00,1,-1,-1,-1
231,13769,788.00,196.00,41.00,112.00,1,-1,-1,-1
232,13769,788.00,196.00,41.00,112.00,1,-1,-1,-1
233,13769,788.00,196.00,41.00,112.00,1,-1,-1,-1
234,13769,788.00,196.00,41.00,112.00,1,-1,-1,-1
235,13769,788.00,196.00,41.00,112.00,1,-1,-1,-1
259,13770,377.00,181.00,37.00,121.00,1,-1,-1,-1
259,13771,350.00,178.00,39.00,132.00,1,-1,-1,-1
259,13772,197.00,163.00,70.00,194.00,1,-1,-1,-1
260,13770,377.00,181.00,37.00,121.00,1,-1,-1,-1
260,13771,350.00,178.00,39.00,132.00,1,-1,-1,-1
260,13772,197.00,163.00,70.00,194.00,1,-1,-1,-1
261,13770,377.00,181.00,37.00,121.00,1,-1,-1,-1
261,13771,350.00,178.00,39.00,132.00,1,-1,-1,-1
261,13772,197.00,163.00,70.00,194.00,1,-1,-1,-1
262,13770,377.00,181.00,37.00,121.00,1,-1,-1,-1
262,13771,350.00,178.00,39.00,132.00,1,-1,-1,-1
262,13772,197.00,163.00,70.00,194.00,1,-1,-1,-1
263,13770,377.00,181.00,37.00,121.00,1,-1,-1,-1
263,13771,350.00,178.00,39.00,132.00,1,-1,-1,-1
263,13772,197.00,163.00,70.00,194.00,1,-1,-1,-1
264,13770,377.00,181.00,37.00,121.00,1,-1,-1,-1
264,13771,350.00,178.00,39.00,132.00,1,-1,-1,-1
264,13772,197.00,163.00,70.00,194.00,1,-1,-1,-1
265,13770,377.00,181.00,37.00,121.00,1,-1,-1,-1
265,13771,345.77,189.79,34.97,114.66,1,-1,-1,-1
265,13772,184.24,158.14,78.18,212.03,1,-1,-1,-1
265,13773,828.00,167.00,37.00,109.00,1,-1,-1,-1
265,13774,861.00,164.00,42.00,125.00,1,-1,-1,-1
266,13771,343.91,194.16,34.07,108.23,1,-1,-1,-1
266,13772,179.13,156.44,82.30,218.38,1,-1,-1,-1
266,13773,828.00,167.00,37.00,109.00,1,-1,-1,-1
266,13774,861.00,164.00,42.00,125.00,1,-1,-1,-1
267,13771,342.99,195.49,34.51,106.29,1,-1,-1,-1
267,13772,176.66,155.81,84.99,220.72,1,-1,-1,-1
267,13773,828.00,167.00,37.00,109.00,1,-1,-1,-1
267,13774,861.00,164.00,42.00,125.00,1,-1,-1,-1
268,13771,342.37,195.85,35.37,105.76,1,-1,-1,-1
268,13772,175.27,155.61,87.07,221.46,1,-1,-1,-1
268,13773,828.00,167.00,37.00,109.00,1,-1,-1,-1
268,13774,861.00,164.00,42.00,125.00,1,-1,-1,-1
269,13771,341.85,195.89,36.36,105.70,1,-1,-1,-1
269,13772,174.29,155.57,88.87,221.61,1,-1,-1,-1
269,13773,828.00,167.00,37.00,109.00,1,-1,-1,-1
269,13774,861.00,164.00,42.00,125.00,1,-1,-1,-1
270,13771,341.39,195.82,37.35,105.79,1,-1,-1,-1
270,13772,173.50,155.58,90.52,221.55,1,-1,-1,-1
270,13773,828.00,167.00,37.00,109.00,1,-1,-1,-1
270,13774,861.00,164.00,42.00,125.00,1,-1,-1,-1
271,13771,341.00,197.28,36.60,103.65,1,-1,-1,-1
271,13772,171.73,154.89,91.57,224.13,1,-1,-1,-1
271,13773,828.00,167.00,37.00,109.00,1,-1,-1,-1
271,13774,861.00,164.00,42.00,125.00,1,-1,-1,-1
271,13775,1126.00,155.00,93.00,200.00,1,-1,-1,-1
271,13776,1043.00,153.00,73.00,213.00,1,-1,-1,-1
272,13775,1126.00,155.00,93.00,200.00,1,-1,-1,-1
272,13776,1043.00,153.00,73.00,213.00,1,-1,-1,-1
273,13775,1126.00,155.00,93.00,200.00,1,-1,-1,-1
273,13776,1043.00,153.00,73.00,213.00,1,-1,-1,-1
274,13775,1126.00,155.00,93.00,200.00,1,-1,-1,-1
274,13776,1043.00,153.00,73.00,213.00,1,-1,-1,-1
275,13775,1126.00,155.00,93.00,200.00,1,-1,-1,-1
275,13776,1043.00,153.00,73.00,213.00,1,-1,-1,-1
276,13775,1126.00,155.00,93.00,200.00,1,-1,-1,-1
276,13776,1043.00,153.00,73.00,213.00,1,-1,-1,-1
277,13772,267.90,167.77,73.57,184.94,1,-1,-1,-1
277,13775,1126.00,155.00,93.00,200.00,1,-1,-1,-1
277,13776,1043.00,153.00,73.00,213.00,1,-1,-1,-1
278,13772,275.86,168.83,70.65,181.64,1,-1,-1,-1
279,13772,278.74,169.13,68.95,180.71,1,-1,-1,-1
280,13772,279.94,169.22,67.71,180.42,1,-1,-1,-1
281,13772,280.46,169.24,66.71,180.37,1,-1,-1,-1
282,13772,280.72,169.23,65.88,180.39,1,-1,-1,-1
283,13772,284.53,169.61,65.50,179.35,1,-1,-1,-1
295,13772,186.06,164.19,76.16,208.20,1,-1,-1,-1
295,13777,139.00,160.00,71.00,206.00,1,-1,-1,-1
296,13771,184.38,164.09,74.54,208.80,1,-1,-1,-1
296,13772,153.32,161.44,75.10,207.30,1,-1,-1,-1
297,13771,157.94,161.41,74.18,209.30,1,-1,-1,-1
297,13772,170.39,162.95,75.85,208.84,1,-1,-1,-1
298,13771,171.12,162.48,75.19,210.66,1,-1,-1,-1
298,13772,147.50,160.97,74.82,207.47,1,-1,-1,-1
299,13771,148.43,160.50,74.27,209.24,1,-1,-1,-1
299,13772,168.69,162.80,75.52,208.84,1,-1,-1,-1
300,13771,139.63,159.74,73.73,208.59,1,-1,-1,-1
300,13772,176.84,163.50,75.87,209.33,1,-1,-1,-1
301,13771,133.15,158.55,74.97,212.10,1,-1,-1,-1
301,13772,173.71,163.37,76.25,210.38,1,-1,-1,-1
301,13775,901.18,170.93,85.50,190.04,1,-1,-1,-1
302,13775,898.79,171.17,83.59,189.89,1,-1,-1,-1
303,13775,898.17,171.26,82.27,189.84,1,-1,-1,-1
304,13775,898.44,171.27,81.30,189.83,1,-1,-1,-1
305,13775,899.02,171.26,80.55,189.84,1,-1,-1,-1
306,13775,899.64,171.24,79.95,189.85,1,-1,-1,-1
307,13775,894.16,171.62,79.85,189.61,1,-1,-1,-1
307,13778,397.00,141.00,34.00,152.00,1,-1,-1,-1
307,13779,218.00,174.00,89.00,177.00,1,-1,-1,-1
308,13778,397.00,141.00,34.00,152.00,1,-1,-1,-1
308,13779,218.00,174.00,89.00,177.00,1,-1,-1,-1
309,13772,224.17,173.42,69.31,179.07,1,-1,-1,-1
309,13778,397.00,141.00,34.00,152.00,1,-1,-1,-1
310,13772,226.02,174.00,71.78,177.17,1,-1,-1,-1
310,13778,397.00,141.00,34.00,152.00,1,-1,-1,-1
311,13772,225.83,174.18,74.00,176.58,1,-1,-1,-1
311,13778,397.00,141.00,34.00,152.00,1,-1,-1,-1
312,13772,225.17,174.23,75.88,176.40,1,-1,-1,-1
312,13778,397.00,141.00,34.00,152.00,1,-1,-1,-1
313,13772,226.81,174.70,75.35,175.17,1,-1,-1,-1
313,13778,397.00,141.00,34.00,152.00,1,-1,-1,-1
313,13780,18.00,126.00,175.00,255.00,1,-1,-1,-1
314,13771,50.57,126.66,109.00,255.11,1,-1,-1,-1
315,13771,42.68,125.58,121.92,256.12,1,-1,-1,-1
316,13771,37.53,125.18,131.04,256.54,1,-1,-1,-1
317,13771,34.05,125.07,137.80,256.61,1,-1,-1,-1
318,13771,31.54,125.09,143.03,256.55,1,-1,-1,-1
319,13771,26.83,123.57,144.45,259.09,1,-1,-1,-1
319,13781,481.00,171.00,42.00,85.00,1,-1,-1,-1
320,13781,481.00,171.00,42.00,85.00,1,-1,-1,-1
321,13781,481.00,171.00,42.00,85.00,1,-1,-1,-1
322,13781,481.00,171.00,42.00,85.00,1,-1,-1,-1
323,13781,481.00,171.00,42.00,85.00,1,-1,-1,-1
324,13781,481.00,171.00,42.00,85.00,1,-1,-1,-1
325,13781,481.00,171.00,42.00,85.00,1,-1,-1,-1
325,13782,435.00,163.00,41.00,112.00,1,-1,-1,-1
326,13778,441.10,162.72,27.75,112.51,1,-1,-1,-1
327,13778,441.21,163.23,29.47,111.57,1,-1,-1,-1
328,13778,440.92,163.46,30.89,111.17,1,-1,-1,-1
329,13778,440.38,163.50,32.11,111.09,1,-1,-1,-1
330,13778,439.81,163.47,33.16,111.15,1,-1,-1,-1
331,13778,441.57,164.29,32.72,109.66,1,-1,-1,-1
331,13783,376.00,170.00,45.00,144.00,1,-1,-1,-1
332,13772,368.85,170.10,57.74,144.06,1,-1,-1,-1
333,13772,372.66,169.98,54.92,143.55,1,-1,-1,-1
334,13772,374.49,169.94,53.06,143.36,1,-1,-1,-1
335,13772,375.29,169.93,51.75,143.33,1,-1,-1,-1
336,13772,375.64,169.94,50.76,143.37,1,-1,-1,-1
337,13771,251.79,173.73,101.40,198.74,1,-1,-1,-1
337,13772,380.10,169.83,50.38,142.31,1,-1,-1,-1
337,13784,797.00,113.00,82.00,180.00,1,-1,-1,-1
338,13771,260.54,175.16,94.63,196.88,1,-1,-1,-1
338,13784,797.00,113.00,82.00,180.00,1,-1,-1,-1
339,13771,264.68,175.66,90.34,196.25,1,-1,-1,-1
339,13784,797.00,113.00,82.00,180.00,1,-1,-1,-1
340,13771,266.60,175.78,87.35,196.11,1,-1,-1,-1
340,13784,797.00,113.00,82.00,180.00,1,-1,-1,-1
