15,1,602.00,136.00,104.00,230.00,1,-1,-1,-1
16,1,602.00,136.00,104.00,230.00,1,-1,-1,-1
17,1,602.00,136.00,104.00,230.00,1,-1,-1,-1
18,1,602.00,136.00,104.00,230.00,1,-1,-1,-1
19,1,602.00,136.00,104.00,230.00,1,-1,-1,-1
20,1,602.00,136.00,104.00,230.00,1,-1,-1,-1
21,1,602.00,136.00,104.00,230.00,1,-1,-1,-1
22,1,602.00,136.00,104.00,230.00,1,-1,-1,-1
22,2,996.00,160.00,146.00,210.00,1,-1,-1,-1
23,2,996.00,160.00,146.00,210.00,1,-1,-1,-1
24,2,996.00,160.00,146.00,210.00,1,-1,-1,-1
25,2,996.00,160.00,146.00,210.00,1,-1,-1,-1
26,2,996.00,160.00,146.00,210.00,1,-1,-1,-1
27,2,996.00,160.00,146.00,210.00,1,-1,-1,-1
28,2,996.00,160.00,146.00,210.00,1,-1,-1,-1
29,2,996.00,160.00,146.00,210.00,1,-1,-1,-1
29,3,490.00,136.00,36.00,90.00,1,-1,-1,-1
29,4,772.00,144.00,184.00,224.00,1,-1,-1,-1
30,3,490.00,136.00,36.00,90.00,1,-1,-1,-1
30,4,772.00,144.00,184.00,224.00,1,-1,-1,-1
31,3,490.00,136.00,36.00,90.00,1,-1,-1,-1
31,4,772.00,144.00,184.00,224.00,1,-1,-1,-1
32,3,491.41,137.48,36.15,90.00,1,-1,-1,-1
32,4,806.73,136.58,188.74,232.90,1,-1,-1,-1
32,5,540.00,138.00,40.00,86.00,1,-1,-1,-1
32,6,422.00,138.00,44.00,92.00,1,-1,-1,-1
33,3,491.82,137.98,36.32,90.00,1,-1,-1,-1
33,4,819.47,134.09,188.12,235.89,1,-1,-1,-1
33,5,540.00,138.00,40.00,86.00,1,-1,-1,-1
33,6,422.00,138.00,44.00,92.00,1,-1,-1,-1
34,3,491.87,138.13,36.52,90.00,1,-1,-1,-1
34,4,824.62,133.33,185.49,236.81,1,-1,-1,-1
34,5,540.00,138.00,40.00,86.00,1,-1,-1,-1
34,6,422.00,138.00,44.00,92.00,1,-1,-1,-1
35,3,492.27,138.53,36.52,90.00,1,-1,-1,-1
35,4,878.88,144.14,178.84,227.40,1,-1,-1,-1
35,5,540.00,138.00,40.00,86.00,1,-1,-1,-1
35,6,422.00,138.00,44.00,92.00,1,-1,-1,-1
36,4,911.98,142.72,178.02,227.93,1,-1,-1,-1
36,7,476.00,142.00,112.00,224.00,1,-1,-1,-1
37,1,481.73,141.93,103.24,224.07,1,-1,-1,-1
37,4,923.58,142.22,176.91,228.11,1,-1,-1,-1
38,1,478.14,142.08,104.57,223.92,1,-1,-1,-1
38,4,927.48,142.03,175.71,228.16,1,-1,-1,-1
39,1,476.53,142.13,105.62,223.87,1,-1,-1,-1
39,4,928.60,141.97,174.52,228.16,1,-1,-1,-1
40,1,475.88,142.14,106.46,223.86,1,-1,-1,-1
40,4,928.77,141.95,173.36,228.15,1,-1,-1,-1
41,1,475.64,142.14,107.15,223.86,1,-1,-1,-1
41,4,928.65,141.95,172.25,228.14,1,-1,-1,-1
42,1,475.57,142.13,107.73,223.87,1,-1,-1,-1
42,4,928.48,141.95,171.21,228.12,1,-1,-1,-1
43,1,471.41,142.33,107.63,223.67,1,-1,-1,-1
43,4,938.27,141.86,171.36,228.32,1,-1,-1,-1
43,8,576.00,132.00,130.00,236.00,1,-1,-1,-1
44,8,576.00,132.00,130.00,236.00,1,-1,-1,-1
45,8,576.00,132.00,130.00,236.00,1,-1,-1,-1
46,8,576.00,132.00,130.00,236.00,1,-1,-1,-1
47,8,576.00,132.00,130.00,236.00,1,-1,-1,-1
48,8,576.00,132.00,130.00,236.00,1,-1,-1,-1
49,8,576.00,132.00,130.00,236.00,1,-1,-1,-1
50,2,700.65,132.17,152.19,235.85,1,-1,-1,-1
50,8,576.00,132.00,130.00,236.00,1,-1,-1,-1
50,9,554.00,144.00,40.00,74.00,1,-1,-1,-1
51,2,696.90,131.65,146.13,236.33,1,-1,-1,-1
51,9,560.93,144.00,38.15,70.57,1,-1,-1,-1
52,2,696.79,131.47,141.65,236.49,1,-1,-1,-1
52,9,562.08,144.00,37.85,70.00,1,-1,-1,-1
53,2,697.98,131.43,138.21,236.53,1,-1,-1,-1
53,9,562.36,144.00,37.77,69.86,1,-1,-1,-1
54,2,699.50,131.45,135.47,236.51,1,-1,-1,-1
54,9,562.38,144.00,37.77,69.84,1,-1,-1,-1
55,2,701.01,131.49,133.25,236.47,1,-1,-1,-1
55,9,562.35,144.00,37.79,69.86,1,-1,-1,-1
56,2,702.38,131.54,131.41,236.43,1,-1,-1,-1
56,9,562.30,144.00,37.81,69.88,1,-1,-1,-1
57,2,694.26,130.79,131.80,237.12,1,-1,-1,-1
57,4,842.00,126.26,170.38,235.91,1,-1,-1,-1
57,9,559.88,144.00,39.85,74.02,1,-1,-1,-1
58,4,848.88,121.72,169.63,238.85,1,-1,-1,-1
58,9,558.97,142.68,43.28,80.79,1,-1,-1,-1
58,10,592.00,142.00,50.00,84.00,1,-1,-1,-1
59,4,851.72,120.20,168.15,239.82,1,-1,-1,-1
59,9,558.71,142.18,44.43,83.34,1,-1,-1,-1
59,10,592.00,142.00,50.00,84.00,1,-1,-1,-1
60,4,853.29,119.66,166.70,240.17,1,-1,-1,-1
60,9,558.67,141.99,44.73,84.30,1,-1,-1,-1
60,10,592.00,142.00,50.00,84.00,1,-1,-1,-1
61,4,854.31,119.49,165.41,240.28,1,-1,-1,-1
61,9,558.73,141.92,44.69,84.62,1,-1,-1,-1
61,10,592.00,142.00,50.00,84.00,1,-1,-1,-1
62,4,855.06,119.47,164.30,240.31,1,-1,-1,-1
62,9,558.82,141.90,44.53,84.69,1,-1,-1,-1
62,10,592.00,142.00,50.00,84.00,1,-1,-1,-1
63,4,855.65,119.49,163.35,240.30,1,-1,-1,-1
63,9,558.91,141.90,44.34,84.67,1,-1,-1,-1
63,10,592.00,142.00,50.00,84.00,1,-1,-1,-1
64,4,854.44,118.64,163.68,240.79,1,-1,-1,-1
64,9,558.76,141.73,44.92,85.78,1,-1,-1,-1
64,10,603.96,139.23,51.05,86.77,1,-1,-1,-1
64,11,988.00,110.00,176.00,252.00,1,-1,-1,-1
65,10,608.43,138.24,51.01,87.76,1,-1,-1,-1
65,11,988.00,110.00,176.00,252.00,1,-1,-1,-1
66,10,610.22,137.89,50.58,88.11,1,-1,-1,-1
66,11,988.00,110.00,176.00,252.00,1,-1,-1,-1
67,10,610.98,137.78,50.01,88.22,1,-1,-1,-1
67,11,988.00,110.00,176.00,252.00,1,-1,-1,-1
68,10,611.37,137.76,49.42,88.24,1,-1,-1,-1
68,11,988.00,110.00,176.00,252.00,1,-1,-1,-1
69,10,611.62,137.77,48.83,88.23,1,-1,-1,-1
69,11,988.00,110.00,176.00,252.00,1,-1,-1,-1
70,10,611.81,137.79,48.26,88.21,1,-1,-1,-1
70,11,988.00,110.00,176.00,252.00,1,-1,-1,-1
71,10,618.05,139.13,46.12,85.56,1,-1,-1,-1
71,11,988.00,110.00,176.00,252.00,1,-1,-1,-1
71,12,560.00,138.00,42.00,88.00,1,-1,-1,-1
72,10,620.54,139.65,44.94,84.53,1,-1,-1,-1
72,12,560.00,138.00,42.00,88.00,1,-1,-1,-1
73,10,621.57,139.85,44.15,84.15,1,-1,-1,-1
73,12,560.00,138.00,42.00,88.00,1,-1,-1,-1
74,10,622.06,139.93,43.53,84.01,1,-1,-1,-1
74,12,560.00,138.00,42.00,88.00,1,-1,-1,-1
75,10,622.33,139.96,43.01,83.97,1,-1,-1,-1
75,12,560.00,138.00,42.00,88.00,1,-1,-1,-1
76,10,622.51,139.97,42.54,83.95,1,-1,-1,-1
76,12,560.00,138.00,42.00,88.00,1,-1,-1,-1
77,10,622.65,139.98,42.12,83.95,1,-1,-1,-1
77,12,560.00,138.00,42.00,88.00,1,-1,-1,-1
78,10,623.84,139.95,42.08,83.86,1,-1,-1,-1
78,12,560.00,138.00,42.00,88.00,1,-1,-1,-1
92,13,604.00,134.00,54.00,108.00,1,-1,-1,-1
92,14,806.00,150.00,58.00,114.00,1,-1,-1,-1
93,12,604.51,134.04,51.88,107.78,1,-1,-1,-1
93,14,806.00,150.00,58.00,114.00,1,-1,-1,-1
94,12,605.54,133.94,52.45,108.31,1,-1,-1,-1
94,14,806.00,150.00,58.00,114.00,1,-1,-1,-1
95,12,605.81,133.90,52.79,108.48,1,-1,-1,-1
95,14,806.00,150.00,58.00,114.00,1,-1,-1,-1
96,12,605.80,133.90,53.00,108.52,1,-1,-1,-1
96,14,806.00,150.00,58.00,114.00,1,-1,-1,-1
97,12,605.69,133.90,53.15,108.51,1,-1,-1,-1
97,14,806.00,150.00,58.00,114.00,1,-1,-1,-1
98,12,605.56,133.90,53.27,108.48,1,-1,-1,-1
98,14,806.00,150.00,58.00,114.00,1,-1,-1,-1
99,12,607.29,133.75,53.65,109.25,1,-1,-1,-1
99,14,806.00,150.00,58.00,114.00,1,-1,-1,-1
106,12,639.57,135.80,65.70,134.73,1,-1,-1,-1
107,12,641.64,135.95,66.11,136.28,1,-1,-1,-1
108,12,642.45,136.00,66.10,136.84,1,-1,-1,-1
109,12,642.74,136.02,65.96,137.00,1,-1,-1,-1
110,12,642.82,136.02,65.78,137.01,1,-1,-1,-1
111,12,642.82,136.03,65.61,136.96,1,-1,-1,-1
112,12,642.78,136.02,65.45,136.89,1,-1,-1,-1
113,12,647.94,136.02,70.38,148.44,1,-1,-1,-1
114,12,650.03,136.02,71.89,152.76,1,-1,-1,-1
115,12,650.92,136.02,72.21,154.42,1,-1,-1,-1
116,12,651.31,136.02,72.06,154.99,1,-1,-1,-1
117,12,651.50,136.02,71.77,155.15,1,-1,-1,-1
118,12,651.61,136.02,71.44,155.14,1,-1,-1,-1
119,12,651.68,136.01,71.12,155.08,1,-1,-1,-1
120,12,653.26,136.04,71.92,156.82,1,-1,-1,-1
134,15,1036.00,152.00,62.00,168.00,1,-1,-1,-1
135,15,1036.00,152.00,62.00,168.00,1,-1,-1,-1
136,15,1036.00,152.00,62.00,168.00,1,-1,-1,-1
137,15,1036.00,152.00,62.00,168.00,1,-1,-1,-1
138,15,1036.00,152.00,62.00,168.00,1,-1,-1,-1
139,15,1036.00,152.00,62.00,168.00,1,-1,-1,-1
140,15,1036.00,152.00,62.00,168.00,1,-1,-1,-1
141,15,1036.00,152.00,62.00,168.00,1,-1,-1,-1
