1,1,438.00,94.00,90.00,240.00,1,-1,-1,-1
1,2,566.00,90.00,70.00,188.00,1,-1,-1,-1
1,3,336.00,82.00,96.00,256.00,1,-1,-1,-1
1,4,182.00,94.00,68.00,222.00,1,-1,-1,-1
2,1,438.00,94.00,90.00,240.00,1,-1,-1,-1
2,2,566.00,90.00,70.00,188.00,1,-1,-1,-1
2,3,336.00,82.00,96.00,256.00,1,-1,-1,-1
2,4,182.00,94.00,68.00,222.00,1,-1,-1,-1
3,1,438.00,94.00,90.00,240.00,1,-1,-1,-1
3,2,566.00,90.00,70.00,188.00,1,-1,-1,-1
3,3,336.00,82.00,96.00,256.00,1,-1,-1,-1
3,4,182.00,94.00,68.00,222.00,1,-1,-1,-1
4,1,438.00,94.00,90.00,240.00,1,-1,-1,-1
4,2,566.00,90.00,70.00,188.00,1,-1,-1,-1
4,3,336.00,82.00,96.00,256.00,1,-1,-1,-1
4,4,182.00,94.00,68.00,222.00,1,-1,-1,-1
5,1,438.00,94.00,90.00,240.00,1,-1,-1,-1
5,2,566.00,90.00,70.00,188.00,1,-1,-1,-1
5,3,336.00,82.00,96.00,256.00,1,-1,-1,-1
5,4,182.00,94.00,68.00,222.00,1,-1,-1,-1
6,1,438.00,94.00,90.00,240.00,1,-1,-1,-1
6,2,566.00,90.00,70.00,188.00,1,-1,-1,-1
6,3,336.00,82.00,96.00,256.00,1,-1,-1,-1
6,4,182.00,94.00,68.00,222.00,1,-1,-1,-1
7,1,438.00,94.00,90.00,240.00,1,-1,-1,-1
7,2,566.00,90.00,70.00,188.00,1,-1,-1,-1
7,3,336.00,82.00,96.00,256.00,1,-1,-1,-1
7,4,182.00,94.00,68.00,222.00,1,-1,-1,-1
8,1,438.00,94.00,90.00,240.00,1,-1,-1,-1
8,2,560.95,90.00,71.89,192.10,1,-1,-1,-1
8,3,354.91,84.74,92.36,246.43,1,-1,-1,-1
8,4,206.35,95.37,69.91,224.74,1,-1,-1,-1
8,5,182.00,86.00,42.00,164.00,1,-1,-1,-1
9,2,559.00,90.00,72.82,193.59,1,-1,-1,-1
9,3,361.89,85.74,90.99,242.91,1,-1,-1,-1
9,4,214.84,95.86,71.30,225.73,1,-1,-1,-1
9,5,182.00,86.00,42.00,164.00,1,-1,-1,-1
10,2,558.19,90.00,73.39,194.12,1,-1,-1,-1
10,3,364.27,86.08,90.50,241.71,1,-1,-1,-1
10,4,217.50,96.04,72.48,226.08,1,-1,-1,-1
10,5,182.00,86.00,42.00,164.00,1,-1,-1,-1
11,2,557.80,90.00,73.81,194.29,1,-1,-1,-1
11,3,365.02,86.19,90.31,241.34,1,-1,-1,-1
11,4,217.99,96.10,73.56,226.19,1,-1,-1,-1
11,5,182.00,86.00,42.00,164.00,1,-1,-1,-1
12,2,557.59,90.00,74.17,194.32,1,-1,-1,-1
12,3,365.19,86.21,90.24,241.27,1,-1,-1,-1
12,4,217.71,96.11,74.57,226.22,1,-1,-1,-1
12,5,182.00,86.00,42.00,164.00,1,-1,-1,-1
13,2,557.44,90.00,74.49,194.31,1,-1,-1,-1
13,3,365.15,86.20,90.21,241.30,1,-1,-1,-1
13,4,217.17,96.10,75.52,226.21,1,-1,-1,-1
13,5,182.00,86.00,42.00,164.00,1,-1,-1,-1
14,2,557.31,90.00,74.79,194.29,1,-1,-1,-1
14,3,365.05,86.18,90.19,241.36,1,-1,-1,-1
14,4,216.57,96.10,76.41,226.19,1,-1,-1,-1
14,5,182.00,86.00,42.00,164.00,1,-1,-1,-1
15,1,477.01,92.07,81.31,214.96,1,-1,-1,-1
15,2,553.30,87.37,73.67,191.63,1,-1,-1,-1
15,3,376.53,86.17,89.49,238.78,1,-1,-1,-1
15,4,237.45,105.30,72.47,209.07,1,-1,-1,-1
15,5,177.17,86.00,43.46,168.10,1,-1,-1,-1
15,6,12.00,108.00,74.00,216.00,1,-1,-1,-1
16,1,478.71,91.98,81.42,213.69,1,-1,-1,-1
16,2,551.83,86.38,73.18,190.61,1,-1,-1,-1
16,3,380.69,86.15,89.39,237.85,1,-1,-1,-1
16,4,244.87,108.84,71.84,202.44,1,-1,-1,-1
16,5,175.28,86.00,44.26,169.59,1,-1,-1,-1
16,6,12.00,108.00,74.00,216.00,1,-1,-1,-1
17,1,479.17,91.94,81.75,213.25,1,-1,-1,-1
17,2,551.34,86.01,72.95,190.22,1,-1,-1,-1
17,3,382.06,86.13,89.50,237.54,1,-1,-1,-1
17,4,246.91,110.06,72.54,200.14,1,-1,-1,-1
17,5,174.47,86.00,44.81,170.12,1,-1,-1,-1
17,6,12.00,108.00,74.00,216.00,1,-1,-1,-1
18,1,479.12,91.93,82.14,213.14,1,-1,-1,-1
18,2,551.21,85.89,72.82,190.07,1,-1,-1,-1
18,3,382.41,86.12,89.68,237.47,1,-1,-1,-1
18,4,247.08,110.46,73.66,199.36,1,-1,-1,-1
18,5,174.08,86.00,45.26,170.29,1,-1,-1,-1
18,6,12.00,108.00,74.00,216.00,1,-1,-1,-1
19,1,478.90,91.94,82.52,213.16,1,-1,-1,-1
19,2,551.21,85.85,72.72,190.02,1,-1,-1,-1
19,3,382.38,86.10,89.88,237.48,1,-1,-1,-1
19,4,246.59,110.57,74.86,199.14,1,-1,-1,-1
19,5,173.85,86.00,45.66,170.33,1,-1,-1,-1
19,6,12.00,108.00,74.00,216.00,1,-1,-1,-1
20,1,478.63,91.94,82.87,213.23,1,-1,-1,-1
20,2,551.26,85.85,72.65,190.00,1,-1,-1,-1
20,3,382.23,86.09,90.07,237.51,1,-1,-1,-1
20,4,245.92,110.57,76.02,199.13,1,-1,-1,-1
20,5,173.67,86.00,46.02,170.32,1,-1,-1,-1
20,6,12.00,108.00,74.00,216.00,1,-1,-1,-1
21,1,478.37,91.95,83.19,213.30,1,-1,-1,-1
21,2,551.32,85.86,72.59,189.99,1,-1,-1,-1
21,3,382.04,86.08,90.25,237.55,1,-1,-1,-1
21,4,245.21,110.53,77.11,199.18,1,-1,-1,-1
21,5,173.53,86.00,46.36,170.29,1,-1,-1,-1
21,6,12.00,108.00,74.00,216.00,1,-1,-1,-1
22,1,497.43,88.00,84.42,218.65,1,-1,-1,-1
22,2,550.68,85.62,72.58,189.97,1,-1,-1,-1
22,3,395.66,88.70,89.03,231.04,1,-1,-1,-1
22,4,259.48,106.52,81.22,205.85,1,-1,-1,-1
22,5,173.51,86.00,47.77,174.21,1,-1,-1,-1
22,6,12.00,108.00,74.00,216.00,1,-1,-1,-1
23,1,504.71,86.53,84.43,220.66,1,-1,-1,-1
23,3,400.42,89.69,89.23,228.59,1,-1,-1,-1
23,4,264.28,105.02,83.61,208.35,1,-1,-1,-1
23,5,173.41,86.00,48.50,175.66,1,-1,-1,-1
24,1,507.57,85.98,84.05,221.45,1,-1,-1,-1
24,3,401.78,90.04,89.92,227.73,1,-1,-1,-1
24,4,265.59,104.43,85.28,209.33,1,-1,-1,-1
24,5,173.30,86.00,48.95,176.19,1,-1,-1,-1
25,1,508.71,85.80,83.55,221.76,1,-1,-1,-1
25,3,401.91,90.16,90.74,227.45,1,-1,-1,-1
25,4,265.60,104.20,86.61,209.71,1,-1,-1,-1
25,5,173.19,86.00,49.28,176.36,1,-1,-1,-1
26,1,509.18,85.74,83.04,221.88,1,-1,-1,-1
26,3,401.60,90.19,91.57,227.39,1,-1,-1,-1
26,4,265.16,104.10,87.73,209.86,1,-1,-1,-1
26,5,173.09,86.00,49.55,176.40,1,-1,-1,-1
27,1,509.39,85.74,82.57,221.93,1,-1,-1,-1
27,3,401.16,90.19,92.34,227.41,1,-1,-1,-1
27,4,264.58,104.06,88.72,209.92,1,-1,-1,-1
27,5,172.99,86.00,49.78,176.39,1,-1,-1,-1
28,1,509.50,85.75,82.13,221.95,1,-1,-1,-1
28,3,400.71,90.18,93.06,227.45,1,-1,-1,-1
28,4,264.00,104.05,89.60,209.95,1,-1,-1,-1
28,5,172.90,86.00,49.99,176.36,1,-1,-1,-1
29,1,516.77,88.39,85.63,224.57,1,-1,-1,-1
29,3,412.84,82.29,94.80,232.74,1,-1,-1,-1
29,4,281.16,101.43,86.31,206.04,1,-1,-1,-1
29,5,172.68,86.00,50.44,178.94,1,-1,-1,-1
30,1,518.76,89.39,88.30,225.56,1,-1,-1,-1
30,3,417.45,79.34,95.23,234.74,1,-1,-1,-1
30,4,288.00,100.43,84.22,204.56,1,-1,-1,-1
30,5,172.69,86.00,50.46,179.90,1,-1,-1,-1
31,1,518.82,89.78,90.51,225.93,1,-1,-1,-1
31,3,419.20,78.22,95.19,235.52,1,-1,-1,-1
31,4,290.81,100.06,82.67,204.02,1,-1,-1,-1
31,5,172.76,86.00,50.32,180.24,1,-1,-1,-1
32,1,518.20,89.92,92.43,226.07,1,-1,-1,-1
32,3,419.86,77.82,94.99,235.82,1,-1,-1,-1
32,4,292.08,99.93,81.39,203.83,1,-1,-1,-1
32,5,172.86,86.00,50.14,180.35,1,-1,-1,-1
33,1,517.39,89.98,94.14,226.11,1,-1,-1,-1
33,3,420.10,77.69,94.75,235.93,1,-1,-1,-1
33,4,292.75,99.89,80.29,203.78,1,-1,-1,-1
33,5,172.96,86.00,49.95,180.36,1,-1,-1,-1
34,1,516.55,90.00,95.66,226.12,1,-1,-1,-1
34,3,420.18,77.66,94.50,235.98,1,-1,-1,-1
34,4,293.17,99.88,79.30,203.77,1,-1,-1,-1
34,5,173.06,86.00,49.77,180.35,1,-1,-1,-1
35,1,515.76,90.01,97.04,226.11,1,-1,-1,-1
35,3,420.19,77.67,94.27,236.00,1,-1,-1,-1
35,4,293.48,99.89,78.41,203.78,1,-1,-1,-1
35,5,173.15,86.00,49.60,180.32,1,-1,-1,-1
36,1,535.61,93.92,89.73,211.76,1,-1,-1,-1
36,3,440.18,85.52,91.92,226.87,1,-1,-1,-1
36,4,310.89,98.59,78.61,205.11,1,-1,-1,-1
36,5,172.17,84.70,50.26,182.90,1,-1,-1,-1
37,1,543.43,95.44,86.37,206.20,1,-1,-1,-1
37,3,447.41,88.56,91.65,223.37,1,-1,-1,-1
37,4,317.45,98.10,78.53,205.62,1,-1,-1,-1
37,5,171.83,84.20,50.47,183.86,1,-1,-1,-1
38,1,546.42,95.97,84.64,204.22,1,-1,-1,-1
38,3,449.67,89.67,92.17,222.11,1,-1,-1,-1
38,4,319.89,97.93,78.35,205.82,1,-1,-1,-1
38,5,171.71,84.02,50.51,184.21,1,-1,-1,-1
39,1,547.65,96.15,83.55,203.54,1,-1,-1,-1
39,3,450.10,90.07,92.93,221.67,1,-1,-1,-1
39,4,320.73,97.87,78.15,205.90,1,-1,-1,-1
39,5,171.69,83.95,50.50,184.32,1,-1,-1,-1
40,1,548.20,96.21,82.73,203.34,1,-1,-1,-1
40,3,449.89,90.20,93.72,221.54,1,-1,-1,-1
40,4,320.99,97.86,77.96,205.93,1,-1,-1,-1
40,5,171.70,83.93,50.47,184.33,1,-1,-1,-1
41,1,548.48,96.21,82.05,203.31,1,-1,-1,-1
41,3,449.47,90.23,94.48,221.52,1,-1,-1,-1
41,4,321.01,97.86,77.77,205.95,1,-1,-1,-1
41,5,171.72,83.93,50.43,184.32,1,-1,-1,-1
42,1,548.67,96.20,81.46,203.35,1,-1,-1,-1
42,3,448.99,90.23,95.19,221.55,1,-1,-1,-1
42,4,320.97,97.87,77.61,205.96,1,-1,-1,-1
42,5,171.75,83.93,50.39,184.30,1,-1,-1,-1
43,1,555.49,102.76,79.40,199.46,1,-1,-1,-1
43,3,450.89,88.90,95.06,218.96,1,-1,-1,-1
43,4,339.84,97.88,74.81,200.74,1,-1,-1,-1
43,5,172.52,83.94,50.16,184.27,1,-1,-1,-1
44,1,558.10,105.22,78.37,198.03,1,-1,-1,-1
44,3,451.24,88.39,95.54,218.01,1,-1,-1,-1
44,4,347.13,97.90,73.33,198.75,1,-1,-1,-1
44,5,172.87,83.94,49.96,184.25,1,-1,-1,-1
45,1,559.10,106.10,77.76,197.54,1,-1,-1,-1
45,3,451.06,88.19,96.20,217.68,1,-1,-1,-1
45,4,349.91,97.91,72.39,198.03,1,-1,-1,-1
45,5,173.06,83.95,49.77,184.23,1,-1,-1,-1
46,1,559.49,106.40,77.33,197.40,1,-1,-1,-1
46,3,450.69,88.11,96.89,217.59,1,-1,-1,-1
46,4,350.98,97.92,71.69,197.78,1,-1,-1,-1
46,5,173.18,83.95,49.60,184.20,1,-1,-1,-1
47,1,559.65,106.48,76.99,197.39,1,-1,-1,-1
47,3,450.29,88.07,97.54,217.58,1,-1,-1,-1
47,4,351.41,97.92,71.12,197.71,1,-1,-1,-1
47,5,173.27,83.96,49.45,184.19,1,-1,-1,-1
48,1,559.73,106.47,76.70,197.43,1,-1,-1,-1
48,3,449.90,88.06,98.15,217.61,1,-1,-1,-1
48,4,351.59,97.93,70.62,197.70,1,-1,-1,-1
48,5,173.35,83.96,49.31,184.17,1,-1,-1,-1
49,1,559.77,106.44,76.44,197.47,1,-1,-1,-1
49,3,449.53,88.05,98.70,217.64,1,-1,-1,-1
49,4,351.67,97.94,70.17,197.72,1,-1,-1,-1
49,5,173.41,83.97,49.19,184.15,1,-1,-1,-1
50,1,561.54,107.18,76.10,196.61,1,-1,-1,-1
50,2,488.85,93.93,90.63,215.87,1,-1,-1,-1
50,3,433.15,93.28,88.11,200.65,1,-1,-1,-1
50,4,366.88,97.94,69.57,196.43,1,-1,-1,-1
50,5,173.62,83.97,48.78,182.83,1,-1,-1,-1
51,2,486.42,95.39,93.96,213.65,1,-1,-1,-1
51,3,430.27,98.00,80.97,190.07,1,-1,-1,-1
51,4,379.16,97.95,67.88,192.02,1,-1,-1,-1
51,5,173.15,83.97,48.40,182.32,1,-1,-1,-1
52,2,484.96,95.92,96.40,212.82,1,-1,-1,-1
52,3,429.89,99.67,77.17,186.36,1,-1,-1,-1
52,4,383.68,97.96,67.19,190.38,1,-1,-1,-1
52,5,173.04,83.97,48.12,182.13,1,-1,-1,-1
53,2,484.00,96.11,98.24,212.49,1,-1,-1,-1
53,3,430.37,100.23,74.67,185.12,1,-1,-1,-1
53,4,385.23,97.96,66.88,189.80,1,-1,-1,-1
53,5,173.06,83.98,47.91,182.05,1,-1,-1,-1
54,2,498.56,106.62,91.41,196.67,1,-1,-1,-1
54,3,429.63,101.22,73.52,182.29,1,-1,-1,-1
54,4,393.95,96.65,67.31,190.92,1,-1,-1,-1
54,5,173.12,83.98,47.72,182.02,1,-1,-1,-1
55,2,504.23,110.67,88.91,190.50,1,-1,-1,-1
55,4,397.07,96.16,67.50,191.37,1,-1,-1,-1
55,5,173.19,83.98,47.55,182.01,1,-1,-1,-1
56,2,506.18,112.08,88.18,188.32,1,-1,-1,-1
56,4,398.08,95.98,67.60,191.57,1,-1,-1,-1
56,5,173.26,83.98,47.40,182.01,1,-1,-1,-1
57,1,579.26,100.60,65.36,174.81,1,-1,-1,-1
57,2,506.80,101.91,90.74,198.22,1,-1,-1,-1
57,4,408.24,91.99,67.43,187.73,1,-1,-1,-1
57,5,172.44,82.68,47.75,183.31,1,-1,-1,-1
58,1,580.89,100.15,63.15,173.67,1,-1,-1,-1
58,2,507.55,98.19,90.63,201.84,1,-1,-1,-1
58,4,411.61,90.49,67.98,186.30,1,-1,-1,-1
58,5,172.13,82.19,47.89,183.80,1,-1,-1,-1
59,1,581.90,100.01,61.56,173.27,1,-1,-1,-1
59,2,508.24,96.74,89.74,203.25,1,-1,-1,-1
59,4,412.44,89.94,68.76,185.79,1,-1,-1,-1
59,5,172.01,82.00,47.94,183.99,1,-1,-1,-1
60,1,582.55,99.97,60.34,173.17,1,-1,-1,-1
60,2,508.86,96.18,88.67,203.79,1,-1,-1,-1
60,4,412.34,89.76,69.57,185.63,1,-1,-1,-1
60,5,171.97,81.94,47.96,184.05,1,-1,-1,-1
61,1,583.01,99.95,59.35,173.19,1,-1,-1,-1
61,2,509.41,95.98,87.61,204.00,1,-1,-1,-1
61,4,411.93,89.71,70.35,185.60,1,-1,-1,-1
61,5,171.96,81.92,47.97,184.07,1,-1,-1,-1
62,1,583.37,99.95,58.52,173.25,1,-1,-1,-1
62,2,509.88,95.91,86.64,204.07,1,-1,-1,-1
62,4,411.44,89.71,71.06,185.61,1,-1,-1,-1
62,5,171.96,81.92,47.98,184.07,1,-1,-1,-1
63,1,583.66,99.95,57.80,173.32,1,-1,-1,-1
63,2,510.31,95.89,85.77,204.09,1,-1,-1,-1
63,4,410.95,89.73,71.72,185.64,1,-1,-1,-1
63,5,171.96,81.92,47.98,184.07,1,-1,-1,-1
64,1,584.77,99.88,57.43,172.20,1,-1,-1,-1
64,2,530.49,95.89,84.52,202.78,1,-1,-1,-1
64,4,416.97,98.92,69.83,180.43,1,-1,-1,-1
64,5,172.23,79.32,48.75,186.68,1,-1,-1,-1
65,2,538.87,95.90,83.89,202.28,1,-1,-1,-1
65,3,392.33,98.25,72.18,183.42,1,-1,-1,-1
65,4,420.96,102.44,69.42,179.80,1,-1,-1,-1
65,5,172.45,79.64,48.80,186.36,1,-1,-1,-1
66,2,542.07,95.91,83.44,202.09,1,-1,-1,-1
66,3,391.73,98.13,70.89,183.52,1,-1,-1,-1
66,4,422.38,103.72,69.20,179.59,1,-1,-1,-1
66,5,172.50,79.77,48.89,186.22,1,-1,-1,-1
67,2,543.30,95.91,83.07,202.02,1,-1,-1,-1
67,3,391.82,98.08,69.90,183.57,1,-1,-1,-1
67,4,422.85,104.17,69.06,179.55,1,-1,-1,-1
67,5,172.49,79.83,48.99,186.16,1,-1,-1,-1
68,2,543.76,95.92,82.76,202.00,1,-1,-1,-1
68,3,392.15,98.06,69.11,183.62,1,-1,-1,-1
68,4,422.95,104.32,68.94,179.56,1,-1,-1,-1
68,5,172.46,79.86,49.08,186.13,1,-1,-1,-1
69,2,543.94,95.93,82.49,201.99,1,-1,-1,-1
69,3,392.52,98.05,68.47,183.65,1,-1,-1,-1
69,4,422.93,104.35,68.85,179.59,1,-1,-1,-1
69,5,172.42,79.88,49.17,186.11,1,-1,-1,-1
70,2,544.01,95.94,82.25,201.99,1,-1,-1,-1
70,3,392.87,98.04,67.93,183.69,1,-1,-1,-1
70,4,422.87,104.34,68.77,179.63,1,-1,-1,-1
70,5,172.38,79.90,49.25,186.10,1,-1,-1,-1
71,2,550.86,90.72,82.75,204.60,1,-1,-1,-1
71,3,385.23,91.51,66.45,181.11,1,-1,-1,-1
71,4,439.42,103.01,69.50,180.97,1,-1,-1,-1
71,5,174.70,82.52,48.54,183.48,1,-1,-1,-1
72,2,553.54,88.75,82.64,205.58,1,-1,-1,-1
72,3,382.52,89.03,65.65,180.14,1,-1,-1,-1
72,4,445.52,102.49,69.90,181.49,1,-1,-1,-1
72,5,175.58,83.52,48.26,182.48,1,-1,-1,-1
73,2,554.62,88.02,82.32,205.95,1,-1,-1,-1
73,3,381.68,88.12,65.14,179.80,1,-1,-1,-1
73,4,447.67,102.28,70.17,181.71,1,-1,-1,-1
73,5,175.91,83.89,48.15,182.11,1,-1,-1,-1
74,2,555.08,87.77,81.96,206.08,1,-1,-1,-1
74,3,381.53,87.80,64.76,179.70,1,-1,-1,-1
74,4,448.31,102.19,70.36,181.80,1,-1,-1,-1
74,5,176.03,84.03,48.10,181.97,1,-1,-1,-1
75,2,555.29,87.69,81.60,206.13,1,-1,-1,-1
75,3,381.63,87.70,64.46,179.68,1,-1,-1,-1
75,4,448.40,102.15,70.53,181.84,1,-1,-1,-1
75,5,176.07,84.07,48.08,181.93,1,-1,-1,-1
76,2,555.41,87.68,81.26,206.13,1,-1,-1,-1
76,3,381.81,87.68,64.20,179.69,1,-1,-1,-1
76,4,448.29,102.12,70.67,181.86,1,-1,-1,-1
76,5,176.08,84.08,48.07,181.91,1,-1,-1,-1
77,2,555.49,87.70,80.95,206.13,1,-1,-1,-1
77,3,382.00,87.70,63.98,179.71,1,-1,-1,-1
77,4,448.12,102.11,70.80,181.88,1,-1,-1,-1
77,5,176.08,84.08,48.06,181.92,1,-1,-1,-1
78,2,559.54,94.24,76.59,195.68,1,-1,-1,-1
78,3,373.07,94.26,62.40,174.51,1,-1,-1,-1
78,4,459.50,98.18,71.30,181.89,1,-1,-1,-1
78,5,181.09,85.38,47.16,175.38,1,-1,-1,-1
79,2,561.08,96.79,74.79,191.65,1,-1,-1,-1
79,3,369.67,96.78,61.95,172.54,1,-1,-1,-1
79,4,463.60,96.69,71.74,181.90,1,-1,-1,-1
79,5,182.79,85.88,47.23,172.90,1,-1,-1,-1
80,2,561.66,97.71,74.02,190.20,1,-1,-1,-1
80,3,368.41,97.70,61.92,171.85,1,-1,-1,-1
80,4,464.92,96.13,72.15,181.91,1,-1,-1,-1
80,5,183.20,86.05,47.66,172.00,1,-1,-1,-1
81,2,561.88,98.04,73.64,189.70,1,-1,-1,-1
81,3,367.95,98.04,62.03,171.62,1,-1,-1,-1
81,4,465.21,95.93,72.52,181.92,1,-1,-1,-1
81,5,183.15,86.11,48.18,171.69,1,-1,-1,-1
82,2,561.96,98.15,73.41,189.55,1,-1,-1,-1
82,3,367.80,98.15,62.19,171.56,1,-1,-1,-1
82,4,465.12,95.86,72.85,181.93,1,-1,-1,-1
82,5,182.95,86.12,48.70,171.61,1,-1,-1,-1
83,2,561.98,98.18,73.25,189.52,1,-1,-1,-1
83,3,367.76,98.18,62.35,171.57,1,-1,-1,-1
83,4,464.91,95.85,73.15,181.94,1,-1,-1,-1
83,5,182.71,86.12,49.19,171.60,1,-1,-1,-1
84,2,561.99,98.18,73.12,189.54,1,-1,-1,-1
84,3,367.76,98.18,62.50,171.60,1,-1,-1,-1
84,4,464.66,95.85,73.42,181.94,1,-1,-1,-1
84,5,182.46,86.11,49.64,171.63,1,-1,-1,-1
85,2,559.23,106.04,65.42,172.52,1,-1,-1,-1
85,3,358.96,94.24,63.24,172.94,1,-1,-1,-1
85,4,481.48,97.17,72.19,179.34,1,-1,-1,-1
85,5,183.63,88.72,48.57,166.41,1,-1,-1,-1
86,2,558.34,109.06,61.96,165.98,1,-1,-1,-1
86,3,355.63,92.75,63.66,173.47,1,-1,-1,-1
86,4,487.84,97.68,71.64,178.35,1,-1,-1,-1
86,5,183.94,89.71,48.40,164.46,1,-1,-1,-1
87,2,558.27,110.10,60.25,163.75,1,-1,-1,-1
87,3,354.38,92.18,63.95,173.68,1,-1,-1,-1
87,4,490.15,97.87,71.35,177.99,1,-1,-1,-1
87,5,183.93,90.06,48.55,163.77,1,-1,-1,-1
88,2,558.47,110.43,59.19,163.03,1,-1,-1,-1
88,3,353.92,91.98,64.17,173.77,1,-1,-1,-1
88,4,490.94,97.95,71.17,177.87,1,-1,-1,-1
88,5,183.81,90.17,48.81,163.55,1,-1,-1,-1
89,2,558.74,110.52,58.42,162.85,1,-1,-1,-1
89,3,353.77,91.91,64.35,173.82,1,-1,-1,-1
89,4,491.15,97.97,71.04,177.83,1,-1,-1,-1
89,5,183.66,90.20,49.08,163.50,1,-1,-1,-1
90,2,559.03,110.51,57.78,162.86,1,-1,-1,-1
90,3,353.73,91.89,64.51,173.85,1,-1,-1,-1
90,4,491.16,97.99,70.94,177.83,1,-1,-1,-1
90,5,183.51,90.20,49.35,163.51,1,-1,-1,-1
91,2,559.30,110.47,57.22,162.94,1,-1,-1,-1
91,3,353.73,91.89,64.65,173.86,1,-1,-1,-1
91,4,491.09,97.99,70.85,177.84,1,-1,-1,-1
91,5,183.37,90.19,49.60,163.55,1,-1,-1,-1
92,2,559.45,111.27,56.59,161.17,1,-1,-1,-1
92,3,338.71,95.82,63.50,167.35,1,-1,-1,-1
92,4,512.07,99.30,69.18,172.62,1,-1,-1,-1
92,5,187.35,90.17,49.49,162.28,1,-1,-1,-1
93,3,332.73,97.32,63.68,164.86,1,-1,-1,-1
93,4,519.85,99.80,68.76,170.64,1,-1,-1,-1
93,5,188.76,90.15,49.60,161.82,1,-1,-1,-1
94,3,330.30,97.87,64.36,163.97,1,-1,-1,-1
94,4,522.50,99.98,68.81,169.93,1,-1,-1,-1
94,5,189.20,90.14,49.77,161.68,1,-1,-1,-1
95,3,329.22,98.07,65.15,163.67,1,-1,-1,-1
95,4,523.26,100.05,69.01,169.69,1,-1,-1,-1
95,5,189.28,90.13,49.97,161.65,1,-1,-1,-1
96,3,328.66,98.13,65.95,163.59,1,-1,-1,-1
96,4,523.33,100.06,69.26,169.63,1,-1,-1,-1
96,5,189.23,90.11,50.15,161.66,1,-1,-1,-1
97,3,328.32,98.15,66.70,163.58,1,-1,-1,-1
97,4,523.15,100.07,69.50,169.63,1,-1,-1,-1
97,5,189.14,90.10,50.33,161.68,1,-1,-1,-1
98,3,328.06,98.14,67.39,163.61,1,-1,-1,-1
98,4,522.90,100.06,69.74,169.65,1,-1,-1,-1
98,5,189.05,90.09,50.49,161.71,1,-1,-1,-1
99,3,320.94,92.89,68.73,168.89,1,-1,-1,-1
99,4,527.94,106.61,67.20,161.82,1,-1,-1,-1
99,5,190.86,90.08,52.05,165.66,1,-1,-1,-1
99,7,388.00,114.00,48.00,138.00,1,-1,-1,-1
100,3,318.55,90.92,68.78,170.87,1,-1,-1,-1
100,4,529.55,109.11,66.58,158.85,1,-1,-1,-1
100,5,191.43,90.08,52.83,167.15,1,-1,-1,-1
100,7,388.00,114.00,48.00,138.00,1,-1,-1,-1
101,3,317.92,90.17,68.40,171.63,1,-1,-1,-1
101,4,529.89,110.00,66.70,157.81,1,-1,-1,-1
101,5,191.55,90.07,53.29,167.73,1,-1,-1,-1
101,7,388.00,114.00,48.00,138.00,1,-1,-1,-1
102,3,317.93,89.90,67.90,171.93,1,-1,-1,-1
102,4,529.77,110.30,67.05,157.47,1,-1,-1,-1
102,5,191.50,90.06,53.60,167.95,1,-1,-1,-1
102,7,388.00,114.00,48.00,138.00,1,-1,-1,-1
103,3,318.18,89.81,67.37,172.03,1,-1,-1,-1
103,4,529.50,110.38,67.46,157.38,1,-1,-1,-1
103,5,191.39,90.06,53.86,168.02,1,-1,-1,-1
103,7,388.00,114.00,48.00,138.00,1,-1,-1,-1
104,3,318.49,89.79,66.88,172.07,1,-1,-1,-1
104,4,529.20,110.39,67.87,157.39,1,-1,-1,-1
104,5,191.27,90.05,54.07,168.05,1,-1,-1,-1
104,7,388.00,114.00,48.00,138.00,1,-1,-1,-1
105,3,318.80,89.80,66.42,172.07,1,-1,-1,-1
105,4,528.90,110.36,68.26,157.44,1,-1,-1,-1
105,5,191.16,90.05,54.26,168.06,1,-1,-1,-1
105,7,388.00,114.00,48.00,138.00,1,-1,-1,-1
106,2,494.89,116.08,53.89,147.85,1,-1,-1,-1
106,3,308.98,88.51,66.67,174.68,1,-1,-1,-1
106,4,522.94,111.65,65.53,154.86,1,-1,-1,-1
106,5,189.19,90.04,54.24,168.06,1,-1,-1,-1
106,7,385.88,114.00,48.13,138.00,1,-1,-1,-1
106,8,464.00,128.00,64.00,136.00,1,-1,-1,-1
106,9,570.00,96.00,58.00,176.00,1,-1,-1,-1
107,2,492.51,116.17,55.17,147.58,1,-1,-1,-1
107,3,305.52,88.03,66.36,175.66,1,-1,-1,-1
107,4,521.03,112.11,63.69,153.92,1,-1,-1,-1
107,5,188.44,90.04,54.21,168.05,1,-1,-1,-1
107,7,385.07,114.00,48.26,138.00,1,-1,-1,-1
107,8,464.00,128.00,64.00,136.00,1,-1,-1,-1
107,9,570.00,96.00,58.00,176.00,1,-1,-1,-1
108,2,491.42,116.20,56.16,147.49,1,-1,-1,-1
108,3,304.45,87.86,65.88,176.02,1,-1,-1,-1
108,4,520.67,112.26,62.26,153.60,1,-1,-1,-1
108,5,188.15,90.03,54.19,168.05,1,-1,-1,-1
108,7,384.75,114.00,48.39,138.00,1,-1,-1,-1
108,8,464.00,128.00,64.00,136.00,1,-1,-1,-1
108,9,570.00,96.00,58.00,176.00,1,-1,-1,-1
109,2,488.38,116.59,55.78,146.50,1,-1,-1,-1
109,3,304.91,90.41,64.12,172.25,1,-1,-1,-1
109,4,518.73,113.61,60.05,149.57,1,-1,-1,-1
109,5,188.97,90.03,53.63,166.74,1,-1,-1,-1
109,7,384.36,110.00,50.32,143.34,1,-1,-1,-1
109,8,468.68,126.52,66.51,138.97,1,-1,-1,-1
109,9,578.04,100.45,56.77,173.03,1,-1,-1,-1
110,3,304.37,94.03,62.43,168.16,1,-1,-1,-1
110,4,518.99,114.29,59.53,148.28,1,-1,-1,-1
110,5,189.31,90.03,53.33,166.24,1,-1,-1,-1
110,7,384.41,109.83,50.67,144.00,1,-1,-1,-1
110,8,467.67,126.02,68.21,139.96,1,-1,-1,-1
110,9,581.39,101.95,56.51,173.50,1,-1,-1,-1
111,3,304.29,95.39,61.70,166.63,1,-1,-1,-1
111,5,189.47,90.03,53.16,166.05,1,-1,-1,-1
111,7,384.42,109.78,50.86,144.23,1,-1,-1,-1
111,8,466.77,125.87,69.71,140.27,1,-1,-1,-1
111,9,582.56,102.39,56.12,173.69,1,-1,-1,-1
112,3,304.36,95.89,61.35,166.06,1,-1,-1,-1
112,5,189.56,90.02,53.03,165.98,1,-1,-1,-1
112,7,384.40,109.78,50.98,144.29,1,-1,-1,-1
112,8,465.92,125.84,71.17,140.33,1,-1,-1,-1
112,9,583.02,102.48,55.67,173.79,1,-1,-1,-1
113,3,302.61,97.38,60.96,165.87,1,-1,-1,-1
113,4,498.61,117.81,58.19,142.27,1,-1,-1,-1
113,5,189.99,88.71,53.47,167.27,1,-1,-1,-1
113,7,385.68,109.80,51.08,144.29,1,-1,-1,-1
113,8,459.24,123.12,72.11,141.68,1,-1,-1,-1
113,9,585.17,101.09,55.46,175.21,1,-1,-1,-1
114,3,302.09,97.93,60.65,165.81,1,-1,-1,-1
114,4,495.86,118.19,58.83,141.63,1,-1,-1,-1
114,5,190.14,88.22,53.65,167.76,1,-1,-1,-1
114,7,386.15,109.82,51.16,144.27,1,-1,-1,-1
114,8,456.69,122.14,72.61,142.15,1,-1,-1,-1
114,9,586.09,100.55,54.96,175.73,1,-1,-1,-1
115,3,300.50,98.13,60.80,167.11,1,-1,-1,-1
115,4,494.28,118.95,58.25,140.23,1,-1,-1,-1
115,5,190.74,88.03,53.93,167.94,1,-1,-1,-1
115,7,386.48,111.14,50.88,144.25,1,-1,-1,-1
115,8,449.29,123.13,72.37,143.63,1,-1,-1,-1
115,9,588.62,101.67,52.94,171.91,1,-1,-1,-1
116,3,300.04,98.19,60.69,167.61,1,-1,-1,-1
116,5,190.91,87.97,54.15,168.01,1,-1,-1,-1
116,7,386.69,111.65,50.62,144.23,1,-1,-1,-1
116,8,446.85,123.53,71.67,144.15,1,-1,-1,-1
116,9,589.72,102.07,51.70,170.47,1,-1,-1,-1
117,3,300.00,98.20,60.49,167.81,1,-1,-1,-1
117,5,190.91,87.95,54.33,168.03,1,-1,-1,-1
117,7,386.83,111.85,50.38,144.20,1,-1,-1,-1
117,8,446.28,123.70,70.83,144.32,1,-1,-1,-1
117,9,590.30,102.19,50.78,169.97,1,-1,-1,-1
118,3,300.10,98.19,60.27,167.89,1,-1,-1,-1
118,5,190.86,87.94,54.49,168.04,1,-1,-1,-1
118,7,386.95,111.93,50.16,144.18,1,-1,-1,-1
118,8,446.39,123.78,69.96,144.36,1,-1,-1,-1
118,9,590.68,102.22,50.00,169.80,1,-1,-1,-1
119,3,300.25,98.17,60.07,167.92,1,-1,-1,-1
119,5,190.79,87.94,54.64,168.04,1,-1,-1,-1
119,7,387.05,111.96,49.96,144.17,1,-1,-1,-1
119,8,446.74,123.82,69.12,144.34,1,-1,-1,-1
119,9,590.98,102.22,49.31,169.76,1,-1,-1,-1
120,3,297.24,98.16,59.68,167.94,1,-1,-1,-1
120,4,501.51,120.19,56.70,137.68,1,-1,-1,-1
120,5,191.85,86.64,55.13,169.34,1,-1,-1,-1
120,7,389.56,111.97,50.17,145.46,1,-1,-1,-1
120,8,437.00,119.91,67.64,144.32,1,-1,-1,-1
120,9,592.11,102.59,49.17,169.28,1,-1,-1,-1
121,3,296.23,98.14,59.33,167.95,1,-1,-1,-1
121,4,502.31,120.24,56.27,137.57,1,-1,-1,-1
121,5,192.22,86.15,55.35,169.83,1,-1,-1,-1
121,7,390.57,111.98,50.11,145.94,1,-1,-1,-1
121,8,433.77,118.44,66.26,144.29,1,-1,-1,-1
122,3,295.99,98.13,59.01,167.95,1,-1,-1,-1
122,4,502.66,120.26,55.94,137.52,1,-1,-1,-1
122,5,192.34,85.97,55.47,170.01,1,-1,-1,-1
122,7,391.01,111.98,49.97,146.11,1,-1,-1,-1
122,8,433.00,117.90,64.98,144.26,1,-1,-1,-1
123,3,296.02,98.12,58.73,167.96,1,-1,-1,-1
123,4,502.88,120.25,55.69,137.53,1,-1,-1,-1
123,5,192.36,85.91,55.54,170.07,1,-1,-1,-1
123,7,391.22,111.99,49.81,146.16,1,-1,-1,-1
123,8,433.14,117.73,63.81,144.23,1,-1,-1,-1
124,3,296.15,98.11,58.47,167.96,1,-1,-1,-1
124,4,503.02,120.23,55.48,137.57,1,-1,-1,-1
124,5,192.34,85.90,55.59,170.09,1,-1,-1,-1
124,7,391.33,111.99,49.65,146.17,1,-1,-1,-1
124,8,433.58,117.68,62.73,144.21,1,-1,-1,-1
125,3,296.31,98.10,58.23,167.97,1,-1,-1,-1
125,4,503.14,120.21,55.31,137.60,1,-1,-1,-1
125,5,192.32,85.90,55.64,170.09,1,-1,-1,-1
125,7,391.41,111.99,49.49,146.16,1,-1,-1,-1
125,8,434.10,117.68,61.74,144.19,1,-1,-1,-1
126,3,296.46,98.09,58.02,167.97,1,-1,-1,-1
126,4,503.23,120.19,55.17,137.64,1,-1,-1,-1
126,5,192.29,85.90,55.67,170.09,1,-1,-1,-1
126,7,391.48,111.99,49.35,146.15,1,-1,-1,-1
126,8,434.63,117.71,60.84,144.17,1,-1,-1,-1
127,3,292.88,98.08,57.44,166.67,1,-1,-1,-1
127,4,495.02,118.86,55.91,138.98,1,-1,-1,-1
127,5,194.13,84.61,55.88,171.38,1,-1,-1,-1
127,7,401.95,113.30,51.87,147.44,1,-1,-1,-1
127,8,433.01,117.22,60.95,144.44,1,-1,-1,-1
128,3,291.58,98.07,57.15,166.17,1,-1,-1,-1
128,4,491.89,118.36,56.29,139.50,1,-1,-1,-1
128,5,194.88,84.12,55.84,171.87,1,-1,-1,-1
128,7,405.35,113.79,53.92,147.92,1,-1,-1,-1
129,3,291.16,98.06,56.99,165.99,1,-1,-1,-1
129,4,490.69,118.16,56.53,139.72,1,-1,-1,-1
129,5,195.21,83.94,55.72,172.05,1,-1,-1,-1
129,7,406.11,113.97,55.70,148.10,1,-1,-1,-1
130,3,291.06,98.06,56.87,165.93,1,-1,-1,-1
130,4,490.23,118.08,56.70,139.81,1,-1,-1,-1
130,5,195.37,83.89,55.58,172.11,1,-1,-1,-1
130,7,405.90,114.04,57.27,148.15,1,-1,-1,-1
131,3,291.08,98.05,56.78,165.91,1,-1,-1,-1
131,4,490.06,118.05,56.84,139.85,1,-1,-1,-1
131,5,195.46,83.87,55.44,172.12,1,-1,-1,-1
131,7,405.36,114.06,58.68,148.16,1,-1,-1,-1
132,3,291.15,98.05,56.70,165.91,1,-1,-1,-1
132,4,489.99,118.03,56.96,139.87,1,-1,-1,-1
132,5,195.53,83.88,55.30,172.12,1,-1,-1,-1
132,7,404.75,114.06,59.95,148.16,1,-1,-1,-1
133,3,291.22,98.04,56.63,165.92,1,-1,-1,-1
133,4,489.97,118.03,57.06,139.89,1,-1,-1,-1
133,5,195.58,83.88,55.18,172.11,1,-1,-1,-1
133,7,404.14,114.06,61.09,148.14,1,-1,-1,-1
134,3,285.30,96.73,58.09,165.92,1,-1,-1,-1
134,4,477.71,118.02,56.85,137.29,1,-1,-1,-1
134,5,195.61,85.20,53.78,169.49,1,-1,-1,-1
134,7,397.34,112.75,61.54,150.74,1,-1,-1,-1
135,3,282.70,96.23,59.42,165.93,1,-1,-1,-1
135,4,472.87,118.02,57.19,136.31,1,-1,-1,-1
135,5,195.76,85.70,52.95,168.49,1,-1,-1,-1
135,7,394.92,112.26,61.36,151.71,1,-1,-1,-1
136,3,281.41,96.05,60.61,165.94,1,-1,-1,-1
136,4,470.92,118.02,57.71,135.95,1,-1,-1,-1
136,5,195.94,85.90,52.38,168.12,1,-1,-1,-1
136,7,394.14,112.07,60.98,152.07,1,-1,-1,-1
137,3,280.64,95.98,61.70,165.94,1,-1,-1,-1
137,4,470.07,118.02,58.27,135.83,1,-1,-1,-1
137,5,196.13,85.97,51.92,167.98,1,-1,-1,-1
137,7,393.97,112.00,60.56,152.19,1,-1,-1,-1
138,3,280.10,95.96,62.68,165.95,1,-1,-1,-1
138,4,469.66,118.02,58.80,135.80,1,-1,-1,-1
138,5,196.30,86.00,51.54,167.93,1,-1,-1,-1
138,7,394.03,111.97,60.15,152.22,1,-1,-1,-1
139,3,279.68,95.95,63.57,165.95,1,-1,-1,-1
139,4,469.42,118.01,59.29,135.80,1,-1,-1,-1
139,5,196.46,86.01,51.19,167.92,1,-1,-1,-1
139,7,394.17,111.97,59.76,152.22,1,-1,-1,-1
140,3,279.31,95.95,64.37,165.96,1,-1,-1,-1
140,4,469.25,118.01,59.74,135.81,1,-1,-1,-1
140,5,196.61,86.01,50.89,167.92,1,-1,-1,-1
140,7,394.32,111.97,59.40,152.21,1,-1,-1,-1
141,3,271.71,93.34,65.29,165.96,1,-1,-1,-1
141,4,462.46,118.01,60.37,138.45,1,-1,-1,-1
141,5,194.34,84.70,51.48,170.54,1,-1,-1,-1
141,7,388.37,111.97,59.56,149.59,1,-1,-1,-1
142,3,268.62,92.36,66.12,165.97,1,-1,-1,-1
142,4,460.10,118.01,60.32,139.44,1,-1,-1,-1
142,5,193.54,84.21,51.60,171.53,1,-1,-1,-1
142,7,385.80,111.97,60.21,148.57,1,-1,-1,-1
143,3,267.28,92.00,66.87,165.97,1,-1,-1,-1
143,4,459.38,118.01,60.05,139.82,1,-1,-1,-1
143,5,193.29,84.02,51.55,171.91,1,-1,-1,-1
143,7,384.58,111.97,61.01,148.19,1,-1,-1,-1
144,3,266.62,91.87,67.55,165.97,1,-1,-1,-1
144,4,459.28,118.01,59.72,139.97,1,-1,-1,-1
144,5,193.24,83.96,51.44,172.04,1,-1,-1,-1
144,7,383.89,111.98,61.82,148.05,1,-1,-1,-1
145,3,266.24,91.84,68.16,165.97,1,-1,-1,-1
145,4,459.41,118.01,59.39,140.02,1,-1,-1,-1
145,5,193.27,83.94,51.31,172.09,1,-1,-1,-1
145,7,383.42,111.98,62.57,148.00,1,-1,-1,-1
146,3,265.97,91.83,68.72,165.98,1,-1,-1,-1
146,4,459.60,118.01,59.07,140.04,1,-1,-1,-1
146,5,193.32,83.93,51.19,172.10,1,-1,-1,-1
146,7,383.06,111.98,63.27,147.98,1,-1,-1,-1
147,3,265.77,91.84,69.22,165.98,1,-1,-1,-1
147,4,459.81,118.01,58.78,140.04,1,-1,-1,-1
147,5,193.38,83.94,51.08,172.10,1,-1,-1,-1
147,7,382.75,111.98,63.91,147.97,1,-1,-1,-1
148,3,258.88,94.47,68.73,165.98,1,-1,-1,-1
148,4,457.92,116.70,58.80,141.34,1,-1,-1,-1
148,5,190.77,85.25,49.80,168.18,1,-1,-1,-1
148,7,393.28,111.98,62.51,149.28,1,-1,-1,-1
148,8,353.34,113.94,62.20,146.04,1,-1,-1,-1
148,10,428.00,114.00,44.00,148.00,1,-1,-1,-1
148,11,22.00,118.00,76.00,168.00,1,-1,-1,-1
149,3,256.44,95.47,68.28,165.98,1,-1,-1,-1
149,4,457.38,116.21,58.52,141.83,1,-1,-1,-1
149,5,189.81,85.75,49.24,166.67,1,-1,-1,-1
149,7,397.79,111.99,60.93,149.77,1,-1,-1,-1
149,8,351.77,113.92,62.56,146.04,1,-1,-1,-1
149,10,428.00,114.00,44.00,148.00,1,-1,-1,-1
149,11,22.00,118.00,76.00,168.00,1,-1,-1,-1
150,3,255.69,95.85,67.87,165.98,1,-1,-1,-1
150,4,457.34,116.02,58.16,142.02,1,-1,-1,-1
150,5,189.49,85.94,48.98,166.12,1,-1,-1,-1
150,7,399.96,111.99,59.38,149.96,1,-1,-1,-1
150,8,351.12,113.91,62.81,146.04,1,-1,-1,-1
150,10,428.00,114.00,44.00,148.00,1,-1,-1,-1
150,11,22.00,118.00,76.00,168.00,1,-1,-1,-1
151,3,255.56,95.99,67.50,165.99,1,-1,-1,-1
151,4,457.49,115.96,57.79,142.08,1,-1,-1,-1
151,5,189.41,86.00,48.83,165.92,1,-1,-1,-1
151,7,401.19,111.99,57.95,150.03,1,-1,-1,-1
151,8,350.93,113.92,63.00,146.04,1,-1,-1,-1
151,10,428.00,114.00,44.00,148.00,1,-1,-1,-1
151,11,22.00,118.00,76.00,168.00,1,-1,-1,-1
152,3,255.66,96.04,67.17,165.99,1,-1,-1,-1
152,4,457.69,115.94,57.44,142.09,1,-1,-1,-1
152,5,189.42,86.03,48.73,165.86,1,-1,-1,-1
152,7,402.01,111.99,56.63,150.05,1,-1,-1,-1
152,8,350.93,113.92,63.14,146.04,1,-1,-1,-1
152,10,428.00,114.00,44.00,148.00,1,-1,-1,-1
152,11,22.00,118.00,76.00,168.00,1,-1,-1,-1
153,3,255.83,96.05,66.87,165.99,1,-1,-1,-1
153,4,457.89,115.93,57.11,142.10,1,-1,-1,-1
153,5,189.46,86.03,48.65,165.85,1,-1,-1,-1
153,7,402.65,111.99,55.43,150.05,1,-1,-1,-1
153,8,350.99,113.93,63.25,146.04,1,-1,-1,-1
153,10,428.00,114.00,44.00,148.00,1,-1,-1,-1
153,11,22.00,118.00,76.00,168.00,1,-1,-1,-1
154,3,254.01,90.83,65.38,164.68,1,-1,-1,-1
154,4,453.73,119.85,55.09,138.18,1,-1,-1,-1
154,5,188.78,86.03,48.73,167.16,1,-1,-1,-1
154,7,401.69,111.99,54.72,150.05,1,-1,-1,-1
154,8,346.42,110.00,63.48,152.59,1,-1,-1,-1
154,10,434.89,111.23,45.48,152.16,1,-1,-1,-1
154,11,40.74,111.06,74.59,168.00,1,-1,-1,-1
155,3,253.62,90.16,64.31,164.19,1,-1,-1,-1
155,4,452.63,120.03,54.73,137.99,1,-1,-1,-1
155,5,188.78,86.03,48.27,166.36,1,-1,-1,-1
155,7,401.29,111.99,54.49,151.35,1,-1,-1,-1
155,8,346.68,108.54,62.28,155.03,1,-1,-1,-1
155,10,435.73,110.24,46.54,155.00,1,-1,-1,-1
155,11,51.06,105.84,75.11,173.47,1,-1,-1,-1
156,3,253.74,89.91,63.46,164.01,1,-1,-1,-1
156,4,452.34,120.09,54.44,137.93,1,-1,-1,-1
156,5,188.85,86.03,47.97,166.06,1,-1,-1,-1
156,7,401.31,111.99,54.03,151.84,1,-1,-1,-1
156,8,347.40,107.99,60.76,155.96,1,-1,-1,-1
156,10,435.92,109.89,47.07,156.02,1,-1,-1,-1
156,11,55.33,103.99,74.03,175.45,1,-1,-1,-1
157,3,254.03,89.84,62.72,163.94,1,-1,-1,-1
157,4,452.33,120.11,54.20,137.91,1,-1,-1,-1
157,5,188.94,86.03,47.76,165.95,1,-1,-1,-1
157,7,401.48,111.99,53.51,152.02,1,-1,-1,-1
157,8,348.21,107.79,59.26,156.29,1,-1,-1,-1
157,10,435.88,109.78,47.39,156.37,1,-1,-1,-1
157,11,57.37,103.36,72.40,176.16,1,-1,-1,-1
158,3,254.36,89.82,62.07,163.93,1,-1,-1,-1
158,4,452.43,120.11,53.99,137.91,1,-1,-1,-1
158,5,189.04,86.02,47.58,165.92,1,-1,-1,-1
158,7,401.68,111.99,53.01,152.08,1,-1,-1,-1
158,8,348.99,107.74,57.88,156.39,1,-1,-1,-1
158,10,435.75,109.76,47.63,156.45,1,-1,-1,-1
158,11,58.55,103.20,70.62,176.39,1,-1,-1,-1
159,3,254.69,89.82,61.49,163.92,1,-1,-1,-1
159,4,452.56,120.10,53.80,137.92,1,-1,-1,-1
159,5,189.13,86.02,47.42,165.91,1,-1,-1,-1
159,7,401.89,111.99,52.54,152.10,1,-1,-1,-1
159,8,349.70,107.73,56.65,156.40,1,-1,-1,-1
159,10,435.61,109.77,47.83,156.45,1,-1,-1,-1
159,11,59.40,103.21,68.84,176.44,1,-1,-1,-1
160,3,255.00,89.83,60.97,163.93,1,-1,-1,-1
160,4,452.68,120.09,53.62,137.92,1,-1,-1,-1
160,5,189.21,86.02,47.29,165.91,1,-1,-1,-1
160,7,402.09,112.00,52.11,152.10,1,-1,-1,-1
160,8,350.33,107.75,55.56,156.38,1,-1,-1,-1
160,10,435.47,109.79,48.01,156.42,1,-1,-1,-1
160,11,60.12,103.26,67.12,176.42,1,-1,-1,-1
161,3,255.29,89.85,60.49,163.93,1,-1,-1,-1
161,4,452.81,120.08,53.47,137.93,1,-1,-1,-1
161,5,189.28,86.02,47.16,165.92,1,-1,-1,-1
161,7,402.27,112.00,51.72,152.09,1,-1,-1,-1
161,8,350.90,107.77,54.59,156.35,1,-1,-1,-1
161,10,435.34,109.81,48.18,156.38,1,-1,-1,-1
161,11,60.78,103.33,65.50,176.39,1,-1,-1,-1
162,3,254.08,89.86,59.08,162.63,1,-1,-1,-1
162,4,452.09,120.22,53.42,137.82,1,-1,-1,-1
162,5,191.57,87.32,46.54,164.62,1,-1,-1,-1
162,7,400.76,113.30,50.80,150.78,1,-1,-1,-1
162,8,354.04,111.69,52.36,152.41,1,-1,-1,-1
162,10,437.05,111.14,47.28,153.72,1,-1,-1,-1
162,11,86.16,108.65,64.32,169.79,1,-1,-1,-1
162,12,338.00,118.00,48.00,144.00,1,-1,-1,-1
163,3,253.89,89.88,58.06,162.14,1,-1,-1,-1
163,5,192.50,87.82,46.18,164.13,1,-1,-1,-1
163,7,400.31,113.80,50.19,150.28,1,-1,-1,-1
163,8,355.51,113.21,51.08,150.88,1,-1,-1,-1
163,10,437.70,111.66,46.90,152.68,1,-1,-1,-1
163,11,95.41,110.73,64.52,167.24,1,-1,-1,-1
163,12,338.00,118.00,48.00,144.00,1,-1,-1,-1
164,3,254.06,89.89,57.23,161.97,1,-1,-1,-1
164,5,192.91,88.00,45.93,163.95,1,-1,-1,-1
164,7,400.25,113.98,49.74,150.09,1,-1,-1,-1
164,8,356.28,113.78,50.22,150.31,1,-1,-1,-1
164,10,437.94,111.86,46.71,152.28,1,-1,-1,-1
164,11,98.35,111.51,65.22,166.30,1,-1,-1,-1
164,12,338.00,118.00,48.00,144.00,1,-1,-1,-1
165,3,256.26,92.52,55.33,157.98,1,-1,-1,-1
165,5,192.68,89.37,45.29,161.28,1,-1,-1,-1
165,7,400.70,112.74,49.92,151.32,1,-1,-1,-1
165,8,355.57,113.96,50.20,150.27,1,-1,-1,-1
165,10,435.38,111.94,46.63,150.82,1,-1,-1,-1
165,11,105.81,114.45,65.63,164.64,1,-1,-1,-1
165,12,334.25,116.52,48.07,144.00,1,-1,-1,-1
166,3,257.25,93.52,54.36,156.48,1,-1,-1,-1
166,5,192.56,89.88,45.11,160.27,1,-1,-1,-1
166,7,400.94,112.26,49.87,151.79,1,-1,-1,-1
166,10,434.30,111.97,46.78,150.26,1,-1,-1,-1
166,11,108.14,115.55,66.36,164.04,1,-1,-1,-1
166,12,332.96,116.02,48.16,144.00,1,-1,-1,-1
167,3,257.75,93.89,53.77,155.93,1,-1,-1,-1
167,5,192.49,90.07,45.10,159.91,1,-1,-1,-1
167,7,401.08,112.08,49.75,151.97,1,-1,-1,-1
167,10,433.80,111.98,47.02,150.05,1,-1,-1,-1
167,11,108.57,115.96,67.16,163.83,1,-1,-1,-1
167,12,332.55,115.87,48.26,144.00,1,-1,-1,-1
168,3,258.06,94.03,53.34,155.75,1,-1,-1,-1
168,5,192.43,90.12,45.15,159.79,1,-1,-1,-1
168,7,401.19,112.02,49.60,152.03,1,-1,-1,-1
168,10,433.52,111.98,47.28,149.98,1,-1,-1,-1
168,11,108.33,116.10,67.95,163.77,1,-1,-1,-1
168,12,332.42,115.84,48.36,144.00,1,-1,-1,-1
169,3,258.09,92.76,53.38,155.71,1,-1,-1,-1
169,5,192.63,90.14,46.04,162.39,1,-1,-1,-1
169,7,394.00,111.99,49.64,152.05,1,-1,-1,-1
169,10,434.77,117.23,45.95,143.40,1,-1,-1,-1
169,11,115.41,104.31,70.69,172.96,1,-1,-1,-1
169,12,330.80,114.48,48.88,145.37,1,-1,-1,-1
170,3,258.09,92.28,53.43,155.71,1,-1,-1,-1
170,5,192.67,90.13,46.46,163.37,1,-1,-1,-1
170,7,391.27,111.98,49.68,152.05,1,-1,-1,-1
170,10,435.06,119.24,45.82,140.89,1,-1,-1,-1
170,11,118.28,99.94,71.09,176.37,1,-1,-1,-1
170,12,330.23,113.99,49.11,145.86,1,-1,-1,-1
171,3,258.09,92.09,53.48,155.73,1,-1,-1,-1
171,5,192.64,90.13,46.70,163.75,1,-1,-1,-1
171,7,390.24,111.98,49.71,152.05,1,-1,-1,-1
171,10,434.98,119.96,46.13,139.99,1,-1,-1,-1
171,11,119.51,98.27,70.71,177.69,1,-1,-1,-1
171,12,330.03,113.83,49.23,146.04,1,-1,-1,-1
172,3,258.08,92.02,53.53,155.75,1,-1,-1,-1
172,5,192.59,90.12,46.86,163.90,1,-1,-1,-1
172,7,389.87,111.98,49.74,152.05,1,-1,-1,-1
172,10,434.78,120.20,46.58,139.69,1,-1,-1,-1
172,11,120.08,97.66,70.07,178.17,1,-1,-1,-1
172,12,329.97,113.79,49.31,146.10,1,-1,-1,-1
173,3,258.08,92.00,53.57,155.77,1,-1,-1,-1
173,5,192.54,90.10,46.98,163.96,1,-1,-1,-1
173,7,389.75,111.98,49.76,152.04,1,-1,-1,-1
173,10,434.55,120.27,47.05,139.61,1,-1,-1,-1
173,11,120.39,97.47,69.38,178.33,1,-1,-1,-1
173,12,329.97,113.80,49.37,146.11,1,-1,-1,-1
174,3,258.07,91.99,53.61,155.79,1,-1,-1,-1
174,5,192.49,90.09,47.08,163.98,1,-1,-1,-1
174,7,389.73,111.98,49.79,152.04,1,-1,-1,-1
174,10,434.32,120.28,47.51,139.60,1,-1,-1,-1
174,11,120.59,97.43,68.71,178.37,1,-1,-1,-1
174,12,329.97,113.81,49.43,146.10,1,-1,-1,-1
175,3,258.06,91.99,53.65,155.81,1,-1,-1,-1
175,5,192.44,90.09,47.17,163.99,1,-1,-1,-1
175,7,389.73,111.99,49.81,152.04,1,-1,-1,-1
175,10,434.10,120.27,47.92,139.63,1,-1,-1,-1
175,11,120.75,97.45,68.08,178.36,1,-1,-1,-1
175,12,329.98,113.83,49.47,146.10,1,-1,-1,-1
176,3,253.02,91.99,53.30,155.83,1,-1,-1,-1
176,5,192.16,87.47,49.04,170.52,1,-1,-1,-1
176,7,377.82,111.99,50.19,153.34,1,-1,-1,-1
176,10,429.56,117.62,50.42,146.22,1,-1,-1,-1
176,11,144.12,98.79,66.56,178.34,1,-1,-1,-1
176,12,325.27,112.53,49.73,147.40,1,-1,-1,-1
177,3,250.08,90.68,53.94,158.46,1,-1,-1,-1
177,5,191.89,86.48,50.06,174.25,1,-1,-1,-1
177,7,372.60,111.99,50.50,153.83,1,-1,-1,-1
177,10,428.00,116.63,51.10,147.39,1,-1,-1,-1
177,11,151.89,100.63,64.12,174.40,1,-1,-1,-1
177,12,322.07,110.74,50.11,149.20,1,-1,-1,-1
178,3,249.06,90.19,54.05,159.46,1,-1,-1,-1
178,5,191.81,86.11,50.42,175.68,1,-1,-1,-1
178,7,370.63,111.99,50.70,154.01,1,-1,-1,-1
178,10,427.33,116.24,51.52,147.85,1,-1,-1,-1
178,11,154.94,101.36,62.68,172.88,1,-1,-1,-1
178,12,320.95,110.08,50.13,149.87,1,-1,-1,-1
179,3,248.75,90.01,53.96,159.84,1,-1,-1,-1
179,5,191.79,85.97,50.52,176.20,1,-1,-1,-1
179,7,369.91,111.99,50.84,154.07,1,-1,-1,-1
179,10,427.01,116.09,51.80,148.01,1,-1,-1,-1
179,11,156.17,101.65,61.67,172.30,1,-1,-1,-1
179,12,320.62,109.84,50.01,150.11,1,-1,-1,-1
