1,6247,548.83,222.57,65.71,137.16,1,-1,-1,-1
1,6251,326.04,118.21,109.52,241.83,1,-1,-1,-1
1,6252,417.07,143.52,115.97,202.05,1,-1,-1,-1
1,6254,182.00,94.00,70.00,222.00,1,-1,-1,-1
1,6255,104.00,94.00,66.00,218.00,1,-1,-1,-1
1,6256,570.00,82.00,64.00,198.00,1,-1,-1,-1
1,6257,508.00,110.00,46.00,130.00,1,-1,-1,-1
2,6245,162.84,94.74,102.58,222.34,1,-1,-1,-1
2,6251,328.99,90.29,110.52,249.04,1,-1,-1,-1
2,6252,418.06,115.24,123.45,222.70,1,-1,-1,-1
2,6255,104.00,94.00,66.00,218.00,1,-1,-1,-1
2,6256,570.00,82.00,64.00,198.00,1,-1,-1,-1
2,6257,508.00,110.00,46.00,130.00,1,-1,-1,-1
3,6245,170.32,93.18,95.62,222.07,1,-1,-1,-1
3,6251,330.44,79.36,109.69,251.85,1,-1,-1,-1
3,6252,419.35,102.55,124.47,231.98,1,-1,-1,-1
3,6255,104.00,94.00,66.00,218.00,1,-1,-1,-1
3,6256,570.00,82.00,64.00,198.00,1,-1,-1,-1
3,6257,508.00,110.00,46.00,130.00,1,-1,-1,-1
4,6245,183.87,95.23,86.19,205.97,1,-1,-1,-1
4,6251,345.29,77.93,111.01,254.14,1,-1,-1,-1
4,6252,423.18,93.56,127.87,238.33,1,-1,-1,-1
4,6255,86.45,92.52,68.45,223.94,1,-1,-1,-1
4,6256,570.84,86.45,62.33,192.06,1,-1,-1,-1
4,6257,508.00,110.00,46.00,130.00,1,-1,-1,-1
5,6245,188.92,96.20,81.91,199.94,1,-1,-1,-1
5,6251,350.73,77.63,111.66,254.96,1,-1,-1,-1
5,6255,80.29,92.02,69.82,225.93,1,-1,-1,-1
5,6256,571.02,87.95,61.97,190.07,1,-1,-1,-1
6,6245,190.81,96.64,79.73,197.86,1,-1,-1,-1
6,6251,352.51,77.77,112.03,255.19,1,-1,-1,-1
6,6255,78.11,91.87,70.85,226.53,1,-1,-1,-1
6,6256,570.95,88.38,62.10,189.49,1,-1,-1,-1
7,6245,203.49,91.49,82.81,206.63,1,-1,-1,-1
7,6251,356.66,83.22,106.01,241.00,1,-1,-1,-1
7,6252,446.26,101.17,108.72,207.80,1,-1,-1,-1
7,6255,71.11,104.23,66.22,207.38,1,-1,-1,-1
7,6256,567.86,91.27,62.68,187.97,1,-1,-1,-1
7,6258,180.00,98.00,40.00,158.00,1,-1,-1,-1
8,6245,208.07,89.67,83.73,209.84,1,-1,-1,-1
8,6251,357.86,85.69,103.71,235.35,1,-1,-1,-1
8,6252,450.06,103.90,103.38,201.97,1,-1,-1,-1
8,6255,68.49,108.85,65.26,200.15,1,-1,-1,-1
8,6256,566.39,92.24,63.63,187.51,1,-1,-1,-1
8,6258,180.00,98.00,40.00,158.00,1,-1,-1,-1
9,6245,209.62,89.07,83.92,211.10,1,-1,-1,-1
9,6251,358.06,86.76,102.96,233.26,1,-1,-1,-1
9,6252,452.00,104.39,100.64,200.42,1,-1,-1,-1
9,6255,67.33,110.35,65.83,197.78,1,-1,-1,-1
9,6256,565.52,92.53,64.71,187.40,1,-1,-1,-1
9,6258,180.00,98.00,40.00,158.00,1,-1,-1,-1
10,6245,218.05,95.50,84.92,215.54,1,-1,-1,-1
10,6251,366.92,84.67,103.12,236.41,1,-1,-1,-1
10,6252,455.34,95.55,105.95,215.45,1,-1,-1,-1
10,6255,50.53,108.05,67.63,203.90,1,-1,-1,-1
10,6256,561.90,89.87,66.35,190.12,1,-1,-1,-1
10,6258,183.08,99.48,38.29,150.58,1,-1,-1,-1
11,6245,221.23,97.98,84.93,217.22,1,-1,-1,-1
11,6251,370.42,84.01,102.51,237.58,1,-1,-1,-1
11,6252,457.18,92.29,106.67,221.01,1,-1,-1,-1
11,6255,44.71,107.18,68.15,206.15,1,-1,-1,-1
11,6256,560.37,88.86,67.40,191.15,1,-1,-1,-1
11,6258,184.05,99.98,37.86,148.08,1,-1,-1,-1
12,6245,222.39,98.97,84.61,217.85,1,-1,-1,-1
12,6251,371.84,83.90,101.68,238.02,1,-1,-1,-1
12,6252,458.26,91.23,105.90,223.10,1,-1,-1,-1
12,6255,42.83,106.79,68.23,207.05,1,-1,-1,-1
12,6256,559.62,88.46,68.21,191.57,1,-1,-1,-1
12,6258,184.24,100.13,37.89,147.37,1,-1,-1,-1
13,6245,230.79,101.99,81.22,210.25,1,-1,-1,-1
13,6251,376.77,80.08,101.32,242.08,1,-1,-1,-1
13,6252,461.90,91.02,105.26,223.77,1,-1,-1,-1
13,6255,24.59,97.31,71.93,219.37,1,-1,-1,-1
13,6256,558.86,88.85,68.09,191.22,1,-1,-1,-1
13,6258,180.79,93.13,42.07,164.10,1,-1,-1,-1
14,6245,233.86,103.18,79.71,207.31,1,-1,-1,-1
14,6251,379.06,78.73,100.04,243.61,1,-1,-1,-1
14,6252,463.45,91.12,104.47,223.91,1,-1,-1,-1
14,6255,18.06,93.80,73.08,223.92,1,-1,-1,-1
14,6258,179.65,90.72,43.41,169.85,1,-1,-1,-1
15,6245,234.92,103.64,78.97,206.24,1,-1,-1,-1
15,6251,380.26,78.34,98.54,244.16,1,-1,-1,-1
15,6252,464.16,91.32,103.68,223.85,1,-1,-1,-1
15,6255,15.88,92.44,73.32,225.67,1,-1,-1,-1
15,6258,179.24,89.82,43.83,172.03,1,-1,-1,-1
16,6245,241.46,97.23,80.56,215.08,1,-1,-1,-1
16,6251,384.17,77.00,97.24,244.35,1,-1,-1,-1
16,6252,472.18,92.84,104.44,225.02,1,-1,-1,-1
16,6255,3.13,80.23,79.50,248.42,1,-1,-1,-1
16,6258,178.85,90.85,43.14,170.15,1,-1,-1,-1
17,6245,244.30,94.86,80.16,218.35,1,-1,-1,-1
17,6251,385.88,76.59,96.00,244.39,1,-1,-1,-1
17,6252,475.11,93.54,104.81,225.38,1,-1,-1,-1
17,6255,-1.24,75.68,81.04,256.88,1,-1,-1,-1
17,6258,178.77,91.29,42.73,169.32,1,-1,-1,-1
18,6245,245.63,93.97,79.16,219.61,1,-1,-1,-1
18,6251,386.72,76.53,94.87,244.39,1,-1,-1,-1
18,6252,476.08,93.93,105.01,225.43,1,-1,-1,-1
18,6255,-2.41,73.91,81.00,260.18,1,-1,-1,-1
18,6258,178.81,91.49,42.45,168.95,1,-1,-1,-1
19,6245,249.01,84.57,81.82,230.47,1,-1,-1,-1
19,6251,391.68,84.41,91.39,235.24,1,-1,-1,-1
19,6252,480.87,92.89,102.47,224.06,1,-1,-1,-1
19,6255,1.31,102.70,73.06,229.38,1,-1,-1,-1
19,6258,177.87,87.65,44.25,177.97,1,-1,-1,-1
20,6245,250.56,81.04,82.12,234.55,1,-1,-1,-1
20,6251,393.40,87.55,90.08,231.70,1,-1,-1,-1
20,6252,483.09,92.60,100.49,223.46,1,-1,-1,-1
20,6255,2.99,114.51,70.43,216.62,1,-1,-1,-1
20,6258,177.66,86.23,44.64,181.30,1,-1,-1,-1
21,6245,251.31,79.72,81.63,236.10,1,-1,-1,-1
21,6251,393.91,88.76,89.63,230.40,1,-1,-1,-1
21,6252,484.28,92.57,98.82,223.17,1,-1,-1,-1
21,6255,3.33,118.66,70.25,212.11,1,-1,-1,-1
21,6258,177.71,85.71,44.52,182.53,1,-1,-1,-1
22,6245,261.50,87.01,79.43,226.32,1,-1,-1,-1
22,6251,402.78,91.87,87.66,222.04,1,-1,-1,-1
22,6252,503.13,92.65,94.99,217.79,1,-1,-1,-1
22,6255,-0.99,120.34,70.03,211.47,1,-1,-1,-1
22,6258,178.41,86.84,43.14,177.75,1,-1,-1,-1
23,6245,265.00,89.93,79.12,222.43,1,-1,-1,-1
23,6251,405.67,93.09,87.56,218.90,1,-1,-1,-1
23,6252,510.60,92.77,92.77,215.66,1,-1,-1,-1
23,6258,178.74,87.32,42.46,175.81,1,-1,-1,-1
24,6245,265.91,91.04,79.54,220.97,1,-1,-1,-1
24,6251,406.31,93.56,88.14,217.79,1,-1,-1,-1
24,6252,513.61,92.89,91.25,214.84,1,-1,-1,-1
24,6258,178.93,87.53,42.09,175.03,1,-1,-1,-1
25,6245,275.37,96.72,75.62,208.63,1,-1,-1,-1
25,6251,414.59,89.78,90.54,225.35,1,-1,-1,-1
25,6252,514.24,90.37,91.40,217.12,1,-1,-1,-1
25,6258,178.92,87.63,42.12,176.01,1,-1,-1,-1
26,6245,278.66,98.92,74.36,203.89,1,-1,-1,-1
26,6251,417.76,88.39,91.07,228.17,1,-1,-1,-1
26,6252,514.58,89.48,91.01,217.96,1,-1,-1,-1
26,6258,178.98,87.68,42.00,176.35,1,-1,-1,-1
27,6245,279.61,99.71,74.16,202.20,1,-1,-1,-1
27,6251,419.00,87.88,90.96,229.28,1,-1,-1,-1
27,6252,514.78,89.20,90.46,218.26,1,-1,-1,-1
27,6258,179.06,87.72,41.85,176.45,1,-1,-1,-1
28,6245,286.72,98.68,73.55,201.62,1,-1,-1,-1
28,6251,425.07,82.49,89.87,229.71,1,-1,-1,-1
28,6252,517.70,94.36,86.93,206.61,1,-1,-1,-1
28,6258,179.54,89.05,40.89,172.55,1,-1,-1,-1
29,6245,289.34,98.28,73.13,201.44,1,-1,-1,-1
29,6251,427.59,80.47,88.80,229.87,1,-1,-1,-1
29,6252,518.36,96.44,86.16,202.07,1,-1,-1,-1
29,6258,179.74,89.58,40.50,171.02,1,-1,-1,-1
30,6245,290.26,98.13,72.81,201.42,1,-1,-1,-1
30,6251,428.73,79.74,87.79,229.94,1,-1,-1,-1
30,6252,518.21,97.23,86.48,200.43,1,-1,-1,-1
30,6258,179.82,89.79,40.34,170.43,1,-1,-1,-1
31,6245,301.00,98.07,70.07,192.24,1,-1,-1,-1
31,6251,435.41,78.20,87.73,232.58,1,-1,-1,-1
31,6252,520.03,102.83,85.32,195.89,1,-1,-1,-1
31,6258,179.83,92.49,39.01,164.96,1,-1,-1,-1
32,6245,304.74,98.04,69.34,188.79,1,-1,-1,-1
32,6251,438.13,77.65,87.13,233.57,1,-1,-1,-1
32,6252,520.40,104.95,85.31,194.22,1,-1,-1,-1
32,6258,179.84,93.53,38.49,162.87,1,-1,-1,-1
33,6245,305.83,98.03,69.37,187.60,1,-1,-1,-1
33,6251,439.30,77.48,86.38,233.94,1,-1,-1,-1
33,6252,520.26,105.73,85.70,193.64,1,-1,-1,-1
33,6258,179.86,93.91,38.28,162.12,1,-1,-1,-1
34,6245,312.99,98.02,74.18,199.15,1,-1,-1,-1
34,6251,449.43,78.75,84.75,228.87,1,-1,-1,-1
34,6252,527.32,98.09,89.97,205.34,1,-1,-1,-1
34,6258,181.19,94.04,38.20,161.85,1,-1,-1,-1
35,6245,315.41,98.02,76.25,203.38,1,-1,-1,-1
35,6251,453.10,79.28,84.25,226.92,1,-1,-1,-1
35,6252,530.15,95.28,91.02,209.66,1,-1,-1,-1
35,6258,181.69,94.09,38.15,161.77,1,-1,-1,-1
36,6245,316.05,98.02,77.32,205.05,1,-1,-1,-1
36,6251,454.30,79.50,84.18,226.19,1,-1,-1,-1
36,6252,531.37,94.20,90.99,211.34,1,-1,-1,-1
36,6258,181.88,94.10,38.13,161.75,1,-1,-1,-1
37,6245,325.73,100.62,76.76,203.10,1,-1,-1,-1
37,6251,454.89,75.67,90.21,241.66,1,-1,-1,-1
37,6252,545.57,95.11,90.58,214.57,1,-1,-1,-1
37,6258,181.34,95.41,38.04,160.45,1,-1,-1,-1
38,6245,329.24,101.61,76.63,202.35,1,-1,-1,-1
38,6251,455.00,74.27,92.59,247.37,1,-1,-1,-1
38,6252,551.39,95.47,89.46,215.78,1,-1,-1,-1
38,6258,181.07,95.89,38.12,159.98,1,-1,-1,-1
39,6245,330.39,101.98,76.67,202.07,1,-1,-1,-1
39,6251,454.85,73.75,93.65,249.59,1,-1,-1,-1
39,6252,553.94,95.63,88.15,216.22,1,-1,-1,-1
39,6258,180.92,96.07,38.26,159.81,1,-1,-1,-1
40,6245,333.40,100.80,73.87,195.43,1,-1,-1,-1
40,6251,459.69,76.16,91.78,246.53,1,-1,-1,-1
40,6252,555.57,95.71,86.11,216.36,1,-1,-1,-1
40,6258,181.96,97.44,37.42,155.83,1,-1,-1,-1
41,6245,334.44,100.33,72.67,192.91,1,-1,-1,-1
41,6251,461.64,77.12,90.66,245.29,1,-1,-1,-1
41,6252,556.64,95.75,84.21,216.39,1,-1,-1,-1
41,6258,182.33,97.94,37.16,154.34,1,-1,-1,-1
42,6245,334.77,100.16,72.10,192.00,1,-1,-1,-1
42,6251,462.46,77.51,89.89,244.79,1,-1,-1,-1
42,6252,557.45,95.78,82.48,216.38,1,-1,-1,-1
42,6258,182.43,98.12,37.12,153.82,1,-1,-1,-1
43,6245,343.65,96.14,72.59,193.00,1,-1,-1,-1
43,6251,470.09,85.48,85.18,228.95,1,-1,-1,-1
43,6252,555.79,84.09,88.17,237.18,1,-1,-1,-1
43,6258,182.31,98.17,37.43,154.97,1,-1,-1,-1
44,6245,346.84,94.64,72.84,193.41,1,-1,-1,-1
44,6251,472.64,88.59,83.86,222.77,1,-1,-1,-1
44,6252,555.84,79.77,88.95,244.87,1,-1,-1,-1
44,6258,182.25,98.18,37.57,155.42,1,-1,-1,-1
45,6245,347.89,94.08,72.99,193.58,1,-1,-1,-1
45,6251,473.22,89.71,83.90,220.55,1,-1,-1,-1
45,6252,556.33,78.07,88.13,247.88,1,-1,-1,-1
45,6258,182.21,98.17,37.64,155.61,1,-1,-1,-1
46,6245,355.27,91.26,77.18,202.83,1,-1,-1,-1
46,6251,476.07,92.75,82.45,213.16,1,-1,-1,-1
46,6252,558.97,86.42,80.16,227.21,1,-1,-1,-1
46,6258,182.05,96.85,37.96,157.01,1,-1,-1,-1
46,6259,438.00,108.00,40.00,140.00,1,-1,-1,-1
47,6245,357.76,90.22,79.14,206.28,1,-1,-1,-1
47,6251,476.67,93.86,82.62,210.44,1,-1,-1,-1
47,6252,560.05,89.85,76.65,218.78,1,-1,-1,-1
47,6258,181.99,96.34,38.07,157.55,1,-1,-1,-1
47,6259,438.00,108.00,40.00,140.00,1,-1,-1,-1
48,6245,358.42,89.84,80.24,207.62,1,-1,-1,-1
48,6251,476.47,94.25,83.35,209.50,1,-1,-1,-1
48,6252,560.53,91.11,75.09,215.71,1,-1,-1,-1
48,6258,181.97,96.15,38.11,157.77,1,-1,-1,-1
48,6259,438.00,108.00,40.00,140.00,1,-1,-1,-1
49,6245,365.68,92.30,79.34,205.52,1,-1,-1,-1
49,6251,482.23,93.04,85.05,210.53,1,-1,-1,-1
49,6252,565.32,92.91,73.09,211.94,1,-1,-1,-1
49,6258,181.83,94.76,38.38,159.16,1,-1,-1,-1
49,6259,446.66,102.06,44.94,156.33,1,-1,-1,-1
50,6245,368.35,93.27,78.95,204.69,1,-1,-1,-1
50,6251,483.94,92.56,86.40,210.98,1,-1,-1,-1
50,6252,567.24,93.59,71.99,210.53,1,-1,-1,-1
50,6258,181.79,94.24,38.46,159.69,1,-1,-1,-1
50,6259,449.42,100.08,46.84,161.78,1,-1,-1,-1
51,6245,369.27,93.65,78.76,204.36,1,-1,-1,-1
51,6251,484.17,92.36,87.55,211.19,1,-1,-1,-1
51,6252,568.06,93.85,71.26,210.01,1,-1,-1,-1
51,6258,181.79,94.04,38.45,159.90,1,-1,-1,-1
51,6259,450.19,99.43,47.73,163.56,1,-1,-1,-1
52,6245,383.05,93.80,76.35,199.01,1,-1,-1,-1
52,6251,496.48,98.84,87.03,204.74,1,-1,-1,-1
52,6252,569.80,93.84,71.09,209.52,1,-1,-1,-1
52,6258,174.83,93.97,39.34,162.58,1,-1,-1,-1
52,6259,447.99,93.90,51.36,176.09,1,-1,-1,-1
53,6245,388.25,93.87,75.26,196.96,1,-1,-1,-1
53,6251,500.49,101.28,87.93,202.35,1,-1,-1,-1
53,6258,172.14,93.95,39.81,163.59,1,-1,-1,-1
53,6259,447.14,91.88,52.66,180.64,1,-1,-1,-1
54,6245,390.13,93.90,74.69,196.20,1,-1,-1,-1
54,6251,501.34,102.15,89.30,201.52,1,-1,-1,-1
54,6258,171.06,93.94,40.10,163.97,1,-1,-1,-1
54,6259,446.73,91.18,53.07,182.18,1,-1,-1,-1
55,6245,402.02,89.98,78.08,205.11,1,-1,-1,-1
55,6251,512.51,102.43,87.71,194.67,1,-1,-1,-1
55,6258,170.90,95.25,39.77,161.51,1,-1,-1,-1
55,6259,447.87,89.15,54.56,187.29,1,-1,-1,-1
56,6245,406.37,88.53,79.35,208.42,1,-1,-1,-1
56,6251,516.19,102.49,87.86,192.16,1,-1,-1,-1
56,6258,170.79,95.75,39.78,160.55,1,-1,-1,-1
57,6245,407.88,87.98,79.84,209.70,1,-1,-1,-1
57,6251,517.05,102.48,88.64,191.31,1,-1,-1,-1
57,6258,170.71,95.93,39.92,160.19,1,-1,-1,-1
58,6245,414.98,96.87,73.15,188.12,1,-1,-1,-1
58,6251,520.49,95.83,90.39,195.04,1,-1,-1,-1
58,6258,170.36,96.00,40.64,162.67,1,-1,-1,-1
59,6245,417.12,100.42,71.12,179.54,1,-1,-1,-1
59,6251,521.65,93.35,91.07,196.47,1,-1,-1,-1
59,6258,170.21,96.03,40.97,163.60,1,-1,-1,-1
60,6245,417.41,101.66,71.11,176.55,1,-1,-1,-1
60,6251,521.94,92.41,91.37,197.06,1,-1,-1,-1
60,6258,170.15,96.03,41.15,163.95,1,-1,-1,-1
61,6245,415.90,103.43,72.78,176.86,1,-1,-1,-1
61,6251,527.17,92.06,94.12,203.87,1,-1,-1,-1
61,6258,170.68,94.73,41.45,164.08,1,-1,-1,-1
62,6245,414.81,104.06,74.25,177.03,1,-1,-1,-1
62,6251,529.17,91.93,94.92,206.44,1,-1,-1,-1
62,6258,170.82,94.24,41.71,164.11,1,-1,-1,-1
63,6245,413.90,104.27,75.56,177.15,1,-1,-1,-1
63,6251,529.91,91.89,95.04,207.44,1,-1,-1,-1
63,6258,170.82,94.05,41.93,164.12,1,-1,-1,-1
64,6245,414.47,101.68,76.68,181.21,1,-1,-1,-1
64,6251,531.30,89.28,93.95,207.82,1,-1,-1,-1
64,6258,170.17,95.28,42.04,162.81,1,-1,-1,-1
65,6245,414.77,100.70,76.78,182.75,1,-1,-1,-1
65,6251,532.06,88.30,92.87,207.96,1,-1,-1,-1
65,6258,169.81,95.76,42.30,162.31,1,-1,-1,-1
66,6245,414.94,100.32,76.53,183.36,1,-1,-1,-1
66,6251,532.56,87.94,91.86,208.02,1,-1,-1,-1
66,6258,169.59,95.94,42.61,162.12,1,-1,-1,-1
67,6245,429.00,97.55,71.83,175.77,1,-1,-1,-1
67,6251,538.94,90.42,89.34,202.82,1,-1,-1,-1
67,6258,175.74,92.08,43.34,167.27,1,-1,-1,-1
67,6259,398.03,87.17,55.27,190.16,1,-1,-1,-1
68,6245,434.66,96.48,69.28,172.89,1,-1,-1,-1
68,6251,541.34,91.39,88.27,200.84,1,-1,-1,-1
68,6258,178.22,90.64,43.27,169.20,1,-1,-1,-1
68,6259,395.74,87.58,54.85,189.04,1,-1,-1,-1
69,6245,437.00,96.10,67.64,171.86,1,-1,-1,-1
69,6251,542.20,91.75,87.77,200.11,1,-1,-1,-1
69,6258,179.32,90.09,42.94,169.93,1,-1,-1,-1
69,6259,395.00,87.62,54.73,188.91,1,-1,-1,-1
70,6245,440.40,94.64,69.69,176.80,1,-1,-1,-1
70,6251,551.21,94.52,84.46,193.29,1,-1,-1,-1
70,6258,179.11,87.29,44.03,175.38,1,-1,-1,-1
70,6259,388.43,85.02,55.52,191.45,1,-1,-1,-1
71,6245,441.57,94.10,70.52,178.65,1,-1,-1,-1
71,6251,554.60,95.57,83.05,190.73,1,-1,-1,-1
71,6258,179.10,86.25,44.29,177.43,1,-1,-1,-1
71,6259,386.01,84.06,55.82,192.37,1,-1,-1,-1
72,6245,441.87,93.91,70.89,179.38,1,-1,-1,-1
72,6251,555.83,95.95,82.39,189.82,1,-1,-1,-1
72,6258,179.14,85.86,44.25,178.19,1,-1,-1,-1
72,6259,385.18,83.72,55.94,192.65,1,-1,-1,-1
73,6245,449.26,95.16,68.04,175.76,1,-1,-1,-1
73,6251,557.48,92.13,84.86,200.07,1,-1,-1,-1
73,6258,180.78,85.73,43.56,175.86,1,-1,-1,-1
73,6259,382.80,86.25,55.04,188.78,1,-1,-1,-1
74,6245,452.33,95.64,66.23,174.39,1,-1,-1,-1
74,6251,558.62,90.72,84.64,203.86,1,-1,-1,-1
74,6258,181.42,85.70,43.22,174.93,1,-1,-1,-1
74,6259,381.94,87.24,54.79,187.24,1,-1,-1,-1
75,6245,453.72,95.83,64.89,173.90,1,-1,-1,-1
75,6251,559.44,90.17,83.59,205.33,1,-1,-1,-1
75,6258,181.68,85.71,43.03,174.55,1,-1,-1,-1
75,6259,381.65,87.63,54.78,186.64,1,-1,-1,-1
76,6245,466.43,99.84,66.07,173.74,1,-1,-1,-1
76,6251,562.19,92.57,80.75,198.10,1,-1,-1,-1
76,6258,181.61,83.12,44.57,179.60,1,-1,-1,-1
76,6259,376.82,90.42,55.16,185.08,1,-1,-1,-1
77,6245,470.79,101.35,67.18,173.70,1,-1,-1,-1
77,6251,563.12,93.50,79.70,195.30,1,-1,-1,-1
77,6258,181.49,82.16,45.31,181.49,1,-1,-1,-1
77,6259,374.86,91.48,55.71,184.47,1,-1,-1,-1
78,6245,472.01,101.91,68.20,173.70,1,-1,-1,-1
78,6251,563.38,93.85,79.35,194.27,1,-1,-1,-1
78,6258,181.37,81.81,45.73,182.19,1,-1,-1,-1
78,6259,374.01,91.87,56.29,184.23,1,-1,-1,-1
79,6245,477.03,100.80,71.00,177.65,1,-1,-1,-1
79,6251,562.49,93.98,78.44,192.58,1,-1,-1,-1
79,6258,182.95,80.40,46.47,183.72,1,-1,-1,-1
79,6259,374.00,97.26,53.41,172.33,1,-1,-1,-1
80,6245,478.49,100.38,72.74,179.14,1,-1,-1,-1
80,6251,562.15,94.02,77.98,191.97,1,-1,-1,-1
80,6258,183.45,79.88,46.94,184.27,1,-1,-1,-1
80,6259,373.94,99.33,52.64,167.74,1,-1,-1,-1
81,6245,478.61,100.20,74.01,179.71,1,-1,-1,-1
81,6251,562.03,94.04,77.70,191.76,1,-1,-1,-1
81,6258,183.54,79.71,47.29,184.45,1,-1,-1,-1
81,6259,373.80,100.05,52.72,166.12,1,-1,-1,-1
82,6245,484.86,98.83,73.55,177.33,1,-1,-1,-1
82,6251,560.76,97.97,76.03,189.08,1,-1,-1,-1
82,6258,182.74,79.66,47.76,184.49,1,-1,-1,-1
82,6259,374.42,94.97,52.84,166.90,1,-1,-1,-1
83,6245,486.99,98.30,73.65,176.41,1,-1,-1,-1
83,6251,560.38,99.46,75.10,188.09,1,-1,-1,-1
83,6258,182.30,79.67,48.17,184.47,1,-1,-1,-1
83,6259,374.72,93.07,52.83,167.23,1,-1,-1,-1
84,6245,487.55,98.10,73.94,176.07,1,-1,-1,-1
84,6251,560.34,100.00,74.48,187.75,1,-1,-1,-1
84,6258,182.01,79.69,48.54,184.44,1,-1,-1,-1
84,6259,374.91,92.36,52.77,167.39,1,-1,-1,-1
85,6245,491.83,98.02,76.15,181.19,1,-1,-1,-1
85,6251,558.87,112.00,58.72,148.24,1,-1,-1,-1
85,6258,183.70,86.22,46.36,174.00,1,-1,-1,-1
85,6259,362.26,92.09,53.26,168.80,1,-1,-1,-1
85,6260,612.00,106.00,28.00,148.00,1,-1,-1,-1
86,6245,493.34,98.00,77.02,183.10,1,-1,-1,-1
86,6251,558.19,116.78,52.38,132.41,1,-1,-1,-1
86,6258,184.20,88.77,45.78,169.92,1,-1,-1,-1
86,6259,357.54,91.99,53.47,169.36,1,-1,-1,-1
86,6260,612.00,106.00,28.00,148.00,1,-1,-1,-1
87,6245,493.79,97.99,77.38,183.83,1,-1,-1,-1
87,6251,557.99,118.22,50.42,127.60,1,-1,-1,-1
87,6258,184.24,89.70,45.83,168.44,1,-1,-1,-1
87,6259,355.82,91.96,53.57,169.59,1,-1,-1,-1
87,6260,612.00,106.00,28.00,148.00,1,-1,-1,-1
88,6245,503.57,97.98,77.58,181.50,1,-1,-1,-1
88,6251,558.33,120.14,48.18,121.94,1,-1,-1,-1
88,6258,187.44,91.35,46.06,165.27,1,-1,-1,-1
88,6259,351.16,90.64,55.24,174.93,1,-1,-1,-1
88,6260,612.00,106.00,28.00,148.00,1,-1,-1,-1
88,6261,390.00,106.00,38.00,138.00,1,-1,-1,-1
89,6245,506.90,97.98,78.24,180.59,1,-1,-1,-1
89,6258,188.34,91.95,46.72,164.11,1,-1,-1,-1
89,6259,349.47,90.15,55.85,176.94,1,-1,-1,-1
89,6261,390.00,106.00,38.00,138.00,1,-1,-1,-1
90,6245,507.77,97.99,79.05,180.24,1,-1,-1,-1
90,6258,188.39,92.16,47.49,163.71,1,-1,-1,-1
90,6259,348.91,89.97,56.08,177.71,1,-1,-1,-1
90,6261,390.00,106.00,38.00,138.00,1,-1,-1,-1
91,6245,512.82,99.29,77.53,174.88,1,-1,-1,-1
91,6258,188.90,92.22,48.07,163.59,1,-1,-1,-1
91,6259,345.59,92.50,54.72,174.10,1,-1,-1,-1
91,6261,390.00,103.03,39.48,143.94,1,-1,-1,-1
92,6245,514.39,99.79,77.36,172.84,1,-1,-1,-1
92,6258,188.90,92.23,48.62,163.58,1,-1,-1,-1
92,6259,344.47,93.49,54.08,172.71,1,-1,-1,-1
92,6261,390.07,102.04,39.84,145.92,1,-1,-1,-1
93,6245,514.67,99.97,77.70,172.09,1,-1,-1,-1
93,6258,188.73,92.22,49.12,163.60,1,-1,-1,-1
93,6259,344.17,93.85,53.74,172.19,1,-1,-1,-1
93,6261,390.16,101.73,39.81,146.54,1,-1,-1,-1
94,6245,516.05,97.41,79.01,174.46,1,-1,-1,-1
94,6258,189.60,93.51,48.72,161.00,1,-1,-1,-1
94,6259,336.38,90.06,56.03,178.54,1,-1,-1,-1
94,6261,389.35,100.29,40.09,148.04,1,-1,-1,-1
95,6245,516.42,96.45,79.63,175.36,1,-1,-1,-1
95,6258,189.80,93.99,48.78,160.05,1,-1,-1,-1
95,6259,333.42,88.65,57.04,180.91,1,-1,-1,-1
95,6261,389.10,99.80,40.09,148.53,1,-1,-1,-1
96,6245,516.40,96.09,79.99,175.71,1,-1,-1,-1
96,6258,189.76,94.15,48.98,159.72,1,-1,-1,-1
96,6259,332.30,88.11,57.58,181.82,1,-1,-1,-1
96,6261,389.06,99.65,39.98,148.64,1,-1,-1,-1
97,6245,517.07,98.57,78.59,170.63,1,-1,-1,-1
97,6258,188.96,92.88,50.61,164.88,1,-1,-1,-1
97,6259,326.58,84.02,60.74,191.23,1,-1,-1,-1
97,6261,388.05,99.63,40.60,149.96,1,-1,-1,-1
98,6245,516.98,99.53,78.53,168.69,1,-1,-1,-1
98,6258,188.63,92.40,51.25,166.82,1,-1,-1,-1
98,6259,324.41,82.48,62.03,194.76,1,-1,-1,-1
98,6261,387.59,99.65,40.99,150.41,1,-1,-1,-1
99,6245,516.66,99.88,78.94,167.99,1,-1,-1,-1
99,6258,188.48,92.21,51.52,167.57,1,-1,-1,-1
99,6259,323.61,81.91,62.60,196.10,1,-1,-1,-1
99,6261,387.35,99.68,41.27,150.54,1,-1,-1,-1
100,6245,517.06,105.27,77.93,163.81,1,-1,-1,-1
100,6251,502.65,118.09,58.99,155.64,1,-1,-1,-1
100,6258,187.71,89.53,53.01,173.07,1,-1,-1,-1
100,6259,323.13,84.28,60.76,190.13,1,-1,-1,-1
100,6261,387.24,103.66,40.12,143.96,1,-1,-1,-1
101,6245,516.89,107.30,78.04,162.26,1,-1,-1,-1
101,6251,501.74,118.16,57.44,156.33,1,-1,-1,-1
101,6258,187.47,88.51,53.46,175.14,1,-1,-1,-1
101,6259,323.03,85.24,60.05,187.75,1,-1,-1,-1
101,6261,387.04,105.21,40.00,141.39,1,-1,-1,-1
102,6245,516.54,108.02,78.55,161.71,1,-1,-1,-1
102,6251,502.04,118.16,56.13,156.52,1,-1,-1,-1
102,6258,187.41,88.12,53.54,175.92,1,-1,-1,-1
102,6259,323.05,85.61,59.81,186.83,1,-1,-1,-1
102,6261,386.81,105.78,40.28,140.44,1,-1,-1,-1
103,6245,518.14,108.80,78.05,160.67,1,-1,-1,-1
103,6251,495.57,105.52,57.67,162.88,1,-1,-1,-1
103,6258,186.68,87.98,53.67,176.20,1,-1,-1,-1
103,6259,315.94,92.28,54.49,170.80,1,-1,-1,-1
103,6261,384.10,104.66,40.35,140.09,1,-1,-1,-1
104,6251,493.30,100.66,57.93,165.31,1,-1,-1,-1
104,6258,186.39,87.93,53.73,176.29,1,-1,-1,-1
104,6259,313.35,94.89,52.33,164.55,1,-1,-1,-1
104,6261,383.05,104.24,40.46,139.97,1,-1,-1,-1
105,6251,492.63,98.75,57.75,166.23,1,-1,-1,-1
105,6258,186.26,87.91,53.77,176.30,1,-1,-1,-1
105,6259,312.53,95.81,51.49,162.36,1,-1,-1,-1
105,6261,382.63,104.08,40.59,139.93,1,-1,-1,-1
106,6245,553.14,87.16,86.45,186.22,1,-1,-1,-1
106,6251,488.45,109.48,59.33,158.93,1,-1,-1,-1
106,6258,185.96,87.91,52.98,172.39,1,-1,-1,-1
106,6259,311.07,93.47,53.67,170.93,1,-1,-1,-1
106,6260,542.72,115.96,27.06,128.07,1,-1,-1,-1
106,6261,383.42,105.34,41.40,141.24,1,-1,-1,-1
107,6245,558.71,84.67,84.37,189.15,1,-1,-1,-1
107,6251,486.08,113.71,61.69,156.00,1,-1,-1,-1
107,6258,185.74,87.92,52.87,170.87,1,-1,-1,-1
107,6259,310.72,92.61,54.16,174.05,1,-1,-1,-1
107,6260,540.59,116.13,29.06,127.75,1,-1,-1,-1
107,6261,383.61,105.81,41.95,141.73,1,-1,-1,-1
108,6245,561.58,83.75,81.89,190.24,1,-1,-1,-1
108,6251,484.44,115.30,64.21,154.89,1,-1,-1,-1
108,6258,185.57,87.93,53.02,170.30,1,-1,-1,-1
108,6259,310.80,92.27,54.09,175.28,1,-1,-1,-1
108,6260,539.33,116.20,30.60,127.61,1,-1,-1,-1
108,6261,383.59,105.98,42.37,141.92,1,-1,-1,-1
109,6245,572.98,91.15,72.96,173.90,1,-1,-1,-1
109,6251,475.84,119.78,65.72,149.27,1,-1,-1,-1
109,6258,185.45,86.63,54.48,174.01,1,-1,-1,-1
109,6259,308.63,88.22,54.70,178.36,1,-1,-1,-1
109,6260,535.72,116.21,32.33,130.25,1,-1,-1,-1
109,6261,384.82,104.74,42.69,143.30,1,-1,-1,-1
110,6245,577.63,94.16,68.61,167.34,1,-1,-1,-1
110,6251,471.76,121.48,68.09,147.10,1,-1,-1,-1
110,6258,185.33,86.14,55.19,175.41,1,-1,-1,-1
110,6259,307.95,86.68,54.76,179.53,1,-1,-1,-1
110,6260,534.21,116.20,33.49,131.25,1,-1,-1,-1
110,6261,385.31,104.26,42.76,143.82,1,-1,-1,-1
111,6245,579.60,95.26,66.27,164.98,1,-1,-1,-1
111,6251,469.51,122.09,70.63,146.30,1,-1,-1,-1
111,6258,185.20,85.96,55.61,175.93,1,-1,-1,-1
111,6259,307.83,86.10,54.61,179.97,1,-1,-1,-1
111,6260,533.54,116.18,34.34,131.65,1,-1,-1,-1
111,6261,385.52,104.08,42.74,144.01,1,-1,-1,-1
112,6245,583.61,95.03,66.02,164.38,1,-1,-1,-1
112,6251,464.81,117.06,74.25,149.94,1,-1,-1,-1
112,6258,184.36,85.90,56.05,177.42,1,-1,-1,-1
112,6259,304.30,81.99,56.45,187.93,1,-1,-1,-1
112,6260,531.11,116.48,34.29,131.44,1,-1,-1,-1
112,6261,387.32,104.01,43.21,145.38,1,-1,-1,-1
113,6251,462.62,115.16,76.59,151.30,1,-1,-1,-1
113,6258,184.04,85.89,56.21,177.97,1,-1,-1,-1
113,6259,303.16,80.45,56.81,190.91,1,-1,-1,-1
113,6261,387.99,103.99,43.42,145.89,1,-1,-1,-1
114,6251,461.45,114.43,78.34,151.82,1,-1,-1,-1
114,6258,183.93,85.89,56.25,178.17,1,-1,-1,-1
114,6259,302.92,79.88,56.65,192.04,1,-1,-1,-1
114,6261,388.22,103.98,43.53,146.08,1,-1,-1,-1
115,6245,590.26,97.57,61.44,162.07,1,-1,-1,-1
115,6251,458.78,114.41,78.46,152.04,1,-1,-1,-1
115,6258,184.85,84.59,56.95,180.83,1,-1,-1,-1
115,6259,301.28,83.56,54.64,187.27,1,-1,-1,-1
115,6260,515.47,112.63,36.92,133.62,1,-1,-1,-1
115,6261,389.42,103.98,43.92,147.44,1,-1,-1,-1
116,6245,592.18,97.88,58.31,161.82,1,-1,-1,-1
116,6258,185.23,84.11,57.14,181.82,1,-1,-1,-1
116,6259,300.87,85.01,53.54,185.38,1,-1,-1,-1
116,6260,512.98,112.17,38.67,133.89,1,-1,-1,-1
116,6261,389.88,103.98,44.07,147.95,1,-1,-1,-1
117,6245,593.62,97.98,55.71,161.73,1,-1,-1,-1
117,6258,185.41,83.93,57.14,182.18,1,-1,-1,-1
117,6259,300.91,85.57,52.84,184.65,1,-1,-1,-1
117,6260,511.72,112.01,40.07,133.98,1,-1,-1,-1
117,6261,390.04,103.98,44.11,148.13,1,-1,-1,-1
118,6245,595.84,95.39,53.85,164.34,1,-1,-1,-1
118,6251,438.87,121.03,70.87,143.36,1,-1,-1,-1
118,6258,186.05,85.17,55.99,179.70,1,-1,-1,-1
118,6259,299.82,84.48,52.25,185.66,1,-1,-1,-1
118,6260,509.13,109.34,43.69,143.16,1,-1,-1,-1
118,6261,392.58,109.19,41.75,140.37,1,-1,-1,-1
119,6245,597.29,94.42,51.76,165.33,1,-1,-1,-1
119,6251,437.67,121.86,67.73,142.26,1,-1,-1,-1
119,6258,186.38,85.66,55.36,178.73,1,-1,-1,-1
119,6259,299.69,84.08,51.56,186.04,1,-1,-1,-1
119,6260,507.96,108.35,45.49,146.57,1,-1,-1,-1
119,6261,393.56,111.20,40.81,137.36,1,-1,-1,-1
120,6245,598.35,94.06,49.78,165.72,1,-1,-1,-1
120,6251,437.90,122.13,65.35,141.90,1,-1,-1,-1
120,6258,186.59,85.85,54.94,178.35,1,-1,-1,-1
120,6259,299.89,83.93,50.88,186.16,1,-1,-1,-1
120,6260,507.42,107.97,46.56,147.88,1,-1,-1,-1
120,6261,393.92,111.92,40.45,136.27,1,-1,-1,-1
121,6245,600.56,86.10,51.79,182.84,1,-1,-1,-1
121,6251,431.70,114.33,64.09,145.73,1,-1,-1,-1
121,6258,189.47,88.53,53.10,171.67,1,-1,-1,-1
121,6259,299.97,85.19,48.10,177.08,1,-1,-1,-1
121,6260,504.35,106.55,46.40,145.78,1,-1,-1,-1
121,6261,397.60,113.49,39.77,134.56,1,-1,-1,-1
122,6245,602.28,83.16,50.72,189.14,1,-1,-1,-1
122,6251,430.24,111.41,62.06,147.16,1,-1,-1,-1
122,6258,190.51,89.56,52.51,169.10,1,-1,-1,-1
122,6259,300.14,85.68,46.88,173.55,1,-1,-1,-1
122,6260,503.13,106.02,46.56,144.92,1,-1,-1,-1
122,6261,399.01,114.06,39.44,133.94,1,-1,-1,-1
123,6245,603.62,82.02,48.82,191.63,1,-1,-1,-1
123,6251,430.48,110.30,59.96,147.72,1,-1,-1,-1
123,6258,190.83,89.94,52.39,168.17,1,-1,-1,-1
123,6259,300.30,85.87,46.30,172.28,1,-1,-1,-1
123,6260,502.63,105.83,46.83,144.57,1,-1,-1,-1
123,6261,399.55,114.25,39.24,133.74,1,-1,-1,-1
124,6245,609.19,102.10,42.96,181.02,1,-1,-1,-1
124,6251,425.20,108.60,59.71,150.53,1,-1,-1,-1
124,6258,191.82,90.07,51.91,166.52,1,-1,-1,-1
124,6259,298.53,84.62,47.19,177.11,1,-1,-1,-1
124,6260,499.25,104.47,48.24,147.02,1,-1,-1,-1
124,6261,400.13,109.04,42.31,144.21,1,-1,-1,-1
125,6245,612.01,110.09,39.20,176.73,1,-1,-1,-1
125,6251,423.66,107.97,58.89,151.60,1,-1,-1,-1
125,6258,192.17,90.11,51.75,165.93,1,-1,-1,-1
125,6259,298.01,84.16,47.29,178.91,1,-1,-1,-1
125,6260,497.86,103.97,49.08,147.93,1,-1,-1,-1
125,6261,400.33,107.12,43.44,148.06,1,-1,-1,-1
126,6245,613.69,113.03,36.40,175.12,1,-1,-1,-1
126,6251,423.50,107.75,57.94,151.99,1,-1,-1,-1
126,6258,192.28,90.12,51.71,165.73,1,-1,-1,-1
126,6259,297.94,83.99,47.14,179.61,1,-1,-1,-1
126,6260,497.26,103.79,49.67,148.26,1,-1,-1,-1
126,6261,400.38,106.36,43.88,149.57,1,-1,-1,-1
127,6245,615.52,114.28,36.47,175.47,1,-1,-1,-1
127,6251,420.22,107.10,58.09,152.38,1,-1,-1,-1
127,6258,193.55,92.74,49.23,157.79,1,-1,-1,-1
127,6259,298.75,85.23,46.80,178.57,1,-1,-1,-1
127,6260,495.32,103.27,49.93,149.01,1,-1,-1,-1
127,6261,407.19,109.94,47.21,151.42,1,-1,-1,-1
128,6258,194.01,93.73,48.29,154.80,1,-1,-1,-1
128,6259,299.10,85.71,46.63,178.17,1,-1,-1,-1
128,6261,409.04,111.32,49.96,152.11,1,-1,-1,-1
129,6258,194.16,94.07,47.96,153.76,1,-1,-1,-1
129,6259,299.28,85.90,46.54,178.03,1,-1,-1,-1
129,6261,409.05,111.84,52.33,152.34,1,-1,-1,-1
130,6258,193.09,94.19,48.75,156.07,1,-1,-1,-1
130,6259,292.66,84.66,46.85,177.97,1,-1,-1,-1
130,6260,486.11,110.66,49.03,144.95,1,-1,-1,-1
130,6261,406.93,109.45,54.80,153.70,1,-1,-1,-1
131,6258,192.66,94.22,49.09,156.96,1,-1,-1,-1
131,6259,290.09,84.19,47.15,177.96,1,-1,-1,-1
131,6260,484.92,111.63,49.22,144.38,1,-1,-1,-1
131,6261,405.55,108.53,56.80,154.20,1,-1,-1,-1
132,6258,192.48,94.21,49.26,157.33,1,-1,-1,-1
132,6259,289.07,84.02,47.42,177.95,1,-1,-1,-1
132,6260,484.39,111.95,49.49,144.20,1,-1,-1,-1
132,6261,404.51,108.17,58.50,154.36,1,-1,-1,-1
133,6258,193.66,95.51,48.12,153.57,1,-1,-1,-1
133,6259,288.26,87.88,47.15,171.42,1,-1,-1,-1
133,6260,479.66,110.76,50.92,146.74,1,-1,-1,-1
133,6261,398.35,104.14,60.22,160.89,1,-1,-1,-1
134,6258,194.09,95.99,47.72,152.17,1,-1,-1,-1
134,6259,287.64,89.36,47.79,168.93,1,-1,-1,-1
134,6260,477.78,110.30,51.75,147.69,1,-1,-1,-1
134,6261,396.23,102.63,60.43,163.33,1,-1,-1,-1
135,6258,194.23,96.15,47.60,151.69,1,-1,-1,-1
135,6259,287.09,89.90,48.72,168.03,1,-1,-1,-1
135,6260,477.01,110.13,52.30,148.05,1,-1,-1,-1
135,6261,395.57,102.05,60.13,164.25,1,-1,-1,-1
136,6258,193.56,93.56,49.00,156.81,1,-1,-1,-1
136,6259,282.53,83.50,52.59,180.90,1,-1,-1,-1
136,6260,475.04,110.16,52.46,148.47,1,-1,-1,-1
136,6261,393.76,105.71,56.66,156.81,1,-1,-1,-1
137,6258,193.36,92.60,49.42,158.73,1,-1,-1,-1
137,6259,280.83,81.16,54.08,185.61,1,-1,-1,-1
137,6261,393.23,107.16,54.93,153.85,1,-1,-1,-1
138,6258,193.32,92.22,49.48,159.48,1,-1,-1,-1
138,6259,280.17,80.24,54.74,187.45,1,-1,-1,-1
138,6261,393.21,107.70,53.93,152.74,1,-1,-1,-1
139,6258,193.14,93.38,48.53,157.17,1,-1,-1,-1
139,6259,278.46,83.78,52.81,179.10,1,-1,-1,-1
139,6260,461.77,104.80,52.63,151.72,1,-1,-1,-1
139,6261,388.61,102.67,56.22,161.49,1,-1,-1,-1
139,6262,4.00,112.00,42.00,180.00,1,-1,-1,-1
140,6258,193.13,93.82,48.05,156.29,1,-1,-1,-1
140,6259,277.73,85.18,52.28,175.79,1,-1,-1,-1
140,6260,460.57,104.13,51.96,152.10,1,-1,-1,-1
140,6261,387.13,100.80,56.61,164.72,1,-1,-1,-1
140,6262,4.00,112.00,42.00,180.00,1,-1,-1,-1
141,6258,193.17,93.98,47.77,155.97,1,-1,-1,-1
141,6259,277.38,85.71,52.33,174.57,1,-1,-1,-1
141,6260,460.34,103.90,51.32,152.23,1,-1,-1,-1
141,6261,386.77,100.08,56.37,165.96,1,-1,-1,-1
141,6262,4.00,112.00,42.00,180.00,1,-1,-1,-1
142,6258,192.14,94.04,48.44,158.48,1,-1,-1,-1
142,6259,273.84,84.59,52.66,176.74,1,-1,-1,-1
142,6260,461.40,107.73,48.93,145.76,1,-1,-1,-1
142,6261,386.01,99.51,56.77,167.13,1,-1,-1,-1
142,6262,5.70,106.06,43.06,184.45,1,-1,-1,-1
143,6258,191.78,94.06,48.65,159.43,1,-1,-1,-1
143,6259,272.64,84.17,52.62,177.56,1,-1,-1,-1
143,6260,461.97,109.22,47.90,143.25,1,-1,-1,-1
143,6262,6.25,104.07,43.44,185.94,1,-1,-1,-1
144,6258,191.67,94.06,48.68,159.80,1,-1,-1,-1
144,6259,272.30,84.02,52.45,177.87,1,-1,-1,-1
144,6260,462.28,109.77,47.44,142.32,1,-1,-1,-1
144,6262,6.41,103.47,43.57,186.40,1,-1,-1,-1
145,6258,191.48,91.45,48.99,161.24,1,-1,-1,-1
145,6259,266.05,85.27,51.64,174.07,1,-1,-1,-1
145,6260,460.06,109.97,46.77,141.99,1,-1,-1,-1
145,6261,402.93,106.64,51.28,152.74,1,-1,-1,-1
145,6262,18.03,115.74,39.73,165.82,1,-1,-1,-1
146,6258,191.44,90.46,49.04,161.79,1,-1,-1,-1
146,6259,263.64,85.75,51.50,172.62,1,-1,-1,-1
146,6260,459.42,110.04,46.25,141.87,1,-1,-1,-1
146,6261,405.41,107.62,50.11,150.77,1,-1,-1,-1
146,6262,22.05,120.46,38.82,158.04,1,-1,-1,-1
147,6258,191.46,90.09,49.00,161.99,1,-1,-1,-1
147,6259,262.72,85.93,51.59,172.09,1,-1,-1,-1
147,6260,459.36,110.06,45.81,141.84,1,-1,-1,-1
147,6261,406.32,107.93,49.48,150.15,1,-1,-1,-1
147,6262,22.98,121.99,39.15,155.57,1,-1,-1,-1
148,6251,363.38,129.64,49.13,126.34,1,-1,-1,-1
148,6258,189.64,89.95,48.74,162.06,1,-1,-1,-1
148,6259,262.36,87.31,51.77,171.90,1,-1,-1,-1
148,6260,456.32,110.07,45.22,141.84,1,-1,-1,-1
148,6261,405.83,111.99,46.93,144.66,1,-1,-1,-1
148,6262,30.98,121.08,44.49,165.90,1,-1,-1,-1
149,6251,362.48,130.14,49.53,125.82,1,-1,-1,-1
149,6258,189.03,89.91,48.48,162.08,1,-1,-1,-1
149,6259,262.22,87.82,51.96,171.84,1,-1,-1,-1
149,6260,455.37,110.07,44.71,141.85,1,-1,-1,-1
149,6261,405.78,113.52,45.62,142.60,1,-1,-1,-1
149,6262,32.82,120.74,48.18,169.54,1,-1,-1,-1
150,6251,361.94,130.32,49.87,125.61,1,-1,-1,-1
150,6258,188.87,89.90,48.25,162.08,1,-1,-1,-1
150,6259,262.15,88.01,52.15,171.83,1,-1,-1,-1
150,6260,455.21,110.06,44.24,141.86,1,-1,-1,-1
150,6261,405.90,114.06,44.83,141.87,1,-1,-1,-1
150,6262,32.56,120.56,51.23,170.99,1,-1,-1,-1
151,6251,355.23,119.62,52.44,134.97,1,-1,-1,-1
151,6258,189.28,88.60,48.56,163.38,1,-1,-1,-1
151,6259,261.90,90.69,51.45,169.22,1,-1,-1,-1
151,6260,452.92,108.75,44.69,145.80,1,-1,-1,-1
151,6261,405.69,115.56,43.70,140.31,1,-1,-1,-1
151,6262,41.90,127.07,50.39,159.66,1,-1,-1,-1
152,6251,353.08,115.72,52.86,138.38,1,-1,-1,-1
152,6258,189.46,88.11,48.64,163.87,1,-1,-1,-1
152,6259,261.83,91.70,51.24,168.24,1,-1,-1,-1
152,6260,452.31,108.25,44.43,147.28,1,-1,-1,-1
152,6261,405.76,116.10,42.96,139.76,1,-1,-1,-1
152,6262,44.64,129.52,51.36,155.32,1,-1,-1,-1
153,6251,352.56,114.22,52.64,139.70,1,-1,-1,-1
153,6258,189.55,87.93,48.62,164.05,1,-1,-1,-1
153,6259,261.82,92.07,51.21,167.89,1,-1,-1,-1
153,6260,452.32,108.06,43.96,147.85,1,-1,-1,-1
153,6261,405.92,116.28,42.41,139.59,1,-1,-1,-1
153,6262,44.84,130.35,53.03,153.83,1,-1,-1,-1
154,6251,349.08,111.07,52.79,142.80,1,-1,-1,-1
154,6258,187.71,83.97,51.09,173.23,1,-1,-1,-1
154,6259,258.70,88.25,52.25,173.02,1,-1,-1,-1
154,6260,450.74,106.69,44.44,151.95,1,-1,-1,-1
154,6261,404.78,115.00,41.95,139.56,1,-1,-1,-1
154,6262,53.88,118.56,58.19,170.73,1,-1,-1,-1
155,6251,348.08,109.91,52.35,143.95,1,-1,-1,-1
155,6258,187.09,82.49,51.86,176.65,1,-1,-1,-1
155,6259,257.70,86.82,52.34,174.95,1,-1,-1,-1
155,6260,450.38,106.18,44.21,153.50,1,-1,-1,-1
155,6261,404.47,114.50,41.56,139.57,1,-1,-1,-1
155,6262,57.35,114.36,59.60,176.76,1,-1,-1,-1
156,6251,347.99,109.51,51.77,144.35,1,-1,-1,-1
156,6258,186.93,81.93,52.03,177.96,1,-1,-1,-1
156,6259,257.49,86.27,52.12,175.69,1,-1,-1,-1
156,6260,450.47,105.98,43.77,154.07,1,-1,-1,-1
156,6261,404.45,114.30,41.21,139.61,1,-1,-1,-1
156,6262,58.72,112.68,59.81,179.16,1,-1,-1,-1
157,6251,345.54,108.27,52.13,145.35,1,-1,-1,-1
157,6258,187.67,81.74,51.78,178.43,1,-1,-1,-1
157,6259,257.40,84.75,52.13,177.27,1,-1,-1,-1
157,6260,449.96,105.92,43.46,154.27,1,-1,-1,-1
157,6261,403.70,111.59,42.56,146.21,1,-1,-1,-1
157,6262,68.32,114.63,56.95,174.89,1,-1,-1,-1
158,6258,188.07,81.68,51.48,178.57,1,-1,-1,-1
158,6259,257.52,84.18,51.89,177.86,1,-1,-1,-1
158,6260,449.90,105.90,43.15,154.33,1,-1,-1,-1
158,6261,403.59,110.57,42.74,148.67,1,-1,-1,-1
158,6262,72.24,115.41,55.10,173.19,1,-1,-1,-1
159,6258,188.32,81.68,51.17,178.59,1,-1,-1,-1
159,6259,257.70,83.97,51.58,178.08,1,-1,-1,-1
159,6260,450.00,105.90,42.86,154.33,1,-1,-1,-1
159,6261,403.70,110.18,42.52,149.62,1,-1,-1,-1
159,6262,73.92,115.71,53.72,172.54,1,-1,-1,-1
160,6251,338.22,111.04,50.02,142.82,1,-1,-1,-1
160,6258,188.50,82.99,50.87,178.56,1,-1,-1,-1
160,6259,257.35,83.90,51.07,178.15,1,-1,-1,-1
160,6260,450.28,111.10,41.03,145.21,1,-1,-1,-1
160,6261,404.65,113.92,40.60,143.49,1,-1,-1,-1
160,6262,84.25,114.52,53.14,170.97,1,-1,-1,-1
161,6251,337.87,111.47,48.91,142.43,1,-1,-1,-1
161,6258,188.66,83.51,50.60,178.52,1,-1,-1,-1
161,6259,257.38,83.88,50.60,178.16,1,-1,-1,-1
161,6260,450.28,113.13,40.65,141.65,1,-1,-1,-1
161,6261,405.07,115.38,39.77,141.11,1,-1,-1,-1
161,6262,88.05,114.08,52.88,170.37,1,-1,-1,-1
162,6251,337.96,111.61,48.06,142.31,1,-1,-1,-1
162,6258,188.79,83.72,50.35,178.48,1,-1,-1,-1
162,6259,257.54,83.88,50.16,178.16,1,-1,-1,-1
162,6260,450.14,113.86,40.84,140.36,1,-1,-1,-1
162,6261,405.27,115.90,39.38,140.23,1,-1,-1,-1
162,6262,89.36,113.92,52.73,170.14,1,-1,-1,-1
163,6251,336.39,110.37,48.46,146.18,1,-1,-1,-1
163,6258,188.99,81.21,51.26,182.34,1,-1,-1,-1
163,6259,256.55,81.28,50.84,183.36,1,-1,-1,-1
163,6260,449.42,114.33,40.65,139.71,1,-1,-1,-1
163,6261,403.63,117.40,38.73,137.29,1,-1,-1,-1
163,6262,102.92,103.41,57.67,177.90,1,-1,-1,-1
164,6251,336.07,109.91,48.15,147.62,1,-1,-1,-1
164,6258,189.12,80.27,51.50,183.78,1,-1,-1,-1
164,6259,256.41,80.31,50.66,185.31,1,-1,-1,-1
164,6261,402.97,117.96,38.58,136.20,1,-1,-1,-1
164,6262,107.19,99.49,60.95,180.80,1,-1,-1,-1
165,6251,336.21,109.76,47.64,148.15,1,-1,-1,-1
165,6258,189.22,79.92,51.50,184.30,1,-1,-1,-1
165,6259,256.57,79.95,50.21,186.04,1,-1,-1,-1
165,6261,402.68,118.15,38.61,135.82,1,-1,-1,-1
165,6262,108.05,98.01,63.46,181.90,1,-1,-1,-1
166,6251,333.37,108.42,48.17,152.22,1,-1,-1,-1
166,6258,189.60,82.39,50.79,181.87,1,-1,-1,-1
166,6259,258.63,82.42,47.40,177.22,1,-1,-1,-1
166,6260,436.67,108.91,43.06,146.80,1,-1,-1,-1
166,6261,402.50,118.60,38.41,135.12,1,-1,-1,-1
166,6262,109.13,97.48,65.16,182.30,1,-1,-1,-1
167,6251,332.54,107.93,47.95,153.75,1,-1,-1,-1
167,6258,189.76,83.36,50.50,180.90,1,-1,-1,-1
167,6259,259.56,83.39,46.09,173.76,1,-1,-1,-1
167,6260,435.07,108.26,43.60,147.65,1,-1,-1,-1
167,6262,108.98,97.33,66.62,182.42,1,-1,-1,-1
168,6251,332.46,107.75,47.51,154.30,1,-1,-1,-1
168,6258,189.83,83.73,50.37,180.52,1,-1,-1,-1
168,6259,260.02,83.76,45.40,172.49,1,-1,-1,-1
168,6260,434.43,108.04,43.94,147.94,1,-1,-1,-1
168,6262,108.41,97.31,67.91,182.44,1,-1,-1,-1
169,6251,330.23,106.41,46.67,153.19,1,-1,-1,-1
169,6258,190.24,89.09,48.25,172.53,1,-1,-1,-1
169,6259,258.64,83.90,45.65,173.34,1,-1,-1,-1
169,6260,433.96,107.96,44.63,148.05,1,-1,-1,-1
169,6261,390.16,111.17,42.23,148.00,1,-1,-1,-1
169,6262,109.26,102.55,67.29,179.82,1,-1,-1,-1
170,6251,329.56,105.92,46.10,152.72,1,-1,-1,-1
170,6258,190.37,91.16,47.48,169.44,1,-1,-1,-1
170,6259,258.13,83.95,45.75,173.67,1,-1,-1,-1
170,6260,433.67,107.93,45.21,148.08,1,-1,-1,-1
170,6261,388.66,110.30,42.80,149.51,1,-1,-1,-1
170,6262,109.35,104.59,67.23,178.79,1,-1,-1,-1
171,6251,329.47,105.75,45.65,152.52,1,-1,-1,-1
171,6258,190.40,91.90,47.25,168.31,1,-1,-1,-1
171,6259,257.94,83.97,45.80,173.81,1,-1,-1,-1
171,6260,433.46,107.92,45.71,148.09,1,-1,-1,-1
171,6261,388.10,109.99,43.07,150.05,1,-1,-1,-1
171,6262,109.19,105.38,67.37,178.39,1,-1,-1,-1
172,6251,326.54,100.50,47.47,160.23,1,-1,-1,-1
172,6258,189.90,89.53,48.17,171.86,1,-1,-1,-1
172,6259,258.03,83.98,45.53,172.56,1,-1,-1,-1
172,6260,429.93,107.93,46.35,148.09,1,-1,-1,-1
172,6261,383.62,109.88,42.70,148.95,1,-1,-1,-1
172,6262,124.18,110.91,64.55,173.00,1,-1,-1,-1
173,6251,325.60,98.54,47.87,163.11,1,-1,-1,-1
173,6258,189.74,88.63,48.47,173.19,1,-1,-1,-1
173,6259,258.06,83.99,45.47,172.09,1,-1,-1,-1
173,6260,428.47,107.93,46.92,148.08,1,-1,-1,-1
173,6261,381.95,109.85,42.53,148.50,1,-1,-1,-1
173,6262,129.97,113.03,63.07,170.94,1,-1,-1,-1
174,6251,325.41,97.81,47.78,164.19,1,-1,-1,-1
174,6258,189.70,88.28,48.55,173.71,1,-1,-1,-1
174,6259,258.07,83.99,45.48,171.93,1,-1,-1,-1
174,6260,427.81,107.94,47.43,148.07,1,-1,-1,-1
174,6261,381.38,109.84,42.44,148.32,1,-1,-1,-1
174,6262,132.18,113.81,62.15,170.18,1,-1,-1,-1
175,6251,324.91,98.85,47.40,163.27,1,-1,-1,-1
175,6258,190.54,85.53,49.48,177.82,1,-1,-1,-1
175,6259,258.21,85.30,45.21,170.56,1,-1,-1,-1
175,6260,426.84,111.86,45.23,138.94,1,-1,-1,-1
175,6261,380.07,111.15,42.06,146.94,1,-1,-1,-1
175,6262,136.20,114.26,61.99,169.74,1,-1,-1,-1
176,6251,324.80,99.29,47.18,162.87,1,-1,-1,-1
176,6258,190.92,84.49,49.71,179.37,1,-1,-1,-1
176,6259,258.25,85.80,45.17,170.06,1,-1,-1,-1
176,6260,426.37,113.38,44.71,135.40,1,-1,-1,-1
176,6261,379.61,111.66,41.93,146.40,1,-1,-1,-1
177,6251,324.83,99.48,47.03,162.69,1,-1,-1,-1
177,6258,191.11,84.09,49.70,179.95,1,-1,-1,-1
177,6259,258.25,85.98,45.20,169.88,1,-1,-1,-1
177,6260,426.06,113.92,44.86,134.14,1,-1,-1,-1
177,6261,379.47,111.85,41.89,146.19,1,-1,-1,-1
178,6251,319.77,106.07,42.92,147.00,1,-1,-1,-1
178,6258,191.31,90.45,46.84,168.46,1,-1,-1,-1
178,6259,257.22,87.35,44.67,167.21,1,-1,-1,-1
178,6260,423.95,112.78,46.34,139.01,1,-1,-1,-1
178,6261,379.26,117.15,42.28,146.11,1,-1,-1,-1
178,6262,145.52,117.71,63.43,169.81,1,-1,-1,-1
179,6251,317.78,108.70,41.46,140.77,1,-1,-1,-1
179,6258,191.30,92.93,45.88,163.97,1,-1,-1,-1
179,6259,256.80,87.87,44.56,166.21,1,-1,-1,-1
179,6260,423.23,112.36,46.81,140.81,1,-1,-1,-1
179,6261,379.10,119.16,42.64,146.07,1,-1,-1,-1
179,6262,145.97,118.11,64.64,169.83,1,-1,-1,-1
