1,8520,941.38,158.84,51.11,96.90,1,-1,-1,-1
13,8521,574.00,142.00,114.00,222.00,1,-1,-1,-1
14,8521,574.00,142.00,114.00,222.00,1,-1,-1,-1
15,8521,574.00,142.00,114.00,222.00,1,-1,-1,-1
16,8521,604.96,144.97,112.93,219.03,1,-1,-1,-1
17,8521,614.44,145.87,112.46,218.13,1,-1,-1,-1
19,8521,649.52,147.97,115.16,221.46,1,-1,-1,-1
20,8521,653.92,148.27,116.34,221.84,1,-1,-1,-1
21,8521,654.91,148.36,117.39,221.96,1,-1,-1,-1
22,8521,664.75,149.11,117.43,222.03,1,-1,-1,-1
22,8522,996.00,160.00,146.00,210.00,1,-1,-1,-1
23,8521,696.71,153.13,115.35,215.70,1,-1,-1,-1
23,8522,979.35,165.14,141.58,203.14,1,-1,-1,-1
23,8523,310.00,136.00,74.00,164.00,1,-1,-1,-1
24,8521,713.46,156.83,113.80,211.56,1,-1,-1,-1
24,8524,408.00,140.00,54.00,90.00,1,-1,-1,-1
25,8521,721.56,154.06,116.24,214.18,1,-1,-1,-1
26,8521,723.90,153.02,117.73,215.16,1,-1,-1,-1
27,8521,724.07,152.59,118.83,215.55,1,-1,-1,-1
28,8521,762.07,141.87,121.61,224.93,1,-1,-1,-1
28,8525,818.00,144.00,140.00,220.00,1,-1,-1,-1
29,8521,790.55,143.05,127.19,224.55,1,-1,-1,-1
29,8526,490.00,136.00,36.00,90.00,1,-1,-1,-1
30,8521,814.06,143.53,128.23,223.06,1,-1,-1,-1
30,8526,495.14,136.00,36.00,90.00,1,-1,-1,-1
31,8521,821.93,138.49,133.65,230.34,1,-1,-1,-1
31,8526,494.59,137.50,37.33,93.00,1,-1,-1,-1
32,8521,824.22,136.62,136.36,233.05,1,-1,-1,-1
32,8526,494.29,138.00,37.89,94.00,1,-1,-1,-1
33,8521,824.29,135.92,137.99,234.06,1,-1,-1,-1
33,8526,494.09,138.14,38.19,94.29,1,-1,-1,-1
34,8521,871.17,140.87,137.42,227.93,1,-1,-1,-1
34,8526,494.23,138.56,38.52,95.12,1,-1,-1,-1
35,8521,906.25,146.75,140.14,224.20,1,-1,-1,-1
36,8521,931.57,143.70,143.36,226.74,1,-1,-1,-1
36,8527,476.00,142.00,112.00,224.00,1,-1,-1,-1
37,8521,957.48,138.66,144.60,230.28,1,-1,-1,-1
37,8527,477.71,124.86,118.86,237.71,1,-1,-1,-1
38,8521,967.06,136.74,144.53,231.62,1,-1,-1,-1
38,8527,478.00,122.00,120.00,240.00,1,-1,-1,-1
39,8521,970.34,136.03,144.00,232.11,1,-1,-1,-1
39,8527,478.08,121.23,120.31,240.62,1,-1,-1,-1
40,8521,1033.15,139.68,144.43,227.07,1,-1,-1,-1
40,8527,478.30,118.97,121.21,242.42,1,-1,-1,-1
41,8521,1055.62,141.11,146.38,225.11,1,-1,-1,-1
42,8521,1062.56,141.65,148.79,224.38,1,-1,-1,-1
43,8521,1082.75,141.58,148.73,224.29,1,-1,-1,-1
43,8528,576.00,132.00,130.00,236.00,1,-1,-1,-1
44,8528,595.91,140.57,124.46,225.71,1,-1,-1,-1
46,8529,634.00,128.00,136.00,234.00,1,-1,-1,-1
46,8530,558.00,140.00,32.00,82.00,1,-1,-1,-1
47,8529,639.67,128.00,134.95,232.29,1,-1,-1,-1
47,8530,555.37,140.00,32.12,82.00,1,-1,-1,-1
47,8531,500.00,142.00,34.00,72.00,1,-1,-1,-1
49,8532,564.00,144.00,36.00,72.00,1,-1,-1,-1
50,8532,556.68,144.00,36.92,73.71,1,-1,-1,-1
50,8533,720.00,132.00,110.00,236.00,1,-1,-1,-1
51,8532,561.37,144.00,35.66,71.03,1,-1,-1,-1
51,8533,718.21,132.00,110.16,236.00,1,-1,-1,-1
52,8532,560.33,144.00,36.23,71.59,1,-1,-1,-1
52,8533,732.17,129.00,108.69,233.00,1,-1,-1,-1
53,8532,562.04,144.00,38.05,74.70,1,-1,-1,-1
53,8533,747.69,122.02,111.90,237.97,1,-1,-1,-1
54,8532,562.52,144.00,38.87,75.77,1,-1,-1,-1
54,8533,752.21,119.77,113.74,239.66,1,-1,-1,-1
55,8532,565.84,141.26,39.64,77.50,1,-1,-1,-1
55,8533,759.47,117.08,114.23,240.71,1,-1,-1,-1
55,8534,812.00,128.00,156.00,236.00,1,-1,-1,-1
56,8532,563.04,140.26,39.83,78.12,1,-1,-1,-1
56,8534,821.49,128.00,155.88,236.00,1,-1,-1,-1
57,8532,560.96,142.57,39.20,76.97,1,-1,-1,-1
57,8533,855.00,124.32,114.48,236.80,1,-1,-1,-1
58,8532,560.14,142.13,41.63,81.86,1,-1,-1,-1
58,8533,876.92,121.03,118.54,239.10,1,-1,-1,-1
58,8535,592.00,142.00,50.00,84.00,1,-1,-1,-1
59,8532,558.56,139.39,42.48,83.63,1,-1,-1,-1
59,8533,866.49,121.31,118.79,242.54,1,-1,-1,-1
59,8535,595.81,140.29,50.96,85.71,1,-1,-1,-1
59,8536,970.00,130.00,108.00,238.00,1,-1,-1,-1
60,8532,558.98,138.32,42.01,82.98,1,-1,-1,-1
60,8533,882.52,120.35,119.20,243.38,1,-1,-1,-1
60,8535,596.54,138.51,50.92,86.00,1,-1,-1,-1
60,8536,971.32,123.14,112.21,244.86,1,-1,-1,-1
61,8532,561.53,139.23,39.66,78.75,1,-1,-1,-1
61,8533,949.53,116.74,123.37,248.74,1,-1,-1,-1
61,8535,600.33,139.41,48.14,81.65,1,-1,-1,-1
62,8532,561.68,138.83,39.90,79.22,1,-1,-1,-1
62,8533,967.25,109.13,127.67,252.70,1,-1,-1,-1
62,8535,604.17,139.77,49.40,84.59,1,-1,-1,-1
63,8533,972.67,106.42,130.53,254.11,1,-1,-1,-1
63,8535,605.56,139.90,49.43,85.56,1,-1,-1,-1
64,8533,1002.65,108.06,134.40,253.28,1,-1,-1,-1
64,8535,609.17,138.57,49.92,87.29,1,-1,-1,-1
65,8533,1041.67,110.07,139.44,254.22,1,-1,-1,-1
65,8535,611.32,138.09,49.61,87.91,1,-1,-1,-1
66,8533,1070.86,104.35,143.79,259.76,1,-1,-1,-1
66,8535,608.60,139.27,50.98,90.81,1,-1,-1,-1
67,8533,1094.52,102.64,144.74,261.47,1,-1,-1,-1
67,8535,610.33,139.71,49.84,89.23,1,-1,-1,-1
68,8535,610.99,139.89,49.24,88.58,1,-1,-1,-1
69,8535,611.26,139.96,48.86,88.32,1,-1,-1,-1
70,8535,612.46,139.95,49.03,88.63,1,-1,-1,-1
73,8537,560.00,138.00,42.00,86.00,1,-1,-1,-1
74,8532,559.56,137.90,43.07,85.97,1,-1,-1,-1
75,8532,559.55,137.91,42.99,86.16,1,-1,-1,-1
76,8532,564.06,137.91,43.08,88.84,1,-1,-1,-1
77,8532,566.02,137.91,42.55,89.83,1,-1,-1,-1
78,8532,566.99,137.92,41.89,90.19,1,-1,-1,-1
79,8532,567.38,137.80,42.21,90.88,1,-1,-1,-1
79,8538,612.00,138.00,42.00,90.00,1,-1,-1,-1
80,8538,612.00,138.00,42.00,90.00,1,-1,-1,-1
81,8538,612.00,138.00,42.00,90.00,1,-1,-1,-1
82,8538,607.52,136.52,43.54,92.97,1,-1,-1,-1
83,8538,605.95,136.02,44.18,93.96,1,-1,-1,-1
84,8538,605.40,135.87,44.53,94.27,1,-1,-1,-1
85,8538,604.21,135.47,44.90,95.07,1,-1,-1,-1
88,8538,603.22,132.22,48.73,103.37,1,-1,-1,-1
89,8538,603.15,131.86,49.07,104.28,1,-1,-1,-1
90,8538,603.16,131.74,49.13,104.59,1,-1,-1,-1
91,8538,602.44,131.18,49.76,105.91,1,-1,-1,-1
91,8539,800.00,150.00,54.00,126.00,1,-1,-1,-1
92,8539,800.00,150.00,54.00,126.00,1,-1,-1,-1
93,8539,800.00,150.00,54.00,126.00,1,-1,-1,-1
94,8538,609.36,135.16,47.24,101.28,1,-1,-1,-1
94,8539,800.00,150.00,54.00,126.00,1,-1,-1,-1
95,8538,610.43,135.71,46.62,100.57,1,-1,-1,-1
96,8538,610.85,135.89,46.27,100.36,1,-1,-1,-1
97,8538,610.96,135.87,46.46,100.79,1,-1,-1,-1
100,8538,614.38,137.73,46.46,100.26,1,-1,-1,-1
100,8540,742.00,150.00,40.00,104.00,1,-1,-1,-1
101,8538,614.71,137.96,46.62,100.17,1,-1,-1,-1
101,8540,742.00,150.00,40.00,104.00,1,-1,-1,-1
102,8538,614.77,138.04,46.78,100.14,1,-1,-1,-1
102,8540,742.00,150.00,40.00,104.00,1,-1,-1,-1
103,8538,619.47,136.75,47.93,102.74,1,-1,-1,-1
103,8539,653.43,146.05,48.82,114.15,1,-1,-1,-1
103,8540,746.18,150.00,40.54,105.48,1,-1,-1,-1
104,8538,620.23,136.77,48.13,103.18,1,-1,-1,-1
104,8539,640.88,145.71,48.39,113.13,1,-1,-1,-1
104,8540,750.04,148.56,41.56,108.86,1,-1,-1,-1
105,8540,751.44,148.06,41.69,110.01,1,-1,-1,-1
106,8539,640.75,137.18,57.50,132.75,1,-1,-1,-1
106,8540,753.19,147.68,42.13,111.18,1,-1,-1,-1
107,8539,645.86,138.59,56.39,131.39,1,-1,-1,-1
108,8539,644.44,139.20,58.45,133.41,1,-1,-1,-1
109,8539,636.45,138.43,58.90,134.44,1,-1,-1,-1
112,8539,647.59,139.49,61.89,144.88,1,-1,-1,-1
113,8539,649.28,137.01,64.97,151.45,1,-1,-1,-1
114,8539,649.77,136.13,66.20,153.79,1,-1,-1,-1
115,8539,645.35,135.45,67.06,155.78,1,-1,-1,-1
142,8541,972.00,156.00,116.00,214.00,1,-1,-1,-1
143,8541,972.00,156.00,116.00,214.00,1,-1,-1,-1
144,8541,972.00,156.00,116.00,214.00,1,-1,-1,-1
145,8541,972.00,156.00,116.00,214.00,1,-1,-1,-1
145,8542,1058.00,160.00,148.00,208.00,1,-1,-1,-1
