2,66,308.00,155.00,46.00,163.00,1,-1,-1,-1
3,66,307.26,151.57,49.19,174.14,1,-1,-1,-1
4,66,310.55,151.73,47.29,167.24,1,-1,-1,-1
5,66,311.41,149.60,47.20,166.82,1,-1,-1,-1
6,66,312.53,143.85,51.20,179.79,1,-1,-1,-1
7,66,313.64,140.56,55.16,193.04,1,-1,-1,-1
8,66,316.27,140.07,57.40,198.57,1,-1,-1,-1
9,66,321.21,142.62,59.49,201.82,1,-1,-1,-1
10,66,325.24,145.00,61.79,206.81,1,-1,-1,-1
11,66,337.69,146.61,64.09,210.52,1,-1,-1,-1
11,67,455.00,214.00,26.00,66.00,1,-1,-1,-1
12,66,344.61,145.97,67.04,217.62,1,-1,-1,-1
12,67,455.00,214.86,26.00,66.00,1,-1,-1,-1
13,66,351.93,133.54,72.14,233.08,1,-1,-1,-1
14,66,360.15,134.43,73.90,240.23,1,-1,-1,-1
15,66,364.62,128.51,77.00,253.04,1,-1,-1,-1
16,66,374.29,110.49,89.83,291.92,1,-1,-1,-1
17,66,379.12,107.35,92.59,300.87,1,-1,-1,-1
21,66,431.69,63.83,108.48,349.93,1,-1,-1,-1
22,66,440.75,49.23,114.41,366.37,1,-1,-1,-1
23,66,446.54,28.25,124.88,399.97,1,-1,-1,-1
23,68,193.00,170.00,54.00,160.00,1,-1,-1,-1
24,66,454.21,22.56,129.72,414.87,1,-1,-1,-1
24,68,192.56,168.29,54.89,162.57,1,-1,-1,-1
25,66,454.68,27.89,132.17,418.76,1,-1,-1,-1
25,68,191.84,163.53,56.33,166.73,1,-1,-1,-1
26,66,461.20,22.20,135.72,430.01,1,-1,-1,-1
26,68,189.53,164.86,57.28,170.30,1,-1,-1,-1
27,68,186.87,166.85,58.50,173.57,1,-1,-1,-1
28,68,183.68,167.59,58.61,174.63,1,-1,-1,-1
29,68,179.09,161.72,61.50,184.47,1,-1,-1,-1
29,69,465.00,216.00,28.00,68.00,1,-1,-1,-1
30,68,168.26,143.73,68.38,205.16,1,-1,-1,-1
31,68,161.90,131.23,73.64,219.93,1,-1,-1,-1
32,68,155.34,120.60,82.03,242.76,1,-1,-1,-1
33,68,151.33,115.55,84.90,251.25,1,-1,-1,-1
36,68,107.31,82.35,111.00,327.57,1,-1,-1,-1
37,68,91.56,74.79,117.28,343.53,1,-1,-1,-1
38,68,77.12,69.40,122.59,354.65,1,-1,-1,-1
38,70,468.00,215.00,29.00,72.00,1,-1,-1,-1
39,68,60.05,45.66,135.64,391.13,1,-1,-1,-1
39,70,469.03,214.14,28.66,71.14,1,-1,-1,-1
40,68,39.08,27.21,147.39,429.17,1,-1,-1,-1
41,68,16.09,19.15,151.44,443.96,1,-1,-1,-1
42,68,3.28,6.79,155.57,460.12,1,-1,-1,-1
42,71,474.00,212.00,22.00,70.00,1,-1,-1,-1
43,68,-5.26,6.33,156.25,468.16,1,-1,-1,-1
44,68,-14.55,-1.35,161.08,482.62,1,-1,-1,-1
50,66,480.64,198.41,29.04,85.97,1,-1,-1,-1
51,66,481.19,205.99,24.63,71.02,1,-1,-1,-1
52,66,482.46,212.82,20.00,57.67,1,-1,-1,-1
55,66,480.66,203.01,26.67,72.97,1,-1,-1,-1
56,66,480.53,203.33,27.58,73.60,1,-1,-1,-1
57,66,480.00,201.67,28.96,76.55,1,-1,-1,-1
58,66,481.03,202.34,28.99,77.05,1,-1,-1,-1
59,66,481.17,201.93,29.21,77.62,1,-1,-1,-1
60,66,481.91,205.00,32.07,84.26,1,-1,-1,-1
61,66,482.13,204.95,32.53,85.48,1,-1,-1,-1
64,68,82.04,151.09,61.39,183.22,1,-1,-1,-1
65,68,84.68,156.32,57.91,172.85,1,-1,-1,-1
66,68,93.05,161.99,57.51,169.80,1,-1,-1,-1
67,68,93.74,170.23,54.86,159.30,1,-1,-1,-1
68,68,91.80,174.56,54.06,156.25,1,-1,-1,-1
69,68,89.85,177.02,55.02,158.11,1,-1,-1,-1
69,72,342.00,215.00,22.00,71.00,1,-1,-1,-1
70,68,82.47,165.99,58.73,169.11,1,-1,-1,-1
71,68,80.74,166.87,58.48,168.37,1,-1,-1,-1
71,73,388.00,209.00,21.00,74.00,1,-1,-1,-1
72,68,47.63,150.09,68.02,195.53,1,-1,-1,-1
73,68,40.84,148.12,69.33,199.30,1,-1,-1,-1
75,68,25.31,136.52,79.63,233.69,1,-1,-1,-1
76,68,18.27,133.78,81.83,240.13,1,-1,-1,-1
88,66,524.94,209.94,33.55,85.30,1,-1,-1,-1
89,66,526.55,210.13,33.55,85.29,1,-1,-1,-1
91,74,381.00,181.00,38.00,147.00,1,-1,-1,-1
92,75,405.00,180.00,38.00,150.00,1,-1,-1,-1
93,75,401.68,174.00,40.35,159.43,1,-1,-1,-1
93,76,386.00,176.00,39.00,153.00,1,-1,-1,-1
94,75,403.20,173.00,40.26,159.54,1,-1,-1,-1
95,75,406.01,169.80,41.61,164.57,1,-1,-1,-1
95,77,499.00,195.00,47.00,141.00,1,-1,-1,-1
96,66,499.80,198.49,56.42,138.95,1,-1,-1,-1
96,75,409.34,168.76,43.67,172.60,1,-1,-1,-1
97,66,499.62,195.53,59.85,148.31,1,-1,-1,-1
97,75,412.03,167.76,46.11,181.52,1,-1,-1,-1
98,66,499.37,191.79,61.82,160.84,1,-1,-1,-1
98,75,419.49,165.46,48.58,188.04,1,-1,-1,-1
99,66,499.51,178.09,67.03,180.52,1,-1,-1,-1
99,75,421.66,161.34,51.38,197.58,1,-1,-1,-1
100,66,524.05,177.97,67.14,181.84,1,-1,-1,-1
100,75,421.79,160.46,52.37,201.74,1,-1,-1,-1
100,78,446.00,151.00,54.00,212.00,1,-1,-1,-1
101,66,536.88,176.76,70.60,191.44,1,-1,-1,-1
101,75,441.73,149.18,58.00,223.21,1,-1,-1,-1
102,66,541.61,173.83,73.81,205.04,1,-1,-1,-1
102,75,450.63,146.78,59.98,225.72,1,-1,-1,-1
103,66,542.31,172.17,75.97,211.04,1,-1,-1,-1
103,75,455.25,144.05,61.75,232.36,1,-1,-1,-1
117,79,297.00,207.00,20.00,67.00,1,-1,-1,-1
119,80,450.00,183.00,46.00,137.00,1,-1,-1,-1
121,81,452.00,181.00,45.00,141.00,1,-1,-1,-1
122,81,458.75,166.43,49.49,154.71,1,-1,-1,-1
123,81,458.21,157.51,52.85,164.94,1,-1,-1,-1
124,81,457.28,155.83,54.64,171.33,1,-1,-1,-1
124,82,265.00,196.00,31.00,84.00,1,-1,-1,-1
125,81,459.40,160.35,54.34,170.62,1,-1,-1,-1
126,81,458.80,162.95,55.50,174.17,1,-1,-1,-1
126,83,256.00,199.00,21.00,75.00,1,-1,-1,-1
127,81,459.25,158.58,57.87,180.71,1,-1,-1,-1
128,81,459.67,158.96,58.85,183.02,1,-1,-1,-1
128,84,491.00,157.00,55.00,184.00,1,-1,-1,-1
129,81,461.95,165.77,57.53,178.45,1,-1,-1,-1
129,84,487.14,151.00,60.14,201.14,1,-1,-1,-1
130,81,460.60,162.48,60.69,188.46,1,-1,-1,-1
130,84,485.21,144.94,65.75,219.18,1,-1,-1,-1
131,81,477.88,155.47,65.63,203.70,1,-1,-1,-1
131,84,484.19,142.35,68.05,226.82,1,-1,-1,-1
132,81,484.83,156.57,66.98,207.00,1,-1,-1,-1
132,84,529.05,142.43,67.74,227.50,1,-1,-1,-1
133,81,491.72,154.51,68.71,208.74,1,-1,-1,-1
133,84,537.65,140.39,69.58,233.67,1,-1,-1,-1
134,81,494.80,153.29,70.22,213.32,1,-1,-1,-1
134,85,180.00,208.00,24.00,73.00,1,-1,-1,-1
134,86,225.00,207.00,36.00,88.00,1,-1,-1,-1
135,86,220.56,202.71,41.45,101.71,1,-1,-1,-1
137,87,84.00,177.00,47.00,156.00,1,-1,-1,-1
139,88,85.00,173.00,47.00,165.00,1,-1,-1,-1
157,89,136.00,188.00,54.00,139.00,1,-1,-1,-1
159,90,128.00,181.00,63.00,145.00,1,-1,-1,-1
160,90,122.97,175.86,66.20,152.71,1,-1,-1,-1
161,90,121.51,172.06,68.71,159.14,1,-1,-1,-1
162,90,122.04,170.07,70.47,163.46,1,-1,-1,-1
163,90,120.69,169.47,72.13,168.35,1,-1,-1,-1
163,91,97.00,167.00,51.00,174.00,1,-1,-1,-1
164,90,120.85,172.77,71.42,169.27,1,-1,-1,-1
164,91,94.76,172.14,51.19,174.86,1,-1,-1,-1
165,90,118.66,170.68,73.62,176.90,1,-1,-1,-1
165,91,93.23,168.51,53.53,182.49,1,-1,-1,-1
166,90,116.68,165.97,76.13,184.89,1,-1,-1,-1
166,91,89.73,162.88,56.71,191.57,1,-1,-1,-1
167,90,115.67,160.94,77.61,190.42,1,-1,-1,-1
167,91,86.76,156.73,59.24,198.13,1,-1,-1,-1
168,90,114.33,160.33,76.21,188.53,1,-1,-1,-1
168,91,87.13,152.53,61.43,202.36,1,-1,-1,-1
168,92,543.00,188.00,48.00,145.00,1,-1,-1,-1
169,90,113.05,158.61,77.78,192.41,1,-1,-1,-1
169,91,87.27,153.13,63.02,205.05,1,-1,-1,-1
169,92,546.13,185.43,48.59,146.71,1,-1,-1,-1
170,91,87.11,152.16,66.08,213.86,1,-1,-1,-1
171,91,84.87,145.99,70.31,225.52,1,-1,-1,-1
172,91,83.07,151.40,72.54,231.80,1,-1,-1,-1
172,93,548.00,186.00,50.00,146.00,1,-1,-1,-1
173,91,76.38,154.94,73.16,230.19,1,-1,-1,-1
174,91,74.79,153.49,74.81,235.41,1,-1,-1,-1
176,91,23.56,119.62,94.83,296.23,1,-1,-1,-1
177,91,4.66,110.88,103.51,325.71,1,-1,-1,-1
178,91,-5.60,99.46,108.77,347.84,1,-1,-1,-1
178,94,546.00,196.00,37.00,99.00,1,-1,-1,-1
179,91,-12.40,94.67,112.37,359.34,1,-1,-1,-1
191,90,46.62,162.41,65.50,169.53,1,-1,-1,-1
192,90,45.89,157.24,64.38,171.41,1,-1,-1,-1
193,90,40.02,146.64,68.01,186.10,1,-1,-1,-1
194,90,34.53,129.82,72.92,208.29,1,-1,-1,-1
195,90,30.65,125.75,74.58,213.02,1,-1,-1,-1
196,90,25.06,124.96,75.27,221.74,1,-1,-1,-1
197,90,20.90,121.24,77.02,226.88,1,-1,-1,-1
199,90,0.28,138.74,73.99,220.51,1,-1,-1,-1
200,90,-4.93,137.11,75.25,224.27,1,-1,-1,-1
217,95,276.00,217.00,17.00,65.00,1,-1,-1,-1
219,96,273.00,226.00,15.00,50.00,1,-1,-1,-1
228,97,271.00,205.00,27.00,87.00,1,-1,-1,-1
246,98,329.00,192.00,53.00,131.00,1,-1,-1,-1
247,99,361.00,186.00,40.00,145.00,1,-1,-1,-1
248,99,361.87,180.86,41.70,151.00,1,-1,-1,-1
249,99,369.17,195.50,37.99,136.50,1,-1,-1,-1
250,99,375.19,189.09,40.53,144.49,1,-1,-1,-1
250,100,184.00,197.00,60.00,130.00,1,-1,-1,-1
251,99,380.70,187.85,40.94,144.78,1,-1,-1,-1
252,99,382.86,186.64,41.66,147.72,1,-1,-1,-1
253,99,398.64,178.65,47.25,166.61,1,-1,-1,-1
254,99,409.99,175.80,50.05,174.00,1,-1,-1,-1
255,99,420.50,169.54,52.92,182.62,1,-1,-1,-1
256,99,436.79,166.50,55.51,185.86,1,-1,-1,-1
256,101,215.00,183.00,50.00,148.00,1,-1,-1,-1
257,99,445.64,160.23,61.42,201.11,1,-1,-1,-1
257,101,213.00,172.71,54.00,160.00,1,-1,-1,-1
258,99,453.98,152.20,66.16,210.67,1,-1,-1,-1
259,99,460.38,146.53,68.31,212.45,1,-1,-1,-1
259,102,195.00,157.00,55.00,182.00,1,-1,-1,-1
260,99,475.17,139.91,73.32,226.31,1,-1,-1,-1
260,102,191.44,150.14,58.70,194.00,1,-1,-1,-1
261,99,483.90,136.37,75.35,232.56,1,-1,-1,-1
261,102,184.19,147.54,59.47,196.00,1,-1,-1,-1
262,102,171.22,149.63,63.79,210.40,1,-1,-1,-1
263,102,162.09,147.64,66.47,218.75,1,-1,-1,-1
264,102,155.68,146.76,68.35,224.93,1,-1,-1,-1
267,102,89.90,111.84,94.79,310.09,1,-1,-1,-1
268,102,73.89,104.59,99.87,325.89,1,-1,-1,-1
269,102,53.69,80.61,107.40,348.10,1,-1,-1,-1
270,102,25.00,78.45,114.91,367.88,1,-1,-1,-1
271,102,2.06,61.68,124.30,402.73,1,-1,-1,-1
272,102,-12.31,55.02,129.33,419.03,1,-1,-1,-1
313,103,34.00,162.00,54.00,167.00,1,-1,-1,-1
316,104,7.00,157.00,50.00,188.00,1,-1,-1,-1
317,104,4.53,151.00,53.23,200.86,1,-1,-1,-1
327,105,23.00,171.00,92.00,153.00,1,-1,-1,-1
328,105,16.46,177.00,94.79,158.14,1,-1,-1,-1
329,105,13.15,173.56,98.22,164.92,1,-1,-1,-1
330,105,15.88,174.47,97.55,165.04,1,-1,-1,-1
331,105,19.48,176.98,95.79,164.16,1,-1,-1,-1
332,105,21.91,179.96,92.85,159.53,1,-1,-1,-1
333,105,20.42,176.81,93.67,164.09,1,-1,-1,-1
334,105,16.89,171.63,97.91,175.82,1,-1,-1,-1
335,105,15.85,170.37,98.28,182.06,1,-1,-1,-1
336,105,14.44,171.86,93.91,179.84,1,-1,-1,-1
337,105,7.05,165.88,96.65,191.33,1,-1,-1,-1
338,105,5.13,164.88,98.39,194.77,1,-1,-1,-1
339,105,-12.43,158.66,102.17,210.94,1,-1,-1,-1
340,105,-15.92,157.18,104.40,215.54,1,-1,-1,-1
342,106,132.00,188.00,73.00,152.00,1,-1,-1,-1
343,106,128.79,183.71,74.29,154.57,1,-1,-1,-1
344,106,125.03,177.78,79.44,165.44,1,-1,-1,-1
345,106,116.57,167.95,86.33,181.24,1,-1,-1,-1
346,106,106.49,157.01,94.05,199.73,1,-1,-1,-1
347,106,101.35,151.06,98.63,209.46,1,-1,-1,-1
348,106,84.97,158.16,98.16,210.54,1,-1,-1,-1
349,106,75.54,156.70,102.40,222.39,1,-1,-1,-1
350,106,68.41,152.89,106.51,231.32,1,-1,-1,-1
354,106,0.22,81.48,164.59,361.44,1,-1,-1,-1
355,106,-13.12,73.74,170.49,382.61,1,-1,-1,-1
356,106,-17.99,70.73,166.30,381.36,1,-1,-1,-1
357,106,-28.13,62.88,173.09,396.95,1,-1,-1,-1
387,107,283.00,224.00,13.00,49.00,1,-1,-1,-1
387,108,256.00,228.00,10.00,39.00,1,-1,-1,-1
388,109,93.00,169.00,64.00,155.00,1,-1,-1,-1
390,110,86.00,179.00,73.00,149.00,1,-1,-1,-1
391,110,87.99,176.43,73.31,149.86,1,-1,-1,-1
392,110,86.28,178.25,72.20,147.75,1,-1,-1,-1
393,110,79.87,169.93,75.98,156.00,1,-1,-1,-1
394,110,71.23,165.06,81.84,170.03,1,-1,-1,-1
395,110,69.40,163.38,82.86,172.99,1,-1,-1,-1
396,110,67.55,163.58,83.83,177.87,1,-1,-1,-1
397,110,46.22,166.40,82.04,176.23,1,-1,-1,-1
398,110,37.92,165.61,82.36,177.36,1,-1,-1,-1
399,110,30.37,155.49,87.74,191.47,1,-1,-1,-1
400,110,24.80,145.36,93.46,207.54,1,-1,-1,-1
401,110,22.66,141.41,95.21,218.18,1,-1,-1,-1
402,110,17.53,131.74,100.39,235.51,1,-1,-1,-1
403,110,11.51,126.10,103.75,250.34,1,-1,-1,-1
404,110,7.12,125.16,103.05,254.92,1,-1,-1,-1
405,110,1.06,121.40,106.09,262.45,1,-1,-1,-1
415,111,286.00,222.00,13.00,48.00,1,-1,-1,-1
418,112,282.00,219.00,15.00,52.00,1,-1,-1,-1
424,113,300.00,229.00,19.00,49.00,1,-1,-1,-1
426,114,303.00,226.00,19.00,49.00,1,-1,-1,-1
427,114,302.65,228.57,17.99,46.43,1,-1,-1,-1
427,115,323.00,225.00,16.00,52.00,1,-1,-1,-1
427,116,350.00,225.00,15.00,55.00,1,-1,-1,-1
440,117,270.00,214.00,30.00,68.00,1,-1,-1,-1
442,118,275.00,215.00,23.00,66.00,1,-1,-1,-1
465,119,293.00,220.00,26.00,87.00,1,-1,-1,-1
466,119,292.98,221.71,26.89,89.57,1,-1,-1,-1
467,119,294.30,218.29,28.84,95.93,1,-1,-1,-1
468,119,294.75,217.36,29.56,98.31,1,-1,-1,-1
479,120,283.00,226.00,14.00,49.00,1,-1,-1,-1
481,119,361.59,187.24,43.15,140.85,1,-1,-1,-1
482,119,366.22,186.38,44.18,142.67,1,-1,-1,-1
483,119,371.95,188.61,44.73,139.50,1,-1,-1,-1
484,119,376.41,186.93,45.56,142.09,1,-1,-1,-1
486,121,328.00,236.00,17.00,55.00,1,-1,-1,-1
487,119,389.30,163.98,61.35,185.99,1,-1,-1,-1
487,121,327.79,240.29,15.71,50.71,1,-1,-1,-1
487,122,341.00,236.00,17.00,50.00,1,-1,-1,-1
488,119,399.17,159.79,64.82,195.96,1,-1,-1,-1
488,121,327.36,239.45,17.06,54.65,1,-1,-1,-1
488,122,339.40,236.00,19.34,56.86,1,-1,-1,-1
489,119,406.46,157.54,66.83,202.98,1,-1,-1,-1
489,121,327.53,237.00,18.32,58.06,1,-1,-1,-1
489,122,337.73,233.87,20.40,60.13,1,-1,-1,-1
490,119,410.70,155.46,66.63,205.68,1,-1,-1,-1
490,121,327.20,235.41,19.55,61.32,1,-1,-1,-1
490,122,337.82,233.77,20.08,59.16,1,-1,-1,-1
491,119,432.06,152.83,72.11,223.56,1,-1,-1,-1
491,121,327.44,238.92,18.59,57.71,1,-1,-1,-1
491,122,339.11,236.62,18.93,55.81,1,-1,-1,-1
492,119,444.89,160.43,72.43,220.00,1,-1,-1,-1
492,121,326.98,236.87,18.60,58.21,1,-1,-1,-1
492,122,339.70,232.68,20.46,60.97,1,-1,-1,-1
493,119,451.11,158.13,74.24,225.50,1,-1,-1,-1
493,121,326.89,238.19,17.76,55.66,1,-1,-1,-1
493,122,339.71,232.08,20.83,62.07,1,-1,-1,-1
494,121,326.79,238.06,17.89,56.05,1,-1,-1,-1
495,122,339.73,229.28,20.70,62.34,1,-1,-1,-1
496,122,339.73,228.49,20.99,63.20,1,-1,-1,-1
498,121,323.15,218.64,22.88,71.77,1,-1,-1,-1
499,121,322.74,216.65,23.44,73.56,1,-1,-1,-1
499,122,343.62,218.93,20.88,64.20,1,-1,-1,-1
500,122,343.96,217.48,21.11,64.92,1,-1,-1,-1
502,121,321.89,216.90,22.55,67.93,1,-1,-1,-1
503,121,320.80,216.50,22.99,66.19,1,-1,-1,-1
504,121,319.14,216.33,22.44,65.02,1,-1,-1,-1
504,122,343.59,208.35,23.08,72.50,1,-1,-1,-1
504,123,305.00,220.00,16.00,54.00,1,-1,-1,-1
505,121,318.63,214.97,22.66,65.67,1,-1,-1,-1
505,122,343.78,206.64,23.43,73.58,1,-1,-1,-1
506,121,318.97,213.91,24.18,71.46,1,-1,-1,-1
507,121,318.71,222.54,23.79,69.62,1,-1,-1,-1
508,121,318.29,222.06,24.08,70.49,1,-1,-1,-1
508,124,351.00,241.00,11.00,49.00,1,-1,-1,-1
508,125,367.00,243.00,15.00,46.00,1,-1,-1,-1
508,126,49.00,195.00,45.00,143.00,1,-1,-1,-1
509,126,45.31,192.43,45.53,144.71,1,-1,-1,-1
510,126,44.41,197.98,44.70,142.01,1,-1,-1,-1
510,127,142.00,191.00,48.00,129.00,1,-1,-1,-1
511,126,42.15,194.65,46.18,147.06,1,-1,-1,-1
511,127,143.12,191.86,48.33,129.86,1,-1,-1,-1
512,121,321.29,237.89,18.15,54.33,1,-1,-1,-1
512,126,40.95,194.72,46.51,148.10,1,-1,-1,-1
512,127,143.08,191.25,48.84,130.75,1,-1,-1,-1
513,121,321.48,240.45,17.13,51.67,1,-1,-1,-1
513,126,34.26,187.45,50.86,161.55,1,-1,-1,-1
513,127,140.38,191.04,49.93,133.99,1,-1,-1,-1
514,121,320.08,236.98,19.04,57.88,1,-1,-1,-1
514,126,31.97,186.05,51.97,165.08,1,-1,-1,-1
514,127,136.95,183.83,52.44,140.78,1,-1,-1,-1
515,121,319.54,235.86,19.82,59.93,1,-1,-1,-1
515,127,133.35,181.99,54.04,145.86,1,-1,-1,-1
516,121,319.26,236.11,19.93,60.26,1,-1,-1,-1
516,127,128.46,178.70,54.43,148.31,1,-1,-1,-1
517,121,306.16,236.85,19.52,57.83,1,-1,-1,-1
517,127,126.08,176.61,55.52,151.29,1,-1,-1,-1
518,121,302.08,238.41,18.66,54.56,1,-1,-1,-1
518,127,100.40,176.46,55.47,152.50,1,-1,-1,-1
519,121,300.32,238.83,18.57,54.28,1,-1,-1,-1
519,127,96.03,182.97,53.48,146.32,1,-1,-1,-1
520,121,299.74,234.33,20.38,58.73,1,-1,-1,-1
520,127,94.52,184.04,52.94,144.67,1,-1,-1,-1
521,121,298.06,232.77,22.07,63.57,1,-1,-1,-1
521,127,90.96,172.51,56.38,155.29,1,-1,-1,-1
522,121,295.54,233.47,23.35,67.25,1,-1,-1,-1
522,127,90.27,180.48,53.27,147.00,1,-1,-1,-1
523,121,293.55,232.49,22.77,66.79,1,-1,-1,-1
523,127,85.08,169.23,56.44,158.07,1,-1,-1,-1
524,121,291.80,232.28,23.04,67.59,1,-1,-1,-1
524,127,82.25,163.91,58.20,164.60,1,-1,-1,-1
525,121,285.99,231.26,21.28,65.07,1,-1,-1,-1
525,127,78.00,161.65,59.15,167.31,1,-1,-1,-1
525,128,293.00,229.00,22.00,69.00,1,-1,-1,-1
526,121,283.92,230.99,21.46,65.62,1,-1,-1,-1
526,127,48.50,155.32,62.59,180.57,1,-1,-1,-1
527,127,40.36,149.69,64.10,189.83,1,-1,-1,-1
527,129,223.00,213.00,25.00,75.00,1,-1,-1,-1
527,130,203.00,209.00,37.00,86.00,1,-1,-1,-1
528,127,33.81,146.86,65.45,193.84,1,-1,-1,-1
528,130,201.11,205.57,37.36,86.86,1,-1,-1,-1
529,121,291.25,235.25,20.69,60.06,1,-1,-1,-1
530,121,290.22,235.36,20.69,60.08,1,-1,-1,-1
530,127,34.20,157.22,60.12,181.74,1,-1,-1,-1
531,121,285.45,232.70,20.15,60.82,1,-1,-1,-1
531,127,31.76,156.52,61.33,187.55,1,-1,-1,-1
531,131,293.00,231.00,24.00,68.00,1,-1,-1,-1
532,121,282.90,231.52,20.29,63.65,1,-1,-1,-1
532,127,26.31,154.84,62.28,190.45,1,-1,-1,-1
533,121,281.36,231.28,20.39,63.98,1,-1,-1,-1
535,121,295.19,228.48,21.49,65.77,1,-1,-1,-1
536,121,295.06,228.05,21.63,66.20,1,-1,-1,-1
544,127,139.22,174.61,51.86,156.40,1,-1,-1,-1
545,127,142.62,174.24,54.37,158.24,1,-1,-1,-1
546,127,140.03,171.50,56.35,158.58,1,-1,-1,-1
546,132,342.00,193.00,75.00,138.00,1,-1,-1,-1
547,127,136.47,171.83,56.05,156.71,1,-1,-1,-1
548,127,131.29,167.26,60.65,167.43,1,-1,-1,-1
548,133,350.00,186.00,62.00,142.00,1,-1,-1,-1
549,127,123.47,153.93,67.67,184.95,1,-1,-1,-1
549,133,344.23,184.29,65.83,150.57,1,-1,-1,-1
550,127,117.65,158.30,67.73,182.81,1,-1,-1,-1
550,133,344.38,185.46,64.96,148.34,1,-1,-1,-1
551,127,114.66,152.43,69.46,188.91,1,-1,-1,-1
551,133,345.23,184.43,65.42,148.89,1,-1,-1,-1
551,134,92.00,135.00,64.00,222.00,1,-1,-1,-1
552,127,114.39,150.65,70.41,191.48,1,-1,-1,-1
552,133,349.27,189.11,64.59,145.47,1,-1,-1,-1
552,134,90.81,125.57,68.10,235.71,1,-1,-1,-1
553,127,89.43,124.73,84.69,234.92,1,-1,-1,-1
553,133,351.95,187.19,65.32,145.68,1,-1,-1,-1
554,127,81.19,116.69,89.42,251.38,1,-1,-1,-1
554,133,353.17,185.79,66.31,147.86,1,-1,-1,-1
555,127,78.43,112.64,91.77,258.01,1,-1,-1,-1
555,133,354.32,186.64,66.49,146.61,1,-1,-1,-1
556,133,353.24,178.81,68.75,151.57,1,-1,-1,-1
557,127,23.57,83.38,115.99,326.87,1,-1,-1,-1
557,133,351.91,173.32,70.07,156.02,1,-1,-1,-1
558,127,7.48,74.39,122.51,347.86,1,-1,-1,-1
558,133,355.93,173.90,67.99,153.10,1,-1,-1,-1
558,135,230.00,200.00,19.00,65.00,1,-1,-1,-1
559,127,-6.68,53.66,133.13,386.88,1,-1,-1,-1
559,133,357.09,172.87,67.88,155.23,1,-1,-1,-1
559,136,400.00,180.00,51.00,151.00,1,-1,-1,-1
560,127,-12.55,40.55,136.02,405.48,1,-1,-1,-1
560,133,358.02,175.80,66.12,153.38,1,-1,-1,-1
560,137,231.00,205.00,20.00,68.00,1,-1,-1,-1
561,127,-19.06,34.09,140.05,417.48,1,-1,-1,-1
561,133,360.39,178.95,63.97,151.98,1,-1,-1,-1
561,138,398.00,188.00,55.00,148.00,1,-1,-1,-1
562,133,362.93,180.82,62.41,150.78,1,-1,-1,-1
563,133,364.79,183.51,61.92,150.98,1,-1,-1,-1
563,139,395.00,192.00,61.00,154.00,1,-1,-1,-1
564,133,366.26,183.87,62.10,151.70,1,-1,-1,-1
564,139,392.75,191.14,62.93,159.14,1,-1,-1,-1
564,140,547.00,169.00,50.00,167.00,1,-1,-1,-1
565,133,369.76,189.24,60.12,144.77,1,-1,-1,-1
565,139,397.27,206.55,57.16,142.97,1,-1,-1,-1
566,133,369.16,185.96,64.45,156.11,1,-1,-1,-1
566,139,394.67,199.45,62.77,156.72,1,-1,-1,-1
567,133,369.44,189.91,65.68,157.57,1,-1,-1,-1
567,139,394.77,200.58,63.23,157.85,1,-1,-1,-1
568,133,368.82,184.35,68.79,164.60,1,-1,-1,-1
569,133,368.92,187.98,66.69,158.30,1,-1,-1,-1
569,139,392.14,190.51,70.63,173.37,1,-1,-1,-1
570,133,368.72,185.49,66.18,157.03,1,-1,-1,-1
570,139,391.85,189.56,72.00,176.75,1,-1,-1,-1
571,133,367.29,181.93,67.34,161.77,1,-1,-1,-1
572,133,368.16,181.25,67.53,164.17,1,-1,-1,-1
572,139,443.26,204.08,65.64,161.85,1,-1,-1,-1
573,133,369.98,176.48,70.37,172.82,1,-1,-1,-1
573,139,451.92,206.41,62.84,155.83,1,-1,-1,-1
574,133,371.00,175.30,70.78,174.82,1,-1,-1,-1
574,139,456.93,211.89,61.52,151.25,1,-1,-1,-1
575,133,371.34,171.01,72.27,180.04,1,-1,-1,-1
575,139,458.77,210.45,62.61,152.98,1,-1,-1,-1
576,133,370.26,171.93,73.30,185.20,1,-1,-1,-1
576,139,464.04,211.64,62.56,152.85,1,-1,-1,-1
577,133,379.46,167.85,74.81,186.52,1,-1,-1,-1
578,133,381.99,166.28,76.21,185.68,1,-1,-1,-1
579,133,386.46,163.77,78.71,187.86,1,-1,-1,-1
579,141,217.00,203.00,20.00,74.00,1,-1,-1,-1
580,133,391.13,164.12,81.36,190.58,1,-1,-1,-1
581,133,394.23,165.58,82.23,189.00,1,-1,-1,-1
582,133,393.83,160.35,87.55,199.97,1,-1,-1,-1
583,133,395.94,162.84,89.41,204.70,1,-1,-1,-1
583,139,493.02,206.63,73.19,181.60,1,-1,-1,-1
584,133,397.28,165.15,89.63,205.22,1,-1,-1,-1
584,139,497.48,206.94,74.16,184.53,1,-1,-1,-1
585,133,396.04,164.80,91.13,213.04,1,-1,-1,-1
585,139,502.11,207.14,75.03,186.68,1,-1,-1,-1
586,133,397.60,164.12,92.38,215.94,1,-1,-1,-1
587,133,392.15,165.36,88.89,215.20,1,-1,-1,-1
588,127,352.82,168.77,51.18,154.93,1,-1,-1,-1
588,133,393.10,164.82,89.98,217.84,1,-1,-1,-1
589,127,367.17,174.11,47.75,144.54,1,-1,-1,-1
590,127,364.25,158.43,49.10,150.66,1,-1,-1,-1
591,127,376.00,160.68,46.51,142.70,1,-1,-1,-1
591,142,247.00,198.00,26.00,80.00,1,-1,-1,-1
593,127,368.16,171.75,44.93,139.51,1,-1,-1,-1
593,133,415.86,131.04,103.00,264.70,1,-1,-1,-1
593,143,410.00,146.00,57.00,202.00,1,-1,-1,-1
594,127,366.78,177.41,45.18,140.15,1,-1,-1,-1
594,133,443.12,119.82,112.38,291.02,1,-1,-1,-1
594,143,432.54,134.00,63.34,224.29,1,-1,-1,-1
595,127,364.30,174.14,49.88,151.85,1,-1,-1,-1
595,133,455.43,115.64,115.12,301.42,1,-1,-1,-1
595,143,437.84,132.72,67.78,239.49,1,-1,-1,-1
596,127,360.72,170.95,53.55,157.25,1,-1,-1,-1
596,133,459.52,112.44,117.59,307.90,1,-1,-1,-1
596,143,445.70,131.69,69.66,244.12,1,-1,-1,-1
597,127,357.05,166.93,55.45,161.98,1,-1,-1,-1
597,133,470.51,113.49,117.12,319.26,1,-1,-1,-1
597,143,458.53,135.62,63.07,216.71,1,-1,-1,-1
598,127,355.68,163.36,58.69,167.04,1,-1,-1,-1
598,133,472.03,105.70,112.90,316.38,1,-1,-1,-1
598,143,465.58,135.23,62.84,215.94,1,-1,-1,-1
599,127,349.86,161.32,62.67,176.10,1,-1,-1,-1
599,133,472.47,109.83,111.36,323.48,1,-1,-1,-1
600,127,342.45,159.25,70.07,194.93,1,-1,-1,-1
600,133,476.30,107.07,113.51,329.72,1,-1,-1,-1
601,127,337.66,157.20,74.91,206.53,1,-1,-1,-1
601,133,475.04,113.03,107.25,318.84,1,-1,-1,-1
602,127,333.17,156.99,80.11,219.90,1,-1,-1,-1
602,133,472.90,112.93,107.58,324.64,1,-1,-1,-1
603,127,331.42,156.76,82.09,225.34,1,-1,-1,-1
603,133,474.36,109.04,107.81,330.57,1,-1,-1,-1
604,133,477.17,106.86,109.51,335.79,1,-1,-1,-1
606,127,300.77,112.02,106.37,291.86,1,-1,-1,-1
606,133,477.89,83.30,108.43,336.24,1,-1,-1,-1
607,127,285.05,99.74,116.75,314.38,1,-1,-1,-1
607,133,475.11,73.21,107.21,335.55,1,-1,-1,-1
608,127,265.68,91.18,128.08,334.32,1,-1,-1,-1
608,133,477.10,69.15,108.52,339.65,1,-1,-1,-1
609,127,249.69,80.40,139.18,355.14,1,-1,-1,-1
610,127,227.19,53.37,155.55,394.11,1,-1,-1,-1
611,127,197.67,32.29,175.90,451.43,1,-1,-1,-1
612,127,180.76,17.15,187.43,493.28,1,-1,-1,-1
613,127,171.45,7.28,186.59,496.10,1,-1,-1,-1
614,127,151.68,0.90,186.64,496.01,1,-1,-1,-1
615,127,127.34,1.04,185.33,487.43,1,-1,-1,-1
616,127,85.59,0.65,206.27,534.35,1,-1,-1,-1
617,127,51.58,-2.01,209.46,528.18,1,-1,-1,-1
618,127,39.48,-7.69,214.87,541.82,1,-1,-1,-1
626,144,234.00,192.00,39.00,132.00,1,-1,-1,-1
627,144,236.24,195.43,38.81,131.14,1,-1,-1,-1
628,144,236.10,196.00,39.05,131.75,1,-1,-1,-1
628,145,145.00,188.00,46.00,135.00,1,-1,-1,-1
629,144,236.75,192.44,40.64,137.15,1,-1,-1,-1
630,144,235.70,190.51,40.87,137.54,1,-1,-1,-1
631,144,233.93,185.66,42.26,141.78,1,-1,-1,-1
632,133,447.39,173.78,49.90,150.16,1,-1,-1,-1
632,144,234.27,189.40,41.47,137.13,1,-1,-1,-1
633,133,448.99,173.36,51.27,152.23,1,-1,-1,-1
633,144,232.99,189.55,41.94,137.99,1,-1,-1,-1
634,133,447.11,174.70,52.51,152.02,1,-1,-1,-1
634,144,231.03,190.97,42.43,136.93,1,-1,-1,-1
635,133,447.38,177.87,52.85,150.89,1,-1,-1,-1
635,144,230.67,191.53,42.55,135.83,1,-1,-1,-1
636,133,451.23,176.56,53.65,154.43,1,-1,-1,-1
636,144,227.44,186.41,45.48,144.09,1,-1,-1,-1
637,133,451.85,176.02,53.23,154.34,1,-1,-1,-1
637,144,224.31,183.89,46.57,145.80,1,-1,-1,-1
637,146,182.00,181.00,52.00,150.00,1,-1,-1,-1
638,133,453.12,175.73,53.72,157.16,1,-1,-1,-1
638,144,220.65,182.95,48.00,148.37,1,-1,-1,-1
638,146,185.93,185.29,51.00,146.57,1,-1,-1,-1
639,133,456.81,176.26,52.17,154.15,1,-1,-1,-1
639,144,218.29,181.97,49.87,152.55,1,-1,-1,-1
639,146,185.71,183.73,52.58,150.55,1,-1,-1,-1
640,133,459.71,176.40,51.86,154.42,1,-1,-1,-1
640,144,216.96,180.94,50.45,154.31,1,-1,-1,-1
640,146,184.01,178.03,54.82,155.55,1,-1,-1,-1
641,133,462.71,175.07,53.17,157.91,1,-1,-1,-1
641,144,217.66,179.22,51.32,156.78,1,-1,-1,-1
641,146,180.61,174.65,56.88,160.77,1,-1,-1,-1
642,133,462.78,174.56,58.28,173.77,1,-1,-1,-1
642,144,216.50,178.12,51.92,158.60,1,-1,-1,-1
642,146,181.58,172.84,59.44,165.98,1,-1,-1,-1
643,133,464.13,175.01,58.84,175.46,1,-1,-1,-1
643,146,177.08,170.24,62.71,171.14,1,-1,-1,-1
644,146,176.42,170.01,64.52,174.27,1,-1,-1,-1
645,133,476.88,171.84,67.50,202.98,1,-1,-1,-1
645,146,173.08,170.01,66.15,176.64,1,-1,-1,-1
646,133,478.86,159.19,72.45,219.70,1,-1,-1,-1
646,146,169.98,166.81,69.13,183.31,1,-1,-1,-1
647,133,484.98,155.00,73.55,226.05,1,-1,-1,-1
647,146,166.68,164.34,71.32,188.34,1,-1,-1,-1
648,133,492.41,162.15,70.19,217.13,1,-1,-1,-1
648,146,162.24,164.09,72.07,189.52,1,-1,-1,-1
648,147,394.00,208.00,21.00,74.00,1,-1,-1,-1
649,133,495.16,161.59,71.48,221.10,1,-1,-1,-1
649,146,143.75,162.12,73.57,191.13,1,-1,-1,-1
650,146,135.46,167.24,72.69,185.81,1,-1,-1,-1
651,146,126.29,156.86,77.24,194.72,1,-1,-1,-1
652,133,489.82,171.97,61.29,185.07,1,-1,-1,-1
652,146,112.51,144.72,88.26,222.93,1,-1,-1,-1
653,133,491.70,172.22,61.54,185.84,1,-1,-1,-1
653,146,102.52,145.62,93.30,237.99,1,-1,-1,-1
654,133,491.42,173.71,58.06,171.56,1,-1,-1,-1
654,146,102.96,161.64,87.73,221.71,1,-1,-1,-1
655,133,494.50,173.32,58.55,170.30,1,-1,-1,-1
655,146,97.90,160.29,89.58,226.37,1,-1,-1,-1
655,148,531.00,172.00,81.00,183.00,1,-1,-1,-1
656,133,495.12,175.20,60.82,173.23,1,-1,-1,-1
657,133,495.83,181.15,58.63,168.39,1,-1,-1,-1
657,146,69.56,130.13,110.23,277.65,1,-1,-1,-1
658,133,498.11,186.08,57.59,165.88,1,-1,-1,-1
658,146,62.42,125.07,114.41,287.59,1,-1,-1,-1
659,133,499.87,187.56,57.27,164.94,1,-1,-1,-1
659,146,55.09,121.88,117.79,295.76,1,-1,-1,-1
660,133,500.79,183.52,59.25,167.92,1,-1,-1,-1
660,146,48.65,118.49,120.89,303.56,1,-1,-1,-1
661,133,503.84,182.13,59.70,165.78,1,-1,-1,-1
662,133,505.76,182.81,59.45,165.09,1,-1,-1,-1
662,146,16.47,108.74,129.97,328.64,1,-1,-1,-1
663,146,7.15,96.67,134.78,344.10,1,-1,-1,-1
664,133,525.00,171.37,66.83,183.36,1,-1,-1,-1
664,146,1.72,84.08,138.60,360.47,1,-1,-1,-1
665,133,528.27,167.70,70.69,190.67,1,-1,-1,-1
665,146,-1.74,81.06,139.86,369.27,1,-1,-1,-1
666,133,528.89,163.15,75.16,201.06,1,-1,-1,-1
666,146,-9.76,85.00,138.26,373.16,1,-1,-1,-1
666,149,81.00,146.00,69.00,182.00,1,-1,-1,-1
667,133,532.38,155.71,78.48,208.83,1,-1,-1,-1
667,146,-17.26,81.03,141.55,382.04,1,-1,-1,-1
668,133,532.71,150.90,81.04,215.63,1,-1,-1,-1
668,146,-7.61,69.59,141.49,388.01,1,-1,-1,-1
669,133,534.71,147.78,88.24,237.24,1,-1,-1,-1
669,146,-14.07,65.14,144.67,396.71,1,-1,-1,-1
670,133,537.89,146.59,91.74,249.88,1,-1,-1,-1
671,133,540.81,144.78,93.52,254.73,1,-1,-1,-1
672,133,543.63,155.55,88.29,243.64,1,-1,-1,-1
673,133,546.51,154.50,89.70,247.52,1,-1,-1,-1
673,150,28.00,111.00,90.00,180.00,1,-1,-1,-1
674,150,-14.94,91.29,157.02,316.29,1,-1,-1,-1
675,150,-21.98,83.28,169.14,344.31,1,-1,-1,-1
676,150,-25.60,86.67,166.93,344.43,1,-1,-1,-1
677,150,-31.33,84.55,168.66,354.25,1,-1,-1,-1
678,150,-35.18,77.34,170.78,367.06,1,-1,-1,-1
679,150,-38.60,72.69,172.39,381.08,1,-1,-1,-1
680,150,-39.30,71.60,166.13,379.65,1,-1,-1,-1
681,150,-45.27,68.30,172.88,395.06,1,-1,-1,-1
683,151,293.00,207.00,29.00,87.00,1,-1,-1,-1
684,151,293.74,202.71,30.10,90.43,1,-1,-1,-1
686,133,539.76,172.93,60.98,172.18,1,-1,-1,-1
686,152,291.00,199.00,31.00,101.00,1,-1,-1,-1
687,133,540.36,173.50,60.11,169.71,1,-1,-1,-1
687,152,291.51,197.29,31.69,103.57,1,-1,-1,-1
688,152,291.40,200.71,30.71,100.29,1,-1,-1,-1
689,152,290.88,201.91,30.56,99.87,1,-1,-1,-1
690,152,289.85,204.44,29.34,95.41,1,-1,-1,-1
691,152,287.38,201.60,31.74,103.37,1,-1,-1,-1
692,152,287.32,200.67,32.38,105.98,1,-1,-1,-1
693,152,286.62,200.89,32.64,106.83,1,-1,-1,-1
694,153,219.00,196.00,37.00,107.00,1,-1,-1,-1
704,152,224.14,170.78,47.07,147.25,1,-1,-1,-1
704,154,39.00,149.00,56.00,135.00,1,-1,-1,-1
705,152,220.02,168.94,47.97,150.07,1,-1,-1,-1
706,152,219.96,172.95,49.14,154.45,1,-1,-1,-1
707,152,219.69,174.39,48.51,157.13,1,-1,-1,-1
707,155,188.00,183.00,40.00,145.00,1,-1,-1,-1
708,152,218.32,176.84,48.31,161.91,1,-1,-1,-1
708,155,185.76,186.43,41.91,151.86,1,-1,-1,-1
709,152,194.55,180.33,48.13,160.56,1,-1,-1,-1
710,152,184.75,174.09,51.55,170.14,1,-1,-1,-1
711,152,177.78,161.06,58.80,190.07,1,-1,-1,-1
712,152,169.56,145.55,64.68,215.62,1,-1,-1,-1
713,152,167.27,150.78,65.69,222.92,1,-1,-1,-1
713,156,92.00,171.00,55.00,153.00,1,-1,-1,-1
714,133,88.92,165.03,54.21,162.93,1,-1,-1,-1
714,152,162.17,154.37,64.87,223.28,1,-1,-1,-1
715,133,78.13,163.09,56.90,174.30,1,-1,-1,-1
715,152,156.80,152.33,66.45,228.72,1,-1,-1,-1
716,133,51.56,152.26,59.41,183.66,1,-1,-1,-1
717,133,35.00,151.15,59.75,184.72,1,-1,-1,-1
718,152,97.47,99.71,91.46,311.54,1,-1,-1,-1
718,157,317.00,199.00,46.00,127.00,1,-1,-1,-1
719,152,71.79,85.94,102.98,348.74,1,-1,-1,-1
720,152,56.52,77.94,110.10,369.93,1,-1,-1,-1
721,152,37.92,56.41,119.57,401.10,1,-1,-1,-1
722,152,18.60,34.39,130.17,434.85,1,-1,-1,-1
722,158,322.00,199.00,50.00,125.00,1,-1,-1,-1
723,152,-2.31,13.34,140.10,475.79,1,-1,-1,-1
723,158,323.82,199.86,48.94,122.43,1,-1,-1,-1
724,152,-12.53,6.15,144.20,489.73,1,-1,-1,-1
724,158,324.69,196.21,50.64,127.30,1,-1,-1,-1
725,158,325.15,195.07,51.19,128.67,1,-1,-1,-1
727,158,343.82,183.89,57.28,145.57,1,-1,-1,-1
728,158,347.66,181.03,58.90,149.69,1,-1,-1,-1
729,158,348.28,186.72,56.29,142.90,1,-1,-1,-1
730,158,349.18,189.15,56.34,141.72,1,-1,-1,-1
731,158,356.66,189.98,55.97,141.30,1,-1,-1,-1
732,158,362.30,192.32,55.15,139.09,1,-1,-1,-1
733,158,367.41,194.56,53.87,134.86,1,-1,-1,-1
734,158,370.74,192.77,54.88,137.21,1,-1,-1,-1
735,158,373.67,189.49,56.23,140.02,1,-1,-1,-1
736,158,374.77,185.00,58.46,146.92,1,-1,-1,-1
736,159,549.00,173.00,50.00,167.00,1,-1,-1,-1
737,158,384.61,184.60,60.19,150.16,1,-1,-1,-1
737,159,554.77,180.71,47.88,159.29,1,-1,-1,-1
737,160,179.00,186.00,52.00,145.00,1,-1,-1,-1
738,158,389.07,184.48,61.96,153.94,1,-1,-1,-1
738,161,90.00,193.00,47.00,139.00,1,-1,-1,-1
739,158,393.58,183.82,63.89,157.28,1,-1,-1,-1
739,161,88.76,190.43,47.76,140.71,1,-1,-1,-1
739,162,183.00,188.00,49.00,147.00,1,-1,-1,-1
740,158,404.11,183.60,63.48,155.95,1,-1,-1,-1
740,161,89.79,193.73,46.91,137.27,1,-1,-1,-1
740,162,187.45,194.86,45.25,135.00,1,-1,-1,-1
741,158,410.21,177.07,66.76,162.47,1,-1,-1,-1
741,161,88.15,190.39,49.87,145.82,1,-1,-1,-1
741,162,186.56,192.11,47.89,142.32,1,-1,-1,-1
742,158,413.28,172.07,68.86,167.45,1,-1,-1,-1
742,161,84.75,175.18,60.09,176.12,1,-1,-1,-1
742,162,186.97,187.57,50.95,150.50,1,-1,-1,-1
743,158,416.10,171.43,69.33,168.06,1,-1,-1,-1
743,161,84.07,160.84,69.68,204.76,1,-1,-1,-1
743,162,188.81,181.07,54.22,160.32,1,-1,-1,-1
744,158,424.87,168.66,71.80,176.57,1,-1,-1,-1
744,161,80.85,163.09,70.84,209.54,1,-1,-1,-1
744,162,188.45,186.22,52.64,154.27,1,-1,-1,-1
745,158,432.90,170.80,72.08,178.51,1,-1,-1,-1
745,161,75.85,156.19,73.29,219.02,1,-1,-1,-1
745,162,186.73,187.06,53.58,156.36,1,-1,-1,-1
745,163,42.00,175.00,56.00,163.00,1,-1,-1,-1
746,158,443.59,172.35,70.85,177.26,1,-1,-1,-1
746,161,73.99,147.28,74.60,226.25,1,-1,-1,-1
746,162,188.25,186.72,54.31,157.70,1,-1,-1,-1
746,163,35.65,152.71,63.56,185.29,1,-1,-1,-1
747,158,451.39,168.49,71.12,179.25,1,-1,-1,-1
747,161,72.25,141.89,78.13,236.98,1,-1,-1,-1
747,162,184.00,186.63,56.15,161.42,1,-1,-1,-1
748,158,458.08,168.97,69.28,174.82,1,-1,-1,-1
748,162,182.86,185.96,57.19,164.70,1,-1,-1,-1
749,158,463.84,167.75,70.02,176.69,1,-1,-1,-1
749,162,173.31,183.12,62.09,175.66,1,-1,-1,-1
749,164,12.00,88.00,112.00,338.00,1,-1,-1,-1
750,162,166.75,178.87,65.98,186.79,1,-1,-1,-1
751,158,487.23,182.40,66.59,170.16,1,-1,-1,-1
751,162,164.93,177.58,67.55,191.22,1,-1,-1,-1
752,158,497.22,186.94,65.28,166.98,1,-1,-1,-1
753,158,519.32,196.38,65.66,167.23,1,-1,-1,-1
753,162,125.99,163.59,84.03,239.12,1,-1,-1,-1
754,158,527.75,194.62,68.20,173.20,1,-1,-1,-1
754,162,112.77,152.50,86.32,249.32,1,-1,-1,-1
755,158,536.09,195.63,68.66,174.36,1,-1,-1,-1
755,162,107.61,149.75,88.97,256.96,1,-1,-1,-1
756,162,76.19,119.14,106.37,308.15,1,-1,-1,-1
757,158,537.79,176.41,75.42,195.17,1,-1,-1,-1
757,162,69.50,114.77,109.88,318.33,1,-1,-1,-1
758,158,542.82,175.89,74.61,194.71,1,-1,-1,-1
758,162,29.02,89.90,122.49,354.85,1,-1,-1,-1
759,158,547.27,176.35,75.30,194.48,1,-1,-1,-1
759,162,10.38,69.97,132.93,386.54,1,-1,-1,-1
760,158,554.00,175.73,76.16,196.71,1,-1,-1,-1
760,162,-1.51,51.79,140.10,409.94,1,-1,-1,-1
761,162,-9.73,32.83,145.13,432.74,1,-1,-1,-1
762,162,-18.70,25.66,149.61,446.10,1,-1,-1,-1
774,165,185.00,196.00,50.00,127.00,1,-1,-1,-1
775,165,180.30,191.71,54.25,138.14,1,-1,-1,-1
776,165,178.49,193.90,53.40,135.65,1,-1,-1,-1
777,165,173.83,194.03,55.28,139.72,1,-1,-1,-1
778,165,169.06,191.93,56.74,143.19,1,-1,-1,-1
779,165,162.50,184.27,61.62,154.72,1,-1,-1,-1
780,165,147.47,183.49,63.05,157.52,1,-1,-1,-1
781,165,136.85,177.33,66.72,167.02,1,-1,-1,-1
782,165,129.18,166.65,73.06,182.78,1,-1,-1,-1
783,165,118.57,161.28,77.73,194.49,1,-1,-1,-1
784,165,111.05,164.24,77.59,195.28,1,-1,-1,-1
785,165,107.95,162.41,78.75,199.13,1,-1,-1,-1
786,165,87.81,150.95,86.14,218.31,1,-1,-1,-1
787,162,448.57,168.74,54.01,161.03,1,-1,-1,-1
787,165,80.32,147.48,88.81,225.08,1,-1,-1,-1
788,162,464.02,176.92,50.14,152.91,1,-1,-1,-1
789,162,489.94,179.62,49.27,153.70,1,-1,-1,-1
789,166,12.00,112.00,126.00,321.00,1,-1,-1,-1
790,162,511.66,183.79,47.79,149.06,1,-1,-1,-1
790,166,-0.16,97.43,136.60,348.43,1,-1,-1,-1
791,166,-13.51,68.90,150.15,385.63,1,-1,-1,-1
792,166,-10.10,95.51,138.02,355.78,1,-1,-1,-1
793,166,-13.53,94.61,139.25,358.94,1,-1,-1,-1
795,162,540.04,159.57,59.71,186.23,1,-1,-1,-1
796,162,545.08,162.70,61.21,185.11,1,-1,-1,-1
797,162,549.35,181.71,59.80,172.66,1,-1,-1,-1
798,162,551.40,182.66,62.55,178.86,1,-1,-1,-1
799,162,553.99,185.59,62.97,180.42,1,-1,-1,-1
800,162,562.15,186.18,63.76,182.68,1,-1,-1,-1
813,167,496.00,207.00,53.00,118.00,1,-1,-1,-1
825,162,558.93,184.16,58.45,167.70,1,-1,-1,-1
826,162,559.05,184.10,58.27,167.19,1,-1,-1,-1
830,168,133.00,176.00,55.00,154.00,1,-1,-1,-1
831,168,130.15,170.00,58.13,162.57,1,-1,-1,-1
833,169,396.00,197.00,68.00,134.00,1,-1,-1,-1
834,169,398.23,207.29,64.39,126.29,1,-1,-1,-1
836,170,86.00,151.00,56.00,180.00,1,-1,-1,-1
837,170,82.94,155.29,55.26,177.43,1,-1,-1,-1
838,170,83.82,152.98,56.14,180.78,1,-1,-1,-1
839,162,371.04,197.81,47.97,126.45,1,-1,-1,-1
839,170,81.11,138.17,61.76,199.59,1,-1,-1,-1
840,162,360.20,187.55,52.72,136.85,1,-1,-1,-1
840,170,57.99,150.32,57.24,184.67,1,-1,-1,-1
840,171,173.00,155.00,44.00,159.00,1,-1,-1,-1
841,162,355.06,185.75,54.08,141.83,1,-1,-1,-1
841,170,46.26,146.99,59.32,191.04,1,-1,-1,-1
842,162,344.85,185.24,53.91,141.37,1,-1,-1,-1
842,170,38.72,148.62,59.96,194.51,1,-1,-1,-1
843,170,32.92,150.63,62.76,205.10,1,-1,-1,-1
844,162,332.17,199.27,47.88,124.83,1,-1,-1,-1
844,170,26.87,153.35,63.43,209.62,1,-1,-1,-1
845,162,323.93,197.21,50.07,127.96,1,-1,-1,-1
845,170,19.89,153.36,64.61,213.51,1,-1,-1,-1
846,162,320.00,192.62,52.32,132.17,1,-1,-1,-1
846,172,140.00,155.00,62.00,181.00,1,-1,-1,-1
847,162,317.21,190.93,53.66,137.03,1,-1,-1,-1
848,162,309.23,190.80,53.58,136.83,1,-1,-1,-1
848,173,146.00,163.00,53.00,174.00,1,-1,-1,-1
849,173,140.16,158.71,54.39,178.29,1,-1,-1,-1
850,173,136.11,153.54,56.32,184.20,1,-1,-1,-1
851,173,134.83,154.00,55.44,181.81,1,-1,-1,-1
852,162,280.07,188.22,56.92,145.97,1,-1,-1,-1
852,173,132.67,152.89,56.62,185.84,1,-1,-1,-1
853,162,270.11,183.31,58.37,151.52,1,-1,-1,-1
853,173,130.12,150.47,57.98,189.27,1,-1,-1,-1
854,162,264.87,178.38,59.06,160.54,1,-1,-1,-1
854,173,126.67,146.92,60.26,195.89,1,-1,-1,-1
855,162,256.91,174.60,57.54,160.80,1,-1,-1,-1
855,173,123.57,140.34,63.54,206.92,1,-1,-1,-1
856,162,249.00,173.39,58.09,162.34,1,-1,-1,-1
856,173,120.06,143.78,64.34,210.34,1,-1,-1,-1
857,162,236.51,183.39,55.07,150.35,1,-1,-1,-1
857,173,114.24,145.25,65.21,213.45,1,-1,-1,-1
858,162,227.30,187.08,54.64,146.88,1,-1,-1,-1
858,173,102.52,141.32,67.06,219.07,1,-1,-1,-1
859,162,218.10,189.65,55.42,147.03,1,-1,-1,-1
859,173,95.96,132.11,70.12,228.21,1,-1,-1,-1
860,162,209.79,189.84,55.50,147.24,1,-1,-1,-1
860,173,88.81,124.12,74.95,245.07,1,-1,-1,-1
861,162,188.40,169.98,62.84,166.36,1,-1,-1,-1
861,173,84.70,119.18,77.08,253.42,1,-1,-1,-1
862,162,179.82,168.14,62.79,167.45,1,-1,-1,-1
862,173,77.21,116.02,79.08,259.75,1,-1,-1,-1
863,162,169.91,157.83,66.85,182.59,1,-1,-1,-1
863,173,71.08,107.25,79.46,260.17,1,-1,-1,-1
864,162,163.44,161.45,67.63,184.54,1,-1,-1,-1
864,173,66.38,103.71,81.14,265.68,1,-1,-1,-1
865,162,154.16,159.58,68.65,187.33,1,-1,-1,-1
866,162,134.99,143.68,72.64,201.28,1,-1,-1,-1
867,162,126.14,145.42,69.77,197.27,1,-1,-1,-1
867,173,24.12,64.80,105.98,337.59,1,-1,-1,-1
868,162,125.49,153.91,63.70,182.72,1,-1,-1,-1
868,173,14.53,59.12,112.44,355.06,1,-1,-1,-1
869,162,118.49,146.77,65.19,192.77,1,-1,-1,-1
869,173,10.50,53.85,116.87,370.54,1,-1,-1,-1
870,162,109.28,144.58,66.02,195.25,1,-1,-1,-1
870,173,6.57,46.27,120.40,378.39,1,-1,-1,-1
871,173,0.53,42.13,122.90,385.64,1,-1,-1,-1
872,173,-4.06,36.22,126.62,399.58,1,-1,-1,-1
873,173,-6.22,26.50,128.36,408.62,1,-1,-1,-1
874,173,-6.11,24.03,124.22,401.25,1,-1,-1,-1
875,162,41.34,155.78,67.05,196.15,1,-1,-1,-1
875,173,-11.83,18.44,126.99,410.18,1,-1,-1,-1
876,162,33.44,161.92,65.57,186.23,1,-1,-1,-1
877,162,26.09,160.58,66.50,188.35,1,-1,-1,-1
878,162,6.23,156.84,68.22,195.61,1,-1,-1,-1
879,162,-0.20,152.87,64.59,187.40,1,-1,-1,-1
880,162,-10.85,151.96,64.81,188.03,1,-1,-1,-1
886,174,407.00,206.00,34.00,83.00,1,-1,-1,-1
899,175,246.00,200.00,32.00,85.00,1,-1,-1,-1
903,173,242.10,197.97,29.96,93.79,1,-1,-1,-1
904,173,251.79,204.83,26.11,81.74,1,-1,-1,-1
907,176,346.00,220.00,19.00,63.00,1,-1,-1,-1
909,173,244.12,199.01,32.78,95.99,1,-1,-1,-1
910,173,246.86,200.78,31.89,93.38,1,-1,-1,-1
910,177,456.00,181.00,51.00,142.00,1,-1,-1,-1
913,178,464.00,182.00,64.00,152.00,1,-1,-1,-1
914,178,467.37,168.29,73.55,175.14,1,-1,-1,-1
915,178,473.75,170.95,73.39,176.17,1,-1,-1,-1
916,178,482.95,173.65,72.52,174.73,1,-1,-1,-1
917,178,495.66,178.22,71.44,171.88,1,-1,-1,-1
918,178,501.70,179.37,71.76,172.63,1,-1,-1,-1
921,173,221.90,181.11,49.45,138.78,1,-1,-1,-1
921,178,531.78,158.29,92.37,223.47,1,-1,-1,-1
922,173,220.30,179.76,50.62,142.08,1,-1,-1,-1
922,178,543.73,159.25,90.92,220.73,1,-1,-1,-1
923,178,551.70,157.53,93.41,226.80,1,-1,-1,-1
925,173,217.61,175.13,52.27,150.36,1,-1,-1,-1
925,179,92.00,164.00,54.00,164.00,1,-1,-1,-1
926,173,216.10,173.75,53.39,153.58,1,-1,-1,-1
927,173,211.87,163.82,57.93,168.24,1,-1,-1,-1
927,180,186.00,176.00,56.00,152.00,1,-1,-1,-1
927,181,93.00,180.00,54.00,153.00,1,-1,-1,-1
928,173,210.20,161.98,59.25,172.08,1,-1,-1,-1
928,181,92.38,177.43,53.53,151.29,1,-1,-1,-1
929,173,195.51,172.60,63.97,173.02,1,-1,-1,-1
930,173,188.43,177.64,67.27,176.25,1,-1,-1,-1
931,173,183.87,180.75,69.25,178.70,1,-1,-1,-1
932,173,179.44,179.44,72.23,183.37,1,-1,-1,-1
933,173,170.22,163.77,78.38,204.71,1,-1,-1,-1
934,173,162.46,157.77,83.63,223.94,1,-1,-1,-1
935,173,155.38,148.60,88.19,243.36,1,-1,-1,-1
935,182,85.00,191.00,59.00,138.00,1,-1,-1,-1
936,173,151.05,147.35,90.57,252.39,1,-1,-1,-1
936,182,83.58,188.43,59.26,138.86,1,-1,-1,-1
936,183,410.00,190.00,49.00,142.00,1,-1,-1,-1
936,184,318.00,195.00,43.00,136.00,1,-1,-1,-1
937,173,147.22,145.11,92.95,259.03,1,-1,-1,-1
937,183,411.43,187.43,50.43,146.29,1,-1,-1,-1
937,184,320.40,191.57,43.34,136.86,1,-1,-1,-1
938,183,412.46,182.55,51.30,149.22,1,-1,-1,-1
938,184,321.17,184.26,45.66,144.49,1,-1,-1,-1
939,183,414.43,179.45,51.98,151.64,1,-1,-1,-1
939,184,323.84,187.61,45.15,142.71,1,-1,-1,-1
940,173,105.60,76.11,128.90,362.72,1,-1,-1,-1
940,183,415.87,179.20,51.32,150.26,1,-1,-1,-1
940,184,324.84,192.64,44.05,138.98,1,-1,-1,-1
941,173,88.89,57.03,141.48,396.11,1,-1,-1,-1
941,183,415.82,173.61,54.19,159.52,1,-1,-1,-1
941,184,326.64,190.89,44.85,141.88,1,-1,-1,-1
941,185,445.00,168.00,47.00,164.00,1,-1,-1,-1
942,173,65.24,35.24,155.41,425.00,1,-1,-1,-1
942,183,433.46,173.04,56.06,164.74,1,-1,-1,-1
942,184,330.51,190.27,46.12,145.62,1,-1,-1,-1
943,173,39.58,14.80,165.10,442.16,1,-1,-1,-1
943,183,446.60,169.61,57.75,169.93,1,-1,-1,-1
943,184,333.06,183.99,49.58,155.03,1,-1,-1,-1
944,173,20.14,15.18,176.61,475.34,1,-1,-1,-1
944,183,454.67,169.05,59.19,173.11,1,-1,-1,-1
944,184,342.74,171.87,55.51,175.47,1,-1,-1,-1
945,173,13.30,9.90,184.36,492.72,1,-1,-1,-1
945,183,460.98,167.61,61.42,177.47,1,-1,-1,-1
945,184,350.38,166.63,57.35,183.24,1,-1,-1,-1
946,173,-7.94,2.37,176.52,485.88,1,-1,-1,-1
946,183,474.17,164.54,63.70,184.87,1,-1,-1,-1
946,184,357.67,162.68,59.67,190.66,1,-1,-1,-1
947,173,-16.47,-4.58,181.24,498.87,1,-1,-1,-1
947,183,485.56,164.69,67.65,194.04,1,-1,-1,-1
947,184,363.54,162.46,63.28,202.33,1,-1,-1,-1
948,183,495.17,160.36,75.04,215.31,1,-1,-1,-1
948,184,380.59,161.18,65.75,210.57,1,-1,-1,-1
949,183,500.50,158.69,77.70,220.45,1,-1,-1,-1
949,184,384.01,156.35,71.45,226.91,1,-1,-1,-1
950,183,516.72,154.95,82.86,235.56,1,-1,-1,-1
950,184,387.96,161.92,75.14,233.88,1,-1,-1,-1
950,186,210.00,192.00,61.00,136.00,1,-1,-1,-1
951,183,529.36,146.04,86.39,247.62,1,-1,-1,-1
951,184,396.66,167.44,75.86,230.85,1,-1,-1,-1
951,186,207.24,184.29,67.37,150.57,1,-1,-1,-1
951,187,101.00,179.00,51.00,158.00,1,-1,-1,-1
951,188,185.00,180.00,56.00,151.00,1,-1,-1,-1
951,189,123.00,175.00,55.00,153.00,1,-1,-1,-1
952,183,537.27,143.33,88.78,254.48,1,-1,-1,-1
952,184,401.70,165.79,77.88,236.99,1,-1,-1,-1
952,186,208.69,177.25,71.81,161.63,1,-1,-1,-1
953,186,211.67,177.56,71.34,161.31,1,-1,-1,-1
954,184,428.70,107.95,101.85,308.05,1,-1,-1,-1
954,186,208.14,172.29,76.06,172.75,1,-1,-1,-1
955,184,442.11,105.92,108.98,322.29,1,-1,-1,-1
955,186,203.38,172.50,77.29,176.03,1,-1,-1,-1
956,184,446.33,107.72,113.60,327.27,1,-1,-1,-1
956,186,202.36,170.17,79.49,181.05,1,-1,-1,-1
957,184,454.54,108.62,119.44,339.59,1,-1,-1,-1
957,186,194.04,167.97,81.92,185.23,1,-1,-1,-1
958,184,462.58,104.07,124.30,351.75,1,-1,-1,-1
958,186,192.10,165.66,84.09,190.14,1,-1,-1,-1
959,184,469.28,99.65,127.91,361.98,1,-1,-1,-1
959,190,95.00,178.00,56.00,156.00,1,-1,-1,-1
963,173,88.56,104.63,129.01,341.22,1,-1,-1,-1
964,173,78.01,73.63,140.22,372.27,1,-1,-1,-1
965,173,54.85,44.49,157.84,414.28,1,-1,-1,-1
966,173,33.30,31.92,166.93,428.94,1,-1,-1,-1
967,173,13.09,22.56,178.66,462.08,1,-1,-1,-1
968,173,-4.15,18.50,172.15,453.32,1,-1,-1,-1
969,173,-13.00,12.05,175.67,462.57,1,-1,-1,-1
969,191,71.00,169.00,73.00,161.00,1,-1,-1,-1
970,191,70.85,163.86,75.02,165.29,1,-1,-1,-1
971,191,73.80,166.71,74.60,164.52,1,-1,-1,-1
971,192,38.00,167.00,66.00,170.00,1,-1,-1,-1
972,191,75.78,168.50,72.48,161.23,1,-1,-1,-1
972,192,34.60,164.43,66.80,172.57,1,-1,-1,-1
973,191,43.97,163.97,75.29,168.14,1,-1,-1,-1
974,191,27.80,158.27,76.86,173.94,1,-1,-1,-1
975,191,24.75,154.18,74.37,169.90,1,-1,-1,-1
976,191,21.44,154.78,73.32,168.25,1,-1,-1,-1
977,191,20.66,152.38,72.06,168.96,1,-1,-1,-1
978,191,26.25,157.57,67.03,159.84,1,-1,-1,-1
979,191,21.14,156.73,66.77,159.23,1,-1,-1,-1
