133,8825,787.00,132.00,86.00,253.00,1,-1,-1,-1
134,8825,787.00,132.00,86.00,253.00,1,-1,-1,-1
135,8825,787.00,132.00,86.00,253.00,1,-1,-1,-1
136,8825,787.00,132.00,86.00,253.00,1,-1,-1,-1
137,8825,787.00,132.00,86.00,253.00,1,-1,-1,-1
138,8825,787.00,132.00,86.00,253.00,1,-1,-1,-1
139,8825,787.00,132.00,86.00,253.00,1,-1,-1,-1
140,8825,787.00,132.00,86.00,253.00,1,-1,-1,-1
141,8825,787.00,132.00,86.00,253.00,1,-1,-1,-1
142,8825,787.00,132.00,86.00,253.00,1,-1,-1,-1
143,8825,787.00,132.00,86.00,253.00,1,-1,-1,-1
144,8825,787.00,132.00,86.00,253.00,1,-1,-1,-1
