1,3089,1677.00,392.00,132.00,351.00,1,-1,-1,-1
2,3089,1677.00,392.00,132.00,351.00,1,-1,-1,-1
3,3089,1677.00,392.00,132.00,351.00,1,-1,-1,-1
4,3089,1677.00,392.00,132.00,351.00,1,-1,-1,-1
5,3089,1677.00,392.00,132.00,351.00,1,-1,-1,-1
6,3089,1677.00,392.00,132.00,351.00,1,-1,-1,-1
7,3089,1677.00,392.00,132.00,351.00,1,-1,-1,-1
8,3089,1677.00,392.00,132.00,351.00,1,-1,-1,-1
9,3089,1677.00,392.00,132.00,351.00,1,-1,-1,-1
17,3089,1681.03,392.97,138.44,365.50,1,-1,-1,-1
18,3089,1680.85,393.01,139.50,366.19,1,-1,-1,-1
19,3089,1680.59,393.03,140.26,366.43,1,-1,-1,-1
20,3089,1680.32,393.03,140.84,366.49,1,-1,-1,-1
21,3089,1680.08,393.03,141.32,366.48,1,-1,-1,-1
22,3089,1679.86,393.03,141.73,366.45,1,-1,-1,-1
23,3089,1679.67,393.03,142.08,366.41,1,-1,-1,-1
24,3089,1679.50,393.03,142.38,366.38,1,-1,-1,-1
25,3089,1664.87,385.19,143.53,375.48,1,-1,-1,-1
26,3089,1659.99,382.24,142.70,378.89,1,-1,-1,-1
27,3089,1658.70,381.13,141.28,380.16,1,-1,-1,-1
28,3089,1658.75,380.73,139.73,380.59,1,-1,-1,-1
29,3089,1659.26,380.61,138.25,380.71,1,-1,-1,-1
30,3089,1659.90,380.59,136.88,380.71,1,-1,-1,-1
31,3089,1660.54,380.60,135.64,380.67,1,-1,-1,-1
32,3089,1661.15,380.63,134.52,380.62,1,-1,-1,-1
33,3089,1657.57,366.33,138.51,394.89,1,-1,-1,-1
33,3090,109.00,513.00,213.00,392.00,1,-1,-1,-1
34,3089,1656.54,360.97,139.43,400.24,1,-1,-1,-1
34,3090,109.00,513.00,213.00,392.00,1,-1,-1,-1
35,3089,1656.44,358.95,139.26,402.24,1,-1,-1,-1
35,3090,109.00,513.00,213.00,392.00,1,-1,-1,-1
36,3089,1656.67,358.24,138.71,402.93,1,-1,-1,-1
36,3090,109.00,513.00,213.00,392.00,1,-1,-1,-1
37,3089,1657.00,358.03,138.07,403.12,1,-1,-1,-1
37,3090,109.00,513.00,213.00,392.00,1,-1,-1,-1
38,3089,1657.35,358.02,137.43,403.13,1,-1,-1,-1
38,3090,109.00,513.00,213.00,392.00,1,-1,-1,-1
39,3089,1657.69,358.06,136.83,403.06,1,-1,-1,-1
39,3090,109.00,513.00,213.00,392.00,1,-1,-1,-1
40,3089,1658.00,358.14,136.28,402.98,1,-1,-1,-1
40,3090,109.00,513.00,213.00,392.00,1,-1,-1,-1
41,3089,1659.36,353.66,142.09,421.11,1,-1,-1,-1
41,3090,109.00,513.00,213.00,392.00,1,-1,-1,-1
42,3089,1659.97,352.00,144.08,427.89,1,-1,-1,-1
43,3089,1660.31,351.40,144.67,430.44,1,-1,-1,-1
44,3089,1660.52,351.23,144.73,431.32,1,-1,-1,-1
45,3089,1660.69,351.21,144.59,431.55,1,-1,-1,-1
46,3089,1660.82,351.25,144.39,431.55,1,-1,-1,-1
47,3089,1660.94,351.30,144.18,431.46,1,-1,-1,-1
48,3089,1661.04,351.36,143.98,431.35,1,-1,-1,-1
49,3089,1641.26,331.92,153.65,456.58,1,-1,-1,-1
49,3090,372.51,491.73,196.48,362.99,1,-1,-1,-1
50,3089,1631.88,328.48,155.48,460.27,1,-1,-1,-1
50,3090,387.47,483.63,193.62,360.24,1,-1,-1,-1
51,3089,1628.09,327.22,156.45,461.56,1,-1,-1,-1
51,3090,392.94,481.14,192.00,359.34,1,-1,-1,-1
52,3089,1626.57,326.81,157.06,461.93,1,-1,-1,-1
52,3090,394.70,480.29,190.91,359.07,1,-1,-1,-1
53,3089,1625.94,326.74,157.51,461.95,1,-1,-1,-1
53,3090,394.99,480.05,190.07,359.04,1,-1,-1,-1
54,3089,1625.66,326.78,157.87,461.85,1,-1,-1,-1
54,3090,394.76,480.03,189.39,359.09,1,-1,-1,-1
55,3089,1625.52,326.87,158.18,461.72,1,-1,-1,-1
55,3090,394.37,480.09,188.82,359.17,1,-1,-1,-1
56,3089,1625.43,326.96,158.46,461.57,1,-1,-1,-1
56,3090,393.96,480.17,188.32,359.25,1,-1,-1,-1
57,3089,1618.07,319.90,164.88,477.67,1,-1,-1,-1
57,3090,469.35,497.98,186.70,342.25,1,-1,-1,-1
58,3089,1615.08,317.28,167.77,483.70,1,-1,-1,-1
58,3090,495.89,504.84,189.55,335.82,1,-1,-1,-1
59,3089,1616.61,311.17,170.71,493.00,1,-1,-1,-1
59,3090,513.32,468.72,206.68,368.17,1,-1,-1,-1
60,3089,1616.79,312.10,171.46,498.41,1,-1,-1,-1
60,3090,531.43,466.03,206.97,368.69,1,-1,-1,-1
61,3089,1617.21,312.53,171.12,500.36,1,-1,-1,-1
62,3089,1617.70,312.77,170.40,500.98,1,-1,-1,-1
63,3089,1618.18,312.92,169.61,501.08,1,-1,-1,-1
64,3089,1618.62,313.04,168.82,501.00,1,-1,-1,-1
65,3089,1614.36,295.61,174.84,517.08,1,-1,-1,-1
65,3090,611.25,366.52,259.87,474.02,1,-1,-1,-1
65,3091,1532.00,370.00,138.00,440.00,1,-1,-1,-1
66,3089,1614.98,296.76,177.17,519.88,1,-1,-1,-1
66,3090,616.08,341.63,267.04,498.84,1,-1,-1,-1
66,3091,1526.89,377.71,137.09,436.57,1,-1,-1,-1
67,3089,1612.22,294.08,182.21,531.15,1,-1,-1,-1
67,3090,629.45,334.38,263.56,494.22,1,-1,-1,-1
68,3089,1610.88,293.12,184.74,535.35,1,-1,-1,-1
68,3090,634.41,331.85,261.51,491.98,1,-1,-1,-1
69,3089,1610.11,292.83,186.24,536.82,1,-1,-1,-1
69,3090,636.10,331.13,260.22,490.89,1,-1,-1,-1
70,3089,1609.60,292.79,187.29,537.24,1,-1,-1,-1
70,3090,636.52,331.10,259.27,490.28,1,-1,-1,-1
71,3089,1609.21,292.85,188.10,537.26,1,-1,-1,-1
71,3090,636.44,331.33,258.51,489.85,1,-1,-1,-1
72,3089,1608.88,292.93,188.80,537.14,1,-1,-1,-1
72,3090,636.16,331.65,257.86,489.50,1,-1,-1,-1
73,3089,1611.23,294.32,192.59,544.12,1,-1,-1,-1
73,3090,700.84,321.67,245.88,472.42,1,-1,-1,-1
73,3092,1511.00,383.00,151.00,433.00,1,-1,-1,-1
74,3089,1608.44,289.07,195.57,548.62,1,-1,-1,-1
74,3090,716.36,314.49,247.81,476.13,1,-1,-1,-1
74,3092,1508.86,364.14,157.86,452.71,1,-1,-1,-1
75,3089,1607.02,287.11,197.42,550.23,1,-1,-1,-1
75,3092,1508.51,361.00,158.97,456.00,1,-1,-1,-1
76,3089,1606.17,286.41,198.74,550.72,1,-1,-1,-1
76,3092,1508.44,360.16,159.24,456.88,1,-1,-1,-1
77,3089,1605.57,286.19,199.81,550.80,1,-1,-1,-1
77,3092,1508.45,360.07,159.23,456.97,1,-1,-1,-1
78,3089,1605.09,286.17,200.72,550.72,1,-1,-1,-1
78,3092,1508.48,360.16,159.15,456.88,1,-1,-1,-1
79,3089,1604.69,286.20,201.53,550.60,1,-1,-1,-1
79,3092,1508.52,360.28,159.06,456.75,1,-1,-1,-1
80,3089,1604.33,286.26,202.25,550.46,1,-1,-1,-1
80,3092,1508.56,360.39,158.97,456.64,1,-1,-1,-1
81,3089,1629.27,303.25,198.58,539.91,1,-1,-1,-1
81,3090,805.90,363.84,220.12,411.60,1,-1,-1,-1
81,3092,1484.17,355.75,165.89,475.45,1,-1,-1,-1
82,3089,1633.59,308.47,198.42,536.45,1,-1,-1,-1
82,3090,813.72,371.12,217.05,401.03,1,-1,-1,-1
82,3092,1478.60,345.52,170.95,486.90,1,-1,-1,-1
83,3089,1634.87,310.42,198.92,535.12,1,-1,-1,-1
83,3090,815.93,373.08,217.47,398.02,1,-1,-1,-1
83,3092,1476.28,341.66,173.49,491.15,1,-1,-1,-1
84,3089,1635.03,311.13,199.63,534.59,1,-1,-1,-1
84,3090,815.92,373.78,218.60,397.02,1,-1,-1,-1
84,3092,1475.23,340.28,175.01,492.61,1,-1,-1,-1
85,3089,1634.78,311.36,200.37,534.37,1,-1,-1,-1
85,3090,815.09,374.02,219.85,396.76,1,-1,-1,-1
85,3092,1474.66,339.85,176.11,493.00,1,-1,-1,-1
86,3089,1634.42,311.42,201.08,534.28,1,-1,-1,-1
86,3090,814.04,374.11,221.03,396.75,1,-1,-1,-1
86,3092,1474.29,339.78,177.01,493.00,1,-1,-1,-1
87,3089,1634.03,311.42,201.73,534.23,1,-1,-1,-1
87,3090,813.01,374.13,222.09,396.84,1,-1,-1,-1
87,3092,1474.00,339.83,177.81,492.88,1,-1,-1,-1
88,3089,1633.66,311.39,202.32,534.20,1,-1,-1,-1
88,3090,812.07,374.13,223.04,396.94,1,-1,-1,-1
88,3092,1473.74,339.92,178.54,492.72,1,-1,-1,-1
89,3089,1638.24,296.33,217.19,577.94,1,-1,-1,-1
89,3090,873.66,359.63,215.59,394.41,1,-1,-1,-1
89,3092,1457.68,369.42,175.56,481.45,1,-1,-1,-1
90,3089,1643.84,286.96,222.46,595.39,1,-1,-1,-1
90,3090,906.41,336.36,222.81,419.24,1,-1,-1,-1
90,3092,1446.87,370.88,179.96,493.51,1,-1,-1,-1
91,3089,1645.90,284.53,222.19,596.44,1,-1,-1,-1
91,3090,932.80,335.54,220.92,422.60,1,-1,-1,-1
91,3092,1442.79,372.12,180.86,495.96,1,-1,-1,-1
92,3089,1646.81,283.63,221.67,596.65,1,-1,-1,-1
92,3090,943.51,335.36,218.31,423.88,1,-1,-1,-1
93,3089,1647.26,283.33,221.10,596.58,1,-1,-1,-1
93,3090,947.96,335.40,215.62,424.34,1,-1,-1,-1
94,3089,1647.52,283.26,220.55,596.42,1,-1,-1,-1
94,3090,949.94,335.50,213.08,424.48,1,-1,-1,-1
95,3089,1647.71,283.28,220.04,596.22,1,-1,-1,-1
95,3090,950.95,335.63,210.75,424.50,1,-1,-1,-1
96,3089,1647.85,283.32,219.56,596.03,1,-1,-1,-1
96,3090,951.56,335.75,208.64,424.48,1,-1,-1,-1
97,3089,1631.73,282.08,219.78,594.55,1,-1,-1,-1
97,3090,961.79,333.74,209.03,425.27,1,-1,-1,-1
98,3089,1625.36,281.64,220.21,593.89,1,-1,-1,-1
99,3089,1622.76,281.51,220.71,593.55,1,-1,-1,-1
100,3089,1621.64,281.49,221.19,593.34,1,-1,-1,-1
101,3089,1621.09,281.51,221.64,593.19,1,-1,-1,-1
102,3089,1620.78,281.55,222.05,593.07,1,-1,-1,-1
103,3089,1620.56,281.59,222.43,592.96,1,-1,-1,-1
104,3089,1620.40,281.63,222.77,592.87,1,-1,-1,-1
105,3089,1619.77,281.02,223.29,594.26,1,-1,-1,-1
105,3092,1340.89,306.75,207.82,585.83,1,-1,-1,-1
105,3093,1213.00,304.00,166.00,442.00,1,-1,-1,-1
106,3090,1089.70,367.89,187.72,385.88,1,-1,-1,-1
106,3092,1344.39,328.30,193.31,545.52,1,-1,-1,-1
106,3093,1209.06,310.00,167.02,444.57,1,-1,-1,-1
107,3090,1098.20,376.91,180.97,374.63,1,-1,-1,-1
107,3092,1343.91,335.58,188.53,534.67,1,-1,-1,-1
107,3093,1213.55,311.00,165.13,439.01,1,-1,-1,-1
108,3090,1101.40,379.61,178.34,371.24,1,-1,-1,-1
108,3092,1344.04,338.23,186.41,530.71,1,-1,-1,-1
108,3093,1215.02,311.25,164.66,437.11,1,-1,-1,-1
109,3090,1102.49,380.54,176.99,370.10,1,-1,-1,-1
109,3092,1344.39,339.24,185.30,529.20,1,-1,-1,-1
109,3093,1215.34,311.28,164.75,436.57,1,-1,-1,-1
110,3090,1102.71,380.81,176.18,369.77,1,-1,-1,-1
110,3092,1344.81,339.63,184.61,528.61,1,-1,-1,-1
110,3093,1215.28,311.25,165.03,436.47,1,-1,-1,-1
111,3090,1102.61,380.85,175.61,369.75,1,-1,-1,-1
111,3092,1345.22,339.79,184.13,528.37,1,-1,-1,-1
111,3093,1215.10,311.21,165.38,436.50,1,-1,-1,-1
112,3090,1102.40,380.81,175.18,369.82,1,-1,-1,-1
112,3092,1345.60,339.86,183.75,528.26,1,-1,-1,-1
112,3093,1214.88,311.18,165.75,436.56,1,-1,-1,-1
113,3089,1217.26,296.05,207.39,550.61,1,-1,-1,-1
113,3090,1109.41,382.17,174.23,367.83,1,-1,-1,-1
113,3092,1342.26,339.68,183.87,528.61,1,-1,-1,-1
113,3093,1215.46,311.48,165.46,435.81,1,-1,-1,-1
114,3089,1198.01,288.40,214.14,560.21,1,-1,-1,-1
115,3089,1190.33,286.15,217.71,562.97,1,-1,-1,-1
116,3089,1187.63,285.31,220.18,564.03,1,-1,-1,-1
117,3089,1186.93,285.00,222.06,564.46,1,-1,-1,-1
118,3089,1186.99,284.90,223.58,564.64,1,-1,-1,-1
119,3089,1187.29,284.87,224.86,564.73,1,-1,-1,-1
120,3089,1187.67,284.87,225.96,564.77,1,-1,-1,-1
121,3089,1198.72,373.23,213.43,527.50,1,-1,-1,-1
121,3094,1471.00,190.00,241.00,579.00,1,-1,-1,-1
122,3089,1185.56,358.91,230.98,570.95,1,-1,-1,-1
122,3094,1476.78,190.86,228.59,548.14,1,-1,-1,-1
123,3089,1171.18,325.19,247.42,617.42,1,-1,-1,-1
123,3094,1464.29,188.70,234.99,562.19,1,-1,-1,-1
124,3089,1163.90,299.33,255.79,643.68,1,-1,-1,-1
124,3094,1456.34,183.57,243.59,580.94,1,-1,-1,-1
125,3089,1161.97,288.90,257.94,654.01,1,-1,-1,-1
125,3094,1453.50,181.86,247.13,587.24,1,-1,-1,-1
126,3089,1162.13,284.79,257.70,657.85,1,-1,-1,-1
126,3094,1452.42,181.37,248.91,589.10,1,-1,-1,-1
127,3089,1162.98,283.21,256.63,659.12,1,-1,-1,-1
127,3094,1451.88,181.28,250.12,589.45,1,-1,-1,-1
128,3089,1164.03,282.64,255.33,659.41,1,-1,-1,-1
128,3094,1451.48,181.33,251.16,589.33,1,-1,-1,-1
129,3089,1155.23,281.48,257.64,665.39,1,-1,-1,-1
129,3094,1397.31,194.19,292.42,694.79,1,-1,-1,-1
130,3094,1375.86,194.99,308.91,741.71,1,-1,-1,-1
131,3094,1366.41,194.03,313.56,759.86,1,-1,-1,-1
132,3094,1363.88,193.60,313.42,766.31,1,-1,-1,-1
133,3094,1364.07,193.41,311.47,768.11,1,-1,-1,-1
134,3094,1365.22,193.32,308.97,768.16,1,-1,-1,-1
135,3094,1366.67,193.27,306.39,767.61,1,-1,-1,-1
136,3094,1368.14,193.23,303.91,766.86,1,-1,-1,-1
137,3089,1111.51,266.32,289.31,717.75,1,-1,-1,-1
137,3094,1345.31,162.21,317.14,802.90,1,-1,-1,-1
137,3095,2.00,466.00,178.00,408.00,1,-1,-1,-1
138,3089,1106.14,265.61,298.94,719.93,1,-1,-1,-1
138,3094,1337.05,150.43,321.47,816.38,1,-1,-1,-1
138,3095,2.00,466.00,178.00,408.00,1,-1,-1,-1
139,3089,1102.21,265.35,306.24,720.76,1,-1,-1,-1
139,3094,1334.35,145.84,322.44,821.15,1,-1,-1,-1
139,3095,2.00,466.00,178.00,408.00,1,-1,-1,-1
140,3089,1099.37,265.29,311.98,720.93,1,-1,-1,-1
140,3094,1333.83,144.14,322.13,822.50,1,-1,-1,-1
140,3095,2.00,466.00,178.00,408.00,1,-1,-1,-1
141,3089,1097.19,265.31,316.64,720.82,1,-1,-1,-1
141,3094,1334.10,143.59,321.39,822.55,1,-1,-1,-1
141,3095,2.00,466.00,178.00,408.00,1,-1,-1,-1
142,3089,1095.44,265.35,320.54,720.62,1,-1,-1,-1
142,3094,1334.65,143.47,320.53,822.15,1,-1,-1,-1
142,3095,2.00,466.00,178.00,408.00,1,-1,-1,-1
143,3089,1093.99,265.41,323.85,720.40,1,-1,-1,-1
143,3094,1335.26,143.52,319.69,821.60,1,-1,-1,-1
143,3095,2.00,466.00,178.00,408.00,1,-1,-1,-1
144,3089,1092.75,265.46,326.71,720.18,1,-1,-1,-1
144,3094,1335.86,143.62,318.89,821.04,1,-1,-1,-1
144,3095,2.00,466.00,178.00,408.00,1,-1,-1,-1
145,3089,1074.66,211.50,357.38,788.31,1,-1,-1,-1
145,3094,1330.52,141.40,322.60,830.61,1,-1,-1,-1
145,3095,2.00,466.00,178.00,408.00,1,-1,-1,-1
146,3089,1059.63,197.17,367.15,807.25,1,-1,-1,-1
146,3096,396.00,429.00,162.00,318.00,1,-1,-1,-1
147,3089,1053.47,191.61,371.52,814.53,1,-1,-1,-1
147,3096,396.00,429.00,162.00,318.00,1,-1,-1,-1
148,3089,1050.99,189.64,373.60,817.05,1,-1,-1,-1
148,3096,396.00,429.00,162.00,318.00,1,-1,-1,-1
149,3089,1049.97,189.06,374.75,817.73,1,-1,-1,-1
149,3096,396.00,429.00,162.00,318.00,1,-1,-1,-1
150,3089,1049.53,189.02,375.49,817.71,1,-1,-1,-1
150,3096,396.00,429.00,162.00,318.00,1,-1,-1,-1
151,3089,1049.32,189.16,376.03,817.45,1,-1,-1,-1
151,3096,396.00,429.00,162.00,318.00,1,-1,-1,-1
152,3089,1049.22,189.37,376.48,817.11,1,-1,-1,-1
152,3096,396.00,429.00,162.00,318.00,1,-1,-1,-1
153,3089,1068.55,171.45,383.44,839.45,1,-1,-1,-1
153,3096,405.52,418.74,171.00,339.20,1,-1,-1,-1
153,3097,865.00,277.00,296.00,742.00,1,-1,-1,-1
154,3089,1082.50,155.76,389.61,860.61,1,-1,-1,-1
154,3095,212.88,411.56,210.20,475.07,1,-1,-1,-1
154,3096,406.39,419.01,176.68,354.03,1,-1,-1,-1
154,3097,853.26,281.29,294.62,737.71,1,-1,-1,-1
154,3098,110.00,342.00,213.00,484.00,1,-1,-1,-1
155,3089,1097.63,154.96,387.92,864.09,1,-1,-1,-1
155,3095,227.93,407.70,212.30,479.83,1,-1,-1,-1
155,3096,407.59,417.64,179.13,358.94,1,-1,-1,-1
155,3097,848.28,282.75,295.92,740.01,1,-1,-1,-1
156,3089,1100.08,136.81,397.97,896.73,1,-1,-1,-1
156,3097,838.32,299.50,293.26,733.40,1,-1,-1,-1
156,3099,242.00,301.00,185.00,577.00,1,-1,-1,-1
157,3089,1103.54,130.01,399.20,903.90,1,-1,-1,-1
157,3095,217.38,300.41,247.97,585.36,1,-1,-1,-1
157,3097,835.84,296.34,295.34,735.53,1,-1,-1,-1
158,3089,1117.99,134.00,390.68,890.92,1,-1,-1,-1
158,3095,225.09,329.10,236.03,562.67,1,-1,-1,-1
158,3096,388.40,392.92,194.51,401.99,1,-1,-1,-1
158,3097,827.27,282.98,304.23,756.14,1,-1,-1,-1
159,3089,1122.72,124.78,392.19,904.31,1,-1,-1,-1
159,3095,242.06,324.73,234.80,573.96,1,-1,-1,-1
159,3096,380.62,387.92,197.22,419.68,1,-1,-1,-1
159,3097,823.48,269.27,303.06,754.48,1,-1,-1,-1
160,3089,1121.97,110.48,393.17,920.13,1,-1,-1,-1
160,3095,251.46,355.59,217.17,532.36,1,-1,-1,-1
160,3096,377.22,381.65,197.45,431.19,1,-1,-1,-1
160,3097,813.77,261.49,304.02,757.76,1,-1,-1,-1
161,3089,1116.48,107.08,394.77,934.97,1,-1,-1,-1
161,3095,261.88,349.35,216.26,538.17,1,-1,-1,-1
161,3096,370.75,371.02,203.35,453.27,1,-1,-1,-1
161,3097,804.19,266.14,309.36,768.28,1,-1,-1,-1
162,3089,1104.60,96.32,396.74,948.78,1,-1,-1,-1
162,3095,273.30,343.72,218.71,544.27,1,-1,-1,-1
162,3096,366.76,360.65,206.72,469.88,1,-1,-1,-1
162,3097,791.33,266.65,313.71,770.07,1,-1,-1,-1
163,3089,1097.15,89.14,394.72,948.06,1,-1,-1,-1
163,3096,365.15,346.56,221.37,512.17,1,-1,-1,-1
163,3097,774.23,256.31,323.70,787.84,1,-1,-1,-1
164,3089,1085.49,82.72,395.23,955.83,1,-1,-1,-1
164,3096,366.68,337.39,226.48,531.64,1,-1,-1,-1
164,3097,769.46,243.98,325.86,793.05,1,-1,-1,-1
164,3100,768.00,273.00,247.00,453.00,1,-1,-1,-1
165,3089,1077.11,89.48,395.50,949.52,1,-1,-1,-1
165,3096,369.23,331.32,229.13,543.56,1,-1,-1,-1
165,3097,758.15,241.34,325.85,791.57,1,-1,-1,-1
166,3089,1073.21,92.33,396.96,946.77,1,-1,-1,-1
166,3096,370.95,329.06,228.76,547.95,1,-1,-1,-1
166,3097,753.96,240.48,326.10,790.81,1,-1,-1,-1
167,3089,1071.13,93.59,398.77,945.48,1,-1,-1,-1
167,3096,372.27,328.33,227.32,549.30,1,-1,-1,-1
167,3097,752.48,240.28,326.44,790.37,1,-1,-1,-1
168,3089,1069.80,94.22,400.59,944.78,1,-1,-1,-1
168,3096,373.36,328.20,225.59,549.47,1,-1,-1,-1
168,3097,752.02,240.32,326.80,790.07,1,-1,-1,-1
169,3089,1021.23,67.30,415.60,966.42,1,-1,-1,-1
169,3096,383.84,345.56,222.67,544.74,1,-1,-1,-1
169,3097,745.81,237.49,328.14,793.30,1,-1,-1,-1
170,3089,1000.88,59.79,420.14,965.44,1,-1,-1,-1
170,3096,391.74,373.03,210.64,520.69,1,-1,-1,-1
170,3097,610.75,184.07,346.25,831.57,1,-1,-1,-1
171,3089,985.62,59.05,429.18,975.84,1,-1,-1,-1
171,3096,394.67,391.72,193.07,484.08,1,-1,-1,-1
171,3097,562.87,152.57,358.57,858.36,1,-1,-1,-1
172,3089,964.27,46.65,438.14,991.26,1,-1,-1,-1
172,3096,394.55,392.53,194.46,487.55,1,-1,-1,-1
172,3097,538.75,173.86,343.07,812.85,1,-1,-1,-1
173,3089,950.13,38.83,435.17,980.85,1,-1,-1,-1
173,3097,530.20,161.01,350.28,822.80,1,-1,-1,-1
174,3089,944.57,36.05,434.72,976.52,1,-1,-1,-1
174,3097,526.56,156.43,354.53,826.37,1,-1,-1,-1
175,3089,942.35,35.19,435.23,974.70,1,-1,-1,-1
175,3097,525.07,154.92,357.52,827.60,1,-1,-1,-1
176,3089,941.43,35.05,436.05,973.86,1,-1,-1,-1
176,3097,524.43,154.57,359.89,827.93,1,-1,-1,-1
177,3089,933.97,29.87,437.86,977.88,1,-1,-1,-1
177,3097,481.38,179.40,365.36,830.54,1,-1,-1,-1
178,3097,464.35,189.01,369.66,831.42,1,-1,-1,-1
179,3097,457.38,192.78,373.30,831.64,1,-1,-1,-1
180,3097,454.34,194.28,376.49,831.62,1,-1,-1,-1
181,3097,452.85,194.91,379.33,831.52,1,-1,-1,-1
182,3097,451.99,195.19,381.89,831.40,1,-1,-1,-1
183,3097,451.40,195.33,384.20,831.27,1,-1,-1,-1
184,3097,450.93,195.42,386.28,831.15,1,-1,-1,-1
185,3089,786.19,58.56,443.71,1004.28,1,-1,-1,-1
185,3097,321.65,170.05,394.20,848.65,1,-1,-1,-1
186,3089,767.62,59.33,441.40,1008.67,1,-1,-1,-1
186,3097,255.11,153.40,403.54,864.91,1,-1,-1,-1
186,3101,432.00,132.00,420.00,919.00,1,-1,-1,-1
187,3089,745.27,34.74,445.27,1035.66,1,-1,-1,-1
187,3097,216.87,148.40,402.73,863.94,1,-1,-1,-1
188,3089,739.02,25.60,443.02,1045.64,1,-1,-1,-1
188,3097,203.07,146.62,402.17,863.41,1,-1,-1,-1
189,3089,738.58,22.15,439.10,1049.31,1,-1,-1,-1
189,3097,198.70,146.07,401.72,863.09,1,-1,-1,-1
190,3089,740.16,20.93,434.97,1050.52,1,-1,-1,-1
190,3097,197.88,145.99,401.35,862.85,1,-1,-1,-1
191,3089,742.28,20.56,431.11,1050.80,1,-1,-1,-1
191,3097,198.35,146.08,401.03,862.67,1,-1,-1,-1
192,3089,744.44,20.52,427.64,1050.74,1,-1,-1,-1
192,3097,199.24,146.22,400.74,862.51,1,-1,-1,-1
193,3089,684.85,15.38,420.31,1036.25,1,-1,-1,-1
193,3097,75.62,111.20,418.45,893.63,1,-1,-1,-1
194,3089,657.95,4.36,416.01,1034.48,1,-1,-1,-1
194,3097,26.10,101.95,429.34,916.20,1,-1,-1,-1
194,3102,1442.00,427.00,66.00,229.00,1,-1,-1,-1
195,3089,649.16,0.29,412.54,1033.73,1,-1,-1,-1
195,3097,7.63,98.54,433.66,924.80,1,-1,-1,-1
195,3102,1442.00,427.00,66.00,229.00,1,-1,-1,-1
196,3089,647.13,-1.14,409.60,1033.37,1,-1,-1,-1
196,3097,1.34,97.42,435.39,927.93,1,-1,-1,-1
196,3102,1442.00,427.00,66.00,229.00,1,-1,-1,-1
197,3089,647.56,-1.57,407.02,1033.16,1,-1,-1,-1
197,3097,-0.28,97.17,436.10,928.92,1,-1,-1,-1
197,3102,1442.00,427.00,66.00,229.00,1,-1,-1,-1
198,3089,648.81,-1.62,404.73,1033.02,1,-1,-1,-1
198,3097,-0.16,97.24,436.40,929.11,1,-1,-1,-1
198,3102,1442.00,427.00,66.00,229.00,1,-1,-1,-1
199,3089,650.27,-1.55,402.69,1032.91,1,-1,-1,-1
199,3097,0.56,97.42,436.55,929.00,1,-1,-1,-1
199,3102,1442.00,427.00,66.00,229.00,1,-1,-1,-1
200,3089,651.72,-1.43,400.86,1032.82,1,-1,-1,-1
200,3097,1.46,97.63,436.63,928.79,1,-1,-1,-1
200,3102,1442.00,427.00,66.00,229.00,1,-1,-1,-1
201,3089,541.18,32.64,415.44,1027.52,1,-1,-1,-1
201,3097,-9.37,129.68,388.68,853.18,1,-1,-1,-1
201,3102,1442.00,427.00,66.00,229.00,1,-1,-1,-1
202,3089,482.26,46.29,430.08,1021.54,1,-1,-1,-1
202,3097,-27.58,128.96,387.59,850.80,1,-1,-1,-1
203,3089,437.77,45.52,447.86,1019.91,1,-1,-1,-1
204,3089,408.95,21.62,460.36,1038.92,1,-1,-1,-1
205,3089,397.55,12.60,467.28,1046.06,1,-1,-1,-1
206,3089,392.95,9.16,471.89,1048.73,1,-1,-1,-1
207,3089,391.00,7.90,475.40,1049.68,1,-1,-1,-1
208,3089,390.08,7.46,478.31,1049.98,1,-1,-1,-1
209,3089,189.24,16.46,512.04,1094.33,1,-1,-1,-1
209,3103,961.00,411.00,153.00,380.00,1,-1,-1,-1
209,3104,659.00,349.00,155.00,465.00,1,-1,-1,-1
210,3089,101.97,14.08,531.26,1112.84,1,-1,-1,-1
210,3103,968.18,399.86,160.06,398.00,1,-1,-1,-1
210,3104,669.31,366.14,154.96,465.00,1,-1,-1,-1
210,3105,1059.00,384.00,164.00,380.00,1,-1,-1,-1
211,3089,58.82,13.81,541.71,1109.56,1,-1,-1,-1
211,3103,971.78,399.47,160.12,398.06,1,-1,-1,-1
211,3104,671.40,363.75,160.95,483.77,1,-1,-1,-1
211,3105,1049.03,384.00,167.64,389.43,1,-1,-1,-1
212,3089,26.37,22.81,541.47,1095.73,1,-1,-1,-1
212,3103,969.97,396.55,158.62,396.35,1,-1,-1,-1
212,3104,673.12,356.23,162.15,487.84,1,-1,-1,-1
212,3105,1052.47,374.34,174.40,406.60,1,-1,-1,-1
213,3089,20.99,29.53,538.88,1073.28,1,-1,-1,-1
213,3103,972.59,399.25,154.22,386.98,1,-1,-1,-1
213,3104,680.83,360.66,158.72,475.97,1,-1,-1,-1
213,3105,1057.86,369.60,176.40,413.09,1,-1,-1,-1
214,3089,97.41,26.83,472.60,933.45,1,-1,-1,-1
214,3103,962.96,388.89,155.84,393.67,1,-1,-1,-1
214,3104,664.36,338.88,173.53,522.55,1,-1,-1,-1
214,3105,1065.85,362.44,179.71,422.77,1,-1,-1,-1
215,3089,104.37,23.64,503.04,962.28,1,-1,-1,-1
215,3103,956.61,368.80,160.38,409.81,1,-1,-1,-1
215,3104,659.28,321.52,181.48,548.35,1,-1,-1,-1
215,3105,1069.65,353.16,182.84,431.42,1,-1,-1,-1
216,3089,85.16,23.73,499.68,955.82,1,-1,-1,-1
216,3103,954.30,362.96,161.55,412.82,1,-1,-1,-1
216,3104,657.66,314.89,185.85,561.56,1,-1,-1,-1
216,3105,1078.46,379.77,167.41,394.29,1,-1,-1,-1
217,3104,660.62,304.96,183.16,552.48,1,-1,-1,-1
217,3105,1077.74,375.68,170.31,401.88,1,-1,-1,-1
217,3106,1711.00,410.00,80.00,234.00,1,-1,-1,-1
218,3097,485.02,254.24,308.03,645.16,1,-1,-1,-1
218,3104,659.56,297.94,186.65,563.01,1,-1,-1,-1
218,3105,1077.18,377.67,169.15,399.73,1,-1,-1,-1
219,3097,595.47,253.33,284.14,633.34,1,-1,-1,-1
219,3105,1077.95,369.70,172.49,407.61,1,-1,-1,-1
220,3089,-19.02,24.92,486.27,950.08,1,-1,-1,-1
220,3097,635.26,263.04,259.49,605.04,1,-1,-1,-1
220,3105,1080.68,370.75,171.96,408.49,1,-1,-1,-1
220,3107,1705.00,408.00,94.00,233.00,1,-1,-1,-1
221,3089,-41.01,25.08,483.86,945.31,1,-1,-1,-1
221,3097,644.46,264.20,250.66,609.86,1,-1,-1,-1
221,3105,1089.25,380.48,167.04,397.50,1,-1,-1,-1
222,3097,649.07,271.88,239.30,599.75,1,-1,-1,-1
222,3105,1094.66,384.88,160.61,384.57,1,-1,-1,-1
223,3097,654.88,282.59,233.44,593.80,1,-1,-1,-1
223,3105,1097.50,385.84,156.31,375.07,1,-1,-1,-1
224,3097,656.94,286.27,229.85,592.04,1,-1,-1,-1
224,3105,1098.51,386.17,154.56,371.63,1,-1,-1,-1
225,3097,658.41,297.44,226.49,591.74,1,-1,-1,-1
225,3105,1100.12,379.60,154.60,377.77,1,-1,-1,-1
225,3108,155.00,286.00,385.00,692.00,1,-1,-1,-1
226,3097,741.42,313.35,209.18,547.27,1,-1,-1,-1
226,3105,1105.28,378.49,150.62,374.82,1,-1,-1,-1
226,3108,170.69,276.57,379.32,682.57,1,-1,-1,-1
226,3109,1220.00,360.00,115.00,394.00,1,-1,-1,-1
227,3097,771.54,316.20,208.86,546.04,1,-1,-1,-1
227,3105,1106.26,379.40,148.21,371.78,1,-1,-1,-1
227,3109,1222.23,358.29,115.68,395.71,1,-1,-1,-1
228,3097,782.44,306.30,217.12,573.36,1,-1,-1,-1
228,3105,1111.02,377.76,146.97,370.69,1,-1,-1,-1
228,3109,1219.28,353.50,115.70,394.50,1,-1,-1,-1
229,3097,778.61,290.86,221.88,591.86,1,-1,-1,-1
229,3105,1115.64,373.20,148.57,377.60,1,-1,-1,-1
229,3109,1217.91,351.18,119.38,404.47,1,-1,-1,-1
230,3097,781.22,285.45,216.10,584.79,1,-1,-1,-1
230,3105,1117.88,374.12,148.01,380.21,1,-1,-1,-1
230,3109,1215.79,361.94,116.13,392.08,1,-1,-1,-1
231,3097,782.37,282.57,222.42,602.67,1,-1,-1,-1
231,3105,1120.58,373.55,147.84,379.77,1,-1,-1,-1
231,3109,1217.11,362.32,115.88,388.91,1,-1,-1,-1
232,3097,786.98,283.42,215.72,588.57,1,-1,-1,-1
232,3109,1216.63,363.33,115.47,387.54,1,-1,-1,-1
233,3097,798.69,281.03,206.99,566.71,1,-1,-1,-1
233,3105,1123.65,380.44,144.25,369.78,1,-1,-1,-1
233,3110,371.00,323.00,240.00,616.00,1,-1,-1,-1
234,3097,802.56,274.08,204.22,565.97,1,-1,-1,-1
234,3105,1178.19,381.54,140.87,366.81,1,-1,-1,-1
235,3097,808.27,271.53,207.17,578.99,1,-1,-1,-1
235,3105,1199.49,380.59,140.46,369.11,1,-1,-1,-1
235,3111,485.00,312.00,253.00,593.00,1,-1,-1,-1
236,3097,819.84,280.35,205.74,576.10,1,-1,-1,-1
236,3104,497.34,326.35,224.65,658.61,1,-1,-1,-1
236,3105,1216.85,378.27,139.96,369.34,1,-1,-1,-1
237,3097,820.94,300.13,193.18,540.32,1,-1,-1,-1
237,3104,489.81,326.46,226.76,664.81,1,-1,-1,-1
237,3105,1225.82,374.78,140.93,372.73,1,-1,-1,-1
238,3097,812.09,299.58,197.51,559.71,1,-1,-1,-1
238,3105,1238.87,381.29,138.41,363.59,1,-1,-1,-1
239,3097,819.42,303.94,184.57,528.09,1,-1,-1,-1
239,3104,501.53,301.51,224.50,635.47,1,-1,-1,-1
239,3105,1241.64,397.01,128.56,336.35,1,-1,-1,-1
239,3112,908.00,314.00,183.00,511.00,1,-1,-1,-1
240,3097,812.98,305.49,186.30,543.49,1,-1,-1,-1
240,3104,509.11,304.71,222.01,613.23,1,-1,-1,-1
240,3105,1248.19,387.39,131.06,341.67,1,-1,-1,-1
240,3112,914.49,281.43,197.44,552.14,1,-1,-1,-1
240,3113,669.00,331.00,164.00,505.00,1,-1,-1,-1
241,3097,888.64,310.60,178.72,522.86,1,-1,-1,-1
241,3104,522.05,316.49,215.08,580.40,1,-1,-1,-1
241,3105,1244.77,386.65,130.70,342.24,1,-1,-1,-1
241,3113,653.17,332.71,177.66,547.00,1,-1,-1,-1
242,3097,920.23,297.10,178.90,531.12,1,-1,-1,-1
242,3104,530.24,323.57,209.32,556.18,1,-1,-1,-1
242,3105,1246.77,383.72,133.31,349.14,1,-1,-1,-1
242,3113,647.53,333.73,186.67,575.04,1,-1,-1,-1
243,3097,933.18,296.10,176.79,528.96,1,-1,-1,-1
243,3104,531.32,324.78,213.88,562.42,1,-1,-1,-1
243,3105,1252.16,382.61,133.77,353.09,1,-1,-1,-1
243,3113,644.57,314.12,196.26,603.89,1,-1,-1,-1
244,3097,954.58,310.82,161.64,490.10,1,-1,-1,-1
244,3104,531.30,325.59,212.34,558.38,1,-1,-1,-1
244,3105,1256.47,375.66,138.13,365.08,1,-1,-1,-1
244,3113,642.55,325.65,197.63,608.07,1,-1,-1,-1
245,3097,960.94,300.14,165.87,504.61,1,-1,-1,-1
245,3105,1256.28,371.11,140.51,372.21,1,-1,-1,-1
245,3113,644.21,335.76,194.76,594.81,1,-1,-1,-1
246,3097,963.24,296.42,167.04,509.69,1,-1,-1,-1
246,3105,1256.08,369.38,141.27,374.95,1,-1,-1,-1
246,3113,644.51,339.58,194.39,589.07,1,-1,-1,-1
247,3097,963.73,294.98,167.27,511.79,1,-1,-1,-1
247,3105,1255.88,368.74,141.40,375.98,1,-1,-1,-1
247,3113,644.21,340.93,195.12,586.59,1,-1,-1,-1
248,3097,963.59,294.42,167.16,512.71,1,-1,-1,-1
248,3105,1255.71,368.54,141.30,376.34,1,-1,-1,-1
248,3113,643.67,341.38,196.28,585.40,1,-1,-1,-1
249,3097,965.20,334.88,149.26,462.00,1,-1,-1,-1
249,3104,787.69,351.48,179.66,480.04,1,-1,-1,-1
249,3105,1250.41,373.69,137.12,369.95,1,-1,-1,-1
249,3113,656.91,336.16,184.56,542.66,1,-1,-1,-1
249,3114,1571.00,462.00,83.00,288.00,1,-1,-1,-1
250,3097,961.57,346.47,145.90,452.10,1,-1,-1,-1
250,3104,806.19,346.06,178.79,480.46,1,-1,-1,-1
250,3105,1250.28,375.70,134.65,365.51,1,-1,-1,-1
250,3113,657.98,326.55,183.28,534.27,1,-1,-1,-1
250,3114,1576.35,465.43,80.01,277.71,1,-1,-1,-1
250,3115,1071.00,343.00,158.00,406.00,1,-1,-1,-1
251,3097,965.19,357.12,144.78,449.48,1,-1,-1,-1
251,3104,807.38,348.63,178.92,486.30,1,-1,-1,-1
251,3105,1242.93,384.98,128.45,353.99,1,-1,-1,-1
251,3113,664.82,319.80,185.38,537.43,1,-1,-1,-1
251,3114,1577.86,465.24,81.33,282.10,1,-1,-1,-1
251,3115,1066.45,341.29,172.25,444.57,1,-1,-1,-1
252,3097,959.02,350.84,145.58,456.09,1,-1,-1,-1
252,3104,808.34,332.92,186.27,512.48,1,-1,-1,-1
252,3105,1235.85,379.24,129.82,365.53,1,-1,-1,-1
252,3113,664.18,314.70,184.36,530.65,1,-1,-1,-1
252,3114,1580.06,465.88,76.75,265.82,1,-1,-1,-1
252,3115,1072.17,341.72,171.06,444.50,1,-1,-1,-1
253,3097,956.64,347.73,145.09,460.03,1,-1,-1,-1
253,3104,807.03,335.55,188.45,522.89,1,-1,-1,-1
253,3105,1236.99,379.25,129.84,365.58,1,-1,-1,-1
253,3113,669.16,324.89,180.75,521.49,1,-1,-1,-1
253,3114,1581.64,456.36,78.57,272.22,1,-1,-1,-1
253,3115,1072.21,334.61,177.54,465.02,1,-1,-1,-1
254,3097,957.46,359.60,139.79,444.57,1,-1,-1,-1
254,3104,803.32,342.43,190.54,532.88,1,-1,-1,-1
254,3113,674.02,334.76,180.65,521.52,1,-1,-1,-1
254,3114,1583.13,454.13,78.05,270.42,1,-1,-1,-1
254,3115,1079.14,330.77,173.49,456.49,1,-1,-1,-1
255,3097,954.31,359.94,142.26,452.95,1,-1,-1,-1
255,3104,805.77,336.60,189.88,526.34,1,-1,-1,-1
255,3105,1227.12,376.55,130.50,373.45,1,-1,-1,-1
255,3113,681.73,343.72,168.00,479.17,1,-1,-1,-1
255,3115,1081.95,342.80,171.87,454.83,1,-1,-1,-1
256,3097,954.65,367.20,142.67,449.52,1,-1,-1,-1
256,3104,799.29,352.03,185.70,505.47,1,-1,-1,-1
256,3105,1227.16,376.33,130.75,374.16,1,-1,-1,-1
256,3113,697.65,358.75,158.89,447.41,1,-1,-1,-1
256,3115,1079.04,335.48,177.48,476.74,1,-1,-1,-1
257,3097,950.46,369.81,143.94,448.39,1,-1,-1,-1
257,3104,800.44,349.90,187.19,505.57,1,-1,-1,-1
257,3113,702.31,361.78,155.39,437.54,1,-1,-1,-1
257,3115,1080.92,329.53,177.51,480.51,1,-1,-1,-1
258,3097,951.14,366.69,144.35,443.49,1,-1,-1,-1
258,3104,801.52,354.35,183.99,484.62,1,-1,-1,-1
258,3115,1079.14,314.66,186.28,510.88,1,-1,-1,-1
259,3097,954.11,370.03,143.03,439.44,1,-1,-1,-1
259,3104,799.65,357.31,182.48,474.12,1,-1,-1,-1
259,3115,1084.73,334.37,168.58,464.53,1,-1,-1,-1
260,3097,951.42,366.07,150.01,454.56,1,-1,-1,-1
260,3104,797.99,356.34,186.04,478.41,1,-1,-1,-1
260,3115,1087.61,341.35,163.15,448.86,1,-1,-1,-1
261,3097,950.47,365.59,152.80,457.41,1,-1,-1,-1
261,3104,796.68,355.95,188.40,480.09,1,-1,-1,-1
261,3115,1088.52,343.85,161.35,443.21,1,-1,-1,-1
262,3097,949.60,365.37,154.79,458.49,1,-1,-1,-1
262,3104,795.52,355.75,190.22,480.86,1,-1,-1,-1
262,3115,1088.75,344.75,160.82,441.13,1,-1,-1,-1
263,3097,948.78,365.21,156.40,458.94,1,-1,-1,-1
263,3104,794.47,355.64,191.74,481.25,1,-1,-1,-1
263,3115,1088.72,345.07,160.76,440.35,1,-1,-1,-1
264,3097,948.03,365.09,157.78,459.16,1,-1,-1,-1
264,3104,793.53,355.56,193.06,481.50,1,-1,-1,-1
264,3115,1088.61,345.17,160.86,440.07,1,-1,-1,-1
265,3097,946.51,372.82,157.41,451.45,1,-1,-1,-1
265,3104,805.38,354.84,183.30,454.12,1,-1,-1,-1
265,3115,1091.11,359.72,156.40,430.72,1,-1,-1,-1
265,3116,1230.00,382.00,113.00,370.00,1,-1,-1,-1
266,3097,940.69,367.14,164.34,463.03,1,-1,-1,-1
266,3104,814.86,351.17,181.29,442.42,1,-1,-1,-1
266,3115,1090.85,356.56,157.72,436.50,1,-1,-1,-1
267,3097,937.72,365.00,168.50,467.35,1,-1,-1,-1
267,3104,817.42,349.82,182.04,438.34,1,-1,-1,-1
267,3115,1090.94,355.35,157.78,438.66,1,-1,-1,-1
268,3097,935.87,364.13,171.47,469.02,1,-1,-1,-1
268,3104,817.54,349.32,183.66,437.01,1,-1,-1,-1
268,3115,1091.15,354.85,157.42,439.48,1,-1,-1,-1
269,3097,934.51,363.76,173.84,469.66,1,-1,-1,-1
269,3104,816.82,349.13,185.49,436.68,1,-1,-1,-1
269,3115,1091.38,354.62,156.93,439.80,1,-1,-1,-1
270,3097,933.42,363.58,175.86,469.91,1,-1,-1,-1
270,3104,815.87,349.06,187.27,436.72,1,-1,-1,-1
270,3115,1091.61,354.50,156.42,439.93,1,-1,-1,-1
271,3097,932.49,363.49,177.63,470.00,1,-1,-1,-1
271,3104,814.89,349.03,188.93,436.88,1,-1,-1,-1
271,3115,1091.82,354.43,155.93,439.97,1,-1,-1,-1
272,3097,931.66,363.43,179.21,470.03,1,-1,-1,-1
272,3104,813.96,349.02,190.46,437.06,1,-1,-1,-1
272,3115,1092.02,354.38,155.47,439.99,1,-1,-1,-1
273,3097,938.63,363.38,167.18,443.30,1,-1,-1,-1
273,3104,817.42,349.04,189.07,433.88,1,-1,-1,-1
273,3115,1087.54,353.03,161.78,451.77,1,-1,-1,-1
273,3117,1223.00,326.00,159.00,473.00,1,-1,-1,-1
274,3097,940.74,372.67,154.31,416.31,1,-1,-1,-1
274,3115,1089.03,347.33,165.55,458.78,1,-1,-1,-1
274,3117,1219.74,344.00,151.80,451.57,1,-1,-1,-1
275,3097,940.81,366.61,156.35,423.37,1,-1,-1,-1
275,3115,1086.95,328.94,178.75,486.69,1,-1,-1,-1
275,3117,1223.61,348.53,144.08,427.34,1,-1,-1,-1
276,3097,941.57,367.27,155.09,419.95,1,-1,-1,-1
276,3115,1083.62,330.26,183.72,489.59,1,-1,-1,-1
276,3117,1225.28,349.71,137.09,404.61,1,-1,-1,-1
277,3115,1081.29,330.85,187.65,490.58,1,-1,-1,-1
277,3117,1225.45,349.84,135.73,398.32,1,-1,-1,-1
278,3115,1079.46,331.13,190.97,490.84,1,-1,-1,-1
278,3117,1225.14,349.77,136.11,396.96,1,-1,-1,-1
279,3115,1077.92,331.28,193.89,490.83,1,-1,-1,-1
279,3117,1224.68,349.67,137.03,397.01,1,-1,-1,-1
280,3115,1076.57,331.37,196.50,490.72,1,-1,-1,-1
280,3117,1224.18,349.57,138.10,397.44,1,-1,-1,-1
281,3115,1080.52,348.95,183.33,456.85,1,-1,-1,-1
281,3117,1216.53,352.91,154.16,434.93,1,-1,-1,-1
282,3115,1080.56,345.17,184.49,456.19,1,-1,-1,-1
282,3117,1210.96,346.25,165.56,459.30,1,-1,-1,-1
283,3097,972.22,392.06,144.30,377.85,1,-1,-1,-1
283,3115,1078.59,348.41,182.95,449.38,1,-1,-1,-1
283,3117,1212.63,348.14,167.54,456.48,1,-1,-1,-1
284,3097,972.10,393.35,147.24,375.86,1,-1,-1,-1
284,3115,1077.53,349.62,183.00,446.83,1,-1,-1,-1
284,3117,1212.50,348.87,169.94,455.18,1,-1,-1,-1
285,3097,971.22,393.80,149.94,375.13,1,-1,-1,-1
285,3115,1076.84,350.06,183.60,445.91,1,-1,-1,-1
285,3117,1211.65,349.13,172.44,454.59,1,-1,-1,-1
286,3097,970.13,393.90,152.35,374.98,1,-1,-1,-1
286,3115,1076.31,350.20,184.36,445.60,1,-1,-1,-1
286,3117,1210.57,349.21,174.89,454.28,1,-1,-1,-1
287,3097,969.07,393.88,154.45,375.06,1,-1,-1,-1
287,3115,1075.88,350.24,185.13,445.52,1,-1,-1,-1
287,3117,1209.46,349.23,177.21,454.10,1,-1,-1,-1
288,3097,968.10,393.82,156.27,375.22,1,-1,-1,-1
288,3115,1075.50,350.24,185.86,445.52,1,-1,-1,-1
288,3117,1208.38,349.22,179.38,453.97,1,-1,-1,-1
289,3097,969.96,395.18,155.04,372.26,1,-1,-1,-1
289,3115,1068.65,340.40,181.22,442.93,1,-1,-1,-1
289,3117,1216.49,338.74,181.49,452.55,1,-1,-1,-1
290,3115,1066.99,336.66,177.61,441.98,1,-1,-1,-1
290,3117,1218.84,334.75,183.71,451.97,1,-1,-1,-1
291,3115,1067.24,335.28,174.57,441.65,1,-1,-1,-1
291,3117,1219.04,333.27,185.86,451.71,1,-1,-1,-1
292,3115,1068.14,334.79,171.90,441.56,1,-1,-1,-1
292,3117,1218.48,332.74,187.87,451.57,1,-1,-1,-1
293,3115,1069.20,334.63,169.52,441.55,1,-1,-1,-1
293,3117,1217.69,332.57,189.72,451.49,1,-1,-1,-1
294,3115,1070.27,334.60,167.37,441.58,1,-1,-1,-1
294,3117,1216.85,332.54,191.42,451.43,1,-1,-1,-1
295,3115,1071.26,334.61,165.43,441.61,1,-1,-1,-1
295,3117,1216.05,332.56,192.96,451.39,1,-1,-1,-1
296,3115,1072.18,334.64,163.68,441.65,1,-1,-1,-1
296,3117,1215.30,332.59,194.37,451.35,1,-1,-1,-1
297,3104,1357.16,354.97,166.39,406.77,1,-1,-1,-1
297,3115,1090.81,351.01,151.35,408.99,1,-1,-1,-1
297,3117,1216.30,352.22,175.31,412.78,1,-1,-1,-1
298,3104,1374.26,359.04,155.90,405.18,1,-1,-1,-1
298,3115,1107.82,364.79,143.23,391.01,1,-1,-1,-1
298,3117,1213.50,361.25,166.72,400.45,1,-1,-1,-1
299,3104,1382.81,355.92,151.28,411.83,1,-1,-1,-1
299,3115,1109.25,360.27,143.57,397.47,1,-1,-1,-1
299,3117,1213.66,359.72,162.75,401.52,1,-1,-1,-1
300,3104,1384.38,356.04,146.55,407.20,1,-1,-1,-1
300,3115,1111.17,365.22,140.15,388.64,1,-1,-1,-1
300,3117,1218.55,366.40,154.97,389.43,1,-1,-1,-1
301,3104,1384.75,356.08,143.62,405.44,1,-1,-1,-1
301,3115,1111.86,367.03,138.79,385.46,1,-1,-1,-1
301,3117,1221.13,368.85,150.65,385.03,1,-1,-1,-1
302,3104,1384.80,356.09,141.58,404.81,1,-1,-1,-1
302,3115,1112.09,367.64,138.23,384.42,1,-1,-1,-1
302,3117,1222.76,369.67,147.75,383.56,1,-1,-1,-1
303,3104,1384.72,356.08,140.04,404.60,1,-1,-1,-1
303,3115,1112.16,367.80,137.97,384.17,1,-1,-1,-1
303,3117,1223.97,369.91,145.49,383.16,1,-1,-1,-1
304,3104,1384.57,356.08,138.80,404.56,1,-1,-1,-1
304,3115,1112.17,367.81,137.82,384.20,1,-1,-1,-1
304,3117,1224.97,369.93,143.58,383.14,1,-1,-1,-1
305,3104,1392.67,369.17,136.95,393.43,1,-1,-1,-1
305,3115,1121.84,373.69,140.78,385.64,1,-1,-1,-1
305,3117,1218.77,372.52,139.54,372.69,1,-1,-1,-1
306,3104,1394.82,374.15,137.16,389.23,1,-1,-1,-1
306,3115,1124.75,375.84,143.23,386.28,1,-1,-1,-1
306,3117,1216.46,373.42,138.01,368.90,1,-1,-1,-1
307,3104,1398.16,371.33,136.79,387.08,1,-1,-1,-1
307,3115,1130.79,375.94,144.65,388.57,1,-1,-1,-1
307,3117,1210.46,378.34,135.21,366.30,1,-1,-1,-1
308,3104,1399.52,364.95,141.05,396.22,1,-1,-1,-1
308,3115,1139.51,371.99,145.87,392.12,1,-1,-1,-1
308,3117,1203.19,368.86,139.72,381.36,1,-1,-1,-1
309,3104,1402.35,361.26,143.43,404.21,1,-1,-1,-1
309,3115,1145.06,384.16,140.37,377.85,1,-1,-1,-1
309,3117,1201.22,380.28,133.57,369.41,1,-1,-1,-1
310,3104,1398.76,359.83,143.40,405.99,1,-1,-1,-1
310,3115,1148.85,388.11,139.92,373.10,1,-1,-1,-1
310,3117,1202.25,380.05,132.43,368.83,1,-1,-1,-1
310,3118,1484.00,368.00,138.00,372.00,1,-1,-1,-1
311,3104,1395.49,358.63,142.69,404.07,1,-1,-1,-1
311,3115,1150.41,388.84,139.23,368.13,1,-1,-1,-1
311,3117,1205.71,375.31,133.23,372.64,1,-1,-1,-1
311,3118,1487.53,366.29,139.51,376.29,1,-1,-1,-1
312,3097,1475.05,371.27,155.23,380.63,1,-1,-1,-1
312,3104,1391.90,356.21,144.65,409.21,1,-1,-1,-1
312,3115,1149.13,381.09,141.18,372.32,1,-1,-1,-1
312,3117,1209.82,368.92,136.53,383.30,1,-1,-1,-1
313,3097,1487.88,373.34,151.90,376.44,1,-1,-1,-1
313,3104,1389.03,358.56,142.91,407.90,1,-1,-1,-1
313,3115,1152.27,382.32,140.31,370.03,1,-1,-1,-1
313,3117,1213.09,367.14,137.62,388.64,1,-1,-1,-1
314,3097,1497.29,376.78,148.64,366.36,1,-1,-1,-1
314,3104,1386.48,359.47,141.51,403.47,1,-1,-1,-1
314,3115,1146.17,383.90,139.12,364.07,1,-1,-1,-1
314,3117,1215.00,370.99,136.80,384.23,1,-1,-1,-1
315,3097,1500.24,377.46,149.73,361.86,1,-1,-1,-1
315,3104,1382.94,364.40,137.93,391.96,1,-1,-1,-1
315,3115,1143.95,385.05,140.39,363.17,1,-1,-1,-1
315,3117,1220.63,372.47,136.55,379.93,1,-1,-1,-1
316,3097,1500.39,380.35,150.22,360.21,1,-1,-1,-1
316,3104,1385.77,372.87,132.56,376.38,1,-1,-1,-1
316,3115,1145.95,386.30,139.44,360.70,1,-1,-1,-1
316,3117,1220.12,369.73,138.47,384.23,1,-1,-1,-1
317,3097,1507.77,389.32,146.52,350.44,1,-1,-1,-1
317,3104,1383.77,382.02,127.75,364.61,1,-1,-1,-1
317,3117,1217.40,371.30,139.67,385.86,1,-1,-1,-1
318,3097,1509.82,392.71,145.30,346.80,1,-1,-1,-1
318,3104,1383.09,385.33,125.67,360.39,1,-1,-1,-1
318,3117,1216.19,371.89,140.47,386.50,1,-1,-1,-1
319,3097,1510.05,393.94,145.00,345.51,1,-1,-1,-1
319,3104,1382.92,386.48,124.64,358.94,1,-1,-1,-1
319,3117,1215.58,372.10,141.07,386.75,1,-1,-1,-1
320,3097,1509.64,394.36,145.04,345.10,1,-1,-1,-1
320,3104,1382.92,386.84,124.01,358.52,1,-1,-1,-1
320,3117,1215.22,372.17,141.56,386.85,1,-1,-1,-1
321,3097,1506.19,391.85,144.28,344.36,1,-1,-1,-1
321,3104,1385.41,376.35,124.65,363.09,1,-1,-1,-1
321,3117,1218.69,372.83,137.16,373.84,1,-1,-1,-1
322,3097,1504.62,390.88,143.81,344.15,1,-1,-1,-1
322,3104,1386.54,372.39,124.40,364.88,1,-1,-1,-1
322,3117,1219.93,373.07,135.66,368.88,1,-1,-1,-1
323,3097,1503.81,390.49,143.47,344.12,1,-1,-1,-1
323,3104,1387.13,370.87,123.88,365.63,1,-1,-1,-1
323,3117,1220.29,373.15,135.29,367.08,1,-1,-1,-1
324,3097,1503.30,390.32,143.19,344.17,1,-1,-1,-1
324,3104,1387.51,370.30,123.30,365.97,1,-1,-1,-1
324,3117,1220.34,373.17,135.32,366.46,1,-1,-1,-1
325,3097,1502.93,390.25,142.96,344.24,1,-1,-1,-1
325,3104,1387.78,370.08,122.72,366.15,1,-1,-1,-1
325,3117,1220.28,373.16,135.49,366.28,1,-1,-1,-1
326,3097,1502.62,390.21,142.76,344.30,1,-1,-1,-1
326,3104,1388.01,370.00,122.19,366.27,1,-1,-1,-1
326,3117,1220.18,373.15,135.70,366.26,1,-1,-1,-1
327,3097,1502.36,390.18,142.59,344.37,1,-1,-1,-1
327,3104,1388.20,369.97,121.70,366.35,1,-1,-1,-1
327,3117,1220.08,373.14,135.90,366.30,1,-1,-1,-1
328,3097,1502.13,390.16,142.43,344.43,1,-1,-1,-1
328,3104,1388.37,369.97,121.25,366.42,1,-1,-1,-1
328,3117,1219.98,373.13,136.10,366.36,1,-1,-1,-1
329,3097,1500.52,382.95,145.09,352.99,1,-1,-1,-1
329,3104,1389.34,369.90,120.94,365.48,1,-1,-1,-1
329,3117,1219.29,377.04,132.89,357.25,1,-1,-1,-1
330,3097,1500.05,380.24,145.63,356.22,1,-1,-1,-1
330,3117,1218.97,378.52,131.78,353.83,1,-1,-1,-1
331,3097,1499.93,379.21,145.42,357.46,1,-1,-1,-1
331,3117,1218.81,379.05,131.48,352.62,1,-1,-1,-1
332,3097,1499.96,378.84,144.97,357.93,1,-1,-1,-1
332,3117,1218.70,379.23,131.46,352.23,1,-1,-1,-1
333,3097,1500.03,378.72,144.46,358.09,1,-1,-1,-1
333,3117,1218.62,379.28,131.55,352.14,1,-1,-1,-1
334,3097,1500.11,378.70,143.95,358.15,1,-1,-1,-1
334,3117,1218.56,379.28,131.66,352.16,1,-1,-1,-1
335,3097,1500.20,378.70,143.49,358.16,1,-1,-1,-1
335,3117,1218.51,379.26,131.78,352.22,1,-1,-1,-1
336,3097,1500.28,378.72,143.06,358.15,1,-1,-1,-1
336,3117,1218.46,379.24,131.89,352.29,1,-1,-1,-1
337,3097,1504.27,393.09,134.18,339.23,1,-1,-1,-1
337,3104,1390.42,401.58,111.07,332.14,1,-1,-1,-1
337,3117,1224.44,393.63,129.78,344.49,1,-1,-1,-1
338,3097,1503.50,396.65,131.82,333.26,1,-1,-1,-1
338,3104,1386.69,396.81,115.12,336.94,1,-1,-1,-1
338,3117,1230.66,399.07,129.67,340.92,1,-1,-1,-1
339,3097,1503.16,397.92,130.99,331.13,1,-1,-1,-1
339,3104,1384.98,395.45,117.54,338.29,1,-1,-1,-1
339,3117,1232.62,401.04,130.29,339.65,1,-1,-1,-1
340,3097,1502.98,398.36,130.70,330.40,1,-1,-1,-1
340,3104,1383.89,394.90,119.33,338.84,1,-1,-1,-1
340,3117,1233.02,401.71,131.14,339.24,1,-1,-1,-1
341,3097,1502.86,398.49,130.62,330.19,1,-1,-1,-1
341,3104,1383.11,394.66,120.76,339.11,1,-1,-1,-1
341,3117,1232.86,401.90,132.01,339.14,1,-1,-1,-1
342,3097,1502.76,398.50,130.62,330.16,1,-1,-1,-1
342,3104,1382.50,394.53,121.94,339.25,1,-1,-1,-1
342,3117,1232.52,401.91,132.84,339.16,1,-1,-1,-1
343,3097,1502.69,398.47,130.64,330.21,1,-1,-1,-1
343,3104,1381.99,394.46,122.94,339.35,1,-1,-1,-1
343,3117,1232.14,401.86,133.61,339.22,1,-1,-1,-1
344,3097,1502.62,398.43,130.67,330.27,1,-1,-1,-1
344,3104,1381.56,394.40,123.81,339.42,1,-1,-1,-1
344,3117,1231.76,401.79,134.31,339.28,1,-1,-1,-1
345,3097,1503.04,399.71,127.11,323.13,1,-1,-1,-1
345,3104,1383.60,398.29,123.01,338.17,1,-1,-1,-1
345,3117,1224.95,401.72,134.76,335.42,1,-1,-1,-1
345,3119,1650.00,388.00,121.00,331.00,1,-1,-1,-1
346,3097,1503.91,400.47,126.42,321.37,1,-1,-1,-1
346,3104,1387.36,401.05,122.64,339.05,1,-1,-1,-1
346,3117,1225.24,402.88,134.19,334.00,1,-1,-1,-1
346,3120,1711.00,485.00,86.00,218.00,1,-1,-1,-1
347,3104,1388.94,402.06,122.16,339.40,1,-1,-1,-1
347,3120,1711.00,485.00,86.00,218.00,1,-1,-1,-1
348,3104,1389.67,402.40,121.67,339.56,1,-1,-1,-1
348,3120,1711.00,485.00,86.00,218.00,1,-1,-1,-1
349,3104,1390.07,402.50,121.22,339.64,1,-1,-1,-1
349,3120,1711.00,485.00,86.00,218.00,1,-1,-1,-1
350,3104,1390.32,402.50,120.81,339.69,1,-1,-1,-1
350,3120,1711.00,485.00,86.00,218.00,1,-1,-1,-1
351,3104,1390.51,402.47,120.44,339.73,1,-1,-1,-1
351,3120,1711.00,485.00,86.00,218.00,1,-1,-1,-1
352,3104,1390.66,402.43,120.10,339.75,1,-1,-1,-1
352,3120,1711.00,485.00,86.00,218.00,1,-1,-1,-1
353,3097,1492.61,407.90,121.50,310.91,1,-1,-1,-1
353,3104,1398.06,401.09,117.05,332.59,1,-1,-1,-1
353,3117,1132.58,427.17,128.63,310.69,1,-1,-1,-1
353,3120,1674.02,426.19,112.10,287.06,1,-1,-1,-1
354,3097,1492.23,408.81,120.87,309.28,1,-1,-1,-1
354,3104,1401.37,403.18,115.52,325.93,1,-1,-1,-1
354,3117,1123.15,410.91,135.97,327.02,1,-1,-1,-1
354,3120,1662.77,404.30,120.04,308.85,1,-1,-1,-1
355,3104,1407.40,405.27,113.22,320.83,1,-1,-1,-1
355,3117,1116.75,411.59,135.67,326.30,1,-1,-1,-1
355,3120,1660.09,399.45,123.75,320.37,1,-1,-1,-1
356,3104,1409.73,406.02,112.13,318.99,1,-1,-1,-1
356,3120,1659.48,397.90,124.65,324.62,1,-1,-1,-1
357,3104,1410.66,406.28,111.51,318.36,1,-1,-1,-1
357,3120,1659.67,397.65,124.41,325.89,1,-1,-1,-1
358,3104,1411.06,406.35,111.09,318.18,1,-1,-1,-1
358,3120,1660.14,397.86,123.78,326.02,1,-1,-1,-1
359,3104,1411.25,406.35,110.76,318.17,1,-1,-1,-1
359,3120,1660.68,398.22,123.02,325.74,1,-1,-1,-1
360,3104,1411.36,406.33,110.49,318.22,1,-1,-1,-1
360,3120,1661.22,398.61,122.26,325.32,1,-1,-1,-1
361,3104,1421.71,402.37,112.64,320.25,1,-1,-1,-1
361,3117,1118.90,404.72,147.02,338.89,1,-1,-1,-1
361,3120,1657.10,391.81,125.38,333.63,1,-1,-1,-1
362,3104,1423.87,402.50,112.29,319.26,1,-1,-1,-1
362,3117,1111.10,401.50,153.27,345.19,1,-1,-1,-1
363,3117,1107.62,400.40,156.96,347.35,1,-1,-1,-1
364,3117,1105.82,399.99,159.52,348.14,1,-1,-1,-1
365,3117,1104.75,399.85,161.45,348.41,1,-1,-1,-1
366,3117,1104.03,399.81,162.99,348.48,1,-1,-1,-1
367,3117,1103.49,399.81,164.26,348.48,1,-1,-1,-1
368,3117,1103.06,399.82,165.35,348.45,1,-1,-1,-1
369,3117,1094.23,394.62,169.58,357.53,1,-1,-1,-1
370,3117,1090.96,392.67,171.12,360.94,1,-1,-1,-1
371,3117,1089.82,391.94,171.66,362.20,1,-1,-1,-1
372,3117,1089.48,391.69,171.81,362.63,1,-1,-1,-1
373,3117,1089.45,391.62,171.81,362.75,1,-1,-1,-1
374,3117,1089.53,391.62,171.77,362.75,1,-1,-1,-1
375,3117,1089.64,391.64,171.71,362.70,1,-1,-1,-1
376,3117,1089.76,391.66,171.65,362.65,1,-1,-1,-1
377,3117,1076.85,385.83,180.05,379.52,1,-1,-1,-1
377,3121,255.00,332.00,175.00,505.00,1,-1,-1,-1
377,3122,1787.00,387.00,86.00,258.00,1,-1,-1,-1
378,3117,1072.90,394.54,179.55,374.94,1,-1,-1,-1
378,3121,258.45,315.71,180.96,521.29,1,-1,-1,-1
378,3122,1789.61,390.43,79.06,236.57,1,-1,-1,-1
379,3117,1065.68,387.62,183.70,380.18,1,-1,-1,-1
380,3117,1062.59,385.01,186.13,382.11,1,-1,-1,-1
381,3117,1061.10,384.03,187.80,382.79,1,-1,-1,-1
382,3117,1060.28,383.69,189.11,382.98,1,-1,-1,-1
383,3117,1059.74,383.58,190.21,382.99,1,-1,-1,-1
384,3117,1059.32,383.57,191.18,382.94,1,-1,-1,-1
385,3117,1045.81,371.89,197.56,398.47,1,-1,-1,-1
385,3123,392.00,344.00,169.00,520.00,1,-1,-1,-1
386,3117,1041.15,367.51,199.18,404.29,1,-1,-1,-1
386,3123,392.00,344.00,169.00,520.00,1,-1,-1,-1
387,3117,1039.78,365.85,199.10,406.46,1,-1,-1,-1
387,3123,392.00,344.00,169.00,520.00,1,-1,-1,-1
388,3117,1039.65,365.28,198.43,407.20,1,-1,-1,-1
388,3123,392.00,344.00,169.00,520.00,1,-1,-1,-1
389,3117,1039.98,365.12,197.58,407.40,1,-1,-1,-1
389,3123,392.00,344.00,169.00,520.00,1,-1,-1,-1
390,3117,1040.44,365.11,196.73,407.39,1,-1,-1,-1
390,3123,392.00,344.00,169.00,520.00,1,-1,-1,-1
391,3117,1040.92,365.16,195.92,407.31,1,-1,-1,-1
391,3123,392.00,344.00,169.00,520.00,1,-1,-1,-1
392,3117,1041.38,365.22,195.18,407.20,1,-1,-1,-1
392,3123,392.00,344.00,169.00,520.00,1,-1,-1,-1
393,3117,991.80,356.19,206.12,434.40,1,-1,-1,-1
393,3123,392.00,344.00,169.00,520.00,1,-1,-1,-1
393,3124,509.00,388.00,215.00,448.00,1,-1,-1,-1
394,3117,970.51,358.54,207.53,440.73,1,-1,-1,-1
394,3124,518.58,412.00,200.12,417.14,1,-1,-1,-1
395,3117,962.69,359.55,207.20,443.09,1,-1,-1,-1
395,3123,526.85,405.87,144.21,427.20,1,-1,-1,-1
396,3117,950.48,359.35,211.03,452.24,1,-1,-1,-1
396,3123,544.64,377.21,148.78,437.73,1,-1,-1,-1
397,3117,945.29,365.72,211.92,453.72,1,-1,-1,-1
397,3123,561.05,379.66,146.06,429.74,1,-1,-1,-1
398,3117,943.49,368.24,212.30,454.14,1,-1,-1,-1
399,3117,942.99,369.23,212.48,454.17,1,-1,-1,-1
400,3117,942.98,369.62,212.58,454.06,1,-1,-1,-1
401,3117,916.57,326.36,231.42,499.92,1,-1,-1,-1
401,3123,583.16,389.96,142.58,407.30,1,-1,-1,-1
401,3125,642.00,365.00,167.00,428.00,1,-1,-1,-1
402,3117,905.67,317.81,233.71,510.70,1,-1,-1,-1
402,3123,634.41,351.06,160.36,449.52,1,-1,-1,-1
402,3126,827.00,324.00,149.00,483.00,1,-1,-1,-1
403,3117,900.33,319.58,228.72,505.25,1,-1,-1,-1
403,3123,656.05,340.05,165.92,460.77,1,-1,-1,-1
403,3126,826.87,336.00,145.84,471.86,1,-1,-1,-1
404,3117,899.17,320.44,225.37,502.81,1,-1,-1,-1
404,3123,663.50,335.78,168.89,465.28,1,-1,-1,-1
404,3126,826.67,338.00,145.66,470.00,1,-1,-1,-1
405,3117,894.79,328.63,222.66,502.99,1,-1,-1,-1
405,3123,676.41,328.39,169.56,461.84,1,-1,-1,-1
405,3126,826.86,317.60,152.61,490.44,1,-1,-1,-1
406,3117,896.77,317.00,223.06,511.94,1,-1,-1,-1
406,3123,679.68,335.48,164.75,447.45,1,-1,-1,-1
406,3126,825.21,311.47,154.79,495.15,1,-1,-1,-1
407,3117,889.89,313.76,225.46,517.43,1,-1,-1,-1
407,3123,690.87,323.77,164.18,440.01,1,-1,-1,-1
407,3126,816.38,298.37,166.35,528.01,1,-1,-1,-1
408,3123,705.65,320.49,163.39,437.88,1,-1,-1,-1
408,3126,813.68,292.51,170.22,531.54,1,-1,-1,-1
409,3126,812.01,303.35,173.00,528.95,1,-1,-1,-1
410,3126,813.34,321.77,170.14,506.18,1,-1,-1,-1
411,3126,810.00,322.20,174.75,505.25,1,-1,-1,-1
412,3126,802.34,309.73,184.01,522.14,1,-1,-1,-1
413,3126,798.48,305.15,189.50,528.30,1,-1,-1,-1
414,3126,796.10,303.48,193.45,530.49,1,-1,-1,-1
415,3126,794.37,302.94,196.67,531.14,1,-1,-1,-1
416,3126,792.93,302.82,199.50,531.22,1,-1,-1,-1
417,3126,787.90,350.57,191.93,495.16,1,-1,-1,-1
418,3126,787.18,379.96,188.61,474.90,1,-1,-1,-1
419,3126,778.65,368.35,201.37,495.76,1,-1,-1,-1
420,3126,776.98,375.89,203.85,490.85,1,-1,-1,-1
421,3126,775.24,378.64,207.13,488.93,1,-1,-1,-1
422,3126,773.54,379.55,210.55,488.21,1,-1,-1,-1
423,3126,771.95,379.76,213.83,487.95,1,-1,-1,-1
424,3126,770.48,379.72,216.89,487.86,1,-1,-1,-1
425,3126,769.61,382.66,216.74,487.54,1,-1,-1,-1
433,3126,531.59,248.95,300.49,681.32,1,-1,-1,-1
434,3126,515.31,241.44,306.10,694.04,1,-1,-1,-1
441,3126,436.95,232.25,335.77,759.08,1,-1,-1,-1
442,3126,434.09,233.10,337.48,761.36,1,-1,-1,-1
443,3126,432.64,233.26,338.46,762.40,1,-1,-1,-1
444,3126,432.29,233.42,338.93,762.54,1,-1,-1,-1
445,3126,432.45,233.62,339.15,762.30,1,-1,-1,-1
446,3126,432.80,233.82,339.26,761.92,1,-1,-1,-1
447,3126,433.20,234.02,339.30,761.51,1,-1,-1,-1
448,3126,433.60,234.20,339.32,761.11,1,-1,-1,-1
449,3126,330.84,230.47,339.95,756.19,1,-1,-1,-1
450,3126,276.60,235.00,343.19,754.75,1,-1,-1,-1
451,3126,255.54,236.80,346.27,754.03,1,-1,-1,-1
452,3126,247.29,237.56,349.07,753.61,1,-1,-1,-1
453,3126,244.00,237.91,351.59,753.30,1,-1,-1,-1
454,3126,242.65,238.10,353.83,753.06,1,-1,-1,-1
455,3126,242.07,238.21,355.84,752.86,1,-1,-1,-1
456,3126,241.79,238.30,357.63,752.68,1,-1,-1,-1
457,3126,116.66,186.22,380.38,800.76,1,-1,-1,-1
457,3127,1211.00,393.00,143.00,310.00,1,-1,-1,-1
458,3126,61.39,170.64,382.16,816.10,1,-1,-1,-1
459,3126,34.20,165.33,382.21,829.63,1,-1,-1,-1
460,3126,26.07,163.46,378.84,834.65,1,-1,-1,-1
461,3126,25.23,162.94,374.47,836.34,1,-1,-1,-1
462,3126,26.99,162.93,370.02,836.75,1,-1,-1,-1
463,3126,29.57,163.10,365.81,836.69,1,-1,-1,-1
464,3126,32.29,163.32,361.94,836.46,1,-1,-1,-1
465,3126,17.16,149.92,371.85,862.13,1,-1,-1,-1
465,3128,1235.00,401.00,163.00,328.00,1,-1,-1,-1
466,3126,12.12,144.94,374.88,871.73,1,-1,-1,-1
466,3128,1235.00,401.00,163.00,328.00,1,-1,-1,-1
467,3126,11.03,143.18,375.39,875.21,1,-1,-1,-1
467,3128,1235.00,401.00,163.00,328.00,1,-1,-1,-1
468,3126,11.40,142.66,374.96,876.32,1,-1,-1,-1
468,3128,1235.00,401.00,163.00,328.00,1,-1,-1,-1
469,3126,12.25,142.61,374.22,876.52,1,-1,-1,-1
469,3128,1235.00,401.00,163.00,328.00,1,-1,-1,-1
470,3126,13.22,142.72,373.43,876.39,1,-1,-1,-1
470,3128,1235.00,401.00,163.00,328.00,1,-1,-1,-1
471,3126,14.18,142.89,372.66,876.16,1,-1,-1,-1
471,3128,1235.00,401.00,163.00,328.00,1,-1,-1,-1
472,3126,15.08,143.07,371.95,875.90,1,-1,-1,-1
472,3128,1235.00,401.00,163.00,328.00,1,-1,-1,-1
473,3126,5.40,139.99,373.92,880.54,1,-1,-1,-1
473,3128,1235.00,401.00,163.00,328.00,1,-1,-1,-1
473,3129,342.00,351.00,244.00,494.00,1,-1,-1,-1
474,3129,342.00,351.00,244.00,494.00,1,-1,-1,-1
475,3129,342.00,351.00,244.00,494.00,1,-1,-1,-1
476,3129,342.00,351.00,244.00,494.00,1,-1,-1,-1
477,3129,342.00,351.00,244.00,494.00,1,-1,-1,-1
478,3129,342.00,351.00,244.00,494.00,1,-1,-1,-1
479,3129,342.00,351.00,244.00,494.00,1,-1,-1,-1
480,3129,342.00,351.00,244.00,494.00,1,-1,-1,-1
481,3129,378.88,373.33,231.81,472.35,1,-1,-1,-1
482,3129,395.00,382.33,221.82,454.70,1,-1,-1,-1
483,3129,400.95,385.42,217.52,448.51,1,-1,-1,-1
484,3129,403.23,386.39,215.32,446.47,1,-1,-1,-1
485,3129,404.19,386.61,213.89,445.91,1,-1,-1,-1
486,3129,404.67,386.56,212.79,445.88,1,-1,-1,-1
487,3129,404.97,386.44,211.84,446.01,1,-1,-1,-1
488,3129,405.22,386.29,210.98,446.20,1,-1,-1,-1
489,3129,467.18,365.01,224.85,475.47,1,-1,-1,-1
490,3129,501.31,368.75,216.15,456.65,1,-1,-1,-1
491,3129,508.94,368.27,216.18,464.35,1,-1,-1,-1
492,3129,512.52,368.10,214.18,467.19,1,-1,-1,-1
493,3129,514.41,368.03,211.63,468.29,1,-1,-1,-1
494,3129,515.60,368.01,209.04,468.71,1,-1,-1,-1
495,3129,516.49,368.00,206.58,468.88,1,-1,-1,-1
496,3129,517.22,368.00,204.30,468.94,1,-1,-1,-1
497,3129,540.70,376.48,193.77,440.89,1,-1,-1,-1
497,3130,223.00,238.00,188.00,558.00,1,-1,-1,-1
498,3129,542.11,365.71,196.87,450.15,1,-1,-1,-1
498,3130,235.56,234.57,204.03,605.14,1,-1,-1,-1
499,3129,537.28,346.17,207.16,472.43,1,-1,-1,-1
499,3130,265.68,246.33,223.17,652.16,1,-1,-1,-1
500,3129,536.78,336.28,209.41,480.17,1,-1,-1,-1
500,3130,277.13,249.67,230.11,672.44,1,-1,-1,-1
501,3129,536.64,332.49,209.67,483.16,1,-1,-1,-1
502,3129,536.66,331.13,209.19,484.27,1,-1,-1,-1
503,3129,536.74,330.71,208.49,484.64,1,-1,-1,-1
504,3129,536.85,330.63,207.75,484.73,1,-1,-1,-1
505,3129,611.32,346.95,191.67,444.39,1,-1,-1,-1
506,3129,638.06,345.38,193.50,452.14,1,-1,-1,-1
507,3129,647.80,344.84,193.29,454.87,1,-1,-1,-1
508,3129,651.48,344.66,192.50,455.94,1,-1,-1,-1
509,3129,652.82,344.62,191.55,456.38,1,-1,-1,-1
510,3129,653.28,344.63,190.60,456.57,1,-1,-1,-1
511,3129,653.41,344.65,189.71,456.66,1,-1,-1,-1
512,3129,653.43,344.68,188.89,456.71,1,-1,-1,-1
513,3129,660.64,344.17,188.71,456.27,1,-1,-1,-1
513,3130,536.26,256.58,236.31,642.67,1,-1,-1,-1
514,3130,615.17,291.41,215.59,578.77,1,-1,-1,-1
515,3130,639.90,293.06,209.06,573.54,1,-1,-1,-1
516,3130,648.92,293.57,204.65,571.86,1,-1,-1,-1
517,3130,652.15,293.60,201.28,571.42,1,-1,-1,-1
518,3130,653.25,293.47,198.53,571.40,1,-1,-1,-1
519,3130,653.61,293.31,196.20,571.53,1,-1,-1,-1
520,3130,653.74,293.16,194.18,571.68,1,-1,-1,-1
521,3130,664.59,287.06,198.71,584.43,1,-1,-1,-1
522,3130,668.24,284.74,200.51,589.22,1,-1,-1,-1
523,3130,669.14,283.82,201.29,591.06,1,-1,-1,-1
524,3130,669.05,283.45,201.67,591.76,1,-1,-1,-1
525,3130,668.64,283.30,201.88,592.01,1,-1,-1,-1
