1,3824,429.86,134.02,99.88,218.25,1,-1,-1,-1
1,3828,346.66,121.40,83.34,252.54,1,-1,-1,-1
1,3830,180.00,86.00,70.00,259.00,1,-1,-1,-1
1,3831,98.00,76.00,64.00,246.00,1,-1,-1,-1
1,3832,549.00,97.00,60.00,184.00,1,-1,-1,-1
2,3824,434.56,111.88,104.20,232.92,1,-1,-1,-1
2,3825,166.19,86.80,92.96,258.65,1,-1,-1,-1
2,3828,347.18,99.05,85.03,256.86,1,-1,-1,-1
2,3831,98.00,76.00,64.00,246.00,1,-1,-1,-1
2,3832,549.00,97.00,60.00,184.00,1,-1,-1,-1
3,3824,436.93,102.59,104.74,239.06,1,-1,-1,-1
3,3825,172.59,84.81,88.43,259.52,1,-1,-1,-1
3,3828,346.97,90.59,85.82,258.52,1,-1,-1,-1
3,3831,98.00,76.00,64.00,246.00,1,-1,-1,-1
3,3832,549.00,97.00,60.00,184.00,1,-1,-1,-1
4,3824,438.27,99.04,103.74,241.40,1,-1,-1,-1
4,3825,175.59,84.14,85.24,259.82,1,-1,-1,-1
4,3828,346.52,87.58,86.23,259.14,1,-1,-1,-1
4,3831,98.00,76.00,64.00,246.00,1,-1,-1,-1
4,3832,549.00,97.00,60.00,184.00,1,-1,-1,-1
5,3824,439.16,97.84,102.24,242.19,1,-1,-1,-1
5,3825,177.11,84.01,82.86,259.88,1,-1,-1,-1
5,3828,346.04,86.68,86.48,259.34,1,-1,-1,-1
5,3831,98.00,76.00,64.00,246.00,1,-1,-1,-1
5,3832,549.00,97.00,60.00,184.00,1,-1,-1,-1
6,3824,445.77,90.56,97.73,235.36,1,-1,-1,-1
6,3825,197.20,89.25,76.82,241.08,1,-1,-1,-1
6,3828,356.25,89.81,84.18,250.93,1,-1,-1,-1
6,3831,84.93,107.11,58.32,218.42,1,-1,-1,-1
6,3832,550.53,94.88,59.78,181.17,1,-1,-1,-1
7,3824,448.59,87.94,95.09,232.52,1,-1,-1,-1
7,3825,204.71,91.50,74.41,233.65,1,-1,-1,-1
7,3828,359.75,91.29,83.53,247.67,1,-1,-1,-1
7,3831,79.77,118.30,57.19,208.50,1,-1,-1,-1
7,3832,550.82,94.13,60.19,180.17,1,-1,-1,-1
8,3824,449.91,87.11,93.30,231.35,1,-1,-1,-1
8,3825,207.25,92.38,73.52,230.97,1,-1,-1,-1
8,3828,360.73,92.00,83.52,246.47,1,-1,-1,-1
8,3831,77.70,121.64,57.93,205.54,1,-1,-1,-1
8,3832,550.66,93.88,60.84,179.85,1,-1,-1,-1
9,3824,450.64,86.96,91.90,230.82,1,-1,-1,-1
9,3825,208.00,92.77,73.19,230.00,1,-1,-1,-1
9,3828,360.79,92.42,83.73,246.02,1,-1,-1,-1
9,3831,76.59,122.50,59.26,204.78,1,-1,-1,-1
9,3832,550.33,93.82,61.58,179.75,1,-1,-1,-1
10,3824,451.10,87.07,90.71,230.54,1,-1,-1,-1
10,3825,208.07,92.97,73.06,229.67,1,-1,-1,-1
10,3828,360.53,92.72,83.99,245.87,1,-1,-1,-1
10,3831,75.81,122.55,60.78,204.74,1,-1,-1,-1
10,3832,549.96,93.81,62.33,179.74,1,-1,-1,-1
11,3824,469.49,91.16,88.55,231.00,1,-1,-1,-1
11,3825,222.55,99.69,70.70,217.74,1,-1,-1,-1
11,3828,378.10,85.10,80.50,239.93,1,-1,-1,-1
11,3831,49.68,103.96,64.87,220.59,1,-1,-1,-1
11,3832,545.78,95.83,61.97,180.43,1,-1,-1,-1
12,3824,477.02,92.86,86.47,231.11,1,-1,-1,-1
12,3825,227.46,102.33,70.45,213.24,1,-1,-1,-1
12,3828,384.93,82.35,78.44,237.69,1,-1,-1,-1
12,3831,40.62,97.30,65.94,226.26,1,-1,-1,-1
12,3832,544.40,96.59,61.49,180.70,1,-1,-1,-1
13,3824,480.31,93.64,84.54,231.08,1,-1,-1,-1
13,3825,228.75,103.30,70.98,211.67,1,-1,-1,-1
13,3828,387.62,81.45,77.00,236.88,1,-1,-1,-1
13,3831,37.51,94.65,66.02,228.52,1,-1,-1,-1
13,3832,544.06,96.88,60.99,180.81,1,-1,-1,-1
14,3824,481.91,94.05,82.78,231.01,1,-1,-1,-1
14,3825,228.76,103.67,71.73,211.16,1,-1,-1,-1
14,3828,388.74,81.24,75.86,236.62,1,-1,-1,-1
14,3831,36.70,93.62,65.73,229.41,1,-1,-1,-1
14,3832,544.10,96.98,60.49,180.87,1,-1,-1,-1
15,3824,482.83,94.31,81.18,230.93,1,-1,-1,-1
15,3825,228.34,103.82,72.50,211.04,1,-1,-1,-1
15,3828,389.25,81.27,74.88,236.55,1,-1,-1,-1
15,3831,36.74,93.23,65.32,229.75,1,-1,-1,-1
15,3832,544.27,97.02,60.02,180.89,1,-1,-1,-1
16,3824,488.96,97.75,79.12,223.69,1,-1,-1,-1
16,3825,244.27,103.88,69.33,201.82,1,-1,-1,-1
16,3828,388.97,82.05,79.72,251.64,1,-1,-1,-1
16,3831,32.13,93.22,65.30,229.67,1,-1,-1,-1
16,3832,539.51,99.66,60.99,184.86,1,-1,-1,-1
17,3824,491.03,99.18,78.55,220.85,1,-1,-1,-1
17,3825,250.06,103.91,68.16,198.42,1,-1,-1,-1
17,3828,388.80,82.36,81.55,257.23,1,-1,-1,-1
17,3832,537.84,100.65,61.15,186.34,1,-1,-1,-1
18,3824,491.56,99.77,78.56,219.77,1,-1,-1,-1
18,3825,251.99,103.93,67.76,197.26,1,-1,-1,-1
18,3828,388.55,82.58,82.30,259.41,1,-1,-1,-1
18,3832,537.32,101.02,61.03,186.90,1,-1,-1,-1
19,3824,491.54,100.05,78.76,219.35,1,-1,-1,-1
19,3825,252.51,103.94,67.64,196.92,1,-1,-1,-1
19,3828,388.31,82.75,82.60,260.21,1,-1,-1,-1
19,3832,537.23,101.14,60.81,187.10,1,-1,-1,-1
20,3824,491.32,100.20,79.02,219.19,1,-1,-1,-1
20,3825,252.53,103.95,67.62,196.87,1,-1,-1,-1
20,3828,388.09,82.88,82.73,260.48,1,-1,-1,-1
20,3832,537.31,101.18,60.58,187.17,1,-1,-1,-1
21,3824,496.77,97.68,78.31,217.81,1,-1,-1,-1
21,3825,261.53,95.37,75.08,218.06,1,-1,-1,-1
21,3828,399.48,84.28,79.75,248.87,1,-1,-1,-1
21,3831,3.80,123.53,56.93,196.66,1,-1,-1,-1
21,3832,533.64,98.57,62.72,193.71,1,-1,-1,-1
21,3833,177.00,100.00,54.00,153.00,1,-1,-1,-1
22,3824,498.79,96.77,77.93,217.28,1,-1,-1,-1
22,3825,264.76,92.25,77.90,225.73,1,-1,-1,-1
22,3828,403.57,84.91,78.91,244.34,1,-1,-1,-1
22,3831,1.76,125.95,57.00,194.03,1,-1,-1,-1
22,3832,532.27,97.58,63.53,196.15,1,-1,-1,-1
22,3833,177.00,100.00,54.00,153.00,1,-1,-1,-1
23,3824,499.49,96.47,77.68,217.08,1,-1,-1,-1
23,3825,265.80,91.04,79.11,228.81,1,-1,-1,-1
23,3828,404.81,85.18,78.93,242.66,1,-1,-1,-1
23,3831,0.74,126.73,57.44,193.18,1,-1,-1,-1
23,3832,531.77,97.20,63.85,197.07,1,-1,-1,-1
23,3833,177.00,100.00,54.00,153.00,1,-1,-1,-1
24,3824,499.71,96.40,77.50,217.01,1,-1,-1,-1
24,3825,266.00,90.61,79.66,229.98,1,-1,-1,-1
24,3828,405.01,85.32,79.24,242.05,1,-1,-1,-1
24,3831,0.33,126.95,57.96,192.94,1,-1,-1,-1
24,3832,531.61,97.05,63.97,197.39,1,-1,-1,-1
24,3833,177.00,100.00,54.00,153.00,1,-1,-1,-1
25,3824,499.74,96.41,77.35,216.98,1,-1,-1,-1
25,3825,265.90,90.48,79.93,230.39,1,-1,-1,-1
25,3828,404.85,85.41,79.62,241.84,1,-1,-1,-1
25,3831,0.17,126.96,58.47,192.93,1,-1,-1,-1
25,3832,531.57,97.00,64.01,197.48,1,-1,-1,-1
25,3833,177.00,100.00,54.00,153.00,1,-1,-1,-1
26,3824,502.12,95.41,77.33,216.93,1,-1,-1,-1
26,3825,278.31,100.17,73.00,211.10,1,-1,-1,-1
26,3828,422.15,87.44,75.63,230.63,1,-1,-1,-1
26,3831,-3.14,128.67,57.89,191.03,1,-1,-1,-1
26,3832,531.77,98.93,64.96,198.13,1,-1,-1,-1
26,3833,174.20,99.29,54.64,155.12,1,-1,-1,-1
27,3825,282.99,104.03,70.15,203.47,1,-1,-1,-1
27,3828,428.69,88.26,73.97,226.38,1,-1,-1,-1
27,3832,531.67,99.66,65.70,198.35,1,-1,-1,-1
27,3833,173.26,99.04,54.79,155.87,1,-1,-1,-1
28,3825,284.61,105.42,69.02,200.75,1,-1,-1,-1
28,3828,431.02,88.58,73.24,224.87,1,-1,-1,-1
28,3832,531.48,99.94,66.33,198.41,1,-1,-1,-1
28,3833,172.98,98.96,54.76,156.12,1,-1,-1,-1
29,3825,285.13,105.91,68.52,199.80,1,-1,-1,-1
29,3828,431.81,88.71,72.86,224.37,1,-1,-1,-1
29,3832,531.27,100.04,66.88,198.41,1,-1,-1,-1
29,3833,172.95,98.94,54.67,156.19,1,-1,-1,-1
30,3825,285.24,106.09,68.26,199.48,1,-1,-1,-1
30,3828,432.02,88.78,72.62,224.23,1,-1,-1,-1
30,3832,531.07,100.07,67.37,198.38,1,-1,-1,-1
30,3833,173.00,98.93,54.55,156.20,1,-1,-1,-1
31,3825,297.99,106.80,68.87,200.07,1,-1,-1,-1
31,3828,435.16,87.50,75.41,229.51,1,-1,-1,-1
31,3832,536.82,103.99,66.33,191.19,1,-1,-1,-1
31,3833,171.90,96.94,56.10,160.85,1,-1,-1,-1
32,3825,302.55,107.06,69.32,200.33,1,-1,-1,-1
32,3828,435.94,87.03,77.06,231.50,1,-1,-1,-1
32,3832,538.71,105.48,66.62,188.40,1,-1,-1,-1
32,3833,171.53,96.21,56.63,162.56,1,-1,-1,-1
33,3825,304.03,107.14,69.69,200.46,1,-1,-1,-1
33,3828,435.86,86.86,78.22,232.29,1,-1,-1,-1
33,3832,539.07,106.02,67.38,187.37,1,-1,-1,-1
33,3833,171.43,95.94,56.79,163.18,1,-1,-1,-1
34,3825,304.35,107.16,70.01,200.53,1,-1,-1,-1
34,3828,435.48,86.81,79.14,232.61,1,-1,-1,-1
34,3832,538.90,106.20,68.27,187.00,1,-1,-1,-1
34,3833,171.43,95.85,56.79,163.38,1,-1,-1,-1
35,3825,304.26,107.16,70.30,200.59,1,-1,-1,-1
35,3828,435.02,86.81,79.92,232.74,1,-1,-1,-1
35,3832,538.55,106.26,69.14,186.87,1,-1,-1,-1
35,3833,171.46,95.83,56.75,163.43,1,-1,-1,-1
36,3825,316.52,109.77,68.51,192.77,1,-1,-1,-1
36,3828,447.64,88.78,79.94,228.89,1,-1,-1,-1
36,3832,542.19,106.91,69.13,187.49,1,-1,-1,-1
36,3833,171.05,95.51,57.02,164.21,1,-1,-1,-1
37,3825,320.81,110.75,68.31,189.82,1,-1,-1,-1
37,3828,451.99,89.54,80.65,227.43,1,-1,-1,-1
37,3832,543.61,107.15,69.00,187.73,1,-1,-1,-1
38,3825,322.03,111.10,68.69,188.78,1,-1,-1,-1
38,3828,453.19,89.82,81.56,226.91,1,-1,-1,-1
38,3832,544.18,107.22,68.84,187.83,1,-1,-1,-1
39,3825,322.14,111.21,69.25,188.44,1,-1,-1,-1
39,3828,453.24,89.93,82.49,226.73,1,-1,-1,-1
39,3832,544.43,107.23,68.67,187.88,1,-1,-1,-1
40,3825,321.88,111.24,69.84,188.36,1,-1,-1,-1
40,3828,452.89,89.98,83.37,226.69,1,-1,-1,-1
40,3832,544.55,107.22,68.52,187.90,1,-1,-1,-1
41,3825,338.09,102.68,70.77,191.00,1,-1,-1,-1
41,3828,456.90,97.19,79.15,214.91,1,-1,-1,-1
41,3832,545.12,108.51,68.68,192.49,1,-1,-1,-1
42,3825,344.06,99.47,71.10,192.02,1,-1,-1,-1
42,3828,458.26,99.96,77.59,210.42,1,-1,-1,-1
42,3832,545.73,108.99,67.92,194.22,1,-1,-1,-1
43,3825,346.19,98.27,71.21,192.43,1,-1,-1,-1
43,3828,458.65,100.94,77.10,208.84,1,-1,-1,-1
43,3832,546.31,109.15,66.89,194.87,1,-1,-1,-1
44,3825,346.85,97.83,71.24,192.61,1,-1,-1,-1
44,3828,458.68,101.28,76.99,208.32,1,-1,-1,-1
44,3832,546.85,109.20,65.84,195.11,1,-1,-1,-1
45,3825,346.97,97.69,71.23,192.70,1,-1,-1,-1
45,3828,458.59,101.38,77.01,208.18,1,-1,-1,-1
45,3832,547.34,109.21,64.83,195.18,1,-1,-1,-1
46,3825,355.08,97.66,71.84,194.70,1,-1,-1,-1
46,3828,471.22,97.43,78.57,210.82,1,-1,-1,-1
46,3832,547.69,109.57,64.96,195.57,1,-1,-1,-1
47,3825,358.07,97.67,71.99,195.47,1,-1,-1,-1
47,3828,475.71,95.94,79.49,211.85,1,-1,-1,-1
48,3825,359.11,97.69,71.99,195.77,1,-1,-1,-1
48,3828,477.16,95.37,80.13,212.28,1,-1,-1,-1
49,3825,359.40,97.72,71.93,195.89,1,-1,-1,-1
49,3828,477.48,95.14,80.64,212.47,1,-1,-1,-1
50,3825,359.42,97.74,71.86,195.94,1,-1,-1,-1
50,3828,477.38,95.06,81.08,212.57,1,-1,-1,-1
51,3824,539.35,105.78,68.62,192.14,1,-1,-1,-1
51,3825,379.44,95.16,72.69,198.57,1,-1,-1,-1
51,3828,482.62,100.26,76.39,201.50,1,-1,-1,-1
51,3832,464.08,99.99,62.89,190.60,1,-1,-1,-1
52,3824,539.64,106.04,68.58,191.77,1,-1,-1,-1
52,3825,386.94,94.19,72.94,199.56,1,-1,-1,-1
52,3828,484.61,102.25,74.38,197.30,1,-1,-1,-1
52,3832,457.32,99.16,62.40,190.15,1,-1,-1,-1
53,3824,539.76,106.13,68.59,191.62,1,-1,-1,-1
53,3825,389.69,93.85,72.97,199.93,1,-1,-1,-1
53,3828,485.35,102.96,73.46,195.81,1,-1,-1,-1
53,3832,455.12,98.89,62.07,190.00,1,-1,-1,-1
54,3824,539.75,106.15,68.62,191.60,1,-1,-1,-1
54,3825,390.61,93.73,72.93,200.07,1,-1,-1,-1
54,3828,485.65,103.21,72.94,195.32,1,-1,-1,-1
54,3832,454.52,98.80,61.82,189.95,1,-1,-1,-1
55,3824,539.69,106.15,68.66,191.62,1,-1,-1,-1
55,3825,390.83,93.71,72.86,200.11,1,-1,-1,-1
55,3828,485.76,103.28,72.59,195.20,1,-1,-1,-1
55,3832,454.53,98.78,61.61,189.94,1,-1,-1,-1
56,3824,532.78,100.17,69.78,194.97,1,-1,-1,-1
56,3825,402.04,89.81,74.42,201.42,1,-1,-1,-1
56,3828,487.84,103.83,72.02,193.67,1,-1,-1,-1
56,3832,449.87,98.38,61.57,189.82,1,-1,-1,-1
57,3824,530.20,97.94,70.17,196.24,1,-1,-1,-1
57,3825,405.88,88.35,75.59,201.91,1,-1,-1,-1
58,3824,529.23,97.11,70.29,196.72,1,-1,-1,-1
58,3825,406.93,87.82,76.55,202.09,1,-1,-1,-1
59,3824,528.88,96.81,70.31,196.91,1,-1,-1,-1
59,3825,406.95,87.64,77.38,202.14,1,-1,-1,-1
60,3824,528.77,96.72,70.30,196.98,1,-1,-1,-1
60,3825,406.61,87.60,78.12,202.16,1,-1,-1,-1
61,3824,535.08,99.99,69.40,191.11,1,-1,-1,-1
61,3825,407.80,94.13,76.82,194.98,1,-1,-1,-1
62,3824,537.21,101.25,69.62,188.87,1,-1,-1,-1
62,3825,407.72,96.66,77.05,192.22,1,-1,-1,-1
63,3824,537.73,101.73,70.23,188.06,1,-1,-1,-1
63,3825,407.25,97.60,77.83,191.21,1,-1,-1,-1
64,3824,537.67,101.91,70.92,187.78,1,-1,-1,-1
64,3825,406.66,97.94,78.76,190.85,1,-1,-1,-1
65,3824,537.43,101.97,71.59,187.70,1,-1,-1,-1
65,3825,406.06,98.07,79.68,190.74,1,-1,-1,-1
66,3824,545.75,109.22,70.75,183.75,1,-1,-1,-1
66,3825,425.14,96.79,74.71,182.19,1,-1,-1,-1
66,3828,406.86,89.54,70.69,187.75,1,-1,-1,-1
67,3824,548.71,111.96,70.77,182.28,1,-1,-1,-1
67,3825,432.65,96.29,72.14,178.95,1,-1,-1,-1
67,3828,403.29,88.95,71.29,187.62,1,-1,-1,-1
68,3824,549.61,112.96,71.09,181.76,1,-1,-1,-1
68,3825,435.60,96.11,70.56,177.81,1,-1,-1,-1
68,3828,401.92,88.75,71.77,187.57,1,-1,-1,-1
69,3824,549.76,113.30,71.50,181.60,1,-1,-1,-1
69,3825,436.85,96.04,69.41,177.44,1,-1,-1,-1
69,3828,401.42,88.69,72.17,187.58,1,-1,-1,-1
70,3824,549.65,113.40,71.91,181.57,1,-1,-1,-1
70,3825,437.46,96.02,68.46,177.35,1,-1,-1,-1
70,3828,401.27,88.69,72.51,187.60,1,-1,-1,-1
71,3824,549.17,99.62,75.47,195.37,1,-1,-1,-1
71,3825,447.88,95.35,69.23,181.31,1,-1,-1,-1
71,3828,392.94,86.74,69.12,182.40,1,-1,-1,-1
71,3834,169.00,92.00,56.00,162.00,1,-1,-1,-1
72,3824,549.54,94.54,75.68,200.46,1,-1,-1,-1
72,3825,451.89,95.10,69.12,182.81,1,-1,-1,-1
72,3828,390.22,86.03,67.23,180.45,1,-1,-1,-1
72,3834,169.00,92.00,56.00,162.00,1,-1,-1,-1
73,3824,550.11,92.56,74.83,202.45,1,-1,-1,-1
73,3825,453.46,95.01,68.72,183.41,1,-1,-1,-1
73,3828,389.60,85.78,65.98,179.76,1,-1,-1,-1
73,3834,169.00,92.00,56.00,162.00,1,-1,-1,-1
74,3824,550.72,91.82,73.66,203.19,1,-1,-1,-1
74,3825,454.09,94.97,68.25,183.65,1,-1,-1,-1
74,3828,389.73,85.71,65.04,179.54,1,-1,-1,-1
74,3834,169.00,92.00,56.00,162.00,1,-1,-1,-1
75,3824,551.30,91.57,72.44,203.44,1,-1,-1,-1
75,3825,454.36,94.96,67.78,183.76,1,-1,-1,-1
75,3828,390.11,85.70,64.27,179.49,1,-1,-1,-1
75,3834,169.00,92.00,56.00,162.00,1,-1,-1,-1
76,3824,551.95,98.63,67.82,195.08,1,-1,-1,-1
76,3825,460.37,98.88,67.33,183.81,1,-1,-1,-1
76,3828,377.29,94.26,63.85,176.88,1,-1,-1,-1
76,3834,173.23,95.54,56.02,162.71,1,-1,-1,-1
77,3824,552.57,101.40,65.23,191.80,1,-1,-1,-1
77,3825,462.67,100.37,66.92,183.84,1,-1,-1,-1
77,3828,372.43,97.50,63.96,175.93,1,-1,-1,-1
77,3834,174.80,96.78,55.86,162.96,1,-1,-1,-1
78,3824,553.16,102.44,63.51,190.59,1,-1,-1,-1
78,3825,463.54,100.92,66.55,183.86,1,-1,-1,-1
78,3828,370.62,98.70,64.25,175.61,1,-1,-1,-1
78,3834,175.41,97.19,55.64,163.04,1,-1,-1,-1
79,3824,553.71,102.82,62.18,190.14,1,-1,-1,-1
79,3825,463.87,101.11,66.21,183.87,1,-1,-1,-1
79,3828,369.96,99.13,64.57,175.52,1,-1,-1,-1
79,3834,175.67,97.31,55.40,163.06,1,-1,-1,-1
80,3824,554.21,102.97,61.06,189.97,1,-1,-1,-1
80,3825,464.00,101.17,65.91,183.89,1,-1,-1,-1
80,3828,369.74,99.27,64.89,175.52,1,-1,-1,-1
80,3834,175.81,97.32,55.15,163.06,1,-1,-1,-1
81,3824,549.40,106.29,58.82,184.68,1,-1,-1,-1
81,3825,476.24,99.88,66.04,185.86,1,-1,-1,-1
81,3828,365.13,103.89,61.83,167.02,1,-1,-1,-1
81,3834,176.80,98.64,53.79,159.06,1,-1,-1,-1
82,3824,547.69,107.55,57.71,182.68,1,-1,-1,-1
82,3825,480.94,99.38,65.79,186.60,1,-1,-1,-1
82,3828,363.51,105.63,60.71,163.82,1,-1,-1,-1
82,3834,177.15,99.10,53.27,157.55,1,-1,-1,-1
83,3824,547.19,108.01,57.05,181.95,1,-1,-1,-1
83,3825,482.76,99.18,65.42,186.89,1,-1,-1,-1
83,3828,362.99,106.23,60.35,162.70,1,-1,-1,-1
83,3834,177.25,99.25,53.08,157.01,1,-1,-1,-1
84,3824,547.12,108.16,56.58,181.71,1,-1,-1,-1
84,3825,483.47,99.11,65.03,186.99,1,-1,-1,-1
84,3828,362.87,106.42,60.27,162.34,1,-1,-1,-1
84,3834,177.27,99.28,53.01,156.83,1,-1,-1,-1
85,3824,547.21,108.21,56.21,181.64,1,-1,-1,-1
85,3825,483.75,99.07,64.66,187.03,1,-1,-1,-1
85,3828,362.90,106.46,60.29,162.26,1,-1,-1,-1
85,3834,177.25,99.28,52.99,156.78,1,-1,-1,-1
86,3824,541.07,102.96,55.32,175.08,1,-1,-1,-1
86,3825,492.70,99.71,64.90,182.48,1,-1,-1,-1
86,3828,357.88,103.14,58.67,157.00,1,-1,-1,-1
86,3834,179.42,103.21,51.91,152.82,1,-1,-1,-1
87,3824,538.47,100.94,55.56,172.61,1,-1,-1,-1
87,3825,495.54,99.95,65.90,180.74,1,-1,-1,-1
87,3828,356.01,101.86,58.25,155.08,1,-1,-1,-1
87,3834,180.14,104.68,51.65,151.34,1,-1,-1,-1
88,3824,537.27,100.21,56.20,171.75,1,-1,-1,-1
88,3825,496.08,100.03,67.13,180.10,1,-1,-1,-1
88,3828,355.31,101.37,58.27,154.43,1,-1,-1,-1
88,3834,180.32,105.20,51.70,150.82,1,-1,-1,-1
89,3824,536.61,99.95,56.93,171.47,1,-1,-1,-1
89,3825,495.79,100.06,68.37,179.87,1,-1,-1,-1
89,3828,355.06,101.19,58.44,154.24,1,-1,-1,-1
89,3834,180.31,105.36,51.85,150.65,1,-1,-1,-1
90,3824,536.17,99.86,57.66,171.41,1,-1,-1,-1
90,3825,495.23,100.07,69.54,179.80,1,-1,-1,-1
90,3828,354.98,101.11,58.65,154.23,1,-1,-1,-1
90,3834,180.23,105.39,52.02,150.62,1,-1,-1,-1
91,3824,531.79,101.16,59.20,171.42,1,-1,-1,-1
91,3825,497.92,100.18,69.39,179.39,1,-1,-1,-1
91,3828,353.21,103.06,59.72,156.91,1,-1,-1,-1
91,3834,180.76,106.10,51.78,149.92,1,-1,-1,-1
92,3824,529.77,101.65,60.60,171.46,1,-1,-1,-1
92,3828,352.58,103.78,60.16,157.94,1,-1,-1,-1
93,3824,528.67,101.85,61.87,171.51,1,-1,-1,-1
93,3828,352.39,104.04,60.36,158.36,1,-1,-1,-1
94,3824,527.96,101.92,63.02,171.56,1,-1,-1,-1
94,3828,352.36,104.13,60.47,158.55,1,-1,-1,-1
95,3824,527.43,101.95,64.06,171.60,1,-1,-1,-1
95,3828,352.39,104.15,60.54,158.64,1,-1,-1,-1
96,3824,527.07,100.00,66.15,171.64,1,-1,-1,-1
96,3828,351.78,104.15,60.59,158.69,1,-1,-1,-1
96,3834,182.43,102.55,53.10,152.53,1,-1,-1,-1
96,3835,319.00,109.00,66.00,153.00,1,-1,-1,-1
97,3824,526.41,99.27,68.04,171.67,1,-1,-1,-1
97,3828,351.58,104.14,60.64,158.73,1,-1,-1,-1
97,3834,182.37,102.23,53.52,152.78,1,-1,-1,-1
97,3835,319.00,109.00,66.00,153.00,1,-1,-1,-1
98,3824,525.69,99.00,69.74,171.70,1,-1,-1,-1
98,3828,351.54,104.13,60.67,158.76,1,-1,-1,-1
98,3834,182.27,102.12,53.83,152.86,1,-1,-1,-1
98,3835,319.00,109.00,66.00,153.00,1,-1,-1,-1
99,3824,524.99,98.90,71.29,171.73,1,-1,-1,-1
99,3828,351.55,104.12,60.71,158.78,1,-1,-1,-1
99,3834,182.15,102.08,54.09,152.90,1,-1,-1,-1
99,3835,319.00,109.00,66.00,153.00,1,-1,-1,-1
100,3824,524.33,98.88,72.69,171.76,1,-1,-1,-1
100,3828,351.58,104.11,60.73,158.80,1,-1,-1,-1
100,3834,182.04,102.06,54.30,152.91,1,-1,-1,-1
100,3835,319.00,109.00,66.00,153.00,1,-1,-1,-1
101,3824,531.28,101.49,70.63,167.86,1,-1,-1,-1
101,3825,498.80,117.50,58.31,150.76,1,-1,-1,-1
101,3828,355.84,106.06,57.53,154.25,1,-1,-1,-1
101,3834,182.86,102.05,53.93,150.31,1,-1,-1,-1
101,3835,311.45,99.10,68.37,161.48,1,-1,-1,-1
102,3824,534.05,102.49,69.65,166.39,1,-1,-1,-1
102,3825,498.51,118.16,57.90,149.69,1,-1,-1,-1
102,3828,357.87,106.79,55.58,152.52,1,-1,-1,-1
102,3834,183.03,102.04,54.05,149.33,1,-1,-1,-1
102,3835,309.31,95.65,68.23,164.44,1,-1,-1,-1
103,3824,535.16,102.87,69.10,165.87,1,-1,-1,-1
103,3825,498.48,118.40,57.74,149.30,1,-1,-1,-1
103,3828,358.98,107.06,54.18,151.91,1,-1,-1,-1
103,3834,182.96,102.04,54.34,148.97,1,-1,-1,-1
103,3835,309.04,94.45,67.21,165.47,1,-1,-1,-1
104,3824,535.65,103.00,68.73,165.70,1,-1,-1,-1
104,3825,498.44,118.46,57.71,149.21,1,-1,-1,-1
104,3828,359.71,107.14,53.04,151.70,1,-1,-1,-1
104,3834,182.82,102.03,54.67,148.85,1,-1,-1,-1
104,3835,309.49,94.10,65.87,165.77,1,-1,-1,-1
105,3824,535.90,103.05,68.44,165.65,1,-1,-1,-1
105,3825,498.40,118.45,57.71,149.23,1,-1,-1,-1
105,3828,360.28,107.16,52.05,151.65,1,-1,-1,-1
105,3834,182.66,102.03,54.99,148.82,1,-1,-1,-1
105,3835,310.17,94.06,64.45,165.81,1,-1,-1,-1
106,3824,543.45,108.31,63.22,155.17,1,-1,-1,-1
106,3825,492.57,117.75,57.37,146.64,1,-1,-1,-1
106,3828,361.51,107.16,50.31,148.37,1,-1,-1,-1
106,3834,181.44,102.03,56.09,150.78,1,-1,-1,-1
106,3835,306.50,96.09,63.27,164.44,1,-1,-1,-1
107,3824,546.54,110.32,60.82,151.18,1,-1,-1,-1
107,3825,490.21,117.45,57.56,145.72,1,-1,-1,-1
107,3828,362.15,107.15,49.34,147.16,1,-1,-1,-1
107,3834,180.88,102.02,56.71,151.53,1,-1,-1,-1
107,3835,305.35,96.93,62.43,163.87,1,-1,-1,-1
108,3824,547.82,111.02,59.56,149.79,1,-1,-1,-1
108,3825,489.21,117.33,57.92,145.43,1,-1,-1,-1
108,3828,362.53,107.14,48.70,146.74,1,-1,-1,-1
108,3834,180.57,102.02,57.12,151.82,1,-1,-1,-1
108,3835,305.15,97.29,61.74,163.61,1,-1,-1,-1
109,3824,548.44,111.26,58.75,149.34,1,-1,-1,-1
109,3825,488.72,117.26,58.31,145.37,1,-1,-1,-1
109,3828,362.81,107.12,48.20,146.61,1,-1,-1,-1
109,3834,180.36,102.02,57.44,151.93,1,-1,-1,-1
109,3835,305.30,97.46,61.14,163.48,1,-1,-1,-1
110,3824,548.80,111.32,58.14,149.23,1,-1,-1,-1
110,3825,488.45,117.22,58.67,145.39,1,-1,-1,-1
110,3828,363.03,107.11,47.78,146.59,1,-1,-1,-1
110,3834,180.21,102.02,57.70,151.97,1,-1,-1,-1
110,3835,305.56,97.55,60.59,163.41,1,-1,-1,-1
111,3824,548.50,111.98,57.41,148.58,1,-1,-1,-1
111,3825,488.35,116.54,59.50,144.78,1,-1,-1,-1
111,3828,365.75,108.41,46.31,142.67,1,-1,-1,-1
111,3834,179.97,102.67,58.16,153.29,1,-1,-1,-1
111,3835,304.91,95.64,60.01,163.36,1,-1,-1,-1
112,3824,548.48,112.21,56.90,148.39,1,-1,-1,-1
112,3825,488.04,116.27,60.38,144.58,1,-1,-1,-1
112,3828,366.82,108.90,45.67,141.21,1,-1,-1,-1
112,3834,179.89,102.91,58.30,153.79,1,-1,-1,-1
112,3835,304.86,94.95,59.47,163.32,1,-1,-1,-1
113,3824,548.56,112.27,56.50,148.36,1,-1,-1,-1
113,3825,487.69,116.16,61.21,144.54,1,-1,-1,-1
113,3828,367.26,109.07,45.36,140.71,1,-1,-1,-1
113,3834,179.87,103.00,58.34,153.98,1,-1,-1,-1
113,3835,305.02,94.71,58.97,163.28,1,-1,-1,-1
114,3824,548.67,112.28,56.15,148.39,1,-1,-1,-1
114,3825,487.34,116.11,61.97,144.56,1,-1,-1,-1
114,3828,367.45,109.12,45.17,140.55,1,-1,-1,-1
114,3834,179.87,103.04,58.33,154.05,1,-1,-1,-1
114,3835,305.25,94.64,58.51,163.25,1,-1,-1,-1
115,3824,548.79,112.26,55.85,148.44,1,-1,-1,-1
115,3825,487.02,116.09,62.66,144.59,1,-1,-1,-1
115,3828,367.55,109.13,45.04,140.53,1,-1,-1,-1
115,3834,179.88,103.04,58.31,154.07,1,-1,-1,-1
115,3835,305.49,94.64,58.10,163.23,1,-1,-1,-1
116,3824,547.06,116.84,53.34,140.61,1,-1,-1,-1
116,3825,492.87,114.76,60.83,142.00,1,-1,-1,-1
116,3828,367.82,109.38,44.76,139.67,1,-1,-1,-1
116,3834,180.74,103.04,57.88,153.42,1,-1,-1,-1
116,3835,304.67,94.03,58.23,163.59,1,-1,-1,-1
116,3836,412.00,118.00,40.00,133.00,1,-1,-1,-1
116,3837,459.00,118.00,42.00,140.00,1,-1,-1,-1
117,3824,546.27,118.56,52.61,137.67,1,-1,-1,-1
117,3825,495.26,114.26,59.80,141.05,1,-1,-1,-1
117,3828,401.27,116.12,42.77,134.31,1,-1,-1,-1
117,3834,181.12,103.04,57.62,153.17,1,-1,-1,-1
117,3837,459.00,118.00,42.00,140.00,1,-1,-1,-1
118,3824,545.88,119.16,52.57,136.65,1,-1,-1,-1
118,3825,496.30,114.07,59.10,140.72,1,-1,-1,-1
118,3828,408.96,117.67,42.12,133.01,1,-1,-1,-1
118,3834,181.30,103.04,57.44,153.07,1,-1,-1,-1
118,3837,459.00,118.00,42.00,140.00,1,-1,-1,-1
119,3824,545.63,119.35,52.76,136.33,1,-1,-1,-1
119,3825,496.82,114.00,58.56,140.62,1,-1,-1,-1
119,3828,411.63,118.19,41.77,132.58,1,-1,-1,-1
119,3834,181.40,103.04,57.29,153.03,1,-1,-1,-1
119,3837,459.00,118.00,42.00,140.00,1,-1,-1,-1
120,3824,545.45,119.40,53.01,136.26,1,-1,-1,-1
120,3825,497.12,113.98,58.10,140.61,1,-1,-1,-1
120,3828,412.57,118.36,41.54,132.45,1,-1,-1,-1
120,3834,181.47,103.03,57.16,153.02,1,-1,-1,-1
120,3837,459.00,118.00,42.00,140.00,1,-1,-1,-1
121,3824,545.59,120.13,52.48,134.90,1,-1,-1,-1
121,3825,498.40,114.63,54.93,134.73,1,-1,-1,-1
121,3828,413.44,115.76,42.17,135.08,1,-1,-1,-1
121,3834,182.04,95.85,57.34,156.28,1,-1,-1,-1
121,3835,277.35,85.47,61.95,178.87,1,-1,-1,-1
121,3837,457.44,114.46,42.29,141.41,1,-1,-1,-1
122,3825,499.04,114.88,53.37,132.52,1,-1,-1,-1
122,3828,413.73,114.77,42.31,136.09,1,-1,-1,-1
122,3834,182.53,93.14,56.84,157.50,1,-1,-1,-1
122,3835,275.84,84.81,60.96,180.08,1,-1,-1,-1
122,3837,456.94,113.22,42.29,141.91,1,-1,-1,-1
123,3825,499.43,114.97,52.47,131.75,1,-1,-1,-1
123,3828,413.78,114.38,42.28,136.49,1,-1,-1,-1
123,3834,182.96,92.13,56.15,157.96,1,-1,-1,-1
123,3835,275.64,84.58,59.93,180.50,1,-1,-1,-1
123,3837,456.83,112.81,42.19,142.08,1,-1,-1,-1
124,3825,499.72,115.00,51.84,131.50,1,-1,-1,-1
124,3828,413.75,114.22,42.19,136.66,1,-1,-1,-1
124,3834,183.35,91.76,55.43,158.12,1,-1,-1,-1
124,3835,275.92,84.52,58.97,180.63,1,-1,-1,-1
124,3837,456.85,112.69,42.06,142.12,1,-1,-1,-1
125,3825,499.95,115.01,51.34,131.45,1,-1,-1,-1
125,3828,413.69,114.15,42.09,136.74,1,-1,-1,-1
125,3834,183.70,91.65,54.74,158.17,1,-1,-1,-1
125,3835,276.33,84.53,58.11,180.64,1,-1,-1,-1
125,3837,456.91,112.67,41.91,142.13,1,-1,-1,-1
126,3825,500.56,111.72,53.38,137.39,1,-1,-1,-1
126,3828,414.56,118.04,42.76,136.79,1,-1,-1,-1
126,3834,185.86,88.37,54.98,160.79,1,-1,-1,-1
126,3835,277.16,83.91,58.52,184.50,1,-1,-1,-1
126,3837,456.64,112.08,41.98,142.37,1,-1,-1,-1
127,3825,500.86,110.51,53.97,139.60,1,-1,-1,-1
127,3828,414.64,119.51,43.37,136.81,1,-1,-1,-1
127,3834,186.85,87.15,54.70,161.76,1,-1,-1,-1
127,3835,277.73,83.69,58.24,185.94,1,-1,-1,-1
128,3825,501.04,110.05,54.07,140.47,1,-1,-1,-1
128,3828,414.46,120.04,43.91,136.83,1,-1,-1,-1
128,3834,187.39,86.72,54.27,162.12,1,-1,-1,-1
128,3835,278.19,83.63,57.76,186.45,1,-1,-1,-1
129,3825,501.15,109.88,53.98,140.81,1,-1,-1,-1
129,3828,414.19,120.23,44.40,136.85,1,-1,-1,-1
129,3834,187.73,86.58,53.81,162.24,1,-1,-1,-1
129,3835,278.59,83.63,57.23,186.60,1,-1,-1,-1
130,3825,501.24,109.83,53.84,140.94,1,-1,-1,-1
130,3828,413.91,120.28,44.84,136.87,1,-1,-1,-1
130,3834,187.98,86.56,53.37,162.27,1,-1,-1,-1
130,3835,278.93,83.65,56.73,186.62,1,-1,-1,-1
131,3825,501.53,109.49,53.85,140.96,1,-1,-1,-1
131,3828,408.61,118.97,45.50,138.84,1,-1,-1,-1
131,3834,188.83,87.87,51.68,157.71,1,-1,-1,-1
131,3835,280.79,84.33,55.74,181.40,1,-1,-1,-1
132,3828,406.58,118.47,45.75,139.59,1,-1,-1,-1
132,3834,189.19,88.41,50.93,155.94,1,-1,-1,-1
132,3835,281.42,84.61,55.64,179.35,1,-1,-1,-1
133,3828,405.77,118.26,45.86,139.87,1,-1,-1,-1
133,3834,189.36,88.63,50.56,155.28,1,-1,-1,-1
133,3835,281.54,84.73,55.86,178.57,1,-1,-1,-1
134,3828,405.45,118.17,45.90,139.98,1,-1,-1,-1
134,3834,189.46,88.73,50.34,155.04,1,-1,-1,-1
134,3835,281.49,84.79,56.19,178.27,1,-1,-1,-1
135,3828,405.31,118.13,45.92,140.02,1,-1,-1,-1
135,3834,189.52,88.77,50.18,154.95,1,-1,-1,-1
135,3835,281.38,84.82,56.53,178.15,1,-1,-1,-1
136,3825,462.71,100.62,57.19,151.14,1,-1,-1,-1
136,3828,402.44,115.50,45.66,139.38,1,-1,-1,-1
136,3834,187.60,91.42,49.42,152.96,1,-1,-1,-1
136,3835,280.67,88.76,55.43,173.52,1,-1,-1,-1
137,3825,459.74,99.92,57.06,151.96,1,-1,-1,-1
137,3828,401.36,114.50,45.53,139.13,1,-1,-1,-1
137,3834,186.90,92.44,49.07,152.21,1,-1,-1,-1
137,3835,280.33,90.28,55.19,171.75,1,-1,-1,-1
138,3825,458.81,99.68,56.80,152.25,1,-1,-1,-1
138,3828,400.97,114.12,45.45,139.04,1,-1,-1,-1
138,3834,186.66,92.82,48.89,151.94,1,-1,-1,-1
138,3835,280.13,90.84,55.28,171.11,1,-1,-1,-1
139,3825,458.61,99.60,56.52,152.34,1,-1,-1,-1
139,3828,400.83,113.99,45.40,139.01,1,-1,-1,-1
139,3834,186.60,92.96,48.78,151.85,1,-1,-1,-1
139,3835,280.00,91.04,55.47,170.88,1,-1,-1,-1
140,3825,458.68,99.60,56.26,152.35,1,-1,-1,-1
140,3828,400.80,113.94,45.35,138.99,1,-1,-1,-1
140,3834,186.60,93.01,48.69,151.83,1,-1,-1,-1
140,3835,279.90,91.10,55.68,170.81,1,-1,-1,-1
141,3825,458.30,99.62,55.82,151.69,1,-1,-1,-1
141,3828,398.66,110.66,47.62,144.21,1,-1,-1,-1
141,3834,184.02,95.00,49.25,153.80,1,-1,-1,-1
141,3835,275.31,87.84,56.35,172.11,1,-1,-1,-1
142,3825,458.27,99.65,55.55,151.42,1,-1,-1,-1
142,3828,397.71,109.44,48.78,146.17,1,-1,-1,-1
142,3834,183.07,95.74,49.43,154.55,1,-1,-1,-1
142,3835,273.54,86.61,56.74,172.61,1,-1,-1,-1
143,3825,458.36,99.68,55.36,151.30,1,-1,-1,-1
143,3828,397.21,108.98,49.50,146.91,1,-1,-1,-1
143,3834,182.73,96.01,49.47,154.83,1,-1,-1,-1
143,3835,272.83,86.14,57.01,172.80,1,-1,-1,-1
144,3825,458.49,99.71,55.21,151.24,1,-1,-1,-1
144,3828,396.91,108.82,50.02,147.18,1,-1,-1,-1
144,3834,182.63,96.11,49.45,154.94,1,-1,-1,-1
144,3835,272.54,85.97,57.22,172.88,1,-1,-1,-1
145,3825,458.62,99.74,55.09,151.21,1,-1,-1,-1
145,3828,396.69,108.77,50.43,147.26,1,-1,-1,-1
145,3834,182.62,96.13,49.42,154.99,1,-1,-1,-1
145,3835,272.40,85.92,57.40,172.92,1,-1,-1,-1
146,3825,458.15,104.32,53.57,148.58,1,-1,-1,-1
146,3828,399.71,112.02,48.30,143.38,1,-1,-1,-1
146,3834,181.33,95.48,49.39,155.00,1,-1,-1,-1
146,3835,269.26,86.56,56.51,171.63,1,-1,-1,-1
146,3837,379.31,120.82,41.64,134.11,1,-1,-1,-1
147,3825,458.17,106.09,52.70,147.56,1,-1,-1,-1
147,3828,401.08,113.28,47.07,141.87,1,-1,-1,-1
147,3834,180.86,95.23,49.35,155.01,1,-1,-1,-1
147,3835,268.21,86.80,55.94,171.14,1,-1,-1,-1
147,3837,377.19,121.04,42.97,133.93,1,-1,-1,-1
148,3825,458.34,106.75,52.12,147.18,1,-1,-1,-1
148,3828,401.78,113.75,46.24,141.30,1,-1,-1,-1
148,3834,180.71,95.13,49.32,155.01,1,-1,-1,-1
148,3835,267.96,86.90,55.51,170.97,1,-1,-1,-1
148,3837,376.14,121.12,43.94,133.87,1,-1,-1,-1
149,3825,458.56,106.99,51.68,147.04,1,-1,-1,-1
149,3828,402.21,113.93,45.58,141.09,1,-1,-1,-1
149,3834,180.67,95.08,49.29,155.01,1,-1,-1,-1
149,3835,267.99,86.94,55.16,170.91,1,-1,-1,-1
149,3837,375.66,121.14,44.68,133.85,1,-1,-1,-1
150,3825,458.78,107.07,51.30,146.99,1,-1,-1,-1
150,3828,402.52,114.00,45.03,141.01,1,-1,-1,-1
150,3834,180.68,95.06,49.26,155.01,1,-1,-1,-1
150,3835,268.12,86.96,54.85,170.89,1,-1,-1,-1
150,3837,375.44,121.14,45.27,133.86,1,-1,-1,-1
151,3825,456.27,105.14,51.17,148.28,1,-1,-1,-1
151,3828,407.44,114.02,43.06,137.71,1,-1,-1,-1
151,3834,182.26,98.97,48.74,151.74,1,-1,-1,-1
151,3835,268.32,95.47,51.87,161.74,1,-1,-1,-1
151,3837,369.72,119.81,44.41,133.21,1,-1,-1,-1
152,3825,455.51,104.40,50.82,148.77,1,-1,-1,-1
152,3828,409.53,114.02,41.86,136.46,1,-1,-1,-1
152,3834,182.74,100.45,48.80,150.50,1,-1,-1,-1
152,3835,268.44,98.74,50.72,158.24,1,-1,-1,-1
152,3837,367.80,119.30,43.81,132.98,1,-1,-1,-1
153,3825,455.39,104.12,50.41,148.95,1,-1,-1,-1
153,3828,410.51,114.03,40.98,136.00,1,-1,-1,-1
153,3834,182.80,100.99,49.06,150.04,1,-1,-1,-1
153,3835,268.52,99.90,50.29,156.99,1,-1,-1,-1
153,3837,367.29,119.10,43.34,132.90,1,-1,-1,-1
154,3825,455.51,104.02,50.00,149.02,1,-1,-1,-1
154,3828,411.05,114.02,40.27,135.85,1,-1,-1,-1
154,3834,182.72,101.18,49.39,149.89,1,-1,-1,-1
154,3835,268.57,100.30,50.12,156.57,1,-1,-1,-1
154,3837,367.30,119.03,42.95,132.88,1,-1,-1,-1
155,3825,455.69,103.98,49.62,149.04,1,-1,-1,-1
155,3828,411.41,114.02,39.65,135.80,1,-1,-1,-1
155,3834,182.59,101.23,49.71,149.84,1,-1,-1,-1
155,3835,268.61,100.42,50.06,156.46,1,-1,-1,-1
155,3837,367.47,119.00,42.63,132.88,1,-1,-1,-1
156,3825,453.56,105.93,49.38,148.39,1,-1,-1,-1
156,3828,412.48,114.02,40.15,138.42,1,-1,-1,-1
156,3834,182.73,99.27,50.76,152.45,1,-1,-1,-1
156,3835,267.89,104.39,48.93,153.82,1,-1,-1,-1
156,3837,366.55,119.65,41.36,129.60,1,-1,-1,-1
156,3838,81.00,94.00,54.00,190.00,1,-1,-1,-1
157,3825,452.79,106.67,49.27,148.14,1,-1,-1,-1
157,3828,412.94,114.02,40.19,139.41,1,-1,-1,-1
157,3834,182.74,98.53,51.25,153.44,1,-1,-1,-1
157,3835,267.70,105.85,48.38,152.86,1,-1,-1,-1
157,3837,366.34,119.90,40.77,128.37,1,-1,-1,-1
157,3838,81.00,94.00,54.00,190.00,1,-1,-1,-1
158,3825,452.53,106.94,49.22,148.05,1,-1,-1,-1
158,3828,413.17,114.02,40.07,139.80,1,-1,-1,-1
158,3834,182.70,98.23,51.53,153.82,1,-1,-1,-1
158,3835,267.72,106.35,48.05,152.55,1,-1,-1,-1
158,3837,366.37,119.99,40.46,127.93,1,-1,-1,-1
158,3838,81.00,94.00,54.00,190.00,1,-1,-1,-1
159,3825,452.47,107.04,49.19,148.01,1,-1,-1,-1
159,3828,413.29,114.02,39.91,139.94,1,-1,-1,-1
159,3834,182.64,98.12,51.71,153.96,1,-1,-1,-1
159,3835,267.80,106.50,47.81,152.47,1,-1,-1,-1
159,3837,366.47,120.02,40.27,127.78,1,-1,-1,-1
159,3838,81.00,94.00,54.00,190.00,1,-1,-1,-1
160,3825,452.48,107.07,49.16,148.00,1,-1,-1,-1
160,3828,413.38,114.01,39.74,139.99,1,-1,-1,-1
160,3834,182.59,98.07,51.85,154.01,1,-1,-1,-1
160,3835,267.90,106.52,47.63,152.47,1,-1,-1,-1
160,3837,366.61,120.03,40.12,127.75,1,-1,-1,-1
160,3838,81.00,94.00,54.00,190.00,1,-1,-1,-1
161,3825,451.10,107.73,50.01,147.34,1,-1,-1,-1
161,3828,415.08,114.01,40.87,142.62,1,-1,-1,-1
161,3834,182.16,98.05,52.71,156.64,1,-1,-1,-1
161,3835,267.54,107.45,47.34,151.56,1,-1,-1,-1
161,3837,364.05,120.69,41.43,132.35,1,-1,-1,-1
161,3838,92.80,94.71,53.73,187.17,1,-1,-1,-1
161,3839,325.00,119.00,43.00,140.00,1,-1,-1,-1
162,3825,450.33,107.98,50.89,147.09,1,-1,-1,-1
162,3828,415.61,114.01,41.51,143.61,1,-1,-1,-1
162,3834,182.00,98.04,53.03,157.63,1,-1,-1,-1
162,3837,363.17,120.93,41.84,134.07,1,-1,-1,-1
162,3838,96.78,94.96,54.01,186.17,1,-1,-1,-1
162,3839,325.00,119.00,43.00,140.00,1,-1,-1,-1
163,3825,449.80,108.06,51.73,147.00,1,-1,-1,-1
163,3828,415.70,114.01,41.94,143.98,1,-1,-1,-1
163,3834,181.95,98.03,53.14,158.00,1,-1,-1,-1
163,3835,315.49,117.46,44.13,141.55,1,-1,-1,-1
163,3837,362.91,121.02,41.94,134.73,1,-1,-1,-1
163,3838,97.89,95.04,54.49,185.85,1,-1,-1,-1
164,3825,449.40,108.09,52.51,146.97,1,-1,-1,-1
164,3828,415.63,114.01,42.27,144.11,1,-1,-1,-1
164,3834,181.93,98.03,53.17,158.13,1,-1,-1,-1
164,3835,323.11,119.03,43.57,139.98,1,-1,-1,-1
164,3837,362.88,121.05,41.92,134.98,1,-1,-1,-1
164,3838,97.99,95.06,55.05,185.75,1,-1,-1,-1
165,3825,449.06,108.09,53.22,146.96,1,-1,-1,-1
165,3828,415.51,114.01,42.54,144.15,1,-1,-1,-1
165,3834,181.93,98.03,53.17,158.16,1,-1,-1,-1
165,3835,325.63,119.55,43.35,139.45,1,-1,-1,-1
165,3837,362.94,121.06,41.86,135.07,1,-1,-1,-1
165,3838,97.74,95.06,55.62,185.74,1,-1,-1,-1
166,3825,445.96,109.40,53.59,147.61,1,-1,-1,-1
166,3828,415.86,113.36,43.13,144.81,1,-1,-1,-1
166,3834,181.28,98.02,53.82,160.12,1,-1,-1,-1
166,3835,325.12,116.39,43.25,139.30,1,-1,-1,-1
166,3837,363.34,118.45,42.46,138.35,1,-1,-1,-1
166,3838,114.60,91.05,57.91,191.11,1,-1,-1,-1
167,3825,444.77,109.88,53.80,147.86,1,-1,-1,-1
167,3828,415.87,113.11,43.57,145.05,1,-1,-1,-1
167,3834,181.04,98.02,54.05,160.85,1,-1,-1,-1
167,3835,324.82,115.17,43.20,139.30,1,-1,-1,-1
167,3837,363.62,117.47,42.45,139.58,1,-1,-1,-1
167,3838,120.54,89.56,59.16,193.10,1,-1,-1,-1
168,3825,444.31,110.06,53.94,147.96,1,-1,-1,-1
168,3828,415.76,113.02,43.92,145.13,1,-1,-1,-1
168,3834,180.95,98.02,54.13,161.12,1,-1,-1,-1
168,3835,324.60,114.68,43.17,139.34,1,-1,-1,-1
168,3837,363.86,117.09,42.25,140.04,1,-1,-1,-1
168,3838,122.47,89.01,60.02,193.85,1,-1,-1,-1
169,3825,444.13,110.12,54.06,147.99,1,-1,-1,-1
169,3828,415.62,112.98,44.22,145.15,1,-1,-1,-1
169,3834,180.92,98.02,54.15,161.20,1,-1,-1,-1
169,3835,324.42,114.47,43.15,139.40,1,-1,-1,-1
169,3837,364.08,116.96,41.99,140.20,1,-1,-1,-1
169,3838,122.88,88.82,60.69,194.12,1,-1,-1,-1
170,3825,444.06,110.13,54.15,148.01,1,-1,-1,-1
170,3828,415.48,112.97,44.49,145.15,1,-1,-1,-1
170,3834,180.92,98.02,54.15,161.22,1,-1,-1,-1
170,3835,324.27,114.36,43.13,139.45,1,-1,-1,-1
170,3837,364.26,116.91,41.72,140.25,1,-1,-1,-1
170,3838,122.73,88.77,61.26,194.20,1,-1,-1,-1
171,3825,443.42,110.37,54.16,148.03,1,-1,-1,-1
171,3828,415.58,111.02,46.21,149.70,1,-1,-1,-1
171,3834,180.64,101.27,53.40,157.96,1,-1,-1,-1
171,3835,322.79,110.37,45.16,145.42,1,-1,-1,-1
171,3837,364.36,113.65,42.25,142.20,1,-1,-1,-1
171,3838,126.23,88.77,61.33,192.25,1,-1,-1,-1
172,3828,415.53,110.28,47.03,151.41,1,-1,-1,-1
172,3834,180.45,102.51,53.29,156.70,1,-1,-1,-1
172,3835,322.16,108.87,46.02,147.65,1,-1,-1,-1
172,3837,364.43,112.42,42.42,142.92,1,-1,-1,-1
172,3838,127.25,88.78,61.72,191.50,1,-1,-1,-1
173,3828,415.42,110.00,47.49,152.05,1,-1,-1,-1
173,3834,180.30,102.97,53.41,156.23,1,-1,-1,-1
173,3835,321.80,108.29,46.44,148.52,1,-1,-1,-1
173,3837,364.49,111.96,42.45,143.18,1,-1,-1,-1
173,3838,127.36,88.80,62.21,191.21,1,-1,-1,-1
174,3828,415.30,109.91,47.80,152.27,1,-1,-1,-1
174,3834,180.17,103.13,53.60,156.05,1,-1,-1,-1
174,3835,321.56,108.07,46.68,148.85,1,-1,-1,-1
174,3837,364.54,111.80,42.44,143.27,1,-1,-1,-1
174,3838,127.14,88.82,62.71,191.09,1,-1,-1,-1
175,3828,415.18,109.88,48.04,152.33,1,-1,-1,-1
175,3834,180.06,103.17,53.81,155.98,1,-1,-1,-1
175,3835,321.39,107.99,46.85,148.98,1,-1,-1,-1
175,3837,364.58,111.76,42.41,143.28,1,-1,-1,-1
175,3838,126.82,88.84,63.19,191.05,1,-1,-1,-1
176,3828,414.16,111.82,48.11,153.63,1,-1,-1,-1
176,3834,176.00,100.56,56.04,163.16,1,-1,-1,-1
176,3835,320.43,108.61,46.01,149.02,1,-1,-1,-1
176,3837,366.20,115.66,41.83,142.62,1,-1,-1,-1
176,3838,135.09,88.85,63.44,189.72,1,-1,-1,-1
177,3828,413.85,112.57,47.95,154.11,1,-1,-1,-1
177,3834,174.55,99.59,56.74,165.83,1,-1,-1,-1
177,3835,320.25,108.85,45.24,149.04,1,-1,-1,-1
177,3837,366.92,117.16,41.40,142.35,1,-1,-1,-1
177,3838,137.96,88.87,63.91,189.22,1,-1,-1,-1
178,3828,413.81,112.85,47.72,154.27,1,-1,-1,-1
178,3834,174.06,99.20,56.88,166.86,1,-1,-1,-1
178,3835,320.35,108.94,44.55,149.04,1,-1,-1,-1
178,3837,367.30,117.73,41.05,142.24,1,-1,-1,-1
178,3838,138.77,88.88,64.42,189.03,1,-1,-1,-1
179,3828,413.87,112.96,47.48,154.31,1,-1,-1,-1
179,3834,173.94,99.05,56.82,167.23,1,-1,-1,-1
179,3835,320.54,108.98,43.92,149.04,1,-1,-1,-1
179,3837,367.53,117.94,40.75,142.18,1,-1,-1,-1
179,3838,138.83,88.89,64.92,188.97,1,-1,-1,-1
