1,8317,807.45,127.48,78.46,172.26,1,-1,-1,-1
1,8318,392.00,154.00,108.00,190.00,1,-1,-1,-1
2,8318,392.00,154.00,108.00,190.00,1,-1,-1,-1
3,8318,392.00,154.00,108.00,190.00,1,-1,-1,-1
4,8318,392.00,154.00,108.00,190.00,1,-1,-1,-1
4,8319,462.00,138.00,54.00,212.00,1,-1,-1,-1
4,8320,512.00,130.00,64.00,212.00,1,-1,-1,-1
5,8319,462.00,138.00,54.00,212.00,1,-1,-1,-1
5,8320,512.00,130.00,64.00,212.00,1,-1,-1,-1
6,8319,462.00,138.00,54.00,212.00,1,-1,-1,-1
6,8320,512.00,130.00,64.00,212.00,1,-1,-1,-1
7,8319,478.28,143.94,54.09,210.52,1,-1,-1,-1
7,8320,512.00,130.00,64.00,212.00,1,-1,-1,-1
8,8319,483.55,145.93,54.51,210.02,1,-1,-1,-1
9,8319,484.89,146.52,55.07,209.87,1,-1,-1,-1
10,8319,512.80,142.47,56.91,215.40,1,-1,-1,-1
10,8320,550.26,141.33,64.90,212.00,1,-1,-1,-1
11,8319,522.45,140.98,57.85,217.38,1,-1,-1,-1
11,8320,553.28,142.35,65.81,212.00,1,-1,-1,-1
12,8319,525.53,140.40,58.45,218.09,1,-1,-1,-1
12,8320,553.94,142.67,66.70,212.00,1,-1,-1,-1
13,8318,574.68,146.10,114.04,203.83,1,-1,-1,-1
13,8319,533.65,140.53,58.68,218.95,1,-1,-1,-1
13,8320,559.23,144.22,66.70,212.00,1,-1,-1,-1
14,8318,582.01,145.81,112.76,204.33,1,-1,-1,-1
15,8318,584.96,145.71,111.50,204.50,1,-1,-1,-1
16,8318,588.32,150.92,110.89,208.45,1,-1,-1,-1
16,8321,650.00,144.00,78.00,212.00,1,-1,-1,-1
17,8318,589.96,152.90,109.22,209.91,1,-1,-1,-1
17,8320,648.89,144.52,67.94,212.00,1,-1,-1,-1
18,8318,590.78,153.66,107.32,210.43,1,-1,-1,-1
18,8320,656.25,144.47,69.02,212.00,1,-1,-1,-1
19,8318,620.62,155.25,101.38,200.19,1,-1,-1,-1
19,8320,667.66,145.36,69.02,212.00,1,-1,-1,-1
19,8322,1144.00,144.00,76.00,226.00,1,-1,-1,-1
20,8318,631.81,155.85,98.71,196.16,1,-1,-1,-1
20,8322,1144.00,144.00,76.00,226.00,1,-1,-1,-1
21,8318,635.74,156.07,97.40,194.67,1,-1,-1,-1
21,8322,1144.00,144.00,76.00,226.00,1,-1,-1,-1
22,8318,646.91,156.39,97.25,194.37,1,-1,-1,-1
22,8320,700.31,153.29,73.25,212.00,1,-1,-1,-1
22,8322,1144.00,144.00,76.00,226.00,1,-1,-1,-1
22,8323,524.00,134.00,42.00,74.00,1,-1,-1,-1
22,8324,1044.00,158.00,94.00,208.00,1,-1,-1,-1
23,8320,702.25,154.20,76.74,212.00,1,-1,-1,-1
23,8323,524.00,134.00,42.00,74.00,1,-1,-1,-1
23,8324,1044.00,158.00,94.00,208.00,1,-1,-1,-1
24,8320,702.08,154.51,79.67,212.00,1,-1,-1,-1
24,8323,524.00,134.00,42.00,74.00,1,-1,-1,-1
24,8324,1044.00,158.00,94.00,208.00,1,-1,-1,-1
25,8319,783.56,126.34,66.18,245.65,1,-1,-1,-1
25,8320,728.90,140.19,84.03,225.09,1,-1,-1,-1
25,8323,523.60,132.52,42.80,75.48,1,-1,-1,-1
25,8324,1044.00,158.00,94.00,208.00,1,-1,-1,-1
25,8325,392.00,170.00,96.00,166.00,1,-1,-1,-1
25,8326,956.00,156.00,70.00,222.00,1,-1,-1,-1
25,8327,308.00,146.00,86.00,196.00,1,-1,-1,-1
26,8319,791.32,125.85,66.66,246.49,1,-1,-1,-1
26,8320,738.90,134.87,85.34,229.95,1,-1,-1,-1
26,8323,523.48,132.02,43.03,75.98,1,-1,-1,-1
26,8325,392.00,170.00,96.00,166.00,1,-1,-1,-1
26,8326,956.00,156.00,70.00,222.00,1,-1,-1,-1
26,8327,308.00,146.00,86.00,196.00,1,-1,-1,-1
27,8319,794.04,125.67,66.95,246.79,1,-1,-1,-1
27,8320,742.53,132.78,85.60,231.82,1,-1,-1,-1
27,8323,523.47,131.87,43.06,76.13,1,-1,-1,-1
27,8325,392.00,170.00,96.00,166.00,1,-1,-1,-1
27,8326,956.00,156.00,70.00,222.00,1,-1,-1,-1
27,8327,308.00,146.00,86.00,196.00,1,-1,-1,-1
28,8319,809.44,124.94,67.39,248.43,1,-1,-1,-1
28,8320,770.03,142.33,84.42,222.16,1,-1,-1,-1
28,8323,523.36,131.47,43.29,76.53,1,-1,-1,-1
28,8325,354.68,153.67,109.78,192.71,1,-1,-1,-1
28,8326,956.00,156.00,70.00,222.00,1,-1,-1,-1
28,8327,308.00,146.00,86.00,196.00,1,-1,-1,-1
28,8328,460.00,154.00,60.00,178.00,1,-1,-1,-1
28,8329,870.00,162.00,82.00,196.00,1,-1,-1,-1
29,8320,779.68,146.08,85.02,218.32,1,-1,-1,-1
29,8325,343.03,148.23,112.82,201.62,1,-1,-1,-1
29,8328,460.00,154.00,60.00,178.00,1,-1,-1,-1
29,8329,870.00,162.00,82.00,196.00,1,-1,-1,-1
30,8320,782.40,147.47,86.27,216.88,1,-1,-1,-1
30,8325,339.92,146.40,112.22,204.61,1,-1,-1,-1
30,8326,885.90,161.50,63.62,198.18,1,-1,-1,-1
30,8328,460.00,154.00,60.00,178.00,1,-1,-1,-1
31,8319,881.09,130.78,69.90,240.03,1,-1,-1,-1
31,8320,811.46,150.60,87.63,215.03,1,-1,-1,-1
31,8325,329.51,141.90,116.26,211.98,1,-1,-1,-1
31,8326,872.22,162.58,62.12,193.49,1,-1,-1,-1
31,8328,460.00,154.00,60.00,178.00,1,-1,-1,-1
32,8319,887.61,131.58,73.26,238.83,1,-1,-1,-1
32,8320,821.51,151.77,89.21,214.32,1,-1,-1,-1
33,8319,889.13,131.84,76.13,238.45,1,-1,-1,-1
33,8320,824.40,152.18,90.77,214.06,1,-1,-1,-1
34,8319,914.62,141.10,84.04,223.90,1,-1,-1,-1
34,8320,836.34,152.91,90.70,213.91,1,-1,-1,-1
34,8327,416.95,155.77,83.06,194.05,1,-1,-1,-1
34,8328,532.29,150.22,68.35,202.55,1,-1,-1,-1
34,8330,736.00,170.00,66.00,190.00,1,-1,-1,-1
35,8319,921.03,144.66,92.20,218.29,1,-1,-1,-1
35,8326,741.81,169.86,61.25,189.31,1,-1,-1,-1
35,8327,423.28,156.26,81.11,193.95,1,-1,-1,-1
35,8328,539.06,149.87,69.21,204.86,1,-1,-1,-1
36,8319,920.44,145.92,100.01,216.28,1,-1,-1,-1
36,8326,732.14,170.40,61.54,188.88,1,-1,-1,-1
36,8327,426.02,156.43,79.35,193.91,1,-1,-1,-1
36,8328,541.19,149.76,69.54,205.59,1,-1,-1,-1
37,8319,935.66,147.04,99.32,214.79,1,-1,-1,-1
37,8326,693.81,174.60,61.03,179.36,1,-1,-1,-1
37,8327,458.03,155.13,81.00,204.52,1,-1,-1,-1
37,8328,551.38,149.22,70.71,209.05,1,-1,-1,-1
38,8326,680.06,176.08,62.17,175.97,1,-1,-1,-1
38,8327,470.44,154.64,80.04,208.43,1,-1,-1,-1
39,8326,675.26,176.56,63.85,174.87,1,-1,-1,-1
39,8327,475.46,154.42,78.32,209.91,1,-1,-1,-1
40,8326,655.71,178.07,62.69,171.71,1,-1,-1,-1
40,8327,487.09,154.91,78.82,211.25,1,-1,-1,-1
40,8328,601.38,128.71,82.49,235.67,1,-1,-1,-1
40,8331,1044.00,132.00,150.00,232.00,1,-1,-1,-1
41,8328,606.21,126.17,86.11,238.89,1,-1,-1,-1
41,8331,1044.00,132.00,150.00,232.00,1,-1,-1,-1
42,8319,1058.59,133.40,112.75,230.32,1,-1,-1,-1
42,8328,607.21,125.26,88.75,240.02,1,-1,-1,-1
43,8319,1077.81,132.98,112.92,230.67,1,-1,-1,-1
43,8327,545.10,129.88,91.40,240.33,1,-1,-1,-1
43,8328,633.06,114.69,95.96,263.46,1,-1,-1,-1
44,8327,551.38,126.79,94.25,243.89,1,-1,-1,-1
44,8328,643.23,110.71,97.83,272.29,1,-1,-1,-1
45,8327,553.16,125.65,96.03,245.17,1,-1,-1,-1
45,8328,647.27,109.19,97.82,275.66,1,-1,-1,-1
46,8327,565.41,123.95,97.29,248.38,1,-1,-1,-1
46,8328,677.77,113.76,97.59,270.45,1,-1,-1,-1
46,8332,498.00,166.00,64.00,170.00,1,-1,-1,-1
47,8328,688.99,115.68,98.21,268.16,1,-1,-1,-1
47,8332,498.00,166.00,64.00,170.00,1,-1,-1,-1
48,8328,692.57,116.47,99.14,267.13,1,-1,-1,-1
48,8332,498.00,166.00,64.00,170.00,1,-1,-1,-1
49,8328,704.43,114.72,100.70,271.34,1,-1,-1,-1
49,8332,498.00,166.00,64.00,170.00,1,-1,-1,-1
52,8327,715.52,141.66,87.57,225.53,1,-1,-1,-1
52,8328,806.98,142.65,87.37,234.05,1,-1,-1,-1
53,8327,725.17,143.36,86.05,223.14,1,-1,-1,-1
53,8328,819.26,146.69,85.69,228.41,1,-1,-1,-1
54,8327,728.91,143.85,85.33,222.49,1,-1,-1,-1
54,8328,823.35,147.89,85.44,226.80,1,-1,-1,-1
55,8320,872.44,122.39,112.58,261.57,1,-1,-1,-1
55,8327,761.66,133.48,92.69,238.05,1,-1,-1,-1
55,8328,838.46,148.88,85.39,226.64,1,-1,-1,-1
56,8320,871.75,121.69,114.07,262.58,1,-1,-1,-1
56,8327,773.23,129.66,96.11,243.78,1,-1,-1,-1
57,8320,871.24,121.46,114.95,262.92,1,-1,-1,-1
57,8327,776.85,128.19,97.99,245.98,1,-1,-1,-1
58,8320,916.07,122.69,117.75,243.68,1,-1,-1,-1
58,8327,792.28,127.01,98.85,248.14,1,-1,-1,-1
59,8320,931.75,123.24,122.41,236.01,1,-1,-1,-1
60,8320,935.56,123.46,127.56,233.22,1,-1,-1,-1
61,8320,942.72,122.72,127.22,232.60,1,-1,-1,-1
61,8333,604.00,124.00,42.00,108.00,1,-1,-1,-1
62,8333,604.00,124.00,42.00,108.00,1,-1,-1,-1
63,8333,604.00,124.00,42.00,108.00,1,-1,-1,-1
64,8333,617.87,138.84,39.49,100.58,1,-1,-1,-1
65,8333,622.39,143.84,38.94,98.08,1,-1,-1,-1
66,8333,623.47,145.22,39.14,97.39,1,-1,-1,-1
67,8333,627.98,146.91,39.07,95.84,1,-1,-1,-1
68,8333,629.20,147.32,39.45,95.39,1,-1,-1,-1
69,8333,629.28,147.32,39.98,95.30,1,-1,-1,-1
70,8333,638.10,143.13,45.49,110.30,1,-1,-1,-1
71,8333,641.52,141.70,46.84,115.53,1,-1,-1,-1
72,8333,642.96,141.04,46.91,117.63,1,-1,-1,-1
73,8333,655.78,142.02,45.34,113.24,1,-1,-1,-1
74,8333,660.59,142.35,44.79,111.44,1,-1,-1,-1
75,8333,662.21,142.44,44.66,110.74,1,-1,-1,-1
76,8333,671.75,139.83,47.44,118.31,1,-1,-1,-1
77,8333,675.33,138.86,48.31,121.11,1,-1,-1,-1
78,8333,676.65,138.45,48.49,122.18,1,-1,-1,-1
79,8333,684.88,136.99,52.13,132.86,1,-1,-1,-1
80,8333,688.14,136.44,53.15,136.87,1,-1,-1,-1
81,8333,689.43,136.21,53.23,138.42,1,-1,-1,-1
82,8333,708.32,148.87,50.64,131.30,1,-1,-1,-1
83,8333,715.56,153.89,49.64,128.36,1,-1,-1,-1
84,8333,718.08,155.73,49.33,127.23,1,-1,-1,-1
85,8333,736.42,153.78,50.62,131.99,1,-1,-1,-1
86,8333,743.36,153.03,50.79,133.75,1,-1,-1,-1
87,8333,745.98,152.69,50.57,134.39,1,-1,-1,-1
88,8333,752.00,153.52,51.06,135.69,1,-1,-1,-1
91,8333,791.93,145.60,60.18,159.00,1,-1,-1,-1
91,8334,576.00,134.00,46.00,120.00,1,-1,-1,-1
91,8335,622.00,142.00,46.00,102.00,1,-1,-1,-1
91,8336,696.00,150.00,38.00,90.00,1,-1,-1,-1
92,8333,796.72,144.59,61.59,161.91,1,-1,-1,-1
92,8334,576.00,134.00,46.00,120.00,1,-1,-1,-1
92,8335,622.00,142.00,46.00,102.00,1,-1,-1,-1
92,8336,696.00,150.00,38.00,90.00,1,-1,-1,-1
93,8333,798.34,144.21,62.26,162.97,1,-1,-1,-1
93,8334,576.00,134.00,46.00,120.00,1,-1,-1,-1
93,8335,622.00,142.00,46.00,102.00,1,-1,-1,-1
93,8336,696.00,150.00,38.00,90.00,1,-1,-1,-1
94,8333,814.40,138.95,65.66,173.52,1,-1,-1,-1
94,8334,576.00,134.00,46.00,120.00,1,-1,-1,-1
94,8335,617.69,139.03,48.69,107.94,1,-1,-1,-1
94,8336,705.42,147.03,39.93,94.45,1,-1,-1,-1
95,8333,820.64,136.95,66.61,177.52,1,-1,-1,-1
95,8335,616.24,138.04,49.60,109.92,1,-1,-1,-1
95,8336,708.55,146.04,40.63,95.94,1,-1,-1,-1
96,8333,823.02,136.16,66.68,179.02,1,-1,-1,-1
96,8335,615.78,137.73,49.90,110.55,1,-1,-1,-1
96,8336,709.50,145.73,40.89,96.41,1,-1,-1,-1
97,8333,852.59,147.32,70.05,183.33,1,-1,-1,-1
97,8335,606.74,129.46,55.53,124.35,1,-1,-1,-1
97,8336,715.08,144.29,43.90,103.35,1,-1,-1,-1
97,8337,648.00,142.00,44.00,110.00,1,-1,-1,-1
98,8333,863.43,151.65,72.25,184.93,1,-1,-1,-1
98,8334,645.95,141.68,42.45,110.40,1,-1,-1,-1
98,8335,603.74,126.50,57.10,129.28,1,-1,-1,-1
98,8336,717.03,143.79,45.02,105.84,1,-1,-1,-1
99,8333,867.02,153.35,73.87,185.46,1,-1,-1,-1
99,8334,650.69,142.21,42.33,109.74,1,-1,-1,-1
99,8335,602.85,125.41,57.24,131.10,1,-1,-1,-1
99,8336,717.62,143.63,45.45,106.71,1,-1,-1,-1
100,8333,894.56,148.87,77.99,199.66,1,-1,-1,-1
100,8334,651.37,141.01,44.09,113.64,1,-1,-1,-1
100,8335,604.46,122.48,60.02,139.43,1,-1,-1,-1
100,8336,727.47,140.99,48.39,116.13,1,-1,-1,-1
101,8333,905.40,147.17,78.68,205.03,1,-1,-1,-1
101,8334,651.37,140.57,44.87,115.03,1,-1,-1,-1
101,8335,605.39,121.39,60.50,142.55,1,-1,-1,-1
101,8336,731.49,140.00,48.78,119.64,1,-1,-1,-1
102,8333,909.77,146.47,78.18,207.07,1,-1,-1,-1
102,8334,650.97,140.38,45.32,115.58,1,-1,-1,-1
102,8335,606.09,121.04,60.14,143.65,1,-1,-1,-1
102,8336,733.28,139.65,48.27,120.94,1,-1,-1,-1
103,8333,944.42,156.38,77.65,205.20,1,-1,-1,-1
103,8334,651.82,142.93,46.92,121.09,1,-1,-1,-1
103,8335,605.74,118.41,63.89,156.76,1,-1,-1,-1
103,8336,744.37,144.68,46.25,117.48,1,-1,-1,-1
104,8333,957.63,160.26,77.47,204.34,1,-1,-1,-1
104,8334,652.18,143.87,47.19,123.14,1,-1,-1,-1
104,8335,606.15,117.42,64.22,161.74,1,-1,-1,-1
104,8336,748.76,146.70,45.07,116.00,1,-1,-1,-1
105,8333,962.35,161.73,77.45,203.92,1,-1,-1,-1
105,8334,652.25,144.21,46.99,123.92,1,-1,-1,-1
105,8335,606.85,117.09,63.36,163.60,1,-1,-1,-1
105,8336,750.46,147.48,44.28,115.37,1,-1,-1,-1
106,8333,973.34,162.75,78.50,206.69,1,-1,-1,-1
106,8334,663.66,146.92,49.85,130.71,1,-1,-1,-1
106,8335,608.37,123.37,61.84,162.91,1,-1,-1,-1
106,8336,765.37,151.69,42.53,111.16,1,-1,-1,-1
106,8338,1008.00,144.00,118.00,216.00,1,-1,-1,-1
107,8334,667.80,147.92,51.08,133.25,1,-1,-1,-1
107,8335,609.34,125.91,60.53,162.49,1,-1,-1,-1
107,8336,770.97,153.31,41.76,109.47,1,-1,-1,-1
107,8338,1008.00,144.00,118.00,216.00,1,-1,-1,-1
108,8333,1018.48,147.72,85.81,215.33,1,-1,-1,-1
108,8334,669.18,148.29,51.69,134.21,1,-1,-1,-1
108,8335,610.06,126.93,59.36,162.21,1,-1,-1,-1
108,8336,772.95,153.91,41.40,108.80,1,-1,-1,-1
109,8333,1031.32,147.46,87.00,218.33,1,-1,-1,-1
109,8334,673.93,149.13,52.19,135.51,1,-1,-1,-1
109,8335,617.85,126.07,58.05,159.41,1,-1,-1,-1
109,8336,778.32,146.25,46.14,122.96,1,-1,-1,-1
109,8339,1104.00,152.00,80.00,228.00,1,-1,-1,-1
110,8335,620.98,125.76,57.35,158.21,1,-1,-1,-1
110,8336,780.53,143.46,47.47,128.12,1,-1,-1,-1
110,8339,1104.00,152.00,80.00,228.00,1,-1,-1,-1
111,8333,1091.99,151.12,89.26,227.36,1,-1,-1,-1
111,8335,622.25,125.66,56.91,157.67,1,-1,-1,-1
111,8336,781.39,142.33,47.65,130.16,1,-1,-1,-1
112,8333,1107.32,151.17,90.52,230.58,1,-1,-1,-1
112,8334,696.60,160.61,47.20,122.62,1,-1,-1,-1
112,8335,622.78,134.73,56.62,158.68,1,-1,-1,-1
112,8336,796.37,145.73,46.19,127.06,1,-1,-1,-1
113,8334,699.11,162.03,46.47,120.78,1,-1,-1,-1
113,8335,623.15,138.21,56.14,159.00,1,-1,-1,-1
113,8336,802.18,147.09,45.42,125.74,1,-1,-1,-1
114,8334,700.04,162.51,46.24,120.23,1,-1,-1,-1
114,8335,623.45,139.54,55.61,159.05,1,-1,-1,-1
114,8336,804.33,147.62,44.96,125.18,1,-1,-1,-1
115,8334,704.75,163.91,46.18,120.07,1,-1,-1,-1
115,8335,623.59,140.09,56.25,160.87,1,-1,-1,-1
115,8336,818.93,141.34,49.33,141.78,1,-1,-1,-1
116,8336,824.86,139.03,49.96,147.91,1,-1,-1,-1
117,8336,827.47,138.10,49.39,150.33,1,-1,-1,-1
118,8335,642.83,138.50,58.52,166.04,1,-1,-1,-1
118,8336,832.73,137.33,50.36,153.28,1,-1,-1,-1
119,8335,645.12,138.26,59.12,166.60,1,-1,-1,-1
120,8335,645.82,138.18,59.53,166.80,1,-1,-1,-1
121,8334,735.69,162.61,61.32,163.25,1,-1,-1,-1
121,8335,647.43,138.41,60.09,168.38,1,-1,-1,-1
121,8336,872.40,144.37,44.42,138.17,1,-1,-1,-1
122,8334,738.25,162.50,61.24,166.15,1,-1,-1,-1
122,8336,877.67,145.47,42.79,135.64,1,-1,-1,-1
123,8334,739.31,162.42,60.69,167.22,1,-1,-1,-1
123,8336,879.73,145.80,41.86,134.92,1,-1,-1,-1
124,8334,751.31,158.57,63.61,173.88,1,-1,-1,-1
124,8335,681.16,150.29,64.42,182.55,1,-1,-1,-1
124,8336,885.91,145.77,42.15,135.84,1,-1,-1,-1
125,8334,755.76,157.07,64.96,176.41,1,-1,-1,-1
125,8335,685.64,151.78,64.42,184.29,1,-1,-1,-1
126,8334,757.28,156.47,65.66,177.32,1,-1,-1,-1
126,8335,687.38,152.32,64.13,184.90,1,-1,-1,-1
127,8334,772.08,158.77,70.31,195.41,1,-1,-1,-1
127,8335,699.40,155.07,68.13,197.96,1,-1,-1,-1
128,8334,778.27,159.64,70.94,202.26,1,-1,-1,-1
128,8335,704.05,156.10,69.36,202.87,1,-1,-1,-1
129,8334,781.06,159.99,70.24,204.93,1,-1,-1,-1
129,8335,705.86,156.47,69.60,204.73,1,-1,-1,-1
130,8334,797.86,161.38,72.34,213.44,1,-1,-1,-1
130,8335,716.24,142.52,74.34,225.81,1,-1,-1,-1
131,8334,804.52,161.92,72.71,216.69,1,-1,-1,-1
131,8335,720.86,137.24,74.75,233.78,1,-1,-1,-1
132,8334,807.17,162.12,72.44,217.84,1,-1,-1,-1
132,8335,723.14,135.08,73.77,236.89,1,-1,-1,-1
133,8334,828.35,160.91,73.68,220.71,1,-1,-1,-1
133,8335,746.99,143.10,70.23,225.30,1,-1,-1,-1
134,8334,836.36,160.44,74.27,221.73,1,-1,-1,-1
134,8335,756.28,146.32,68.79,220.46,1,-1,-1,-1
135,8334,839.22,160.24,74.59,222.00,1,-1,-1,-1
135,8335,759.61,147.53,68.26,218.55,1,-1,-1,-1
136,8334,870.12,157.59,76.28,225.85,1,-1,-1,-1
136,8335,778.33,137.60,71.73,224.25,1,-1,-1,-1
136,8340,1050.00,156.00,76.00,186.00,1,-1,-1,-1
137,8334,881.73,156.57,77.11,227.24,1,-1,-1,-1
137,8335,784.82,133.84,73.93,226.35,1,-1,-1,-1
137,8336,1055.15,155.75,61.08,185.11,1,-1,-1,-1
138,8334,885.91,156.17,77.57,227.67,1,-1,-1,-1
138,8335,786.73,132.40,75.55,227.08,1,-1,-1,-1
138,8336,1059.34,156.11,64.17,186.76,1,-1,-1,-1
139,8334,921.05,165.03,74.48,207.14,1,-1,-1,-1
139,8335,803.90,131.86,80.31,240.19,1,-1,-1,-1
139,8336,1070.09,156.63,65.16,189.64,1,-1,-1,-1
139,8341,1106.00,166.00,78.00,168.00,1,-1,-1,-1
140,8334,933.61,168.55,74.85,198.79,1,-1,-1,-1
140,8335,810.21,131.67,82.31,245.11,1,-1,-1,-1
140,8336,1105.47,163.76,63.28,174.22,1,-1,-1,-1
141,8334,937.00,169.80,76.71,195.76,1,-1,-1,-1
141,8335,812.36,131.62,83.26,246.95,1,-1,-1,-1
141,8336,1114.31,165.58,64.49,170.58,1,-1,-1,-1
142,8334,947.32,170.69,76.76,195.88,1,-1,-1,-1
142,8335,842.38,132.91,81.20,238.57,1,-1,-1,-1
142,8336,1141.33,154.41,72.03,192.93,1,-1,-1,-1
142,8342,992.00,154.00,94.00,226.00,1,-1,-1,-1
143,8335,853.64,133.44,80.72,235.14,1,-1,-1,-1
143,8336,1151.50,150.44,74.25,200.96,1,-1,-1,-1
143,8342,992.00,154.00,94.00,226.00,1,-1,-1,-1
144,8334,990.16,156.94,87.29,221.25,1,-1,-1,-1
144,8335,857.46,133.65,80.86,233.79,1,-1,-1,-1
144,8336,1155.30,148.80,74.78,204.14,1,-1,-1,-1
145,8334,1002.53,156.41,88.25,223.67,1,-1,-1,-1
145,8335,866.00,133.28,81.45,235.49,1,-1,-1,-1
145,8336,1167.74,148.42,76.02,207.54,1,-1,-1,-1
145,8343,910.00,122.00,106.00,250.00,1,-1,-1,-1
145,8344,1074.00,176.00,120.00,178.00,1,-1,-1,-1
