1,11454,796.00,112.00,82.00,180.00,1,-1,-1,-1
1,11455,272.00,174.00,70.00,198.00,1,-1,-1,-1
1,11456,392.00,154.00,108.00,190.00,1,-1,-1,-1
2,11456,392.00,154.00,108.00,190.00,1,-1,-1,-1
3,11456,392.00,154.00,108.00,190.00,1,-1,-1,-1
4,11456,392.00,154.00,108.00,190.00,1,-1,-1,-1
5,11456,392.00,154.00,108.00,190.00,1,-1,-1,-1
5,11457,464.00,142.00,68.00,214.00,1,-1,-1,-1
6,11457,464.00,142.00,68.00,214.00,1,-1,-1,-1
7,11457,464.00,142.00,68.00,214.00,1,-1,-1,-1
8,11457,464.00,142.00,68.00,214.00,1,-1,-1,-1
9,11457,464.00,142.00,68.00,214.00,1,-1,-1,-1
9,11458,514.00,138.00,70.00,210.00,1,-1,-1,-1
10,11457,507.47,138.63,67.11,210.63,1,-1,-1,-1
11,11457,515.70,137.98,67.09,209.98,1,-1,-1,-1
12,11457,518.18,137.78,67.21,209.78,1,-1,-1,-1
13,11457,525.99,137.18,67.02,209.18,1,-1,-1,-1
13,11459,584.00,146.00,100.00,204.00,1,-1,-1,-1
14,11459,584.00,146.00,100.00,204.00,1,-1,-1,-1
15,11456,574.57,146.11,113.80,203.81,1,-1,-1,-1
16,11456,581.57,145.84,112.37,204.28,1,-1,-1,-1
17,11456,598.52,158.82,105.10,193.99,1,-1,-1,-1
17,11460,680.00,148.00,64.00,204.00,1,-1,-1,-1
17,11461,630.00,152.00,104.00,204.00,1,-1,-1,-1
18,11456,604.72,163.80,101.60,190.01,1,-1,-1,-1
18,11460,680.00,148.00,64.00,204.00,1,-1,-1,-1
18,11461,630.00,152.00,104.00,204.00,1,-1,-1,-1
19,11456,606.94,165.61,99.67,188.55,1,-1,-1,-1
19,11457,643.45,151.14,70.00,204.07,1,-1,-1,-1
19,11460,680.00,148.00,64.00,204.00,1,-1,-1,-1
20,11456,625.03,157.01,104.58,198.58,1,-1,-1,-1
20,11457,671.43,149.23,69.23,203.80,1,-1,-1,-1
20,11460,680.00,148.00,64.00,204.00,1,-1,-1,-1
20,11462,606.00,166.00,90.00,188.00,1,-1,-1,-1
21,11456,637.24,157.16,104.87,199.14,1,-1,-1,-1
21,11457,690.92,152.61,72.31,201.05,1,-1,-1,-1
21,11463,1082.00,146.00,84.00,226.00,1,-1,-1,-1
22,11457,696.67,153.84,75.41,200.05,1,-1,-1,-1
22,11463,1082.00,146.00,84.00,226.00,1,-1,-1,-1
23,11457,697.43,154.27,78.29,199.71,1,-1,-1,-1
23,11463,1082.00,146.00,84.00,226.00,1,-1,-1,-1
24,11457,696.47,154.40,80.90,199.61,1,-1,-1,-1
24,11463,1082.00,146.00,84.00,226.00,1,-1,-1,-1
25,11455,529.15,132.12,30.38,76.34,1,-1,-1,-1
25,11456,719.23,134.56,115.22,228.96,1,-1,-1,-1
25,11457,708.98,155.22,80.58,198.84,1,-1,-1,-1
25,11460,778.78,126.65,76.04,244.76,1,-1,-1,-1
25,11463,1082.00,146.00,84.00,226.00,1,-1,-1,-1
25,11464,392.00,170.00,96.00,166.00,1,-1,-1,-1
25,11465,956.00,156.00,70.00,222.00,1,-1,-1,-1
25,11466,308.00,146.00,86.00,196.00,1,-1,-1,-1
26,11455,529.61,131.87,32.30,75.61,1,-1,-1,-1
26,11456,728.76,132.32,112.28,231.87,1,-1,-1,-1
26,11460,785.41,125.29,76.14,247.35,1,-1,-1,-1
26,11464,392.00,170.00,96.00,166.00,1,-1,-1,-1
26,11465,956.00,156.00,70.00,222.00,1,-1,-1,-1
26,11466,308.00,146.00,86.00,196.00,1,-1,-1,-1
27,11455,530.43,131.61,33.55,74.87,1,-1,-1,-1
27,11456,733.13,131.51,109.13,232.92,1,-1,-1,-1
27,11460,787.77,124.85,75.73,248.19,1,-1,-1,-1
27,11464,392.00,170.00,96.00,166.00,1,-1,-1,-1
27,11465,956.00,156.00,70.00,222.00,1,-1,-1,-1
27,11466,308.00,146.00,86.00,196.00,1,-1,-1,-1
28,11455,529.75,131.63,34.74,74.91,1,-1,-1,-1
28,11456,735.26,131.25,106.19,233.25,1,-1,-1,-1
28,11460,788.46,124.77,75.15,248.35,1,-1,-1,-1
28,11464,392.00,170.00,96.00,166.00,1,-1,-1,-1
28,11465,956.00,156.00,70.00,222.00,1,-1,-1,-1
28,11466,308.00,146.00,86.00,196.00,1,-1,-1,-1
29,11455,534.59,130.86,33.71,72.69,1,-1,-1,-1
29,11456,747.60,129.73,107.28,235.67,1,-1,-1,-1
29,11460,812.49,135.19,81.15,235.29,1,-1,-1,-1
29,11464,361.67,159.86,104.50,184.83,1,-1,-1,-1
29,11465,956.00,156.00,70.00,222.00,1,-1,-1,-1
29,11466,308.00,146.00,86.00,196.00,1,-1,-1,-1
29,11467,862.00,146.00,86.00,204.00,1,-1,-1,-1
29,11468,456.00,168.00,90.00,160.00,1,-1,-1,-1
30,11460,818.90,139.37,88.29,229.98,1,-1,-1,-1
30,11464,352.43,156.43,105.36,191.20,1,-1,-1,-1
30,11467,862.00,146.00,86.00,204.00,1,-1,-1,-1
30,11468,456.00,168.00,90.00,160.00,1,-1,-1,-1
31,11460,853.43,143.58,82.67,213.44,1,-1,-1,-1
31,11464,344.05,153.71,108.14,196.25,1,-1,-1,-1
31,11466,357.42,155.01,82.63,192.40,1,-1,-1,-1
31,11467,825.11,143.00,95.23,220.51,1,-1,-1,-1
31,11468,456.00,168.00,90.00,160.00,1,-1,-1,-1
32,11460,865.74,145.20,80.84,207.05,1,-1,-1,-1
32,11466,364.53,156.16,80.63,191.94,1,-1,-1,-1
32,11467,811.71,142.00,100.53,226.02,1,-1,-1,-1
32,11468,456.00,168.00,90.00,160.00,1,-1,-1,-1
33,11457,757.36,160.07,81.42,211.23,1,-1,-1,-1
33,11460,874.37,148.47,87.03,220.85,1,-1,-1,-1
33,11465,926.78,136.99,77.11,237.21,1,-1,-1,-1
33,11466,392.50,145.60,87.26,213.63,1,-1,-1,-1
33,11467,799.67,140.99,102.99,231.55,1,-1,-1,-1
33,11468,456.00,168.00,90.00,160.00,1,-1,-1,-1
33,11469,514.00,142.00,72.00,200.00,1,-1,-1,-1
34,11457,760.44,160.26,78.49,211.90,1,-1,-1,-1
34,11460,877.18,149.63,89.73,225.79,1,-1,-1,-1
34,11465,923.51,135.53,79.70,238.38,1,-1,-1,-1
34,11466,403.22,141.90,87.85,221.25,1,-1,-1,-1
34,11469,514.00,142.00,72.00,200.00,1,-1,-1,-1
35,11457,762.20,160.32,76.07,212.14,1,-1,-1,-1
35,11460,906.65,140.99,93.92,234.17,1,-1,-1,-1
35,11465,891.83,144.32,79.50,232.14,1,-1,-1,-1
35,11466,407.75,140.43,86.55,224.17,1,-1,-1,-1
35,11469,514.00,142.00,72.00,200.00,1,-1,-1,-1
36,11457,763.18,160.33,74.06,212.22,1,-1,-1,-1
36,11460,917.38,137.66,95.99,237.34,1,-1,-1,-1
36,11465,879.54,147.73,80.41,229.71,1,-1,-1,-1
36,11466,409.78,139.88,84.59,225.19,1,-1,-1,-1
36,11469,514.00,142.00,72.00,200.00,1,-1,-1,-1
37,11457,770.22,160.89,74.21,212.66,1,-1,-1,-1
37,11460,930.98,137.06,96.84,239.44,1,-1,-1,-1
37,11465,872.45,147.11,80.62,230.32,1,-1,-1,-1
37,11466,418.77,139.15,85.72,228.18,1,-1,-1,-1
37,11469,514.00,142.00,72.00,200.00,1,-1,-1,-1
37,11470,674.00,176.00,84.00,176.00,1,-1,-1,-1
37,11471,482.00,154.00,56.00,210.00,1,-1,-1,-1
38,11466,461.57,150.33,78.59,214.98,1,-1,-1,-1
38,11470,674.00,176.00,84.00,176.00,1,-1,-1,-1
39,11466,473.19,152.94,75.58,212.07,1,-1,-1,-1
39,11470,674.00,176.00,84.00,176.00,1,-1,-1,-1
40,11466,477.68,153.83,73.46,211.08,1,-1,-1,-1
40,11470,674.00,176.00,84.00,176.00,1,-1,-1,-1
41,11466,488.69,154.41,73.77,211.99,1,-1,-1,-1
41,11467,622.71,145.60,94.52,215.88,1,-1,-1,-1
41,11470,674.00,176.00,84.00,176.00,1,-1,-1,-1
41,11472,1076.00,128.00,128.00,250.00,1,-1,-1,-1
41,11473,536.00,156.00,86.00,202.00,1,-1,-1,-1
42,11460,1079.95,128.52,104.69,249.99,1,-1,-1,-1
42,11466,533.01,155.77,72.78,204.47,1,-1,-1,-1
42,11467,616.74,145.91,92.68,214.61,1,-1,-1,-1
43,11460,1089.95,127.85,107.90,250.67,1,-1,-1,-1
43,11466,543.68,156.14,73.61,202.83,1,-1,-1,-1
43,11467,614.33,145.99,91.44,214.32,1,-1,-1,-1
44,11460,1092.84,127.61,110.45,250.93,1,-1,-1,-1
44,11466,546.89,156.26,74.67,202.26,1,-1,-1,-1
44,11467,614.19,146.02,90.42,214.20,1,-1,-1,-1
45,11460,1110.40,126.71,111.26,252.78,1,-1,-1,-1
45,11466,559.83,156.84,74.63,202.15,1,-1,-1,-1
45,11467,600.16,146.09,90.52,214.45,1,-1,-1,-1
45,11469,515.59,161.62,68.81,184.31,1,-1,-1,-1
45,11470,674.61,145.59,107.49,223.52,1,-1,-1,-1
46,11469,514.65,162.38,70.69,183.70,1,-1,-1,-1
46,11470,674.30,143.13,110.10,227.35,1,-1,-1,-1
47,11469,513.78,162.66,72.44,183.47,1,-1,-1,-1
47,11470,673.95,142.32,111.45,228.62,1,-1,-1,-1
48,11469,512.99,162.72,74.02,183.43,1,-1,-1,-1
48,11470,673.62,142.13,112.28,228.92,1,-1,-1,-1
49,11469,513.20,164.03,73.59,182.37,1,-1,-1,-1
49,11470,673.69,138.87,114.78,234.01,1,-1,-1,-1
53,11465,826.73,118.27,92.48,261.69,1,-1,-1,-1
53,11470,713.45,129.53,119.60,246.96,1,-1,-1,-1
54,11465,825.85,117.57,93.35,262.46,1,-1,-1,-1
54,11470,718.38,128.88,118.71,247.79,1,-1,-1,-1
55,11465,825.42,117.32,93.89,262.74,1,-1,-1,-1
55,11470,720.42,128.61,117.77,248.14,1,-1,-1,-1
56,11465,825.26,117.26,94.26,262.80,1,-1,-1,-1
56,11470,721.39,128.58,116.83,248.17,1,-1,-1,-1
57,11465,822.32,115.97,94.76,264.20,1,-1,-1,-1
57,11470,724.04,126.18,118.55,251.81,1,-1,-1,-1
61,11474,604.00,124.00,42.00,108.00,1,-1,-1,-1
62,11474,604.00,124.00,42.00,108.00,1,-1,-1,-1
63,11474,604.00,124.00,42.00,108.00,1,-1,-1,-1
64,11474,604.00,124.00,42.00,108.00,1,-1,-1,-1
65,11474,618.94,139.94,39.64,100.76,1,-1,-1,-1
65,11475,1034.00,120.00,160.00,250.00,1,-1,-1,-1
66,11474,623.95,145.45,39.15,98.25,1,-1,-1,-1
66,11475,1034.00,120.00,160.00,250.00,1,-1,-1,-1
67,11474,625.25,147.09,39.38,97.50,1,-1,-1,-1
67,11475,1034.00,120.00,160.00,250.00,1,-1,-1,-1
68,11474,625.36,147.48,39.84,97.33,1,-1,-1,-1
68,11475,1034.00,120.00,160.00,250.00,1,-1,-1,-1
69,11474,635.55,146.10,44.15,109.69,1,-1,-1,-1
69,11475,1034.00,120.00,160.00,250.00,1,-1,-1,-1
70,11474,639.41,145.63,45.12,114.01,1,-1,-1,-1
71,11474,640.97,145.32,45.03,115.71,1,-1,-1,-1
72,11474,641.64,145.11,44.54,116.32,1,-1,-1,-1
73,11474,655.89,143.66,43.44,112.61,1,-1,-1,-1
74,11474,661.14,143.02,43.17,111.12,1,-1,-1,-1
75,11474,662.88,142.74,43.23,110.54,1,-1,-1,-1
76,11474,663.31,142.60,43.41,110.31,1,-1,-1,-1
77,11474,679.31,146.45,46.91,119.40,1,-1,-1,-1
78,11474,685.22,147.87,48.17,122.75,1,-1,-1,-1
79,11474,687.40,148.39,48.61,124.04,1,-1,-1,-1
80,11474,688.09,148.55,48.74,124.50,1,-1,-1,-1
81,11474,704.42,147.28,51.17,132.38,1,-1,-1,-1
82,11474,710.73,146.79,51.71,135.34,1,-1,-1,-1
83,11474,713.21,146.57,51.58,136.45,1,-1,-1,-1
84,11474,714.14,146.45,51.21,136.83,1,-1,-1,-1
85,11474,735.26,150.25,50.36,135.63,1,-1,-1,-1
86,11474,743.36,151.69,49.81,135.11,1,-1,-1,-1
87,11474,746.36,152.22,49.40,134.87,1,-1,-1,-1
88,11474,747.40,152.39,49.06,134.73,1,-1,-1,-1
89,11474,753.02,153.22,49.46,135.84,1,-1,-1,-1
93,11474,805.34,165.01,57.60,154.36,1,-1,-1,-1
93,11476,700.00,146.00,38.00,98.00,1,-1,-1,-1
93,11477,580.00,126.00,42.00,134.00,1,-1,-1,-1
93,11478,618.00,138.00,50.00,110.00,1,-1,-1,-1
94,11474,809.79,166.16,59.46,156.17,1,-1,-1,-1
94,11476,700.00,146.00,38.00,98.00,1,-1,-1,-1
94,11477,580.00,126.00,42.00,134.00,1,-1,-1,-1
94,11478,618.00,138.00,50.00,110.00,1,-1,-1,-1
95,11474,811.08,166.57,60.70,156.82,1,-1,-1,-1
95,11476,700.00,146.00,38.00,98.00,1,-1,-1,-1
95,11477,580.00,126.00,42.00,134.00,1,-1,-1,-1
95,11478,618.00,138.00,50.00,110.00,1,-1,-1,-1
96,11474,811.13,166.69,61.62,157.01,1,-1,-1,-1
96,11476,700.00,146.00,38.00,98.00,1,-1,-1,-1
96,11477,580.00,126.00,42.00,134.00,1,-1,-1,-1
96,11478,618.00,138.00,50.00,110.00,1,-1,-1,-1
97,11474,817.83,167.95,62.36,158.88,1,-1,-1,-1
97,11476,713.26,144.55,40.46,103.80,1,-1,-1,-1
97,11477,580.00,126.00,42.00,134.00,1,-1,-1,-1
97,11478,606.98,129.31,56.11,124.49,1,-1,-1,-1
97,11479,858.00,154.00,86.00,184.00,1,-1,-1,-1
97,11480,648.00,142.00,44.00,110.00,1,-1,-1,-1
98,11476,717.68,144.06,41.48,105.77,1,-1,-1,-1
98,11478,603.47,126.38,57.76,129.37,1,-1,-1,-1
98,11479,858.00,154.00,86.00,184.00,1,-1,-1,-1
98,11480,648.00,142.00,44.00,110.00,1,-1,-1,-1
99,11474,858.02,156.96,72.38,180.17,1,-1,-1,-1
99,11476,719.07,143.89,42.00,106.43,1,-1,-1,-1
99,11478,602.43,125.34,57.93,131.09,1,-1,-1,-1
99,11480,648.00,142.00,44.00,110.00,1,-1,-1,-1
100,11474,864.29,155.16,75.24,183.75,1,-1,-1,-1
100,11476,719.33,143.85,42.33,106.60,1,-1,-1,-1
100,11478,602.37,125.06,57.53,131.57,1,-1,-1,-1
100,11480,648.00,142.00,44.00,110.00,1,-1,-1,-1
101,11474,872.85,155.30,76.55,186.93,1,-1,-1,-1
101,11476,730.58,142.51,45.28,115.97,1,-1,-1,-1
101,11478,599.73,118.44,64.11,148.76,1,-1,-1,-1
101,11480,646.77,139.10,47.90,120.14,1,-1,-1,-1
101,11481,912.00,152.00,98.00,206.00,1,-1,-1,-1
102,11474,908.57,152.87,84.33,201.99,1,-1,-1,-1
102,11476,734.94,142.02,45.82,119.38,1,-1,-1,-1
102,11478,599.07,115.99,65.88,155.11,1,-1,-1,-1
102,11480,646.42,138.12,49.09,123.58,1,-1,-1,-1
103,11474,917.66,152.30,87.39,205.99,1,-1,-1,-1
103,11476,736.74,141.85,45.53,120.65,1,-1,-1,-1
103,11478,599.20,115.10,65.95,157.51,1,-1,-1,-1
103,11480,646.37,137.78,49.37,124.75,1,-1,-1,-1
104,11474,920.63,152.09,89.21,207.45,1,-1,-1,-1
104,11476,737.51,141.80,44.93,121.04,1,-1,-1,-1
104,11478,599.61,114.83,65.35,158.27,1,-1,-1,-1
104,11480,646.43,137.69,49.29,125.07,1,-1,-1,-1
105,11474,930.53,152.01,90.85,211.26,1,-1,-1,-1
105,11476,740.87,141.41,45.72,123.18,1,-1,-1,-1
105,11478,603.01,117.38,63.86,158.40,1,-1,-1,-1
105,11480,658.82,144.33,48.44,122.43,1,-1,-1,-1
105,11482,770.00,144.00,36.00,120.00,1,-1,-1,-1
105,11483,1002.00,138.00,82.00,234.00,1,-1,-1,-1
106,11476,761.00,143.29,44.22,121.26,1,-1,-1,-1
106,11478,604.82,118.44,62.37,158.31,1,-1,-1,-1
106,11480,663.48,146.88,48.19,121.32,1,-1,-1,-1
106,11483,1002.00,138.00,82.00,234.00,1,-1,-1,-1
107,11474,985.83,140.62,97.11,231.14,1,-1,-1,-1
107,11476,766.38,143.70,43.41,121.01,1,-1,-1,-1
107,11478,605.97,118.91,60.95,158.15,1,-1,-1,-1
107,11480,665.10,147.82,48.19,120.86,1,-1,-1,-1
108,11474,996.28,138.64,96.64,234.62,1,-1,-1,-1
108,11476,768.45,143.85,42.72,120.90,1,-1,-1,-1
108,11478,606.82,119.13,59.62,157.96,1,-1,-1,-1
108,11480,665.60,148.15,48.27,120.64,1,-1,-1,-1
109,11474,1008.29,137.75,98.50,239.15,1,-1,-1,-1
109,11476,777.76,142.61,44.63,127.32,1,-1,-1,-1
109,11478,616.21,123.14,59.11,157.78,1,-1,-1,-1
109,11480,667.22,148.74,48.63,121.53,1,-1,-1,-1
109,11484,1104.00,152.00,80.00,228.00,1,-1,-1,-1
110,11476,781.30,142.14,45.14,129.72,1,-1,-1,-1
110,11478,619.97,124.72,58.64,157.62,1,-1,-1,-1
110,11484,1104.00,152.00,80.00,228.00,1,-1,-1,-1
111,11474,1085.68,148.96,93.66,231.84,1,-1,-1,-1
111,11476,782.60,141.97,45.14,130.59,1,-1,-1,-1
111,11478,621.53,125.36,58.22,157.46,1,-1,-1,-1
112,11474,1099.71,151.00,91.58,230.37,1,-1,-1,-1
112,11476,783.02,141.91,44.96,130.87,1,-1,-1,-1
112,11478,622.22,125.62,57.82,157.32,1,-1,-1,-1
113,11474,1114.97,151.10,92.82,233.49,1,-1,-1,-1
113,11476,787.21,141.69,45.55,132.59,1,-1,-1,-1
113,11477,653.10,145.88,48.87,153.88,1,-1,-1,-1
113,11478,630.89,133.52,56.39,158.49,1,-1,-1,-1
113,11480,702.08,157.35,51.78,131.35,1,-1,-1,-1
113,11485,816.00,150.00,44.00,128.00,1,-1,-1,-1
114,11476,810.08,147.95,44.50,129.52,1,-1,-1,-1
114,11477,654.52,146.33,49.49,154.33,1,-1,-1,-1
114,11478,634.68,136.54,54.83,158.88,1,-1,-1,-1
114,11480,705.67,158.15,51.46,132.25,1,-1,-1,-1
115,11476,815.93,149.42,44.30,128.95,1,-1,-1,-1
115,11477,654.90,146.48,49.91,154.48,1,-1,-1,-1
115,11478,636.56,137.70,53.30,158.96,1,-1,-1,-1
115,11480,707.11,158.44,51.00,132.57,1,-1,-1,-1
116,11476,817.96,149.94,44.23,128.74,1,-1,-1,-1
116,11477,654.86,146.51,50.21,154.51,1,-1,-1,-1
116,11478,637.65,138.12,51.88,158.94,1,-1,-1,-1
116,11480,707.69,158.51,50.53,132.65,1,-1,-1,-1
117,11476,831.02,146.22,45.33,133.83,1,-1,-1,-1
117,11477,658.14,147.40,50.50,155.40,1,-1,-1,-1
117,11478,643.87,147.35,46.14,139.39,1,-1,-1,-1
117,11480,711.10,159.45,50.98,133.84,1,-1,-1,-1
118,11476,836.02,144.82,45.38,135.73,1,-1,-1,-1
118,11478,646.12,150.97,44.07,131.49,1,-1,-1,-1
119,11476,837.91,144.26,45.07,136.42,1,-1,-1,-1
119,11478,646.72,152.19,43.64,128.77,1,-1,-1,-1
120,11476,838.59,144.05,44.66,136.64,1,-1,-1,-1
120,11478,646.75,152.58,43.76,127.84,1,-1,-1,-1
121,11476,843.73,143.93,45.08,137.93,1,-1,-1,-1
121,11478,648.20,154.01,43.34,126.60,1,-1,-1,-1
121,11480,734.88,162.13,60.91,163.13,1,-1,-1,-1
121,11486,880.00,146.00,36.00,134.00,1,-1,-1,-1
122,11476,870.02,145.48,43.38,135.25,1,-1,-1,-1
122,11480,737.60,162.36,60.99,166.04,1,-1,-1,-1
123,11476,876.98,145.83,42.49,134.73,1,-1,-1,-1
123,11480,738.79,162.43,60.54,167.10,1,-1,-1,-1
124,11476,879.59,145.96,41.79,134.55,1,-1,-1,-1
124,11480,739.34,162.44,59.95,167.43,1,-1,-1,-1
125,11476,886.01,146.00,42.03,135.30,1,-1,-1,-1
125,11477,685.57,135.01,67.94,209.56,1,-1,-1,-1
125,11480,749.93,156.02,66.86,185.38,1,-1,-1,-1
126,11477,686.94,134.26,68.79,212.52,1,-1,-1,-1
126,11480,753.79,153.62,69.73,192.14,1,-1,-1,-1
127,11477,687.39,133.96,69.04,213.59,1,-1,-1,-1
127,11480,755.12,152.62,71.06,194.78,1,-1,-1,-1
128,11477,687.50,133.86,69.07,213.91,1,-1,-1,-1
128,11480,755.43,152.22,71.74,195.71,1,-1,-1,-1
129,11477,704.56,151.67,65.44,199.91,1,-1,-1,-1
129,11480,759.09,152.17,73.09,199.38,1,-1,-1,-1
129,11487,798.00,160.00,70.00,216.00,1,-1,-1,-1
130,11477,711.00,158.74,64.28,194.20,1,-1,-1,-1
130,11480,786.18,158.01,76.99,212.74,1,-1,-1,-1
131,11477,713.12,161.33,64.16,192.04,1,-1,-1,-1
131,11480,793.44,159.41,77.43,216.38,1,-1,-1,-1
132,11477,713.67,162.26,64.38,191.18,1,-1,-1,-1
132,11480,796.35,159.94,77.13,217.70,1,-1,-1,-1
133,11477,717.32,163.64,64.78,192.36,1,-1,-1,-1
133,11480,822.96,160.13,77.97,220.65,1,-1,-1,-1
133,11488,758.00,148.00,68.00,216.00,1,-1,-1,-1
134,11477,747.80,151.98,70.43,210.75,1,-1,-1,-1
134,11480,833.20,160.19,78.16,221.69,1,-1,-1,-1
135,11477,755.36,149.51,71.41,215.07,1,-1,-1,-1
135,11480,837.05,160.21,78.10,221.98,1,-1,-1,-1
136,11477,758.24,148.56,71.53,216.67,1,-1,-1,-1
136,11480,838.38,160.20,77.96,221.98,1,-1,-1,-1
137,11477,783.25,139.20,78.61,235.18,1,-1,-1,-1
137,11480,844.62,160.53,79.11,225.24,1,-1,-1,-1
137,11489,898.00,144.00,76.00,238.00,1,-1,-1,-1
137,11490,1056.00,170.00,96.00,176.00,1,-1,-1,-1
138,11477,792.41,135.67,81.82,242.16,1,-1,-1,-1
138,11480,884.02,148.12,81.97,235.68,1,-1,-1,-1
138,11490,1056.00,170.00,96.00,176.00,1,-1,-1,-1
139,11477,795.63,134.26,83.50,244.84,1,-1,-1,-1
139,11480,894.31,145.22,82.25,238.53,1,-1,-1,-1
139,11490,1056.00,170.00,96.00,176.00,1,-1,-1,-1
140,11477,796.47,133.74,84.51,245.77,1,-1,-1,-1
140,11480,898.21,144.15,81.97,239.53,1,-1,-1,-1
140,11490,1056.00,170.00,96.00,176.00,1,-1,-1,-1
141,11477,826.21,128.44,85.74,248.57,1,-1,-1,-1
141,11480,906.66,143.32,83.18,243.06,1,-1,-1,-1
141,11490,1056.00,170.00,96.00,176.00,1,-1,-1,-1
141,11491,1154.00,158.00,60.00,182.00,1,-1,-1,-1
141,11492,966.00,158.00,104.00,206.00,1,-1,-1,-1
142,11477,837.45,126.43,86.33,249.55,1,-1,-1,-1
142,11491,1154.00,158.00,60.00,182.00,1,-1,-1,-1
142,11492,966.00,158.00,104.00,206.00,1,-1,-1,-1
143,11477,841.50,125.68,86.64,249.82,1,-1,-1,-1
143,11491,1154.00,158.00,60.00,182.00,1,-1,-1,-1
143,11492,966.00,158.00,104.00,206.00,1,-1,-1,-1
144,11477,842.75,125.43,86.83,249.82,1,-1,-1,-1
144,11480,973.45,155.59,77.11,212.70,1,-1,-1,-1
144,11491,1154.00,158.00,60.00,182.00,1,-1,-1,-1
144,11492,966.00,158.00,104.00,206.00,1,-1,-1,-1
145,11477,850.50,124.23,87.89,252.86,1,-1,-1,-1
145,11480,984.94,155.79,77.35,213.36,1,-1,-1,-1
145,11491,1154.00,158.00,60.00,182.00,1,-1,-1,-1
145,11493,910.00,122.00,106.00,250.00,1,-1,-1,-1
145,11494,1074.00,176.00,120.00,178.00,1,-1,-1,-1
