1,1,753.00,170.00,17.00,33.00,1,-1,-1,-1
1,2,707.00,169.00,21.00,30.00,1,-1,-1,-1
2,1,753.00,170.00,17.00,33.00,1,-1,-1,-1
2,2,707.00,169.00,21.00,30.00,1,-1,-1,-1
3,1,753.00,170.00,17.00,33.00,1,-1,-1,-1
3,2,707.00,169.00,21.00,30.00,1,-1,-1,-1
4,1,753.00,170.00,17.00,33.00,1,-1,-1,-1
4,2,707.00,169.00,21.00,30.00,1,-1,-1,-1
5,1,753.00,170.00,17.00,33.00,1,-1,-1,-1
5,2,707.00,169.00,21.00,30.00,1,-1,-1,-1
6,1,753.00,170.00,17.00,33.00,1,-1,-1,-1
6,2,707.00,169.00,21.00,30.00,1,-1,-1,-1
7,1,753.00,170.00,17.00,33.00,1,-1,-1,-1
7,2,707.00,169.00,21.00,30.00,1,-1,-1,-1
8,1,754.49,167.95,19.49,37.79,1,-1,-1,-1
8,2,701.00,166.95,24.12,34.79,1,-1,-1,-1
9,1,755.01,167.23,20.39,39.47,1,-1,-1,-1
9,2,698.98,166.23,25.03,36.47,1,-1,-1,-1
10,1,755.20,166.95,20.75,40.12,1,-1,-1,-1
10,2,698.27,165.95,25.23,37.12,1,-1,-1,-1
11,1,755.25,166.85,20.89,40.35,1,-1,-1,-1
11,2,698.11,165.85,25.14,37.35,1,-1,-1,-1
12,1,755.26,166.83,20.94,40.40,1,-1,-1,-1
12,2,698.16,165.83,24.94,37.40,1,-1,-1,-1
13,1,755.25,166.83,20.96,40.39,1,-1,-1,-1
13,2,698.27,165.83,24.72,37.40,1,-1,-1,-1
14,1,755.23,166.84,20.96,40.37,1,-1,-1,-1
14,2,698.41,165.84,24.49,37.37,1,-1,-1,-1
15,1,762.11,172.70,16.90,31.24,1,-1,-1,-1
15,2,695.67,167.80,22.90,35.39,1,-1,-1,-1
15,3,483.00,174.00,17.00,26.00,1,-1,-1,-1
15,4,828.00,179.00,31.00,48.00,1,-1,-1,-1
16,1,764.84,175.16,15.37,27.39,1,-1,-1,-1
16,2,694.71,168.58,22.11,34.59,1,-1,-1,-1
16,3,483.00,174.00,17.00,26.00,1,-1,-1,-1
16,4,828.00,179.00,31.00,48.00,1,-1,-1,-1
17,1,765.53,175.92,15.18,26.20,1,-1,-1,-1
17,2,694.46,168.86,21.67,34.29,1,-1,-1,-1
17,3,483.00,174.00,17.00,26.00,1,-1,-1,-1
17,4,828.00,179.00,31.00,48.00,1,-1,-1,-1
18,1,765.59,176.15,15.41,25.82,1,-1,-1,-1
18,2,694.46,168.97,21.37,34.17,1,-1,-1,-1
18,3,483.00,174.00,17.00,26.00,1,-1,-1,-1
18,4,828.00,179.00,31.00,48.00,1,-1,-1,-1
19,1,765.45,176.21,15.75,25.72,1,-1,-1,-1
19,2,694.55,169.01,21.13,34.11,1,-1,-1,-1
19,3,483.00,174.00,17.00,26.00,1,-1,-1,-1
19,4,828.00,179.00,31.00,48.00,1,-1,-1,-1
20,1,765.25,176.22,16.12,25.71,1,-1,-1,-1
20,2,694.67,169.02,20.92,34.09,1,-1,-1,-1
20,3,483.00,174.00,17.00,26.00,1,-1,-1,-1
20,4,828.00,179.00,31.00,48.00,1,-1,-1,-1
21,1,765.05,176.20,16.47,25.73,1,-1,-1,-1
21,2,694.79,169.02,20.74,34.07,1,-1,-1,-1
21,3,483.00,174.00,17.00,26.00,1,-1,-1,-1
21,4,828.00,179.00,31.00,48.00,1,-1,-1,-1
22,1,765.67,176.54,16.17,25.26,1,-1,-1,-1
22,2,694.20,169.07,20.81,34.19,1,-1,-1,-1
22,3,483.00,174.00,17.00,26.00,1,-1,-1,-1
22,4,828.00,179.00,31.00,48.00,1,-1,-1,-1
22,5,881.00,162.00,37.00,78.00,1,-1,-1,-1
22,6,701.00,156.00,19.00,26.00,1,-1,-1,-1
22,7,820.00,174.00,21.00,29.00,1,-1,-1,-1
22,8,748.00,168.00,22.00,39.00,1,-1,-1,-1
23,5,881.00,162.00,37.00,78.00,1,-1,-1,-1
23,6,701.00,156.00,19.00,26.00,1,-1,-1,-1
23,7,820.00,174.00,21.00,29.00,1,-1,-1,-1
23,8,748.00,168.00,22.00,39.00,1,-1,-1,-1
24,5,881.00,162.00,37.00,78.00,1,-1,-1,-1
24,6,701.00,156.00,19.00,26.00,1,-1,-1,-1
24,7,820.00,174.00,21.00,29.00,1,-1,-1,-1
24,8,748.00,168.00,22.00,39.00,1,-1,-1,-1
25,5,881.00,162.00,37.00,78.00,1,-1,-1,-1
25,6,701.00,156.00,19.00,26.00,1,-1,-1,-1
25,7,820.00,174.00,21.00,29.00,1,-1,-1,-1
25,8,748.00,168.00,22.00,39.00,1,-1,-1,-1
26,5,881.00,162.00,37.00,78.00,1,-1,-1,-1
26,6,701.00,156.00,19.00,26.00,1,-1,-1,-1
26,7,820.00,174.00,21.00,29.00,1,-1,-1,-1
26,8,748.00,168.00,22.00,39.00,1,-1,-1,-1
27,5,881.00,162.00,37.00,78.00,1,-1,-1,-1
27,6,701.00,156.00,19.00,26.00,1,-1,-1,-1
27,7,820.00,174.00,21.00,29.00,1,-1,-1,-1
27,8,748.00,168.00,22.00,39.00,1,-1,-1,-1
28,5,881.00,162.00,37.00,78.00,1,-1,-1,-1
28,6,701.00,156.00,19.00,26.00,1,-1,-1,-1
28,7,820.00,174.00,21.00,29.00,1,-1,-1,-1
28,8,748.00,168.00,22.00,39.00,1,-1,-1,-1
29,5,881.00,162.00,37.00,78.00,1,-1,-1,-1
29,6,701.00,156.00,19.00,26.00,1,-1,-1,-1
29,7,820.00,174.00,21.00,29.00,1,-1,-1,-1
29,8,748.00,168.00,22.00,39.00,1,-1,-1,-1
29,9,428.00,176.00,19.00,29.00,1,-1,-1,-1
29,10,1100.00,157.00,94.00,144.00,1,-1,-1,-1
30,9,428.00,176.00,19.00,29.00,1,-1,-1,-1
30,10,1100.00,157.00,94.00,144.00,1,-1,-1,-1
31,9,428.00,176.00,19.00,29.00,1,-1,-1,-1
31,10,1100.00,157.00,94.00,144.00,1,-1,-1,-1
32,9,428.00,176.00,19.00,29.00,1,-1,-1,-1
32,10,1100.00,157.00,94.00,144.00,1,-1,-1,-1
33,9,428.00,176.00,19.00,29.00,1,-1,-1,-1
33,10,1100.00,157.00,94.00,144.00,1,-1,-1,-1
34,9,428.00,176.00,19.00,29.00,1,-1,-1,-1
34,10,1100.00,157.00,94.00,144.00,1,-1,-1,-1
35,9,428.00,176.00,19.00,29.00,1,-1,-1,-1
35,10,1100.00,157.00,94.00,144.00,1,-1,-1,-1
36,3,480.27,173.01,19.49,30.94,1,-1,-1,-1
36,9,428.00,176.00,19.00,29.00,1,-1,-1,-1
36,10,1100.00,157.00,94.00,144.00,1,-1,-1,-1
36,11,372.00,176.00,29.00,50.00,1,-1,-1,-1
36,12,377.00,175.00,21.00,33.00,1,-1,-1,-1
36,13,298.00,172.00,24.00,37.00,1,-1,-1,-1
37,3,480.46,172.98,19.03,31.08,1,-1,-1,-1
37,11,372.00,176.00,29.00,50.00,1,-1,-1,-1
37,12,377.00,175.00,21.00,33.00,1,-1,-1,-1
37,13,298.00,172.00,24.00,37.00,1,-1,-1,-1
38,3,480.64,172.98,18.64,31.12,1,-1,-1,-1
38,11,372.00,176.00,29.00,50.00,1,-1,-1,-1
38,12,377.00,175.00,21.00,33.00,1,-1,-1,-1
38,13,298.00,172.00,24.00,37.00,1,-1,-1,-1
39,3,480.81,172.97,18.31,31.13,1,-1,-1,-1
39,11,372.00,176.00,29.00,50.00,1,-1,-1,-1
39,12,377.00,175.00,21.00,33.00,1,-1,-1,-1
39,13,298.00,172.00,24.00,37.00,1,-1,-1,-1
40,3,480.95,172.97,18.03,31.13,1,-1,-1,-1
40,11,372.00,176.00,29.00,50.00,1,-1,-1,-1
40,12,377.00,175.00,21.00,33.00,1,-1,-1,-1
40,13,298.00,172.00,24.00,37.00,1,-1,-1,-1
41,3,481.07,172.98,17.79,31.12,1,-1,-1,-1
41,11,372.00,176.00,29.00,50.00,1,-1,-1,-1
41,12,377.00,175.00,21.00,33.00,1,-1,-1,-1
41,13,298.00,172.00,24.00,37.00,1,-1,-1,-1
42,3,481.17,172.98,17.59,31.11,1,-1,-1,-1
42,11,372.00,176.00,29.00,50.00,1,-1,-1,-1
42,12,377.00,175.00,21.00,33.00,1,-1,-1,-1
42,13,298.00,172.00,24.00,37.00,1,-1,-1,-1
43,3,481.07,172.94,17.69,31.29,1,-1,-1,-1
43,9,429.13,171.18,24.45,37.67,1,-1,-1,-1
43,11,372.00,176.00,29.00,50.00,1,-1,-1,-1
43,12,377.00,175.00,21.00,33.00,1,-1,-1,-1
43,13,298.00,172.00,24.00,37.00,1,-1,-1,-1
43,14,207.00,170.00,28.00,47.00,1,-1,-1,-1
43,15,179.00,168.00,27.00,53.00,1,-1,-1,-1
43,16,289.00,176.00,44.00,76.00,1,-1,-1,-1
44,9,429.28,170.92,24.56,38.14,1,-1,-1,-1
44,14,207.00,170.00,28.00,47.00,1,-1,-1,-1
44,15,179.00,168.00,27.00,53.00,1,-1,-1,-1
44,16,289.00,176.00,44.00,76.00,1,-1,-1,-1
45,9,429.39,170.83,24.50,38.31,1,-1,-1,-1
45,14,207.00,170.00,28.00,47.00,1,-1,-1,-1
45,15,179.00,168.00,27.00,53.00,1,-1,-1,-1
45,16,289.00,176.00,44.00,76.00,1,-1,-1,-1
46,9,429.46,170.80,24.39,38.35,1,-1,-1,-1
46,14,207.00,170.00,28.00,47.00,1,-1,-1,-1
46,15,179.00,168.00,27.00,53.00,1,-1,-1,-1
46,16,289.00,176.00,44.00,76.00,1,-1,-1,-1
47,9,429.52,170.81,24.26,38.35,1,-1,-1,-1
47,14,207.00,170.00,28.00,47.00,1,-1,-1,-1
47,15,179.00,168.00,27.00,53.00,1,-1,-1,-1
47,16,289.00,176.00,44.00,76.00,1,-1,-1,-1
48,9,429.58,170.82,24.14,38.33,1,-1,-1,-1
48,14,207.00,170.00,28.00,47.00,1,-1,-1,-1
48,15,179.00,168.00,27.00,53.00,1,-1,-1,-1
48,16,289.00,176.00,44.00,76.00,1,-1,-1,-1
49,9,429.62,170.83,24.03,38.31,1,-1,-1,-1
49,14,207.00,170.00,28.00,47.00,1,-1,-1,-1
49,15,179.00,168.00,27.00,53.00,1,-1,-1,-1
49,16,289.00,176.00,44.00,76.00,1,-1,-1,-1
50,9,428.24,171.49,22.26,35.70,1,-1,-1,-1
50,14,207.00,170.00,28.00,47.00,1,-1,-1,-1
50,15,179.00,168.00,27.00,53.00,1,-1,-1,-1
50,16,289.00,176.00,44.00,76.00,1,-1,-1,-1
51,9,427.73,171.76,21.48,34.66,1,-1,-1,-1
52,9,427.57,171.87,21.13,34.27,1,-1,-1,-1
53,9,427.55,171.91,20.95,34.12,1,-1,-1,-1
54,9,427.56,171.93,20.82,34.06,1,-1,-1,-1
55,9,427.60,171.94,20.73,34.04,1,-1,-1,-1
56,9,427.63,171.95,20.66,34.03,1,-1,-1,-1
57,9,431.44,175.88,18.94,31.40,1,-1,-1,-1
57,14,224.99,189.26,21.87,35.44,1,-1,-1,-1
57,15,161.02,189.19,20.58,38.55,1,-1,-1,-1
57,16,288.79,188.52,28.05,48.07,1,-1,-1,-1
57,17,753.00,169.00,24.00,43.00,1,-1,-1,-1
58,8,752.89,169.00,24.18,42.99,1,-1,-1,-1
58,9,432.94,177.41,18.22,30.38,1,-1,-1,-1
58,14,225.57,190.19,22.15,34.88,1,-1,-1,-1
58,15,159.80,190.20,20.99,37.86,1,-1,-1,-1
58,16,288.69,189.10,27.48,46.78,1,-1,-1,-1
59,8,752.98,169.01,24.17,43.04,1,-1,-1,-1
59,9,433.50,177.95,17.91,30.03,1,-1,-1,-1
59,14,225.63,190.53,22.56,34.68,1,-1,-1,-1
59,15,159.18,190.57,21.51,37.61,1,-1,-1,-1
59,16,288.62,189.31,27.36,46.31,1,-1,-1,-1
60,8,753.01,169.02,24.15,43.06,1,-1,-1,-1
60,9,433.71,178.13,17.75,29.91,1,-1,-1,-1
60,14,225.47,190.60,22.99,34.64,1,-1,-1,-1
60,15,158.83,190.64,22.05,37.56,1,-1,-1,-1
60,16,288.55,189.35,27.44,46.23,1,-1,-1,-1
61,8,753.03,169.02,24.14,43.06,1,-1,-1,-1
61,9,433.80,178.18,17.66,29.87,1,-1,-1,-1
61,14,225.25,190.57,23.39,34.66,1,-1,-1,-1
61,15,158.61,190.61,22.56,37.58,1,-1,-1,-1
61,16,288.49,189.32,27.59,46.28,1,-1,-1,-1
62,8,753.03,169.02,24.12,43.06,1,-1,-1,-1
62,9,433.84,178.19,17.59,29.87,1,-1,-1,-1
62,14,225.02,190.52,23.76,34.69,1,-1,-1,-1
62,15,158.44,190.55,23.01,37.62,1,-1,-1,-1
62,16,288.44,189.29,27.74,46.36,1,-1,-1,-1
63,8,753.03,169.01,24.11,43.06,1,-1,-1,-1
63,9,433.87,178.18,17.53,29.88,1,-1,-1,-1
63,14,224.81,190.46,24.09,34.72,1,-1,-1,-1
63,15,158.30,190.49,23.42,37.66,1,-1,-1,-1
63,16,288.40,189.25,27.87,46.44,1,-1,-1,-1
64,8,756.52,178.82,22.35,39.13,1,-1,-1,-1
64,9,430.44,177.50,17.11,28.57,1,-1,-1,-1
64,11,346.52,180.97,26.29,43.04,1,-1,-1,-1
64,12,417.68,177.98,29.11,44.93,1,-1,-1,-1
64,14,225.57,191.23,23.77,34.26,1,-1,-1,-1
64,15,157.65,191.31,23.07,37.10,1,-1,-1,-1
64,16,288.41,189.68,27.30,45.49,1,-1,-1,-1
64,18,72.00,189.00,35.00,43.00,1,-1,-1,-1
64,19,137.00,172.00,68.00,113.00,1,-1,-1,-1
65,8,757.79,182.64,21.82,37.59,1,-1,-1,-1
65,9,429.04,177.23,17.13,28.08,1,-1,-1,-1
65,11,345.68,181.05,27.10,42.93,1,-1,-1,-1
65,12,418.34,178.04,29.61,45.17,1,-1,-1,-1
65,18,72.00,189.00,35.00,43.00,1,-1,-1,-1
65,19,137.00,172.00,68.00,113.00,1,-1,-1,-1
66,8,758.14,183.96,21.80,37.06,1,-1,-1,-1
66,9,428.45,177.13,17.30,27.92,1,-1,-1,-1
66,11,345.20,181.08,27.70,42.88,1,-1,-1,-1
66,12,418.47,178.06,29.90,45.25,1,-1,-1,-1
66,18,72.00,189.00,35.00,43.00,1,-1,-1,-1
66,19,137.00,172.00,68.00,113.00,1,-1,-1,-1
67,8,758.18,184.40,21.95,36.88,1,-1,-1,-1
67,9,428.17,177.09,17.52,27.87,1,-1,-1,-1
67,11,344.93,181.09,28.17,42.87,1,-1,-1,-1
67,12,418.43,178.07,30.10,45.26,1,-1,-1,-1
67,18,72.00,189.00,35.00,43.00,1,-1,-1,-1
67,19,137.00,172.00,68.00,113.00,1,-1,-1,-1
68,8,758.12,184.52,22.13,36.82,1,-1,-1,-1
68,9,428.00,177.07,17.74,27.86,1,-1,-1,-1
68,11,344.77,181.08,28.55,42.88,1,-1,-1,-1
68,12,418.33,178.06,30.24,45.25,1,-1,-1,-1
68,18,72.00,189.00,35.00,43.00,1,-1,-1,-1
68,19,137.00,172.00,68.00,113.00,1,-1,-1,-1
69,8,758.02,184.53,22.31,36.82,1,-1,-1,-1
69,9,427.89,177.06,17.95,27.86,1,-1,-1,-1
69,11,344.66,181.08,28.86,42.89,1,-1,-1,-1
69,12,418.22,178.06,30.35,45.24,1,-1,-1,-1
69,18,72.00,189.00,35.00,43.00,1,-1,-1,-1
69,19,137.00,172.00,68.00,113.00,1,-1,-1,-1
70,8,757.93,184.49,22.48,36.83,1,-1,-1,-1
70,9,427.80,177.05,18.14,27.87,1,-1,-1,-1
70,11,344.57,181.07,29.11,42.90,1,-1,-1,-1
70,12,418.11,178.06,30.44,45.22,1,-1,-1,-1
70,18,72.00,189.00,35.00,43.00,1,-1,-1,-1
70,19,137.00,172.00,68.00,113.00,1,-1,-1,-1
71,8,758.29,185.33,22.30,36.54,1,-1,-1,-1
71,9,427.64,177.12,18.01,27.66,1,-1,-1,-1
71,11,344.02,181.18,29.01,42.75,1,-1,-1,-1
71,12,419.31,178.14,30.67,45.57,1,-1,-1,-1
71,18,72.00,189.00,35.00,43.00,1,-1,-1,-1
71,19,137.00,172.00,68.00,113.00,1,-1,-1,-1
71,20,361.00,180.00,31.00,56.00,1,-1,-1,-1
71,21,284.00,179.00,28.00,60.00,1,-1,-1,-1
71,22,504.00,178.00,15.00,22.00,1,-1,-1,-1
71,23,746.00,176.00,22.00,29.00,1,-1,-1,-1
71,24,560.00,175.00,18.00,27.00,1,-1,-1,-1
72,16,280.86,179.37,34.38,59.42,1,-1,-1,-1
72,20,361.00,180.00,31.00,56.00,1,-1,-1,-1
72,22,504.00,178.00,15.00,22.00,1,-1,-1,-1
72,23,746.00,176.00,22.00,29.00,1,-1,-1,-1
72,24,560.00,175.00,18.00,27.00,1,-1,-1,-1
73,16,280.97,178.91,33.76,60.04,1,-1,-1,-1
73,20,361.00,180.00,31.00,56.00,1,-1,-1,-1
73,22,504.00,178.00,15.00,22.00,1,-1,-1,-1
73,23,746.00,176.00,22.00,29.00,1,-1,-1,-1
73,24,560.00,175.00,18.00,27.00,1,-1,-1,-1
74,16,281.25,178.74,33.10,60.26,1,-1,-1,-1
74,20,361.00,180.00,31.00,56.00,1,-1,-1,-1
74,22,504.00,178.00,15.00,22.00,1,-1,-1,-1
74,23,746.00,176.00,22.00,29.00,1,-1,-1,-1
74,24,560.00,175.00,18.00,27.00,1,-1,-1,-1
75,16,281.53,178.70,32.51,60.33,1,-1,-1,-1
75,20,361.00,180.00,31.00,56.00,1,-1,-1,-1
75,22,504.00,178.00,15.00,22.00,1,-1,-1,-1
75,23,746.00,176.00,22.00,29.00,1,-1,-1,-1
75,24,560.00,175.00,18.00,27.00,1,-1,-1,-1
76,16,281.80,178.70,31.99,60.34,1,-1,-1,-1
76,20,361.00,180.00,31.00,56.00,1,-1,-1,-1
76,22,504.00,178.00,15.00,22.00,1,-1,-1,-1
76,23,746.00,176.00,22.00,29.00,1,-1,-1,-1
76,24,560.00,175.00,18.00,27.00,1,-1,-1,-1
77,16,282.04,178.71,31.54,60.32,1,-1,-1,-1
77,20,361.00,180.00,31.00,56.00,1,-1,-1,-1
77,22,504.00,178.00,15.00,22.00,1,-1,-1,-1
77,23,746.00,176.00,22.00,29.00,1,-1,-1,-1
77,24,560.00,175.00,18.00,27.00,1,-1,-1,-1
78,11,350.78,183.91,25.55,36.26,1,-1,-1,-1
78,16,286.47,180.02,36.21,70.59,1,-1,-1,-1
78,20,361.00,180.00,31.00,56.00,1,-1,-1,-1
78,22,504.00,178.00,15.00,22.00,1,-1,-1,-1
78,23,744.02,169.16,30.06,39.94,1,-1,-1,-1
78,24,560.00,175.00,18.00,27.00,1,-1,-1,-1
78,25,1075.00,160.00,120.00,171.00,1,-1,-1,-1
78,26,150.00,181.00,31.00,63.00,1,-1,-1,-1
79,11,350.89,184.04,26.01,35.92,1,-1,-1,-1
79,16,288.29,180.48,37.51,74.37,1,-1,-1,-1
79,23,743.45,166.85,32.59,43.64,1,-1,-1,-1
79,25,1075.00,160.00,120.00,171.00,1,-1,-1,-1
79,26,150.00,181.00,31.00,63.00,1,-1,-1,-1
80,11,350.76,184.09,26.46,35.80,1,-1,-1,-1
80,16,289.22,180.69,37.73,75.91,1,-1,-1,-1
80,19,146.78,180.77,37.72,64.29,1,-1,-1,-1
80,23,743.29,165.86,33.51,45.22,1,-1,-1,-1
80,25,1075.00,160.00,120.00,171.00,1,-1,-1,-1
81,11,350.59,184.10,26.88,35.77,1,-1,-1,-1
81,16,289.73,180.79,37.52,76.48,1,-1,-1,-1
81,19,147.46,181.06,36.00,62.65,1,-1,-1,-1
81,23,743.31,165.50,33.67,45.80,1,-1,-1,-1
81,25,1075.00,160.00,120.00,171.00,1,-1,-1,-1
82,11,350.42,184.10,27.24,35.78,1,-1,-1,-1
82,16,290.05,180.84,37.17,76.67,1,-1,-1,-1
82,19,147.89,181.18,35.00,61.98,1,-1,-1,-1
82,23,743.41,165.40,33.54,45.97,1,-1,-1,-1
82,25,1075.00,160.00,120.00,171.00,1,-1,-1,-1
83,11,350.26,184.09,27.55,35.80,1,-1,-1,-1
83,16,290.29,180.86,36.79,76.71,1,-1,-1,-1
83,19,148.17,181.20,34.42,61.88,1,-1,-1,-1
83,23,743.53,165.39,33.31,45.97,1,-1,-1,-1
83,25,1075.00,160.00,120.00,171.00,1,-1,-1,-1
84,11,350.12,184.08,27.83,35.82,1,-1,-1,-1
84,16,290.48,180.88,36.43,76.69,1,-1,-1,-1
84,19,148.38,181.18,34.02,61.97,1,-1,-1,-1
84,23,743.65,165.42,33.05,45.92,1,-1,-1,-1
84,25,1075.00,160.00,120.00,171.00,1,-1,-1,-1
85,11,350.30,184.22,27.59,35.52,1,-1,-1,-1
85,12,418.95,174.13,22.23,33.42,1,-1,-1,-1
85,16,296.63,182.17,27.96,55.48,1,-1,-1,-1
85,19,151.75,178.40,34.88,63.48,1,-1,-1,-1
85,23,740.37,167.38,33.19,46.50,1,-1,-1,-1
85,25,1075.00,160.00,120.00,171.00,1,-1,-1,-1
85,27,410.00,176.00,32.00,59.00,1,-1,-1,-1
85,28,85.00,149.00,1014.00,94.00,1,-1,-1,-1
86,12,418.76,173.99,21.77,32.98,1,-1,-1,-1
86,16,299.12,182.75,24.51,46.26,1,-1,-1,-1
86,19,152.93,177.41,35.24,64.07,1,-1,-1,-1
86,23,739.18,168.16,33.07,46.68,1,-1,-1,-1
86,27,410.00,176.00,32.00,59.00,1,-1,-1,-1
86,28,85.00,149.00,1014.00,94.00,1,-1,-1,-1
87,12,418.80,173.94,21.55,32.83,1,-1,-1,-1
87,16,299.56,182.93,24.07,43.51,1,-1,-1,-1
87,19,153.33,177.04,35.41,64.34,1,-1,-1,-1
87,23,738.80,168.49,32.85,46.71,1,-1,-1,-1
87,27,410.00,176.00,32.00,59.00,1,-1,-1,-1
87,28,85.00,149.00,1014.00,94.00,1,-1,-1,-1
88,12,418.83,173.93,21.43,32.80,1,-1,-1,-1
88,16,299.41,182.98,24.50,42.68,1,-1,-1,-1
88,19,153.44,176.92,35.51,64.48,1,-1,-1,-1
88,23,738.73,168.64,32.62,46.68,1,-1,-1,-1
88,27,410.00,176.00,32.00,59.00,1,-1,-1,-1
88,28,85.00,149.00,1014.00,94.00,1,-1,-1,-1
89,12,418.85,173.93,21.36,32.81,1,-1,-1,-1
89,16,299.08,183.00,25.16,42.45,1,-1,-1,-1
89,19,153.44,176.88,35.58,64.57,1,-1,-1,-1
89,23,738.77,168.71,32.38,46.63,1,-1,-1,-1
89,27,410.00,176.00,32.00,59.00,1,-1,-1,-1
89,28,85.00,149.00,1014.00,94.00,1,-1,-1,-1
90,12,418.87,173.94,21.31,32.83,1,-1,-1,-1
90,16,298.72,183.01,25.86,42.43,1,-1,-1,-1
90,19,153.42,176.88,35.63,64.62,1,-1,-1,-1
90,23,738.86,168.76,32.17,46.58,1,-1,-1,-1
90,27,410.00,176.00,32.00,59.00,1,-1,-1,-1
90,28,85.00,149.00,1014.00,94.00,1,-1,-1,-1
91,12,418.88,173.95,21.27,32.85,1,-1,-1,-1
91,16,298.37,183.01,26.53,42.46,1,-1,-1,-1
91,19,153.38,176.89,35.67,64.67,1,-1,-1,-1
91,23,738.95,168.78,31.96,46.53,1,-1,-1,-1
91,27,410.00,176.00,32.00,59.00,1,-1,-1,-1
91,28,85.00,149.00,1014.00,94.00,1,-1,-1,-1
92,12,419.00,173.86,21.11,32.59,1,-1,-1,-1
92,16,298.90,183.02,25.94,41.52,1,-1,-1,-1
92,19,153.88,176.70,35.37,64.13,1,-1,-1,-1
92,23,738.56,168.45,32.53,47.35,1,-1,-1,-1
92,27,410.00,176.00,32.00,59.00,1,-1,-1,-1
92,28,85.00,149.00,1014.00,94.00,1,-1,-1,-1
113,29,686.00,170.00,27.00,36.00,1,-1,-1,-1
114,29,686.00,170.00,27.00,36.00,1,-1,-1,-1
115,29,686.00,170.00,27.00,36.00,1,-1,-1,-1
116,29,686.00,170.00,27.00,36.00,1,-1,-1,-1
117,29,686.00,170.00,27.00,36.00,1,-1,-1,-1
118,29,686.00,170.00,27.00,36.00,1,-1,-1,-1
119,29,686.00,170.00,27.00,36.00,1,-1,-1,-1
120,29,686.00,170.00,27.00,36.00,1,-1,-1,-1
127,30,275.00,186.00,64.00,120.00,1,-1,-1,-1
128,30,275.00,186.00,64.00,120.00,1,-1,-1,-1
129,30,275.00,186.00,64.00,120.00,1,-1,-1,-1
130,30,275.00,186.00,64.00,120.00,1,-1,-1,-1
131,30,275.00,186.00,64.00,120.00,1,-1,-1,-1
132,30,275.00,186.00,64.00,120.00,1,-1,-1,-1
133,30,275.00,186.00,64.00,120.00,1,-1,-1,-1
134,30,275.00,186.00,64.00,120.00,1,-1,-1,-1
218,31,626.00,173.00,15.00,28.00,1,-1,-1,-1
218,32,758.00,168.00,18.00,41.00,1,-1,-1,-1
219,31,626.00,173.00,15.00,28.00,1,-1,-1,-1
219,32,758.00,168.00,18.00,41.00,1,-1,-1,-1
220,31,626.00,173.00,15.00,28.00,1,-1,-1,-1
220,32,758.00,168.00,18.00,41.00,1,-1,-1,-1
221,31,626.00,173.00,15.00,28.00,1,-1,-1,-1
221,32,758.00,168.00,18.00,41.00,1,-1,-1,-1
222,31,626.00,173.00,15.00,28.00,1,-1,-1,-1
222,32,758.00,168.00,18.00,41.00,1,-1,-1,-1
223,31,626.00,173.00,15.00,28.00,1,-1,-1,-1
223,32,758.00,168.00,18.00,41.00,1,-1,-1,-1
224,31,626.00,173.00,15.00,28.00,1,-1,-1,-1
224,32,758.00,168.00,18.00,41.00,1,-1,-1,-1
225,31,622.00,170.26,16.85,31.42,1,-1,-1,-1
225,32,760.99,171.42,14.76,33.48,1,-1,-1,-1
225,33,878.00,177.00,14.00,30.00,1,-1,-1,-1
225,34,881.00,183.00,19.00,42.00,1,-1,-1,-1
226,31,620.57,169.30,17.52,32.63,1,-1,-1,-1
226,32,762.12,172.73,13.54,30.59,1,-1,-1,-1
226,33,878.00,177.00,14.00,30.00,1,-1,-1,-1
226,34,881.00,183.00,19.00,42.00,1,-1,-1,-1
227,31,620.02,168.93,17.79,33.09,1,-1,-1,-1
227,32,762.43,173.11,13.22,29.76,1,-1,-1,-1
227,33,878.00,177.00,14.00,30.00,1,-1,-1,-1
227,34,881.00,183.00,19.00,42.00,1,-1,-1,-1
228,31,619.83,168.80,17.89,33.25,1,-1,-1,-1
228,32,762.50,173.21,13.17,29.53,1,-1,-1,-1
228,33,878.00,177.00,14.00,30.00,1,-1,-1,-1
228,34,881.00,183.00,19.00,42.00,1,-1,-1,-1
229,31,619.78,168.77,17.93,33.28,1,-1,-1,-1
229,32,762.49,173.23,13.21,29.50,1,-1,-1,-1
229,33,878.00,177.00,14.00,30.00,1,-1,-1,-1
229,34,881.00,183.00,19.00,42.00,1,-1,-1,-1
230,31,619.78,168.78,17.95,33.28,1,-1,-1,-1
230,32,762.45,173.21,13.27,29.53,1,-1,-1,-1
230,33,878.00,177.00,14.00,30.00,1,-1,-1,-1
230,34,881.00,183.00,19.00,42.00,1,-1,-1,-1
231,31,619.79,168.79,17.95,33.26,1,-1,-1,-1
231,32,762.41,173.19,13.33,29.58,1,-1,-1,-1
231,33,878.00,177.00,14.00,30.00,1,-1,-1,-1
231,34,881.00,183.00,19.00,42.00,1,-1,-1,-1
232,31,624.91,172.72,13.61,24.78,1,-1,-1,-1
232,32,762.19,171.82,15.78,35.02,1,-1,-1,-1
232,33,878.00,177.00,14.00,30.00,1,-1,-1,-1
232,34,881.00,183.00,19.00,42.00,1,-1,-1,-1
233,31,627.09,174.40,11.82,21.17,1,-1,-1,-1
233,32,762.12,171.35,16.61,36.91,1,-1,-1,-1
234,31,627.70,174.91,11.39,20.10,1,-1,-1,-1
234,32,762.09,171.15,16.96,37.69,1,-1,-1,-1
235,31,627.83,175.06,11.36,19.79,1,-1,-1,-1
235,32,762.07,171.07,17.08,37.99,1,-1,-1,-1
236,31,627.82,175.10,11.45,19.71,1,-1,-1,-1
236,32,762.06,171.03,17.12,38.09,1,-1,-1,-1
237,31,627.77,175.11,11.57,19.71,1,-1,-1,-1
237,32,762.05,171.02,17.13,38.13,1,-1,-1,-1
238,31,627.70,175.10,11.70,19.73,1,-1,-1,-1
238,32,762.05,171.01,17.13,38.13,1,-1,-1,-1
239,31,627.93,175.27,11.42,19.26,1,-1,-1,-1
239,32,762.17,171.03,17.23,38.36,1,-1,-1,-1
239,35,748.00,170.00,21.00,41.00,1,-1,-1,-1
239,36,550.00,178.00,25.00,49.00,1,-1,-1,-1
240,35,748.00,170.00,21.00,41.00,1,-1,-1,-1
240,36,550.00,178.00,25.00,49.00,1,-1,-1,-1
241,32,751.42,170.18,18.52,40.62,1,-1,-1,-1
241,36,550.00,178.00,25.00,49.00,1,-1,-1,-1
242,32,749.56,170.04,18.94,41.00,1,-1,-1,-1
242,36,550.00,178.00,25.00,49.00,1,-1,-1,-1
243,32,748.82,170.00,19.22,41.13,1,-1,-1,-1
243,36,550.00,178.00,25.00,49.00,1,-1,-1,-1
244,32,748.51,169.98,19.43,41.17,1,-1,-1,-1
244,36,550.00,178.00,25.00,49.00,1,-1,-1,-1
245,32,748.37,169.97,19.60,41.17,1,-1,-1,-1
245,36,550.00,178.00,25.00,49.00,1,-1,-1,-1
246,32,747.68,169.92,19.74,41.47,1,-1,-1,-1
246,36,550.00,178.00,25.00,49.00,1,-1,-1,-1
246,37,563.00,175.00,17.00,20.00,1,-1,-1,-1
246,38,482.00,176.00,30.00,61.00,1,-1,-1,-1
247,37,563.00,175.00,17.00,20.00,1,-1,-1,-1
247,38,482.00,176.00,30.00,61.00,1,-1,-1,-1
248,37,563.00,175.00,17.00,20.00,1,-1,-1,-1
248,38,482.00,176.00,30.00,61.00,1,-1,-1,-1
249,37,563.00,175.00,17.00,20.00,1,-1,-1,-1
249,38,482.00,176.00,30.00,61.00,1,-1,-1,-1
250,37,563.00,175.00,17.00,20.00,1,-1,-1,-1
250,38,482.00,176.00,30.00,61.00,1,-1,-1,-1
251,37,563.00,175.00,17.00,20.00,1,-1,-1,-1
251,38,482.00,176.00,30.00,61.00,1,-1,-1,-1
252,37,563.00,175.00,17.00,20.00,1,-1,-1,-1
252,38,482.00,176.00,30.00,61.00,1,-1,-1,-1
253,37,563.00,175.00,17.00,20.00,1,-1,-1,-1
253,38,482.00,176.00,30.00,61.00,1,-1,-1,-1
260,39,415.00,182.00,35.00,71.00,1,-1,-1,-1
261,39,415.00,182.00,35.00,71.00,1,-1,-1,-1
262,39,415.00,182.00,35.00,71.00,1,-1,-1,-1
263,39,415.00,182.00,35.00,71.00,1,-1,-1,-1
264,39,415.00,182.00,35.00,71.00,1,-1,-1,-1
265,39,415.00,182.00,35.00,71.00,1,-1,-1,-1
266,39,415.00,182.00,35.00,71.00,1,-1,-1,-1
267,38,418.42,183.90,25.82,51.13,1,-1,-1,-1
267,39,415.00,182.00,35.00,71.00,1,-1,-1,-1
267,40,926.00,169.00,65.00,129.00,1,-1,-1,-1
267,41,321.00,183.00,66.00,133.00,1,-1,-1,-1
268,38,416.64,184.09,26.20,50.89,1,-1,-1,-1
268,40,926.00,169.00,65.00,129.00,1,-1,-1,-1
268,41,321.00,183.00,66.00,133.00,1,-1,-1,-1
269,38,415.84,184.17,26.54,50.79,1,-1,-1,-1
269,40,926.00,169.00,65.00,129.00,1,-1,-1,-1
269,41,321.00,183.00,66.00,133.00,1,-1,-1,-1
270,38,415.56,184.18,26.83,50.77,1,-1,-1,-1
270,40,926.00,169.00,65.00,129.00,1,-1,-1,-1
270,41,321.00,183.00,66.00,133.00,1,-1,-1,-1
271,38,415.50,184.17,27.09,50.78,1,-1,-1,-1
271,40,926.00,169.00,65.00,129.00,1,-1,-1,-1
271,41,321.00,183.00,66.00,133.00,1,-1,-1,-1
272,38,415.52,184.16,27.31,50.80,1,-1,-1,-1
272,40,926.00,169.00,65.00,129.00,1,-1,-1,-1
272,41,321.00,183.00,66.00,133.00,1,-1,-1,-1
273,38,415.56,184.14,27.50,50.82,1,-1,-1,-1
273,40,926.00,169.00,65.00,129.00,1,-1,-1,-1
273,41,321.00,183.00,66.00,133.00,1,-1,-1,-1
274,38,418.83,182.15,27.83,52.16,1,-1,-1,-1
274,40,926.00,169.00,65.00,129.00,1,-1,-1,-1
274,41,321.00,183.00,66.00,133.00,1,-1,-1,-1
275,38,420.19,181.40,27.75,52.67,1,-1,-1,-1
276,38,420.84,181.11,27.55,52.86,1,-1,-1,-1
277,38,421.20,181.01,27.32,52.94,1,-1,-1,-1
278,38,421.44,180.97,27.10,52.97,1,-1,-1,-1
279,38,421.62,180.96,26.89,52.98,1,-1,-1,-1
280,38,421.76,180.96,26.70,52.99,1,-1,-1,-1
281,38,421.15,180.88,26.70,52.97,1,-1,-1,-1
281,42,627.00,176.00,12.00,24.00,1,-1,-1,-1
281,43,579.00,181.00,11.00,18.00,1,-1,-1,-1
282,42,627.00,176.00,12.00,24.00,1,-1,-1,-1
282,43,579.00,181.00,11.00,18.00,1,-1,-1,-1
283,42,627.00,176.00,12.00,24.00,1,-1,-1,-1
283,43,579.00,181.00,11.00,18.00,1,-1,-1,-1
284,42,627.00,176.00,12.00,24.00,1,-1,-1,-1
284,43,579.00,181.00,11.00,18.00,1,-1,-1,-1
285,42,627.00,176.00,12.00,24.00,1,-1,-1,-1
285,43,579.00,181.00,11.00,18.00,1,-1,-1,-1
286,42,627.00,176.00,12.00,24.00,1,-1,-1,-1
286,43,579.00,181.00,11.00,18.00,1,-1,-1,-1
287,42,627.00,176.00,12.00,24.00,1,-1,-1,-1
287,43,579.00,181.00,11.00,18.00,1,-1,-1,-1
288,42,629.52,176.68,12.44,24.68,1,-1,-1,-1
288,43,579.00,181.00,11.00,18.00,1,-1,-1,-1
289,42,630.40,176.93,12.66,24.93,1,-1,-1,-1
290,42,630.68,177.02,12.80,25.02,1,-1,-1,-1
291,42,630.74,177.05,12.91,25.05,1,-1,-1,-1
292,42,630.72,177.05,13.00,25.05,1,-1,-1,-1
293,42,630.67,177.05,13.08,25.05,1,-1,-1,-1
294,42,630.61,177.05,13.16,25.05,1,-1,-1,-1
295,42,635.28,179.67,10.36,18.48,1,-1,-1,-1
295,44,762.00,171.00,19.00,40.00,1,-1,-1,-1
296,40,762.45,170.99,20.14,40.48,1,-1,-1,-1
296,42,637.09,180.74,9.35,15.75,1,-1,-1,-1
297,40,761.29,171.00,19.63,39.81,1,-1,-1,-1
297,42,637.45,181.05,9.34,14.97,1,-1,-1,-1
298,40,760.32,171.02,19.24,39.26,1,-1,-1,-1
298,42,637.41,181.13,9.61,14.75,1,-1,-1,-1
299,40,760.48,171.02,19.18,39.32,1,-1,-1,-1
299,42,637.25,181.14,9.96,14.70,1,-1,-1,-1
300,40,760.77,171.01,19.18,39.46,1,-1,-1,-1
300,42,637.06,181.14,10.31,14.71,1,-1,-1,-1
301,40,761.00,171.01,19.18,39.57,1,-1,-1,-1
301,42,636.87,181.12,10.65,14.74,1,-1,-1,-1
302,40,759.63,171.03,18.82,38.83,1,-1,-1,-1
302,41,501.82,178.02,31.26,65.23,1,-1,-1,-1
302,42,637.79,181.11,12.14,16.80,1,-1,-1,-1
302,45,545.00,180.00,17.00,24.00,1,-1,-1,-1
303,41,503.52,177.98,30.35,64.71,1,-1,-1,-1
303,42,638.12,181.11,12.66,17.52,1,-1,-1,-1
303,45,545.00,180.00,17.00,24.00,1,-1,-1,-1
304,41,504.73,177.95,29.73,64.34,1,-1,-1,-1
304,42,638.23,181.10,12.87,17.81,1,-1,-1,-1
304,45,545.00,180.00,17.00,24.00,1,-1,-1,-1
305,41,504.91,177.95,29.40,64.33,1,-1,-1,-1
305,42,638.25,181.09,12.95,17.93,1,-1,-1,-1
305,45,545.00,180.00,17.00,24.00,1,-1,-1,-1
306,41,504.79,177.96,29.20,64.42,1,-1,-1,-1
306,42,638.25,181.08,12.99,17.98,1,-1,-1,-1
306,45,545.00,180.00,17.00,24.00,1,-1,-1,-1
307,41,504.64,177.96,29.05,64.52,1,-1,-1,-1
307,42,638.23,181.07,13.00,17.99,1,-1,-1,-1
307,45,545.00,180.00,17.00,24.00,1,-1,-1,-1
308,41,504.52,177.97,28.92,64.59,1,-1,-1,-1
308,42,638.21,181.06,13.00,18.00,1,-1,-1,-1
308,45,545.00,180.00,17.00,24.00,1,-1,-1,-1
309,41,509.86,177.97,23.39,51.06,1,-1,-1,-1
309,42,640.55,179.10,14.81,20.61,1,-1,-1,-1
309,45,545.00,180.00,17.00,24.00,1,-1,-1,-1
309,46,503.00,172.00,26.00,44.00,1,-1,-1,-1
310,41,511.62,177.98,21.42,45.90,1,-1,-1,-1
310,42,641.43,178.39,15.41,21.56,1,-1,-1,-1
310,46,503.00,172.00,26.00,44.00,1,-1,-1,-1
311,41,511.98,177.99,21.07,44.45,1,-1,-1,-1
311,42,641.79,178.10,15.62,21.94,1,-1,-1,-1
311,46,503.00,172.00,26.00,44.00,1,-1,-1,-1
312,41,511.95,177.99,21.17,44.07,1,-1,-1,-1
312,42,641.93,177.99,15.66,22.08,1,-1,-1,-1
312,46,503.00,172.00,26.00,44.00,1,-1,-1,-1
313,41,511.79,177.99,21.40,44.03,1,-1,-1,-1
313,42,641.99,177.95,15.64,22.13,1,-1,-1,-1
313,46,503.00,172.00,26.00,44.00,1,-1,-1,-1
314,41,511.61,177.99,21.65,44.10,1,-1,-1,-1
314,42,642.01,177.94,15.59,22.14,1,-1,-1,-1
314,46,503.00,172.00,26.00,44.00,1,-1,-1,-1
315,41,511.44,177.99,21.89,44.20,1,-1,-1,-1
315,42,642.02,177.93,15.54,22.14,1,-1,-1,-1
315,46,503.00,172.00,26.00,44.00,1,-1,-1,-1
316,41,512.45,177.98,21.20,42.81,1,-1,-1,-1
316,42,642.42,177.82,15.70,22.37,1,-1,-1,-1
316,46,503.00,172.00,26.00,44.00,1,-1,-1,-1
316,47,485.00,178.00,30.00,53.00,1,-1,-1,-1
317,47,485.00,178.00,30.00,53.00,1,-1,-1,-1
318,47,485.00,178.00,30.00,53.00,1,-1,-1,-1
319,47,485.00,178.00,30.00,53.00,1,-1,-1,-1
320,47,485.00,178.00,30.00,53.00,1,-1,-1,-1
321,47,485.00,178.00,30.00,53.00,1,-1,-1,-1
322,47,485.00,178.00,30.00,53.00,1,-1,-1,-1
323,47,485.00,178.00,30.00,53.00,1,-1,-1,-1
