10,7491,320.00,148.00,74.00,204.00,1,-1,-1,-1
11,7491,320.00,148.00,74.00,204.00,1,-1,-1,-1
12,7491,320.00,148.00,74.00,204.00,1,-1,-1,-1
13,7491,320.00,148.00,74.00,204.00,1,-1,-1,-1
14,7491,320.00,148.00,74.00,204.00,1,-1,-1,-1
15,7491,320.00,148.00,74.00,204.00,1,-1,-1,-1
16,7491,320.00,148.00,74.00,204.00,1,-1,-1,-1
17,7491,320.00,148.00,74.00,204.00,1,-1,-1,-1
18,7491,320.00,148.00,74.00,204.00,1,-1,-1,-1
19,7491,320.00,148.00,74.00,204.00,1,-1,-1,-1
28,7492,184.00,168.00,56.00,174.00,1,-1,-1,-1
29,7492,184.00,168.00,56.00,174.00,1,-1,-1,-1
30,7492,184.00,168.00,56.00,174.00,1,-1,-1,-1
31,7492,184.00,168.00,56.00,174.00,1,-1,-1,-1
32,7492,184.00,168.00,56.00,174.00,1,-1,-1,-1
33,7492,184.00,168.00,56.00,174.00,1,-1,-1,-1
34,7492,184.00,168.00,56.00,174.00,1,-1,-1,-1
35,7492,184.00,168.00,56.00,174.00,1,-1,-1,-1
36,7492,184.00,168.00,56.00,174.00,1,-1,-1,-1
37,7492,184.00,168.00,56.00,174.00,1,-1,-1,-1
37,7493,78.00,70.00,128.00,348.00,1,-1,-1,-1
38,7493,78.00,70.00,128.00,348.00,1,-1,-1,-1
39,7493,78.00,70.00,128.00,348.00,1,-1,-1,-1
40,7493,78.00,70.00,128.00,348.00,1,-1,-1,-1
41,7493,78.00,70.00,128.00,348.00,1,-1,-1,-1
42,7493,78.00,70.00,128.00,348.00,1,-1,-1,-1
43,7493,78.00,70.00,128.00,348.00,1,-1,-1,-1
44,7493,78.00,70.00,128.00,348.00,1,-1,-1,-1
45,7493,78.00,70.00,128.00,348.00,1,-1,-1,-1
46,7493,78.00,70.00,128.00,348.00,1,-1,-1,-1
91,7494,382.00,178.00,36.00,150.00,1,-1,-1,-1
92,7494,382.00,178.00,36.00,150.00,1,-1,-1,-1
93,7494,382.00,178.00,36.00,150.00,1,-1,-1,-1
94,7494,382.00,178.00,36.00,150.00,1,-1,-1,-1
95,7494,382.00,178.00,36.00,150.00,1,-1,-1,-1
96,7494,382.00,178.00,36.00,150.00,1,-1,-1,-1
97,7494,382.00,178.00,36.00,150.00,1,-1,-1,-1
98,7494,382.00,178.00,36.00,150.00,1,-1,-1,-1
99,7494,382.00,178.00,36.00,150.00,1,-1,-1,-1
100,7494,382.00,178.00,36.00,150.00,1,-1,-1,-1
100,7495,420.00,166.00,50.00,194.00,1,-1,-1,-1
100,7496,542.00,180.00,64.00,178.00,1,-1,-1,-1
100,7497,448.00,156.00,52.00,206.00,1,-1,-1,-1
101,7495,420.00,166.00,50.00,194.00,1,-1,-1,-1
101,7496,542.00,180.00,64.00,178.00,1,-1,-1,-1
101,7497,448.00,156.00,52.00,206.00,1,-1,-1,-1
102,7495,420.00,166.00,50.00,194.00,1,-1,-1,-1
102,7496,542.00,180.00,64.00,178.00,1,-1,-1,-1
102,7497,448.00,156.00,52.00,206.00,1,-1,-1,-1
103,7495,420.00,166.00,50.00,194.00,1,-1,-1,-1
103,7496,542.00,180.00,64.00,178.00,1,-1,-1,-1
103,7497,448.00,156.00,52.00,206.00,1,-1,-1,-1
104,7495,420.00,166.00,50.00,194.00,1,-1,-1,-1
104,7496,542.00,180.00,64.00,178.00,1,-1,-1,-1
104,7497,448.00,156.00,52.00,206.00,1,-1,-1,-1
105,7495,420.00,166.00,50.00,194.00,1,-1,-1,-1
105,7496,542.00,180.00,64.00,178.00,1,-1,-1,-1
105,7497,448.00,156.00,52.00,206.00,1,-1,-1,-1
106,7495,420.00,166.00,50.00,194.00,1,-1,-1,-1
106,7496,542.00,180.00,64.00,178.00,1,-1,-1,-1
106,7497,448.00,156.00,52.00,206.00,1,-1,-1,-1
107,7495,420.00,166.00,50.00,194.00,1,-1,-1,-1
107,7496,542.00,180.00,64.00,178.00,1,-1,-1,-1
107,7497,448.00,156.00,52.00,206.00,1,-1,-1,-1
108,7495,420.00,166.00,50.00,194.00,1,-1,-1,-1
108,7496,542.00,180.00,64.00,178.00,1,-1,-1,-1
108,7497,448.00,156.00,52.00,206.00,1,-1,-1,-1
109,7495,420.00,166.00,50.00,194.00,1,-1,-1,-1
109,7496,542.00,180.00,64.00,178.00,1,-1,-1,-1
109,7497,448.00,156.00,52.00,206.00,1,-1,-1,-1
127,7495,464.56,160.06,50.05,180.13,1,-1,-1,-1
128,7495,464.27,159.93,52.45,179.84,1,-1,-1,-1
129,7495,463.73,159.89,54.24,179.74,1,-1,-1,-1
130,7495,463.11,159.88,55.62,179.71,1,-1,-1,-1
131,7495,462.52,159.88,56.73,179.73,1,-1,-1,-1
132,7495,461.99,159.89,57.63,179.75,1,-1,-1,-1
133,7495,461.53,159.90,58.39,179.77,1,-1,-1,-1
134,7495,461.14,159.91,59.03,179.80,1,-1,-1,-1
135,7495,460.80,159.92,59.58,179.82,1,-1,-1,-1
136,7495,461.80,159.79,59.48,179.52,1,-1,-1,-1
163,7498,96.00,166.00,52.00,176.00,1,-1,-1,-1
163,7499,126.00,170.00,62.00,168.00,1,-1,-1,-1
164,7498,96.00,166.00,52.00,176.00,1,-1,-1,-1
164,7499,126.00,170.00,62.00,168.00,1,-1,-1,-1
165,7498,96.00,166.00,52.00,176.00,1,-1,-1,-1
165,7499,126.00,170.00,62.00,168.00,1,-1,-1,-1
166,7498,96.00,166.00,52.00,176.00,1,-1,-1,-1
166,7499,126.00,170.00,62.00,168.00,1,-1,-1,-1
167,7498,96.00,166.00,52.00,176.00,1,-1,-1,-1
167,7499,126.00,170.00,62.00,168.00,1,-1,-1,-1
168,7498,96.00,166.00,52.00,176.00,1,-1,-1,-1
168,7499,126.00,170.00,62.00,168.00,1,-1,-1,-1
169,7498,96.00,166.00,52.00,176.00,1,-1,-1,-1
169,7499,126.00,170.00,62.00,168.00,1,-1,-1,-1
170,7498,96.00,166.00,52.00,176.00,1,-1,-1,-1
170,7499,126.00,170.00,62.00,168.00,1,-1,-1,-1
171,7498,96.00,166.00,52.00,176.00,1,-1,-1,-1
171,7499,126.00,170.00,62.00,168.00,1,-1,-1,-1
172,7498,88.67,159.29,63.97,214.94,1,-1,-1,-1
172,7499,126.00,170.00,62.00,168.00,1,-1,-1,-1
173,7498,85.92,156.92,68.52,228.64,1,-1,-1,-1
174,7498,84.66,155.96,70.67,234.23,1,-1,-1,-1
175,7498,84.06,155.61,71.73,236.25,1,-1,-1,-1
176,7498,83.73,155.51,72.33,236.85,1,-1,-1,-1
177,7498,83.53,155.50,72.75,236.91,1,-1,-1,-1
178,7498,83.37,155.52,73.07,236.77,1,-1,-1,-1
179,7498,83.23,155.56,73.35,236.56,1,-1,-1,-1
180,7498,83.12,155.59,73.60,236.35,1,-1,-1,-1
181,7498,82.41,154.96,74.75,240.05,1,-1,-1,-1
199,7498,1.05,145.95,67.04,215.72,1,-1,-1,-1
200,7498,-0.78,145.87,66.50,214.29,1,-1,-1,-1
201,7498,-1.53,145.80,66.32,213.92,1,-1,-1,-1
202,7498,-1.68,145.79,66.23,213.81,1,-1,-1,-1
203,7498,-1.59,145.81,66.18,213.78,1,-1,-1,-1
204,7498,-1.43,145.83,66.15,213.79,1,-1,-1,-1
205,7498,-1.27,145.85,66.13,213.81,1,-1,-1,-1
206,7498,-1.13,145.86,66.12,213.83,1,-1,-1,-1
207,7498,-1.00,145.88,66.10,213.85,1,-1,-1,-1
208,7498,-2.49,145.69,66.03,213.61,1,-1,-1,-1
253,7500,400.00,170.00,56.00,180.00,1,-1,-1,-1
254,7500,400.00,170.00,56.00,180.00,1,-1,-1,-1
255,7500,400.00,170.00,56.00,180.00,1,-1,-1,-1
256,7500,400.00,170.00,56.00,180.00,1,-1,-1,-1
257,7500,400.00,170.00,56.00,180.00,1,-1,-1,-1
258,7500,400.00,170.00,56.00,180.00,1,-1,-1,-1
259,7500,400.00,170.00,56.00,180.00,1,-1,-1,-1
260,7500,400.00,170.00,56.00,180.00,1,-1,-1,-1
261,7500,400.00,170.00,56.00,180.00,1,-1,-1,-1
262,7500,400.00,170.00,56.00,180.00,1,-1,-1,-1
262,7501,168.00,150.00,66.00,216.00,1,-1,-1,-1
263,7501,168.00,150.00,66.00,216.00,1,-1,-1,-1
264,7501,168.00,150.00,66.00,216.00,1,-1,-1,-1
265,7501,168.00,150.00,66.00,216.00,1,-1,-1,-1
266,7501,168.00,150.00,66.00,216.00,1,-1,-1,-1
267,7501,168.00,150.00,66.00,216.00,1,-1,-1,-1
268,7501,168.00,150.00,66.00,216.00,1,-1,-1,-1
269,7501,168.00,150.00,66.00,216.00,1,-1,-1,-1
270,7501,168.00,150.00,66.00,216.00,1,-1,-1,-1
271,7501,168.00,150.00,66.00,216.00,1,-1,-1,-1
271,7502,4.00,56.00,114.00,414.00,1,-1,-1,-1
272,7502,4.00,56.00,114.00,414.00,1,-1,-1,-1
273,7502,4.00,56.00,114.00,414.00,1,-1,-1,-1
274,7502,4.00,56.00,114.00,414.00,1,-1,-1,-1
275,7502,4.00,56.00,114.00,414.00,1,-1,-1,-1
276,7502,4.00,56.00,114.00,414.00,1,-1,-1,-1
277,7502,4.00,56.00,114.00,414.00,1,-1,-1,-1
278,7502,4.00,56.00,114.00,414.00,1,-1,-1,-1
279,7502,4.00,56.00,114.00,414.00,1,-1,-1,-1
280,7502,4.00,56.00,114.00,414.00,1,-1,-1,-1
334,7503,34.00,170.00,62.00,178.00,1,-1,-1,-1
335,7503,34.00,170.00,62.00,178.00,1,-1,-1,-1
336,7503,34.00,170.00,62.00,178.00,1,-1,-1,-1
337,7503,34.00,170.00,62.00,178.00,1,-1,-1,-1
338,7503,34.00,170.00,62.00,178.00,1,-1,-1,-1
339,7503,34.00,170.00,62.00,178.00,1,-1,-1,-1
340,7503,34.00,170.00,62.00,178.00,1,-1,-1,-1
341,7503,34.00,170.00,62.00,178.00,1,-1,-1,-1
342,7503,34.00,170.00,62.00,178.00,1,-1,-1,-1
343,7503,34.00,170.00,62.00,178.00,1,-1,-1,-1
343,7504,124.00,184.00,80.00,152.00,1,-1,-1,-1
344,7504,124.00,184.00,80.00,152.00,1,-1,-1,-1
345,7504,124.00,184.00,80.00,152.00,1,-1,-1,-1
346,7504,124.00,184.00,80.00,152.00,1,-1,-1,-1
347,7504,124.00,184.00,80.00,152.00,1,-1,-1,-1
348,7504,124.00,184.00,80.00,152.00,1,-1,-1,-1
349,7504,124.00,184.00,80.00,152.00,1,-1,-1,-1
350,7504,124.00,184.00,80.00,152.00,1,-1,-1,-1
351,7504,124.00,184.00,80.00,152.00,1,-1,-1,-1
352,7504,124.00,184.00,80.00,152.00,1,-1,-1,-1
397,7505,46.00,170.00,64.00,170.00,1,-1,-1,-1
398,7505,46.00,170.00,64.00,170.00,1,-1,-1,-1
399,7505,46.00,170.00,64.00,170.00,1,-1,-1,-1
400,7505,46.00,170.00,64.00,170.00,1,-1,-1,-1
401,7505,46.00,170.00,64.00,170.00,1,-1,-1,-1
402,7505,46.00,170.00,64.00,170.00,1,-1,-1,-1
403,7505,46.00,170.00,64.00,170.00,1,-1,-1,-1
404,7505,46.00,170.00,64.00,170.00,1,-1,-1,-1
405,7505,46.00,170.00,64.00,170.00,1,-1,-1,-1
406,7505,46.00,170.00,64.00,170.00,1,-1,-1,-1
487,7506,386.00,152.00,72.00,198.00,1,-1,-1,-1
487,7507,328.00,238.00,16.00,54.00,1,-1,-1,-1
488,7506,386.00,152.00,72.00,198.00,1,-1,-1,-1
488,7507,328.00,238.00,16.00,54.00,1,-1,-1,-1
489,7506,386.00,152.00,72.00,198.00,1,-1,-1,-1
489,7507,328.00,238.00,16.00,54.00,1,-1,-1,-1
490,7506,386.00,152.00,72.00,198.00,1,-1,-1,-1
490,7507,328.00,238.00,16.00,54.00,1,-1,-1,-1
491,7506,386.00,152.00,72.00,198.00,1,-1,-1,-1
491,7507,328.00,238.00,16.00,54.00,1,-1,-1,-1
492,7506,386.00,152.00,72.00,198.00,1,-1,-1,-1
492,7507,328.00,238.00,16.00,54.00,1,-1,-1,-1
493,7506,386.00,152.00,72.00,198.00,1,-1,-1,-1
493,7507,328.00,238.00,16.00,54.00,1,-1,-1,-1
494,7506,386.00,152.00,72.00,198.00,1,-1,-1,-1
494,7507,328.00,238.00,16.00,54.00,1,-1,-1,-1
495,7506,386.00,152.00,72.00,198.00,1,-1,-1,-1
495,7507,328.00,238.00,16.00,54.00,1,-1,-1,-1
496,7506,386.00,152.00,72.00,198.00,1,-1,-1,-1
496,7507,328.00,238.00,16.00,54.00,1,-1,-1,-1
514,7508,134.00,182.00,52.00,138.00,1,-1,-1,-1
515,7508,134.00,182.00,52.00,138.00,1,-1,-1,-1
516,7506,136.62,181.77,50.75,138.46,1,-1,-1,-1
517,7506,132.58,182.24,50.67,137.52,1,-1,-1,-1
518,7506,130.66,182.46,50.69,137.09,1,-1,-1,-1
519,7506,130.31,182.49,50.81,137.02,1,-1,-1,-1
520,7506,130.55,182.45,50.95,137.09,1,-1,-1,-1
521,7506,130.93,182.40,51.08,137.19,1,-1,-1,-1
522,7506,131.30,182.36,51.19,137.29,1,-1,-1,-1
523,7506,126.41,182.94,50.75,136.12,1,-1,-1,-1
523,7509,88.00,162.00,50.00,164.00,1,-1,-1,-1
524,7509,88.00,162.00,50.00,164.00,1,-1,-1,-1
525,7509,88.00,162.00,50.00,164.00,1,-1,-1,-1
526,7509,88.00,162.00,50.00,164.00,1,-1,-1,-1
527,7509,88.00,162.00,50.00,164.00,1,-1,-1,-1
528,7509,88.00,162.00,50.00,164.00,1,-1,-1,-1
529,7509,88.00,162.00,50.00,164.00,1,-1,-1,-1
530,7509,88.00,162.00,50.00,164.00,1,-1,-1,-1
531,7509,88.00,162.00,50.00,164.00,1,-1,-1,-1
532,7509,88.00,162.00,50.00,164.00,1,-1,-1,-1
550,7510,110.00,162.00,74.00,180.00,1,-1,-1,-1
550,7511,346.00,182.00,60.00,148.00,1,-1,-1,-1
551,7510,110.00,162.00,74.00,180.00,1,-1,-1,-1
551,7511,346.00,182.00,60.00,148.00,1,-1,-1,-1
552,7510,110.00,162.00,74.00,180.00,1,-1,-1,-1
552,7511,346.00,182.00,60.00,148.00,1,-1,-1,-1
553,7510,110.00,162.00,74.00,180.00,1,-1,-1,-1
553,7511,346.00,182.00,60.00,148.00,1,-1,-1,-1
554,7510,110.00,162.00,74.00,180.00,1,-1,-1,-1
554,7511,346.00,182.00,60.00,148.00,1,-1,-1,-1
555,7510,110.00,162.00,74.00,180.00,1,-1,-1,-1
555,7511,346.00,182.00,60.00,148.00,1,-1,-1,-1
556,7510,110.00,162.00,74.00,180.00,1,-1,-1,-1
556,7511,346.00,182.00,60.00,148.00,1,-1,-1,-1
557,7510,110.00,162.00,74.00,180.00,1,-1,-1,-1
557,7511,346.00,182.00,60.00,148.00,1,-1,-1,-1
558,7510,110.00,162.00,74.00,180.00,1,-1,-1,-1
558,7511,346.00,182.00,60.00,148.00,1,-1,-1,-1
559,7509,-1.38,50.47,119.21,395.03,1,-1,-1,-1
559,7510,110.00,162.00,74.00,180.00,1,-1,-1,-1
559,7511,356.50,179.31,60.49,149.34,1,-1,-1,-1
560,7509,-2.72,48.33,119.80,399.46,1,-1,-1,-1
560,7511,360.40,178.32,60.63,149.84,1,-1,-1,-1
561,7509,-2.92,47.76,119.65,400.64,1,-1,-1,-1
561,7511,361.83,177.96,60.65,150.02,1,-1,-1,-1
562,7509,-2.82,47.66,119.34,400.84,1,-1,-1,-1
562,7511,362.32,177.84,60.62,150.08,1,-1,-1,-1
563,7509,-2.64,47.71,119.03,400.74,1,-1,-1,-1
563,7511,362.46,177.81,60.57,150.09,1,-1,-1,-1
564,7509,-2.45,47.81,118.75,400.54,1,-1,-1,-1
564,7511,362.47,177.82,60.53,150.09,1,-1,-1,-1
565,7509,-2.27,47.93,118.50,400.30,1,-1,-1,-1
565,7511,362.45,177.83,60.48,150.09,1,-1,-1,-1
566,7509,-2.09,48.06,118.27,400.03,1,-1,-1,-1
566,7511,362.41,177.84,60.44,150.08,1,-1,-1,-1
567,7509,-1.92,48.19,118.06,399.75,1,-1,-1,-1
567,7511,362.37,177.86,60.40,150.07,1,-1,-1,-1
568,7509,-4.19,45.34,119.80,405.65,1,-1,-1,-1
568,7511,366.18,181.80,64.44,159.23,1,-1,-1,-1
568,7512,390.00,192.00,72.00,166.00,1,-1,-1,-1
569,7511,367.49,183.27,66.15,162.64,1,-1,-1,-1
569,7512,390.00,192.00,72.00,166.00,1,-1,-1,-1
570,7511,367.87,183.84,66.98,163.94,1,-1,-1,-1
570,7512,390.00,192.00,72.00,166.00,1,-1,-1,-1
571,7511,367.90,184.05,67.45,164.40,1,-1,-1,-1
571,7512,390.00,192.00,72.00,166.00,1,-1,-1,-1
572,7511,367.80,184.13,67.76,164.54,1,-1,-1,-1
572,7512,390.00,192.00,72.00,166.00,1,-1,-1,-1
573,7511,367.66,184.14,68.00,164.56,1,-1,-1,-1
573,7512,390.00,192.00,72.00,166.00,1,-1,-1,-1
574,7511,367.51,184.14,68.20,164.54,1,-1,-1,-1
574,7512,390.00,192.00,72.00,166.00,1,-1,-1,-1
575,7511,367.38,184.13,68.38,164.50,1,-1,-1,-1
575,7512,390.00,192.00,72.00,166.00,1,-1,-1,-1
576,7511,367.25,184.12,68.53,164.46,1,-1,-1,-1
576,7512,390.00,192.00,72.00,166.00,1,-1,-1,-1
577,7511,367.92,184.32,68.84,165.19,1,-1,-1,-1
577,7512,390.00,192.00,72.00,166.00,1,-1,-1,-1
595,7509,429.22,130.32,76.24,257.19,1,-1,-1,-1
595,7511,355.18,176.16,62.50,154.34,1,-1,-1,-1
595,7512,455.41,118.69,125.46,298.75,1,-1,-1,-1
596,7509,435.67,132.19,75.36,253.69,1,-1,-1,-1
596,7511,355.37,175.95,61.16,153.99,1,-1,-1,-1
596,7512,458.50,116.79,124.04,302.19,1,-1,-1,-1
597,7509,438.78,132.90,75.09,252.43,1,-1,-1,-1
597,7511,355.66,175.87,60.26,153.87,1,-1,-1,-1
597,7512,460.06,116.22,122.37,303.23,1,-1,-1,-1
598,7509,439.02,132.97,75.12,252.29,1,-1,-1,-1
598,7511,355.94,175.85,59.61,153.84,1,-1,-1,-1
598,7512,460.97,116.09,120.85,303.45,1,-1,-1,-1
599,7509,438.40,132.86,75.24,252.49,1,-1,-1,-1
599,7511,356.20,175.86,59.10,153.84,1,-1,-1,-1
599,7512,461.58,116.12,119.55,303.40,1,-1,-1,-1
600,7509,437.71,132.73,75.35,252.72,1,-1,-1,-1
600,7511,356.42,175.87,58.70,153.85,1,-1,-1,-1
600,7512,462.02,116.21,118.45,303.24,1,-1,-1,-1
601,7509,437.13,132.61,75.44,252.92,1,-1,-1,-1
601,7511,356.60,175.88,58.37,153.86,1,-1,-1,-1
601,7512,462.36,116.32,117.51,303.05,1,-1,-1,-1
602,7509,436.67,132.52,75.52,253.08,1,-1,-1,-1
602,7511,356.76,175.89,58.10,153.88,1,-1,-1,-1
602,7512,462.62,116.43,116.70,302.84,1,-1,-1,-1
603,7509,436.30,132.45,75.58,253.21,1,-1,-1,-1
603,7511,356.90,175.90,57.86,153.89,1,-1,-1,-1
603,7512,462.83,116.55,115.99,302.62,1,-1,-1,-1
604,7509,439.88,133.18,75.20,251.92,1,-1,-1,-1
604,7511,356.66,175.75,57.79,153.71,1,-1,-1,-1
604,7512,464.90,114.27,117.57,306.76,1,-1,-1,-1
613,7513,178.00,6.00,166.00,484.00,1,-1,-1,-1
614,7513,178.00,6.00,166.00,484.00,1,-1,-1,-1
615,7513,178.00,6.00,166.00,484.00,1,-1,-1,-1
616,7513,178.00,6.00,166.00,484.00,1,-1,-1,-1
617,7513,178.00,6.00,166.00,484.00,1,-1,-1,-1
618,7513,178.00,6.00,166.00,484.00,1,-1,-1,-1
619,7513,178.00,6.00,166.00,484.00,1,-1,-1,-1
620,7513,178.00,6.00,166.00,484.00,1,-1,-1,-1
621,7513,178.00,6.00,166.00,484.00,1,-1,-1,-1
622,7513,178.00,6.00,166.00,484.00,1,-1,-1,-1
631,7514,230.00,182.00,44.00,144.00,1,-1,-1,-1
632,7514,230.00,182.00,44.00,144.00,1,-1,-1,-1
633,7514,230.00,182.00,44.00,144.00,1,-1,-1,-1
634,7514,230.00,182.00,44.00,144.00,1,-1,-1,-1
635,7514,230.00,182.00,44.00,144.00,1,-1,-1,-1
636,7514,230.00,182.00,44.00,144.00,1,-1,-1,-1
637,7514,230.00,182.00,44.00,144.00,1,-1,-1,-1
638,7514,230.00,182.00,44.00,144.00,1,-1,-1,-1
639,7514,230.00,182.00,44.00,144.00,1,-1,-1,-1
640,7513,457.72,168.48,54.35,161.03,1,-1,-1,-1
640,7514,222.87,180.66,46.19,149.37,1,-1,-1,-1
640,7515,178.00,178.00,62.00,154.00,1,-1,-1,-1
641,7513,461.31,170.40,52.47,157.21,1,-1,-1,-1
641,7514,220.08,180.16,47.33,151.34,1,-1,-1,-1
641,7515,178.00,178.00,62.00,154.00,1,-1,-1,-1
642,7513,463.59,171.61,51.25,154.80,1,-1,-1,-1
642,7514,218.89,179.98,48.08,152.07,1,-1,-1,-1
642,7515,178.00,178.00,62.00,154.00,1,-1,-1,-1
643,7513,463.62,171.53,50.97,154.96,1,-1,-1,-1
643,7514,218.33,179.92,48.64,152.31,1,-1,-1,-1
643,7515,178.00,178.00,62.00,154.00,1,-1,-1,-1
644,7513,463.28,171.25,50.90,155.51,1,-1,-1,-1
644,7514,218.01,179.91,49.13,152.38,1,-1,-1,-1
644,7515,178.00,178.00,62.00,154.00,1,-1,-1,-1
645,7513,462.97,171.01,50.84,155.99,1,-1,-1,-1
645,7514,217.80,179.91,49.56,152.37,1,-1,-1,-1
645,7515,178.00,178.00,62.00,154.00,1,-1,-1,-1
646,7513,462.74,170.82,50.78,156.36,1,-1,-1,-1
646,7514,217.63,179.91,49.95,152.35,1,-1,-1,-1
646,7515,178.00,178.00,62.00,154.00,1,-1,-1,-1
647,7513,462.58,170.69,50.72,156.63,1,-1,-1,-1
647,7514,217.48,179.92,50.32,152.32,1,-1,-1,-1
647,7515,178.00,178.00,62.00,154.00,1,-1,-1,-1
648,7513,462.47,170.58,50.66,156.84,1,-1,-1,-1
648,7514,217.35,179.93,50.65,152.29,1,-1,-1,-1
648,7515,178.00,178.00,62.00,154.00,1,-1,-1,-1
649,7513,464.10,171.54,50.05,154.94,1,-1,-1,-1
649,7514,216.75,179.81,50.80,152.75,1,-1,-1,-1
649,7515,178.00,178.00,62.00,154.00,1,-1,-1,-1
649,7516,130.00,160.00,82.00,192.00,1,-1,-1,-1
650,7516,130.00,160.00,82.00,192.00,1,-1,-1,-1
651,7516,130.00,160.00,82.00,192.00,1,-1,-1,-1
652,7516,130.00,160.00,82.00,192.00,1,-1,-1,-1
653,7516,130.00,160.00,82.00,192.00,1,-1,-1,-1
654,7516,130.00,160.00,82.00,192.00,1,-1,-1,-1
655,7516,130.00,160.00,82.00,192.00,1,-1,-1,-1
656,7516,130.00,160.00,82.00,192.00,1,-1,-1,-1
657,7516,130.00,160.00,82.00,192.00,1,-1,-1,-1
658,7516,130.00,160.00,82.00,192.00,1,-1,-1,-1
658,7517,62.00,124.00,118.00,288.00,1,-1,-1,-1
659,7517,62.00,124.00,118.00,288.00,1,-1,-1,-1
660,7517,62.00,124.00,118.00,288.00,1,-1,-1,-1
661,7517,62.00,124.00,118.00,288.00,1,-1,-1,-1
662,7517,62.00,124.00,118.00,288.00,1,-1,-1,-1
663,7517,62.00,124.00,118.00,288.00,1,-1,-1,-1
664,7517,62.00,124.00,118.00,288.00,1,-1,-1,-1
665,7517,62.00,124.00,118.00,288.00,1,-1,-1,-1
666,7517,62.00,124.00,118.00,288.00,1,-1,-1,-1
667,7517,62.00,124.00,118.00,288.00,1,-1,-1,-1
676,7515,297.15,211.86,24.87,62.38,1,-1,-1,-1
676,7518,6.00,88.00,100.00,334.00,1,-1,-1,-1
677,7515,298.09,212.11,24.45,61.71,1,-1,-1,-1
677,7518,6.00,88.00,100.00,334.00,1,-1,-1,-1
678,7515,298.82,212.30,24.14,61.19,1,-1,-1,-1
678,7518,6.00,88.00,100.00,334.00,1,-1,-1,-1
679,7515,298.83,212.29,24.08,61.21,1,-1,-1,-1
679,7518,6.00,88.00,100.00,334.00,1,-1,-1,-1
680,7515,298.69,212.24,24.07,61.34,1,-1,-1,-1
680,7518,6.00,88.00,100.00,334.00,1,-1,-1,-1
681,7515,298.55,212.20,24.07,61.46,1,-1,-1,-1
681,7518,6.00,88.00,100.00,334.00,1,-1,-1,-1
682,7515,298.45,212.16,24.08,61.56,1,-1,-1,-1
682,7518,6.00,88.00,100.00,334.00,1,-1,-1,-1
683,7515,298.37,212.14,24.07,61.63,1,-1,-1,-1
683,7518,6.00,88.00,100.00,334.00,1,-1,-1,-1
684,7515,298.31,212.12,24.07,61.68,1,-1,-1,-1
684,7518,6.00,88.00,100.00,334.00,1,-1,-1,-1
685,7515,298.98,212.31,23.87,61.17,1,-1,-1,-1
685,7518,6.00,88.00,100.00,334.00,1,-1,-1,-1
712,7519,176.00,142.00,52.00,220.00,1,-1,-1,-1
713,7519,176.00,142.00,52.00,220.00,1,-1,-1,-1
714,7519,176.00,142.00,52.00,220.00,1,-1,-1,-1
715,7519,176.00,142.00,52.00,220.00,1,-1,-1,-1
716,7519,176.00,142.00,52.00,220.00,1,-1,-1,-1
717,7519,176.00,142.00,52.00,220.00,1,-1,-1,-1
718,7519,176.00,142.00,52.00,220.00,1,-1,-1,-1
719,7519,176.00,142.00,52.00,220.00,1,-1,-1,-1
720,7519,176.00,142.00,52.00,220.00,1,-1,-1,-1
721,7519,176.00,142.00,52.00,220.00,1,-1,-1,-1
721,7520,30.00,44.00,124.00,414.00,1,-1,-1,-1
722,7520,30.00,44.00,124.00,414.00,1,-1,-1,-1
723,7520,30.00,44.00,124.00,414.00,1,-1,-1,-1
724,7520,30.00,44.00,124.00,414.00,1,-1,-1,-1
725,7520,30.00,44.00,124.00,414.00,1,-1,-1,-1
726,7520,30.00,44.00,124.00,414.00,1,-1,-1,-1
727,7520,30.00,44.00,124.00,414.00,1,-1,-1,-1
728,7520,30.00,44.00,124.00,414.00,1,-1,-1,-1
729,7520,30.00,44.00,124.00,414.00,1,-1,-1,-1
730,7520,30.00,44.00,124.00,414.00,1,-1,-1,-1
730,7521,344.00,190.00,60.00,140.00,1,-1,-1,-1
731,7521,344.00,190.00,60.00,140.00,1,-1,-1,-1
732,7521,344.00,190.00,60.00,140.00,1,-1,-1,-1
733,7521,344.00,190.00,60.00,140.00,1,-1,-1,-1
734,7521,344.00,190.00,60.00,140.00,1,-1,-1,-1
735,7521,344.00,190.00,60.00,140.00,1,-1,-1,-1
736,7521,344.00,190.00,60.00,140.00,1,-1,-1,-1
737,7521,344.00,190.00,60.00,140.00,1,-1,-1,-1
738,7521,344.00,190.00,60.00,140.00,1,-1,-1,-1
739,7520,87.66,183.72,47.50,152.02,1,-1,-1,-1
739,7521,344.00,190.00,60.00,140.00,1,-1,-1,-1
739,7522,390.00,184.00,68.00,154.00,1,-1,-1,-1
740,7520,88.94,188.39,46.23,143.27,1,-1,-1,-1
740,7522,390.00,184.00,68.00,154.00,1,-1,-1,-1
741,7520,89.07,190.02,46.41,140.21,1,-1,-1,-1
741,7522,390.00,184.00,68.00,154.00,1,-1,-1,-1
742,7520,88.60,190.05,47.36,140.15,1,-1,-1,-1
742,7522,390.00,184.00,68.00,154.00,1,-1,-1,-1
743,7520,88.06,189.76,48.37,140.70,1,-1,-1,-1
743,7522,390.00,184.00,68.00,154.00,1,-1,-1,-1
744,7520,87.57,189.46,49.27,141.27,1,-1,-1,-1
744,7522,390.00,184.00,68.00,154.00,1,-1,-1,-1
745,7520,87.14,189.21,50.05,141.73,1,-1,-1,-1
745,7522,390.00,184.00,68.00,154.00,1,-1,-1,-1
746,7520,86.79,189.02,50.71,142.09,1,-1,-1,-1
746,7522,390.00,184.00,68.00,154.00,1,-1,-1,-1
747,7520,86.48,188.87,51.28,142.37,1,-1,-1,-1
747,7522,390.00,184.00,68.00,154.00,1,-1,-1,-1
748,7519,186.89,183.82,44.15,166.23,1,-1,-1,-1
748,7520,87.17,190.32,50.30,139.65,1,-1,-1,-1
748,7522,390.00,184.00,68.00,154.00,1,-1,-1,-1
748,7523,458.00,168.00,62.00,174.00,1,-1,-1,-1
749,7519,185.59,184.32,46.92,165.59,1,-1,-1,-1
749,7523,458.00,168.00,62.00,174.00,1,-1,-1,-1
750,7519,184.68,184.55,48.82,165.29,1,-1,-1,-1
750,7523,458.00,168.00,62.00,174.00,1,-1,-1,-1
751,7519,183.97,184.58,50.25,165.25,1,-1,-1,-1
751,7523,458.00,168.00,62.00,174.00,1,-1,-1,-1
752,7519,183.41,184.54,51.36,165.31,1,-1,-1,-1
752,7523,458.00,168.00,62.00,174.00,1,-1,-1,-1
753,7519,182.96,184.48,52.24,165.39,1,-1,-1,-1
753,7523,458.00,168.00,62.00,174.00,1,-1,-1,-1
754,7519,182.59,184.42,52.97,165.46,1,-1,-1,-1
754,7523,458.00,168.00,62.00,174.00,1,-1,-1,-1
755,7519,182.28,184.37,53.57,165.52,1,-1,-1,-1
755,7523,458.00,168.00,62.00,174.00,1,-1,-1,-1
756,7519,182.01,184.33,54.08,165.58,1,-1,-1,-1
756,7523,458.00,168.00,62.00,174.00,1,-1,-1,-1
757,7519,182.21,184.86,53.86,164.90,1,-1,-1,-1
757,7523,458.00,168.00,62.00,174.00,1,-1,-1,-1
757,7524,540.00,172.00,64.00,202.00,1,-1,-1,-1
758,7524,540.00,172.00,64.00,202.00,1,-1,-1,-1
759,7524,540.00,172.00,64.00,202.00,1,-1,-1,-1
760,7524,540.00,172.00,64.00,202.00,1,-1,-1,-1
761,7524,540.00,172.00,64.00,202.00,1,-1,-1,-1
762,7524,540.00,172.00,64.00,202.00,1,-1,-1,-1
763,7524,540.00,172.00,64.00,202.00,1,-1,-1,-1
764,7524,540.00,172.00,64.00,202.00,1,-1,-1,-1
765,7524,540.00,172.00,64.00,202.00,1,-1,-1,-1
766,7524,540.00,172.00,64.00,202.00,1,-1,-1,-1
775,7519,182.16,194.00,45.78,136.16,1,-1,-1,-1
776,7519,181.74,194.14,46.44,135.64,1,-1,-1,-1
777,7519,181.45,194.20,46.96,135.43,1,-1,-1,-1
778,7519,181.24,194.21,47.38,135.39,1,-1,-1,-1
779,7519,181.06,194.20,47.73,135.43,1,-1,-1,-1
780,7519,180.93,194.18,48.02,135.48,1,-1,-1,-1
781,7519,180.81,194.16,48.26,135.53,1,-1,-1,-1
782,7519,180.72,194.14,48.46,135.58,1,-1,-1,-1
783,7519,180.64,194.13,48.63,135.63,1,-1,-1,-1
784,7519,180.67,194.34,48.42,135.02,1,-1,-1,-1
784,7525,112.00,166.00,72.00,194.00,1,-1,-1,-1
785,7525,112.00,166.00,72.00,194.00,1,-1,-1,-1
786,7525,112.00,166.00,72.00,194.00,1,-1,-1,-1
787,7525,112.00,166.00,72.00,194.00,1,-1,-1,-1
788,7525,112.00,166.00,72.00,194.00,1,-1,-1,-1
789,7525,112.00,166.00,72.00,194.00,1,-1,-1,-1
790,7525,112.00,166.00,72.00,194.00,1,-1,-1,-1
791,7525,112.00,166.00,72.00,194.00,1,-1,-1,-1
792,7525,112.00,166.00,72.00,194.00,1,-1,-1,-1
793,7525,112.00,166.00,72.00,194.00,1,-1,-1,-1
838,7526,86.00,158.00,50.00,178.00,1,-1,-1,-1
839,7526,86.00,158.00,50.00,178.00,1,-1,-1,-1
840,7526,86.00,158.00,50.00,178.00,1,-1,-1,-1
841,7526,86.00,158.00,50.00,178.00,1,-1,-1,-1
842,7526,86.00,158.00,50.00,178.00,1,-1,-1,-1
843,7526,86.00,158.00,50.00,178.00,1,-1,-1,-1
844,7526,86.00,158.00,50.00,178.00,1,-1,-1,-1
845,7526,86.00,158.00,50.00,178.00,1,-1,-1,-1
846,7526,86.00,158.00,50.00,178.00,1,-1,-1,-1
847,7526,86.00,158.00,50.00,178.00,1,-1,-1,-1
847,7527,318.00,180.00,54.00,148.00,1,-1,-1,-1
847,7528,140.00,158.00,60.00,178.00,1,-1,-1,-1
848,7527,318.00,180.00,54.00,148.00,1,-1,-1,-1
848,7528,140.00,158.00,60.00,178.00,1,-1,-1,-1
849,7527,318.00,180.00,54.00,148.00,1,-1,-1,-1
849,7528,140.00,158.00,60.00,178.00,1,-1,-1,-1
850,7527,318.00,180.00,54.00,148.00,1,-1,-1,-1
850,7528,140.00,158.00,60.00,178.00,1,-1,-1,-1
851,7527,318.00,180.00,54.00,148.00,1,-1,-1,-1
851,7528,140.00,158.00,60.00,178.00,1,-1,-1,-1
852,7527,318.00,180.00,54.00,148.00,1,-1,-1,-1
852,7528,140.00,158.00,60.00,178.00,1,-1,-1,-1
853,7527,318.00,180.00,54.00,148.00,1,-1,-1,-1
853,7528,140.00,158.00,60.00,178.00,1,-1,-1,-1
854,7527,318.00,180.00,54.00,148.00,1,-1,-1,-1
854,7528,140.00,158.00,60.00,178.00,1,-1,-1,-1
855,7527,318.00,180.00,54.00,148.00,1,-1,-1,-1
855,7528,140.00,158.00,60.00,178.00,1,-1,-1,-1
856,7527,318.00,180.00,54.00,148.00,1,-1,-1,-1
856,7528,123.74,151.29,65.68,196.80,1,-1,-1,-1
857,7528,118.09,148.86,67.27,203.58,1,-1,-1,-1
858,7528,116.12,147.93,67.49,206.19,1,-1,-1,-1
859,7528,115.63,147.61,67.17,207.10,1,-1,-1,-1
860,7528,115.70,147.52,66.67,207.35,1,-1,-1,-1
861,7528,115.97,147.52,66.13,207.35,1,-1,-1,-1
862,7528,116.29,147.55,65.60,207.27,1,-1,-1,-1
863,7528,116.61,147.58,65.10,207.17,1,-1,-1,-1
864,7528,116.92,147.62,64.64,207.06,1,-1,-1,-1
865,7528,129.79,148.96,62.47,200.46,1,-1,-1,-1
866,7528,134.83,149.50,61.55,197.84,1,-1,-1,-1
867,7528,136.74,149.71,61.15,196.84,1,-1,-1,-1
868,7528,137.47,149.80,60.94,196.45,1,-1,-1,-1
869,7528,137.75,149.84,60.82,196.29,1,-1,-1,-1
870,7528,137.86,149.87,60.73,196.21,1,-1,-1,-1
871,7528,137.91,149.89,60.65,196.17,1,-1,-1,-1
872,7528,137.93,149.90,60.59,196.15,1,-1,-1,-1
873,7528,137.94,149.91,60.53,196.13,1,-1,-1,-1
874,7528,138.25,149.76,60.60,196.34,1,-1,-1,-1
874,7529,4.00,36.00,106.00,384.00,1,-1,-1,-1
875,7529,4.00,36.00,106.00,384.00,1,-1,-1,-1
876,7529,4.00,36.00,106.00,384.00,1,-1,-1,-1
877,7529,4.00,36.00,106.00,384.00,1,-1,-1,-1
878,7529,4.00,36.00,106.00,384.00,1,-1,-1,-1
879,7529,4.00,36.00,106.00,384.00,1,-1,-1,-1
880,7529,4.00,36.00,106.00,384.00,1,-1,-1,-1
881,7529,4.00,36.00,106.00,384.00,1,-1,-1,-1
882,7529,4.00,36.00,106.00,384.00,1,-1,-1,-1
883,7529,4.00,36.00,106.00,384.00,1,-1,-1,-1
928,7530,92.00,178.00,56.00,152.00,1,-1,-1,-1
929,7530,92.00,178.00,56.00,152.00,1,-1,-1,-1
930,7530,92.00,178.00,56.00,152.00,1,-1,-1,-1
931,7530,92.00,178.00,56.00,152.00,1,-1,-1,-1
932,7530,92.00,178.00,56.00,152.00,1,-1,-1,-1
933,7530,92.00,178.00,56.00,152.00,1,-1,-1,-1
934,7530,92.00,178.00,56.00,152.00,1,-1,-1,-1
935,7530,92.00,178.00,56.00,152.00,1,-1,-1,-1
936,7530,92.00,178.00,56.00,152.00,1,-1,-1,-1
937,7530,92.00,178.00,56.00,152.00,1,-1,-1,-1
937,7531,318.00,190.00,48.00,138.00,1,-1,-1,-1
937,7532,412.00,186.00,48.00,148.00,1,-1,-1,-1
938,7531,318.00,190.00,48.00,138.00,1,-1,-1,-1
938,7532,412.00,186.00,48.00,148.00,1,-1,-1,-1
939,7531,318.00,190.00,48.00,138.00,1,-1,-1,-1
939,7532,412.00,186.00,48.00,148.00,1,-1,-1,-1
940,7531,318.00,190.00,48.00,138.00,1,-1,-1,-1
940,7532,412.00,186.00,48.00,148.00,1,-1,-1,-1
941,7531,318.00,190.00,48.00,138.00,1,-1,-1,-1
941,7532,412.00,186.00,48.00,148.00,1,-1,-1,-1
942,7531,318.00,190.00,48.00,138.00,1,-1,-1,-1
942,7532,412.00,186.00,48.00,148.00,1,-1,-1,-1
943,7531,318.00,190.00,48.00,138.00,1,-1,-1,-1
943,7532,412.00,186.00,48.00,148.00,1,-1,-1,-1
944,7531,318.00,190.00,48.00,138.00,1,-1,-1,-1
944,7532,412.00,186.00,48.00,148.00,1,-1,-1,-1
945,7531,318.00,190.00,48.00,138.00,1,-1,-1,-1
945,7532,412.00,186.00,48.00,148.00,1,-1,-1,-1
946,7531,318.00,190.00,48.00,138.00,1,-1,-1,-1
946,7532,412.00,186.00,48.00,148.00,1,-1,-1,-1
946,7533,2.00,0.00,132.00,472.00,1,-1,-1,-1
946,7534,358.00,166.00,60.00,186.00,1,-1,-1,-1
946,7535,482.00,166.00,60.00,184.00,1,-1,-1,-1
947,7533,2.00,0.00,132.00,472.00,1,-1,-1,-1
947,7534,358.00,166.00,60.00,186.00,1,-1,-1,-1
947,7535,482.00,166.00,60.00,184.00,1,-1,-1,-1
948,7533,2.00,0.00,132.00,472.00,1,-1,-1,-1
948,7534,358.00,166.00,60.00,186.00,1,-1,-1,-1
948,7535,482.00,166.00,60.00,184.00,1,-1,-1,-1
949,7533,2.00,0.00,132.00,472.00,1,-1,-1,-1
949,7534,358.00,166.00,60.00,186.00,1,-1,-1,-1
949,7535,482.00,166.00,60.00,184.00,1,-1,-1,-1
950,7533,2.00,0.00,132.00,472.00,1,-1,-1,-1
950,7534,358.00,166.00,60.00,186.00,1,-1,-1,-1
950,7535,482.00,166.00,60.00,184.00,1,-1,-1,-1
951,7533,2.00,0.00,132.00,472.00,1,-1,-1,-1
951,7534,358.00,166.00,60.00,186.00,1,-1,-1,-1
951,7535,482.00,166.00,60.00,184.00,1,-1,-1,-1
952,7533,2.00,0.00,132.00,472.00,1,-1,-1,-1
952,7534,358.00,166.00,60.00,186.00,1,-1,-1,-1
952,7535,482.00,166.00,60.00,184.00,1,-1,-1,-1
953,7533,2.00,0.00,132.00,472.00,1,-1,-1,-1
953,7534,358.00,166.00,60.00,186.00,1,-1,-1,-1
953,7535,482.00,166.00,60.00,184.00,1,-1,-1,-1
954,7533,2.00,0.00,132.00,472.00,1,-1,-1,-1
954,7534,358.00,166.00,60.00,186.00,1,-1,-1,-1
954,7535,482.00,166.00,60.00,184.00,1,-1,-1,-1
955,7533,2.00,0.00,132.00,472.00,1,-1,-1,-1
955,7534,358.00,166.00,60.00,186.00,1,-1,-1,-1
955,7535,482.00,166.00,60.00,184.00,1,-1,-1,-1
955,7536,198.00,174.00,80.00,176.00,1,-1,-1,-1
955,7537,432.00,92.00,128.00,330.00,1,-1,-1,-1
956,7536,198.00,174.00,80.00,176.00,1,-1,-1,-1
956,7537,432.00,92.00,128.00,330.00,1,-1,-1,-1
957,7536,198.00,174.00,80.00,176.00,1,-1,-1,-1
957,7537,432.00,92.00,128.00,330.00,1,-1,-1,-1
958,7536,198.00,174.00,80.00,176.00,1,-1,-1,-1
958,7537,432.00,92.00,128.00,330.00,1,-1,-1,-1
959,7536,198.00,174.00,80.00,176.00,1,-1,-1,-1
959,7537,432.00,92.00,128.00,330.00,1,-1,-1,-1
960,7536,198.00,174.00,80.00,176.00,1,-1,-1,-1
960,7537,432.00,92.00,128.00,330.00,1,-1,-1,-1
961,7536,198.00,174.00,80.00,176.00,1,-1,-1,-1
961,7537,432.00,92.00,128.00,330.00,1,-1,-1,-1
962,7536,198.00,174.00,80.00,176.00,1,-1,-1,-1
962,7537,432.00,92.00,128.00,330.00,1,-1,-1,-1
963,7536,198.00,174.00,80.00,176.00,1,-1,-1,-1
963,7537,432.00,92.00,128.00,330.00,1,-1,-1,-1
964,7533,88.07,60.16,113.16,386.61,1,-1,-1,-1
964,7536,198.00,174.00,80.00,176.00,1,-1,-1,-1
964,7537,432.00,92.00,128.00,330.00,1,-1,-1,-1
965,7533,89.71,62.60,116.10,383.15,1,-1,-1,-1
966,7533,89.42,63.48,118.93,381.90,1,-1,-1,-1
967,7533,88.39,63.68,121.51,381.61,1,-1,-1,-1
968,7533,87.18,63.63,123.78,381.69,1,-1,-1,-1
969,7533,86.01,63.49,125.77,381.88,1,-1,-1,-1
970,7533,84.95,63.34,127.51,382.10,1,-1,-1,-1
971,7533,84.01,63.20,129.03,382.30,1,-1,-1,-1
972,7533,83.18,63.07,130.37,382.48,1,-1,-1,-1
973,7533,85.83,64.82,129.53,380.00,1,-1,-1,-1
973,7538,34.00,160.00,70.00,172.00,1,-1,-1,-1
974,7538,34.00,160.00,70.00,172.00,1,-1,-1,-1
975,7538,34.00,160.00,70.00,172.00,1,-1,-1,-1
976,7538,34.00,160.00,70.00,172.00,1,-1,-1,-1
977,7538,34.00,160.00,70.00,172.00,1,-1,-1,-1
978,7538,34.00,160.00,70.00,172.00,1,-1,-1,-1
979,7538,34.00,160.00,70.00,172.00,1,-1,-1,-1
980,7538,34.00,160.00,70.00,172.00,1,-1,-1,-1
981,7538,34.00,160.00,70.00,172.00,1,-1,-1,-1
982,7538,34.00,160.00,70.00,172.00,1,-1,-1,-1
