21,11916,700.00,271.00,39.00,103.00,1,-1,-1,-1
22,11916,700.00,271.00,39.00,103.00,1,-1,-1,-1
23,11916,700.00,271.00,39.00,103.00,1,-1,-1,-1
24,11916,700.00,271.00,39.00,103.00,1,-1,-1,-1
25,11916,700.00,271.00,39.00,103.00,1,-1,-1,-1
26,11916,700.00,271.00,39.00,103.00,1,-1,-1,-1
27,11916,700.00,271.00,39.00,103.00,1,-1,-1,-1
28,11916,700.00,271.00,39.00,103.00,1,-1,-1,-1
29,11916,700.00,271.00,39.00,103.00,1,-1,-1,-1
30,11916,700.00,271.00,39.00,103.00,1,-1,-1,-1
31,11916,700.00,271.00,39.00,103.00,1,-1,-1,-1
31,11917,651.00,248.00,40.00,103.00,1,-1,-1,-1
31,11918,380.00,189.00,37.00,96.00,1,-1,-1,-1
32,11917,651.00,248.00,40.00,103.00,1,-1,-1,-1
32,11918,380.00,189.00,37.00,96.00,1,-1,-1,-1
33,11917,651.00,248.00,40.00,103.00,1,-1,-1,-1
33,11918,380.00,189.00,37.00,96.00,1,-1,-1,-1
34,11917,651.00,248.00,40.00,103.00,1,-1,-1,-1
34,11918,380.00,189.00,37.00,96.00,1,-1,-1,-1
35,11917,651.00,248.00,40.00,103.00,1,-1,-1,-1
35,11918,380.00,189.00,37.00,96.00,1,-1,-1,-1
36,11917,651.00,248.00,40.00,103.00,1,-1,-1,-1
36,11918,380.00,189.00,37.00,96.00,1,-1,-1,-1
37,11917,651.00,248.00,40.00,103.00,1,-1,-1,-1
37,11918,380.00,189.00,37.00,96.00,1,-1,-1,-1
38,11917,651.00,248.00,40.00,103.00,1,-1,-1,-1
38,11918,380.00,189.00,37.00,96.00,1,-1,-1,-1
39,11917,651.00,248.00,40.00,103.00,1,-1,-1,-1
39,11918,380.00,189.00,37.00,96.00,1,-1,-1,-1
40,11917,651.00,248.00,40.00,103.00,1,-1,-1,-1
40,11918,380.00,189.00,37.00,96.00,1,-1,-1,-1
41,11917,651.00,248.00,40.00,103.00,1,-1,-1,-1
41,11918,380.00,189.00,37.00,96.00,1,-1,-1,-1
41,11919,576.00,234.00,42.00,93.00,1,-1,-1,-1
42,11919,576.00,234.00,42.00,93.00,1,-1,-1,-1
43,11919,576.00,234.00,42.00,93.00,1,-1,-1,-1
44,11919,576.00,234.00,42.00,93.00,1,-1,-1,-1
45,11919,576.00,234.00,42.00,93.00,1,-1,-1,-1
46,11919,576.00,234.00,42.00,93.00,1,-1,-1,-1
47,11919,576.00,234.00,42.00,93.00,1,-1,-1,-1
48,11919,576.00,234.00,42.00,93.00,1,-1,-1,-1
49,11919,576.00,234.00,42.00,93.00,1,-1,-1,-1
50,11919,576.00,234.00,42.00,93.00,1,-1,-1,-1
51,11919,576.00,234.00,42.00,93.00,1,-1,-1,-1
71,11920,588.00,205.00,35.00,105.00,1,-1,-1,-1
72,11920,588.00,205.00,35.00,105.00,1,-1,-1,-1
73,11920,588.00,205.00,35.00,105.00,1,-1,-1,-1
74,11920,588.00,205.00,35.00,105.00,1,-1,-1,-1
75,11920,588.00,205.00,35.00,105.00,1,-1,-1,-1
76,11920,588.00,205.00,35.00,105.00,1,-1,-1,-1
77,11920,588.00,205.00,35.00,105.00,1,-1,-1,-1
78,11920,588.00,205.00,35.00,105.00,1,-1,-1,-1
79,11920,588.00,205.00,35.00,105.00,1,-1,-1,-1
80,11920,588.00,205.00,35.00,105.00,1,-1,-1,-1
81,11920,588.00,205.00,35.00,105.00,1,-1,-1,-1
81,11921,458.00,169.00,33.00,89.00,1,-1,-1,-1
82,11921,458.00,169.00,33.00,89.00,1,-1,-1,-1
83,11921,458.00,169.00,33.00,89.00,1,-1,-1,-1
84,11921,458.00,169.00,33.00,89.00,1,-1,-1,-1
85,11921,458.00,169.00,33.00,89.00,1,-1,-1,-1
86,11921,458.00,169.00,33.00,89.00,1,-1,-1,-1
87,11921,458.00,169.00,33.00,89.00,1,-1,-1,-1
88,11921,458.00,169.00,33.00,89.00,1,-1,-1,-1
89,11921,458.00,169.00,33.00,89.00,1,-1,-1,-1
90,11921,458.00,169.00,33.00,89.00,1,-1,-1,-1
91,11920,567.38,189.43,25.62,74.82,1,-1,-1,-1
91,11921,458.00,169.00,33.00,89.00,1,-1,-1,-1
92,11920,566.41,188.87,25.77,73.75,1,-1,-1,-1
93,11920,565.94,188.66,26.04,73.35,1,-1,-1,-1
94,11920,565.71,188.62,26.34,73.27,1,-1,-1,-1
95,11920,565.60,188.64,26.64,73.30,1,-1,-1,-1
96,11920,565.52,188.67,26.90,73.37,1,-1,-1,-1
97,11920,565.47,188.71,27.13,73.44,1,-1,-1,-1
98,11920,565.42,188.74,27.33,73.50,1,-1,-1,-1
99,11920,565.38,188.77,27.51,73.56,1,-1,-1,-1
100,11920,565.34,188.80,27.66,73.61,1,-1,-1,-1
101,11920,564.93,188.47,27.42,72.97,1,-1,-1,-1
101,11922,366.00,191.00,31.00,78.00,1,-1,-1,-1
101,11923,588.00,164.00,29.00,72.00,1,-1,-1,-1
102,11922,366.00,191.00,31.00,78.00,1,-1,-1,-1
102,11923,588.00,164.00,29.00,72.00,1,-1,-1,-1
103,11922,366.00,191.00,31.00,78.00,1,-1,-1,-1
103,11923,588.00,164.00,29.00,72.00,1,-1,-1,-1
104,11921,508.24,147.38,24.88,63.45,1,-1,-1,-1
104,11922,366.00,191.00,31.00,78.00,1,-1,-1,-1
104,11923,593.73,161.03,28.68,71.26,1,-1,-1,-1
104,11924,588.00,148.00,28.00,61.00,1,-1,-1,-1
105,11921,509.10,146.81,25.60,62.78,1,-1,-1,-1
105,11923,595.66,160.04,28.55,71.01,1,-1,-1,-1
105,11924,588.00,148.00,28.00,61.00,1,-1,-1,-1
106,11921,509.27,146.58,26.24,62.51,1,-1,-1,-1
106,11923,596.24,159.74,28.49,70.94,1,-1,-1,-1
106,11924,588.00,148.00,28.00,61.00,1,-1,-1,-1
107,11921,509.08,146.54,26.82,62.45,1,-1,-1,-1
107,11923,596.37,159.68,28.46,70.92,1,-1,-1,-1
107,11924,588.00,148.00,28.00,61.00,1,-1,-1,-1
108,11921,508.78,146.56,27.32,62.48,1,-1,-1,-1
108,11923,596.36,159.69,28.43,70.92,1,-1,-1,-1
108,11924,588.00,148.00,28.00,61.00,1,-1,-1,-1
109,11921,508.47,146.61,27.75,62.54,1,-1,-1,-1
109,11923,596.32,159.72,28.40,70.93,1,-1,-1,-1
109,11924,588.00,148.00,28.00,61.00,1,-1,-1,-1
110,11921,508.19,146.65,28.12,62.59,1,-1,-1,-1
110,11923,596.27,159.76,28.37,70.94,1,-1,-1,-1
110,11924,588.00,148.00,28.00,61.00,1,-1,-1,-1
111,11921,509.57,146.07,27.81,61.91,1,-1,-1,-1
111,11923,597.04,159.36,28.33,70.84,1,-1,-1,-1
111,11924,588.00,148.00,28.00,61.00,1,-1,-1,-1
111,11925,553.00,134.00,29.00,80.00,1,-1,-1,-1
111,11926,539.00,140.00,30.00,67.00,1,-1,-1,-1
112,11920,541.38,140.97,26.05,66.98,1,-1,-1,-1
112,11925,553.00,134.00,29.00,80.00,1,-1,-1,-1
113,11920,540.30,139.37,26.62,66.81,1,-1,-1,-1
113,11925,553.00,134.00,29.00,80.00,1,-1,-1,-1
114,11920,539.79,138.81,27.08,66.75,1,-1,-1,-1
114,11925,553.00,134.00,29.00,80.00,1,-1,-1,-1
115,11920,539.55,138.68,27.46,66.75,1,-1,-1,-1
115,11925,553.00,134.00,29.00,80.00,1,-1,-1,-1
116,11920,542.94,138.72,27.30,66.10,1,-1,-1,-1
116,11925,555.60,129.76,30.87,84.95,1,-1,-1,-1
117,11920,544.24,138.82,27.29,65.88,1,-1,-1,-1
117,11925,556.48,128.28,31.58,86.67,1,-1,-1,-1
118,11920,544.73,138.93,27.34,65.81,1,-1,-1,-1
118,11925,556.76,127.77,31.88,87.27,1,-1,-1,-1
119,11920,544.91,139.03,27.40,65.79,1,-1,-1,-1
119,11925,556.81,127.61,32.03,87.45,1,-1,-1,-1
120,11920,544.97,139.13,27.46,65.80,1,-1,-1,-1
120,11925,556.78,127.59,32.12,87.47,1,-1,-1,-1
121,11920,544.63,137.71,27.32,65.47,1,-1,-1,-1
121,11921,566.01,134.14,30.87,67.71,1,-1,-1,-1
121,11923,638.91,134.55,28.36,72.92,1,-1,-1,-1
121,11925,557.23,126.87,32.43,88.32,1,-1,-1,-1
122,11921,569.62,133.06,31.24,67.30,1,-1,-1,-1
122,11923,641.36,132.25,27.98,73.69,1,-1,-1,-1
123,11921,570.76,132.67,31.60,67.14,1,-1,-1,-1
123,11923,642.37,131.46,27.54,73.94,1,-1,-1,-1
124,11921,570.99,132.55,31.90,67.08,1,-1,-1,-1
124,11923,642.79,131.21,27.13,74.04,1,-1,-1,-1
125,11921,570.90,132.54,32.16,67.05,1,-1,-1,-1
125,11923,642.97,131.17,26.78,74.07,1,-1,-1,-1
126,11921,570.69,132.56,32.38,67.04,1,-1,-1,-1
126,11923,643.04,131.21,26.47,74.07,1,-1,-1,-1
127,11921,570.46,132.59,32.57,67.04,1,-1,-1,-1
127,11923,643.07,131.27,26.20,74.07,1,-1,-1,-1
128,11921,570.23,132.62,32.73,67.03,1,-1,-1,-1
128,11923,643.09,131.33,25.96,74.07,1,-1,-1,-1
129,11921,570.02,132.65,32.86,67.03,1,-1,-1,-1
129,11923,643.09,131.39,25.76,74.06,1,-1,-1,-1
130,11921,569.83,132.69,32.98,67.02,1,-1,-1,-1
130,11923,643.09,131.45,25.58,74.06,1,-1,-1,-1
131,11921,571.94,132.18,33.00,67.06,1,-1,-1,-1
131,11923,644.48,130.56,25.61,74.15,1,-1,-1,-1
131,11925,596.42,121.92,24.19,62.17,1,-1,-1,-1
132,11925,597.41,121.87,24.75,60.97,1,-1,-1,-1
133,11925,597.58,121.80,25.41,60.60,1,-1,-1,-1
134,11925,597.37,121.79,26.04,60.51,1,-1,-1,-1
135,11925,597.04,121.81,26.60,60.52,1,-1,-1,-1
136,11925,596.70,121.83,27.10,60.57,1,-1,-1,-1
137,11925,596.40,121.85,27.53,60.62,1,-1,-1,-1
138,11925,596.14,121.87,27.90,60.66,1,-1,-1,-1
139,11925,595.90,121.88,28.22,60.70,1,-1,-1,-1
140,11925,595.70,121.90,28.51,60.74,1,-1,-1,-1
141,11925,596.55,121.73,28.31,60.30,1,-1,-1,-1
151,11923,691.15,111.02,23.33,65.11,1,-1,-1,-1
151,11925,649.68,120.00,25.29,53.08,1,-1,-1,-1
151,11927,701.00,124.00,26.00,77.00,1,-1,-1,-1
151,11928,588.00,225.00,33.00,93.00,1,-1,-1,-1
152,11923,691.47,111.47,23.42,64.20,1,-1,-1,-1
152,11925,650.91,119.95,25.87,53.55,1,-1,-1,-1
153,11923,691.58,111.55,23.60,63.92,1,-1,-1,-1
153,11925,651.32,119.93,26.20,53.67,1,-1,-1,-1
154,11923,691.50,111.60,23.78,63.84,1,-1,-1,-1
154,11925,651.31,119.93,26.45,53.73,1,-1,-1,-1
155,11923,691.36,111.65,23.94,63.82,1,-1,-1,-1
155,11925,651.15,119.93,26.64,53.77,1,-1,-1,-1
156,11923,691.21,111.69,24.07,63.83,1,-1,-1,-1
156,11925,650.95,119.94,26.80,53.80,1,-1,-1,-1
157,11923,691.08,111.73,24.19,63.84,1,-1,-1,-1
157,11925,650.76,119.94,26.94,53.82,1,-1,-1,-1
158,11923,690.96,111.76,24.28,63.86,1,-1,-1,-1
158,11925,650.58,119.95,27.05,53.84,1,-1,-1,-1
159,11923,690.85,111.79,24.36,63.87,1,-1,-1,-1
159,11925,650.42,119.95,27.16,53.86,1,-1,-1,-1
160,11923,690.76,111.81,24.43,63.89,1,-1,-1,-1
160,11925,650.28,119.96,27.24,53.87,1,-1,-1,-1
161,11923,691.57,111.50,24.36,63.70,1,-1,-1,-1
161,11925,651.79,119.89,27.14,53.66,1,-1,-1,-1
171,11923,653.78,108.98,26.12,67.82,1,-1,-1,-1
172,11923,652.12,108.90,26.32,68.00,1,-1,-1,-1
173,11923,651.51,108.88,26.44,68.07,1,-1,-1,-1
174,11923,651.32,108.87,26.53,68.08,1,-1,-1,-1
175,11923,651.28,108.88,26.59,68.09,1,-1,-1,-1
176,11923,651.31,108.89,26.64,68.08,1,-1,-1,-1
177,11923,651.36,108.90,26.69,68.08,1,-1,-1,-1
178,11923,651.41,108.91,26.72,68.07,1,-1,-1,-1
179,11923,651.46,108.91,26.75,68.06,1,-1,-1,-1
180,11923,651.51,108.92,26.78,68.06,1,-1,-1,-1
181,11923,650.52,108.80,26.81,68.15,1,-1,-1,-1
181,11925,676.67,94.20,32.69,68.84,1,-1,-1,-1
181,11929,588.00,127.00,32.00,75.00,1,-1,-1,-1
182,11925,677.79,93.64,31.50,69.19,1,-1,-1,-1
182,11929,588.00,127.00,32.00,75.00,1,-1,-1,-1
183,11925,678.39,93.46,30.61,69.30,1,-1,-1,-1
183,11929,588.00,127.00,32.00,75.00,1,-1,-1,-1
184,11925,678.75,93.43,29.92,69.32,1,-1,-1,-1
184,11929,588.00,127.00,32.00,75.00,1,-1,-1,-1
185,11925,678.99,93.44,29.38,69.32,1,-1,-1,-1
185,11929,588.00,127.00,32.00,75.00,1,-1,-1,-1
186,11925,679.16,93.47,28.94,69.30,1,-1,-1,-1
186,11929,588.00,127.00,32.00,75.00,1,-1,-1,-1
187,11925,679.29,93.51,28.58,69.28,1,-1,-1,-1
187,11929,588.00,127.00,32.00,75.00,1,-1,-1,-1
188,11925,679.40,93.55,28.28,69.25,1,-1,-1,-1
188,11929,588.00,127.00,32.00,75.00,1,-1,-1,-1
189,11925,679.48,93.59,28.02,69.23,1,-1,-1,-1
189,11929,588.00,127.00,32.00,75.00,1,-1,-1,-1
190,11925,679.55,93.63,27.80,69.21,1,-1,-1,-1
190,11929,588.00,127.00,32.00,75.00,1,-1,-1,-1
191,11925,680.19,93.03,27.94,69.55,1,-1,-1,-1
191,11929,588.00,127.00,32.00,75.00,1,-1,-1,-1
191,11930,650.00,232.00,42.00,92.00,1,-1,-1,-1
191,11931,545.00,126.00,26.00,85.00,1,-1,-1,-1
191,11932,140.00,162.00,33.00,61.00,1,-1,-1,-1
192,11930,650.00,232.00,42.00,92.00,1,-1,-1,-1
192,11931,545.00,126.00,26.00,85.00,1,-1,-1,-1
192,11932,140.00,162.00,33.00,61.00,1,-1,-1,-1
193,11930,650.00,232.00,42.00,92.00,1,-1,-1,-1
193,11931,545.00,126.00,26.00,85.00,1,-1,-1,-1
193,11932,140.00,162.00,33.00,61.00,1,-1,-1,-1
194,11930,650.00,232.00,42.00,92.00,1,-1,-1,-1
194,11931,545.00,126.00,26.00,85.00,1,-1,-1,-1
194,11932,140.00,162.00,33.00,61.00,1,-1,-1,-1
195,11930,650.00,232.00,42.00,92.00,1,-1,-1,-1
195,11931,545.00,126.00,26.00,85.00,1,-1,-1,-1
195,11932,140.00,162.00,33.00,61.00,1,-1,-1,-1
196,11930,650.00,232.00,42.00,92.00,1,-1,-1,-1
196,11931,545.00,126.00,26.00,85.00,1,-1,-1,-1
196,11932,140.00,162.00,33.00,61.00,1,-1,-1,-1
197,11930,650.00,232.00,42.00,92.00,1,-1,-1,-1
197,11931,545.00,126.00,26.00,85.00,1,-1,-1,-1
197,11932,140.00,162.00,33.00,61.00,1,-1,-1,-1
198,11930,650.00,232.00,42.00,92.00,1,-1,-1,-1
198,11931,545.00,126.00,26.00,85.00,1,-1,-1,-1
198,11932,140.00,162.00,33.00,61.00,1,-1,-1,-1
199,11930,650.00,232.00,42.00,92.00,1,-1,-1,-1
199,11931,545.00,126.00,26.00,85.00,1,-1,-1,-1
199,11932,140.00,162.00,33.00,61.00,1,-1,-1,-1
200,11930,650.00,232.00,42.00,92.00,1,-1,-1,-1
200,11931,545.00,126.00,26.00,85.00,1,-1,-1,-1
200,11932,140.00,162.00,33.00,61.00,1,-1,-1,-1
201,11930,650.00,232.00,42.00,92.00,1,-1,-1,-1
201,11931,545.00,126.00,26.00,85.00,1,-1,-1,-1
201,11932,140.00,162.00,33.00,61.00,1,-1,-1,-1
201,11933,702.00,248.00,36.00,103.00,1,-1,-1,-1
202,11933,702.00,248.00,36.00,103.00,1,-1,-1,-1
203,11933,702.00,248.00,36.00,103.00,1,-1,-1,-1
204,11933,702.00,248.00,36.00,103.00,1,-1,-1,-1
205,11933,702.00,248.00,36.00,103.00,1,-1,-1,-1
206,11933,702.00,248.00,36.00,103.00,1,-1,-1,-1
207,11933,702.00,248.00,36.00,103.00,1,-1,-1,-1
208,11933,702.00,248.00,36.00,103.00,1,-1,-1,-1
209,11933,702.00,248.00,36.00,103.00,1,-1,-1,-1
210,11933,702.00,248.00,36.00,103.00,1,-1,-1,-1
211,11933,702.00,248.00,36.00,103.00,1,-1,-1,-1
211,11934,21.00,134.00,36.00,73.00,1,-1,-1,-1
211,11935,652.00,291.00,45.00,113.00,1,-1,-1,-1
212,11934,18.20,133.14,36.45,73.86,1,-1,-1,-1
212,11935,649.66,290.14,47.96,120.71,1,-1,-1,-1
213,11934,19.09,143.46,32.32,65.04,1,-1,-1,-1
213,11935,645.14,290.00,48.68,122.73,1,-1,-1,-1
214,11934,19.36,146.96,31.10,62.04,1,-1,-1,-1
214,11935,643.60,289.96,48.82,123.34,1,-1,-1,-1
215,11934,19.32,147.80,31.05,61.31,1,-1,-1,-1
215,11935,643.22,289.96,48.74,123.46,1,-1,-1,-1
216,11934,19.18,147.93,31.33,61.20,1,-1,-1,-1
216,11935,643.22,289.96,48.60,123.44,1,-1,-1,-1
217,11934,19.00,147.86,31.72,61.26,1,-1,-1,-1
217,11935,643.33,289.97,48.44,123.38,1,-1,-1,-1
218,11934,18.81,147.75,32.15,61.36,1,-1,-1,-1
218,11935,643.46,289.97,48.27,123.33,1,-1,-1,-1
219,11934,18.61,147.65,32.57,61.45,1,-1,-1,-1
219,11935,643.60,289.98,48.10,123.28,1,-1,-1,-1
220,11934,18.42,147.56,32.99,61.52,1,-1,-1,-1
220,11935,643.72,289.98,47.94,123.25,1,-1,-1,-1
221,11934,18.49,148.49,32.56,60.73,1,-1,-1,-1
221,11935,643.15,289.94,48.09,123.64,1,-1,-1,-1
221,11936,582.00,287.00,46.00,126.00,1,-1,-1,-1
222,11936,582.00,287.00,46.00,126.00,1,-1,-1,-1
223,11936,582.00,287.00,46.00,126.00,1,-1,-1,-1
224,11936,582.00,287.00,46.00,126.00,1,-1,-1,-1
225,11936,582.00,287.00,46.00,126.00,1,-1,-1,-1
226,11936,582.00,287.00,46.00,126.00,1,-1,-1,-1
227,11936,582.00,287.00,46.00,126.00,1,-1,-1,-1
228,11936,582.00,287.00,46.00,126.00,1,-1,-1,-1
229,11936,582.00,287.00,46.00,126.00,1,-1,-1,-1
230,11936,582.00,287.00,46.00,126.00,1,-1,-1,-1
231,11936,582.00,287.00,46.00,126.00,1,-1,-1,-1
241,11935,450.10,248.37,41.22,111.19,1,-1,-1,-1
241,11937,649.00,129.00,23.00,51.00,1,-1,-1,-1
241,11938,665.00,123.00,20.00,51.00,1,-1,-1,-1
241,11939,32.00,170.00,29.00,67.00,1,-1,-1,-1
241,11940,659.00,271.00,44.00,106.00,1,-1,-1,-1
242,11935,441.42,246.53,41.03,110.68,1,-1,-1,-1
242,11937,648.20,127.29,23.74,52.71,1,-1,-1,-1
242,11939,32.18,170.86,28.64,66.14,1,-1,-1,-1
242,11940,651.80,266.71,44.70,107.71,1,-1,-1,-1
242,11941,596.00,210.00,31.00,71.00,1,-1,-1,-1
243,11937,648.51,127.00,24.45,54.48,1,-1,-1,-1
243,11939,31.61,171.00,28.27,65.25,1,-1,-1,-1
243,11941,592.13,198.86,33.60,77.00,1,-1,-1,-1
243,11942,226.00,166.00,33.00,66.00,1,-1,-1,-1
244,11937,648.29,127.65,24.65,55.07,1,-1,-1,-1
244,11939,32.16,171.78,28.18,64.96,1,-1,-1,-1
244,11941,588.55,197.00,33.37,76.55,1,-1,-1,-1
245,11937,648.42,127.18,24.99,55.94,1,-1,-1,-1
245,11939,32.18,171.31,28.48,65.62,1,-1,-1,-1
245,11941,584.05,195.04,33.18,76.29,1,-1,-1,-1
245,11943,214.00,157.00,34.00,73.00,1,-1,-1,-1
246,11937,648.48,127.02,25.06,56.21,1,-1,-1,-1
246,11939,32.18,171.13,28.61,65.86,1,-1,-1,-1
246,11941,582.64,194.48,33.03,76.17,1,-1,-1,-1
246,11943,214.00,157.00,34.00,73.00,1,-1,-1,-1
247,11937,648.53,126.96,25.03,56.28,1,-1,-1,-1
247,11939,32.18,171.06,28.66,65.95,1,-1,-1,-1
247,11941,582.31,194.38,32.90,76.11,1,-1,-1,-1
247,11943,214.00,157.00,34.00,73.00,1,-1,-1,-1
248,11937,648.56,126.95,24.97,56.27,1,-1,-1,-1
248,11939,32.16,171.03,28.70,65.98,1,-1,-1,-1
248,11941,582.33,194.42,32.78,76.08,1,-1,-1,-1
248,11943,214.00,157.00,34.00,73.00,1,-1,-1,-1
249,11937,648.60,126.95,24.90,56.24,1,-1,-1,-1
249,11939,32.15,171.02,28.72,65.99,1,-1,-1,-1
249,11941,582.45,194.48,32.66,76.07,1,-1,-1,-1
249,11943,214.00,157.00,34.00,73.00,1,-1,-1,-1
250,11937,648.63,126.95,24.83,56.22,1,-1,-1,-1
250,11939,32.14,171.01,28.75,66.00,1,-1,-1,-1
250,11941,582.59,194.55,32.54,76.05,1,-1,-1,-1
250,11943,214.00,157.00,34.00,73.00,1,-1,-1,-1
251,11935,374.54,230.00,39.28,99.20,1,-1,-1,-1
251,11937,648.62,126.88,24.99,56.57,1,-1,-1,-1
251,11939,32.74,170.34,28.87,66.67,1,-1,-1,-1
251,11941,581.51,193.81,32.58,76.14,1,-1,-1,-1
251,11943,214.00,157.00,34.00,73.00,1,-1,-1,-1
251,11944,544.00,189.00,28.00,84.00,1,-1,-1,-1
252,11935,371.75,229.47,40.69,98.77,1,-1,-1,-1
252,11939,33.02,170.09,28.82,66.92,1,-1,-1,-1
252,11944,544.00,189.00,28.00,84.00,1,-1,-1,-1
253,11935,370.38,229.25,41.70,98.62,1,-1,-1,-1
253,11939,33.16,170.00,28.70,67.01,1,-1,-1,-1
253,11944,544.00,189.00,28.00,84.00,1,-1,-1,-1
254,11935,369.88,229.22,42.49,98.59,1,-1,-1,-1
254,11939,33.26,169.97,28.57,67.04,1,-1,-1,-1
254,11944,544.00,189.00,28.00,84.00,1,-1,-1,-1
255,11935,369.77,229.27,43.11,98.60,1,-1,-1,-1
255,11939,33.33,169.96,28.44,67.04,1,-1,-1,-1
255,11944,544.00,189.00,28.00,84.00,1,-1,-1,-1
256,11935,369.80,229.33,43.62,98.64,1,-1,-1,-1
256,11939,33.39,169.96,28.32,67.04,1,-1,-1,-1
256,11944,544.00,189.00,28.00,84.00,1,-1,-1,-1
257,11935,369.87,229.40,44.03,98.67,1,-1,-1,-1
257,11939,33.45,169.96,28.20,67.04,1,-1,-1,-1
257,11944,544.00,189.00,28.00,84.00,1,-1,-1,-1
258,11935,369.96,229.46,44.38,98.70,1,-1,-1,-1
258,11939,33.50,169.97,28.09,67.04,1,-1,-1,-1
258,11944,544.00,189.00,28.00,84.00,1,-1,-1,-1
259,11935,370.05,229.51,44.68,98.73,1,-1,-1,-1
259,11939,33.54,169.97,27.99,67.03,1,-1,-1,-1
259,11944,544.00,189.00,28.00,84.00,1,-1,-1,-1
260,11935,370.14,229.56,44.93,98.76,1,-1,-1,-1
260,11939,33.59,169.97,27.90,67.03,1,-1,-1,-1
260,11944,544.00,189.00,28.00,84.00,1,-1,-1,-1
261,11935,367.16,228.85,44.76,98.38,1,-1,-1,-1
261,11937,631.65,134.73,28.69,64.85,1,-1,-1,-1
261,11939,33.41,169.32,28.23,67.68,1,-1,-1,-1
261,11944,544.00,189.00,28.00,84.00,1,-1,-1,-1
262,11937,630.92,135.07,28.87,65.17,1,-1,-1,-1
262,11939,33.33,169.08,28.40,67.93,1,-1,-1,-1
263,11937,630.65,135.19,28.94,65.28,1,-1,-1,-1
263,11939,33.28,168.99,28.49,68.02,1,-1,-1,-1
264,11937,630.57,135.22,28.98,65.31,1,-1,-1,-1
264,11939,33.25,168.96,28.55,68.05,1,-1,-1,-1
265,11937,630.57,135.22,28.99,65.30,1,-1,-1,-1
265,11939,33.22,168.95,28.60,68.05,1,-1,-1,-1
266,11937,630.59,135.21,29.00,65.28,1,-1,-1,-1
266,11939,33.20,168.95,28.64,68.05,1,-1,-1,-1
267,11937,630.62,135.19,29.00,65.26,1,-1,-1,-1
267,11939,33.18,168.95,28.67,68.05,1,-1,-1,-1
268,11937,630.65,135.18,29.01,65.24,1,-1,-1,-1
268,11939,33.16,168.96,28.70,68.05,1,-1,-1,-1
269,11937,630.68,135.16,29.01,65.21,1,-1,-1,-1
269,11939,33.15,168.96,28.73,68.04,1,-1,-1,-1
270,11937,630.71,135.14,29.01,65.20,1,-1,-1,-1
270,11939,33.13,168.96,28.76,68.04,1,-1,-1,-1
271,11937,625.65,139.04,26.81,61.27,1,-1,-1,-1
271,11939,28.71,168.97,29.11,68.69,1,-1,-1,-1
271,11943,138.62,153.02,28.67,59.08,1,-1,-1,-1
271,11945,598.00,125.00,33.00,80.00,1,-1,-1,-1
271,11946,458.00,241.00,41.00,90.00,1,-1,-1,-1
272,11937,623.06,138.53,26.60,61.74,1,-1,-1,-1
272,11939,26.06,166.37,30.56,72.18,1,-1,-1,-1
272,11943,133.21,149.98,31.05,62.58,1,-1,-1,-1
272,11945,596.87,121.57,34.40,83.43,1,-1,-1,-1
273,11937,622.26,138.34,26.31,61.91,1,-1,-1,-1
273,11939,25.08,165.39,31.08,73.49,1,-1,-1,-1
273,11943,131.37,149.18,31.99,63.43,1,-1,-1,-1
273,11945,596.69,121.00,34.62,84.00,1,-1,-1,-1
274,11937,621.15,138.73,26.31,61.91,1,-1,-1,-1
274,11939,24.24,166.95,30.96,72.07,1,-1,-1,-1
274,11943,127.27,150.22,32.18,62.44,1,-1,-1,-1
274,11945,596.80,123.05,34.37,83.42,1,-1,-1,-1
275,11939,23.81,167.57,31.14,71.49,1,-1,-1,-1
275,11943,125.72,150.64,32.53,62.07,1,-1,-1,-1
275,11945,596.85,123.79,34.26,83.18,1,-1,-1,-1
276,11939,23.56,167.81,31.43,71.26,1,-1,-1,-1
276,11943,125.15,150.80,32.90,61.94,1,-1,-1,-1
276,11945,596.87,124.03,34.22,83.09,1,-1,-1,-1
277,11939,23.38,167.90,31.74,71.17,1,-1,-1,-1
277,11943,124.94,150.87,33.25,61.90,1,-1,-1,-1
277,11945,596.89,124.11,34.19,83.05,1,-1,-1,-1
278,11939,23.23,167.94,32.04,71.12,1,-1,-1,-1
278,11943,124.87,150.91,33.55,61.90,1,-1,-1,-1
278,11945,596.90,124.12,34.17,83.03,1,-1,-1,-1
279,11939,23.11,167.96,32.31,71.10,1,-1,-1,-1
279,11943,124.86,150.92,33.82,61.90,1,-1,-1,-1
279,11945,596.91,124.11,34.16,83.03,1,-1,-1,-1
280,11939,23.00,167.97,32.57,71.09,1,-1,-1,-1
280,11943,124.86,150.93,34.05,61.91,1,-1,-1,-1
280,11945,596.92,124.10,34.15,83.02,1,-1,-1,-1
281,11939,22.63,167.92,32.63,71.22,1,-1,-1,-1
281,11943,118.66,154.23,33.53,61.26,1,-1,-1,-1
281,11945,596.92,126.09,34.13,83.02,1,-1,-1,-1
282,11943,116.42,155.48,33.26,61.02,1,-1,-1,-1
282,11945,596.93,126.83,34.12,83.01,1,-1,-1,-1
283,11943,115.70,155.93,33.09,60.94,1,-1,-1,-1
283,11945,596.94,127.09,34.11,83.01,1,-1,-1,-1
284,11943,115.53,156.10,32.96,60.91,1,-1,-1,-1
284,11945,596.94,127.17,34.10,83.01,1,-1,-1,-1
285,11943,115.56,156.14,32.86,60.91,1,-1,-1,-1
285,11945,596.95,127.19,34.09,83.01,1,-1,-1,-1
286,11943,115.66,156.15,32.77,60.91,1,-1,-1,-1
286,11945,596.95,127.18,34.09,83.01,1,-1,-1,-1
287,11943,115.77,156.15,32.69,60.92,1,-1,-1,-1
287,11945,596.96,127.17,34.08,83.01,1,-1,-1,-1
288,11943,115.89,156.14,32.63,60.93,1,-1,-1,-1
288,11945,596.96,127.15,34.07,83.01,1,-1,-1,-1
289,11943,115.99,156.12,32.57,60.93,1,-1,-1,-1
289,11945,596.96,127.14,34.06,83.01,1,-1,-1,-1
290,11937,595.77,155.84,29.63,68.90,1,-1,-1,-1
290,11943,114.85,156.32,32.51,60.83,1,-1,-1,-1
290,11945,596.96,127.36,34.07,83.02,1,-1,-1,-1
290,11947,143.00,158.00,33.00,67.00,1,-1,-1,-1
291,11937,595.95,155.60,30.19,70.41,1,-1,-1,-1
291,11947,146.63,158.00,34.32,69.57,1,-1,-1,-1
292,11937,596.03,155.52,30.34,70.94,1,-1,-1,-1
292,11947,147.20,158.00,34.60,70.00,1,-1,-1,-1
293,11937,596.12,155.46,30.37,71.13,1,-1,-1,-1
293,11947,147.32,158.00,34.74,70.11,1,-1,-1,-1
294,11937,596.20,155.41,30.36,71.19,1,-1,-1,-1
294,11947,147.28,158.00,34.85,70.13,1,-1,-1,-1
295,11937,596.28,155.37,30.33,71.21,1,-1,-1,-1
295,11947,147.21,158.00,34.96,70.11,1,-1,-1,-1
296,11937,596.35,155.34,30.29,71.20,1,-1,-1,-1
296,11947,147.12,158.00,35.08,70.10,1,-1,-1,-1
297,11937,596.41,155.31,30.26,71.18,1,-1,-1,-1
297,11947,147.04,158.00,35.20,70.08,1,-1,-1,-1
298,11937,596.46,155.28,30.24,71.17,1,-1,-1,-1
298,11947,146.96,158.00,35.32,70.07,1,-1,-1,-1
299,11937,596.52,155.25,30.21,71.15,1,-1,-1,-1
299,11947,146.88,158.00,35.44,70.06,1,-1,-1,-1
300,11937,596.56,155.23,30.19,71.14,1,-1,-1,-1
300,11947,146.81,158.00,35.56,70.05,1,-1,-1,-1
301,11937,591.81,163.67,30.64,72.43,1,-1,-1,-1
301,11947,146.93,158.00,35.60,70.14,1,-1,-1,-1
301,11948,242.00,165.00,33.00,67.00,1,-1,-1,-1
301,11949,212.00,167.00,31.00,68.00,1,-1,-1,-1
302,11937,590.06,166.85,30.75,72.91,1,-1,-1,-1
302,11948,242.00,165.00,33.00,67.00,1,-1,-1,-1
302,11949,212.00,167.00,31.00,68.00,1,-1,-1,-1
303,11937,589.44,168.04,30.74,73.08,1,-1,-1,-1
303,11948,242.00,165.00,33.00,67.00,1,-1,-1,-1
303,11949,212.00,167.00,31.00,68.00,1,-1,-1,-1
304,11937,589.26,168.45,30.70,73.14,1,-1,-1,-1
304,11948,242.00,165.00,33.00,67.00,1,-1,-1,-1
304,11949,212.00,167.00,31.00,68.00,1,-1,-1,-1
305,11937,589.24,168.57,30.64,73.15,1,-1,-1,-1
305,11948,242.00,165.00,33.00,67.00,1,-1,-1,-1
305,11949,212.00,167.00,31.00,68.00,1,-1,-1,-1
306,11937,589.27,168.58,30.58,73.15,1,-1,-1,-1
306,11948,242.00,165.00,33.00,67.00,1,-1,-1,-1
306,11949,212.00,167.00,31.00,68.00,1,-1,-1,-1
307,11937,589.33,168.55,30.53,73.14,1,-1,-1,-1
307,11948,242.00,165.00,33.00,67.00,1,-1,-1,-1
307,11949,212.00,167.00,31.00,68.00,1,-1,-1,-1
308,11937,589.39,168.51,30.47,73.13,1,-1,-1,-1
308,11948,242.00,165.00,33.00,67.00,1,-1,-1,-1
308,11949,212.00,167.00,31.00,68.00,1,-1,-1,-1
309,11937,589.44,168.46,30.43,73.11,1,-1,-1,-1
309,11948,242.00,165.00,33.00,67.00,1,-1,-1,-1
309,11949,212.00,167.00,31.00,68.00,1,-1,-1,-1
310,11937,589.50,168.42,30.39,73.10,1,-1,-1,-1
310,11948,242.00,165.00,33.00,67.00,1,-1,-1,-1
310,11949,212.00,167.00,31.00,68.00,1,-1,-1,-1
311,11937,593.28,175.55,29.40,69.84,1,-1,-1,-1
311,11948,242.00,165.00,33.00,67.00,1,-1,-1,-1
311,11949,212.00,167.00,31.00,68.00,1,-1,-1,-1
312,11937,594.67,178.26,29.19,68.57,1,-1,-1,-1
313,11937,595.10,179.22,29.29,68.11,1,-1,-1,-1
314,11937,595.18,179.53,29.48,67.95,1,-1,-1,-1
315,11937,595.14,179.61,29.70,67.89,1,-1,-1,-1
316,11937,595.06,179.60,29.91,67.88,1,-1,-1,-1
317,11937,594.96,179.56,30.11,67.89,1,-1,-1,-1
318,11937,594.88,179.51,30.28,67.89,1,-1,-1,-1
319,11937,594.79,179.46,30.45,67.90,1,-1,-1,-1
320,11937,594.72,179.42,30.60,67.91,1,-1,-1,-1
321,11937,593.05,189.85,31.97,71.85,1,-1,-1,-1
322,11937,592.54,193.71,32.25,73.31,1,-1,-1,-1
323,11937,592.45,195.17,32.16,73.88,1,-1,-1,-1
324,11937,592.50,195.68,31.94,74.08,1,-1,-1,-1
325,11937,592.61,195.82,31.69,74.15,1,-1,-1,-1
326,11937,592.73,195.82,31.45,74.17,1,-1,-1,-1
327,11937,592.85,195.78,31.22,74.16,1,-1,-1,-1
328,11937,592.95,195.72,31.01,74.15,1,-1,-1,-1
329,11937,593.05,195.66,30.82,74.14,1,-1,-1,-1
330,11937,593.14,195.60,30.65,74.13,1,-1,-1,-1
331,11937,593.05,196.55,30.73,74.33,1,-1,-1,-1
331,11950,624.00,198.00,38.00,90.00,1,-1,-1,-1
332,11950,624.00,198.00,38.00,90.00,1,-1,-1,-1
333,11950,624.00,198.00,38.00,90.00,1,-1,-1,-1
334,11950,624.00,198.00,38.00,90.00,1,-1,-1,-1
335,11950,624.00,198.00,38.00,90.00,1,-1,-1,-1
336,11950,624.00,198.00,38.00,90.00,1,-1,-1,-1
337,11950,624.00,198.00,38.00,90.00,1,-1,-1,-1
338,11950,624.00,198.00,38.00,90.00,1,-1,-1,-1
339,11950,624.00,198.00,38.00,90.00,1,-1,-1,-1
340,11950,624.00,198.00,38.00,90.00,1,-1,-1,-1
341,11937,645.14,211.80,35.83,85.67,1,-1,-1,-1
341,11950,624.00,198.00,38.00,90.00,1,-1,-1,-1
341,11951,323.00,200.00,44.00,92.00,1,-1,-1,-1
342,11937,651.05,212.38,37.34,88.78,1,-1,-1,-1
342,11951,330.41,196.57,45.47,95.43,1,-1,-1,-1
343,11937,653.13,212.59,37.97,89.89,1,-1,-1,-1
343,11951,331.76,196.00,45.49,96.00,1,-1,-1,-1
344,11937,653.81,212.63,38.27,90.30,1,-1,-1,-1
344,11951,332.24,195.85,45.24,96.15,1,-1,-1,-1
345,11937,653.95,212.62,38.43,90.43,1,-1,-1,-1
345,11951,332.46,195.83,44.88,96.17,1,-1,-1,-1
346,11937,653.89,212.58,38.53,90.45,1,-1,-1,-1
346,11951,332.63,195.85,44.46,96.15,1,-1,-1,-1
347,11937,653.76,212.53,38.60,90.43,1,-1,-1,-1
347,11951,332.80,195.87,44.02,96.13,1,-1,-1,-1
348,11937,653.62,212.49,38.65,90.41,1,-1,-1,-1
348,11951,332.98,195.89,43.56,96.11,1,-1,-1,-1
349,11937,653.48,212.45,38.69,90.37,1,-1,-1,-1
349,11951,333.17,195.91,43.11,96.09,1,-1,-1,-1
350,11937,653.35,212.41,38.73,90.34,1,-1,-1,-1
350,11951,333.37,195.92,42.65,96.08,1,-1,-1,-1
351,11937,655.16,213.05,38.96,90.88,1,-1,-1,-1
351,11951,333.65,195.79,42.71,96.21,1,-1,-1,-1
351,11952,378.00,188.00,39.00,130.00,1,-1,-1,-1
352,11952,378.00,188.00,39.00,130.00,1,-1,-1,-1
353,11952,378.00,188.00,39.00,130.00,1,-1,-1,-1
354,11952,378.00,188.00,39.00,130.00,1,-1,-1,-1
355,11952,378.00,188.00,39.00,130.00,1,-1,-1,-1
356,11952,378.00,188.00,39.00,130.00,1,-1,-1,-1
357,11952,378.00,188.00,39.00,130.00,1,-1,-1,-1
358,11952,378.00,188.00,39.00,130.00,1,-1,-1,-1
359,11952,378.00,188.00,39.00,130.00,1,-1,-1,-1
360,11952,378.00,188.00,39.00,130.00,1,-1,-1,-1
361,11937,703.88,243.11,39.02,95.05,1,-1,-1,-1
361,11952,378.00,188.00,39.00,130.00,1,-1,-1,-1
361,11953,430.00,194.00,38.00,133.00,1,-1,-1,-1
362,11937,706.40,244.36,37.81,95.16,1,-1,-1,-1
362,11953,430.00,194.00,38.00,133.00,1,-1,-1,-1
363,11937,707.57,244.81,36.85,95.21,1,-1,-1,-1
363,11953,430.00,194.00,38.00,133.00,1,-1,-1,-1
364,11937,708.13,244.93,36.09,95.22,1,-1,-1,-1
364,11953,430.00,194.00,38.00,133.00,1,-1,-1,-1
365,11937,708.40,244.91,35.45,95.20,1,-1,-1,-1
365,11953,430.00,194.00,38.00,133.00,1,-1,-1,-1
366,11937,708.56,244.85,34.92,95.19,1,-1,-1,-1
366,11953,430.00,194.00,38.00,133.00,1,-1,-1,-1
367,11937,708.65,244.78,34.48,95.17,1,-1,-1,-1
367,11953,430.00,194.00,38.00,133.00,1,-1,-1,-1
368,11937,708.72,244.71,34.09,95.16,1,-1,-1,-1
368,11953,430.00,194.00,38.00,133.00,1,-1,-1,-1
369,11937,708.77,244.64,33.76,95.14,1,-1,-1,-1
369,11953,430.00,194.00,38.00,133.00,1,-1,-1,-1
370,11937,708.80,244.58,33.47,95.13,1,-1,-1,-1
370,11953,430.00,194.00,38.00,133.00,1,-1,-1,-1
371,11937,710.43,245.52,33.54,95.33,1,-1,-1,-1
371,11953,430.00,194.00,38.00,133.00,1,-1,-1,-1
381,11954,563.00,267.00,46.00,110.00,1,-1,-1,-1
382,11954,566.12,266.14,46.62,111.71,1,-1,-1,-1
383,11954,569.62,266.00,47.48,114.24,1,-1,-1,-1
384,11954,578.18,264.50,47.57,115.07,1,-1,-1,-1
384,11955,535.00,146.00,30.00,93.00,1,-1,-1,-1
385,11954,581.15,263.99,47.36,115.30,1,-1,-1,-1
385,11955,535.00,146.00,30.00,93.00,1,-1,-1,-1
386,11954,582.13,263.84,47.05,115.32,1,-1,-1,-1
386,11955,535.00,146.00,30.00,93.00,1,-1,-1,-1
387,11954,582.43,263.81,46.69,115.30,1,-1,-1,-1
387,11955,535.00,146.00,30.00,93.00,1,-1,-1,-1
388,11954,582.54,263.82,46.32,115.26,1,-1,-1,-1
388,11955,535.00,146.00,30.00,93.00,1,-1,-1,-1
389,11954,582.60,263.84,45.94,115.23,1,-1,-1,-1
389,11955,535.00,146.00,30.00,93.00,1,-1,-1,-1
390,11954,582.65,263.86,45.57,115.20,1,-1,-1,-1
390,11955,535.00,146.00,30.00,93.00,1,-1,-1,-1
391,11954,584.11,263.62,45.70,115.51,1,-1,-1,-1
391,11955,535.00,146.00,30.00,93.00,1,-1,-1,-1
391,11956,730.00,213.00,30.00,109.00,1,-1,-1,-1
391,11957,566.00,133.00,36.00,81.00,1,-1,-1,-1
392,11956,732.38,212.14,30.38,110.71,1,-1,-1,-1
392,11957,569.92,136.43,34.16,76.71,1,-1,-1,-1
392,11958,632.00,285.00,50.00,104.00,1,-1,-1,-1
401,11955,589.83,128.39,27.93,81.26,1,-1,-1,-1
402,11955,591.11,127.78,29.15,80.85,1,-1,-1,-1
403,11955,591.29,127.55,30.19,80.70,1,-1,-1,-1
404,11955,590.99,127.50,31.10,80.66,1,-1,-1,-1
405,11955,590.55,127.51,31.87,80.68,1,-1,-1,-1
406,11955,590.09,127.55,32.55,80.70,1,-1,-1,-1
407,11955,589.66,127.60,33.13,80.73,1,-1,-1,-1
408,11955,589.28,127.64,33.64,80.76,1,-1,-1,-1
409,11955,588.95,127.68,34.09,80.78,1,-1,-1,-1
410,11955,588.65,127.71,34.49,80.81,1,-1,-1,-1
411,11955,590.15,127.24,34.36,80.49,1,-1,-1,-1
411,11959,569.00,122.00,35.00,84.00,1,-1,-1,-1
412,11955,573.38,123.85,35.50,83.14,1,-1,-1,-1
413,11955,569.26,125.69,35.49,82.37,1,-1,-1,-1
414,11955,567.68,126.38,35.65,82.09,1,-1,-1,-1
415,11955,567.03,126.65,35.85,81.99,1,-1,-1,-1
416,11955,566.75,126.76,36.05,81.95,1,-1,-1,-1
417,11955,566.60,126.81,36.24,81.95,1,-1,-1,-1
418,11955,566.51,126.84,36.41,81.95,1,-1,-1,-1
419,11955,566.45,126.86,36.57,81.95,1,-1,-1,-1
420,11955,566.40,126.88,36.71,81.95,1,-1,-1,-1
421,11955,566.02,126.68,36.67,81.88,1,-1,-1,-1
421,11960,549.00,134.00,30.00,76.00,1,-1,-1,-1
422,11955,551.48,132.28,34.20,77.33,1,-1,-1,-1
423,11955,548.22,133.55,33.36,76.27,1,-1,-1,-1
424,11955,547.22,133.99,32.87,75.92,1,-1,-1,-1
425,11955,546.99,134.13,32.53,75.80,1,-1,-1,-1
426,11955,547.03,134.17,32.26,75.77,1,-1,-1,-1
427,11955,547.17,134.18,32.03,75.78,1,-1,-1,-1
428,11955,547.32,134.17,31.83,75.79,1,-1,-1,-1
429,11955,547.48,134.15,31.65,75.81,1,-1,-1,-1
430,11955,547.63,134.14,31.49,75.83,1,-1,-1,-1
431,11955,546.66,134.37,31.37,75.55,1,-1,-1,-1
461,11961,507.00,205.00,42.00,118.00,1,-1,-1,-1
461,11962,345.00,223.00,37.00,76.00,1,-1,-1,-1
462,11961,507.00,205.00,42.00,118.00,1,-1,-1,-1
462,11962,345.00,223.00,37.00,76.00,1,-1,-1,-1
463,11961,507.00,205.00,42.00,118.00,1,-1,-1,-1
463,11962,345.00,223.00,37.00,76.00,1,-1,-1,-1
464,11961,507.00,205.00,42.00,118.00,1,-1,-1,-1
464,11962,345.00,223.00,37.00,76.00,1,-1,-1,-1
465,11961,507.00,205.00,42.00,118.00,1,-1,-1,-1
465,11962,345.00,223.00,37.00,76.00,1,-1,-1,-1
466,11961,507.00,205.00,42.00,118.00,1,-1,-1,-1
466,11962,345.00,223.00,37.00,76.00,1,-1,-1,-1
467,11961,507.00,205.00,42.00,118.00,1,-1,-1,-1
467,11962,345.00,223.00,37.00,76.00,1,-1,-1,-1
468,11961,507.00,205.00,42.00,118.00,1,-1,-1,-1
468,11962,345.00,223.00,37.00,76.00,1,-1,-1,-1
469,11961,507.00,205.00,42.00,118.00,1,-1,-1,-1
469,11962,345.00,223.00,37.00,76.00,1,-1,-1,-1
470,11961,507.00,205.00,42.00,118.00,1,-1,-1,-1
470,11962,345.00,223.00,37.00,76.00,1,-1,-1,-1
471,11961,507.00,205.00,42.00,118.00,1,-1,-1,-1
471,11962,345.00,223.00,37.00,76.00,1,-1,-1,-1
471,11963,671.00,288.00,43.00,130.00,1,-1,-1,-1
472,11963,671.00,288.00,43.00,130.00,1,-1,-1,-1
473,11963,671.00,288.00,43.00,130.00,1,-1,-1,-1
474,11963,671.00,288.00,43.00,130.00,1,-1,-1,-1
475,11963,671.00,288.00,43.00,130.00,1,-1,-1,-1
476,11963,671.00,288.00,43.00,130.00,1,-1,-1,-1
477,11963,671.00,288.00,43.00,130.00,1,-1,-1,-1
478,11963,671.00,288.00,43.00,130.00,1,-1,-1,-1
479,11963,671.00,288.00,43.00,130.00,1,-1,-1,-1
480,11963,671.00,288.00,43.00,130.00,1,-1,-1,-1
481,11963,671.00,288.00,43.00,130.00,1,-1,-1,-1
481,11964,584.00,254.00,44.00,125.00,1,-1,-1,-1
482,11964,583.98,253.14,44.90,127.57,1,-1,-1,-1
483,11964,583.97,253.00,45.05,128.00,1,-1,-1,-1
484,11964,583.97,252.96,45.09,128.11,1,-1,-1,-1
485,11964,583.97,252.96,45.09,128.12,1,-1,-1,-1
486,11964,583.98,252.96,45.09,128.11,1,-1,-1,-1
487,11964,583.98,252.97,45.08,128.10,1,-1,-1,-1
488,11964,583.98,252.97,45.07,128.08,1,-1,-1,-1
489,11964,583.98,252.98,45.06,128.07,1,-1,-1,-1
490,11964,583.98,252.98,45.06,128.06,1,-1,-1,-1
491,11964,573.23,256.32,39.21,112.05,1,-1,-1,-1
492,11964,569.09,256.91,36.90,106.54,1,-1,-1,-1
492,11965,536.00,253.00,33.00,109.00,1,-1,-1,-1
493,11964,567.86,257.10,35.92,104.75,1,-1,-1,-1
493,11965,536.00,253.00,33.00,109.00,1,-1,-1,-1
494,11963,537.12,253.61,35.64,109.37,1,-1,-1,-1
494,11964,567.58,257.15,35.39,104.20,1,-1,-1,-1
495,11963,529.47,251.65,35.25,108.19,1,-1,-1,-1
495,11964,561.10,259.86,34.61,102.05,1,-1,-1,-1
496,11964,562.38,260.84,33.94,100.67,1,-1,-1,-1
496,11966,336.00,202.00,34.00,68.00,1,-1,-1,-1
497,11964,562.97,261.17,33.62,100.25,1,-1,-1,-1
497,11966,336.00,202.00,34.00,68.00,1,-1,-1,-1
498,11964,563.30,261.27,33.42,100.16,1,-1,-1,-1
498,11966,336.00,202.00,34.00,68.00,1,-1,-1,-1
499,11964,563.52,261.28,33.28,100.19,1,-1,-1,-1
499,11966,336.00,202.00,34.00,68.00,1,-1,-1,-1
500,11964,563.68,261.27,33.16,100.26,1,-1,-1,-1
500,11966,336.00,202.00,34.00,68.00,1,-1,-1,-1
501,11964,566.01,253.30,41.26,125.50,1,-1,-1,-1
501,11966,336.00,202.00,34.00,68.00,1,-1,-1,-1
502,11964,566.86,250.53,43.90,134.28,1,-1,-1,-1
503,11964,567.34,249.35,44.89,138.00,1,-1,-1,-1
504,11964,567.61,248.89,45.15,139.44,1,-1,-1,-1
505,11964,567.79,248.73,45.12,139.94,1,-1,-1,-1
506,11964,567.92,248.69,44.99,140.07,1,-1,-1,-1
507,11964,568.03,248.69,44.83,140.06,1,-1,-1,-1
508,11964,568.12,248.70,44.67,140.01,1,-1,-1,-1
509,11964,568.20,248.72,44.52,139.94,1,-1,-1,-1
510,11964,568.28,248.75,44.38,139.86,1,-1,-1,-1
511,11964,568.01,248.34,44.82,141.23,1,-1,-1,-1
511,11967,656.00,432.00,55.00,136.00,1,-1,-1,-1
511,11968,710.00,221.00,28.00,90.00,1,-1,-1,-1
511,11969,635.00,280.00,48.00,137.00,1,-1,-1,-1
512,11967,656.00,432.00,55.00,136.00,1,-1,-1,-1
512,11968,710.00,221.00,28.00,90.00,1,-1,-1,-1
512,11969,635.00,280.00,48.00,137.00,1,-1,-1,-1
513,11967,656.00,432.00,55.00,136.00,1,-1,-1,-1
513,11968,710.00,221.00,28.00,90.00,1,-1,-1,-1
513,11969,635.00,280.00,48.00,137.00,1,-1,-1,-1
514,11967,656.00,432.00,55.00,136.00,1,-1,-1,-1
514,11968,710.00,221.00,28.00,90.00,1,-1,-1,-1
514,11969,635.00,280.00,48.00,137.00,1,-1,-1,-1
515,11967,656.00,432.00,55.00,136.00,1,-1,-1,-1
515,11968,710.00,221.00,28.00,90.00,1,-1,-1,-1
515,11969,635.00,280.00,48.00,137.00,1,-1,-1,-1
516,11967,656.00,432.00,55.00,136.00,1,-1,-1,-1
516,11968,710.00,221.00,28.00,90.00,1,-1,-1,-1
516,11969,635.00,280.00,48.00,137.00,1,-1,-1,-1
517,11967,656.00,432.00,55.00,136.00,1,-1,-1,-1
517,11968,710.00,221.00,28.00,90.00,1,-1,-1,-1
517,11969,635.00,280.00,48.00,137.00,1,-1,-1,-1
518,11967,656.00,432.00,55.00,136.00,1,-1,-1,-1
518,11968,710.00,221.00,28.00,90.00,1,-1,-1,-1
518,11969,635.00,280.00,48.00,137.00,1,-1,-1,-1
519,11967,656.00,432.00,55.00,136.00,1,-1,-1,-1
519,11968,710.00,221.00,28.00,90.00,1,-1,-1,-1
519,11969,635.00,280.00,48.00,137.00,1,-1,-1,-1
520,11967,656.00,432.00,55.00,136.00,1,-1,-1,-1
520,11968,710.00,221.00,28.00,90.00,1,-1,-1,-1
520,11969,635.00,280.00,48.00,137.00,1,-1,-1,-1
521,11967,656.00,432.00,55.00,136.00,1,-1,-1,-1
521,11968,710.00,221.00,28.00,90.00,1,-1,-1,-1
521,11969,635.00,280.00,48.00,137.00,1,-1,-1,-1
521,11970,503.00,413.00,56.00,160.00,1,-1,-1,-1
522,11970,503.00,413.00,56.00,160.00,1,-1,-1,-1
523,11970,503.00,413.00,56.00,160.00,1,-1,-1,-1
524,11970,503.00,413.00,56.00,160.00,1,-1,-1,-1
525,11970,503.00,413.00,56.00,160.00,1,-1,-1,-1
526,11970,503.00,413.00,56.00,160.00,1,-1,-1,-1
527,11970,503.00,413.00,56.00,160.00,1,-1,-1,-1
528,11970,503.00,413.00,56.00,160.00,1,-1,-1,-1
529,11970,503.00,413.00,56.00,160.00,1,-1,-1,-1
530,11970,503.00,413.00,56.00,160.00,1,-1,-1,-1
531,11970,503.00,413.00,56.00,160.00,1,-1,-1,-1
531,11971,354.00,394.00,58.00,151.00,1,-1,-1,-1
532,11971,354.00,394.00,58.00,151.00,1,-1,-1,-1
533,11971,354.00,394.00,58.00,151.00,1,-1,-1,-1
534,11971,354.00,394.00,58.00,151.00,1,-1,-1,-1
535,11971,354.00,394.00,58.00,151.00,1,-1,-1,-1
536,11971,354.00,394.00,58.00,151.00,1,-1,-1,-1
537,11971,354.00,394.00,58.00,151.00,1,-1,-1,-1
538,11971,354.00,394.00,58.00,151.00,1,-1,-1,-1
539,11971,354.00,394.00,58.00,151.00,1,-1,-1,-1
540,11971,354.00,394.00,58.00,151.00,1,-1,-1,-1
541,11971,354.00,394.00,58.00,151.00,1,-1,-1,-1
541,11972,237.00,381.00,60.00,137.00,1,-1,-1,-1
541,11973,274.00,377.00,56.00,141.00,1,-1,-1,-1
542,11972,237.00,381.00,60.00,137.00,1,-1,-1,-1
542,11973,274.00,377.00,56.00,141.00,1,-1,-1,-1
543,11972,237.00,381.00,60.00,137.00,1,-1,-1,-1
543,11973,274.00,377.00,56.00,141.00,1,-1,-1,-1
544,11972,237.00,381.00,60.00,137.00,1,-1,-1,-1
544,11973,274.00,377.00,56.00,141.00,1,-1,-1,-1
545,11972,237.00,381.00,60.00,137.00,1,-1,-1,-1
545,11973,265.38,372.65,56.59,141.72,1,-1,-1,-1
545,11974,141.00,165.00,34.00,67.00,1,-1,-1,-1
545,11975,597.00,182.00,34.00,78.00,1,-1,-1,-1
545,11976,188.00,380.00,73.00,141.00,1,-1,-1,-1
546,11972,200.10,380.16,62.08,140.37,1,-1,-1,-1
546,11973,262.31,371.17,57.01,141.97,1,-1,-1,-1
546,11974,141.00,165.00,34.00,67.00,1,-1,-1,-1
546,11975,597.00,182.00,34.00,78.00,1,-1,-1,-1
547,11972,192.78,380.00,63.01,141.02,1,-1,-1,-1
547,11973,261.21,370.69,57.40,142.05,1,-1,-1,-1
547,11974,141.00,165.00,34.00,67.00,1,-1,-1,-1
547,11975,597.00,182.00,34.00,78.00,1,-1,-1,-1
548,11972,178.13,374.49,64.12,143.27,1,-1,-1,-1
548,11973,247.63,370.57,57.45,141.39,1,-1,-1,-1
548,11974,136.03,166.48,32.81,64.77,1,-1,-1,-1
548,11975,596.64,181.26,33.24,76.52,1,-1,-1,-1
549,11972,173.01,372.50,64.59,144.06,1,-1,-1,-1
549,11973,242.65,370.57,57.68,141.14,1,-1,-1,-1
549,11974,134.38,166.98,32.37,64.03,1,-1,-1,-1
549,11975,596.57,181.01,32.88,76.02,1,-1,-1,-1
550,11972,171.40,371.79,64.81,144.32,1,-1,-1,-1
550,11973,240.88,370.60,57.96,141.05,1,-1,-1,-1
550,11974,133.93,167.13,32.19,63.81,1,-1,-1,-1
550,11975,596.60,180.94,32.67,75.87,1,-1,-1,-1
551,11972,165.39,368.92,63.72,143.06,1,-1,-1,-1
551,11973,235.66,373.32,57.45,139.01,1,-1,-1,-1
551,11974,124.18,171.36,29.77,58.87,1,-1,-1,-1
551,11975,597.11,171.86,33.01,76.54,1,-1,-1,-1
552,11972,162.76,367.88,61.94,139.90,1,-1,-1,-1
552,11973,231.91,375.70,55.84,134.24,1,-1,-1,-1
552,11974,118.18,170.71,29.11,57.84,1,-1,-1,-1
552,11975,596.05,170.01,32.90,76.11,1,-1,-1,-1
553,11972,162.18,367.54,61.06,138.69,1,-1,-1,-1
553,11973,230.59,376.59,55.45,132.47,1,-1,-1,-1
553,11974,116.31,170.46,28.81,57.55,1,-1,-1,-1
553,11975,595.64,169.41,32.91,75.96,1,-1,-1,-1
554,11972,162.27,367.46,60.54,138.23,1,-1,-1,-1
554,11973,230.13,376.92,55.51,131.85,1,-1,-1,-1
554,11974,115.84,170.34,28.63,57.49,1,-1,-1,-1
554,11975,595.47,169.27,32.97,75.91,1,-1,-1,-1
555,11972,162.60,367.46,60.17,138.06,1,-1,-1,-1
555,11973,229.99,377.03,55.72,131.66,1,-1,-1,-1
555,11974,115.83,170.28,28.50,57.51,1,-1,-1,-1
555,11975,595.39,169.27,33.05,75.91,1,-1,-1,-1
556,11972,162.98,367.50,59.86,138.00,1,-1,-1,-1
556,11973,229.97,377.07,55.98,131.62,1,-1,-1,-1
556,11974,115.98,170.23,28.38,57.56,1,-1,-1,-1
556,11975,595.34,169.33,33.12,75.91,1,-1,-1,-1
557,11972,163.36,367.55,59.60,137.98,1,-1,-1,-1
557,11973,229.97,377.08,56.24,131.63,1,-1,-1,-1
557,11974,116.16,170.20,28.28,57.61,1,-1,-1,-1
557,11975,595.31,169.40,33.19,75.92,1,-1,-1,-1
558,11972,163.72,367.59,59.36,137.98,1,-1,-1,-1
558,11973,229.99,377.07,56.48,131.66,1,-1,-1,-1
558,11974,116.34,170.18,28.17,57.65,1,-1,-1,-1
558,11975,595.28,169.46,33.26,75.93,1,-1,-1,-1
559,11972,164.04,367.63,59.14,137.97,1,-1,-1,-1
559,11973,230.00,377.07,56.71,131.69,1,-1,-1,-1
559,11974,116.51,170.16,28.08,57.69,1,-1,-1,-1
559,11975,595.26,169.52,33.33,75.93,1,-1,-1,-1
560,11972,164.33,367.67,58.95,137.98,1,-1,-1,-1
560,11973,230.02,377.06,56.92,131.72,1,-1,-1,-1
560,11974,116.66,170.14,27.99,57.73,1,-1,-1,-1
560,11975,595.24,169.57,33.39,75.94,1,-1,-1,-1
561,11971,175.17,353.33,69.46,179.77,1,-1,-1,-1
561,11972,161.61,367.14,58.93,137.94,1,-1,-1,-1
561,11973,228.46,377.16,56.73,131.26,1,-1,-1,-1
561,11974,115.38,170.36,27.77,57.28,1,-1,-1,-1
561,11975,588.04,163.04,33.34,76.60,1,-1,-1,-1
561,11977,76.00,162.00,25.00,70.00,1,-1,-1,-1
562,11971,171.28,352.48,69.97,180.37,1,-1,-1,-1
562,11975,585.43,160.61,33.13,76.86,1,-1,-1,-1
562,11977,76.00,162.00,25.00,70.00,1,-1,-1,-1
563,11971,169.93,352.19,70.24,180.57,1,-1,-1,-1
563,11975,584.56,159.73,32.88,76.95,1,-1,-1,-1
563,11977,76.00,162.00,25.00,70.00,1,-1,-1,-1
564,11971,169.60,352.13,70.40,180.62,1,-1,-1,-1
564,11975,584.34,159.45,32.63,76.99,1,-1,-1,-1
564,11977,76.00,162.00,25.00,70.00,1,-1,-1,-1
565,11971,169.66,352.16,70.51,180.60,1,-1,-1,-1
565,11975,584.36,159.38,32.39,77.00,1,-1,-1,-1
565,11977,76.00,162.00,25.00,70.00,1,-1,-1,-1
566,11971,169.86,352.21,70.59,180.56,1,-1,-1,-1
566,11975,584.46,159.39,32.17,77.01,1,-1,-1,-1
566,11977,76.00,162.00,25.00,70.00,1,-1,-1,-1
567,11971,170.10,352.28,70.65,180.51,1,-1,-1,-1
567,11975,584.59,159.44,31.97,77.01,1,-1,-1,-1
567,11977,76.00,162.00,25.00,70.00,1,-1,-1,-1
568,11971,170.34,352.34,70.69,180.47,1,-1,-1,-1
568,11975,584.71,159.48,31.78,77.01,1,-1,-1,-1
568,11977,76.00,162.00,25.00,70.00,1,-1,-1,-1
569,11971,170.58,352.40,70.73,180.42,1,-1,-1,-1
569,11975,584.83,159.53,31.62,77.01,1,-1,-1,-1
569,11977,76.00,162.00,25.00,70.00,1,-1,-1,-1
570,11971,170.80,352.45,70.76,180.39,1,-1,-1,-1
570,11975,584.94,159.58,31.46,77.01,1,-1,-1,-1
570,11977,76.00,162.00,25.00,70.00,1,-1,-1,-1
571,11971,166.97,351.58,71.01,181.00,1,-1,-1,-1
571,11975,584.42,158.89,31.47,77.02,1,-1,-1,-1
571,11977,76.00,162.00,25.00,70.00,1,-1,-1,-1
571,11978,19.00,171.00,33.00,70.00,1,-1,-1,-1
571,11979,331.00,157.00,40.00,69.00,1,-1,-1,-1
571,11980,633.00,295.00,42.00,118.00,1,-1,-1,-1
571,11981,564.00,162.00,32.00,79.00,1,-1,-1,-1
572,11975,568.48,161.13,32.07,78.55,1,-1,-1,-1
572,11978,19.00,171.00,33.00,70.00,1,-1,-1,-1
572,11979,331.00,157.00,40.00,69.00,1,-1,-1,-1
572,11980,633.00,295.00,42.00,118.00,1,-1,-1,-1
573,11975,564.81,161.56,32.18,78.90,1,-1,-1,-1
573,11978,19.00,171.00,33.00,70.00,1,-1,-1,-1
573,11979,331.00,157.00,40.00,69.00,1,-1,-1,-1
573,11980,633.00,295.00,42.00,118.00,1,-1,-1,-1
574,11975,563.51,161.73,32.21,79.02,1,-1,-1,-1
574,11978,19.00,171.00,33.00,70.00,1,-1,-1,-1
574,11979,331.00,157.00,40.00,69.00,1,-1,-1,-1
574,11980,633.00,295.00,42.00,118.00,1,-1,-1,-1
575,11975,563.09,161.80,32.21,79.06,1,-1,-1,-1
575,11978,19.00,171.00,33.00,70.00,1,-1,-1,-1
575,11979,331.00,157.00,40.00,69.00,1,-1,-1,-1
575,11980,633.00,295.00,42.00,118.00,1,-1,-1,-1
576,11975,562.99,161.83,32.19,79.07,1,-1,-1,-1
576,11978,19.00,171.00,33.00,70.00,1,-1,-1,-1
576,11979,331.00,157.00,40.00,69.00,1,-1,-1,-1
576,11980,633.00,295.00,42.00,118.00,1,-1,-1,-1
577,11975,563.02,161.86,32.18,79.07,1,-1,-1,-1
577,11978,19.00,171.00,33.00,70.00,1,-1,-1,-1
577,11979,331.00,157.00,40.00,69.00,1,-1,-1,-1
577,11980,633.00,295.00,42.00,118.00,1,-1,-1,-1
578,11975,563.08,161.87,32.16,79.07,1,-1,-1,-1
578,11978,19.00,171.00,33.00,70.00,1,-1,-1,-1
578,11979,331.00,157.00,40.00,69.00,1,-1,-1,-1
578,11980,633.00,295.00,42.00,118.00,1,-1,-1,-1
579,11975,563.16,161.89,32.15,79.06,1,-1,-1,-1
579,11978,19.00,171.00,33.00,70.00,1,-1,-1,-1
579,11979,331.00,157.00,40.00,69.00,1,-1,-1,-1
579,11980,633.00,295.00,42.00,118.00,1,-1,-1,-1
580,11975,563.23,161.90,32.13,79.06,1,-1,-1,-1
580,11978,19.00,171.00,33.00,70.00,1,-1,-1,-1
580,11979,331.00,157.00,40.00,69.00,1,-1,-1,-1
580,11980,633.00,295.00,42.00,118.00,1,-1,-1,-1
581,11971,184.61,424.10,61.23,147.42,1,-1,-1,-1
581,11972,235.44,336.19,54.74,130.07,1,-1,-1,-1
581,11975,562.09,161.73,32.17,79.15,1,-1,-1,-1
581,11978,19.00,171.00,33.00,70.00,1,-1,-1,-1
581,11979,331.00,157.00,40.00,69.00,1,-1,-1,-1
581,11980,630.17,293.00,42.33,120.00,1,-1,-1,-1
581,11982,584.00,179.00,32.00,67.00,1,-1,-1,-1
582,11971,184.84,427.27,63.05,145.92,1,-1,-1,-1
582,11972,237.42,335.63,54.15,129.91,1,-1,-1,-1
582,11980,629.23,292.26,42.21,120.74,1,-1,-1,-1
582,11982,584.00,179.00,32.00,67.00,1,-1,-1,-1
583,11971,184.27,428.34,64.70,145.42,1,-1,-1,-1
583,11972,238.22,335.42,53.76,129.86,1,-1,-1,-1
583,11980,629.00,291.98,41.95,121.02,1,-1,-1,-1
583,11982,584.00,179.00,32.00,67.00,1,-1,-1,-1
584,11971,183.66,428.62,66.11,145.28,1,-1,-1,-1
584,11972,238.50,335.38,53.47,129.85,1,-1,-1,-1
584,11980,629.03,291.89,41.65,121.11,1,-1,-1,-1
584,11982,584.00,179.00,32.00,67.00,1,-1,-1,-1
585,11971,183.11,428.59,67.32,145.29,1,-1,-1,-1
585,11972,238.57,335.41,53.26,129.85,1,-1,-1,-1
585,11980,629.15,291.87,41.35,121.13,1,-1,-1,-1
585,11982,584.00,179.00,32.00,67.00,1,-1,-1,-1
586,11971,182.64,428.47,68.34,145.35,1,-1,-1,-1
586,11972,238.56,335.46,53.10,129.87,1,-1,-1,-1
586,11980,629.30,291.87,41.06,121.13,1,-1,-1,-1
586,11982,584.00,179.00,32.00,67.00,1,-1,-1,-1
587,11971,182.23,428.32,69.21,145.41,1,-1,-1,-1
587,11972,238.53,335.51,52.96,129.88,1,-1,-1,-1
587,11980,629.44,291.88,40.78,121.12,1,-1,-1,-1
587,11982,584.00,179.00,32.00,67.00,1,-1,-1,-1
588,11971,181.87,428.18,69.96,145.47,1,-1,-1,-1
588,11972,238.48,335.56,52.85,129.89,1,-1,-1,-1
588,11980,629.58,291.89,40.53,121.11,1,-1,-1,-1
588,11982,584.00,179.00,32.00,67.00,1,-1,-1,-1
589,11971,181.57,428.06,70.61,145.53,1,-1,-1,-1
589,11972,238.44,335.60,52.75,129.90,1,-1,-1,-1
589,11980,629.71,291.90,40.30,121.10,1,-1,-1,-1
589,11982,584.00,179.00,32.00,67.00,1,-1,-1,-1
590,11971,181.30,427.95,71.18,145.58,1,-1,-1,-1
590,11972,238.40,335.64,52.67,129.91,1,-1,-1,-1
590,11980,629.83,291.91,40.09,121.09,1,-1,-1,-1
590,11982,584.00,179.00,32.00,67.00,1,-1,-1,-1
591,11971,181.27,429.48,70.84,144.90,1,-1,-1,-1
591,11972,239.61,335.07,52.61,129.77,1,-1,-1,-1
591,11980,629.61,291.76,40.14,121.24,1,-1,-1,-1
591,11982,584.00,179.00,32.00,67.00,1,-1,-1,-1
591,11983,348.00,317.00,36.00,119.00,1,-1,-1,-1
592,11983,348.00,317.00,36.00,119.00,1,-1,-1,-1
593,11983,348.00,317.00,36.00,119.00,1,-1,-1,-1
594,11983,348.00,317.00,36.00,119.00,1,-1,-1,-1
595,11983,348.00,317.00,36.00,119.00,1,-1,-1,-1
596,11983,348.00,317.00,36.00,119.00,1,-1,-1,-1
597,11983,348.00,317.00,36.00,119.00,1,-1,-1,-1
598,11983,348.00,317.00,36.00,119.00,1,-1,-1,-1
599,11983,348.00,317.00,36.00,119.00,1,-1,-1,-1
600,11983,348.00,317.00,36.00,119.00,1,-1,-1,-1
601,11971,270.59,431.39,69.58,144.81,1,-1,-1,-1
601,11980,630.55,296.78,38.74,116.22,1,-1,-1,-1
601,11983,348.00,317.00,36.00,119.00,1,-1,-1,-1
601,11984,454.00,306.00,40.00,129.00,1,-1,-1,-1
601,11985,668.00,210.00,39.00,82.00,1,-1,-1,-1
601,11986,559.00,204.00,34.00,86.00,1,-1,-1,-1
602,11971,274.56,431.35,68.71,144.85,1,-1,-1,-1
602,11980,630.52,297.01,38.87,115.99,1,-1,-1,-1
602,11984,454.00,306.00,40.00,129.00,1,-1,-1,-1
602,11985,668.00,210.00,39.00,82.00,1,-1,-1,-1
602,11986,559.00,204.00,34.00,86.00,1,-1,-1,-1
603,11971,276.13,431.34,68.03,144.87,1,-1,-1,-1
603,11980,630.47,297.09,39.00,115.91,1,-1,-1,-1
603,11984,454.00,306.00,40.00,129.00,1,-1,-1,-1
603,11985,668.00,210.00,39.00,82.00,1,-1,-1,-1
603,11986,559.00,204.00,34.00,86.00,1,-1,-1,-1
604,11971,276.72,431.32,67.49,144.88,1,-1,-1,-1
604,11980,630.41,297.11,39.12,115.89,1,-1,-1,-1
604,11984,454.00,306.00,40.00,129.00,1,-1,-1,-1
604,11985,668.00,210.00,39.00,82.00,1,-1,-1,-1
604,11986,559.00,204.00,34.00,86.00,1,-1,-1,-1
605,11971,276.90,431.29,67.05,144.89,1,-1,-1,-1
605,11980,630.36,297.11,39.22,115.89,1,-1,-1,-1
605,11984,454.00,306.00,40.00,129.00,1,-1,-1,-1
605,11985,668.00,210.00,39.00,82.00,1,-1,-1,-1
605,11986,559.00,204.00,34.00,86.00,1,-1,-1,-1
606,11971,276.93,431.27,66.69,144.90,1,-1,-1,-1
606,11980,630.32,297.10,39.31,115.90,1,-1,-1,-1
606,11984,454.00,306.00,40.00,129.00,1,-1,-1,-1
606,11985,668.00,210.00,39.00,82.00,1,-1,-1,-1
606,11986,559.00,204.00,34.00,86.00,1,-1,-1,-1
607,11971,276.89,431.24,66.38,144.91,1,-1,-1,-1
607,11980,630.29,297.09,39.39,115.91,1,-1,-1,-1
607,11984,454.00,306.00,40.00,129.00,1,-1,-1,-1
607,11985,668.00,210.00,39.00,82.00,1,-1,-1,-1
607,11986,559.00,204.00,34.00,86.00,1,-1,-1,-1
608,11971,276.83,431.22,66.12,144.92,1,-1,-1,-1
608,11980,630.26,297.09,39.45,115.91,1,-1,-1,-1
608,11984,454.00,306.00,40.00,129.00,1,-1,-1,-1
608,11985,668.00,210.00,39.00,82.00,1,-1,-1,-1
608,11986,559.00,204.00,34.00,86.00,1,-1,-1,-1
609,11971,276.77,431.20,65.89,144.93,1,-1,-1,-1
609,11980,630.23,297.08,39.51,115.92,1,-1,-1,-1
609,11984,454.00,306.00,40.00,129.00,1,-1,-1,-1
609,11985,668.00,210.00,39.00,82.00,1,-1,-1,-1
609,11986,559.00,204.00,34.00,86.00,1,-1,-1,-1
610,11971,276.71,431.18,65.69,144.93,1,-1,-1,-1
610,11980,630.20,297.07,39.56,115.93,1,-1,-1,-1
610,11984,454.00,306.00,40.00,129.00,1,-1,-1,-1
610,11985,668.00,210.00,39.00,82.00,1,-1,-1,-1
610,11986,559.00,204.00,34.00,86.00,1,-1,-1,-1
611,11971,279.23,431.47,65.64,144.83,1,-1,-1,-1
611,11972,337.37,426.06,60.83,146.82,1,-1,-1,-1
611,11980,631.58,296.41,40.09,117.25,1,-1,-1,-1
611,11984,454.00,306.00,40.00,129.00,1,-1,-1,-1
611,11985,668.00,210.00,39.00,82.00,1,-1,-1,-1
611,11986,559.00,204.00,34.00,86.00,1,-1,-1,-1
611,11987,541.00,295.00,40.00,110.00,1,-1,-1,-1
611,11988,145.00,141.00,39.00,71.00,1,-1,-1,-1
612,11972,338.96,428.05,61.81,147.19,1,-1,-1,-1
612,11980,632.08,296.16,40.32,117.74,1,-1,-1,-1
612,11987,541.00,295.00,40.00,110.00,1,-1,-1,-1
612,11988,145.00,141.00,39.00,71.00,1,-1,-1,-1
613,11972,339.34,428.72,62.44,147.32,1,-1,-1,-1
613,11980,632.25,296.06,40.45,117.93,1,-1,-1,-1
613,11987,541.00,295.00,40.00,110.00,1,-1,-1,-1
613,11988,145.00,141.00,39.00,71.00,1,-1,-1,-1
614,11972,339.26,428.87,62.87,147.35,1,-1,-1,-1
614,11980,632.29,296.02,40.52,118.00,1,-1,-1,-1
614,11987,541.00,295.00,40.00,110.00,1,-1,-1,-1
614,11988,145.00,141.00,39.00,71.00,1,-1,-1,-1
615,11972,339.03,428.81,63.19,147.34,1,-1,-1,-1
615,11980,632.29,296.01,40.58,118.03,1,-1,-1,-1
615,11987,541.00,295.00,40.00,110.00,1,-1,-1,-1
615,11988,145.00,141.00,39.00,71.00,1,-1,-1,-1
616,11972,338.75,428.69,63.44,147.32,1,-1,-1,-1
616,11980,632.27,296.00,40.62,118.03,1,-1,-1,-1
616,11987,541.00,295.00,40.00,110.00,1,-1,-1,-1
616,11988,145.00,141.00,39.00,71.00,1,-1,-1,-1
617,11972,338.49,428.55,63.64,147.29,1,-1,-1,-1
617,11980,632.25,296.00,40.66,118.03,1,-1,-1,-1
617,11987,541.00,295.00,40.00,110.00,1,-1,-1,-1
617,11988,145.00,141.00,39.00,71.00,1,-1,-1,-1
618,11972,338.25,428.41,63.81,147.26,1,-1,-1,-1
618,11980,632.23,296.00,40.69,118.03,1,-1,-1,-1
618,11987,541.00,295.00,40.00,110.00,1,-1,-1,-1
618,11988,145.00,141.00,39.00,71.00,1,-1,-1,-1
619,11972,338.02,428.28,63.94,147.24,1,-1,-1,-1
619,11980,632.20,296.00,40.72,118.03,1,-1,-1,-1
619,11987,541.00,295.00,40.00,110.00,1,-1,-1,-1
619,11988,145.00,141.00,39.00,71.00,1,-1,-1,-1
620,11972,337.83,428.16,64.06,147.22,1,-1,-1,-1
620,11980,632.19,296.00,40.75,118.03,1,-1,-1,-1
620,11987,541.00,295.00,40.00,110.00,1,-1,-1,-1
620,11988,145.00,141.00,39.00,71.00,1,-1,-1,-1
621,11972,358.52,422.84,65.43,152.41,1,-1,-1,-1
621,11980,632.28,296.00,40.77,118.07,1,-1,-1,-1
621,11987,541.00,295.00,40.00,110.00,1,-1,-1,-1
621,11988,145.00,141.00,39.00,71.00,1,-1,-1,-1
621,11989,117.00,147.00,30.00,62.00,1,-1,-1,-1
621,11990,580.00,257.00,42.00,123.00,1,-1,-1,-1
622,11972,366.48,420.81,65.48,154.35,1,-1,-1,-1
622,11989,117.00,147.00,30.00,62.00,1,-1,-1,-1
622,11990,580.00,257.00,42.00,123.00,1,-1,-1,-1
623,11972,366.62,416.10,66.61,159.60,1,-1,-1,-1
623,11990,585.18,257.00,43.65,127.50,1,-1,-1,-1
624,11972,365.59,413.65,66.47,161.58,1,-1,-1,-1
624,11990,587.60,253.36,45.73,133.37,1,-1,-1,-1
624,11991,110.00,150.00,27.00,75.00,1,-1,-1,-1
625,11972,365.32,412.67,65.90,162.32,1,-1,-1,-1
625,11990,588.33,252.08,46.48,135.35,1,-1,-1,-1
625,11991,110.00,150.00,27.00,75.00,1,-1,-1,-1
626,11972,365.33,412.29,65.22,162.56,1,-1,-1,-1
626,11990,588.45,251.68,46.76,135.91,1,-1,-1,-1
626,11991,110.00,150.00,27.00,75.00,1,-1,-1,-1
627,11972,365.44,412.14,64.55,162.61,1,-1,-1,-1
627,11990,588.38,251.58,46.88,135.99,1,-1,-1,-1
627,11991,110.00,150.00,27.00,75.00,1,-1,-1,-1
628,11972,365.58,412.07,63.92,162.60,1,-1,-1,-1
628,11990,588.27,251.59,46.95,135.92,1,-1,-1,-1
628,11991,110.00,150.00,27.00,75.00,1,-1,-1,-1
629,11972,365.72,412.05,63.35,162.56,1,-1,-1,-1
629,11990,588.15,251.63,47.01,135.82,1,-1,-1,-1
629,11991,110.00,150.00,27.00,75.00,1,-1,-1,-1
630,11972,365.85,412.04,62.83,162.51,1,-1,-1,-1
630,11990,588.04,251.67,47.07,135.72,1,-1,-1,-1
630,11991,110.00,150.00,27.00,75.00,1,-1,-1,-1
631,11972,357.21,400.98,58.42,150.12,1,-1,-1,-1
631,11980,561.97,266.00,33.07,93.82,1,-1,-1,-1
631,11990,588.75,251.14,47.47,136.89,1,-1,-1,-1
631,11991,114.97,147.26,28.68,78.42,1,-1,-1,-1
632,11972,353.25,398.69,55.64,141.89,1,-1,-1,-1
632,11980,557.79,264.19,32.56,92.38,1,-1,-1,-1
632,11991,118.08,146.94,29.31,78.32,1,-1,-1,-1
633,11972,351.68,397.89,54.85,138.93,1,-1,-1,-1
633,11991,119.03,146.84,29.93,78.26,1,-1,-1,-1
634,11972,351.00,397.63,54.78,137.89,1,-1,-1,-1
634,11991,119.15,146.82,30.54,78.22,1,-1,-1,-1
635,11972,350.66,397.56,54.95,137.55,1,-1,-1,-1
635,11991,118.97,146.82,31.14,78.19,1,-1,-1,-1
636,11972,350.44,397.57,55.19,137.46,1,-1,-1,-1
636,11991,118.69,146.84,31.70,78.17,1,-1,-1,-1
637,11972,350.28,397.60,55.44,137.47,1,-1,-1,-1
637,11991,118.39,146.85,32.23,78.15,1,-1,-1,-1
638,11972,350.15,397.63,55.68,137.51,1,-1,-1,-1
638,11991,118.09,146.87,32.73,78.13,1,-1,-1,-1
639,11972,350.03,397.67,55.90,137.55,1,-1,-1,-1
639,11991,117.82,146.88,33.20,78.12,1,-1,-1,-1
640,11972,349.93,397.70,56.10,137.59,1,-1,-1,-1
640,11991,117.56,146.89,33.62,78.10,1,-1,-1,-1
641,11972,350.04,397.22,55.83,136.93,1,-1,-1,-1
641,11990,640.44,214.03,30.89,87.00,1,-1,-1,-1
641,11991,121.15,151.49,30.96,71.54,1,-1,-1,-1
642,11990,642.00,212.74,30.67,84.87,1,-1,-1,-1
642,11991,122.46,153.28,30.00,68.99,1,-1,-1,-1
643,11990,642.52,212.22,30.85,84.19,1,-1,-1,-1
643,11991,122.87,153.91,29.75,68.10,1,-1,-1,-1
644,11990,642.48,212.13,31.15,84.04,1,-1,-1,-1
644,11991,122.95,154.13,29.73,67.79,1,-1,-1,-1
645,11990,642.25,212.19,31.46,84.10,1,-1,-1,-1
645,11991,122.92,154.19,29.80,67.71,1,-1,-1,-1
646,11990,641.99,212.28,31.75,84.20,1,-1,-1,-1
646,11991,122.85,154.20,29.90,67.70,1,-1,-1,-1
647,11990,641.76,212.37,32.00,84.30,1,-1,-1,-1
647,11991,122.78,154.19,30.00,67.71,1,-1,-1,-1
648,11990,641.55,212.45,32.22,84.38,1,-1,-1,-1
648,11991,122.70,154.17,30.09,67.74,1,-1,-1,-1
649,11990,641.38,212.52,32.41,84.46,1,-1,-1,-1
649,11991,122.64,154.16,30.17,67.76,1,-1,-1,-1
650,11990,641.23,212.57,32.57,84.52,1,-1,-1,-1
650,11991,122.58,154.14,30.25,67.78,1,-1,-1,-1
651,11972,328.79,371.61,58.57,145.55,1,-1,-1,-1
651,11990,642.21,211.88,32.27,83.74,1,-1,-1,-1
651,11991,122.98,154.37,30.10,67.43,1,-1,-1,-1
651,11992,139.00,156.00,34.00,70.00,1,-1,-1,-1
652,11972,328.20,370.61,58.15,145.94,1,-1,-1,-1
652,11991,136.42,155.68,31.23,69.34,1,-1,-1,-1
653,11972,328.11,370.26,57.76,146.08,1,-1,-1,-1
653,11991,139.37,156.00,31.65,69.73,1,-1,-1,-1
654,11972,328.21,370.18,57.42,146.13,1,-1,-1,-1
654,11991,140.35,156.12,31.94,69.87,1,-1,-1,-1
655,11972,328.36,370.19,57.13,146.14,1,-1,-1,-1
655,11991,140.61,156.15,32.16,69.93,1,-1,-1,-1
656,11972,328.52,370.24,56.89,146.13,1,-1,-1,-1
656,11991,140.60,156.15,32.35,69.95,1,-1,-1,-1
657,11972,328.67,370.31,56.68,146.12,1,-1,-1,-1
657,11991,140.51,156.14,32.52,69.97,1,-1,-1,-1
658,11972,328.80,370.37,56.49,146.11,1,-1,-1,-1
658,11991,140.38,156.13,32.66,69.97,1,-1,-1,-1
659,11972,328.93,370.42,56.33,146.10,1,-1,-1,-1
659,11991,140.26,156.12,32.79,69.97,1,-1,-1,-1
660,11972,329.03,370.48,56.19,146.09,1,-1,-1,-1
660,11991,140.14,156.11,32.91,69.98,1,-1,-1,-1
661,11972,328.41,369.64,56.25,146.24,1,-1,-1,-1
661,11991,141.12,156.28,32.89,69.94,1,-1,-1,-1
671,11972,234.93,343.60,51.27,127.68,1,-1,-1,-1
671,11990,579.21,168.18,28.57,72.97,1,-1,-1,-1
671,11993,220.00,165.00,34.00,69.00,1,-1,-1,-1
671,11994,553.00,261.00,49.00,115.00,1,-1,-1,-1
672,11972,230.43,342.64,52.53,126.90,1,-1,-1,-1
672,11990,577.86,167.41,28.79,72.81,1,-1,-1,-1
672,11993,220.00,165.00,34.00,69.00,1,-1,-1,-1
672,11994,553.00,261.00,49.00,115.00,1,-1,-1,-1
673,11972,228.50,342.28,53.62,126.63,1,-1,-1,-1
673,11990,577.36,167.14,28.96,72.75,1,-1,-1,-1
673,11991,219.00,164.84,32.74,69.01,1,-1,-1,-1
673,11994,553.00,261.00,49.00,115.00,1,-1,-1,-1
674,11972,208.50,337.55,55.09,128.55,1,-1,-1,-1
674,11990,574.99,165.38,28.77,72.27,1,-1,-1,-1
674,11991,222.39,166.50,31.12,64.85,1,-1,-1,-1
674,11994,553.00,261.00,49.00,115.00,1,-1,-1,-1
674,11995,552.00,167.00,33.00,75.00,1,-1,-1,-1
675,11972,201.09,335.85,55.94,129.29,1,-1,-1,-1
675,11990,557.54,166.25,30.07,74.29,1,-1,-1,-1
675,11991,223.43,167.04,30.73,63.48,1,-1,-1,-1
676,11972,198.41,335.27,56.52,129.59,1,-1,-1,-1
676,11990,553.27,166.25,30.62,74.68,1,-1,-1,-1
676,11991,223.65,167.22,30.70,63.00,1,-1,-1,-1
677,11972,197.52,335.13,56.95,129.72,1,-1,-1,-1
677,11990,551.70,166.27,30.98,74.83,1,-1,-1,-1
677,11991,223.55,167.27,30.79,62.84,1,-1,-1,-1
678,11972,197.31,335.13,57.30,129.78,1,-1,-1,-1
678,11990,551.17,166.32,31.26,74.89,1,-1,-1,-1
678,11991,223.35,167.27,30.90,62.79,1,-1,-1,-1
679,11972,197.34,335.19,57.60,129.82,1,-1,-1,-1
679,11990,551.02,166.38,31.47,74.92,1,-1,-1,-1
679,11991,223.12,167.25,31.02,62.79,1,-1,-1,-1
680,11972,197.45,335.26,57.85,129.84,1,-1,-1,-1
680,11990,551.03,166.44,31.65,74.93,1,-1,-1,-1
680,11991,222.91,167.23,31.12,62.81,1,-1,-1,-1
681,11972,193.23,334.05,57.74,129.59,1,-1,-1,-1
681,11990,548.31,165.53,31.61,74.83,1,-1,-1,-1
681,11991,225.38,167.60,30.96,62.48,1,-1,-1,-1
681,11996,502.00,169.00,30.00,68.00,1,-1,-1,-1
682,11996,502.00,169.00,30.00,68.00,1,-1,-1,-1
691,11997,152.00,162.00,37.00,71.00,1,-1,-1,-1
692,11997,152.00,162.00,37.00,71.00,1,-1,-1,-1
693,11997,152.00,162.00,37.00,71.00,1,-1,-1,-1
694,11997,152.00,162.00,37.00,71.00,1,-1,-1,-1
695,11997,152.00,162.00,37.00,71.00,1,-1,-1,-1
696,11997,152.00,162.00,37.00,71.00,1,-1,-1,-1
697,11997,152.00,162.00,37.00,71.00,1,-1,-1,-1
698,11997,152.00,162.00,37.00,71.00,1,-1,-1,-1
699,11997,152.00,162.00,37.00,71.00,1,-1,-1,-1
700,11997,152.00,162.00,37.00,71.00,1,-1,-1,-1
701,11997,152.00,162.00,37.00,71.00,1,-1,-1,-1
711,11998,212.00,187.00,39.00,78.00,1,-1,-1,-1
712,11998,212.00,187.00,39.00,78.00,1,-1,-1,-1
713,11998,214.34,189.25,38.08,76.50,1,-1,-1,-1
714,11998,215.91,190.00,37.68,76.00,1,-1,-1,-1
715,11998,216.44,190.20,37.45,75.86,1,-1,-1,-1
716,11998,216.63,190.24,37.26,75.84,1,-1,-1,-1
717,11998,216.73,190.22,37.07,75.85,1,-1,-1,-1
718,11998,216.80,190.19,36.87,75.87,1,-1,-1,-1
719,11998,216.87,190.17,36.68,75.89,1,-1,-1,-1
720,11998,216.94,190.15,36.49,75.90,1,-1,-1,-1
721,11998,217.27,190.38,36.41,75.75,1,-1,-1,-1
721,11999,59.00,243.00,41.00,99.00,1,-1,-1,-1
721,12000,133.00,193.00,33.00,71.00,1,-1,-1,-1
721,12001,461.00,192.00,36.00,100.00,1,-1,-1,-1
721,12002,559.00,132.00,28.00,52.00,1,-1,-1,-1
722,11999,59.00,243.00,41.00,99.00,1,-1,-1,-1
722,12000,133.00,193.00,33.00,71.00,1,-1,-1,-1
722,12001,461.00,192.00,36.00,100.00,1,-1,-1,-1
722,12002,559.00,132.00,28.00,52.00,1,-1,-1,-1
723,11999,59.00,243.00,41.00,99.00,1,-1,-1,-1
723,12000,133.00,193.00,33.00,71.00,1,-1,-1,-1
723,12001,461.00,192.00,36.00,100.00,1,-1,-1,-1
723,12002,559.00,132.00,28.00,52.00,1,-1,-1,-1
724,11999,59.00,243.00,41.00,99.00,1,-1,-1,-1
724,12000,133.00,193.00,33.00,71.00,1,-1,-1,-1
724,12001,461.00,192.00,36.00,100.00,1,-1,-1,-1
724,12002,559.00,132.00,28.00,52.00,1,-1,-1,-1
725,11999,59.00,243.00,41.00,99.00,1,-1,-1,-1
725,12000,133.00,193.00,33.00,71.00,1,-1,-1,-1
725,12001,461.00,192.00,36.00,100.00,1,-1,-1,-1
725,12002,559.00,132.00,28.00,52.00,1,-1,-1,-1
726,11999,59.00,243.00,41.00,99.00,1,-1,-1,-1
726,12000,133.00,193.00,33.00,71.00,1,-1,-1,-1
726,12001,461.00,192.00,36.00,100.00,1,-1,-1,-1
726,12002,559.00,132.00,28.00,52.00,1,-1,-1,-1
727,11999,59.00,243.00,41.00,99.00,1,-1,-1,-1
727,12000,133.00,193.00,33.00,71.00,1,-1,-1,-1
727,12001,461.00,192.00,36.00,100.00,1,-1,-1,-1
727,12002,559.00,132.00,28.00,52.00,1,-1,-1,-1
728,11999,59.00,243.00,41.00,99.00,1,-1,-1,-1
728,12000,133.00,193.00,33.00,71.00,1,-1,-1,-1
728,12001,461.00,192.00,36.00,100.00,1,-1,-1,-1
728,12002,559.00,132.00,28.00,52.00,1,-1,-1,-1
729,11999,59.00,243.00,41.00,99.00,1,-1,-1,-1
729,12000,133.00,193.00,33.00,71.00,1,-1,-1,-1
729,12001,461.00,192.00,36.00,100.00,1,-1,-1,-1
729,12002,559.00,132.00,28.00,52.00,1,-1,-1,-1
730,11999,59.00,243.00,41.00,99.00,1,-1,-1,-1
730,12000,133.00,193.00,33.00,71.00,1,-1,-1,-1
730,12001,461.00,192.00,36.00,100.00,1,-1,-1,-1
730,12002,559.00,132.00,28.00,52.00,1,-1,-1,-1
731,11999,59.00,243.00,41.00,99.00,1,-1,-1,-1
731,12000,133.00,193.00,33.00,71.00,1,-1,-1,-1
731,12001,461.00,192.00,36.00,100.00,1,-1,-1,-1
731,12002,559.00,132.00,28.00,52.00,1,-1,-1,-1
731,12003,297.00,194.00,34.00,75.00,1,-1,-1,-1
732,12003,297.00,194.00,34.00,75.00,1,-1,-1,-1
733,12004,54.00,179.00,21.00,55.00,1,-1,-1,-1
734,12004,54.00,179.00,21.00,55.00,1,-1,-1,-1
735,12004,54.00,179.00,21.00,55.00,1,-1,-1,-1
736,12004,54.00,179.00,21.00,55.00,1,-1,-1,-1
737,12004,54.00,179.00,21.00,55.00,1,-1,-1,-1
738,12004,54.00,179.00,21.00,55.00,1,-1,-1,-1
739,12004,54.00,179.00,21.00,55.00,1,-1,-1,-1
740,12004,54.00,179.00,21.00,55.00,1,-1,-1,-1
741,12004,54.00,179.00,21.00,55.00,1,-1,-1,-1
741,12005,569.00,196.00,41.00,124.00,1,-1,-1,-1
741,12006,15.00,168.00,30.00,68.00,1,-1,-1,-1
742,12005,569.00,196.00,41.00,124.00,1,-1,-1,-1
742,12006,15.00,168.00,30.00,68.00,1,-1,-1,-1
743,12005,569.00,196.00,41.00,124.00,1,-1,-1,-1
743,12006,15.00,168.00,30.00,68.00,1,-1,-1,-1
744,11999,140.95,217.45,34.30,80.33,1,-1,-1,-1
744,12005,586.48,204.90,37.94,115.10,1,-1,-1,-1
744,12006,15.00,168.00,30.00,68.00,1,-1,-1,-1
745,11999,142.87,216.74,34.84,79.81,1,-1,-1,-1
745,12005,592.42,207.90,36.82,112.10,1,-1,-1,-1
746,11999,143.47,216.47,35.33,79.61,1,-1,-1,-1
746,12005,594.11,208.73,36.40,111.27,1,-1,-1,-1
747,11999,143.43,216.41,35.77,79.57,1,-1,-1,-1
747,12005,594.51,208.90,36.19,111.10,1,-1,-1,-1
748,11999,143.16,216.44,36.16,79.59,1,-1,-1,-1
748,12005,594.51,208.86,36.05,111.14,1,-1,-1,-1
749,11999,142.84,216.49,36.49,79.62,1,-1,-1,-1
749,12005,594.41,208.76,35.92,111.24,1,-1,-1,-1
750,11999,142.53,216.54,36.77,79.66,1,-1,-1,-1
750,12005,594.30,208.67,35.79,111.33,1,-1,-1,-1
751,11999,144.99,215.78,36.52,79.11,1,-1,-1,-1
751,12005,596.48,209.79,35.43,110.21,1,-1,-1,-1
751,12007,204.00,219.00,35.00,78.00,1,-1,-1,-1
751,12008,632.00,216.00,41.00,110.00,1,-1,-1,-1
752,12001,631.29,215.83,39.89,109.93,1,-1,-1,-1
752,12007,204.00,219.00,35.00,78.00,1,-1,-1,-1
753,12001,638.60,214.96,39.25,108.79,1,-1,-1,-1
753,12007,213.24,211.49,42.03,93.76,1,-1,-1,-1
754,12001,641.18,214.64,38.94,108.39,1,-1,-1,-1
754,12007,216.34,208.99,44.34,99.02,1,-1,-1,-1
755,12001,641.97,214.50,38.76,108.22,1,-1,-1,-1
755,12007,217.37,208.19,45.04,100.71,1,-1,-1,-1
756,12001,642.07,214.42,38.64,108.15,1,-1,-1,-1
756,12007,217.59,208.03,45.11,101.04,1,-1,-1,-1
757,12001,641.93,214.37,38.55,108.12,1,-1,-1,-1
757,12007,217.57,208.08,45.00,100.94,1,-1,-1,-1
758,12001,641.71,214.33,38.48,108.10,1,-1,-1,-1
758,12007,217.49,208.17,44.83,100.74,1,-1,-1,-1
759,12001,641.47,214.29,38.43,108.09,1,-1,-1,-1
759,12007,217.40,208.27,44.67,100.53,1,-1,-1,-1
760,12001,641.24,214.26,38.38,108.08,1,-1,-1,-1
760,12007,217.33,208.36,44.51,100.34,1,-1,-1,-1
761,12001,645.12,214.69,38.42,108.21,1,-1,-1,-1
761,12007,218.56,207.36,45.44,102.44,1,-1,-1,-1
761,12009,454.00,193.00,40.00,130.00,1,-1,-1,-1
762,12009,454.00,193.00,40.00,130.00,1,-1,-1,-1
763,12009,454.00,193.00,40.00,130.00,1,-1,-1,-1
764,12009,454.00,193.00,40.00,130.00,1,-1,-1,-1
765,12009,454.00,193.00,40.00,130.00,1,-1,-1,-1
766,12009,454.00,193.00,40.00,130.00,1,-1,-1,-1
767,12009,454.00,193.00,40.00,130.00,1,-1,-1,-1
768,12009,454.00,193.00,40.00,130.00,1,-1,-1,-1
769,12009,454.00,193.00,40.00,130.00,1,-1,-1,-1
770,12009,454.00,193.00,40.00,130.00,1,-1,-1,-1
771,12009,454.00,193.00,40.00,130.00,1,-1,-1,-1
781,12009,566.92,230.96,36.11,117.35,1,-1,-1,-1
782,12009,576.07,229.54,36.99,120.45,1,-1,-1,-1
783,12009,579.11,229.25,37.19,121.31,1,-1,-1,-1
784,12009,580.04,229.07,37.24,121.65,1,-1,-1,-1
785,12009,580.15,228.94,37.24,121.79,1,-1,-1,-1
786,12009,579.98,228.83,37.23,121.85,1,-1,-1,-1
787,12009,579.74,228.74,37.21,121.88,1,-1,-1,-1
788,12009,579.48,228.67,37.19,121.90,1,-1,-1,-1
789,12009,579.24,228.60,37.17,121.91,1,-1,-1,-1
790,12009,579.03,228.54,37.15,121.92,1,-1,-1,-1
791,12009,582.43,229.41,37.11,121.79,1,-1,-1,-1
