1,11072,159.14,158.36,63.23,172.15,1,-1,-1,-1
1,11090,325.08,116.12,72.08,214.52,1,-1,-1,-1
1,11091,-6.66,152.29,44.18,199.15,1,-1,-1,-1
1,11112,250.06,179.06,43.23,127.88,1,-1,-1,-1
1,11113,373.21,121.75,95.60,247.88,1,-1,-1,-1
1,11115,59.00,203.00,43.00,131.00,1,-1,-1,-1
1,11116,288.00,192.00,40.00,112.00,1,-1,-1,-1
2,11112,255.91,185.60,44.18,126.92,1,-1,-1,-1
2,11115,59.00,203.00,43.00,131.00,1,-1,-1,-1
2,11116,288.00,192.00,40.00,112.00,1,-1,-1,-1
3,11112,257.47,187.93,45.26,126.60,1,-1,-1,-1
3,11115,59.00,203.00,43.00,131.00,1,-1,-1,-1
3,11116,288.00,192.00,40.00,112.00,1,-1,-1,-1
4,11112,257.49,188.72,46.34,126.53,1,-1,-1,-1
4,11115,59.00,203.00,43.00,131.00,1,-1,-1,-1
4,11116,288.00,192.00,40.00,112.00,1,-1,-1,-1
5,11112,256.99,188.94,47.36,126.53,1,-1,-1,-1
5,11115,59.00,203.00,43.00,131.00,1,-1,-1,-1
5,11116,288.00,192.00,40.00,112.00,1,-1,-1,-1
6,11112,260.95,192.25,43.72,115.33,1,-1,-1,-1
6,11115,59.00,203.00,43.00,131.00,1,-1,-1,-1
6,11116,288.00,192.00,40.00,112.00,1,-1,-1,-1
7,11112,262.01,193.40,42.60,111.08,1,-1,-1,-1
8,11112,262.12,193.74,42.49,109.66,1,-1,-1,-1
9,11112,261.91,193.81,42.72,109.21,1,-1,-1,-1
10,11112,261.60,193.78,43.05,109.11,1,-1,-1,-1
11,11072,213.70,211.43,27.60,78.99,1,-1,-1,-1
11,11112,265.95,190.39,45.34,115.13,1,-1,-1,-1
11,11116,308.70,194.86,38.70,109.14,1,-1,-1,-1
11,11117,371.00,212.00,23.00,66.00,1,-1,-1,-1
12,11072,215.57,213.21,25.43,75.69,1,-1,-1,-1
12,11112,267.52,189.13,46.13,117.35,1,-1,-1,-1
12,11116,310.17,195.05,38.38,108.95,1,-1,-1,-1
12,11117,371.00,212.00,23.00,66.00,1,-1,-1,-1
13,11072,216.64,213.86,24.28,74.55,1,-1,-1,-1
13,11112,268.03,188.62,46.41,118.24,1,-1,-1,-1
13,11116,310.74,195.11,38.13,108.89,1,-1,-1,-1
13,11117,371.00,212.00,23.00,66.00,1,-1,-1,-1
14,11072,217.00,213.93,23.63,74.43,1,-1,-1,-1
14,11112,268.13,188.40,46.48,118.60,1,-1,-1,-1
14,11116,310.95,195.13,37.92,108.87,1,-1,-1,-1
14,11117,371.00,212.00,23.00,66.00,1,-1,-1,-1
15,11072,217.13,213.83,23.18,74.60,1,-1,-1,-1
15,11112,268.10,188.30,46.48,118.74,1,-1,-1,-1
15,11116,311.01,195.13,37.73,108.87,1,-1,-1,-1
15,11117,371.00,212.00,23.00,66.00,1,-1,-1,-1
16,11072,218.85,215.37,22.37,72.00,1,-1,-1,-1
16,11112,270.42,188.71,46.37,118.46,1,-1,-1,-1
16,11116,315.52,195.78,39.80,114.82,1,-1,-1,-1
16,11117,371.00,212.00,23.00,66.00,1,-1,-1,-1
16,11118,113.00,209.00,52.00,124.00,1,-1,-1,-1
17,11116,317.16,196.01,40.57,117.02,1,-1,-1,-1
17,11118,113.00,209.00,52.00,124.00,1,-1,-1,-1
18,11090,120.05,207.68,44.31,125.14,1,-1,-1,-1
18,11116,317.72,196.10,40.88,117.86,1,-1,-1,-1
19,11090,115.18,209.52,45.21,123.45,1,-1,-1,-1
19,11116,317.88,196.12,40.99,118.17,1,-1,-1,-1
20,11090,112.86,210.32,45.99,122.67,1,-1,-1,-1
20,11116,317.88,196.12,41.03,118.27,1,-1,-1,-1
21,11090,84.63,176.14,60.61,168.75,1,-1,-1,-1
21,11112,269.45,184.51,48.92,126.24,1,-1,-1,-1
21,11116,318.59,190.91,40.18,116.98,1,-1,-1,-1
22,11090,75.57,165.05,63.74,183.80,1,-1,-1,-1
22,11112,269.41,184.16,48.76,126.88,1,-1,-1,-1
22,11116,318.91,188.91,39.64,116.47,1,-1,-1,-1
23,11090,72.84,160.23,64.07,190.24,1,-1,-1,-1
23,11112,269.49,184.03,48.51,127.10,1,-1,-1,-1
23,11116,319.09,188.17,39.23,116.27,1,-1,-1,-1
24,11090,72.68,158.44,63.26,192.59,1,-1,-1,-1
24,11112,269.56,183.98,48.26,127.17,1,-1,-1,-1
24,11116,319.20,187.90,38.91,116.18,1,-1,-1,-1
25,11090,73.38,157.90,62.14,193.27,1,-1,-1,-1
25,11112,269.62,183.97,48.02,127.19,1,-1,-1,-1
25,11116,319.29,187.81,38.62,116.14,1,-1,-1,-1
26,11090,45.52,149.51,69.96,211.23,1,-1,-1,-1
26,11112,270.58,183.90,48.15,127.53,1,-1,-1,-1
26,11115,168.49,200.01,32.99,105.13,1,-1,-1,-1
26,11116,320.76,189.10,38.83,119.38,1,-1,-1,-1
27,11090,34.36,146.32,74.05,218.06,1,-1,-1,-1
27,11115,170.66,199.97,31.82,104.74,1,-1,-1,-1
27,11116,321.53,189.59,38.43,120.60,1,-1,-1,-1
28,11090,29.74,145.18,76.52,220.60,1,-1,-1,-1
28,11115,171.77,199.95,31.00,104.56,1,-1,-1,-1
28,11116,322.00,189.79,37.86,121.05,1,-1,-1,-1
29,11090,27.87,144.87,78.21,221.38,1,-1,-1,-1
29,11115,172.18,199.95,30.41,104.53,1,-1,-1,-1
29,11116,322.35,189.87,37.26,121.21,1,-1,-1,-1
30,11090,27.09,144.87,79.49,221.48,1,-1,-1,-1
30,11115,172.30,199.95,29.95,104.56,1,-1,-1,-1
30,11116,322.62,189.91,36.68,121.25,1,-1,-1,-1
31,11090,18.37,141.42,81.55,227.22,1,-1,-1,-1
31,11112,269.04,181.21,49.93,136.37,1,-1,-1,-1
31,11115,157.80,199.29,31.90,109.28,1,-1,-1,-1
31,11116,321.82,185.37,38.22,127.75,1,-1,-1,-1
32,11112,269.40,180.99,48.95,137.07,1,-1,-1,-1
32,11115,152.27,199.05,32.91,111.02,1,-1,-1,-1
32,11116,321.63,183.68,38.55,130.18,1,-1,-1,-1
33,11112,269.81,180.91,48.03,137.32,1,-1,-1,-1
33,11115,149.98,198.96,33.55,111.70,1,-1,-1,-1
33,11116,321.65,183.03,38.46,131.10,1,-1,-1,-1
34,11112,270.18,180.89,47.22,137.39,1,-1,-1,-1
34,11115,148.99,198.93,33.99,111.95,1,-1,-1,-1
34,11116,321.73,182.79,38.23,131.43,1,-1,-1,-1
35,11112,270.51,180.89,46.52,137.39,1,-1,-1,-1
35,11115,148.52,198.93,34.34,112.04,1,-1,-1,-1
35,11116,321.83,182.72,37.96,131.52,1,-1,-1,-1
36,11112,270.55,188.03,44.43,130.88,1,-1,-1,-1
36,11115,132.26,209.39,33.92,110.11,1,-1,-1,-1
36,11116,321.44,190.48,36.74,125.69,1,-1,-1,-1
36,11119,76.00,221.00,26.00,64.00,1,-1,-1,-1
37,11112,270.53,190.80,43.66,128.34,1,-1,-1,-1
37,11115,126.04,213.38,33.84,109.37,1,-1,-1,-1
37,11116,321.16,193.51,36.49,123.39,1,-1,-1,-1
37,11119,76.00,221.00,26.00,64.00,1,-1,-1,-1
38,11112,270.49,191.81,43.43,127.40,1,-1,-1,-1
38,11115,123.73,214.84,33.88,109.09,1,-1,-1,-1
38,11116,320.93,194.63,36.61,122.53,1,-1,-1,-1
38,11119,76.00,221.00,26.00,64.00,1,-1,-1,-1
39,11112,270.45,192.17,43.38,127.05,1,-1,-1,-1
39,11115,122.88,215.36,33.97,108.99,1,-1,-1,-1
39,11116,320.75,195.03,36.85,122.21,1,-1,-1,-1
39,11119,76.00,221.00,26.00,64.00,1,-1,-1,-1
40,11112,270.41,192.28,43.41,126.93,1,-1,-1,-1
40,11115,122.60,215.51,34.06,108.96,1,-1,-1,-1
40,11116,320.58,195.17,37.12,122.08,1,-1,-1,-1
40,11119,76.00,221.00,26.00,64.00,1,-1,-1,-1
41,11112,269.70,190.99,42.81,123.62,1,-1,-1,-1
41,11115,120.89,216.54,34.02,108.85,1,-1,-1,-1
41,11116,316.84,195.86,36.70,119.42,1,-1,-1,-1
41,11119,76.00,221.00,26.00,64.00,1,-1,-1,-1
42,11112,269.29,190.47,42.85,122.37,1,-1,-1,-1
42,11116,315.31,196.11,36.75,118.40,1,-1,-1,-1
43,11112,269.02,190.27,43.12,121.92,1,-1,-1,-1
43,11116,314.65,196.18,36.96,118.03,1,-1,-1,-1
44,11112,268.80,190.19,43.45,121.77,1,-1,-1,-1
44,11116,314.33,196.20,37.21,117.90,1,-1,-1,-1
45,11112,268.62,190.14,43.77,121.74,1,-1,-1,-1
45,11116,314.14,196.19,37.46,117.86,1,-1,-1,-1
46,11112,269.28,186.84,44.41,125.02,1,-1,-1,-1
46,11116,313.88,196.52,37.37,117.59,1,-1,-1,-1
47,11112,269.67,185.60,44.36,126.26,1,-1,-1,-1
48,11112,269.94,185.13,44.08,126.74,1,-1,-1,-1
49,11112,270.16,184.96,43.74,126.92,1,-1,-1,-1
50,11112,270.35,184.90,43.40,126.99,1,-1,-1,-1
51,11112,270.43,184.67,43.42,127.04,1,-1,-1,-1
51,11116,312.04,186.90,39.79,126.20,1,-1,-1,-1
51,11120,0.00,162.00,75.00,179.00,1,-1,-1,-1
52,11116,312.02,186.13,39.75,126.89,1,-1,-1,-1
52,11120,0.00,162.00,75.00,179.00,1,-1,-1,-1
53,11116,312.08,185.85,39.61,127.14,1,-1,-1,-1
53,11120,0.00,162.00,75.00,179.00,1,-1,-1,-1
54,11116,312.16,185.77,39.46,127.22,1,-1,-1,-1
54,11120,0.00,162.00,75.00,179.00,1,-1,-1,-1
55,11116,312.24,185.75,39.31,127.23,1,-1,-1,-1
55,11120,0.00,162.00,75.00,179.00,1,-1,-1,-1
56,11112,282.05,191.34,40.27,116.89,1,-1,-1,-1
56,11116,312.23,187.70,38.06,122.03,1,-1,-1,-1
56,11120,0.00,162.00,75.00,179.00,1,-1,-1,-1
57,11112,282.87,191.91,40.24,116.05,1,-1,-1,-1
57,11116,312.15,188.48,37.73,120.00,1,-1,-1,-1
58,11112,283.08,192.09,40.36,115.78,1,-1,-1,-1
58,11116,312.05,188.77,37.77,119.26,1,-1,-1,-1
59,11112,283.09,192.15,40.51,115.70,1,-1,-1,-1
59,11116,311.95,188.88,37.92,118.99,1,-1,-1,-1
60,11112,283.02,192.16,40.66,115.69,1,-1,-1,-1
60,11116,311.86,188.93,38.10,118.90,1,-1,-1,-1
61,11112,281.40,194.12,41.23,115.70,1,-1,-1,-1
61,11116,313.76,190.92,39.54,122.80,1,-1,-1,-1
61,11121,3.00,33.00,99.00,428.00,1,-1,-1,-1
62,11112,280.62,194.85,41.73,115.73,1,-1,-1,-1
62,11116,314.42,191.66,40.18,124.27,1,-1,-1,-1
62,11121,3.00,33.00,99.00,428.00,1,-1,-1,-1
63,11112,280.19,195.11,42.17,115.75,1,-1,-1,-1
63,11116,314.63,191.94,40.52,124.83,1,-1,-1,-1
63,11121,3.00,33.00,99.00,428.00,1,-1,-1,-1
64,11112,279.91,195.20,42.56,115.78,1,-1,-1,-1
64,11116,314.67,192.04,40.73,125.04,1,-1,-1,-1
64,11121,3.00,33.00,99.00,428.00,1,-1,-1,-1
65,11112,279.69,195.21,42.91,115.80,1,-1,-1,-1
65,11116,314.64,192.08,40.87,125.11,1,-1,-1,-1
65,11121,3.00,33.00,99.00,428.00,1,-1,-1,-1
66,11112,281.97,190.62,44.86,121.06,1,-1,-1,-1
66,11116,316.65,190.78,41.44,127.08,1,-1,-1,-1
66,11119,127.24,216.02,23.20,58.02,1,-1,-1,-1
66,11121,3.00,33.00,99.00,428.00,1,-1,-1,-1
67,11112,282.81,188.90,45.59,123.02,1,-1,-1,-1
67,11116,317.42,190.29,41.61,127.82,1,-1,-1,-1
67,11119,128.03,215.95,22.94,57.94,1,-1,-1,-1
68,11112,283.12,188.24,45.88,123.78,1,-1,-1,-1
68,11116,317.73,190.10,41.63,128.09,1,-1,-1,-1
68,11119,128.38,215.92,22.76,57.91,1,-1,-1,-1
69,11112,283.22,187.99,45.99,124.06,1,-1,-1,-1
69,11116,317.85,190.03,41.60,128.18,1,-1,-1,-1
69,11119,128.49,215.92,22.64,57.90,1,-1,-1,-1
70,11112,283.24,187.91,46.03,124.15,1,-1,-1,-1
70,11116,317.91,190.00,41.56,128.20,1,-1,-1,-1
70,11119,128.49,215.92,22.55,57.91,1,-1,-1,-1
71,11112,283.39,187.88,47.03,125.48,1,-1,-1,-1
71,11116,325.09,189.34,40.85,127.54,1,-1,-1,-1
71,11119,128.27,217.92,21.51,53.95,1,-1,-1,-1
72,11112,283.30,187.88,47.67,125.97,1,-1,-1,-1
72,11116,327.95,189.09,40.32,127.28,1,-1,-1,-1
72,11119,128.01,218.69,21.32,52.44,1,-1,-1,-1
73,11112,283.14,187.88,48.15,126.14,1,-1,-1,-1
73,11116,329.12,189.00,39.88,127.18,1,-1,-1,-1
73,11119,127.79,218.96,21.44,51.92,1,-1,-1,-1
74,11112,282.95,187.89,48.55,126.20,1,-1,-1,-1
74,11116,329.63,188.96,39.50,127.13,1,-1,-1,-1
74,11119,127.59,219.05,21.66,51.76,1,-1,-1,-1
75,11112,282.77,187.90,48.89,126.20,1,-1,-1,-1
75,11116,329.89,188.96,39.16,127.10,1,-1,-1,-1
75,11119,127.42,219.08,21.89,51.72,1,-1,-1,-1
76,11112,288.28,189.86,48.91,126.20,1,-1,-1,-1
76,11116,336.16,194.18,38.38,123.83,1,-1,-1,-1
76,11119,127.64,218.42,22.02,52.39,1,-1,-1,-1
77,11112,290.36,190.61,48.92,126.18,1,-1,-1,-1
77,11116,338.45,196.17,38.20,122.57,1,-1,-1,-1
77,11119,127.74,218.17,22.00,52.65,1,-1,-1,-1
78,11112,291.12,190.90,48.93,126.17,1,-1,-1,-1
78,11116,339.21,196.90,38.25,122.11,1,-1,-1,-1
78,11119,127.79,218.07,21.93,52.76,1,-1,-1,-1
79,11112,291.38,191.00,48.93,126.15,1,-1,-1,-1
79,11116,339.40,197.16,38.37,121.94,1,-1,-1,-1
79,11119,127.82,218.03,21.85,52.82,1,-1,-1,-1
80,11112,291.45,191.04,48.94,126.14,1,-1,-1,-1
80,11116,339.38,197.24,38.50,121.89,1,-1,-1,-1
80,11119,127.84,218.02,21.77,52.85,1,-1,-1,-1
81,11112,295.39,187.79,51.49,132.64,1,-1,-1,-1
81,11116,340.57,197.72,38.43,121.64,1,-1,-1,-1
81,11119,127.91,218.01,22.25,54.18,1,-1,-1,-1
81,11121,407.64,201.57,27.48,107.71,1,-1,-1,-1
82,11112,296.85,186.57,52.45,135.07,1,-1,-1,-1
82,11119,127.94,218.01,22.40,54.68,1,-1,-1,-1
82,11121,410.82,203.26,28.52,104.50,1,-1,-1,-1
83,11112,297.38,186.10,52.83,136.00,1,-1,-1,-1
83,11119,127.95,218.01,22.43,54.88,1,-1,-1,-1
83,11121,413.00,204.44,29.32,102.26,1,-1,-1,-1
84,11112,297.54,185.93,52.97,136.32,1,-1,-1,-1
84,11119,127.96,218.01,22.41,54.95,1,-1,-1,-1
84,11121,412.03,204.28,30.54,102.57,1,-1,-1,-1
85,11112,297.57,185.87,53.02,136.42,1,-1,-1,-1
85,11119,127.97,218.01,22.38,54.98,1,-1,-1,-1
85,11121,410.88,204.00,31.63,103.09,1,-1,-1,-1
86,11112,295.63,182.62,56.87,146.80,1,-1,-1,-1
86,11116,363.16,202.79,35.21,108.93,1,-1,-1,-1
86,11119,127.95,221.27,21.75,52.39,1,-1,-1,-1
86,11121,413.56,202.33,33.32,107.86,1,-1,-1,-1
86,11122,183.00,221.00,18.00,68.00,1,-1,-1,-1
86,11123,223.00,223.00,22.00,64.00,1,-1,-1,-1
87,11112,294.96,181.41,58.19,150.67,1,-1,-1,-1
87,11116,364.54,203.14,35.53,107.95,1,-1,-1,-1
87,11119,127.83,222.52,21.70,51.39,1,-1,-1,-1
87,11121,414.27,201.72,34.03,109.56,1,-1,-1,-1
87,11122,183.00,221.00,18.00,68.00,1,-1,-1,-1
87,11123,223.00,223.00,22.00,64.00,1,-1,-1,-1
88,11112,294.72,180.94,58.60,152.17,1,-1,-1,-1
88,11116,364.86,203.26,35.96,107.62,1,-1,-1,-1
88,11119,127.68,222.97,21.89,51.03,1,-1,-1,-1
88,11121,414.28,201.45,34.41,110.25,1,-1,-1,-1
88,11122,183.00,221.00,18.00,68.00,1,-1,-1,-1
88,11123,223.00,223.00,22.00,64.00,1,-1,-1,-1
89,11112,294.65,180.78,58.66,152.69,1,-1,-1,-1
89,11116,364.78,203.29,36.37,107.53,1,-1,-1,-1
89,11119,127.53,223.12,22.13,50.91,1,-1,-1,-1
89,11121,414.09,201.32,34.65,110.55,1,-1,-1,-1
89,11122,183.00,221.00,18.00,68.00,1,-1,-1,-1
89,11123,223.00,223.00,22.00,64.00,1,-1,-1,-1
90,11112,294.64,180.73,58.58,152.84,1,-1,-1,-1
90,11116,364.58,203.28,36.76,107.53,1,-1,-1,-1
90,11119,127.38,223.17,22.39,50.87,1,-1,-1,-1
90,11121,413.86,201.25,34.82,110.68,1,-1,-1,-1
90,11122,183.00,221.00,18.00,68.00,1,-1,-1,-1
90,11123,223.00,223.00,22.00,64.00,1,-1,-1,-1
91,11112,296.81,182.66,54.81,141.25,1,-1,-1,-1
91,11116,361.63,188.08,45.16,132.64,1,-1,-1,-1
91,11119,127.56,223.51,22.27,50.60,1,-1,-1,-1
91,11121,414.86,193.87,37.21,118.09,1,-1,-1,-1
91,11122,183.00,221.00,18.00,68.00,1,-1,-1,-1
91,11123,223.00,223.00,22.00,64.00,1,-1,-1,-1
92,11112,297.50,183.45,53.58,136.60,1,-1,-1,-1
92,11116,360.72,182.73,47.99,141.48,1,-1,-1,-1
92,11121,415.18,191.17,38.12,120.80,1,-1,-1,-1
93,11112,297.58,183.74,53.44,134.90,1,-1,-1,-1
93,11116,360.30,180.48,49.09,145.19,1,-1,-1,-1
93,11121,415.20,190.13,38.50,121.84,1,-1,-1,-1
94,11112,297.46,183.86,53.66,134.27,1,-1,-1,-1
94,11116,360.12,179.62,49.43,146.61,1,-1,-1,-1
94,11121,415.13,189.76,38.66,122.22,1,-1,-1,-1
95,11112,297.27,183.90,53.99,134.04,1,-1,-1,-1
95,11116,360.06,179.33,49.47,147.09,1,-1,-1,-1
95,11121,415.04,189.65,38.74,122.33,1,-1,-1,-1
96,11112,303.64,181.30,53.03,130.68,1,-1,-1,-1
96,11116,364.45,177.34,47.60,143.38,1,-1,-1,-1
96,11121,416.41,188.94,38.96,123.02,1,-1,-1,-1
96,11122,206.71,216.23,17.38,64.18,1,-1,-1,-1
96,11123,245.98,217.27,23.77,69.73,1,-1,-1,-1
97,11112,305.93,180.32,52.86,129.41,1,-1,-1,-1
97,11116,366.28,176.62,46.54,141.84,1,-1,-1,-1
97,11122,208.08,215.92,17.66,63.93,1,-1,-1,-1
97,11123,247.61,216.89,23.73,70.11,1,-1,-1,-1
98,11112,306.66,179.96,52.99,128.95,1,-1,-1,-1
98,11116,367.09,176.38,45.84,141.21,1,-1,-1,-1
98,11122,208.44,215.81,17.95,63.85,1,-1,-1,-1
98,11123,248.21,216.76,23.61,70.24,1,-1,-1,-1
99,11112,306.81,179.85,53.21,128.80,1,-1,-1,-1
99,11116,367.49,176.33,45.31,140.92,1,-1,-1,-1
99,11122,208.42,215.79,18.23,63.83,1,-1,-1,-1
99,11123,248.41,216.73,23.47,70.27,1,-1,-1,-1
100,11112,306.75,179.82,53.45,128.76,1,-1,-1,-1
100,11116,367.72,176.35,44.87,140.77,1,-1,-1,-1
100,11122,208.26,215.79,18.49,63.84,1,-1,-1,-1
100,11123,248.45,216.73,23.34,70.27,1,-1,-1,-1
101,11112,307.99,177.19,54.90,132.70,1,-1,-1,-1
101,11116,367.67,178.99,44.25,138.73,1,-1,-1,-1
101,11122,210.03,215.44,18.41,63.55,1,-1,-1,-1
101,11123,250.26,216.28,23.49,70.72,1,-1,-1,-1
102,11112,308.48,176.22,55.34,134.18,1,-1,-1,-1
102,11116,367.61,180.04,44.02,137.91,1,-1,-1,-1
103,11112,308.69,175.86,55.41,134.75,1,-1,-1,-1
103,11116,367.56,180.46,43.94,137.57,1,-1,-1,-1
104,11112,308.77,175.75,55.36,134.97,1,-1,-1,-1
104,11116,367.50,180.63,43.91,137.42,1,-1,-1,-1
105,11112,308.82,175.72,55.26,135.04,1,-1,-1,-1
105,11116,367.46,180.72,43.91,137.34,1,-1,-1,-1
106,11112,303.28,178.34,53.88,131.16,1,-1,-1,-1
106,11116,363.48,179.46,44.60,136.64,1,-1,-1,-1
106,11123,227.79,220.44,22.13,65.64,1,-1,-1,-1
106,11124,271.00,212.00,17.00,74.00,1,-1,-1,-1
107,11112,301.09,179.36,53.46,129.66,1,-1,-1,-1
107,11116,361.71,178.99,45.34,136.36,1,-1,-1,-1
107,11123,225.56,220.84,22.23,65.16,1,-1,-1,-1
107,11124,271.00,212.00,17.00,74.00,1,-1,-1,-1
108,11112,300.21,179.74,53.41,129.12,1,-1,-1,-1
108,11116,360.82,178.83,46.04,136.24,1,-1,-1,-1
108,11123,224.81,220.97,22.40,65.01,1,-1,-1,-1
108,11124,271.00,212.00,17.00,74.00,1,-1,-1,-1
109,11112,299.84,179.89,53.49,128.92,1,-1,-1,-1
109,11116,360.29,178.79,46.70,136.19,1,-1,-1,-1
109,11123,224.49,221.01,22.57,64.96,1,-1,-1,-1
109,11124,271.00,212.00,17.00,74.00,1,-1,-1,-1
110,11112,299.67,179.95,53.60,128.86,1,-1,-1,-1
110,11116,359.91,178.78,47.30,136.16,1,-1,-1,-1
110,11123,224.35,221.02,22.72,64.95,1,-1,-1,-1
110,11124,271.00,212.00,17.00,74.00,1,-1,-1,-1
111,11112,298.09,180.63,54.05,130.81,1,-1,-1,-1
111,11116,356.07,178.14,47.07,135.48,1,-1,-1,-1
111,11123,223.81,221.08,22.68,64.84,1,-1,-1,-1
111,11124,271.00,212.00,17.00,74.00,1,-1,-1,-1
111,11125,86.00,204.00,33.00,97.00,1,-1,-1,-1
111,11126,149.00,195.00,31.00,106.00,1,-1,-1,-1
112,11112,297.61,180.88,54.02,131.55,1,-1,-1,-1
112,11116,354.62,177.91,46.99,135.22,1,-1,-1,-1
112,11125,86.00,204.00,33.00,97.00,1,-1,-1,-1
112,11126,149.00,195.00,31.00,106.00,1,-1,-1,-1
113,11112,297.52,180.98,53.83,131.84,1,-1,-1,-1
113,11116,354.07,177.84,46.96,135.12,1,-1,-1,-1
113,11125,86.00,204.00,33.00,97.00,1,-1,-1,-1
113,11126,149.00,195.00,31.00,106.00,1,-1,-1,-1
114,11112,297.57,181.01,53.60,131.95,1,-1,-1,-1
114,11116,353.88,177.82,46.96,135.07,1,-1,-1,-1
114,11125,86.00,204.00,33.00,97.00,1,-1,-1,-1
114,11126,149.00,195.00,31.00,106.00,1,-1,-1,-1
115,11112,297.68,181.02,53.37,131.99,1,-1,-1,-1
115,11116,353.82,177.83,46.96,135.05,1,-1,-1,-1
115,11125,86.00,204.00,33.00,97.00,1,-1,-1,-1
115,11126,149.00,195.00,31.00,106.00,1,-1,-1,-1
116,11112,296.81,181.68,54.45,136.57,1,-1,-1,-1
116,11116,351.93,178.49,47.46,138.31,1,-1,-1,-1
116,11124,245.06,200.54,23.05,95.96,1,-1,-1,-1
116,11125,68.89,196.22,36.11,106.19,1,-1,-1,-1
116,11126,140.79,187.93,34.69,116.61,1,-1,-1,-1
117,11112,296.70,181.92,54.43,138.29,1,-1,-1,-1
117,11116,351.40,178.75,47.31,139.53,1,-1,-1,-1
117,11124,242.81,199.74,24.35,97.49,1,-1,-1,-1
117,11125,62.98,193.53,37.16,109.37,1,-1,-1,-1
117,11126,137.73,185.49,36.42,120.27,1,-1,-1,-1
118,11112,296.86,182.01,54.05,138.94,1,-1,-1,-1
118,11116,351.36,178.85,46.94,139.99,1,-1,-1,-1
118,11124,241.78,199.47,25.32,98.01,1,-1,-1,-1
118,11125,60.88,192.57,37.53,110.51,1,-1,-1,-1
118,11126,136.40,184.61,37.49,121.59,1,-1,-1,-1
119,11112,297.10,182.05,53.56,139.17,1,-1,-1,-1
119,11116,351.51,178.90,46.52,140.15,1,-1,-1,-1
119,11124,241.25,199.40,26.12,98.14,1,-1,-1,-1
119,11125,60.25,192.28,37.62,110.85,1,-1,-1,-1
119,11126,135.77,184.34,38.28,121.98,1,-1,-1,-1
120,11112,297.35,182.05,53.07,139.24,1,-1,-1,-1
120,11116,351.70,178.92,46.11,140.20,1,-1,-1,-1
120,11124,240.92,199.41,26.81,98.13,1,-1,-1,-1
120,11125,60.17,192.24,37.61,110.90,1,-1,-1,-1
120,11126,135.39,184.31,38.97,122.04,1,-1,-1,-1
121,11112,290.26,182.70,52.98,139.25,1,-1,-1,-1
121,11116,343.43,182.84,45.10,136.95,1,-1,-1,-1
121,11124,228.20,197.52,30.52,112.20,1,-1,-1,-1
121,11125,57.21,190.89,38.15,112.49,1,-1,-1,-1
121,11126,142.19,204.06,35.94,113.44,1,-1,-1,-1
121,11127,92.00,187.00,49.00,141.00,1,-1,-1,-1
121,11128,14.00,188.00,45.00,139.00,1,-1,-1,-1
122,11112,287.59,182.95,52.89,139.24,1,-1,-1,-1
122,11116,340.27,184.34,44.74,135.69,1,-1,-1,-1
122,11124,223.49,196.80,31.82,117.46,1,-1,-1,-1
122,11126,144.99,211.80,34.59,109.99,1,-1,-1,-1
122,11127,92.00,187.00,49.00,141.00,1,-1,-1,-1
122,11128,14.00,188.00,45.00,139.00,1,-1,-1,-1
123,11112,286.63,183.04,52.81,139.23,1,-1,-1,-1
123,11116,339.11,184.90,44.63,135.22,1,-1,-1,-1
123,11124,221.68,196.54,32.27,119.54,1,-1,-1,-1
123,11125,19.33,188.03,45.65,135.17,1,-1,-1,-1
123,11126,146.09,214.55,33.94,108.73,1,-1,-1,-1
123,11127,92.00,187.00,49.00,141.00,1,-1,-1,-1
124,11112,286.31,183.06,52.73,139.21,1,-1,-1,-1
124,11116,338.71,185.09,44.61,135.04,1,-1,-1,-1
124,11124,221.08,196.47,32.36,120.28,1,-1,-1,-1
124,11125,13.23,187.51,46.71,138.86,1,-1,-1,-1
124,11126,146.57,215.49,33.57,108.26,1,-1,-1,-1
124,11127,92.00,187.00,49.00,141.00,1,-1,-1,-1
125,11112,286.24,183.07,52.66,139.19,1,-1,-1,-1
125,11116,338.59,185.15,44.63,134.98,1,-1,-1,-1
125,11124,220.97,196.48,32.31,120.48,1,-1,-1,-1
125,11125,11.04,187.35,47.00,140.22,1,-1,-1,-1
125,11126,146.81,215.78,33.30,108.09,1,-1,-1,-1
125,11127,92.00,187.00,49.00,141.00,1,-1,-1,-1
126,11112,264.98,180.46,53.47,142.43,1,-1,-1,-1
126,11116,320.44,185.82,43.63,133.00,1,-1,-1,-1
126,11124,198.85,197.14,33.24,122.40,1,-1,-1,-1
126,11125,5.31,186.14,48.11,143.52,1,-1,-1,-1
126,11126,146.84,217.43,33.29,108.06,1,-1,-1,-1
126,11127,88.91,206.80,45.27,130.39,1,-1,-1,-1
126,11129,560.00,225.00,31.00,99.00,1,-1,-1,-1
127,11112,257.10,179.48,53.54,143.64,1,-1,-1,-1
127,11116,313.69,186.06,43.07,132.25,1,-1,-1,-1
127,11124,190.24,197.42,33.79,123.08,1,-1,-1,-1
127,11127,87.83,213.87,43.91,126.61,1,-1,-1,-1
127,11129,560.00,225.00,31.00,99.00,1,-1,-1,-1
128,11112,254.26,179.10,53.35,144.09,1,-1,-1,-1
128,11116,311.33,186.14,42.69,131.98,1,-1,-1,-1
128,11124,186.90,197.55,34.18,123.26,1,-1,-1,-1
128,11127,87.50,216.06,43.46,125.43,1,-1,-1,-1
128,11129,560.00,225.00,31.00,99.00,1,-1,-1,-1
129,11112,253.36,178.96,53.09,144.24,1,-1,-1,-1
129,11116,310.62,186.16,42.41,131.89,1,-1,-1,-1
129,11124,185.64,197.62,34.49,123.26,1,-1,-1,-1
129,11127,87.44,216.65,43.31,125.12,1,-1,-1,-1
129,11129,560.00,225.00,31.00,99.00,1,-1,-1,-1
130,11112,253.20,178.92,52.82,144.28,1,-1,-1,-1
130,11116,310.51,186.16,42.17,131.86,1,-1,-1,-1
130,11124,185.21,197.67,34.74,123.20,1,-1,-1,-1
130,11127,87.45,216.69,43.25,125.09,1,-1,-1,-1
130,11129,560.00,225.00,31.00,99.00,1,-1,-1,-1
131,11112,251.03,173.05,55.17,154.04,1,-1,-1,-1
131,11116,307.65,180.91,43.32,135.79,1,-1,-1,-1
131,11124,184.43,193.19,36.30,130.19,1,-1,-1,-1
131,11127,70.52,217.24,42.69,123.13,1,-1,-1,-1
131,11129,560.00,225.00,31.00,99.00,1,-1,-1,-1
131,11130,165.00,176.00,46.00,162.00,1,-1,-1,-1
132,11112,250.59,170.87,55.34,157.67,1,-1,-1,-1
132,11116,306.67,178.94,43.69,137.26,1,-1,-1,-1
132,11124,184.29,191.50,36.64,132.82,1,-1,-1,-1
132,11127,64.29,217.31,42.57,122.49,1,-1,-1,-1
132,11130,165.00,176.00,46.00,162.00,1,-1,-1,-1
133,11112,250.81,170.02,54.80,159.06,1,-1,-1,-1
133,11116,306.40,178.19,43.78,137.83,1,-1,-1,-1
133,11124,184.46,190.86,36.55,133.79,1,-1,-1,-1
133,11127,62.08,217.23,42.61,122.31,1,-1,-1,-1
133,11130,165.00,176.00,46.00,162.00,1,-1,-1,-1
134,11112,251.25,169.72,54.04,159.56,1,-1,-1,-1
134,11116,306.41,177.91,43.77,138.04,1,-1,-1,-1
134,11124,184.73,190.63,36.32,134.09,1,-1,-1,-1
134,11127,61.36,217.12,42.71,122.30,1,-1,-1,-1
134,11130,165.00,176.00,46.00,162.00,1,-1,-1,-1
135,11112,251.74,169.63,53.24,159.70,1,-1,-1,-1
135,11116,306.50,177.82,43.72,138.11,1,-1,-1,-1
135,11124,185.01,190.57,36.04,134.14,1,-1,-1,-1
135,11127,61.16,217.00,42.81,122.35,1,-1,-1,-1
135,11130,165.00,176.00,46.00,162.00,1,-1,-1,-1
136,11112,253.31,171.56,51.58,154.55,1,-1,-1,-1
136,11116,304.59,177.43,43.80,138.36,1,-1,-1,-1
136,11124,182.45,189.81,36.56,136.07,1,-1,-1,-1
136,11127,58.70,218.66,42.43,121.24,1,-1,-1,-1
136,11130,165.00,176.00,46.00,162.00,1,-1,-1,-1
137,11112,253.98,172.33,50.96,152.50,1,-1,-1,-1
138,11112,254.27,172.63,50.75,151.71,1,-1,-1,-1
139,11112,254.41,172.76,50.69,151.40,1,-1,-1,-1
140,11112,254.49,172.82,50.69,151.27,1,-1,-1,-1
141,11112,251.57,172.85,49.48,147.94,1,-1,-1,-1
141,11116,305.82,175.04,45.39,143.65,1,-1,-1,-1
141,11124,134.27,182.36,54.96,192.33,1,-1,-1,-1
142,11112,250.52,172.87,48.97,146.66,1,-1,-1,-1
142,11116,306.11,174.88,45.46,144.06,1,-1,-1,-1
142,11124,128.92,181.75,59.08,197.15,1,-1,-1,-1
143,11112,250.19,172.88,48.74,146.18,1,-1,-1,-1
143,11116,306.22,174.82,45.45,144.21,1,-1,-1,-1
143,11124,126.29,181.53,61.92,198.96,1,-1,-1,-1
144,11112,250.13,172.90,48.62,146.01,1,-1,-1,-1
144,11116,306.29,174.81,45.42,144.25,1,-1,-1,-1
144,11124,124.87,181.48,64.04,199.53,1,-1,-1,-1
145,11112,250.16,172.91,48.54,145.95,1,-1,-1,-1
145,11116,306.36,174.81,45.38,144.25,1,-1,-1,-1
145,11124,123.98,181.48,65.73,199.63,1,-1,-1,-1
146,11112,252.64,175.54,47.57,141.35,1,-1,-1,-1
146,11116,308.28,180.68,43.59,137.08,1,-1,-1,-1
146,11124,119.74,180.64,67.17,203.99,1,-1,-1,-1
146,11130,79.07,124.87,86.10,292.78,1,-1,-1,-1
147,11112,253.49,176.54,47.48,139.60,1,-1,-1,-1
147,11116,308.95,182.96,43.10,134.29,1,-1,-1,-1
147,11130,74.32,122.75,90.15,298.20,1,-1,-1,-1
148,11112,253.69,176.91,47.71,138.97,1,-1,-1,-1
148,11116,309.12,183.79,43.12,133.27,1,-1,-1,-1
148,11130,72.19,122.09,92.71,299.88,1,-1,-1,-1
149,11112,253.65,177.04,48.05,138.76,1,-1,-1,-1
149,11116,309.10,184.08,43.30,132.91,1,-1,-1,-1
149,11130,71.07,121.94,94.55,300.26,1,-1,-1,-1
150,11112,253.55,177.08,48.39,138.70,1,-1,-1,-1
150,11116,309.03,184.18,43.53,132.80,1,-1,-1,-1
150,11130,70.38,121.97,96.01,300.19,1,-1,-1,-1
151,11112,253.14,176.44,48.64,139.36,1,-1,-1,-1
151,11116,305.60,176.32,46.49,144.59,1,-1,-1,-1
151,11130,64.92,118.76,98.64,308.41,1,-1,-1,-1
152,11112,252.99,176.19,48.74,139.62,1,-1,-1,-1
152,11116,304.61,173.43,47.05,148.92,1,-1,-1,-1
153,11112,252.94,176.09,48.79,139.73,1,-1,-1,-1
153,11116,304.46,172.30,46.83,150.62,1,-1,-1,-1
154,11112,252.92,176.05,48.82,139.79,1,-1,-1,-1
154,11116,304.61,171.87,46.35,151.25,1,-1,-1,-1
155,11112,252.92,176.04,48.84,139.82,1,-1,-1,-1
155,11116,304.87,171.73,45.80,151.46,1,-1,-1,-1
156,11112,254.16,179.30,47.70,137.23,1,-1,-1,-1
156,11116,303.54,170.40,47.18,156.68,1,-1,-1,-1
157,11112,254.70,180.53,47.14,136.25,1,-1,-1,-1
157,11116,303.10,169.91,47.59,158.64,1,-1,-1,-1
158,11112,254.97,180.99,46.82,135.90,1,-1,-1,-1
158,11116,302.99,169.74,47.64,159.36,1,-1,-1,-1
159,11112,255.12,181.14,46.61,135.79,1,-1,-1,-1
159,11116,303.02,169.69,47.56,159.60,1,-1,-1,-1
160,11112,255.22,181.19,46.44,135.76,1,-1,-1,-1
160,11116,303.08,169.69,47.44,159.65,1,-1,-1,-1
161,11112,253.60,177.26,49.05,141.67,1,-1,-1,-1
161,11116,310.44,178.13,43.76,146.68,1,-1,-1,-1
162,11112,252.82,175.79,50.36,143.87,1,-1,-1,-1
162,11116,313.31,181.47,42.37,141.53,1,-1,-1,-1
163,11112,252.39,175.22,51.16,144.72,1,-1,-1,-1
163,11116,314.30,182.66,41.95,139.68,1,-1,-1,-1
164,11112,252.09,175.01,51.72,145.04,1,-1,-1,-1
164,11116,314.62,183.08,41.87,139.02,1,-1,-1,-1
165,11112,251.87,174.93,52.17,145.14,1,-1,-1,-1
165,11116,314.69,183.22,41.91,138.79,1,-1,-1,-1
166,11112,253.94,171.01,56.48,158.83,1,-1,-1,-1
166,11116,318.41,191.81,38.46,124.90,1,-1,-1,-1
166,11131,25.00,227.00,29.00,54.00,1,-1,-1,-1
166,11132,140.00,196.00,36.00,106.00,1,-1,-1,-1
166,11133,108.00,189.00,46.00,116.00,1,-1,-1,-1
167,11112,254.89,169.56,57.71,163.89,1,-1,-1,-1
167,11116,319.66,195.10,37.46,119.56,1,-1,-1,-1
167,11131,25.00,227.00,29.00,54.00,1,-1,-1,-1
167,11132,140.00,196.00,36.00,106.00,1,-1,-1,-1
167,11133,108.00,189.00,46.00,116.00,1,-1,-1,-1
168,11112,255.42,168.99,57.89,165.88,1,-1,-1,-1
168,11116,319.90,196.21,37.47,117.77,1,-1,-1,-1
168,11131,25.00,227.00,29.00,54.00,1,-1,-1,-1
168,11132,140.00,196.00,36.00,106.00,1,-1,-1,-1
168,11133,108.00,189.00,46.00,116.00,1,-1,-1,-1
169,11112,255.76,168.79,57.67,166.60,1,-1,-1,-1
169,11116,319.80,196.55,37.81,117.19,1,-1,-1,-1
169,11131,25.00,227.00,29.00,54.00,1,-1,-1,-1
169,11132,140.00,196.00,36.00,106.00,1,-1,-1,-1
169,11133,108.00,189.00,46.00,116.00,1,-1,-1,-1
170,11112,256.01,168.73,57.32,166.83,1,-1,-1,-1
170,11116,319.60,196.63,38.23,117.06,1,-1,-1,-1
170,11131,25.00,227.00,29.00,54.00,1,-1,-1,-1
170,11132,140.00,196.00,36.00,106.00,1,-1,-1,-1
170,11133,108.00,189.00,46.00,116.00,1,-1,-1,-1
171,11112,255.37,162.28,57.99,170.73,1,-1,-1,-1
171,11116,315.78,177.96,40.53,125.07,1,-1,-1,-1
171,11131,25.00,227.00,29.00,54.00,1,-1,-1,-1
171,11132,140.00,196.00,36.00,106.00,1,-1,-1,-1
171,11133,91.76,189.71,45.95,115.29,1,-1,-1,-1
171,11134,169.00,192.00,40.00,112.00,1,-1,-1,-1
172,11112,255.31,159.83,57.87,172.18,1,-1,-1,-1
172,11116,314.47,171.17,41.18,128.00,1,-1,-1,-1
172,11133,85.96,189.96,46.10,115.04,1,-1,-1,-1
172,11134,169.00,192.00,40.00,112.00,1,-1,-1,-1
173,11112,255.45,158.91,57.49,172.69,1,-1,-1,-1
173,11116,314.04,168.57,41.29,129.17,1,-1,-1,-1
173,11133,83.95,190.04,46.31,114.96,1,-1,-1,-1
173,11134,169.00,192.00,40.00,112.00,1,-1,-1,-1
174,11112,255.64,158.59,57.03,172.83,1,-1,-1,-1
174,11116,313.94,167.62,41.20,129.63,1,-1,-1,-1
174,11133,83.30,190.06,46.56,114.94,1,-1,-1,-1
174,11134,169.00,192.00,40.00,112.00,1,-1,-1,-1
175,11112,255.85,158.49,56.57,172.84,1,-1,-1,-1
175,11116,313.97,167.31,41.03,129.81,1,-1,-1,-1
175,11133,83.12,190.06,46.81,114.94,1,-1,-1,-1
175,11134,169.00,192.00,40.00,112.00,1,-1,-1,-1
176,11112,256.35,151.37,60.07,185.09,1,-1,-1,-1
176,11116,311.94,165.29,47.01,150.10,1,-1,-1,-1
176,11133,80.45,190.18,46.76,114.82,1,-1,-1,-1
176,11134,160.59,182.10,44.81,125.43,1,-1,-1,-1
177,11112,256.69,148.71,61.09,189.67,1,-1,-1,-1
177,11116,311.34,164.53,48.91,157.47,1,-1,-1,-1
177,11134,157.68,178.69,46.47,130.06,1,-1,-1,-1
178,11112,256.94,147.70,61.22,191.42,1,-1,-1,-1
178,11116,311.21,164.28,49.46,160.47,1,-1,-1,-1
178,11134,156.62,177.45,47.09,131.74,1,-1,-1,-1
179,11112,257.16,147.35,61.02,192.02,1,-1,-1,-1
179,11116,311.27,164.23,49.46,161.59,1,-1,-1,-1
179,11134,156.30,177.07,47.28,132.26,1,-1,-1,-1
180,11112,257.34,147.26,60.71,192.18,1,-1,-1,-1
180,11116,311.39,164.26,49.26,161.97,1,-1,-1,-1
180,11134,156.24,177.02,47.32,132.33,1,-1,-1,-1
181,11112,257.36,145.95,61.38,194.30,1,-1,-1,-1
181,11116,314.98,161.10,44.66,149.87,1,-1,-1,-1
181,11134,154.77,175.29,48.16,134.68,1,-1,-1,-1
182,11116,316.62,159.92,42.39,144.98,1,-1,-1,-1
183,11116,317.42,159.52,41.14,143.18,1,-1,-1,-1
184,11116,317.91,159.41,40.29,142.50,1,-1,-1,-1
185,11116,318.26,159.40,39.63,142.24,1,-1,-1,-1
186,11112,268.08,188.21,40.16,124.85,1,-1,-1,-1
186,11116,318.36,167.95,40.74,146.71,1,-1,-1,-1
186,11132,1.81,117.66,75.38,225.98,1,-1,-1,-1
186,11134,131.86,166.97,62.20,169.88,1,-1,-1,-1
187,11112,268.84,192.46,38.47,117.88,1,-1,-1,-1
187,11116,318.44,171.17,41.07,148.39,1,-1,-1,-1
187,11132,-1.82,115.32,75.54,229.58,1,-1,-1,-1
187,11134,129.43,166.38,64.50,172.73,1,-1,-1,-1
188,11112,268.89,193.48,38.38,116.20,1,-1,-1,-1
188,11116,318.50,172.42,41.12,149.01,1,-1,-1,-1
188,11132,-2.60,114.64,75.07,230.61,1,-1,-1,-1
188,11134,128.23,166.18,65.96,173.75,1,-1,-1,-1
189,11112,268.78,193.76,38.61,115.74,1,-1,-1,-1
189,11116,318.55,172.89,41.08,149.23,1,-1,-1,-1
189,11132,-2.51,114.51,74.49,230.81,1,-1,-1,-1
189,11134,127.58,166.14,67.01,174.04,1,-1,-1,-1
190,11112,268.61,193.78,38.92,115.71,1,-1,-1,-1
190,11116,318.59,173.06,41.00,149.30,1,-1,-1,-1
190,11132,-2.17,114.55,73.93,230.75,1,-1,-1,-1
190,11134,127.17,166.18,67.83,174.04,1,-1,-1,-1
191,11112,265.30,176.01,48.93,147.83,1,-1,-1,-1
191,11116,317.81,171.82,43.20,153.86,1,-1,-1,-1
191,11132,-8.96,110.69,75.83,236.66,1,-1,-1,-1
191,11134,119.10,157.90,75.73,194.43,1,-1,-1,-1
192,11112,264.46,170.01,51.78,158.68,1,-1,-1,-1
192,11116,317.25,171.34,44.55,155.56,1,-1,-1,-1
192,11134,116.07,154.79,78.67,202.10,1,-1,-1,-1
193,11112,264.28,167.47,52.60,163.26,1,-1,-1,-1
193,11116,316.81,171.15,45.53,156.19,1,-1,-1,-1
193,11134,114.94,153.58,79.80,205.09,1,-1,-1,-1
194,11112,264.38,166.51,52.56,164.99,1,-1,-1,-1
194,11116,316.43,171.08,46.31,156.40,1,-1,-1,-1
194,11134,114.58,153.15,80.16,206.13,1,-1,-1,-1
195,11112,264.58,166.19,52.20,165.56,1,-1,-1,-1
195,11116,316.09,171.05,46.97,156.46,1,-1,-1,-1
195,11134,114.52,153.04,80.24,206.40,1,-1,-1,-1
196,11112,264.41,164.54,53.18,168.66,1,-1,-1,-1
196,11116,316.10,171.09,47.22,157.28,1,-1,-1,-1
196,11134,85.27,124.96,107.53,281.72,1,-1,-1,-1
196,11135,221.00,219.00,21.00,60.00,1,-1,-1,-1
197,11134,75.40,114.82,115.94,308.88,1,-1,-1,-1
197,11135,221.00,219.00,21.00,60.00,1,-1,-1,-1
198,11134,71.61,110.37,118.60,320.82,1,-1,-1,-1
198,11135,221.00,219.00,21.00,60.00,1,-1,-1,-1
199,11134,70.64,108.64,118.66,325.49,1,-1,-1,-1
199,11135,221.00,219.00,21.00,60.00,1,-1,-1,-1
200,11134,70.79,108.05,117.74,327.08,1,-1,-1,-1
200,11135,221.00,219.00,21.00,60.00,1,-1,-1,-1
201,11116,318.83,175.61,43.32,146.36,1,-1,-1,-1
201,11134,24.45,42.68,149.46,417.78,1,-1,-1,-1
201,11135,218.67,218.29,22.84,65.66,1,-1,-1,-1
201,11136,200.00,217.00,23.00,64.00,1,-1,-1,-1
202,11116,319.28,175.99,42.52,145.33,1,-1,-1,-1
202,11134,7.48,18.38,160.69,451.71,1,-1,-1,-1
202,11135,217.91,218.05,23.36,67.61,1,-1,-1,-1
202,11136,200.00,217.00,23.00,64.00,1,-1,-1,-1
203,11116,319.55,176.11,42.01,145.01,1,-1,-1,-1
203,11134,0.43,7.85,165.01,466.20,1,-1,-1,-1
203,11135,217.70,217.96,23.45,68.31,1,-1,-1,-1
203,11136,200.00,217.00,23.00,64.00,1,-1,-1,-1
204,11116,319.74,176.15,41.64,144.90,1,-1,-1,-1
204,11134,-2.08,3.70,166.21,471.76,1,-1,-1,-1
204,11135,217.69,217.93,23.35,68.52,1,-1,-1,-1
204,11136,200.00,217.00,23.00,64.00,1,-1,-1,-1
205,11116,319.89,176.16,41.33,144.86,1,-1,-1,-1
205,11134,-2.71,2.23,166.16,473.60,1,-1,-1,-1
205,11135,217.76,217.93,23.20,68.55,1,-1,-1,-1
205,11136,200.00,217.00,23.00,64.00,1,-1,-1,-1
206,11112,266.52,179.49,45.43,141.78,1,-1,-1,-1
206,11116,317.70,174.18,41.12,145.52,1,-1,-1,-1
206,11132,100.85,171.67,48.91,160.98,1,-1,-1,-1
206,11134,-9.11,-5.15,170.99,487.38,1,-1,-1,-1
206,11135,217.35,217.81,23.53,69.53,1,-1,-1,-1
206,11136,200.00,217.00,23.00,64.00,1,-1,-1,-1
206,11137,336.00,173.00,38.00,148.00,1,-1,-1,-1
207,11112,266.42,180.67,45.28,139.62,1,-1,-1,-1
207,11116,316.96,173.42,40.85,145.77,1,-1,-1,-1
207,11132,108.61,175.60,45.57,155.64,1,-1,-1,-1
207,11137,336.00,173.00,38.00,148.00,1,-1,-1,-1
208,11112,266.26,180.96,45.53,139.11,1,-1,-1,-1
208,11116,316.78,173.14,40.57,145.88,1,-1,-1,-1
208,11132,110.64,176.40,44.06,154.62,1,-1,-1,-1
208,11137,336.00,173.00,38.00,148.00,1,-1,-1,-1
209,11112,266.11,181.05,45.80,138.93,1,-1,-1,-1
209,11116,316.79,173.03,40.32,145.92,1,-1,-1,-1
209,11132,111.46,176.61,43.06,154.34,1,-1,-1,-1
209,11137,336.00,173.00,38.00,148.00,1,-1,-1,-1
210,11112,265.98,181.08,46.06,138.88,1,-1,-1,-1
210,11116,316.87,172.99,40.09,145.94,1,-1,-1,-1
210,11132,111.80,176.60,42.35,154.33,1,-1,-1,-1
210,11137,336.00,173.00,38.00,148.00,1,-1,-1,-1
211,11112,273.16,181.75,46.34,138.20,1,-1,-1,-1
211,11116,316.69,172.94,40.06,145.85,1,-1,-1,-1
211,11132,113.76,177.71,42.01,153.09,1,-1,-1,-1
211,11135,220.37,215.17,23.53,71.27,1,-1,-1,-1
211,11137,333.84,173.71,39.49,152.95,1,-1,-1,-1
212,11112,275.72,181.99,46.68,137.96,1,-1,-1,-1
212,11135,220.89,214.97,23.04,71.31,1,-1,-1,-1
212,11137,333.01,173.95,40.17,154.68,1,-1,-1,-1
213,11112,276.54,182.08,47.02,137.88,1,-1,-1,-1
213,11135,221.20,214.89,22.61,71.34,1,-1,-1,-1
213,11137,332.64,174.04,40.56,155.27,1,-1,-1,-1
214,11112,276.72,182.10,47.33,137.86,1,-1,-1,-1
214,11135,221.42,214.87,22.23,71.33,1,-1,-1,-1
214,11137,332.45,174.06,40.85,155.44,1,-1,-1,-1
215,11112,276.67,182.10,47.60,137.87,1,-1,-1,-1
215,11135,221.60,214.87,21.90,71.31,1,-1,-1,-1
215,11137,332.32,174.07,41.10,155.46,1,-1,-1,-1
216,11112,277.04,171.57,52.77,153.01,1,-1,-1,-1
216,11135,219.24,210.97,25.96,82.36,1,-1,-1,-1
216,11137,335.18,172.73,40.71,151.45,1,-1,-1,-1
217,11112,277.20,167.72,54.62,158.54,1,-1,-1,-1
217,11135,218.17,209.54,27.86,86.41,1,-1,-1,-1
217,11137,336.08,172.23,40.93,149.90,1,-1,-1,-1
218,11112,277.24,166.20,55.33,160.72,1,-1,-1,-1
218,11135,217.58,208.97,28.95,88.03,1,-1,-1,-1
218,11137,336.23,172.04,41.38,149.32,1,-1,-1,-1
219,11112,277.24,165.65,55.56,161.52,1,-1,-1,-1
219,11135,217.21,208.76,29.65,88.62,1,-1,-1,-1
219,11137,336.11,171.98,41.89,149.10,1,-1,-1,-1
220,11112,277.23,165.47,55.61,161.77,1,-1,-1,-1
220,11135,216.94,208.70,30.16,88.80,1,-1,-1,-1
220,11137,335.89,171.95,42.39,149.02,1,-1,-1,-1
221,11112,283.33,168.66,53.04,154.07,1,-1,-1,-1
221,11135,219.65,208.69,31.14,90.11,1,-1,-1,-1
221,11137,338.40,169.31,43.98,155.58,1,-1,-1,-1
222,11112,285.65,169.96,52.05,151.00,1,-1,-1,-1
222,11135,220.56,208.71,31.78,90.57,1,-1,-1,-1
222,11137,339.41,168.34,44.41,158.02,1,-1,-1,-1
223,11112,286.47,170.46,51.72,149.85,1,-1,-1,-1
223,11135,220.79,208.72,32.26,90.71,1,-1,-1,-1
223,11137,339.86,167.97,44.43,158.94,1,-1,-1,-1
224,11112,286.72,170.66,51.62,149.40,1,-1,-1,-1
224,11135,220.77,208.75,32.65,90.72,1,-1,-1,-1
224,11137,340.08,167.84,44.29,159.27,1,-1,-1,-1
225,11112,286.76,170.75,51.61,149.22,1,-1,-1,-1
225,11135,220.65,208.77,32.99,90.68,1,-1,-1,-1
225,11137,340.21,167.81,44.12,159.37,1,-1,-1,-1
226,11112,284.38,162.29,58.30,169.43,1,-1,-1,-1
226,11135,218.28,208.14,33.89,93.22,1,-1,-1,-1
226,11136,186.83,200.08,37.39,105.79,1,-1,-1,-1
226,11137,340.33,169.11,44.52,160.68,1,-1,-1,-1
227,11112,283.61,159.20,60.56,176.80,1,-1,-1,-1
227,11135,217.38,207.91,34.22,94.16,1,-1,-1,-1
227,11136,186.76,199.72,37.28,106.70,1,-1,-1,-1
227,11137,340.35,169.61,44.69,161.16,1,-1,-1,-1
228,11112,283.34,157.98,61.31,179.74,1,-1,-1,-1
228,11135,217.03,207.84,34.32,94.49,1,-1,-1,-1
228,11136,186.84,199.61,37.05,106.97,1,-1,-1,-1
228,11137,340.34,169.81,44.77,161.32,1,-1,-1,-1
229,11112,283.28,157.53,61.45,180.82,1,-1,-1,-1
229,11135,216.91,207.82,34.34,94.57,1,-1,-1,-1
229,11136,186.95,199.59,36.82,107.01,1,-1,-1,-1
229,11137,340.32,169.89,44.81,161.35,1,-1,-1,-1
230,11112,283.30,157.40,61.36,181.17,1,-1,-1,-1
230,11135,216.87,207.82,34.33,94.57,1,-1,-1,-1
230,11136,187.05,199.60,36.61,106.99,1,-1,-1,-1
230,11137,340.29,169.93,44.83,161.34,1,-1,-1,-1
231,11112,284.94,158.67,58.01,172.23,1,-1,-1,-1
231,11135,218.14,198.77,36.92,102.95,1,-1,-1,-1
231,11136,186.21,193.89,38.31,114.57,1,-1,-1,-1
231,11137,344.24,167.99,39.51,143.74,1,-1,-1,-1
231,11138,120.00,195.00,33.00,107.00,1,-1,-1,-1
231,11139,166.00,190.00,37.00,116.00,1,-1,-1,-1
232,11112,285.64,159.22,56.51,168.63,1,-1,-1,-1
232,11116,123.00,194.80,30.35,107.32,1,-1,-1,-1
232,11135,218.75,195.39,37.63,106.08,1,-1,-1,-1
232,11136,186.11,191.73,38.51,117.45,1,-1,-1,-1
232,11137,345.86,167.24,37.23,136.77,1,-1,-1,-1
232,11139,166.00,190.00,37.00,116.00,1,-1,-1,-1
233,11112,285.96,159.45,55.80,167.25,1,-1,-1,-1
233,11116,119.53,195.17,30.72,106.68,1,-1,-1,-1
233,11135,219.10,194.07,37.68,107.29,1,-1,-1,-1
233,11136,186.27,190.89,38.22,118.54,1,-1,-1,-1
233,11137,346.51,166.98,36.25,134.37,1,-1,-1,-1
233,11139,166.00,190.00,37.00,116.00,1,-1,-1,-1
234,11112,286.13,159.56,55.39,166.71,1,-1,-1,-1
234,11116,117.95,195.33,31.02,106.41,1,-1,-1,-1
234,11135,219.34,193.58,37.48,107.70,1,-1,-1,-1
234,11136,186.50,190.59,37.77,118.91,1,-1,-1,-1
234,11137,346.81,166.89,35.73,133.56,1,-1,-1,-1
234,11139,166.00,190.00,37.00,116.00,1,-1,-1,-1
235,11112,286.24,159.62,55.10,166.48,1,-1,-1,-1
235,11116,117.59,195.36,31.29,106.36,1,-1,-1,-1
235,11135,219.52,193.43,37.21,107.82,1,-1,-1,-1
235,11136,186.74,190.50,37.32,119.00,1,-1,-1,-1
235,11137,346.98,166.87,35.40,133.32,1,-1,-1,-1
235,11139,166.00,190.00,37.00,116.00,1,-1,-1,-1
236,11112,288.84,170.11,49.86,151.36,1,-1,-1,-1
236,11116,99.35,193.31,33.75,111.81,1,-1,-1,-1
236,11135,219.91,194.05,39.02,114.24,1,-1,-1,-1
236,11136,173.36,191.13,36.57,118.98,1,-1,-1,-1
236,11137,344.89,169.53,38.23,145.89,1,-1,-1,-1
236,11139,148.52,187.17,38.72,121.66,1,-1,-1,-1
237,11112,289.88,174.24,47.70,145.42,1,-1,-1,-1
237,11116,92.65,192.55,35.05,113.81,1,-1,-1,-1
237,11135,220.18,194.30,39.47,116.66,1,-1,-1,-1
237,11136,168.38,191.40,35.90,118.93,1,-1,-1,-1
237,11137,344.29,170.49,38.95,150.45,1,-1,-1,-1
237,11139,142.46,186.19,39.27,123.63,1,-1,-1,-1
238,11112,290.28,175.69,46.84,143.35,1,-1,-1,-1
238,11116,90.25,192.25,35.86,114.59,1,-1,-1,-1
238,11135,220.38,194.43,39.43,117.56,1,-1,-1,-1
238,11136,166.67,191.53,35.30,118.86,1,-1,-1,-1
238,11137,344.16,170.87,38.98,152.26,1,-1,-1,-1
238,11139,140.39,185.84,39.39,124.31,1,-1,-1,-1
239,11112,290.46,176.19,46.44,142.64,1,-1,-1,-1
239,11116,89.49,192.12,36.43,114.89,1,-1,-1,-1
239,11135,220.55,194.51,39.22,117.86,1,-1,-1,-1
239,11136,166.20,191.60,34.77,118.79,1,-1,-1,-1
239,11137,344.22,171.02,38.76,152.95,1,-1,-1,-1
239,11139,139.82,185.74,39.37,124.51,1,-1,-1,-1
240,11112,290.55,176.34,46.22,142.42,1,-1,-1,-1
240,11116,89.33,192.07,36.87,115.00,1,-1,-1,-1
240,11135,220.69,194.56,38.96,117.92,1,-1,-1,-1
240,11136,166.20,191.65,34.30,118.72,1,-1,-1,-1
240,11137,344.35,171.07,38.46,153.19,1,-1,-1,-1
240,11139,139.78,185.73,39.29,124.54,1,-1,-1,-1
241,11112,288.69,165.77,52.56,162.92,1,-1,-1,-1
241,11116,85.90,188.11,38.94,122.26,1,-1,-1,-1
241,11135,218.89,195.89,39.33,120.46,1,-1,-1,-1
241,11136,162.78,191.03,37.17,129.66,1,-1,-1,-1
241,11137,340.49,163.94,42.26,168.85,1,-1,-1,-1
241,11139,136.96,187.07,39.81,127.82,1,-1,-1,-1
241,11140,66.00,179.00,46.00,138.00,1,-1,-1,-1
242,11112,288.12,161.99,54.64,170.26,1,-1,-1,-1
242,11116,84.75,186.64,39.57,124.95,1,-1,-1,-1
242,11135,218.33,196.42,39.20,121.40,1,-1,-1,-1
242,11136,161.58,190.81,38.08,133.74,1,-1,-1,-1
242,11137,339.10,161.30,43.59,174.65,1,-1,-1,-1
242,11139,136.14,187.58,39.69,129.02,1,-1,-1,-1
242,11140,66.00,179.00,46.00,138.00,1,-1,-1,-1
243,11112,287.96,160.46,55.32,173.23,1,-1,-1,-1
243,11116,84.56,186.08,39.69,125.98,1,-1,-1,-1
243,11135,218.23,196.64,38.92,121.71,1,-1,-1,-1
243,11136,161.23,190.74,38.29,135.31,1,-1,-1,-1
243,11137,338.58,160.25,44.05,176.93,1,-1,-1,-1
243,11139,136.08,187.79,39.35,129.43,1,-1,-1,-1
243,11140,66.00,179.00,46.00,138.00,1,-1,-1,-1
244,11112,287.96,159.88,55.43,174.34,1,-1,-1,-1
244,11116,84.71,185.87,39.63,126.34,1,-1,-1,-1
244,11135,218.29,196.74,38.59,121.79,1,-1,-1,-1
244,11136,161.21,190.73,38.23,135.87,1,-1,-1,-1
244,11137,338.42,159.85,44.15,177.75,1,-1,-1,-1
244,11139,136.29,187.88,38.94,129.55,1,-1,-1,-1
244,11140,66.00,179.00,46.00,138.00,1,-1,-1,-1
245,11112,288.02,159.68,55.32,174.72,1,-1,-1,-1
245,11116,84.96,185.81,39.51,126.45,1,-1,-1,-1
245,11135,218.42,196.79,38.26,121.77,1,-1,-1,-1
245,11136,161.30,190.74,38.08,136.02,1,-1,-1,-1
245,11137,338.39,159.72,44.13,178.01,1,-1,-1,-1
245,11139,136.57,187.92,38.53,129.55,1,-1,-1,-1
245,11140,66.00,179.00,46.00,138.00,1,-1,-1,-1
246,11112,288.09,158.94,55.82,176.30,1,-1,-1,-1
246,11116,81.15,185.42,39.78,127.32,1,-1,-1,-1
246,11135,208.77,190.35,41.99,136.59,1,-1,-1,-1
246,11136,159.97,190.31,38.59,137.85,1,-1,-1,-1
246,11137,338.37,169.34,40.92,162.61,1,-1,-1,-1
246,11139,134.53,187.81,38.81,130.49,1,-1,-1,-1
246,11140,48.54,181.12,44.86,135.17,1,-1,-1,-1
247,11135,205.48,187.96,42.81,142.10,1,-1,-1,-1
247,11137,338.25,173.18,39.89,156.40,1,-1,-1,-1
247,11140,42.44,181.87,44.33,134.17,1,-1,-1,-1
248,11135,204.39,187.01,42.67,144.27,1,-1,-1,-1
248,11137,338.08,174.55,39.80,154.15,1,-1,-1,-1
248,11140,40.51,182.12,44.01,133.85,1,-1,-1,-1
249,11135,204.21,186.66,42.17,145.04,1,-1,-1,-1
249,11137,337.90,175.04,40.01,153.33,1,-1,-1,-1
249,11140,40.05,182.18,43.77,133.75,1,-1,-1,-1
250,11135,204.36,186.55,41.58,145.27,1,-1,-1,-1
250,11137,337.72,175.21,40.32,153.03,1,-1,-1,-1
250,11140,40.10,182.19,43.56,133.75,1,-1,-1,-1
251,11112,291.31,175.09,46.93,146.62,1,-1,-1,-1
251,11135,198.68,188.46,40.05,138.23,1,-1,-1,-1
251,11137,335.69,167.37,43.06,166.07,1,-1,-1,-1
251,11140,37.22,182.54,43.41,133.28,1,-1,-1,-1
252,11112,291.40,176.66,46.41,143.70,1,-1,-1,-1
252,11135,196.38,189.25,39.65,135.37,1,-1,-1,-1
252,11137,335.16,164.48,43.66,170.86,1,-1,-1,-1
253,11112,291.33,177.11,46.47,142.86,1,-1,-1,-1
253,11135,195.45,189.56,39.71,134.25,1,-1,-1,-1
253,11137,335.13,163.35,43.55,172.73,1,-1,-1,-1
254,11112,291.22,177.26,46.67,142.59,1,-1,-1,-1
254,11135,195.04,189.69,39.93,133.80,1,-1,-1,-1
254,11137,335.28,162.92,43.19,173.41,1,-1,-1,-1
255,11112,291.10,177.29,46.89,142.52,1,-1,-1,-1
255,11135,194.83,189.75,40.19,133.60,1,-1,-1,-1
255,11137,335.50,162.77,42.75,173.63,1,-1,-1,-1
256,11112,286.00,174.63,49.12,149.83,1,-1,-1,-1
256,11135,185.21,180.01,45.76,153.05,1,-1,-1,-1
256,11137,332.35,165.32,41.29,167.84,1,-1,-1,-1
256,11140,36.33,155.93,65.91,196.53,1,-1,-1,-1
257,11112,284.17,173.64,49.85,152.53,1,-1,-1,-1
257,11135,181.76,176.45,47.64,160.16,1,-1,-1,-1
257,11137,331.16,166.33,40.70,165.55,1,-1,-1,-1
257,11140,35.41,153.93,69.16,201.30,1,-1,-1,-1
258,11112,283.51,173.25,50.05,153.58,1,-1,-1,-1
258,11135,180.48,175.02,48.25,163.01,1,-1,-1,-1
258,11137,330.74,166.71,40.45,164.68,1,-1,-1,-1
258,11140,34.75,153.18,71.21,203.08,1,-1,-1,-1
259,11112,283.31,173.10,50.06,153.97,1,-1,-1,-1
259,11135,180.10,174.50,48.34,164.05,1,-1,-1,-1
259,11137,330.61,166.86,40.34,164.34,1,-1,-1,-1
259,11140,34.20,152.94,72.64,203.62,1,-1,-1,-1
260,11112,283.29,173.04,49.99,154.11,1,-1,-1,-1
260,11135,180.07,174.34,48.24,164.37,1,-1,-1,-1
260,11137,330.59,166.92,40.28,164.21,1,-1,-1,-1
260,11140,33.73,152.91,73.77,203.70,1,-1,-1,-1
261,11112,282.83,184.75,46.32,139.81,1,-1,-1,-1
261,11135,178.29,173.09,48.99,166.93,1,-1,-1,-1
261,11137,334.01,183.29,36.06,143.89,1,-1,-1,-1
261,11140,32.38,151.10,75.38,208.16,1,-1,-1,-1
262,11112,282.48,189.33,45.30,134.20,1,-1,-1,-1
262,11137,335.25,189.73,34.70,135.87,1,-1,-1,-1
263,11112,282.15,190.91,45.37,132.24,1,-1,-1,-1
263,11137,335.50,191.90,34.58,133.17,1,-1,-1,-1
264,11112,281.85,191.45,45.80,131.58,1,-1,-1,-1
264,11137,335.43,192.61,34.87,132.28,1,-1,-1,-1
265,11112,281.58,191.60,46.32,131.39,1,-1,-1,-1
265,11137,335.27,192.81,35.27,132.03,1,-1,-1,-1
266,11112,278.52,183.66,49.81,140.63,1,-1,-1,-1
266,11135,145.36,149.78,63.19,208.05,1,-1,-1,-1
266,11137,332.82,180.81,38.20,143.36,1,-1,-1,-1
267,11112,277.33,180.75,51.23,144.02,1,-1,-1,-1
267,11135,141.76,147.79,66.00,211.52,1,-1,-1,-1
267,11137,331.97,176.48,39.20,147.45,1,-1,-1,-1
268,11112,276.83,179.60,51.90,145.36,1,-1,-1,-1
268,11135,140.03,147.07,67.86,212.78,1,-1,-1,-1
268,11137,331.66,174.76,39.55,149.09,1,-1,-1,-1
269,11112,276.61,179.16,52.27,145.87,1,-1,-1,-1
269,11135,139.10,146.85,69.23,213.16,1,-1,-1,-1
269,11137,331.57,174.11,39.64,149.72,1,-1,-1,-1
270,11112,276.49,178.99,52.50,146.05,1,-1,-1,-1
270,11135,138.54,146.82,70.30,213.19,1,-1,-1,-1
270,11137,331.57,173.88,39.64,149.96,1,-1,-1,-1
271,11112,276.00,178.82,52.60,146.33,1,-1,-1,-1
271,11135,123.81,141.11,83.87,252.13,1,-1,-1,-1
271,11137,333.47,181.61,35.85,135.07,1,-1,-1,-1
271,11141,324.00,181.00,33.00,105.00,1,-1,-1,-1
272,11135,118.08,138.96,89.35,266.58,1,-1,-1,-1
272,11137,334.19,184.67,34.42,129.23,1,-1,-1,-1
272,11141,324.00,181.00,33.00,105.00,1,-1,-1,-1
273,11135,115.63,138.14,91.94,272.48,1,-1,-1,-1
273,11137,334.42,185.74,34.00,127.21,1,-1,-1,-1
273,11141,324.00,181.00,33.00,105.00,1,-1,-1,-1
274,11135,114.62,137.88,93.21,274.65,1,-1,-1,-1
274,11137,334.47,186.11,33.91,126.52,1,-1,-1,-1
274,11141,324.00,181.00,33.00,105.00,1,-1,-1,-1
275,11135,114.19,137.84,93.91,275.32,1,-1,-1,-1
275,11137,334.46,186.23,33.95,126.32,1,-1,-1,-1
275,11141,324.00,181.00,33.00,105.00,1,-1,-1,-1
276,11112,263.67,166.96,56.12,157.18,1,-1,-1,-1
276,11135,83.00,113.12,112.56,327.47,1,-1,-1,-1
276,11137,334.53,186.75,33.58,124.93,1,-1,-1,-1
276,11141,324.00,181.00,33.00,105.00,1,-1,-1,-1
277,11112,262.84,166.00,56.12,158.04,1,-1,-1,-1
277,11135,71.05,103.89,120.08,347.00,1,-1,-1,-1
278,11112,262.62,165.66,55.98,158.35,1,-1,-1,-1
278,11135,65.94,100.07,123.58,355.00,1,-1,-1,-1
279,11112,262.62,165.56,55.79,158.44,1,-1,-1,-1
279,11135,63.84,98.63,125.28,357.95,1,-1,-1,-1
280,11112,262.71,165.55,55.61,158.45,1,-1,-1,-1
280,11135,62.99,98.16,126.20,358.86,1,-1,-1,-1
281,11112,268.84,172.06,44.71,124.04,1,-1,-1,-1
281,11135,23.80,57.56,142.45,402.64,1,-1,-1,-1
282,11112,271.33,174.83,40.48,109.81,1,-1,-1,-1
282,11135,8.66,42.17,149.14,419.30,1,-1,-1,-1
283,11112,271.90,175.70,39.61,105.39,1,-1,-1,-1
283,11135,2.40,35.96,152.20,425.83,1,-1,-1,-1
284,11112,271.88,175.98,39.76,104.01,1,-1,-1,-1
284,11135,-0.07,33.65,153.68,428.12,1,-1,-1,-1
285,11112,271.69,176.07,40.21,103.65,1,-1,-1,-1
285,11135,-1.00,32.92,154.49,428.71,1,-1,-1,-1
286,11112,269.09,182.89,46.14,121.29,1,-1,-1,-1
286,11135,-7.74,27.21,158.02,438.50,1,-1,-1,-1
286,11137,331.07,179.31,41.77,153.95,1,-1,-1,-1
286,11140,170.25,219.35,22.87,63.72,1,-1,-1,-1
286,11142,200.00,220.00,21.00,54.00,1,-1,-1,-1
287,11112,268.48,185.25,47.60,127.35,1,-1,-1,-1
287,11137,330.79,179.01,42.39,155.12,1,-1,-1,-1
287,11140,172.87,221.03,21.40,59.95,1,-1,-1,-1
287,11142,200.00,220.00,21.00,54.00,1,-1,-1,-1
288,11112,268.47,186.17,47.75,129.85,1,-1,-1,-1
288,11137,330.63,178.90,42.73,155.54,1,-1,-1,-1
288,11140,173.61,221.39,21.05,59.18,1,-1,-1,-1
288,11142,200.00,220.00,21.00,54.00,1,-1,-1,-1
289,11112,268.67,186.49,47.41,130.82,1,-1,-1,-1
289,11137,330.52,178.86,42.95,155.66,1,-1,-1,-1
289,11140,173.51,221.33,21.04,59.31,1,-1,-1,-1
289,11142,200.00,220.00,21.00,54.00,1,-1,-1,-1
290,11112,268.94,186.57,46.91,131.17,1,-1,-1,-1
290,11137,330.45,178.86,43.11,155.67,1,-1,-1,-1
290,11140,173.36,221.24,21.06,59.48,1,-1,-1,-1
290,11142,200.00,220.00,21.00,54.00,1,-1,-1,-1
291,11112,268.67,187.60,47.14,131.82,1,-1,-1,-1
291,11137,345.90,177.57,43.10,148.57,1,-1,-1,-1
291,11140,174.23,221.68,20.73,58.55,1,-1,-1,-1
291,11142,198.68,217.17,22.94,58.95,1,-1,-1,-1
291,11143,524.00,177.00,49.00,152.00,1,-1,-1,-1
291,11144,290.00,169.00,54.00,161.00,1,-1,-1,-1
292,11112,283.71,173.64,54.80,154.25,1,-1,-1,-1
292,11137,351.49,177.09,43.91,145.75,1,-1,-1,-1
292,11142,198.21,216.19,23.62,60.66,1,-1,-1,-1
292,11143,524.00,177.00,49.00,152.00,1,-1,-1,-1
293,11112,287.17,170.67,56.29,159.38,1,-1,-1,-1
293,11137,353.15,176.91,44.98,144.70,1,-1,-1,-1
293,11142,198.04,215.84,23.87,61.27,1,-1,-1,-1
293,11143,524.00,177.00,49.00,152.00,1,-1,-1,-1
294,11112,288.61,169.47,56.70,161.36,1,-1,-1,-1
294,11137,353.39,176.86,46.06,144.29,1,-1,-1,-1
294,11142,197.99,215.74,23.96,61.46,1,-1,-1,-1
294,11143,524.00,177.00,49.00,152.00,1,-1,-1,-1
295,11112,289.22,169.01,56.69,162.07,1,-1,-1,-1
295,11137,353.14,176.85,47.06,144.14,1,-1,-1,-1
295,11142,197.97,215.72,23.99,61.48,1,-1,-1,-1
295,11143,524.00,177.00,49.00,152.00,1,-1,-1,-1
296,11112,298.44,171.40,54.60,153.96,1,-1,-1,-1
296,11137,361.78,179.46,45.54,138.20,1,-1,-1,-1
296,11142,197.74,215.24,24.32,62.34,1,-1,-1,-1
296,11143,524.00,177.00,49.00,152.00,1,-1,-1,-1
296,11145,499.00,220.00,22.00,64.00,1,-1,-1,-1
296,11146,222.00,214.00,21.00,63.00,1,-1,-1,-1
297,11112,301.84,172.36,54.09,150.66,1,-1,-1,-1
297,11137,364.93,180.48,45.15,135.92,1,-1,-1,-1
297,11140,220.48,214.24,21.99,62.76,1,-1,-1,-1
297,11145,499.00,220.00,22.00,64.00,1,-1,-1,-1
298,11112,302.90,172.73,54.21,149.39,1,-1,-1,-1
298,11137,365.94,180.85,45.19,135.10,1,-1,-1,-1
298,11140,222.99,213.87,21.89,62.96,1,-1,-1,-1
298,11145,499.00,220.00,22.00,64.00,1,-1,-1,-1
299,11112,303.10,172.87,54.55,148.87,1,-1,-1,-1
299,11137,366.16,180.99,45.38,134.81,1,-1,-1,-1
299,11140,223.82,213.74,21.78,63.03,1,-1,-1,-1
299,11145,499.00,220.00,22.00,64.00,1,-1,-1,-1
300,11112,302.99,172.92,54.93,148.64,1,-1,-1,-1
300,11137,366.11,181.04,45.60,134.73,1,-1,-1,-1
300,11140,224.01,213.72,21.69,63.05,1,-1,-1,-1
300,11145,499.00,220.00,22.00,64.00,1,-1,-1,-1
301,11112,317.58,178.16,52.37,140.71,1,-1,-1,-1
301,11137,375.78,172.51,50.50,151.79,1,-1,-1,-1
301,11140,225.76,220.92,21.26,58.48,1,-1,-1,-1
301,11145,499.00,220.00,22.00,64.00,1,-1,-1,-1
301,11147,541.00,231.00,26.00,52.00,1,-1,-1,-1
301,11148,245.00,216.00,19.00,56.00,1,-1,-1,-1
302,11112,323.05,180.18,51.55,137.61,1,-1,-1,-1
302,11137,379.57,169.41,51.74,157.99,1,-1,-1,-1
302,11140,225.96,223.73,21.54,56.70,1,-1,-1,-1
302,11147,541.00,231.00,26.00,52.00,1,-1,-1,-1
302,11148,245.00,216.00,19.00,56.00,1,-1,-1,-1
303,11112,324.89,180.91,51.42,136.47,1,-1,-1,-1
303,11137,381.23,168.18,51.81,160.47,1,-1,-1,-1
303,11140,225.72,224.74,22.07,56.08,1,-1,-1,-1
303,11147,541.00,231.00,26.00,52.00,1,-1,-1,-1
303,11148,245.00,216.00,19.00,56.00,1,-1,-1,-1
304,11112,325.41,181.16,51.53,136.06,1,-1,-1,-1
304,11137,381.99,167.72,51.43,161.40,1,-1,-1,-1
304,11140,225.33,225.09,22.65,55.86,1,-1,-1,-1
304,11147,541.00,231.00,26.00,52.00,1,-1,-1,-1
304,11148,245.00,216.00,19.00,56.00,1,-1,-1,-1
305,11112,325.43,181.24,51.71,135.91,1,-1,-1,-1
305,11137,382.38,167.58,50.92,161.70,1,-1,-1,-1
305,11140,224.92,225.20,23.19,55.80,1,-1,-1,-1
305,11147,541.00,231.00,26.00,52.00,1,-1,-1,-1
305,11148,245.00,216.00,19.00,56.00,1,-1,-1,-1
306,11112,341.26,177.97,51.53,135.87,1,-1,-1,-1
306,11137,397.18,166.26,51.57,164.35,1,-1,-1,-1
306,11140,227.54,225.67,23.02,55.38,1,-1,-1,-1
306,11142,240.53,212.91,26.66,70.03,1,-1,-1,-1
306,11147,541.00,231.00,26.00,52.00,1,-1,-1,-1
306,11148,245.00,216.00,19.00,56.00,1,-1,-1,-1
306,11149,156.00,214.00,21.00,65.00,1,-1,-1,-1
307,11112,347.18,176.72,51.38,135.86,1,-1,-1,-1
307,11137,402.83,165.77,51.70,165.33,1,-1,-1,-1
307,11142,242.71,212.87,26.23,70.26,1,-1,-1,-1
307,11149,156.00,214.00,21.00,65.00,1,-1,-1,-1
308,11112,349.32,176.24,51.24,135.87,1,-1,-1,-1
308,11137,404.96,165.62,51.65,165.66,1,-1,-1,-1
308,11142,243.61,212.84,25.85,70.36,1,-1,-1,-1
308,11149,156.00,214.00,21.00,65.00,1,-1,-1,-1
309,11112,350.04,176.07,51.12,135.88,1,-1,-1,-1
309,11137,405.72,165.58,51.54,165.74,1,-1,-1,-1
309,11142,243.97,212.84,25.51,70.37,1,-1,-1,-1
309,11149,156.00,214.00,21.00,65.00,1,-1,-1,-1
310,11112,350.23,176.00,51.02,135.89,1,-1,-1,-1
310,11137,405.95,165.59,51.41,165.73,1,-1,-1,-1
310,11142,244.12,212.85,25.23,70.36,1,-1,-1,-1
310,11149,156.00,214.00,21.00,65.00,1,-1,-1,-1
311,11112,365.58,180.56,50.29,133.93,1,-1,-1,-1
311,11137,421.10,172.74,49.55,155.32,1,-1,-1,-1
311,11142,244.67,205.07,29.83,83.97,1,-1,-1,-1
311,11149,164.14,218.95,19.58,60.05,1,-1,-1,-1
312,11112,371.29,182.29,50.02,133.20,1,-1,-1,-1
312,11137,426.53,175.56,49.45,151.20,1,-1,-1,-1
312,11142,245.00,202.24,31.34,88.93,1,-1,-1,-1
312,11149,166.98,220.72,19.18,58.28,1,-1,-1,-1
313,11112,373.29,182.93,49.93,132.94,1,-1,-1,-1
313,11137,428.09,176.59,50.04,149.69,1,-1,-1,-1
313,11142,245.12,201.08,31.84,90.96,1,-1,-1,-1
313,11149,167.80,221.27,19.19,57.73,1,-1,-1,-1
314,11112,373.90,183.15,49.90,132.85,1,-1,-1,-1
314,11137,428.27,176.97,50.83,149.14,1,-1,-1,-1
314,11142,245.15,200.64,31.90,91.71,1,-1,-1,-1
314,11149,167.95,221.41,19.33,57.59,1,-1,-1,-1
315,11112,373.99,183.22,49.90,132.83,1,-1,-1,-1
315,11137,427.95,177.10,51.64,148.94,1,-1,-1,-1
315,11142,245.17,200.50,31.81,91.95,1,-1,-1,-1
315,11149,167.88,221.42,19.51,57.58,1,-1,-1,-1
316,11112,382.78,179.95,52.46,138.73,1,-1,-1,-1
316,11137,438.33,165.31,57.01,168.58,1,-1,-1,-1
316,11142,243.95,196.65,34.13,99.00,1,-1,-1,-1
316,11149,169.19,222.21,19.24,56.79,1,-1,-1,-1
317,11112,385.90,178.73,53.60,140.93,1,-1,-1,-1
317,11137,442.58,161.04,58.06,175.71,1,-1,-1,-1
317,11142,243.51,195.19,34.93,101.68,1,-1,-1,-1
318,11112,386.89,178.25,54.21,141.78,1,-1,-1,-1
318,11137,444.51,159.32,57.75,178.57,1,-1,-1,-1
318,11142,243.32,194.64,35.18,102.69,1,-1,-1,-1
319,11112,387.07,178.07,54.59,142.09,1,-1,-1,-1
319,11137,445.47,158.68,56.96,179.62,1,-1,-1,-1
319,11142,243.24,194.45,35.20,103.02,1,-1,-1,-1
320,11112,386.95,178.00,54.86,142.19,1,-1,-1,-1
320,11137,446.02,158.47,56.04,179.97,1,-1,-1,-1
320,11142,243.20,194.42,35.13,103.09,1,-1,-1,-1
321,11112,393.36,183.82,52.88,136.37,1,-1,-1,-1
321,11137,454.53,171.30,50.45,160.08,1,-1,-1,-1
321,11140,288.22,211.27,28.92,76.65,1,-1,-1,-1
321,11142,243.44,196.99,36.43,108.82,1,-1,-1,-1
321,11150,44.00,179.00,38.00,133.00,1,-1,-1,-1
321,11151,222.00,200.00,32.00,108.00,1,-1,-1,-1
322,11112,395.63,186.07,52.24,134.10,1,-1,-1,-1
322,11137,457.56,176.49,48.44,152.01,1,-1,-1,-1
322,11140,290.87,210.84,27.14,77.28,1,-1,-1,-1
322,11142,243.71,197.98,36.56,110.98,1,-1,-1,-1
322,11150,44.00,179.00,38.00,133.00,1,-1,-1,-1
322,11151,222.00,200.00,32.00,108.00,1,-1,-1,-1
323,11112,396.31,186.89,52.12,133.27,1,-1,-1,-1
323,11137,458.41,178.32,47.99,149.16,1,-1,-1,-1
323,11140,292.07,210.70,25.75,77.48,1,-1,-1,-1
323,11142,243.94,198.41,36.28,111.77,1,-1,-1,-1
323,11150,44.00,179.00,38.00,133.00,1,-1,-1,-1
323,11151,222.00,200.00,32.00,108.00,1,-1,-1,-1
324,11112,396.40,187.17,52.20,132.97,1,-1,-1,-1
324,11137,458.50,178.97,48.09,148.15,1,-1,-1,-1
324,11140,292.70,210.66,24.65,77.53,1,-1,-1,-1
324,11142,244.15,198.59,35.87,112.02,1,-1,-1,-1
324,11150,44.00,179.00,38.00,133.00,1,-1,-1,-1
324,11151,222.00,200.00,32.00,108.00,1,-1,-1,-1
325,11112,396.30,187.26,52.33,132.87,1,-1,-1,-1
325,11137,458.33,179.19,48.35,147.79,1,-1,-1,-1
325,11140,293.08,210.67,23.77,77.52,1,-1,-1,-1
325,11142,244.33,198.68,35.44,112.05,1,-1,-1,-1
325,11150,44.00,179.00,38.00,133.00,1,-1,-1,-1
325,11151,222.00,200.00,32.00,108.00,1,-1,-1,-1
326,11112,400.31,185.31,54.58,137.43,1,-1,-1,-1
326,11137,460.73,176.61,51.25,156.27,1,-1,-1,-1
326,11140,296.13,210.12,24.03,78.38,1,-1,-1,-1
326,11142,242.47,196.80,37.16,114.58,1,-1,-1,-1
326,11150,44.00,179.00,38.00,133.00,1,-1,-1,-1
326,11151,222.00,200.00,32.00,108.00,1,-1,-1,-1
327,11112,401.63,184.57,55.68,139.14,1,-1,-1,-1
327,11137,461.54,175.66,52.39,159.40,1,-1,-1,-1
327,11142,241.50,196.09,38.30,115.51,1,-1,-1,-1
328,11112,401.94,184.27,56.32,139.80,1,-1,-1,-1
328,11137,461.73,175.27,52.89,160.62,1,-1,-1,-1
328,11142,240.89,195.83,39.16,115.81,1,-1,-1,-1
329,11112,401.87,184.15,56.77,140.04,1,-1,-1,-1
329,11137,461.68,175.12,53.13,161.07,1,-1,-1,-1
329,11142,240.44,195.75,39.87,115.88,1,-1,-1,-1
330,11112,401.68,184.10,57.11,140.12,1,-1,-1,-1
330,11137,461.57,175.06,53.27,161.22,1,-1,-1,-1
330,11142,240.08,195.73,40.48,115.85,1,-1,-1,-1
331,11112,406.51,180.17,57.05,138.84,1,-1,-1,-1
331,11137,468.03,169.18,53.83,161.91,1,-1,-1,-1
331,11142,230.69,184.11,46.92,135.82,1,-1,-1,-1
332,11112,408.17,178.67,57.26,138.34,1,-1,-1,-1
332,11137,470.34,166.95,54.21,162.16,1,-1,-1,-1
332,11142,227.42,179.84,48.95,143.17,1,-1,-1,-1
333,11112,408.61,178.11,57.55,138.15,1,-1,-1,-1
333,11137,471.07,166.11,54.51,162.24,1,-1,-1,-1
333,11142,226.20,178.10,49.50,146.15,1,-1,-1,-1
334,11112,408.61,177.91,57.86,138.08,1,-1,-1,-1
334,11137,471.21,165.81,54.76,162.25,1,-1,-1,-1
334,11142,225.85,177.45,49.44,147.25,1,-1,-1,-1
335,11112,408.46,177.85,58.15,138.05,1,-1,-1,-1
335,11137,471.12,165.72,54.98,162.24,1,-1,-1,-1
335,11142,225.84,177.24,49.17,147.58,1,-1,-1,-1
336,11112,409.03,181.75,56.22,132.16,1,-1,-1,-1
336,11137,470.96,166.36,56.49,166.78,1,-1,-1,-1
336,11142,210.28,178.47,48.95,146.35,1,-1,-1,-1
336,11151,156.37,167.55,52.15,177.81,1,-1,-1,-1
336,11152,584.00,203.00,40.00,107.00,1,-1,-1,-1
337,11112,409.03,183.27,55.76,129.90,1,-1,-1,-1
337,11137,470.87,166.61,57.05,168.48,1,-1,-1,-1
337,11142,204.19,179.00,48.94,145.78,1,-1,-1,-1
337,11151,153.92,166.24,52.53,180.65,1,-1,-1,-1
337,11152,584.00,203.00,40.00,107.00,1,-1,-1,-1
338,11112,408.86,183.82,55.85,129.08,1,-1,-1,-1
338,11137,470.78,166.72,57.24,169.12,1,-1,-1,-1
338,11142,201.85,179.24,49.00,145.48,1,-1,-1,-1
338,11151,153.27,165.82,52.42,181.54,1,-1,-1,-1
338,11152,584.00,203.00,40.00,107.00,1,-1,-1,-1
339,11112,408.63,184.02,56.13,128.80,1,-1,-1,-1
339,11137,470.71,166.78,57.30,169.33,1,-1,-1,-1
339,11142,200.97,179.36,49.08,145.30,1,-1,-1,-1
339,11151,153.24,165.73,52.17,181.74,1,-1,-1,-1
339,11152,584.00,203.00,40.00,107.00,1,-1,-1,-1
340,11112,408.39,184.08,56.46,128.71,1,-1,-1,-1
340,11137,470.64,166.81,57.30,169.39,1,-1,-1,-1
340,11142,200.66,179.44,49.17,145.17,1,-1,-1,-1
340,11151,153.41,165.75,51.89,181.70,1,-1,-1,-1
340,11152,584.00,203.00,40.00,107.00,1,-1,-1,-1
341,11112,403.53,177.53,61.44,139.87,1,-1,-1,-1
341,11137,471.41,168.78,56.27,164.19,1,-1,-1,-1
341,11142,198.81,178.59,49.78,146.99,1,-1,-1,-1
341,11151,127.14,165.81,53.97,178.40,1,-1,-1,-1
341,11152,584.00,203.00,40.00,107.00,1,-1,-1,-1
341,11153,241.00,197.00,31.00,97.00,1,-1,-1,-1
342,11112,401.72,175.13,63.33,143.97,1,-1,-1,-1
342,11137,471.47,169.55,56.23,162.16,1,-1,-1,-1
342,11151,116.26,165.90,56.15,176.97,1,-1,-1,-1
342,11153,241.00,197.00,31.00,97.00,1,-1,-1,-1
343,11112,400.96,174.18,64.11,145.58,1,-1,-1,-1
343,11137,471.29,169.84,56.56,161.40,1,-1,-1,-1
343,11151,111.58,165.98,58.23,176.32,1,-1,-1,-1
343,11153,241.00,197.00,31.00,97.00,1,-1,-1,-1
344,11112,400.62,173.84,64.45,146.18,1,-1,-1,-1
344,11137,471.04,169.95,56.99,161.12,1,-1,-1,-1
344,11151,109.36,166.06,60.13,175.97,1,-1,-1,-1
344,11153,241.00,197.00,31.00,97.00,1,-1,-1,-1
345,11112,400.47,173.73,64.60,146.38,1,-1,-1,-1
345,11137,470.77,169.99,57.44,161.01,1,-1,-1,-1
345,11151,108.17,166.13,61.84,175.75,1,-1,-1,-1
345,11153,241.00,197.00,31.00,97.00,1,-1,-1,-1
346,11112,407.24,182.76,58.10,128.95,1,-1,-1,-1
346,11137,474.83,175.89,57.73,155.74,1,-1,-1,-1
346,11140,270.17,193.10,31.39,102.88,1,-1,-1,-1
346,11151,103.34,164.77,62.78,178.43,1,-1,-1,-1
346,11152,567.10,209.68,36.56,96.50,1,-1,-1,-1
346,11153,237.22,197.00,32.21,101.24,1,-1,-1,-1
346,11154,39.00,136.00,109.00,267.00,1,-1,-1,-1
346,11155,128.00,113.00,100.00,283.00,1,-1,-1,-1
347,11112,409.67,186.40,55.97,121.97,1,-1,-1,-1
347,11137,475.80,178.14,58.93,153.73,1,-1,-1,-1
347,11140,269.06,192.76,31.44,103.36,1,-1,-1,-1
347,11152,565.82,210.11,36.75,95.83,1,-1,-1,-1
347,11153,235.95,197.00,32.52,102.72,1,-1,-1,-1
347,11154,39.00,136.00,109.00,267.00,1,-1,-1,-1
347,11155,128.00,113.00,100.00,283.00,1,-1,-1,-1
348,11112,410.23,187.65,55.77,119.56,1,-1,-1,-1
348,11137,475.61,178.96,60.40,153.01,1,-1,-1,-1
348,11140,268.68,192.64,31.43,103.53,1,-1,-1,-1
348,11152,565.26,210.26,37.06,95.60,1,-1,-1,-1
348,11153,235.57,197.00,32.51,103.23,1,-1,-1,-1
348,11154,39.00,136.00,109.00,267.00,1,-1,-1,-1
348,11155,128.00,113.00,100.00,283.00,1,-1,-1,-1
349,11112,410.16,188.09,56.19,118.73,1,-1,-1,-1
349,11137,475.04,179.24,61.88,152.76,1,-1,-1,-1
349,11140,268.56,192.61,31.40,103.56,1,-1,-1,-1
349,11152,565.00,210.29,37.40,95.55,1,-1,-1,-1
349,11153,235.52,197.00,32.39,103.38,1,-1,-1,-1
349,11154,39.00,136.00,109.00,267.00,1,-1,-1,-1
349,11155,128.00,113.00,100.00,283.00,1,-1,-1,-1
350,11112,409.89,188.23,56.81,118.47,1,-1,-1,-1
350,11137,474.37,179.32,63.29,152.69,1,-1,-1,-1
350,11140,268.55,192.62,31.36,103.54,1,-1,-1,-1
350,11152,564.86,210.28,37.73,95.56,1,-1,-1,-1
350,11153,235.59,197.00,32.23,103.40,1,-1,-1,-1
350,11154,39.00,136.00,109.00,267.00,1,-1,-1,-1
350,11155,128.00,113.00,100.00,283.00,1,-1,-1,-1
351,11112,398.91,187.60,62.17,129.69,1,-1,-1,-1
351,11137,475.03,186.55,56.00,136.92,1,-1,-1,-1
351,11140,254.19,193.30,31.59,103.51,1,-1,-1,-1
351,11152,563.67,210.76,37.43,94.80,1,-1,-1,-1
351,11153,234.94,197.00,32.45,104.12,1,-1,-1,-1
351,11154,12.92,101.35,142.07,349.73,1,-1,-1,-1
351,11155,128.00,113.00,100.00,283.00,1,-1,-1,-1
351,11156,540.00,205.00,38.00,107.00,1,-1,-1,-1
351,11157,209.00,187.00,33.00,117.00,1,-1,-1,-1
352,11112,394.93,187.37,64.11,133.76,1,-1,-1,-1
352,11137,475.38,189.31,52.86,130.84,1,-1,-1,-1
352,11140,248.66,193.58,31.78,103.46,1,-1,-1,-1
352,11152,543.40,206.35,40.71,104.21,1,-1,-1,-1
352,11153,213.37,189.21,35.34,114.32,1,-1,-1,-1
352,11154,4.50,89.75,152.52,377.44,1,-1,-1,-1
353,11112,393.37,187.26,64.87,135.38,1,-1,-1,-1
353,11137,475.65,190.24,51.45,128.79,1,-1,-1,-1
353,11140,246.56,193.70,31.93,103.42,1,-1,-1,-1
353,11152,539.01,205.46,41.08,106.13,1,-1,-1,-1
353,11153,208.62,187.48,35.79,116.67,1,-1,-1,-1
353,11154,1.40,85.09,156.16,388.56,1,-1,-1,-1
354,11112,392.79,187.20,65.15,135.99,1,-1,-1,-1
354,11137,475.87,190.53,50.67,128.13,1,-1,-1,-1
354,11140,245.79,193.76,32.06,103.38,1,-1,-1,-1
354,11152,537.54,205.12,41.02,106.86,1,-1,-1,-1
354,11153,206.96,186.84,35.80,117.52,1,-1,-1,-1
354,11154,0.67,83.56,156.76,392.22,1,-1,-1,-1
