1,7613,171.00,196.00,64.00,158.00,1,-1,-1,-1
1,7614,270.00,185.00,81.00,192.00,1,-1,-1,-1
2,7613,171.00,196.00,64.00,158.00,1,-1,-1,-1
2,7614,270.00,185.00,81.00,192.00,1,-1,-1,-1
3,7613,171.00,196.00,64.00,158.00,1,-1,-1,-1
3,7614,270.00,185.00,81.00,192.00,1,-1,-1,-1
4,7613,171.00,196.00,64.00,158.00,1,-1,-1,-1
4,7614,270.00,185.00,81.00,192.00,1,-1,-1,-1
5,7613,171.00,196.00,64.00,158.00,1,-1,-1,-1
5,7614,270.00,185.00,81.00,192.00,1,-1,-1,-1
6,7613,171.00,196.00,64.00,158.00,1,-1,-1,-1
6,7614,270.00,185.00,81.00,192.00,1,-1,-1,-1
7,7613,171.00,196.00,64.00,158.00,1,-1,-1,-1
7,7614,270.00,185.00,81.00,192.00,1,-1,-1,-1
8,7613,171.00,196.00,64.00,158.00,1,-1,-1,-1
8,7614,270.00,185.00,81.00,192.00,1,-1,-1,-1
9,7613,171.00,196.00,64.00,158.00,1,-1,-1,-1
9,7614,270.00,185.00,81.00,192.00,1,-1,-1,-1
10,7613,171.00,196.00,64.00,158.00,1,-1,-1,-1
10,7614,270.00,185.00,81.00,192.00,1,-1,-1,-1
10,7615,484.00,171.00,75.00,245.00,1,-1,-1,-1
11,7615,484.00,171.00,75.00,245.00,1,-1,-1,-1
12,7615,484.00,171.00,75.00,245.00,1,-1,-1,-1
13,7615,484.00,171.00,75.00,245.00,1,-1,-1,-1
14,7615,484.00,171.00,75.00,245.00,1,-1,-1,-1
15,7615,484.00,171.00,75.00,245.00,1,-1,-1,-1
16,7615,484.00,171.00,75.00,245.00,1,-1,-1,-1
17,7615,484.00,171.00,75.00,245.00,1,-1,-1,-1
18,7615,484.00,171.00,75.00,245.00,1,-1,-1,-1
19,7615,484.00,171.00,75.00,245.00,1,-1,-1,-1
28,7614,106.82,182.03,86.38,206.86,1,-1,-1,-1
28,7616,4.00,176.00,53.00,204.00,1,-1,-1,-1
29,7613,244.61,184.10,76.43,193.70,1,-1,-1,-1
29,7614,99.02,181.89,86.67,207.57,1,-1,-1,-1
29,7616,0.54,174.29,61.64,237.43,1,-1,-1,-1
30,7613,247.54,185.76,74.09,191.29,1,-1,-1,-1
30,7614,87.33,184.26,84.39,201.88,1,-1,-1,-1
31,7613,248.80,186.41,72.70,190.31,1,-1,-1,-1
31,7614,83.89,184.77,83.96,200.69,1,-1,-1,-1
32,7613,249.38,186.67,71.78,189.89,1,-1,-1,-1
32,7614,82.73,184.95,83.83,200.27,1,-1,-1,-1
33,7613,249.66,186.78,71.11,189.70,1,-1,-1,-1
33,7614,82.50,185.02,83.80,200.11,1,-1,-1,-1
34,7613,249.81,186.83,70.58,189.60,1,-1,-1,-1
34,7614,82.63,185.04,83.81,200.05,1,-1,-1,-1
35,7613,249.90,186.86,70.15,189.53,1,-1,-1,-1
35,7614,82.88,185.04,83.82,200.03,1,-1,-1,-1
36,7613,249.95,186.88,69.79,189.47,1,-1,-1,-1
36,7614,83.15,185.04,83.84,200.02,1,-1,-1,-1
37,7613,266.79,186.89,69.67,184.88,1,-1,-1,-1
37,7614,78.41,185.11,83.85,200.03,1,-1,-1,-1
37,7617,372.00,165.00,107.00,281.00,1,-1,-1,-1
38,7613,272.80,186.90,70.35,183.09,1,-1,-1,-1
38,7617,372.00,165.00,107.00,281.00,1,-1,-1,-1
39,7613,274.61,186.91,71.26,182.41,1,-1,-1,-1
39,7617,372.00,165.00,107.00,281.00,1,-1,-1,-1
40,7613,274.89,186.92,72.19,182.15,1,-1,-1,-1
40,7617,372.00,165.00,107.00,281.00,1,-1,-1,-1
41,7613,274.62,186.93,73.05,182.05,1,-1,-1,-1
41,7617,372.00,165.00,107.00,281.00,1,-1,-1,-1
42,7613,274.19,186.94,73.84,182.02,1,-1,-1,-1
42,7617,372.00,165.00,107.00,281.00,1,-1,-1,-1
43,7613,273.72,186.94,74.55,182.00,1,-1,-1,-1
43,7617,372.00,165.00,107.00,281.00,1,-1,-1,-1
44,7613,273.28,186.95,75.19,182.00,1,-1,-1,-1
44,7617,372.00,165.00,107.00,281.00,1,-1,-1,-1
45,7613,272.87,186.95,75.76,182.00,1,-1,-1,-1
45,7617,372.00,165.00,107.00,281.00,1,-1,-1,-1
46,7613,298.71,191.53,75.45,179.38,1,-1,-1,-1
46,7614,-7.37,185.99,85.98,214.45,1,-1,-1,-1
46,7617,416.06,160.30,108.18,281.67,1,-1,-1,-1
47,7613,310.11,194.59,75.96,179.05,1,-1,-1,-1
47,7614,-11.75,179.33,82.32,215.79,1,-1,-1,-1
47,7617,434.46,161.23,108.44,277.92,1,-1,-1,-1
48,7613,314.08,195.72,76.50,178.93,1,-1,-1,-1
48,7614,-12.41,177.02,79.27,216.26,1,-1,-1,-1
48,7617,440.61,161.60,109.52,276.51,1,-1,-1,-1
49,7613,315.27,196.13,77.01,178.89,1,-1,-1,-1
49,7614,-11.79,176.16,76.77,216.41,1,-1,-1,-1
49,7617,442.16,161.75,110.86,276.00,1,-1,-1,-1
50,7613,315.43,196.26,77.48,178.89,1,-1,-1,-1
50,7614,-10.78,175.85,74.69,216.44,1,-1,-1,-1
50,7617,442.04,161.82,112.24,275.83,1,-1,-1,-1
51,7613,315.22,196.29,77.91,178.89,1,-1,-1,-1
51,7614,-9.72,175.75,72.95,216.43,1,-1,-1,-1
51,7617,441.35,161.86,113.58,275.78,1,-1,-1,-1
52,7613,314.89,196.28,78.30,178.90,1,-1,-1,-1
52,7614,-8.73,175.73,71.47,216.40,1,-1,-1,-1
52,7617,440.51,161.88,114.84,275.78,1,-1,-1,-1
53,7613,314.55,196.26,78.66,178.91,1,-1,-1,-1
53,7614,-7.84,175.74,70.20,216.37,1,-1,-1,-1
53,7617,439.66,161.89,116.01,275.80,1,-1,-1,-1
54,7613,314.22,196.24,78.98,178.92,1,-1,-1,-1
54,7614,-7.04,175.75,69.10,216.33,1,-1,-1,-1
54,7617,438.86,161.91,117.09,275.81,1,-1,-1,-1
55,7613,339.66,192.95,79.42,179.58,1,-1,-1,-1
55,7614,-11.12,175.35,69.27,216.87,1,-1,-1,-1
55,7617,442.82,161.76,116.96,275.51,1,-1,-1,-1
55,7618,525.00,165.00,83.00,227.00,1,-1,-1,-1
55,7619,196.00,175.00,75.00,250.00,1,-1,-1,-1
56,7613,351.09,192.35,79.66,179.83,1,-1,-1,-1
56,7618,530.48,165.00,77.18,210.71,1,-1,-1,-1
56,7619,202.61,181.86,74.63,248.29,1,-1,-1,-1
57,7613,355.24,192.12,79.83,179.93,1,-1,-1,-1
57,7618,531.31,165.00,76.38,208.00,1,-1,-1,-1
57,7619,203.62,183.00,74.76,248.00,1,-1,-1,-1
58,7613,360.59,186.16,83.74,190.41,1,-1,-1,-1
58,7618,532.23,165.00,75.39,205.29,1,-1,-1,-1
58,7619,204.73,184.14,74.68,247.71,1,-1,-1,-1
59,7613,362.73,183.94,84.78,194.32,1,-1,-1,-1
60,7613,363.56,183.09,84.81,195.82,1,-1,-1,-1
61,7613,363.87,182.78,84.49,196.36,1,-1,-1,-1
62,7613,364.00,182.68,84.05,196.53,1,-1,-1,-1
63,7613,364.05,182.67,83.60,196.56,1,-1,-1,-1
64,7613,384.58,188.52,79.78,185.51,1,-1,-1,-1
64,7619,294.89,187.09,68.53,223.51,1,-1,-1,-1
64,7620,537.00,201.00,74.00,170.00,1,-1,-1,-1
65,7613,392.15,190.82,78.69,181.18,1,-1,-1,-1
65,7619,298.63,187.21,69.24,222.38,1,-1,-1,-1
65,7620,537.00,201.00,74.00,170.00,1,-1,-1,-1
66,7613,394.58,191.66,78.69,179.60,1,-1,-1,-1
66,7619,299.70,187.27,70.07,221.96,1,-1,-1,-1
66,7620,537.00,201.00,74.00,170.00,1,-1,-1,-1
67,7613,395.14,191.96,79.07,179.02,1,-1,-1,-1
67,7619,299.52,187.27,70.93,221.89,1,-1,-1,-1
67,7620,537.00,201.00,74.00,170.00,1,-1,-1,-1
68,7613,395.03,192.07,79.55,178.83,1,-1,-1,-1
68,7619,298.90,187.25,71.75,221.95,1,-1,-1,-1
68,7620,537.00,201.00,74.00,170.00,1,-1,-1,-1
69,7613,394.69,192.10,80.03,178.77,1,-1,-1,-1
69,7619,298.17,187.23,72.52,222.05,1,-1,-1,-1
69,7620,537.00,201.00,74.00,170.00,1,-1,-1,-1
70,7613,394.29,192.11,80.49,178.76,1,-1,-1,-1
70,7619,297.46,187.20,73.22,222.15,1,-1,-1,-1
70,7620,537.00,201.00,74.00,170.00,1,-1,-1,-1
71,7613,393.89,192.10,80.92,178.78,1,-1,-1,-1
71,7619,296.82,187.18,73.86,222.24,1,-1,-1,-1
71,7620,537.00,201.00,74.00,170.00,1,-1,-1,-1
