1,20781,211.71,165.41,21.52,50.74,1,-1,-1,-1
1,20791,236.00,186.00,28.00,70.00,1,-1,-1,-1
1,20792,386.00,170.00,28.00,62.00,1,-1,-1,-1
1,20793,430.00,264.00,36.00,116.00,1,-1,-1,-1
1,20794,388.00,176.00,158.00,246.00,1,-1,-1,-1
1,20795,264.00,218.00,120.00,168.00,1,-1,-1,-1
1,20796,52.00,166.00,108.00,272.00,1,-1,-1,-1
1,20797,204.00,210.00,48.00,136.00,1,-1,-1,-1
2,20794,388.00,176.00,158.00,246.00,1,-1,-1,-1
2,20795,264.00,218.00,120.00,168.00,1,-1,-1,-1
2,20796,52.00,166.00,108.00,272.00,1,-1,-1,-1
2,20797,204.00,210.00,48.00,136.00,1,-1,-1,-1
3,20794,388.00,176.00,158.00,246.00,1,-1,-1,-1
3,20795,264.00,218.00,120.00,168.00,1,-1,-1,-1
3,20796,52.00,166.00,108.00,272.00,1,-1,-1,-1
3,20797,204.00,210.00,48.00,136.00,1,-1,-1,-1
4,20794,388.00,176.00,158.00,246.00,1,-1,-1,-1
4,20795,264.00,218.00,120.00,168.00,1,-1,-1,-1
4,20796,52.00,166.00,108.00,272.00,1,-1,-1,-1
4,20797,204.00,210.00,48.00,136.00,1,-1,-1,-1
5,20794,388.00,176.00,158.00,246.00,1,-1,-1,-1
5,20795,264.00,218.00,120.00,168.00,1,-1,-1,-1
5,20796,52.00,166.00,108.00,272.00,1,-1,-1,-1
5,20797,204.00,210.00,48.00,136.00,1,-1,-1,-1
6,20794,388.00,176.00,158.00,246.00,1,-1,-1,-1
6,20795,264.00,218.00,120.00,168.00,1,-1,-1,-1
6,20796,52.00,166.00,108.00,272.00,1,-1,-1,-1
6,20797,204.00,210.00,48.00,136.00,1,-1,-1,-1
7,20794,388.00,176.00,158.00,246.00,1,-1,-1,-1
7,20795,264.00,218.00,120.00,168.00,1,-1,-1,-1
7,20796,52.00,166.00,108.00,272.00,1,-1,-1,-1
7,20797,204.00,210.00,48.00,136.00,1,-1,-1,-1
8,20794,388.00,176.00,158.00,246.00,1,-1,-1,-1
8,20795,264.00,218.00,120.00,168.00,1,-1,-1,-1
8,20796,52.00,166.00,108.00,272.00,1,-1,-1,-1
8,20797,204.00,210.00,48.00,136.00,1,-1,-1,-1
9,20794,427.93,174.65,148.50,239.23,1,-1,-1,-1
9,20795,264.00,218.00,120.00,168.00,1,-1,-1,-1
9,20796,96.95,167.35,108.76,270.65,1,-1,-1,-1
9,20797,204.00,210.00,48.00,136.00,1,-1,-1,-1
9,20798,224.00,206.00,82.00,172.00,1,-1,-1,-1
10,20794,444.27,174.15,141.91,236.73,1,-1,-1,-1
10,20796,113.11,167.85,109.85,270.15,1,-1,-1,-1
10,20798,224.00,206.00,82.00,172.00,1,-1,-1,-1
11,20794,451.51,173.97,136.51,235.85,1,-1,-1,-1
11,20796,118.45,168.03,111.02,269.97,1,-1,-1,-1
11,20798,224.00,206.00,82.00,172.00,1,-1,-1,-1
12,20794,455.38,173.91,131.67,235.57,1,-1,-1,-1
12,20796,119.77,168.09,112.19,269.91,1,-1,-1,-1
12,20798,224.00,206.00,82.00,172.00,1,-1,-1,-1
13,20794,457.94,173.90,127.19,235.51,1,-1,-1,-1
13,20796,119.65,168.10,113.33,269.90,1,-1,-1,-1
13,20798,224.00,206.00,82.00,172.00,1,-1,-1,-1
14,20794,459.96,173.91,123.02,235.53,1,-1,-1,-1
14,20796,119.03,168.10,114.40,269.90,1,-1,-1,-1
14,20798,224.00,206.00,82.00,172.00,1,-1,-1,-1
15,20794,461.71,173.91,119.13,235.56,1,-1,-1,-1
15,20796,118.29,168.09,115.40,269.91,1,-1,-1,-1
15,20798,224.00,206.00,82.00,172.00,1,-1,-1,-1
16,20794,463.30,173.92,115.52,235.60,1,-1,-1,-1
16,20796,117.54,168.08,116.33,269.92,1,-1,-1,-1
16,20798,224.00,206.00,82.00,172.00,1,-1,-1,-1
17,20794,493.68,172.61,122.81,251.45,1,-1,-1,-1
17,20796,157.38,165.44,117.60,273.87,1,-1,-1,-1
17,20797,284.97,206.13,46.56,132.13,1,-1,-1,-1
17,20798,224.00,206.00,82.00,172.00,1,-1,-1,-1
18,20794,505.00,172.13,125.22,257.30,1,-1,-1,-1
18,20796,172.32,164.45,117.83,275.36,1,-1,-1,-1
18,20797,288.77,205.95,46.43,131.95,1,-1,-1,-1
19,20794,509.33,171.95,125.91,259.56,1,-1,-1,-1
19,20796,177.86,164.08,117.69,275.91,1,-1,-1,-1
19,20797,290.12,205.89,46.35,131.89,1,-1,-1,-1
20,20794,510.90,171.89,125.93,260.39,1,-1,-1,-1
20,20796,179.78,163.94,117.43,276.11,1,-1,-1,-1
20,20797,290.48,205.87,46.30,131.87,1,-1,-1,-1
21,20794,511.39,171.88,125.72,260.66,1,-1,-1,-1
21,20796,180.33,163.90,117.15,276.17,1,-1,-1,-1
21,20797,290.45,205.88,46.27,131.88,1,-1,-1,-1
22,20794,511.48,171.88,125.43,260.71,1,-1,-1,-1
22,20796,180.38,163.89,116.87,276.18,1,-1,-1,-1
22,20797,290.28,205.88,46.24,131.88,1,-1,-1,-1
23,20794,511.43,171.88,125.13,260.69,1,-1,-1,-1
23,20796,180.25,163.90,116.60,276.18,1,-1,-1,-1
23,20797,290.08,205.89,46.21,131.89,1,-1,-1,-1
24,20794,511.33,171.89,124.84,260.64,1,-1,-1,-1
24,20796,180.07,163.90,116.36,276.16,1,-1,-1,-1
24,20797,289.88,205.90,46.19,131.90,1,-1,-1,-1
25,20794,515.52,171.72,125.34,261.69,1,-1,-1,-1
25,20795,104.32,206.13,118.86,166.02,1,-1,-1,-1
25,20796,185.28,163.74,116.47,276.43,1,-1,-1,-1
25,20797,293.11,205.75,46.13,131.75,1,-1,-1,-1
25,20799,0.00,162.00,36.00,276.00,1,-1,-1,-1
25,20800,258.00,156.00,114.00,296.00,1,-1,-1,-1
26,20795,100.49,205.85,119.02,165.98,1,-1,-1,-1
26,20796,238.85,157.75,121.77,291.55,1,-1,-1,-1
26,20799,0.00,162.00,36.00,276.00,1,-1,-1,-1
27,20795,99.04,205.75,119.15,165.96,1,-1,-1,-1
27,20796,251.96,156.37,122.24,295.00,1,-1,-1,-1
27,20799,0.00,162.00,36.00,276.00,1,-1,-1,-1
28,20795,98.69,205.73,119.26,165.95,1,-1,-1,-1
28,20796,256.91,155.87,121.90,296.26,1,-1,-1,-1
28,20799,0.00,162.00,36.00,276.00,1,-1,-1,-1
29,20795,98.78,205.74,119.35,165.96,1,-1,-1,-1
29,20796,258.74,155.71,121.30,296.69,1,-1,-1,-1
29,20799,0.00,162.00,36.00,276.00,1,-1,-1,-1
30,20795,99.01,205.76,119.43,165.96,1,-1,-1,-1
30,20796,259.35,155.66,120.66,296.80,1,-1,-1,-1
30,20799,0.00,162.00,36.00,276.00,1,-1,-1,-1
31,20795,99.27,205.78,119.50,165.96,1,-1,-1,-1
31,20796,259.50,155.67,120.03,296.79,1,-1,-1,-1
31,20799,0.00,162.00,36.00,276.00,1,-1,-1,-1
32,20795,99.53,205.80,119.55,165.97,1,-1,-1,-1
32,20796,259.48,155.69,119.46,296.75,1,-1,-1,-1
32,20799,0.00,162.00,36.00,276.00,1,-1,-1,-1
33,20795,95.21,205.48,119.51,165.91,1,-1,-1,-1
33,20796,299.92,170.01,118.50,284.98,1,-1,-1,-1
33,20798,62.07,194.13,97.23,203.65,1,-1,-1,-1
33,20799,0.00,162.00,36.00,276.00,1,-1,-1,-1
33,20801,10.00,188.00,130.00,222.00,1,-1,-1,-1
33,20802,244.00,214.00,84.00,150.00,1,-1,-1,-1
34,20796,314.26,175.55,119.95,280.40,1,-1,-1,-1
34,20797,259.33,213.65,57.57,149.30,1,-1,-1,-1
34,20798,57.93,193.83,97.71,204.45,1,-1,-1,-1
34,20801,10.00,188.00,130.00,222.00,1,-1,-1,-1
35,20796,318.42,177.57,122.22,278.71,1,-1,-1,-1
35,20797,255.65,214.03,61.87,150.12,1,-1,-1,-1
35,20798,56.51,193.73,97.92,204.72,1,-1,-1,-1
35,20801,10.00,188.00,130.00,222.00,1,-1,-1,-1
36,20796,318.88,178.29,124.65,278.09,1,-1,-1,-1
36,20797,253.49,214.17,65.09,150.41,1,-1,-1,-1
36,20798,56.17,193.71,98.01,204.78,1,-1,-1,-1
36,20801,10.00,188.00,130.00,222.00,1,-1,-1,-1
37,20796,318.03,178.52,126.98,277.87,1,-1,-1,-1
37,20797,252.03,214.20,67.61,150.49,1,-1,-1,-1
37,20798,56.26,193.71,98.04,204.76,1,-1,-1,-1
37,20801,10.00,188.00,130.00,222.00,1,-1,-1,-1
38,20796,316.78,178.57,129.15,277.80,1,-1,-1,-1
38,20797,250.94,214.21,69.66,150.50,1,-1,-1,-1
38,20798,56.49,193.73,98.06,204.71,1,-1,-1,-1
38,20801,10.00,188.00,130.00,222.00,1,-1,-1,-1
39,20796,315.47,178.55,131.13,277.79,1,-1,-1,-1
39,20797,250.08,214.20,71.36,150.47,1,-1,-1,-1
39,20798,56.76,193.75,98.07,204.66,1,-1,-1,-1
39,20801,10.00,188.00,130.00,222.00,1,-1,-1,-1
40,20796,314.22,178.51,132.93,277.80,1,-1,-1,-1
40,20797,249.37,214.18,72.80,150.44,1,-1,-1,-1
40,20798,57.04,193.77,98.07,204.60,1,-1,-1,-1
40,20801,10.00,188.00,130.00,222.00,1,-1,-1,-1
41,20796,360.67,165.38,134.88,288.28,1,-1,-1,-1
41,20797,248.83,214.48,73.14,151.14,1,-1,-1,-1
41,20798,31.57,192.50,97.55,203.25,1,-1,-1,-1
41,20801,10.00,188.00,130.00,222.00,1,-1,-1,-1
41,20803,294.00,208.00,86.00,154.00,1,-1,-1,-1
42,20796,378.75,160.46,133.92,292.21,1,-1,-1,-1
42,20798,22.00,192.02,97.40,202.70,1,-1,-1,-1
42,20803,294.00,208.00,86.00,154.00,1,-1,-1,-1
43,20796,386.17,158.57,132.06,293.70,1,-1,-1,-1
43,20797,290.13,209.21,75.84,153.75,1,-1,-1,-1
43,20798,18.54,191.85,97.39,202.47,1,-1,-1,-1
44,20796,389.34,157.87,129.99,294.25,1,-1,-1,-1
44,20797,296.43,208.34,77.25,154.18,1,-1,-1,-1
44,20798,17.42,191.80,97.42,202.36,1,-1,-1,-1
45,20796,390.85,157.63,127.98,294.42,1,-1,-1,-1
45,20797,298.33,208.04,78.33,154.33,1,-1,-1,-1
45,20798,17.18,191.80,97.47,202.30,1,-1,-1,-1
46,20796,391.68,157.57,126.11,294.46,1,-1,-1,-1
46,20797,298.72,207.93,79.22,154.37,1,-1,-1,-1
46,20798,17.26,191.81,97.52,202.27,1,-1,-1,-1
47,20796,392.23,157.57,124.39,294.45,1,-1,-1,-1
47,20797,298.56,207.90,79.97,154.36,1,-1,-1,-1
47,20798,17.45,191.82,97.56,202.24,1,-1,-1,-1
48,20796,392.65,157.60,122.84,294.42,1,-1,-1,-1
48,20797,298.22,207.89,80.61,154.34,1,-1,-1,-1
48,20798,17.66,191.84,97.61,202.21,1,-1,-1,-1
49,20796,436.36,158.93,124.59,293.08,1,-1,-1,-1
49,20797,312.98,207.90,82.16,155.61,1,-1,-1,-1
49,20798,13.50,191.58,97.77,202.55,1,-1,-1,-1
49,20801,102.27,188.00,134.97,229.73,1,-1,-1,-1
50,20796,452.15,159.46,126.45,292.55,1,-1,-1,-1
50,20797,318.28,207.90,83.18,156.08,1,-1,-1,-1
50,20801,106.46,188.00,135.55,230.10,1,-1,-1,-1
51,20796,457.27,159.68,128.24,292.33,1,-1,-1,-1
51,20797,319.99,207.91,83.96,156.24,1,-1,-1,-1
51,20801,107.84,188.00,135.92,230.23,1,-1,-1,-1
52,20796,458.39,159.77,129.91,292.24,1,-1,-1,-1
52,20797,320.35,207.92,84.60,156.28,1,-1,-1,-1
52,20801,108.10,188.00,136.20,230.26,1,-1,-1,-1
53,20796,458.05,159.82,131.43,292.19,1,-1,-1,-1
53,20797,320.22,207.93,85.15,156.28,1,-1,-1,-1
53,20801,107.94,188.00,136.41,230.26,1,-1,-1,-1
54,20796,457.23,159.84,132.81,292.17,1,-1,-1,-1
54,20797,319.92,207.93,85.63,156.26,1,-1,-1,-1
54,20801,107.65,188.00,136.59,230.24,1,-1,-1,-1
55,20796,456.28,159.86,134.07,292.15,1,-1,-1,-1
55,20797,319.59,207.94,86.06,156.24,1,-1,-1,-1
55,20801,107.32,188.00,136.74,230.22,1,-1,-1,-1
56,20796,455.35,159.88,135.20,292.13,1,-1,-1,-1
56,20797,319.26,207.95,86.44,156.22,1,-1,-1,-1
56,20801,107.01,188.00,136.87,230.20,1,-1,-1,-1
57,20796,506.75,157.28,130.90,292.12,1,-1,-1,-1
57,20797,344.05,211.86,87.44,158.81,1,-1,-1,-1
57,20801,110.85,188.00,137.06,230.52,1,-1,-1,-1
57,20804,204.00,198.00,96.00,214.00,1,-1,-1,-1
58,20796,527.14,156.30,127.01,292.11,1,-1,-1,-1
58,20797,353.46,213.34,87.58,159.77,1,-1,-1,-1
58,20804,204.00,198.00,96.00,214.00,1,-1,-1,-1
59,20796,535.56,155.94,123.48,292.10,1,-1,-1,-1
59,20797,357.04,213.90,87.42,160.13,1,-1,-1,-1
59,20801,178.67,196.34,125.20,216.84,1,-1,-1,-1
60,20796,539.33,155.82,120.29,292.09,1,-1,-1,-1
60,20797,358.34,214.10,87.16,160.24,1,-1,-1,-1
60,20801,190.91,197.71,120.78,214.60,1,-1,-1,-1
61,20796,541.27,155.79,117.41,292.08,1,-1,-1,-1
61,20797,358.78,214.17,86.88,160.27,1,-1,-1,-1
61,20801,195.82,198.16,117.68,213.87,1,-1,-1,-1
62,20796,542.45,155.79,114.80,292.07,1,-1,-1,-1
62,20797,358.89,214.18,86.62,160.26,1,-1,-1,-1
62,20801,198.05,198.30,115.23,213.62,1,-1,-1,-1
63,20796,543.30,155.80,112.44,292.06,1,-1,-1,-1
63,20797,358.88,214.17,86.37,160.25,1,-1,-1,-1
63,20801,199.20,198.33,113.16,213.56,1,-1,-1,-1
64,20796,543.99,155.82,110.30,292.06,1,-1,-1,-1
64,20797,358.82,214.16,86.15,160.22,1,-1,-1,-1
64,20801,199.90,198.32,111.38,213.57,1,-1,-1,-1
65,20796,550.68,155.53,110.34,292.15,1,-1,-1,-1
65,20797,378.04,219.36,82.57,149.78,1,-1,-1,-1
65,20801,206.11,198.87,110.99,212.83,1,-1,-1,-1
65,20805,276.00,194.00,92.00,222.00,1,-1,-1,-1
65,20806,540.00,206.00,42.00,146.00,1,-1,-1,-1
66,20797,384.83,221.36,82.13,145.71,1,-1,-1,-1
66,20801,253.71,195.22,112.03,219.76,1,-1,-1,-1
66,20806,540.00,206.00,42.00,146.00,1,-1,-1,-1
67,20797,386.69,222.06,82.92,144.26,1,-1,-1,-1
67,20801,265.93,194.47,110.53,221.23,1,-1,-1,-1
67,20806,540.00,206.00,42.00,146.00,1,-1,-1,-1
68,20797,386.81,222.30,84.08,143.76,1,-1,-1,-1
68,20801,270.79,194.19,108.82,221.77,1,-1,-1,-1
68,20806,540.00,206.00,42.00,146.00,1,-1,-1,-1
69,20797,386.32,222.36,85.30,143.60,1,-1,-1,-1
69,20801,272.83,194.08,107.18,221.97,1,-1,-1,-1
69,20806,540.00,206.00,42.00,146.00,1,-1,-1,-1
70,20797,385.65,222.36,86.47,143.57,1,-1,-1,-1
70,20801,273.75,194.04,105.67,222.04,1,-1,-1,-1
70,20806,540.00,206.00,42.00,146.00,1,-1,-1,-1
71,20797,384.97,222.33,87.55,143.59,1,-1,-1,-1
71,20801,274.22,194.02,104.32,222.06,1,-1,-1,-1
71,20806,540.00,206.00,42.00,146.00,1,-1,-1,-1
