23,27629,694.00,272.00,38.00,98.00,1,-1,-1,-1
24,27629,694.00,272.00,38.00,98.00,1,-1,-1,-1
25,27629,694.00,272.00,38.00,98.00,1,-1,-1,-1
26,27629,694.00,272.00,38.00,98.00,1,-1,-1,-1
27,27629,694.00,272.00,38.00,98.00,1,-1,-1,-1
28,27629,694.00,272.00,38.00,98.00,1,-1,-1,-1
29,27629,694.00,272.00,38.00,98.00,1,-1,-1,-1
30,27629,694.00,272.00,38.00,98.00,1,-1,-1,-1
31,27629,694.00,272.00,38.00,98.00,1,-1,-1,-1
32,27629,694.00,272.00,38.00,98.00,1,-1,-1,-1
33,27629,694.00,272.00,38.00,98.00,1,-1,-1,-1
34,27629,694.00,272.00,38.00,98.00,1,-1,-1,-1
45,27630,420.00,174.00,36.00,90.00,1,-1,-1,-1
45,27631,568.00,228.00,42.00,90.00,1,-1,-1,-1
46,27630,420.00,174.00,36.00,90.00,1,-1,-1,-1
46,27631,568.00,228.00,42.00,90.00,1,-1,-1,-1
47,27630,420.00,174.00,36.00,90.00,1,-1,-1,-1
47,27631,568.00,228.00,42.00,90.00,1,-1,-1,-1
48,27630,420.00,174.00,36.00,90.00,1,-1,-1,-1
48,27631,568.00,228.00,42.00,90.00,1,-1,-1,-1
49,27630,420.00,174.00,36.00,90.00,1,-1,-1,-1
49,27631,568.00,228.00,42.00,90.00,1,-1,-1,-1
50,27630,420.00,174.00,36.00,90.00,1,-1,-1,-1
50,27631,568.00,228.00,42.00,90.00,1,-1,-1,-1
51,27630,420.00,174.00,36.00,90.00,1,-1,-1,-1
51,27631,568.00,228.00,42.00,90.00,1,-1,-1,-1
52,27630,420.00,174.00,36.00,90.00,1,-1,-1,-1
52,27631,568.00,228.00,42.00,90.00,1,-1,-1,-1
53,27630,420.00,174.00,36.00,90.00,1,-1,-1,-1
53,27631,568.00,228.00,42.00,90.00,1,-1,-1,-1
54,27630,420.00,174.00,36.00,90.00,1,-1,-1,-1
54,27631,568.00,228.00,42.00,90.00,1,-1,-1,-1
55,27630,420.00,174.00,36.00,90.00,1,-1,-1,-1
55,27631,568.00,228.00,42.00,90.00,1,-1,-1,-1
56,27630,420.00,174.00,36.00,90.00,1,-1,-1,-1
56,27631,568.00,228.00,42.00,90.00,1,-1,-1,-1
56,27632,634.00,252.00,42.00,106.00,1,-1,-1,-1
57,27632,634.00,252.00,42.00,106.00,1,-1,-1,-1
58,27632,634.00,252.00,42.00,106.00,1,-1,-1,-1
59,27632,634.00,252.00,42.00,106.00,1,-1,-1,-1
60,27632,634.00,252.00,42.00,106.00,1,-1,-1,-1
61,27632,634.00,252.00,42.00,106.00,1,-1,-1,-1
62,27632,634.00,252.00,42.00,106.00,1,-1,-1,-1
63,27632,634.00,252.00,42.00,106.00,1,-1,-1,-1
64,27632,634.00,252.00,42.00,106.00,1,-1,-1,-1
65,27632,634.00,252.00,42.00,106.00,1,-1,-1,-1
66,27632,634.00,252.00,42.00,106.00,1,-1,-1,-1
67,27632,634.00,252.00,42.00,106.00,1,-1,-1,-1
67,27633,596.00,218.00,34.00,106.00,1,-1,-1,-1
68,27633,596.00,218.00,34.00,106.00,1,-1,-1,-1
69,27633,596.00,218.00,34.00,106.00,1,-1,-1,-1
70,27633,596.00,218.00,34.00,106.00,1,-1,-1,-1
71,27633,596.00,218.00,34.00,106.00,1,-1,-1,-1
72,27633,596.00,218.00,34.00,106.00,1,-1,-1,-1
73,27633,596.00,218.00,34.00,106.00,1,-1,-1,-1
74,27633,596.00,218.00,34.00,106.00,1,-1,-1,-1
75,27633,596.00,218.00,34.00,106.00,1,-1,-1,-1
76,27633,596.00,218.00,34.00,106.00,1,-1,-1,-1
77,27633,596.00,218.00,34.00,106.00,1,-1,-1,-1
78,27631,456.38,182.32,36.82,82.06,1,-1,-1,-1
78,27633,596.00,218.00,34.00,106.00,1,-1,-1,-1
78,27634,264.00,178.00,30.00,58.00,1,-1,-1,-1
78,27635,424.00,186.00,30.00,80.00,1,-1,-1,-1
79,27630,423.22,185.92,31.54,80.06,1,-1,-1,-1
79,27631,454.94,181.54,35.82,81.92,1,-1,-1,-1
79,27634,264.00,178.00,30.00,58.00,1,-1,-1,-1
80,27630,423.42,186.12,31.18,79.90,1,-1,-1,-1
80,27631,454.53,181.24,35.13,81.87,1,-1,-1,-1
80,27634,264.00,178.00,30.00,58.00,1,-1,-1,-1
81,27630,423.55,186.19,30.94,79.84,1,-1,-1,-1
81,27631,454.64,181.18,34.64,81.86,1,-1,-1,-1
81,27634,264.00,178.00,30.00,58.00,1,-1,-1,-1
82,27630,423.63,186.20,30.78,79.83,1,-1,-1,-1
82,27631,454.93,181.23,34.27,81.87,1,-1,-1,-1
82,27634,264.00,178.00,30.00,58.00,1,-1,-1,-1
83,27630,423.68,186.19,30.67,79.84,1,-1,-1,-1
83,27631,455.25,181.29,33.97,81.88,1,-1,-1,-1
83,27634,264.00,178.00,30.00,58.00,1,-1,-1,-1
84,27630,423.73,186.18,30.58,79.85,1,-1,-1,-1
84,27631,455.55,181.36,33.72,81.89,1,-1,-1,-1
84,27634,264.00,178.00,30.00,58.00,1,-1,-1,-1
85,27630,423.76,186.16,30.50,79.87,1,-1,-1,-1
85,27631,455.82,181.43,33.52,81.90,1,-1,-1,-1
85,27634,264.00,178.00,30.00,58.00,1,-1,-1,-1
86,27630,423.79,186.14,30.44,79.88,1,-1,-1,-1
86,27631,456.05,181.49,33.35,81.91,1,-1,-1,-1
86,27634,264.00,178.00,30.00,58.00,1,-1,-1,-1
87,27630,423.81,186.13,30.39,79.90,1,-1,-1,-1
87,27631,456.26,181.54,33.20,81.92,1,-1,-1,-1
87,27634,264.00,178.00,30.00,58.00,1,-1,-1,-1
88,27630,423.84,186.11,30.35,79.91,1,-1,-1,-1
88,27631,456.44,181.59,33.07,81.93,1,-1,-1,-1
88,27634,264.00,178.00,30.00,58.00,1,-1,-1,-1
89,27630,423.88,186.29,30.29,79.75,1,-1,-1,-1
89,27631,454.80,180.93,33.02,81.81,1,-1,-1,-1
89,27633,565.16,184.81,25.40,78.67,1,-1,-1,-1
89,27634,264.00,178.00,30.00,58.00,1,-1,-1,-1
90,27633,564.09,183.72,25.23,77.77,1,-1,-1,-1
91,27633,563.66,183.30,25.21,77.43,1,-1,-1,-1
92,27633,563.54,183.22,25.26,77.35,1,-1,-1,-1
93,27633,563.54,183.25,25.34,77.38,1,-1,-1,-1
94,27633,563.58,183.32,25.41,77.44,1,-1,-1,-1
95,27633,563.62,183.40,25.47,77.50,1,-1,-1,-1
96,27633,563.67,183.46,25.53,77.56,1,-1,-1,-1
97,27633,563.70,183.52,25.58,77.61,1,-1,-1,-1
98,27633,563.74,183.57,25.63,77.65,1,-1,-1,-1
99,27633,563.77,183.62,25.66,77.69,1,-1,-1,-1
100,27633,563.20,183.00,25.50,77.18,1,-1,-1,-1
100,27636,586.00,164.00,28.00,72.00,1,-1,-1,-1
101,27636,586.00,164.00,28.00,72.00,1,-1,-1,-1
102,27636,586.00,164.00,28.00,72.00,1,-1,-1,-1
103,27636,586.00,164.00,28.00,72.00,1,-1,-1,-1
104,27636,586.00,164.00,28.00,72.00,1,-1,-1,-1
105,27636,586.00,164.00,28.00,72.00,1,-1,-1,-1
106,27636,586.00,164.00,28.00,72.00,1,-1,-1,-1
107,27636,586.00,164.00,28.00,72.00,1,-1,-1,-1
108,27636,586.00,164.00,28.00,72.00,1,-1,-1,-1
109,27636,586.00,164.00,28.00,72.00,1,-1,-1,-1
110,27636,586.00,164.00,28.00,72.00,1,-1,-1,-1
111,27636,586.00,164.00,28.00,72.00,1,-1,-1,-1
111,27637,538.00,142.00,30.00,64.00,1,-1,-1,-1
111,27638,554.00,136.00,30.00,78.00,1,-1,-1,-1
112,27637,538.00,142.00,30.00,64.00,1,-1,-1,-1
112,27638,554.00,136.00,30.00,78.00,1,-1,-1,-1
113,27637,538.00,142.00,30.00,64.00,1,-1,-1,-1
113,27638,554.00,136.00,30.00,78.00,1,-1,-1,-1
114,27637,538.00,142.00,30.00,64.00,1,-1,-1,-1
114,27638,554.00,136.00,30.00,78.00,1,-1,-1,-1
115,27637,538.00,142.00,30.00,64.00,1,-1,-1,-1
115,27638,554.00,136.00,30.00,78.00,1,-1,-1,-1
116,27637,538.00,142.00,30.00,64.00,1,-1,-1,-1
116,27638,554.00,136.00,30.00,78.00,1,-1,-1,-1
117,27637,538.00,142.00,30.00,64.00,1,-1,-1,-1
117,27638,554.00,136.00,30.00,78.00,1,-1,-1,-1
118,27637,538.00,142.00,30.00,64.00,1,-1,-1,-1
118,27638,554.00,136.00,30.00,78.00,1,-1,-1,-1
119,27637,538.00,142.00,30.00,64.00,1,-1,-1,-1
119,27638,554.00,136.00,30.00,78.00,1,-1,-1,-1
120,27637,538.00,142.00,30.00,64.00,1,-1,-1,-1
120,27638,554.00,136.00,30.00,78.00,1,-1,-1,-1
121,27637,538.00,142.00,30.00,64.00,1,-1,-1,-1
121,27638,554.00,136.00,30.00,78.00,1,-1,-1,-1
122,27633,642.79,136.19,21.35,66.00,1,-1,-1,-1
122,27637,538.00,142.00,30.00,64.00,1,-1,-1,-1
122,27638,554.00,136.00,30.00,78.00,1,-1,-1,-1
122,27639,568.00,134.00,32.00,66.00,1,-1,-1,-1
123,27633,644.31,135.44,21.02,65.84,1,-1,-1,-1
123,27639,568.00,134.00,32.00,66.00,1,-1,-1,-1
124,27633,644.89,135.17,20.82,65.79,1,-1,-1,-1
124,27638,568.33,134.31,26.75,67.83,1,-1,-1,-1
125,27633,645.04,135.13,20.68,65.78,1,-1,-1,-1
125,27638,570.37,134.04,26.69,66.23,1,-1,-1,-1
126,27633,645.02,135.18,20.57,65.79,1,-1,-1,-1
126,27638,570.84,133.95,27.01,65.73,1,-1,-1,-1
127,27633,644.95,135.25,20.49,65.81,1,-1,-1,-1
127,27638,570.82,133.93,27.41,65.58,1,-1,-1,-1
128,27633,644.86,135.33,20.43,65.83,1,-1,-1,-1
128,27638,570.64,133.93,27.82,65.56,1,-1,-1,-1
129,27633,644.78,135.40,20.38,65.85,1,-1,-1,-1
129,27638,570.42,133.93,28.21,65.58,1,-1,-1,-1
130,27633,644.70,135.46,20.33,65.86,1,-1,-1,-1
130,27638,570.19,133.94,28.57,65.62,1,-1,-1,-1
131,27633,644.63,135.51,20.30,65.88,1,-1,-1,-1
131,27638,569.98,133.94,28.90,65.66,1,-1,-1,-1
132,27633,644.57,135.56,20.26,65.89,1,-1,-1,-1
132,27638,569.79,133.95,29.19,65.69,1,-1,-1,-1
133,27633,645.73,134.86,20.21,65.71,1,-1,-1,-1
133,27636,657.33,122.29,26.35,68.03,1,-1,-1,-1
133,27638,570.53,133.87,28.97,65.19,1,-1,-1,-1
133,27640,594.00,124.00,32.00,56.00,1,-1,-1,-1
134,27636,658.60,121.57,26.26,67.96,1,-1,-1,-1
134,27640,594.00,124.00,32.00,56.00,1,-1,-1,-1
135,27636,659.10,121.29,26.20,67.93,1,-1,-1,-1
135,27640,594.00,124.00,32.00,56.00,1,-1,-1,-1
136,27636,659.20,121.24,26.16,67.93,1,-1,-1,-1
136,27640,594.00,124.00,32.00,56.00,1,-1,-1,-1
137,27636,659.15,121.28,26.14,67.93,1,-1,-1,-1
137,27640,594.00,124.00,32.00,56.00,1,-1,-1,-1
138,27636,659.06,121.34,26.12,67.94,1,-1,-1,-1
138,27640,594.00,124.00,32.00,56.00,1,-1,-1,-1
139,27636,658.96,121.40,26.10,67.94,1,-1,-1,-1
139,27640,594.00,124.00,32.00,56.00,1,-1,-1,-1
140,27636,658.86,121.46,26.09,67.95,1,-1,-1,-1
140,27640,594.00,124.00,32.00,56.00,1,-1,-1,-1
141,27636,658.77,121.52,26.08,67.95,1,-1,-1,-1
141,27640,594.00,124.00,32.00,56.00,1,-1,-1,-1
142,27636,658.69,121.57,26.07,67.96,1,-1,-1,-1
142,27640,594.00,124.00,32.00,56.00,1,-1,-1,-1
143,27636,658.63,121.61,26.06,67.96,1,-1,-1,-1
143,27640,594.00,124.00,32.00,56.00,1,-1,-1,-1
144,27633,695.52,116.28,19.03,58.15,1,-1,-1,-1
144,27636,659.69,120.99,26.04,67.90,1,-1,-1,-1
144,27640,594.00,124.00,32.00,56.00,1,-1,-1,-1
144,27641,638.00,128.00,26.00,50.00,1,-1,-1,-1
144,27642,642.00,228.00,34.00,102.00,1,-1,-1,-1
145,27633,696.79,115.70,19.77,57.90,1,-1,-1,-1
145,27641,638.00,128.00,26.00,50.00,1,-1,-1,-1
145,27642,642.00,228.00,34.00,102.00,1,-1,-1,-1
146,27633,697.10,115.47,20.35,57.80,1,-1,-1,-1
146,27641,638.00,128.00,26.00,50.00,1,-1,-1,-1
146,27642,642.00,228.00,34.00,102.00,1,-1,-1,-1
147,27633,697.00,115.43,20.83,57.78,1,-1,-1,-1
147,27641,638.00,128.00,26.00,50.00,1,-1,-1,-1
147,27642,642.00,228.00,34.00,102.00,1,-1,-1,-1
148,27633,696.75,115.45,21.23,57.79,1,-1,-1,-1
148,27641,638.00,128.00,26.00,50.00,1,-1,-1,-1
148,27642,642.00,228.00,34.00,102.00,1,-1,-1,-1
149,27633,696.47,115.49,21.56,57.81,1,-1,-1,-1
149,27641,638.00,128.00,26.00,50.00,1,-1,-1,-1
149,27642,642.00,228.00,34.00,102.00,1,-1,-1,-1
150,27633,696.22,115.54,21.84,57.82,1,-1,-1,-1
150,27641,638.00,128.00,26.00,50.00,1,-1,-1,-1
150,27642,642.00,228.00,34.00,102.00,1,-1,-1,-1
151,27633,695.98,115.59,22.08,57.84,1,-1,-1,-1
151,27641,638.00,128.00,26.00,50.00,1,-1,-1,-1
151,27642,642.00,228.00,34.00,102.00,1,-1,-1,-1
152,27633,695.78,115.63,22.29,57.86,1,-1,-1,-1
152,27641,638.00,128.00,26.00,50.00,1,-1,-1,-1
152,27642,642.00,228.00,34.00,102.00,1,-1,-1,-1
153,27633,695.59,115.67,22.47,57.87,1,-1,-1,-1
153,27641,638.00,128.00,26.00,50.00,1,-1,-1,-1
153,27642,642.00,228.00,34.00,102.00,1,-1,-1,-1
154,27633,695.43,115.70,22.63,57.89,1,-1,-1,-1
154,27641,638.00,128.00,26.00,50.00,1,-1,-1,-1
154,27642,642.00,228.00,34.00,102.00,1,-1,-1,-1
155,27633,696.16,119.66,26.27,68.38,1,-1,-1,-1
155,27636,683.75,115.95,23.87,62.14,1,-1,-1,-1
155,27638,660.02,118.08,25.16,55.99,1,-1,-1,-1
155,27641,638.00,128.00,26.00,50.00,1,-1,-1,-1
155,27642,642.00,228.00,34.00,102.00,1,-1,-1,-1
155,27643,556.00,222.00,34.00,88.00,1,-1,-1,-1
155,27644,410.00,178.00,46.00,114.00,1,-1,-1,-1
156,27633,696.60,121.07,27.28,72.15,1,-1,-1,-1
156,27636,684.50,115.84,23.82,61.94,1,-1,-1,-1
156,27638,661.41,117.81,25.27,55.86,1,-1,-1,-1
156,27643,556.00,222.00,34.00,88.00,1,-1,-1,-1
156,27644,410.00,178.00,46.00,114.00,1,-1,-1,-1
157,27633,696.84,121.67,27.47,73.70,1,-1,-1,-1
157,27636,684.78,115.78,23.82,61.86,1,-1,-1,-1
157,27638,661.86,117.72,25.37,55.82,1,-1,-1,-1
157,27643,556.00,222.00,34.00,88.00,1,-1,-1,-1
157,27644,410.00,178.00,46.00,114.00,1,-1,-1,-1
158,27633,697.00,121.91,27.33,74.29,1,-1,-1,-1
158,27636,684.83,115.78,23.83,61.84,1,-1,-1,-1
158,27638,661.89,117.71,25.45,55.82,1,-1,-1,-1
158,27643,556.00,222.00,34.00,88.00,1,-1,-1,-1
158,27644,410.00,178.00,46.00,114.00,1,-1,-1,-1
159,27633,697.12,122.00,27.08,74.48,1,-1,-1,-1
159,27636,684.80,115.79,23.84,61.85,1,-1,-1,-1
159,27638,661.77,117.72,25.52,55.83,1,-1,-1,-1
159,27643,556.00,222.00,34.00,88.00,1,-1,-1,-1
159,27644,410.00,178.00,46.00,114.00,1,-1,-1,-1
160,27633,697.22,122.03,26.81,74.53,1,-1,-1,-1
160,27636,684.73,115.81,23.86,61.86,1,-1,-1,-1
160,27638,661.61,117.75,25.58,55.84,1,-1,-1,-1
160,27643,556.00,222.00,34.00,88.00,1,-1,-1,-1
160,27644,410.00,178.00,46.00,114.00,1,-1,-1,-1
161,27633,697.30,122.04,26.55,74.52,1,-1,-1,-1
161,27636,684.66,115.83,23.87,61.87,1,-1,-1,-1
161,27638,661.45,117.77,25.63,55.86,1,-1,-1,-1
161,27643,556.00,222.00,34.00,88.00,1,-1,-1,-1
161,27644,410.00,178.00,46.00,114.00,1,-1,-1,-1
162,27633,697.38,122.05,26.31,74.49,1,-1,-1,-1
162,27636,684.60,115.84,23.89,61.88,1,-1,-1,-1
162,27638,661.30,117.80,25.68,55.87,1,-1,-1,-1
162,27643,556.00,222.00,34.00,88.00,1,-1,-1,-1
162,27644,410.00,178.00,46.00,114.00,1,-1,-1,-1
163,27633,697.44,122.04,26.09,74.45,1,-1,-1,-1
163,27636,684.54,115.86,23.90,61.90,1,-1,-1,-1
163,27638,661.17,117.82,25.71,55.89,1,-1,-1,-1
163,27643,556.00,222.00,34.00,88.00,1,-1,-1,-1
163,27644,410.00,178.00,46.00,114.00,1,-1,-1,-1
164,27633,697.50,122.04,25.89,74.41,1,-1,-1,-1
164,27636,684.48,115.87,23.91,61.91,1,-1,-1,-1
164,27638,661.05,117.83,25.74,55.90,1,-1,-1,-1
164,27643,556.00,222.00,34.00,88.00,1,-1,-1,-1
164,27644,410.00,178.00,46.00,114.00,1,-1,-1,-1
165,27633,697.55,122.04,25.71,74.38,1,-1,-1,-1
165,27636,684.43,115.89,23.92,61.92,1,-1,-1,-1
165,27638,660.94,117.85,25.77,55.91,1,-1,-1,-1
165,27643,556.00,222.00,34.00,88.00,1,-1,-1,-1
165,27644,410.00,178.00,46.00,114.00,1,-1,-1,-1
166,27633,698.09,122.10,25.92,74.98,1,-1,-1,-1
166,27636,685.10,115.70,23.87,61.78,1,-1,-1,-1
166,27638,662.31,117.61,25.70,55.76,1,-1,-1,-1
166,27643,556.00,222.00,34.00,88.00,1,-1,-1,-1
166,27644,410.00,178.00,46.00,114.00,1,-1,-1,-1
166,27645,488.00,212.00,32.00,86.00,1,-1,-1,-1
166,27646,460.00,212.00,32.00,86.00,1,-1,-1,-1
167,27645,488.00,212.00,32.00,86.00,1,-1,-1,-1
167,27646,460.00,212.00,32.00,86.00,1,-1,-1,-1
168,27645,488.00,212.00,32.00,86.00,1,-1,-1,-1
168,27646,460.00,212.00,32.00,86.00,1,-1,-1,-1
169,27645,488.00,212.00,32.00,86.00,1,-1,-1,-1
169,27646,460.00,212.00,32.00,86.00,1,-1,-1,-1
170,27645,488.00,212.00,32.00,86.00,1,-1,-1,-1
170,27646,460.00,212.00,32.00,86.00,1,-1,-1,-1
171,27645,488.00,212.00,32.00,86.00,1,-1,-1,-1
171,27646,460.00,212.00,32.00,86.00,1,-1,-1,-1
172,27645,488.00,212.00,32.00,86.00,1,-1,-1,-1
172,27646,460.00,212.00,32.00,86.00,1,-1,-1,-1
173,27645,488.00,212.00,32.00,86.00,1,-1,-1,-1
173,27646,460.00,212.00,32.00,86.00,1,-1,-1,-1
174,27645,488.00,212.00,32.00,86.00,1,-1,-1,-1
174,27646,460.00,212.00,32.00,86.00,1,-1,-1,-1
175,27645,488.00,212.00,32.00,86.00,1,-1,-1,-1
175,27646,460.00,212.00,32.00,86.00,1,-1,-1,-1
176,27645,488.00,212.00,32.00,86.00,1,-1,-1,-1
176,27646,460.00,212.00,32.00,86.00,1,-1,-1,-1
177,27645,488.00,212.00,32.00,86.00,1,-1,-1,-1
177,27646,460.00,212.00,32.00,86.00,1,-1,-1,-1
177,27647,600.00,116.00,34.00,82.00,1,-1,-1,-1
178,27647,600.00,116.00,34.00,82.00,1,-1,-1,-1
179,27647,600.00,116.00,34.00,82.00,1,-1,-1,-1
180,27647,600.00,116.00,34.00,82.00,1,-1,-1,-1
181,27647,600.00,116.00,34.00,82.00,1,-1,-1,-1
182,27647,600.00,116.00,34.00,82.00,1,-1,-1,-1
183,27647,600.00,116.00,34.00,82.00,1,-1,-1,-1
184,27647,600.00,116.00,34.00,82.00,1,-1,-1,-1
185,27647,600.00,116.00,34.00,82.00,1,-1,-1,-1
186,27647,600.00,116.00,34.00,82.00,1,-1,-1,-1
187,27647,600.00,116.00,34.00,82.00,1,-1,-1,-1
188,27645,545.02,249.10,29.26,78.19,1,-1,-1,-1
188,27647,600.00,116.00,34.00,82.00,1,-1,-1,-1
188,27648,558.00,120.00,28.00,92.00,1,-1,-1,-1
189,27645,546.95,250.39,29.27,77.92,1,-1,-1,-1
189,27648,558.00,120.00,28.00,92.00,1,-1,-1,-1
190,27645,547.63,250.86,29.33,77.82,1,-1,-1,-1
190,27648,558.00,120.00,28.00,92.00,1,-1,-1,-1
191,27645,547.76,250.98,29.40,77.79,1,-1,-1,-1
191,27648,558.00,120.00,28.00,92.00,1,-1,-1,-1
192,27645,547.69,250.95,29.46,77.80,1,-1,-1,-1
192,27648,558.00,120.00,28.00,92.00,1,-1,-1,-1
193,27645,547.55,250.88,29.52,77.82,1,-1,-1,-1
193,27648,558.00,120.00,28.00,92.00,1,-1,-1,-1
194,27645,547.40,250.80,29.58,77.83,1,-1,-1,-1
194,27648,558.00,120.00,28.00,92.00,1,-1,-1,-1
195,27645,547.26,250.72,29.62,77.85,1,-1,-1,-1
195,27648,558.00,120.00,28.00,92.00,1,-1,-1,-1
196,27645,547.14,250.64,29.66,77.86,1,-1,-1,-1
196,27648,558.00,120.00,28.00,92.00,1,-1,-1,-1
197,27645,547.02,250.58,29.70,77.88,1,-1,-1,-1
197,27648,558.00,120.00,28.00,92.00,1,-1,-1,-1
198,27645,546.92,250.52,29.73,77.89,1,-1,-1,-1
198,27648,558.00,120.00,28.00,92.00,1,-1,-1,-1
199,27645,548.22,251.36,29.66,77.71,1,-1,-1,-1
199,27648,558.00,120.00,28.00,92.00,1,-1,-1,-1
199,27649,110.00,170.00,30.00,40.00,1,-1,-1,-1
200,27649,110.00,170.00,30.00,40.00,1,-1,-1,-1
201,27649,110.00,170.00,30.00,40.00,1,-1,-1,-1
202,27649,110.00,170.00,30.00,40.00,1,-1,-1,-1
203,27649,110.00,170.00,30.00,40.00,1,-1,-1,-1
204,27649,110.00,170.00,30.00,40.00,1,-1,-1,-1
205,27649,110.00,170.00,30.00,40.00,1,-1,-1,-1
206,27649,110.00,170.00,30.00,40.00,1,-1,-1,-1
207,27649,110.00,170.00,30.00,40.00,1,-1,-1,-1
208,27649,110.00,170.00,30.00,40.00,1,-1,-1,-1
209,27649,110.00,170.00,30.00,40.00,1,-1,-1,-1
210,27649,110.00,170.00,30.00,40.00,1,-1,-1,-1
210,27650,22.00,136.00,36.00,72.00,1,-1,-1,-1
210,27651,654.00,288.00,40.00,118.00,1,-1,-1,-1
211,27650,22.00,136.00,36.00,72.00,1,-1,-1,-1
211,27651,654.00,288.00,40.00,118.00,1,-1,-1,-1
212,27650,22.00,136.00,36.00,72.00,1,-1,-1,-1
212,27651,654.00,288.00,40.00,118.00,1,-1,-1,-1
213,27650,22.00,136.00,36.00,72.00,1,-1,-1,-1
213,27651,654.00,288.00,40.00,118.00,1,-1,-1,-1
214,27650,22.00,136.00,36.00,72.00,1,-1,-1,-1
214,27651,654.00,288.00,40.00,118.00,1,-1,-1,-1
215,27650,22.00,136.00,36.00,72.00,1,-1,-1,-1
215,27651,654.00,288.00,40.00,118.00,1,-1,-1,-1
216,27650,22.00,136.00,36.00,72.00,1,-1,-1,-1
216,27651,654.00,288.00,40.00,118.00,1,-1,-1,-1
217,27650,22.00,136.00,36.00,72.00,1,-1,-1,-1
217,27651,654.00,288.00,40.00,118.00,1,-1,-1,-1
218,27650,22.00,136.00,36.00,72.00,1,-1,-1,-1
218,27651,654.00,288.00,40.00,118.00,1,-1,-1,-1
219,27650,22.00,136.00,36.00,72.00,1,-1,-1,-1
219,27651,654.00,288.00,40.00,118.00,1,-1,-1,-1
220,27650,22.00,136.00,36.00,72.00,1,-1,-1,-1
220,27651,654.00,288.00,40.00,118.00,1,-1,-1,-1
221,27645,580.90,285.88,47.99,127.61,1,-1,-1,-1
221,27650,22.00,136.00,36.00,72.00,1,-1,-1,-1
221,27651,654.00,288.00,40.00,118.00,1,-1,-1,-1
222,27645,581.76,286.59,47.96,128.71,1,-1,-1,-1
223,27645,582.08,286.79,47.78,129.04,1,-1,-1,-1
224,27645,582.21,286.82,47.59,129.11,1,-1,-1,-1
225,27645,582.27,286.79,47.41,129.09,1,-1,-1,-1
226,27645,582.29,286.75,47.25,129.03,1,-1,-1,-1
227,27645,582.30,286.70,47.12,128.97,1,-1,-1,-1
228,27645,582.30,286.65,47.00,128.90,1,-1,-1,-1
229,27645,582.29,286.60,46.90,128.83,1,-1,-1,-1
230,27645,582.27,286.55,46.81,128.76,1,-1,-1,-1
231,27645,582.26,286.51,46.73,128.70,1,-1,-1,-1
232,27645,583.04,287.31,47.13,129.81,1,-1,-1,-1
232,27652,32.00,170.00,28.00,66.00,1,-1,-1,-1
232,27653,498.00,264.00,40.00,122.00,1,-1,-1,-1
233,27652,32.00,170.00,28.00,66.00,1,-1,-1,-1
233,27653,498.00,264.00,40.00,122.00,1,-1,-1,-1
234,27652,32.00,170.00,28.00,66.00,1,-1,-1,-1
234,27653,498.00,264.00,40.00,122.00,1,-1,-1,-1
235,27652,32.00,170.00,28.00,66.00,1,-1,-1,-1
235,27653,498.00,264.00,40.00,122.00,1,-1,-1,-1
236,27652,32.00,170.00,28.00,66.00,1,-1,-1,-1
236,27653,498.00,264.00,40.00,122.00,1,-1,-1,-1
237,27652,32.00,170.00,28.00,66.00,1,-1,-1,-1
237,27653,498.00,264.00,40.00,122.00,1,-1,-1,-1
238,27652,32.00,170.00,28.00,66.00,1,-1,-1,-1
238,27653,498.00,264.00,40.00,122.00,1,-1,-1,-1
239,27652,32.00,170.00,28.00,66.00,1,-1,-1,-1
239,27653,498.00,264.00,40.00,122.00,1,-1,-1,-1
240,27652,32.00,170.00,28.00,66.00,1,-1,-1,-1
240,27653,498.00,264.00,40.00,122.00,1,-1,-1,-1
241,27652,32.00,170.00,28.00,66.00,1,-1,-1,-1
241,27653,498.00,264.00,40.00,122.00,1,-1,-1,-1
242,27652,32.00,170.00,28.00,66.00,1,-1,-1,-1
242,27653,498.00,264.00,40.00,122.00,1,-1,-1,-1
243,27652,32.00,170.00,28.00,66.00,1,-1,-1,-1
243,27653,498.00,264.00,40.00,122.00,1,-1,-1,-1
243,27654,592.00,196.00,32.00,78.00,1,-1,-1,-1
243,27655,226.00,164.00,34.00,68.00,1,-1,-1,-1
243,27656,648.00,126.00,22.00,54.00,1,-1,-1,-1
244,27652,32.00,170.00,28.00,66.00,1,-1,-1,-1
244,27654,592.00,196.00,32.00,78.00,1,-1,-1,-1
244,27655,226.00,164.00,34.00,68.00,1,-1,-1,-1
244,27656,648.00,126.00,22.00,54.00,1,-1,-1,-1
245,27652,32.00,170.00,28.00,66.00,1,-1,-1,-1
245,27654,592.00,196.00,32.00,78.00,1,-1,-1,-1
245,27655,226.00,164.00,34.00,68.00,1,-1,-1,-1
245,27656,648.00,126.00,22.00,54.00,1,-1,-1,-1
246,27652,32.00,170.00,28.00,66.00,1,-1,-1,-1
246,27654,592.00,196.00,32.00,78.00,1,-1,-1,-1
246,27655,226.00,164.00,34.00,68.00,1,-1,-1,-1
246,27656,648.00,126.00,22.00,54.00,1,-1,-1,-1
247,27652,32.00,170.00,28.00,66.00,1,-1,-1,-1
247,27654,592.00,196.00,32.00,78.00,1,-1,-1,-1
247,27655,226.00,164.00,34.00,68.00,1,-1,-1,-1
247,27656,648.00,126.00,22.00,54.00,1,-1,-1,-1
248,27652,32.00,170.00,28.00,66.00,1,-1,-1,-1
248,27654,592.00,196.00,32.00,78.00,1,-1,-1,-1
248,27655,226.00,164.00,34.00,68.00,1,-1,-1,-1
248,27656,648.00,126.00,22.00,54.00,1,-1,-1,-1
249,27652,32.00,170.00,28.00,66.00,1,-1,-1,-1
249,27654,592.00,196.00,32.00,78.00,1,-1,-1,-1
249,27655,226.00,164.00,34.00,68.00,1,-1,-1,-1
249,27656,648.00,126.00,22.00,54.00,1,-1,-1,-1
250,27652,32.00,170.00,28.00,66.00,1,-1,-1,-1
250,27654,592.00,196.00,32.00,78.00,1,-1,-1,-1
250,27655,226.00,164.00,34.00,68.00,1,-1,-1,-1
250,27656,648.00,126.00,22.00,54.00,1,-1,-1,-1
251,27652,32.00,170.00,28.00,66.00,1,-1,-1,-1
251,27654,592.00,196.00,32.00,78.00,1,-1,-1,-1
251,27655,226.00,164.00,34.00,68.00,1,-1,-1,-1
251,27656,648.00,126.00,22.00,54.00,1,-1,-1,-1
252,27652,32.00,170.00,28.00,66.00,1,-1,-1,-1
252,27654,592.00,196.00,32.00,78.00,1,-1,-1,-1
252,27655,226.00,164.00,34.00,68.00,1,-1,-1,-1
252,27656,648.00,126.00,22.00,54.00,1,-1,-1,-1
253,27652,32.00,170.00,28.00,66.00,1,-1,-1,-1
253,27654,592.00,196.00,32.00,78.00,1,-1,-1,-1
253,27655,226.00,164.00,34.00,68.00,1,-1,-1,-1
253,27656,648.00,126.00,22.00,54.00,1,-1,-1,-1
254,27652,32.75,170.00,27.81,66.00,1,-1,-1,-1
254,27654,592.00,196.00,32.00,78.00,1,-1,-1,-1
254,27655,226.00,164.00,34.00,68.00,1,-1,-1,-1
254,27656,643.78,128.66,22.48,55.33,1,-1,-1,-1
254,27657,678.00,142.00,18.00,56.00,1,-1,-1,-1
254,27658,666.00,132.00,16.00,42.00,1,-1,-1,-1
255,27652,33.08,170.00,27.64,66.00,1,-1,-1,-1
255,27656,642.23,129.64,22.62,55.82,1,-1,-1,-1
255,27657,678.00,142.00,18.00,56.00,1,-1,-1,-1
255,27658,666.00,132.00,16.00,42.00,1,-1,-1,-1
256,27652,33.25,170.00,27.49,66.00,1,-1,-1,-1
256,27656,641.67,130.01,22.63,56.00,1,-1,-1,-1
256,27657,678.00,142.00,18.00,56.00,1,-1,-1,-1
256,27658,666.00,132.00,16.00,42.00,1,-1,-1,-1
257,27652,33.35,170.00,27.35,66.00,1,-1,-1,-1
257,27656,641.50,130.13,22.60,56.07,1,-1,-1,-1
257,27657,678.00,142.00,18.00,56.00,1,-1,-1,-1
257,27658,666.00,132.00,16.00,42.00,1,-1,-1,-1
258,27652,33.42,170.00,27.22,66.00,1,-1,-1,-1
258,27656,641.47,130.17,22.56,56.08,1,-1,-1,-1
258,27657,678.00,142.00,18.00,56.00,1,-1,-1,-1
258,27658,666.00,132.00,16.00,42.00,1,-1,-1,-1
259,27652,33.48,170.00,27.11,66.00,1,-1,-1,-1
259,27656,641.49,130.17,22.51,56.09,1,-1,-1,-1
259,27657,678.00,142.00,18.00,56.00,1,-1,-1,-1
259,27658,666.00,132.00,16.00,42.00,1,-1,-1,-1
260,27652,33.53,170.00,27.00,66.00,1,-1,-1,-1
260,27656,641.53,130.16,22.47,56.08,1,-1,-1,-1
260,27657,678.00,142.00,18.00,56.00,1,-1,-1,-1
260,27658,666.00,132.00,16.00,42.00,1,-1,-1,-1
261,27652,33.58,170.00,26.91,66.00,1,-1,-1,-1
261,27656,641.57,130.15,22.42,56.07,1,-1,-1,-1
261,27657,678.00,142.00,18.00,56.00,1,-1,-1,-1
261,27658,666.00,132.00,16.00,42.00,1,-1,-1,-1
262,27652,33.62,170.00,26.82,66.00,1,-1,-1,-1
262,27656,641.61,130.13,22.39,56.07,1,-1,-1,-1
262,27657,678.00,142.00,18.00,56.00,1,-1,-1,-1
262,27658,666.00,132.00,16.00,42.00,1,-1,-1,-1
263,27652,33.65,170.00,26.74,66.00,1,-1,-1,-1
263,27656,641.64,130.12,22.35,56.06,1,-1,-1,-1
263,27657,678.00,142.00,18.00,56.00,1,-1,-1,-1
263,27658,666.00,132.00,16.00,42.00,1,-1,-1,-1
264,27652,33.69,170.00,26.67,66.00,1,-1,-1,-1
264,27656,641.68,130.11,22.32,56.05,1,-1,-1,-1
264,27657,678.00,142.00,18.00,56.00,1,-1,-1,-1
264,27658,666.00,132.00,16.00,42.00,1,-1,-1,-1
265,27652,32.74,170.00,27.25,67.31,1,-1,-1,-1
265,27656,641.40,130.28,22.35,56.14,1,-1,-1,-1
265,27657,678.00,142.00,18.00,56.00,1,-1,-1,-1
265,27658,666.00,132.00,16.00,42.00,1,-1,-1,-1
265,27659,626.00,138.00,24.00,62.00,1,-1,-1,-1
265,27660,146.00,146.00,34.00,74.00,1,-1,-1,-1
265,27661,608.00,132.00,28.00,66.00,1,-1,-1,-1
266,27652,32.37,170.00,27.49,67.80,1,-1,-1,-1
266,27659,626.00,138.00,24.00,62.00,1,-1,-1,-1
266,27660,146.00,146.00,34.00,74.00,1,-1,-1,-1
266,27661,608.00,132.00,28.00,66.00,1,-1,-1,-1
267,27652,32.22,170.00,27.61,67.98,1,-1,-1,-1
267,27659,626.00,138.00,24.00,62.00,1,-1,-1,-1
267,27660,146.00,146.00,34.00,74.00,1,-1,-1,-1
267,27661,608.00,132.00,28.00,66.00,1,-1,-1,-1
268,27652,32.16,170.00,27.67,68.05,1,-1,-1,-1
268,27659,626.00,138.00,24.00,62.00,1,-1,-1,-1
268,27660,146.00,146.00,34.00,74.00,1,-1,-1,-1
268,27661,608.00,132.00,28.00,66.00,1,-1,-1,-1
269,27652,32.12,170.00,27.71,68.07,1,-1,-1,-1
269,27659,626.00,138.00,24.00,62.00,1,-1,-1,-1
269,27660,146.00,146.00,34.00,74.00,1,-1,-1,-1
269,27661,608.00,132.00,28.00,66.00,1,-1,-1,-1
270,27652,32.11,170.00,27.74,68.07,1,-1,-1,-1
270,27659,626.00,138.00,24.00,62.00,1,-1,-1,-1
270,27660,146.00,146.00,34.00,74.00,1,-1,-1,-1
270,27661,608.00,132.00,28.00,66.00,1,-1,-1,-1
271,27652,32.09,170.00,27.77,68.07,1,-1,-1,-1
271,27659,626.00,138.00,24.00,62.00,1,-1,-1,-1
271,27660,146.00,146.00,34.00,74.00,1,-1,-1,-1
271,27661,608.00,132.00,28.00,66.00,1,-1,-1,-1
272,27652,32.08,170.00,27.79,68.06,1,-1,-1,-1
272,27659,626.00,138.00,24.00,62.00,1,-1,-1,-1
272,27660,146.00,146.00,34.00,74.00,1,-1,-1,-1
272,27661,608.00,132.00,28.00,66.00,1,-1,-1,-1
273,27652,32.08,170.00,27.81,68.06,1,-1,-1,-1
273,27659,626.00,138.00,24.00,62.00,1,-1,-1,-1
273,27660,146.00,146.00,34.00,74.00,1,-1,-1,-1
273,27661,608.00,132.00,28.00,66.00,1,-1,-1,-1
274,27652,32.07,170.00,27.83,68.05,1,-1,-1,-1
274,27659,626.00,138.00,24.00,62.00,1,-1,-1,-1
274,27660,146.00,146.00,34.00,74.00,1,-1,-1,-1
274,27661,608.00,132.00,28.00,66.00,1,-1,-1,-1
275,27652,32.06,170.00,27.85,68.05,1,-1,-1,-1
275,27659,626.00,138.00,24.00,62.00,1,-1,-1,-1
275,27660,146.00,146.00,34.00,74.00,1,-1,-1,-1
275,27661,608.00,132.00,28.00,66.00,1,-1,-1,-1
276,27652,23.81,167.39,28.69,69.35,1,-1,-1,-1
276,27659,626.00,138.00,24.00,62.00,1,-1,-1,-1
276,27660,146.00,146.00,34.00,74.00,1,-1,-1,-1
276,27661,598.47,126.68,32.45,76.63,1,-1,-1,-1
276,27662,122.00,152.00,32.00,60.00,1,-1,-1,-1
277,27652,20.62,166.41,29.18,69.84,1,-1,-1,-1
277,27661,595.07,124.78,34.01,80.44,1,-1,-1,-1
277,27662,122.00,152.00,32.00,60.00,1,-1,-1,-1
278,27652,19.34,166.04,29.52,70.02,1,-1,-1,-1
278,27655,123.35,152.07,30.52,60.05,1,-1,-1,-1
278,27661,593.72,124.01,34.60,81.97,1,-1,-1,-1
279,27652,18.82,165.91,29.78,70.08,1,-1,-1,-1
279,27655,121.63,151.89,30.76,59.92,1,-1,-1,-1
279,27661,593.25,123.74,34.78,82.53,1,-1,-1,-1
280,27652,18.58,165.87,30.01,70.10,1,-1,-1,-1
280,27655,120.90,151.81,30.95,59.88,1,-1,-1,-1
280,27661,593.12,123.65,34.80,82.69,1,-1,-1,-1
281,27652,18.47,165.86,30.20,70.10,1,-1,-1,-1
281,27655,120.72,151.80,31.10,59.87,1,-1,-1,-1
281,27661,593.13,123.64,34.76,82.71,1,-1,-1,-1
282,27652,18.40,165.87,30.37,70.09,1,-1,-1,-1
282,27655,120.76,151.81,31.22,59.88,1,-1,-1,-1
282,27661,593.18,123.66,34.71,82.68,1,-1,-1,-1
283,27652,18.35,165.88,30.53,70.08,1,-1,-1,-1
283,27655,120.86,151.83,31.32,59.89,1,-1,-1,-1
283,27661,593.24,123.68,34.65,82.63,1,-1,-1,-1
284,27652,18.32,165.89,30.67,70.08,1,-1,-1,-1
284,27655,120.97,151.85,31.41,59.90,1,-1,-1,-1
284,27661,593.31,123.71,34.59,82.58,1,-1,-1,-1
285,27652,18.28,165.90,30.80,70.07,1,-1,-1,-1
285,27655,121.08,151.86,31.48,59.91,1,-1,-1,-1
285,27661,593.37,123.74,34.54,82.53,1,-1,-1,-1
286,27652,18.26,165.91,30.91,70.06,1,-1,-1,-1
286,27655,121.17,151.88,31.54,59.92,1,-1,-1,-1
286,27661,593.43,123.76,34.49,82.48,1,-1,-1,-1
287,27652,17.77,165.75,30.96,70.16,1,-1,-1,-1
287,27655,119.50,151.68,31.47,59.79,1,-1,-1,-1
287,27660,136.85,157.71,28.87,62.29,1,-1,-1,-1
287,27661,596.91,131.57,31.48,74.65,1,-1,-1,-1
288,27660,136.45,158.11,28.87,61.89,1,-1,-1,-1
288,27661,598.26,134.67,30.40,71.51,1,-1,-1,-1
289,27660,136.26,158.26,28.95,61.74,1,-1,-1,-1
289,27661,598.69,135.76,30.14,70.40,1,-1,-1,-1
290,27660,136.18,158.30,29.05,61.70,1,-1,-1,-1
290,27661,598.79,136.14,30.16,70.01,1,-1,-1,-1
291,27660,136.14,158.29,29.15,61.71,1,-1,-1,-1
291,27661,598.78,136.26,30.28,69.88,1,-1,-1,-1
292,27660,136.11,158.26,29.25,61.74,1,-1,-1,-1
292,27661,598.73,136.28,30.42,69.84,1,-1,-1,-1
293,27660,136.10,158.24,29.33,61.76,1,-1,-1,-1
293,27661,598.67,136.27,30.56,69.84,1,-1,-1,-1
294,27660,136.09,158.21,29.40,61.79,1,-1,-1,-1
294,27661,598.61,136.25,30.69,69.85,1,-1,-1,-1
295,27660,136.08,158.19,29.46,61.81,1,-1,-1,-1
295,27661,598.55,136.23,30.82,69.86,1,-1,-1,-1
296,27660,136.07,158.17,29.52,61.83,1,-1,-1,-1
296,27661,598.50,136.20,30.93,69.87,1,-1,-1,-1
297,27660,136.06,158.15,29.57,61.85,1,-1,-1,-1
297,27661,598.45,136.18,31.03,69.88,1,-1,-1,-1
298,27659,590.47,159.85,29.52,75.90,1,-1,-1,-1
298,27660,135.87,158.40,29.45,61.60,1,-1,-1,-1
298,27661,598.45,136.48,30.95,69.70,1,-1,-1,-1
298,27663,266.00,162.00,32.00,66.00,1,-1,-1,-1
299,27659,589.73,160.27,29.71,76.17,1,-1,-1,-1
299,27663,266.00,162.00,32.00,66.00,1,-1,-1,-1
300,27659,589.47,160.42,29.81,76.26,1,-1,-1,-1
300,27663,266.00,162.00,32.00,66.00,1,-1,-1,-1
301,27659,589.41,160.44,29.86,76.28,1,-1,-1,-1
301,27663,266.00,162.00,32.00,66.00,1,-1,-1,-1
302,27659,589.41,160.43,29.89,76.27,1,-1,-1,-1
302,27663,266.00,162.00,32.00,66.00,1,-1,-1,-1
303,27659,589.44,160.40,29.91,76.25,1,-1,-1,-1
303,27663,266.00,162.00,32.00,66.00,1,-1,-1,-1
304,27659,589.48,160.37,29.93,76.23,1,-1,-1,-1
304,27663,266.00,162.00,32.00,66.00,1,-1,-1,-1
305,27659,589.53,160.34,29.94,76.21,1,-1,-1,-1
305,27663,266.00,162.00,32.00,66.00,1,-1,-1,-1
306,27659,589.57,160.31,29.95,76.20,1,-1,-1,-1
306,27663,266.00,162.00,32.00,66.00,1,-1,-1,-1
307,27659,589.60,160.28,29.96,76.18,1,-1,-1,-1
307,27663,266.00,162.00,32.00,66.00,1,-1,-1,-1
308,27659,589.64,160.25,29.96,76.16,1,-1,-1,-1
308,27663,266.00,162.00,32.00,66.00,1,-1,-1,-1
309,27659,592.49,166.74,29.54,74.84,1,-1,-1,-1
309,27663,266.00,162.00,32.00,66.00,1,-1,-1,-1
309,27664,210.00,172.00,28.00,62.00,1,-1,-1,-1
310,27659,593.58,169.20,29.42,74.33,1,-1,-1,-1
310,27664,210.00,172.00,28.00,62.00,1,-1,-1,-1
311,27659,593.98,170.09,29.41,74.14,1,-1,-1,-1
311,27664,210.00,172.00,28.00,62.00,1,-1,-1,-1
312,27659,594.12,170.40,29.45,74.06,1,-1,-1,-1
312,27664,210.00,172.00,28.00,62.00,1,-1,-1,-1
313,27659,594.16,170.48,29.49,74.03,1,-1,-1,-1
313,27664,210.00,172.00,28.00,62.00,1,-1,-1,-1
314,27659,594.16,170.48,29.54,74.02,1,-1,-1,-1
314,27664,210.00,172.00,28.00,62.00,1,-1,-1,-1
315,27659,594.15,170.45,29.58,74.01,1,-1,-1,-1
315,27664,210.00,172.00,28.00,62.00,1,-1,-1,-1
316,27659,594.14,170.41,29.62,74.01,1,-1,-1,-1
316,27664,210.00,172.00,28.00,62.00,1,-1,-1,-1
317,27659,594.13,170.38,29.66,74.01,1,-1,-1,-1
317,27664,210.00,172.00,28.00,62.00,1,-1,-1,-1
318,27659,594.12,170.34,29.69,74.01,1,-1,-1,-1
318,27664,210.00,172.00,28.00,62.00,1,-1,-1,-1
319,27659,594.11,170.31,29.72,74.01,1,-1,-1,-1
319,27664,210.00,172.00,28.00,62.00,1,-1,-1,-1
320,27659,594.05,170.81,29.73,74.02,1,-1,-1,-1
320,27661,590.07,195.63,31.96,71.95,1,-1,-1,-1
320,27664,210.00,172.00,28.00,62.00,1,-1,-1,-1
321,27661,589.91,196.71,31.99,72.01,1,-1,-1,-1
322,27661,589.86,197.08,32.00,72.03,1,-1,-1,-1
323,27661,589.85,197.15,32.00,72.04,1,-1,-1,-1
324,27661,589.85,197.10,32.01,72.04,1,-1,-1,-1
325,27661,589.86,197.02,32.01,72.03,1,-1,-1,-1
326,27661,589.87,196.93,32.01,72.03,1,-1,-1,-1
327,27661,589.89,196.84,32.01,72.03,1,-1,-1,-1
328,27661,589.90,196.76,32.00,72.03,1,-1,-1,-1
329,27661,589.91,196.69,32.00,72.02,1,-1,-1,-1
330,27661,589.92,196.62,32.00,72.02,1,-1,-1,-1
331,27659,623.89,197.40,36.30,89.56,1,-1,-1,-1
331,27661,589.78,197.61,32.02,72.05,1,-1,-1,-1
332,27659,624.95,198.41,36.79,90.17,1,-1,-1,-1
333,27659,625.27,198.75,37.06,90.38,1,-1,-1,-1
334,27659,625.31,198.84,37.23,90.44,1,-1,-1,-1
335,27659,625.25,198.83,37.35,90.44,1,-1,-1,-1
336,27659,625.15,198.78,37.44,90.41,1,-1,-1,-1
337,27659,625.05,198.72,37.51,90.38,1,-1,-1,-1
338,27659,624.96,198.66,37.57,90.35,1,-1,-1,-1
339,27659,624.87,198.61,37.62,90.32,1,-1,-1,-1
340,27659,624.79,198.55,37.66,90.29,1,-1,-1,-1
341,27659,624.71,198.50,37.70,90.27,1,-1,-1,-1
342,27659,625.52,199.30,37.88,90.69,1,-1,-1,-1
342,27665,334.00,194.00,38.00,98.00,1,-1,-1,-1
342,27666,652.00,212.00,38.00,88.00,1,-1,-1,-1
343,27665,334.00,194.00,38.00,98.00,1,-1,-1,-1
343,27666,652.00,212.00,38.00,88.00,1,-1,-1,-1
344,27659,648.22,210.11,37.15,88.60,1,-1,-1,-1
344,27665,334.00,194.00,38.00,98.00,1,-1,-1,-1
345,27659,651.90,211.89,37.13,88.25,1,-1,-1,-1
345,27665,334.00,194.00,38.00,98.00,1,-1,-1,-1
346,27659,653.13,212.50,37.19,88.14,1,-1,-1,-1
346,27665,334.00,194.00,38.00,98.00,1,-1,-1,-1
347,27659,653.49,212.68,37.26,88.09,1,-1,-1,-1
347,27665,334.00,194.00,38.00,98.00,1,-1,-1,-1
348,27659,653.53,212.71,37.33,88.07,1,-1,-1,-1
348,27665,334.00,194.00,38.00,98.00,1,-1,-1,-1
349,27659,653.45,212.67,37.40,88.06,1,-1,-1,-1
349,27665,334.00,194.00,38.00,98.00,1,-1,-1,-1
350,27659,653.33,212.62,37.46,88.05,1,-1,-1,-1
350,27665,334.00,194.00,38.00,98.00,1,-1,-1,-1
351,27659,653.21,212.57,37.52,88.04,1,-1,-1,-1
351,27665,334.00,194.00,38.00,98.00,1,-1,-1,-1
352,27659,653.10,212.51,37.56,88.04,1,-1,-1,-1
352,27665,334.00,194.00,38.00,98.00,1,-1,-1,-1
353,27659,654.51,213.34,37.59,88.10,1,-1,-1,-1
353,27665,334.00,194.00,38.00,98.00,1,-1,-1,-1
364,27659,710.90,247.29,41.74,97.74,1,-1,-1,-1
364,27667,550.00,204.00,34.00,88.00,1,-1,-1,-1
365,27659,712.95,248.53,41.92,98.11,1,-1,-1,-1
365,27667,550.00,204.00,34.00,88.00,1,-1,-1,-1
366,27659,713.66,248.96,41.99,98.24,1,-1,-1,-1
366,27667,550.00,204.00,34.00,88.00,1,-1,-1,-1
367,27659,713.83,249.07,42.02,98.27,1,-1,-1,-1
367,27667,550.00,204.00,34.00,88.00,1,-1,-1,-1
368,27659,713.79,249.05,42.03,98.27,1,-1,-1,-1
368,27667,550.00,204.00,34.00,88.00,1,-1,-1,-1
369,27659,713.67,248.98,42.04,98.25,1,-1,-1,-1
369,27667,550.00,204.00,34.00,88.00,1,-1,-1,-1
370,27659,713.54,248.90,42.04,98.23,1,-1,-1,-1
370,27667,550.00,204.00,34.00,88.00,1,-1,-1,-1
371,27659,713.40,248.82,42.04,98.21,1,-1,-1,-1
371,27667,550.00,204.00,34.00,88.00,1,-1,-1,-1
372,27659,713.27,248.75,42.03,98.19,1,-1,-1,-1
372,27667,550.00,204.00,34.00,88.00,1,-1,-1,-1
373,27659,713.16,248.68,42.03,98.18,1,-1,-1,-1
373,27667,550.00,204.00,34.00,88.00,1,-1,-1,-1
374,27659,713.05,248.62,42.03,98.16,1,-1,-1,-1
374,27667,550.00,204.00,34.00,88.00,1,-1,-1,-1
375,27659,714.69,249.61,42.14,98.42,1,-1,-1,-1
375,27667,550.00,204.00,34.00,88.00,1,-1,-1,-1
386,27668,262.00,188.00,32.00,74.00,1,-1,-1,-1
386,27669,544.00,150.00,32.00,86.00,1,-1,-1,-1
386,27670,592.00,280.00,44.00,104.00,1,-1,-1,-1
387,27667,543.63,151.12,33.03,86.04,1,-1,-1,-1
387,27668,262.00,188.00,32.00,74.00,1,-1,-1,-1
387,27670,592.00,280.00,44.00,104.00,1,-1,-1,-1
388,27667,543.49,149.39,32.85,85.98,1,-1,-1,-1
388,27668,262.00,188.00,32.00,74.00,1,-1,-1,-1
388,27670,592.00,280.00,44.00,104.00,1,-1,-1,-1
389,27667,543.48,148.77,32.72,85.95,1,-1,-1,-1
389,27668,262.00,188.00,32.00,74.00,1,-1,-1,-1
389,27670,592.00,280.00,44.00,104.00,1,-1,-1,-1
390,27667,543.51,148.62,32.62,85.95,1,-1,-1,-1
390,27668,262.00,188.00,32.00,74.00,1,-1,-1,-1
390,27670,592.00,280.00,44.00,104.00,1,-1,-1,-1
391,27667,543.55,148.65,32.54,85.95,1,-1,-1,-1
391,27668,262.00,188.00,32.00,74.00,1,-1,-1,-1
391,27670,592.00,280.00,44.00,104.00,1,-1,-1,-1
392,27667,543.60,148.75,32.48,85.95,1,-1,-1,-1
392,27668,262.00,188.00,32.00,74.00,1,-1,-1,-1
392,27670,592.00,280.00,44.00,104.00,1,-1,-1,-1
393,27667,543.64,148.86,32.42,85.96,1,-1,-1,-1
393,27668,262.00,188.00,32.00,74.00,1,-1,-1,-1
393,27670,592.00,280.00,44.00,104.00,1,-1,-1,-1
394,27667,543.68,148.97,32.38,85.96,1,-1,-1,-1
394,27668,262.00,188.00,32.00,74.00,1,-1,-1,-1
394,27670,592.00,280.00,44.00,104.00,1,-1,-1,-1
395,27667,543.71,149.07,32.34,85.97,1,-1,-1,-1
395,27668,262.00,188.00,32.00,74.00,1,-1,-1,-1
395,27670,592.00,280.00,44.00,104.00,1,-1,-1,-1
396,27667,543.74,149.16,32.30,85.97,1,-1,-1,-1
396,27668,262.00,188.00,32.00,74.00,1,-1,-1,-1
396,27670,592.00,280.00,44.00,104.00,1,-1,-1,-1
397,27667,543.57,147.81,32.28,85.92,1,-1,-1,-1
397,27668,263.62,189.33,38.06,88.62,1,-1,-1,-1
397,27670,592.00,280.00,44.00,104.00,1,-1,-1,-1
397,27671,582.00,124.00,36.00,84.00,1,-1,-1,-1
398,27668,264.29,189.80,40.04,93.82,1,-1,-1,-1
398,27671,582.00,124.00,36.00,84.00,1,-1,-1,-1
399,27668,264.64,189.99,40.69,95.94,1,-1,-1,-1
399,27671,582.00,124.00,36.00,84.00,1,-1,-1,-1
400,27668,264.84,190.07,40.78,96.72,1,-1,-1,-1
400,27671,582.00,124.00,36.00,84.00,1,-1,-1,-1
401,27668,264.97,190.09,40.66,96.96,1,-1,-1,-1
401,27671,582.00,124.00,36.00,84.00,1,-1,-1,-1
402,27668,265.08,190.09,40.47,96.99,1,-1,-1,-1
402,27671,582.00,124.00,36.00,84.00,1,-1,-1,-1
403,27668,265.17,190.09,40.27,96.95,1,-1,-1,-1
403,27671,582.00,124.00,36.00,84.00,1,-1,-1,-1
404,27668,265.25,190.08,40.07,96.88,1,-1,-1,-1
404,27671,582.00,124.00,36.00,84.00,1,-1,-1,-1
405,27668,265.32,190.07,39.88,96.81,1,-1,-1,-1
405,27671,582.00,124.00,36.00,84.00,1,-1,-1,-1
406,27668,265.38,190.07,39.71,96.74,1,-1,-1,-1
406,27671,582.00,124.00,36.00,84.00,1,-1,-1,-1
407,27668,265.44,190.06,39.55,96.67,1,-1,-1,-1
407,27671,582.00,124.00,36.00,84.00,1,-1,-1,-1
408,27668,265.56,190.16,39.98,97.74,1,-1,-1,-1
408,27671,574.11,118.68,37.16,86.66,1,-1,-1,-1
409,27671,571.18,116.72,37.61,87.64,1,-1,-1,-1
410,27671,570.09,115.98,37.78,88.01,1,-1,-1,-1
411,27671,569.70,115.73,37.86,88.13,1,-1,-1,-1
412,27671,569.59,115.66,37.89,88.17,1,-1,-1,-1
413,27671,569.58,115.66,37.91,88.17,1,-1,-1,-1
414,27671,569.60,115.68,37.92,88.16,1,-1,-1,-1
415,27671,569.63,115.70,37.93,88.15,1,-1,-1,-1
416,27671,569.66,115.73,37.93,88.13,1,-1,-1,-1
417,27671,569.70,115.76,37.94,88.12,1,-1,-1,-1
418,27671,569.73,115.78,37.94,88.11,1,-1,-1,-1
419,27667,558.17,137.84,29.39,74.08,1,-1,-1,-1
419,27671,569.20,115.43,38.02,88.29,1,-1,-1,-1
420,27667,557.97,137.81,30.27,73.89,1,-1,-1,-1
421,27667,557.76,137.78,30.89,73.81,1,-1,-1,-1
422,27667,557.54,137.78,31.37,73.79,1,-1,-1,-1
423,27667,557.34,137.80,31.74,73.80,1,-1,-1,-1
424,27667,557.17,137.82,32.04,73.82,1,-1,-1,-1
425,27667,557.03,137.84,32.28,73.84,1,-1,-1,-1
426,27667,556.91,137.86,32.48,73.86,1,-1,-1,-1
427,27667,556.81,137.87,32.66,73.87,1,-1,-1,-1
428,27667,556.72,137.89,32.81,73.89,1,-1,-1,-1
429,27667,556.64,137.90,32.93,73.90,1,-1,-1,-1
430,27667,556.86,137.73,32.86,73.73,1,-1,-1,-1
463,27672,732.00,310.00,32.00,136.00,1,-1,-1,-1
464,27672,732.00,310.00,32.00,136.00,1,-1,-1,-1
465,27672,732.00,310.00,32.00,136.00,1,-1,-1,-1
466,27672,732.00,310.00,32.00,136.00,1,-1,-1,-1
467,27672,732.00,310.00,32.00,136.00,1,-1,-1,-1
468,27672,732.00,310.00,32.00,136.00,1,-1,-1,-1
469,27672,732.00,310.00,32.00,136.00,1,-1,-1,-1
470,27672,732.00,310.00,32.00,136.00,1,-1,-1,-1
471,27672,732.00,310.00,32.00,136.00,1,-1,-1,-1
472,27672,732.00,310.00,32.00,136.00,1,-1,-1,-1
473,27672,732.00,310.00,32.00,136.00,1,-1,-1,-1
474,27672,732.00,310.00,32.00,136.00,1,-1,-1,-1
474,27673,418.00,198.00,46.00,118.00,1,-1,-1,-1
474,27674,652.00,284.00,40.00,126.00,1,-1,-1,-1
474,27675,550.00,246.00,34.00,76.00,1,-1,-1,-1
475,27673,418.00,198.00,46.00,118.00,1,-1,-1,-1
475,27674,652.00,284.00,40.00,126.00,1,-1,-1,-1
475,27675,550.00,246.00,34.00,76.00,1,-1,-1,-1
476,27673,418.00,198.00,46.00,118.00,1,-1,-1,-1
476,27674,652.00,284.00,40.00,126.00,1,-1,-1,-1
476,27675,550.00,246.00,34.00,76.00,1,-1,-1,-1
477,27673,418.00,198.00,46.00,118.00,1,-1,-1,-1
477,27674,652.00,284.00,40.00,126.00,1,-1,-1,-1
477,27675,550.00,246.00,34.00,76.00,1,-1,-1,-1
478,27673,418.00,198.00,46.00,118.00,1,-1,-1,-1
478,27674,652.00,284.00,40.00,126.00,1,-1,-1,-1
478,27675,550.00,246.00,34.00,76.00,1,-1,-1,-1
479,27673,418.00,198.00,46.00,118.00,1,-1,-1,-1
479,27674,652.00,284.00,40.00,126.00,1,-1,-1,-1
479,27675,550.00,246.00,34.00,76.00,1,-1,-1,-1
480,27673,418.00,198.00,46.00,118.00,1,-1,-1,-1
480,27674,652.00,284.00,40.00,126.00,1,-1,-1,-1
480,27675,550.00,246.00,34.00,76.00,1,-1,-1,-1
481,27673,418.00,198.00,46.00,118.00,1,-1,-1,-1
481,27674,652.00,284.00,40.00,126.00,1,-1,-1,-1
481,27675,550.00,246.00,34.00,76.00,1,-1,-1,-1
482,27673,418.00,198.00,46.00,118.00,1,-1,-1,-1
482,27674,652.00,284.00,40.00,126.00,1,-1,-1,-1
482,27675,550.00,246.00,34.00,76.00,1,-1,-1,-1
483,27673,418.00,198.00,46.00,118.00,1,-1,-1,-1
483,27674,652.00,284.00,40.00,126.00,1,-1,-1,-1
483,27675,550.00,246.00,34.00,76.00,1,-1,-1,-1
484,27673,418.00,198.00,46.00,118.00,1,-1,-1,-1
484,27674,652.00,284.00,40.00,126.00,1,-1,-1,-1
484,27675,550.00,246.00,34.00,76.00,1,-1,-1,-1
485,27673,418.00,198.00,46.00,118.00,1,-1,-1,-1
485,27674,652.00,284.00,40.00,126.00,1,-1,-1,-1
485,27675,550.00,246.00,34.00,76.00,1,-1,-1,-1
485,27676,586.00,254.00,42.00,128.00,1,-1,-1,-1
486,27676,586.00,254.00,42.00,128.00,1,-1,-1,-1
487,27676,586.00,254.00,42.00,128.00,1,-1,-1,-1
488,27676,586.00,254.00,42.00,128.00,1,-1,-1,-1
489,27676,586.00,254.00,42.00,128.00,1,-1,-1,-1
490,27676,586.00,254.00,42.00,128.00,1,-1,-1,-1
491,27676,586.00,254.00,42.00,128.00,1,-1,-1,-1
492,27676,586.00,254.00,42.00,128.00,1,-1,-1,-1
493,27676,586.00,254.00,42.00,128.00,1,-1,-1,-1
494,27676,586.00,254.00,42.00,128.00,1,-1,-1,-1
495,27676,586.00,254.00,42.00,128.00,1,-1,-1,-1
496,27672,569.60,262.33,25.11,100.25,1,-1,-1,-1
496,27676,586.00,254.00,42.00,128.00,1,-1,-1,-1
496,27677,334.00,202.00,34.00,68.00,1,-1,-1,-1
497,27672,566.68,261.61,25.95,99.71,1,-1,-1,-1
497,27677,334.00,202.00,34.00,68.00,1,-1,-1,-1
498,27672,565.25,261.29,26.56,99.47,1,-1,-1,-1
498,27677,334.00,202.00,34.00,68.00,1,-1,-1,-1
499,27672,564.83,261.24,27.06,99.43,1,-1,-1,-1
499,27677,334.00,202.00,34.00,68.00,1,-1,-1,-1
500,27672,564.82,261.29,27.46,99.47,1,-1,-1,-1
500,27677,334.00,202.00,34.00,68.00,1,-1,-1,-1
501,27672,564.92,261.37,27.78,99.53,1,-1,-1,-1
501,27677,334.00,202.00,34.00,68.00,1,-1,-1,-1
502,27672,565.04,261.44,28.06,99.58,1,-1,-1,-1
502,27677,334.00,202.00,34.00,68.00,1,-1,-1,-1
503,27672,565.15,261.51,28.28,99.63,1,-1,-1,-1
503,27677,334.00,202.00,34.00,68.00,1,-1,-1,-1
504,27672,565.25,261.57,28.48,99.67,1,-1,-1,-1
504,27677,334.00,202.00,34.00,68.00,1,-1,-1,-1
505,27672,565.34,261.62,28.65,99.71,1,-1,-1,-1
505,27677,334.00,202.00,34.00,68.00,1,-1,-1,-1
506,27672,565.41,261.66,28.79,99.74,1,-1,-1,-1
506,27677,334.00,202.00,34.00,68.00,1,-1,-1,-1
507,27672,563.54,261.10,28.67,99.33,1,-1,-1,-1
507,27677,334.00,202.00,34.00,68.00,1,-1,-1,-1
507,27678,704.00,440.00,58.00,130.00,1,-1,-1,-1
507,27679,728.00,228.00,32.00,96.00,1,-1,-1,-1
508,27678,704.00,440.00,58.00,130.00,1,-1,-1,-1
508,27679,728.00,228.00,32.00,96.00,1,-1,-1,-1
509,27678,704.00,440.00,58.00,130.00,1,-1,-1,-1
509,27679,728.00,228.00,32.00,96.00,1,-1,-1,-1
510,27678,704.00,440.00,58.00,130.00,1,-1,-1,-1
510,27679,728.00,228.00,32.00,96.00,1,-1,-1,-1
511,27678,704.00,440.00,58.00,130.00,1,-1,-1,-1
511,27679,728.00,228.00,32.00,96.00,1,-1,-1,-1
512,27678,704.00,440.00,58.00,130.00,1,-1,-1,-1
512,27679,728.00,228.00,32.00,96.00,1,-1,-1,-1
513,27678,704.00,440.00,58.00,130.00,1,-1,-1,-1
513,27679,728.00,228.00,32.00,96.00,1,-1,-1,-1
514,27678,704.00,440.00,58.00,130.00,1,-1,-1,-1
514,27679,728.00,228.00,32.00,96.00,1,-1,-1,-1
515,27678,704.00,440.00,58.00,130.00,1,-1,-1,-1
515,27679,728.00,228.00,32.00,96.00,1,-1,-1,-1
516,27678,704.00,440.00,58.00,130.00,1,-1,-1,-1
516,27679,728.00,228.00,32.00,96.00,1,-1,-1,-1
517,27678,704.00,440.00,58.00,130.00,1,-1,-1,-1
517,27679,728.00,228.00,32.00,96.00,1,-1,-1,-1
518,27676,706.47,313.59,43.38,126.01,1,-1,-1,-1
518,27678,704.00,440.00,58.00,130.00,1,-1,-1,-1
518,27679,728.00,228.00,32.00,96.00,1,-1,-1,-1
518,27680,682.00,216.00,32.00,88.00,1,-1,-1,-1
518,27681,524.00,430.00,92.00,142.00,1,-1,-1,-1
519,27676,707.97,314.64,44.67,125.98,1,-1,-1,-1
519,27680,682.00,216.00,32.00,88.00,1,-1,-1,-1
519,27681,524.00,430.00,92.00,142.00,1,-1,-1,-1
520,27676,708.31,315.03,45.58,125.97,1,-1,-1,-1
520,27680,682.00,216.00,32.00,88.00,1,-1,-1,-1
520,27681,524.00,430.00,92.00,142.00,1,-1,-1,-1
521,27676,708.12,315.10,46.25,125.96,1,-1,-1,-1
521,27680,682.00,216.00,32.00,88.00,1,-1,-1,-1
521,27681,524.00,430.00,92.00,142.00,1,-1,-1,-1
522,27676,707.75,315.05,46.78,125.96,1,-1,-1,-1
522,27680,682.00,216.00,32.00,88.00,1,-1,-1,-1
522,27681,524.00,430.00,92.00,142.00,1,-1,-1,-1
523,27676,707.37,314.97,47.20,125.97,1,-1,-1,-1
523,27680,682.00,216.00,32.00,88.00,1,-1,-1,-1
523,27681,524.00,430.00,92.00,142.00,1,-1,-1,-1
524,27676,707.01,314.88,47.55,125.97,1,-1,-1,-1
524,27680,682.00,216.00,32.00,88.00,1,-1,-1,-1
524,27681,524.00,430.00,92.00,142.00,1,-1,-1,-1
525,27676,706.69,314.79,47.83,125.97,1,-1,-1,-1
525,27680,682.00,216.00,32.00,88.00,1,-1,-1,-1
525,27681,524.00,430.00,92.00,142.00,1,-1,-1,-1
526,27676,706.41,314.71,48.08,125.98,1,-1,-1,-1
526,27680,682.00,216.00,32.00,88.00,1,-1,-1,-1
526,27681,524.00,430.00,92.00,142.00,1,-1,-1,-1
527,27676,706.16,314.64,48.29,125.98,1,-1,-1,-1
527,27680,682.00,216.00,32.00,88.00,1,-1,-1,-1
527,27681,524.00,430.00,92.00,142.00,1,-1,-1,-1
528,27676,705.94,314.58,48.47,125.98,1,-1,-1,-1
528,27680,682.00,216.00,32.00,88.00,1,-1,-1,-1
528,27681,524.00,430.00,92.00,142.00,1,-1,-1,-1
529,27672,464.21,196.34,30.30,95.96,1,-1,-1,-1
529,27676,707.83,315.50,48.46,125.95,1,-1,-1,-1
529,27680,682.00,216.00,32.00,88.00,1,-1,-1,-1
529,27681,524.00,430.00,92.00,142.00,1,-1,-1,-1
529,27682,366.00,398.00,98.00,164.00,1,-1,-1,-1
530,27672,461.79,195.21,31.88,95.93,1,-1,-1,-1
530,27682,366.00,398.00,98.00,164.00,1,-1,-1,-1
531,27672,460.68,194.82,32.97,95.92,1,-1,-1,-1
531,27682,366.00,398.00,98.00,164.00,1,-1,-1,-1
532,27672,460.19,194.76,33.76,95.92,1,-1,-1,-1
532,27682,366.00,398.00,98.00,164.00,1,-1,-1,-1
533,27672,459.98,194.82,34.37,95.93,1,-1,-1,-1
533,27682,366.00,398.00,98.00,164.00,1,-1,-1,-1
534,27672,459.89,194.91,34.86,95.93,1,-1,-1,-1
534,27682,366.00,398.00,98.00,164.00,1,-1,-1,-1
535,27672,459.85,195.01,35.25,95.94,1,-1,-1,-1
535,27682,366.00,398.00,98.00,164.00,1,-1,-1,-1
536,27672,459.83,195.11,35.58,95.95,1,-1,-1,-1
536,27682,366.00,398.00,98.00,164.00,1,-1,-1,-1
537,27672,459.83,195.20,35.86,95.95,1,-1,-1,-1
537,27682,366.00,398.00,98.00,164.00,1,-1,-1,-1
538,27672,459.83,195.27,36.10,95.96,1,-1,-1,-1
538,27682,366.00,398.00,98.00,164.00,1,-1,-1,-1
539,27672,459.84,195.35,36.30,95.96,1,-1,-1,-1
539,27682,366.00,398.00,98.00,164.00,1,-1,-1,-1
540,27672,458.22,194.29,36.28,95.90,1,-1,-1,-1
540,27682,366.00,398.00,98.00,164.00,1,-1,-1,-1
540,27683,232.00,380.00,76.00,148.00,1,-1,-1,-1
540,27684,260.00,374.00,76.00,152.00,1,-1,-1,-1
541,27683,232.00,380.00,76.00,148.00,1,-1,-1,-1
541,27684,260.00,374.00,76.00,152.00,1,-1,-1,-1
542,27683,232.00,380.00,76.00,148.00,1,-1,-1,-1
542,27684,260.00,374.00,76.00,152.00,1,-1,-1,-1
543,27683,232.00,380.00,76.00,148.00,1,-1,-1,-1
543,27684,260.00,374.00,76.00,152.00,1,-1,-1,-1
544,27683,232.00,380.00,76.00,148.00,1,-1,-1,-1
544,27684,260.00,374.00,76.00,152.00,1,-1,-1,-1
545,27683,232.00,380.00,76.00,148.00,1,-1,-1,-1
545,27684,260.00,374.00,76.00,152.00,1,-1,-1,-1
546,27683,232.00,380.00,76.00,148.00,1,-1,-1,-1
546,27684,260.00,374.00,76.00,152.00,1,-1,-1,-1
547,27683,232.00,380.00,76.00,148.00,1,-1,-1,-1
547,27684,260.00,374.00,76.00,152.00,1,-1,-1,-1
548,27683,232.00,380.00,76.00,148.00,1,-1,-1,-1
548,27684,260.00,374.00,76.00,152.00,1,-1,-1,-1
549,27683,232.00,380.00,76.00,148.00,1,-1,-1,-1
549,27684,260.00,374.00,76.00,152.00,1,-1,-1,-1
550,27683,232.00,380.00,76.00,148.00,1,-1,-1,-1
550,27684,260.00,374.00,76.00,152.00,1,-1,-1,-1
551,27680,597.97,166.35,29.24,78.07,1,-1,-1,-1
551,27683,229.58,376.01,71.53,141.36,1,-1,-1,-1
551,27684,260.00,374.00,76.00,152.00,1,-1,-1,-1
551,27685,118.00,170.00,28.00,58.00,1,-1,-1,-1
551,27686,168.00,368.00,56.00,142.00,1,-1,-1,-1
552,27680,596.30,165.51,29.73,77.90,1,-1,-1,-1
552,27683,228.95,374.50,69.28,138.84,1,-1,-1,-1
552,27685,118.00,170.00,28.00,58.00,1,-1,-1,-1
552,27686,168.00,368.00,56.00,142.00,1,-1,-1,-1
553,27680,595.55,165.18,30.08,77.84,1,-1,-1,-1
553,27683,229.01,373.97,67.92,137.96,1,-1,-1,-1
553,27685,118.00,170.00,28.00,58.00,1,-1,-1,-1
553,27686,168.00,368.00,56.00,142.00,1,-1,-1,-1
554,27680,595.31,165.13,30.36,77.83,1,-1,-1,-1
554,27683,229.31,373.80,66.92,137.66,1,-1,-1,-1
554,27685,118.00,170.00,28.00,58.00,1,-1,-1,-1
554,27686,168.00,368.00,56.00,142.00,1,-1,-1,-1
555,27680,595.28,165.17,30.59,77.83,1,-1,-1,-1
555,27683,229.67,373.75,66.08,137.59,1,-1,-1,-1
555,27685,118.00,170.00,28.00,58.00,1,-1,-1,-1
555,27686,168.00,368.00,56.00,142.00,1,-1,-1,-1
556,27680,595.32,165.25,30.77,77.85,1,-1,-1,-1
556,27683,230.04,373.75,65.35,137.59,1,-1,-1,-1
556,27685,118.00,170.00,28.00,58.00,1,-1,-1,-1
556,27686,168.00,368.00,56.00,142.00,1,-1,-1,-1
557,27680,595.38,165.32,30.92,77.86,1,-1,-1,-1
557,27683,230.39,373.77,64.68,137.62,1,-1,-1,-1
557,27685,118.00,170.00,28.00,58.00,1,-1,-1,-1
557,27686,168.00,368.00,56.00,142.00,1,-1,-1,-1
558,27680,595.44,165.39,31.05,77.88,1,-1,-1,-1
558,27683,230.72,373.79,64.07,137.65,1,-1,-1,-1
558,27685,118.00,170.00,28.00,58.00,1,-1,-1,-1
558,27686,168.00,368.00,56.00,142.00,1,-1,-1,-1
559,27680,595.49,165.46,31.15,77.89,1,-1,-1,-1
559,27683,231.02,373.81,63.52,137.69,1,-1,-1,-1
559,27685,118.00,170.00,28.00,58.00,1,-1,-1,-1
559,27686,168.00,368.00,56.00,142.00,1,-1,-1,-1
560,27680,595.54,165.51,31.25,77.90,1,-1,-1,-1
560,27683,231.30,373.83,63.01,137.72,1,-1,-1,-1
560,27685,118.00,170.00,28.00,58.00,1,-1,-1,-1
560,27686,168.00,368.00,56.00,142.00,1,-1,-1,-1
561,27680,595.59,165.56,31.33,77.91,1,-1,-1,-1
561,27683,231.55,373.85,62.55,137.75,1,-1,-1,-1
561,27685,118.00,170.00,28.00,58.00,1,-1,-1,-1
561,27686,168.00,368.00,56.00,142.00,1,-1,-1,-1
562,27680,587.43,161.67,30.74,76.61,1,-1,-1,-1
562,27683,231.35,373.60,62.36,137.33,1,-1,-1,-1
562,27684,168.25,352.52,85.73,179.33,1,-1,-1,-1
562,27685,118.00,170.00,28.00,58.00,1,-1,-1,-1
562,27686,168.00,368.00,56.00,142.00,1,-1,-1,-1
562,27687,78.00,156.00,22.00,78.00,1,-1,-1,-1
563,27680,584.40,160.23,30.50,76.12,1,-1,-1,-1
563,27684,166.25,351.72,83.24,180.36,1,-1,-1,-1
563,27687,78.00,156.00,22.00,78.00,1,-1,-1,-1
564,27680,583.34,159.72,30.38,75.95,1,-1,-1,-1
564,27684,166.21,351.44,81.05,180.71,1,-1,-1,-1
564,27687,78.00,156.00,22.00,78.00,1,-1,-1,-1
565,27680,583.02,159.56,30.32,75.89,1,-1,-1,-1
565,27684,166.85,351.37,79.20,180.80,1,-1,-1,-1
565,27687,78.00,156.00,22.00,78.00,1,-1,-1,-1
566,27680,582.97,159.53,30.28,75.88,1,-1,-1,-1
566,27684,167.66,351.38,77.63,180.79,1,-1,-1,-1
566,27687,78.00,156.00,22.00,78.00,1,-1,-1,-1
567,27680,583.01,159.55,30.25,75.88,1,-1,-1,-1
567,27684,168.48,351.41,76.29,180.75,1,-1,-1,-1
567,27687,78.00,156.00,22.00,78.00,1,-1,-1,-1
568,27680,583.09,159.59,30.22,75.89,1,-1,-1,-1
568,27684,169.23,351.46,75.15,180.69,1,-1,-1,-1
568,27687,78.00,156.00,22.00,78.00,1,-1,-1,-1
569,27680,583.17,159.62,30.20,75.90,1,-1,-1,-1
569,27684,169.91,351.50,74.16,180.63,1,-1,-1,-1
569,27687,78.00,156.00,22.00,78.00,1,-1,-1,-1
570,27680,583.25,159.66,30.18,75.91,1,-1,-1,-1
570,27684,170.52,351.55,73.29,180.58,1,-1,-1,-1
570,27687,78.00,156.00,22.00,78.00,1,-1,-1,-1
571,27680,583.32,159.69,30.16,75.92,1,-1,-1,-1
571,27684,171.06,351.59,72.54,180.53,1,-1,-1,-1
571,27687,78.00,156.00,22.00,78.00,1,-1,-1,-1
572,27680,583.38,159.72,30.15,75.93,1,-1,-1,-1
572,27684,171.55,351.63,71.87,180.48,1,-1,-1,-1
572,27687,78.00,156.00,22.00,78.00,1,-1,-1,-1
573,27680,582.53,159.27,30.10,75.80,1,-1,-1,-1
573,27683,181.12,342.74,66.11,147.61,1,-1,-1,-1
573,27684,168.98,351.03,72.17,181.24,1,-1,-1,-1
573,27687,78.00,156.00,22.00,78.00,1,-1,-1,-1
573,27688,14.00,174.00,30.00,68.00,1,-1,-1,-1
573,27689,560.00,160.00,32.00,80.00,1,-1,-1,-1
573,27690,630.00,294.00,42.00,118.00,1,-1,-1,-1
574,27683,179.58,341.60,65.63,148.03,1,-1,-1,-1
574,27688,14.00,174.00,30.00,68.00,1,-1,-1,-1
574,27689,560.00,160.00,32.00,80.00,1,-1,-1,-1
574,27690,630.00,294.00,42.00,118.00,1,-1,-1,-1
575,27680,563.49,159.73,31.50,79.27,1,-1,-1,-1
575,27683,179.19,341.21,65.18,148.17,1,-1,-1,-1
575,27688,14.00,174.00,30.00,68.00,1,-1,-1,-1
575,27690,630.00,294.00,42.00,118.00,1,-1,-1,-1
576,27680,560.45,159.80,31.74,79.82,1,-1,-1,-1
576,27683,179.23,341.11,64.78,148.21,1,-1,-1,-1
576,27688,14.00,174.00,30.00,68.00,1,-1,-1,-1
576,27690,630.00,294.00,42.00,118.00,1,-1,-1,-1
577,27680,559.38,159.82,31.84,80.02,1,-1,-1,-1
577,27683,179.42,341.12,64.45,148.22,1,-1,-1,-1
577,27688,14.00,174.00,30.00,68.00,1,-1,-1,-1
577,27690,630.00,294.00,42.00,118.00,1,-1,-1,-1
578,27680,559.03,159.84,31.88,80.08,1,-1,-1,-1
578,27683,179.64,341.18,64.16,148.21,1,-1,-1,-1
578,27688,14.00,174.00,30.00,68.00,1,-1,-1,-1
578,27690,630.00,294.00,42.00,118.00,1,-1,-1,-1
579,27680,558.97,159.86,31.91,80.10,1,-1,-1,-1
579,27683,179.87,341.24,63.92,148.19,1,-1,-1,-1
579,27688,14.00,174.00,30.00,68.00,1,-1,-1,-1
579,27690,630.00,294.00,42.00,118.00,1,-1,-1,-1
580,27680,559.00,159.87,31.92,80.10,1,-1,-1,-1
580,27683,180.08,341.31,63.71,148.17,1,-1,-1,-1
580,27688,14.00,174.00,30.00,68.00,1,-1,-1,-1
580,27690,630.00,294.00,42.00,118.00,1,-1,-1,-1
581,27680,559.07,159.88,31.93,80.10,1,-1,-1,-1
581,27683,180.26,341.37,63.53,148.16,1,-1,-1,-1
581,27688,14.00,174.00,30.00,68.00,1,-1,-1,-1
581,27690,630.00,294.00,42.00,118.00,1,-1,-1,-1
582,27680,559.15,159.89,31.94,80.09,1,-1,-1,-1
582,27683,180.43,341.43,63.37,148.14,1,-1,-1,-1
582,27688,14.00,174.00,30.00,68.00,1,-1,-1,-1
582,27690,630.00,294.00,42.00,118.00,1,-1,-1,-1
583,27680,559.22,159.90,31.95,80.08,1,-1,-1,-1
583,27683,180.59,341.48,63.23,148.13,1,-1,-1,-1
583,27688,14.00,174.00,30.00,68.00,1,-1,-1,-1
583,27690,630.00,294.00,42.00,118.00,1,-1,-1,-1
584,27680,557.91,159.75,32.00,80.21,1,-1,-1,-1
584,27683,179.26,340.66,63.31,148.34,1,-1,-1,-1
584,27684,206.53,417.70,59.31,155.09,1,-1,-1,-1
584,27686,267.38,332.25,49.89,120.15,1,-1,-1,-1
584,27688,14.00,174.00,30.00,68.00,1,-1,-1,-1
584,27690,630.00,294.00,42.00,118.00,1,-1,-1,-1
584,27691,590.00,192.00,32.00,70.00,1,-1,-1,-1
585,27684,209.20,420.34,57.13,153.96,1,-1,-1,-1
585,27686,268.23,331.66,51.35,119.80,1,-1,-1,-1
585,27691,590.00,192.00,32.00,70.00,1,-1,-1,-1
586,27684,210.41,421.26,55.66,153.59,1,-1,-1,-1
586,27686,268.34,331.43,52.41,119.65,1,-1,-1,-1
586,27691,590.00,192.00,32.00,70.00,1,-1,-1,-1
587,27684,211.09,421.50,54.57,153.49,1,-1,-1,-1
587,27686,268.04,331.39,53.23,119.62,1,-1,-1,-1
587,27691,590.00,192.00,32.00,70.00,1,-1,-1,-1
588,27684,211.54,421.47,53.72,153.49,1,-1,-1,-1
588,27686,267.62,331.42,53.88,119.65,1,-1,-1,-1
588,27691,590.00,192.00,32.00,70.00,1,-1,-1,-1
589,27684,211.87,421.36,53.02,153.53,1,-1,-1,-1
589,27686,267.21,331.47,54.42,119.68,1,-1,-1,-1
589,27691,590.00,192.00,32.00,70.00,1,-1,-1,-1
590,27684,212.13,421.23,52.44,153.57,1,-1,-1,-1
590,27686,266.84,331.53,54.86,119.71,1,-1,-1,-1
590,27691,590.00,192.00,32.00,70.00,1,-1,-1,-1
591,27684,212.34,421.10,51.95,153.62,1,-1,-1,-1
591,27686,266.52,331.58,55.22,119.74,1,-1,-1,-1
591,27691,590.00,192.00,32.00,70.00,1,-1,-1,-1
592,27684,212.52,420.99,51.52,153.66,1,-1,-1,-1
592,27686,266.24,331.63,55.54,119.77,1,-1,-1,-1
592,27691,590.00,192.00,32.00,70.00,1,-1,-1,-1
593,27684,212.68,420.89,51.15,153.69,1,-1,-1,-1
593,27686,266.00,331.67,55.81,119.80,1,-1,-1,-1
593,27691,590.00,192.00,32.00,70.00,1,-1,-1,-1
594,27684,212.82,420.79,50.82,153.72,1,-1,-1,-1
594,27686,265.78,331.70,56.04,119.82,1,-1,-1,-1
594,27691,590.00,192.00,32.00,70.00,1,-1,-1,-1
595,27684,213.25,422.08,50.67,153.28,1,-1,-1,-1
595,27686,267.15,331.22,55.90,119.52,1,-1,-1,-1
595,27690,631.20,297.90,39.61,112.14,1,-1,-1,-1
595,27691,589.44,206.62,35.77,79.30,1,-1,-1,-1
595,27692,628.00,194.00,36.00,100.00,1,-1,-1,-1
596,27690,631.35,298.04,39.30,111.94,1,-1,-1,-1
596,27691,589.41,211.90,36.81,82.66,1,-1,-1,-1
596,27692,628.00,194.00,36.00,100.00,1,-1,-1,-1
597,27690,631.45,298.09,39.10,111.86,1,-1,-1,-1
597,27691,589.53,213.98,36.94,83.99,1,-1,-1,-1
597,27692,628.00,194.00,36.00,100.00,1,-1,-1,-1
598,27690,631.53,298.10,38.94,111.84,1,-1,-1,-1
598,27691,589.71,214.73,36.72,84.46,1,-1,-1,-1
598,27692,628.00,194.00,36.00,100.00,1,-1,-1,-1
599,27690,631.59,298.10,38.82,111.85,1,-1,-1,-1
599,27691,589.90,214.95,36.38,84.60,1,-1,-1,-1
599,27692,628.00,194.00,36.00,100.00,1,-1,-1,-1
600,27690,631.64,298.09,38.73,111.86,1,-1,-1,-1
600,27691,590.08,214.97,36.02,84.62,1,-1,-1,-1
600,27692,628.00,194.00,36.00,100.00,1,-1,-1,-1
601,27690,631.68,298.09,38.64,111.87,1,-1,-1,-1
601,27691,590.25,214.93,35.66,84.59,1,-1,-1,-1
601,27692,628.00,194.00,36.00,100.00,1,-1,-1,-1
602,27690,631.71,298.08,38.57,111.88,1,-1,-1,-1
602,27691,590.41,214.86,35.33,84.55,1,-1,-1,-1
602,27692,628.00,194.00,36.00,100.00,1,-1,-1,-1
603,27690,631.74,298.07,38.51,111.89,1,-1,-1,-1
603,27691,590.56,214.79,35.02,84.50,1,-1,-1,-1
603,27692,628.00,194.00,36.00,100.00,1,-1,-1,-1
604,27690,631.77,298.06,38.46,111.90,1,-1,-1,-1
604,27691,590.69,214.72,34.74,84.46,1,-1,-1,-1
604,27692,628.00,194.00,36.00,100.00,1,-1,-1,-1
605,27690,631.79,298.06,38.41,111.91,1,-1,-1,-1
605,27691,590.82,214.65,34.49,84.41,1,-1,-1,-1
605,27692,628.00,194.00,36.00,100.00,1,-1,-1,-1
606,27684,307.43,428.21,52.42,148.01,1,-1,-1,-1
606,27690,631.82,298.15,38.36,111.78,1,-1,-1,-1
606,27691,590.77,215.68,34.76,85.07,1,-1,-1,-1
606,27692,628.00,194.00,36.00,100.00,1,-1,-1,-1
606,27693,704.00,218.00,30.00,94.00,1,-1,-1,-1
607,27684,309.62,428.31,54.88,147.86,1,-1,-1,-1
607,27693,704.00,218.00,30.00,94.00,1,-1,-1,-1
608,27684,309.88,428.36,56.77,147.80,1,-1,-1,-1
608,27693,704.00,218.00,30.00,94.00,1,-1,-1,-1
609,27684,309.43,428.36,58.28,147.79,1,-1,-1,-1
609,27693,704.00,218.00,30.00,94.00,1,-1,-1,-1
610,27684,308.76,428.34,59.50,147.80,1,-1,-1,-1
610,27693,704.00,218.00,30.00,94.00,1,-1,-1,-1
611,27684,308.08,428.31,60.52,147.82,1,-1,-1,-1
611,27693,704.00,218.00,30.00,94.00,1,-1,-1,-1
612,27684,307.44,428.28,61.38,147.83,1,-1,-1,-1
612,27693,704.00,218.00,30.00,94.00,1,-1,-1,-1
613,27684,306.87,428.25,62.12,147.85,1,-1,-1,-1
613,27693,704.00,218.00,30.00,94.00,1,-1,-1,-1
614,27684,306.37,428.23,62.75,147.86,1,-1,-1,-1
614,27693,704.00,218.00,30.00,94.00,1,-1,-1,-1
615,27684,305.92,428.21,63.31,147.88,1,-1,-1,-1
615,27693,704.00,218.00,30.00,94.00,1,-1,-1,-1
616,27684,305.53,428.19,63.79,147.89,1,-1,-1,-1
616,27693,704.00,218.00,30.00,94.00,1,-1,-1,-1
617,27684,307.86,428.49,63.72,147.71,1,-1,-1,-1
617,27686,362.81,419.30,67.36,153.71,1,-1,-1,-1
617,27690,629.61,299.98,38.89,113.90,1,-1,-1,-1
617,27693,704.00,218.00,30.00,94.00,1,-1,-1,-1
617,27694,134.00,140.00,32.00,68.00,1,-1,-1,-1
617,27695,576.00,278.00,36.00,106.00,1,-1,-1,-1
618,27686,366.03,421.12,64.86,154.43,1,-1,-1,-1
618,27690,629.59,300.04,38.77,113.99,1,-1,-1,-1
618,27694,134.00,140.00,32.00,68.00,1,-1,-1,-1
618,27695,576.00,278.00,36.00,106.00,1,-1,-1,-1
619,27686,367.55,421.70,63.04,154.65,1,-1,-1,-1
619,27690,629.62,300.06,38.67,114.02,1,-1,-1,-1
619,27694,134.00,140.00,32.00,68.00,1,-1,-1,-1
619,27695,576.00,278.00,36.00,106.00,1,-1,-1,-1
620,27686,368.35,421.82,61.66,154.70,1,-1,-1,-1
620,27690,629.66,300.06,38.58,114.03,1,-1,-1,-1
620,27694,134.00,140.00,32.00,68.00,1,-1,-1,-1
620,27695,576.00,278.00,36.00,106.00,1,-1,-1,-1
621,27686,368.81,421.77,60.58,154.68,1,-1,-1,-1
621,27690,629.69,300.06,38.51,114.04,1,-1,-1,-1
621,27694,134.00,140.00,32.00,68.00,1,-1,-1,-1
621,27695,576.00,278.00,36.00,106.00,1,-1,-1,-1
622,27686,369.11,421.66,59.71,154.64,1,-1,-1,-1
622,27690,629.73,300.06,38.45,114.03,1,-1,-1,-1
622,27694,134.00,140.00,32.00,68.00,1,-1,-1,-1
622,27695,576.00,278.00,36.00,106.00,1,-1,-1,-1
623,27686,369.32,421.53,59.01,154.59,1,-1,-1,-1
623,27690,629.76,300.05,38.40,114.03,1,-1,-1,-1
623,27694,134.00,140.00,32.00,68.00,1,-1,-1,-1
623,27695,576.00,278.00,36.00,106.00,1,-1,-1,-1
624,27686,369.46,421.41,58.41,154.54,1,-1,-1,-1
624,27690,629.78,300.05,38.35,114.03,1,-1,-1,-1
624,27694,134.00,140.00,32.00,68.00,1,-1,-1,-1
624,27695,576.00,278.00,36.00,106.00,1,-1,-1,-1
625,27686,369.57,421.29,57.91,154.50,1,-1,-1,-1
625,27690,629.81,300.04,38.32,114.03,1,-1,-1,-1
625,27694,134.00,140.00,32.00,68.00,1,-1,-1,-1
625,27695,576.00,278.00,36.00,106.00,1,-1,-1,-1
626,27686,369.65,421.17,57.48,154.45,1,-1,-1,-1
626,27690,629.83,300.04,38.28,114.02,1,-1,-1,-1
626,27694,134.00,140.00,32.00,68.00,1,-1,-1,-1
626,27695,576.00,278.00,36.00,106.00,1,-1,-1,-1
627,27686,369.71,421.07,57.11,154.41,1,-1,-1,-1
627,27690,629.84,300.04,38.25,114.02,1,-1,-1,-1
627,27694,134.00,140.00,32.00,68.00,1,-1,-1,-1
627,27695,576.00,278.00,36.00,106.00,1,-1,-1,-1
628,27686,361.05,410.57,56.00,150.48,1,-1,-1,-1
628,27690,629.79,300.09,38.26,114.06,1,-1,-1,-1
628,27694,134.00,140.00,32.00,68.00,1,-1,-1,-1
628,27695,576.00,278.00,36.00,106.00,1,-1,-1,-1
628,27696,110.00,154.00,30.00,74.00,1,-1,-1,-1
629,27686,357.57,406.48,55.73,148.94,1,-1,-1,-1
629,27696,110.00,154.00,30.00,74.00,1,-1,-1,-1
630,27686,356.17,404.94,55.78,148.36,1,-1,-1,-1
630,27696,110.00,154.00,30.00,74.00,1,-1,-1,-1
631,27686,355.56,404.35,55.94,148.14,1,-1,-1,-1
631,27696,110.00,154.00,30.00,74.00,1,-1,-1,-1
632,27686,355.25,404.13,56.11,148.05,1,-1,-1,-1
632,27696,110.00,154.00,30.00,74.00,1,-1,-1,-1
633,27686,355.07,404.04,56.29,148.02,1,-1,-1,-1
633,27696,110.00,154.00,30.00,74.00,1,-1,-1,-1
634,27686,354.94,404.01,56.45,148.01,1,-1,-1,-1
634,27696,110.00,154.00,30.00,74.00,1,-1,-1,-1
635,27686,354.84,404.00,56.60,148.00,1,-1,-1,-1
635,27696,110.00,154.00,30.00,74.00,1,-1,-1,-1
636,27686,354.76,403.99,56.74,148.00,1,-1,-1,-1
636,27696,110.00,154.00,30.00,74.00,1,-1,-1,-1
637,27686,354.68,403.99,56.86,148.00,1,-1,-1,-1
637,27696,110.00,154.00,30.00,74.00,1,-1,-1,-1
638,27686,354.62,403.99,56.97,148.00,1,-1,-1,-1
638,27696,110.00,154.00,30.00,74.00,1,-1,-1,-1
639,27686,354.78,403.98,56.97,148.00,1,-1,-1,-1
639,27696,110.00,154.00,30.00,74.00,1,-1,-1,-1
639,27697,134.00,158.00,32.00,68.00,1,-1,-1,-1
640,27697,134.00,158.00,32.00,68.00,1,-1,-1,-1
641,27697,134.00,158.00,32.00,68.00,1,-1,-1,-1
642,27697,134.00,158.00,32.00,68.00,1,-1,-1,-1
643,27697,134.00,158.00,32.00,68.00,1,-1,-1,-1
644,27697,134.00,158.00,32.00,68.00,1,-1,-1,-1
645,27697,134.00,158.00,32.00,68.00,1,-1,-1,-1
646,27697,134.00,158.00,32.00,68.00,1,-1,-1,-1
647,27697,134.00,158.00,32.00,68.00,1,-1,-1,-1
648,27697,134.00,158.00,32.00,68.00,1,-1,-1,-1
649,27697,134.00,158.00,32.00,68.00,1,-1,-1,-1
650,27686,331.45,372.88,56.54,146.06,1,-1,-1,-1
650,27697,135.60,158.00,31.45,66.67,1,-1,-1,-1
651,27686,330.44,371.71,56.74,145.98,1,-1,-1,-1
651,27697,136.18,158.00,31.29,66.17,1,-1,-1,-1
652,27686,330.04,371.29,56.91,145.96,1,-1,-1,-1
652,27697,136.37,158.00,31.27,65.99,1,-1,-1,-1
653,27686,329.88,371.19,57.05,145.95,1,-1,-1,-1
653,27697,136.42,158.00,31.30,65.93,1,-1,-1,-1
654,27686,329.83,371.20,57.17,145.95,1,-1,-1,-1
654,27697,136.41,158.00,31.35,65.92,1,-1,-1,-1
655,27686,329.82,371.25,57.27,145.95,1,-1,-1,-1
655,27697,136.38,158.00,31.41,65.92,1,-1,-1,-1
656,27686,329.83,371.32,57.35,145.96,1,-1,-1,-1
656,27697,136.35,158.00,31.46,65.92,1,-1,-1,-1
657,27686,329.84,371.38,57.42,145.96,1,-1,-1,-1
657,27697,136.32,158.00,31.51,65.93,1,-1,-1,-1
658,27686,329.85,371.44,57.48,145.97,1,-1,-1,-1
658,27697,136.29,158.00,31.55,65.94,1,-1,-1,-1
659,27686,329.86,371.49,57.54,145.97,1,-1,-1,-1
659,27697,136.26,158.00,31.60,65.94,1,-1,-1,-1
660,27686,329.87,371.54,57.59,145.97,1,-1,-1,-1
660,27697,136.24,158.00,31.63,65.95,1,-1,-1,-1
661,27686,329.35,370.81,57.57,145.93,1,-1,-1,-1
661,27697,136.34,158.00,31.59,65.86,1,-1,-1,-1
661,27698,262.00,164.00,40.00,68.00,1,-1,-1,-1
662,27698,262.00,164.00,40.00,68.00,1,-1,-1,-1
663,27698,262.00,164.00,40.00,68.00,1,-1,-1,-1
664,27698,262.00,164.00,40.00,68.00,1,-1,-1,-1
665,27698,262.00,164.00,40.00,68.00,1,-1,-1,-1
666,27698,262.00,164.00,40.00,68.00,1,-1,-1,-1
667,27698,262.00,164.00,40.00,68.00,1,-1,-1,-1
668,27698,262.00,164.00,40.00,68.00,1,-1,-1,-1
669,27698,262.00,164.00,40.00,68.00,1,-1,-1,-1
670,27698,262.00,164.00,40.00,68.00,1,-1,-1,-1
671,27698,262.00,164.00,40.00,68.00,1,-1,-1,-1
672,27698,262.00,164.00,40.00,68.00,1,-1,-1,-1
672,27699,220.00,160.00,34.00,72.00,1,-1,-1,-1
672,27700,566.00,164.00,30.00,74.00,1,-1,-1,-1
672,27701,222.00,342.00,62.00,126.00,1,-1,-1,-1
672,27702,552.00,260.00,42.00,114.00,1,-1,-1,-1
673,27686,229.24,342.48,52.23,126.46,1,-1,-1,-1
673,27699,220.00,160.00,34.00,72.00,1,-1,-1,-1
673,27700,566.00,164.00,30.00,74.00,1,-1,-1,-1
673,27702,552.00,260.00,42.00,114.00,1,-1,-1,-1
674,27686,225.19,341.63,53.62,125.82,1,-1,-1,-1
674,27699,220.00,160.00,34.00,72.00,1,-1,-1,-1
674,27700,566.00,164.00,30.00,74.00,1,-1,-1,-1
674,27702,552.00,260.00,42.00,114.00,1,-1,-1,-1
675,27686,223.39,341.30,54.76,125.59,1,-1,-1,-1
675,27699,220.00,160.00,34.00,72.00,1,-1,-1,-1
675,27700,566.00,164.00,30.00,74.00,1,-1,-1,-1
675,27702,552.00,260.00,42.00,114.00,1,-1,-1,-1
676,27686,222.63,341.23,55.71,125.53,1,-1,-1,-1
676,27699,220.00,160.00,34.00,72.00,1,-1,-1,-1
676,27700,566.00,164.00,30.00,74.00,1,-1,-1,-1
676,27702,552.00,260.00,42.00,114.00,1,-1,-1,-1
677,27686,222.31,341.26,56.49,125.54,1,-1,-1,-1
677,27699,220.00,160.00,34.00,72.00,1,-1,-1,-1
677,27700,566.00,164.00,30.00,74.00,1,-1,-1,-1
677,27702,552.00,260.00,42.00,114.00,1,-1,-1,-1
678,27686,222.18,341.32,57.16,125.58,1,-1,-1,-1
678,27699,220.00,160.00,34.00,72.00,1,-1,-1,-1
678,27700,566.00,164.00,30.00,74.00,1,-1,-1,-1
678,27702,552.00,260.00,42.00,114.00,1,-1,-1,-1
679,27686,222.11,341.39,57.72,125.62,1,-1,-1,-1
679,27699,220.00,160.00,34.00,72.00,1,-1,-1,-1
679,27700,566.00,164.00,30.00,74.00,1,-1,-1,-1
679,27702,552.00,260.00,42.00,114.00,1,-1,-1,-1
680,27686,222.08,341.45,58.19,125.66,1,-1,-1,-1
680,27699,220.00,160.00,34.00,72.00,1,-1,-1,-1
680,27700,566.00,164.00,30.00,74.00,1,-1,-1,-1
680,27702,552.00,260.00,42.00,114.00,1,-1,-1,-1
681,27686,222.06,341.50,58.61,125.69,1,-1,-1,-1
681,27699,220.00,160.00,34.00,72.00,1,-1,-1,-1
681,27700,566.00,164.00,30.00,74.00,1,-1,-1,-1
681,27702,552.00,260.00,42.00,114.00,1,-1,-1,-1
682,27686,222.05,341.56,58.97,125.73,1,-1,-1,-1
682,27699,220.00,160.00,34.00,72.00,1,-1,-1,-1
682,27700,566.00,164.00,30.00,74.00,1,-1,-1,-1
682,27702,552.00,260.00,42.00,114.00,1,-1,-1,-1
683,27686,219.78,340.84,58.76,125.28,1,-1,-1,-1
683,27699,220.00,160.00,34.00,72.00,1,-1,-1,-1
683,27700,566.00,164.00,30.00,74.00,1,-1,-1,-1
683,27702,552.00,260.00,42.00,114.00,1,-1,-1,-1
694,27703,160.00,156.00,34.00,78.00,1,-1,-1,-1
695,27699,160.10,156.08,36.29,77.88,1,-1,-1,-1
696,27699,158.25,155.95,36.02,78.07,1,-1,-1,-1
697,27699,157.68,155.90,35.77,78.14,1,-1,-1,-1
698,27699,157.62,155.89,35.56,78.16,1,-1,-1,-1
699,27699,157.74,155.90,35.37,78.16,1,-1,-1,-1
700,27699,157.92,155.90,35.21,78.15,1,-1,-1,-1
701,27699,158.11,155.91,35.08,78.13,1,-1,-1,-1
702,27699,158.29,155.92,34.96,78.12,1,-1,-1,-1
703,27699,158.45,155.93,34.86,78.11,1,-1,-1,-1
704,27699,158.60,155.93,34.77,78.10,1,-1,-1,-1
705,27699,156.95,155.82,34.84,78.26,1,-1,-1,-1
705,27704,244.00,192.00,38.00,94.00,1,-1,-1,-1
705,27705,220.00,186.00,34.00,94.00,1,-1,-1,-1
705,27706,504.00,148.00,32.00,90.00,1,-1,-1,-1
706,27704,244.00,192.00,38.00,94.00,1,-1,-1,-1
706,27705,220.00,186.00,34.00,94.00,1,-1,-1,-1
706,27706,504.00,148.00,32.00,90.00,1,-1,-1,-1
707,27704,244.00,192.00,38.00,94.00,1,-1,-1,-1
707,27705,220.00,186.00,34.00,94.00,1,-1,-1,-1
707,27706,504.00,148.00,32.00,90.00,1,-1,-1,-1
708,27704,244.00,192.00,38.00,94.00,1,-1,-1,-1
708,27705,220.00,186.00,34.00,94.00,1,-1,-1,-1
708,27706,504.00,148.00,32.00,90.00,1,-1,-1,-1
709,27704,244.00,192.00,38.00,94.00,1,-1,-1,-1
709,27705,220.00,186.00,34.00,94.00,1,-1,-1,-1
709,27706,504.00,148.00,32.00,90.00,1,-1,-1,-1
710,27704,244.00,192.00,38.00,94.00,1,-1,-1,-1
710,27705,220.00,186.00,34.00,94.00,1,-1,-1,-1
710,27706,504.00,148.00,32.00,90.00,1,-1,-1,-1
711,27704,244.00,192.00,38.00,94.00,1,-1,-1,-1
711,27705,220.00,186.00,34.00,94.00,1,-1,-1,-1
711,27706,504.00,148.00,32.00,90.00,1,-1,-1,-1
712,27704,244.00,192.00,38.00,94.00,1,-1,-1,-1
712,27705,220.00,186.00,34.00,94.00,1,-1,-1,-1
712,27706,504.00,148.00,32.00,90.00,1,-1,-1,-1
713,27704,244.00,192.00,38.00,94.00,1,-1,-1,-1
713,27705,220.00,186.00,34.00,94.00,1,-1,-1,-1
713,27706,504.00,148.00,32.00,90.00,1,-1,-1,-1
714,27704,244.00,192.00,38.00,94.00,1,-1,-1,-1
714,27705,220.00,186.00,34.00,94.00,1,-1,-1,-1
714,27706,504.00,148.00,32.00,90.00,1,-1,-1,-1
715,27704,244.00,192.00,38.00,94.00,1,-1,-1,-1
715,27705,220.00,186.00,34.00,94.00,1,-1,-1,-1
715,27706,504.00,148.00,32.00,90.00,1,-1,-1,-1
716,27704,244.00,192.00,38.00,94.00,1,-1,-1,-1
716,27705,220.00,186.00,34.00,94.00,1,-1,-1,-1
716,27706,504.00,148.00,32.00,90.00,1,-1,-1,-1
716,27707,550.00,132.00,26.00,52.00,1,-1,-1,-1
717,27707,550.00,132.00,26.00,52.00,1,-1,-1,-1
718,27707,550.00,132.00,26.00,52.00,1,-1,-1,-1
719,27707,550.00,132.00,26.00,52.00,1,-1,-1,-1
720,27707,550.00,132.00,26.00,52.00,1,-1,-1,-1
721,27707,550.00,132.00,26.00,52.00,1,-1,-1,-1
722,27707,550.00,132.00,26.00,52.00,1,-1,-1,-1
723,27707,550.00,132.00,26.00,52.00,1,-1,-1,-1
724,27707,550.00,132.00,26.00,52.00,1,-1,-1,-1
725,27707,550.00,132.00,26.00,52.00,1,-1,-1,-1
726,27707,550.00,132.00,26.00,52.00,1,-1,-1,-1
727,27707,550.00,132.00,26.00,52.00,1,-1,-1,-1
727,27708,74.00,182.00,50.00,142.00,1,-1,-1,-1
727,27709,582.00,128.00,28.00,52.00,1,-1,-1,-1
728,27708,74.00,182.00,50.00,142.00,1,-1,-1,-1
728,27709,582.00,128.00,28.00,52.00,1,-1,-1,-1
729,27708,74.00,182.00,50.00,142.00,1,-1,-1,-1
729,27709,582.00,128.00,28.00,52.00,1,-1,-1,-1
730,27708,74.00,182.00,50.00,142.00,1,-1,-1,-1
730,27709,582.00,128.00,28.00,52.00,1,-1,-1,-1
731,27708,74.00,182.00,50.00,142.00,1,-1,-1,-1
731,27709,582.00,128.00,28.00,52.00,1,-1,-1,-1
732,27708,74.00,182.00,50.00,142.00,1,-1,-1,-1
732,27709,582.00,128.00,28.00,52.00,1,-1,-1,-1
733,27708,74.00,182.00,50.00,142.00,1,-1,-1,-1
733,27709,582.00,128.00,28.00,52.00,1,-1,-1,-1
734,27708,74.00,182.00,50.00,142.00,1,-1,-1,-1
734,27709,582.00,128.00,28.00,52.00,1,-1,-1,-1
735,27708,74.00,182.00,50.00,142.00,1,-1,-1,-1
735,27709,582.00,128.00,28.00,52.00,1,-1,-1,-1
736,27708,74.00,182.00,50.00,142.00,1,-1,-1,-1
736,27709,582.00,128.00,28.00,52.00,1,-1,-1,-1
737,27708,74.00,182.00,50.00,142.00,1,-1,-1,-1
737,27709,582.00,128.00,28.00,52.00,1,-1,-1,-1
738,27708,74.00,182.00,50.00,142.00,1,-1,-1,-1
738,27709,582.00,128.00,28.00,52.00,1,-1,-1,-1
738,27710,22.00,170.00,36.00,70.00,1,-1,-1,-1
738,27711,554.00,194.00,42.00,122.00,1,-1,-1,-1
739,27710,22.00,170.00,36.00,70.00,1,-1,-1,-1
739,27711,554.00,194.00,42.00,122.00,1,-1,-1,-1
740,27710,22.00,170.00,36.00,70.00,1,-1,-1,-1
740,27711,554.00,194.00,42.00,122.00,1,-1,-1,-1
741,27710,22.00,170.00,36.00,70.00,1,-1,-1,-1
741,27711,554.00,194.00,42.00,122.00,1,-1,-1,-1
742,27710,22.00,170.00,36.00,70.00,1,-1,-1,-1
742,27711,554.00,194.00,42.00,122.00,1,-1,-1,-1
743,27710,22.00,170.00,36.00,70.00,1,-1,-1,-1
743,27711,554.00,194.00,42.00,122.00,1,-1,-1,-1
744,27710,22.00,170.00,36.00,70.00,1,-1,-1,-1
744,27711,554.00,194.00,42.00,122.00,1,-1,-1,-1
745,27710,22.00,170.00,36.00,70.00,1,-1,-1,-1
745,27711,554.00,194.00,42.00,122.00,1,-1,-1,-1
746,27710,22.00,170.00,36.00,70.00,1,-1,-1,-1
746,27711,554.00,194.00,42.00,122.00,1,-1,-1,-1
747,27710,22.00,170.00,36.00,70.00,1,-1,-1,-1
747,27711,554.00,194.00,42.00,122.00,1,-1,-1,-1
748,27710,22.00,170.00,36.00,70.00,1,-1,-1,-1
748,27711,554.00,194.00,42.00,122.00,1,-1,-1,-1
749,27710,22.00,170.00,36.00,70.00,1,-1,-1,-1
749,27711,554.00,194.00,42.00,122.00,1,-1,-1,-1
749,27712,626.00,214.00,36.00,114.00,1,-1,-1,-1
749,27713,204.00,212.00,34.00,82.00,1,-1,-1,-1
749,27714,382.00,188.00,36.00,106.00,1,-1,-1,-1
750,27712,626.00,214.00,36.00,114.00,1,-1,-1,-1
750,27713,204.00,212.00,34.00,82.00,1,-1,-1,-1
750,27714,382.00,188.00,36.00,106.00,1,-1,-1,-1
751,27712,626.00,214.00,36.00,114.00,1,-1,-1,-1
751,27713,204.00,212.00,34.00,82.00,1,-1,-1,-1
751,27714,382.00,188.00,36.00,106.00,1,-1,-1,-1
752,27712,626.00,214.00,36.00,114.00,1,-1,-1,-1
752,27713,204.00,212.00,34.00,82.00,1,-1,-1,-1
752,27714,382.00,188.00,36.00,106.00,1,-1,-1,-1
753,27712,626.00,214.00,36.00,114.00,1,-1,-1,-1
753,27713,204.00,212.00,34.00,82.00,1,-1,-1,-1
753,27714,382.00,188.00,36.00,106.00,1,-1,-1,-1
754,27712,626.00,214.00,36.00,114.00,1,-1,-1,-1
754,27713,204.00,212.00,34.00,82.00,1,-1,-1,-1
754,27714,382.00,188.00,36.00,106.00,1,-1,-1,-1
755,27712,626.00,214.00,36.00,114.00,1,-1,-1,-1
755,27713,204.00,212.00,34.00,82.00,1,-1,-1,-1
755,27714,382.00,188.00,36.00,106.00,1,-1,-1,-1
756,27712,626.00,214.00,36.00,114.00,1,-1,-1,-1
756,27713,204.00,212.00,34.00,82.00,1,-1,-1,-1
756,27714,382.00,188.00,36.00,106.00,1,-1,-1,-1
757,27712,626.00,214.00,36.00,114.00,1,-1,-1,-1
757,27713,204.00,212.00,34.00,82.00,1,-1,-1,-1
757,27714,382.00,188.00,36.00,106.00,1,-1,-1,-1
758,27712,626.00,214.00,36.00,114.00,1,-1,-1,-1
758,27713,204.00,212.00,34.00,82.00,1,-1,-1,-1
758,27714,382.00,188.00,36.00,106.00,1,-1,-1,-1
759,27712,626.00,214.00,36.00,114.00,1,-1,-1,-1
759,27713,204.00,212.00,34.00,82.00,1,-1,-1,-1
759,27714,382.00,188.00,36.00,106.00,1,-1,-1,-1
760,27712,626.00,214.00,36.00,114.00,1,-1,-1,-1
760,27713,204.00,212.00,34.00,82.00,1,-1,-1,-1
760,27714,382.00,188.00,36.00,106.00,1,-1,-1,-1
782,27715,576.00,226.00,38.00,124.00,1,-1,-1,-1
783,27712,575.88,225.92,38.86,123.94,1,-1,-1,-1
784,27712,575.07,226.14,38.74,124.11,1,-1,-1,-1
785,27712,574.82,226.21,38.64,124.18,1,-1,-1,-1
786,27712,574.81,226.22,38.55,124.19,1,-1,-1,-1
787,27712,574.88,226.22,38.48,124.18,1,-1,-1,-1
788,27712,574.98,226.20,38.42,124.17,1,-1,-1,-1
789,27712,575.08,226.18,38.37,124.15,1,-1,-1,-1
790,27712,575.17,226.16,38.32,124.14,1,-1,-1,-1
791,27712,575.25,226.15,38.29,124.12,1,-1,-1,-1
792,27712,575.32,226.13,38.26,124.11,1,-1,-1,-1
793,27712,574.41,226.35,38.31,124.29,1,-1,-1,-1
