1,399,1680.00,392.00,130.00,352.00,1,-1,-1,-1
2,399,1683.43,393.71,130.00,352.00,1,-1,-1,-1
3,399,1683.41,391.00,131.18,355.00,1,-1,-1,-1
4,399,1682.03,390.07,131.27,354.52,1,-1,-1,-1
5,399,1681.93,389.29,131.48,355.08,1,-1,-1,-1
12,399,1680.54,397.66,132.95,359.98,1,-1,-1,-1
13,399,1681.15,396.67,134.45,364.37,1,-1,-1,-1
14,399,1682.29,395.04,135.69,368.43,1,-1,-1,-1
15,399,1681.47,391.81,136.01,369.92,1,-1,-1,-1
16,399,1681.72,387.95,137.61,373.06,1,-1,-1,-1
17,399,1681.91,389.11,138.02,372.90,1,-1,-1,-1
18,399,1679.54,385.65,140.44,378.01,1,-1,-1,-1
19,399,1675.26,389.55,138.99,374.71,1,-1,-1,-1
20,399,1673.32,397.61,133.80,361.60,1,-1,-1,-1
21,399,1673.53,396.72,133.93,363.17,1,-1,-1,-1
22,399,1673.87,402.93,130.85,354.58,1,-1,-1,-1
23,399,1667.30,397.35,131.24,357.91,1,-1,-1,-1
24,399,1664.29,391.34,132.58,364.40,1,-1,-1,-1
25,399,1661.85,383.86,135.78,377.26,1,-1,-1,-1
26,399,1661.56,372.01,140.91,395.02,1,-1,-1,-1
27,399,1659.67,371.31,141.41,399.26,1,-1,-1,-1
28,399,1660.70,367.24,141.99,400.82,1,-1,-1,-1
29,399,1658.03,367.02,140.66,401.32,1,-1,-1,-1
29,400,56.00,502.00,236.00,408.00,1,-1,-1,-1
30,399,1660.26,369.59,137.59,393.66,1,-1,-1,-1
30,400,77.19,507.14,233.05,402.86,1,-1,-1,-1
31,399,1659.65,381.09,132.88,377.55,1,-1,-1,-1
31,400,82.99,508.00,231.04,398.98,1,-1,-1,-1
32,399,1659.03,382.88,133.28,375.32,1,-1,-1,-1
32,400,89.31,518.68,228.53,393.29,1,-1,-1,-1
33,399,1659.36,373.05,136.29,384.98,1,-1,-1,-1
33,400,101.58,514.83,225.90,390.06,1,-1,-1,-1
34,399,1660.24,364.21,141.11,401.54,1,-1,-1,-1
34,400,108.41,516.72,224.10,386.96,1,-1,-1,-1
35,399,1661.02,358.30,144.66,412.96,1,-1,-1,-1
35,400,194.60,531.45,209.71,360.63,1,-1,-1,-1
36,399,1661.28,353.49,146.16,419.90,1,-1,-1,-1
36,400,215.84,527.19,209.09,359.62,1,-1,-1,-1
37,399,1659.76,345.26,148.70,430.21,1,-1,-1,-1
37,400,237.23,529.96,205.45,353.37,1,-1,-1,-1
38,399,1654.30,335.74,151.75,443.06,1,-1,-1,-1
39,399,1653.87,333.41,152.14,447.93,1,-1,-1,-1
39,400,216.49,532.43,209.31,354.13,1,-1,-1,-1
40,399,1654.82,340.31,148.77,440.69,1,-1,-1,-1
40,400,229.94,534.81,206.63,349.59,1,-1,-1,-1
41,399,1657.68,344.42,147.71,437.69,1,-1,-1,-1
42,399,1657.70,348.65,146.86,436.45,1,-1,-1,-1
43,399,1650.03,341.22,150.21,448.86,1,-1,-1,-1
43,400,250.19,529.37,216.09,361.25,1,-1,-1,-1
44,399,1646.26,330.74,153.25,457.34,1,-1,-1,-1
44,400,245.74,485.57,231.79,390.83,1,-1,-1,-1
45,399,1644.23,329.31,154.31,459.23,1,-1,-1,-1
45,400,239.23,476.98,228.35,394.52,1,-1,-1,-1
46,399,1641.72,327.55,155.64,462.41,1,-1,-1,-1
46,400,247.43,473.22,229.11,395.83,1,-1,-1,-1
47,399,1641.46,315.33,159.97,475.14,1,-1,-1,-1
48,399,1638.26,313.29,161.45,477.34,1,-1,-1,-1
48,400,339.32,444.38,230.38,406.37,1,-1,-1,-1
49,399,1633.54,315.19,162.56,476.75,1,-1,-1,-1
49,400,369.39,470.34,212.61,377.41,1,-1,-1,-1
50,399,1628.34,323.79,159.46,466.03,1,-1,-1,-1
50,400,384.96,483.90,198.54,354.84,1,-1,-1,-1
51,399,1624.38,320.67,159.65,468.28,1,-1,-1,-1
51,400,400.19,482.46,197.12,352.30,1,-1,-1,-1
52,399,1619.56,326.04,159.99,463.87,1,-1,-1,-1
53,399,1618.63,329.47,161.03,464.69,1,-1,-1,-1
54,399,1617.93,326.89,163.52,467.55,1,-1,-1,-1
55,399,1616.42,328.54,164.47,464.67,1,-1,-1,-1
56,399,1616.82,321.38,169.53,473.94,1,-1,-1,-1
56,400,506.65,505.79,188.44,328.79,1,-1,-1,-1
57,399,1613.89,314.82,173.78,483.86,1,-1,-1,-1
57,400,504.60,499.23,200.03,339.82,1,-1,-1,-1
58,399,1617.24,309.77,175.57,487.59,1,-1,-1,-1
58,400,510.95,469.66,216.96,370.72,1,-1,-1,-1
59,399,1617.41,302.70,179.87,501.87,1,-1,-1,-1
59,400,516.39,454.96,219.44,379.57,1,-1,-1,-1
60,399,1615.98,307.76,178.12,502.10,1,-1,-1,-1
60,400,530.65,451.30,220.48,381.38,1,-1,-1,-1
61,399,1614.94,303.36,179.73,507.22,1,-1,-1,-1
62,399,1612.47,306.90,178.05,502.62,1,-1,-1,-1
63,399,1609.08,301.84,181.04,509.81,1,-1,-1,-1
64,399,1609.62,306.43,179.85,505.99,1,-1,-1,-1
64,400,603.76,437.86,230.10,393.44,1,-1,-1,-1
64,401,1526.00,372.00,152.00,434.00,1,-1,-1,-1
65,399,1610.27,293.96,183.78,518.70,1,-1,-1,-1
65,400,610.39,381.45,259.97,459.31,1,-1,-1,-1
66,399,1612.34,295.73,185.48,523.43,1,-1,-1,-1
66,400,613.44,350.51,269.82,489.56,1,-1,-1,-1
66,402,1520.00,376.00,144.00,438.00,1,-1,-1,-1
67,399,1609.23,293.91,188.84,532.88,1,-1,-1,-1
67,400,624.81,335.50,269.91,494.36,1,-1,-1,-1
68,399,1605.49,295.84,190.09,535.12,1,-1,-1,-1
68,400,638.47,331.02,267.05,490.89,1,-1,-1,-1
68,403,1522.00,368.00,152.00,442.00,1,-1,-1,-1
69,399,1606.45,287.60,194.85,547.47,1,-1,-1,-1
69,400,649.67,329.57,264.74,494.36,1,-1,-1,-1
70,399,1606.46,292.21,193.52,540.52,1,-1,-1,-1
70,400,660.90,326.68,260.79,492.97,1,-1,-1,-1
70,404,1522.00,378.00,150.00,434.00,1,-1,-1,-1
71,399,1608.43,292.80,194.30,538.92,1,-1,-1,-1
71,400,673.79,318.32,264.37,499.74,1,-1,-1,-1
71,404,1517.98,381.43,147.76,427.14,1,-1,-1,-1
72,399,1607.81,287.87,198.64,548.60,1,-1,-1,-1
72,404,1514.51,377.47,149.96,433.56,1,-1,-1,-1
73,399,1609.95,289.91,200.71,552.18,1,-1,-1,-1
73,400,724.30,313.38,246.06,472.96,1,-1,-1,-1
73,404,1510.48,377.61,150.68,435.73,1,-1,-1,-1
74,399,1623.71,303.69,196.30,537.91,1,-1,-1,-1
74,400,738.80,305.86,248.10,476.89,1,-1,-1,-1
74,404,1507.90,363.28,156.38,452.26,1,-1,-1,-1
75,399,1614.97,284.19,205.69,563.67,1,-1,-1,-1
75,400,743.50,334.02,233.22,453.60,1,-1,-1,-1
75,404,1503.67,366.69,154.11,445.41,1,-1,-1,-1
76,399,1610.55,273.17,211.52,580.82,1,-1,-1,-1
76,400,753.79,340.67,228.29,451.72,1,-1,-1,-1
76,404,1500.89,364.15,155.11,448.32,1,-1,-1,-1
77,399,1609.77,270.20,210.57,580.98,1,-1,-1,-1
77,400,759.77,340.29,226.99,452.39,1,-1,-1,-1
77,404,1497.50,360.31,157.07,455.09,1,-1,-1,-1
78,399,1630.23,296.26,193.16,529.17,1,-1,-1,-1
78,400,777.41,352.02,217.19,431.68,1,-1,-1,-1
78,404,1494.10,352.37,158.27,459.55,1,-1,-1,-1
79,399,1635.93,308.06,192.32,523.16,1,-1,-1,-1
79,400,786.28,342.04,225.28,443.64,1,-1,-1,-1
79,404,1484.75,333.65,168.41,493.05,1,-1,-1,-1
80,399,1641.97,308.29,194.49,528.93,1,-1,-1,-1
80,400,795.02,359.30,218.11,421.91,1,-1,-1,-1
80,404,1477.37,338.41,167.21,489.84,1,-1,-1,-1
81,399,1643.63,310.97,195.06,528.46,1,-1,-1,-1
81,400,805.78,366.18,215.16,408.08,1,-1,-1,-1
81,404,1472.87,343.22,168.80,490.77,1,-1,-1,-1
82,399,1639.06,310.65,197.66,532.20,1,-1,-1,-1
82,400,812.31,367.39,214.76,403.07,1,-1,-1,-1
82,404,1473.74,338.66,170.99,493.54,1,-1,-1,-1
83,399,1635.36,305.29,205.09,551.87,1,-1,-1,-1
83,400,825.15,371.81,211.62,394.68,1,-1,-1,-1
83,404,1469.66,334.42,171.74,498.32,1,-1,-1,-1
84,399,1635.59,305.83,203.27,545.08,1,-1,-1,-1
84,400,837.32,372.37,209.67,391.05,1,-1,-1,-1
84,404,1469.82,332.91,172.66,498.67,1,-1,-1,-1
85,399,1637.34,306.03,203.03,541.01,1,-1,-1,-1
85,400,867.90,317.30,231.52,441.20,1,-1,-1,-1
85,404,1473.98,342.87,167.61,480.40,1,-1,-1,-1
86,399,1639.76,302.17,205.87,545.96,1,-1,-1,-1
86,400,878.93,309.51,231.64,453.95,1,-1,-1,-1
86,404,1469.61,369.34,168.59,473.12,1,-1,-1,-1
87,399,1638.70,294.22,210.80,558.19,1,-1,-1,-1
87,400,889.28,315.65,223.82,444.69,1,-1,-1,-1
87,404,1465.46,363.41,164.92,462.44,1,-1,-1,-1
88,399,1640.27,287.33,213.81,570.55,1,-1,-1,-1
88,400,908.33,333.95,206.47,417.44,1,-1,-1,-1
88,404,1463.39,383.64,167.38,462.33,1,-1,-1,-1
89,399,1641.21,287.28,219.37,589.40,1,-1,-1,-1
89,400,915.41,347.83,194.96,398.93,1,-1,-1,-1
89,404,1453.28,383.25,171.35,470.16,1,-1,-1,-1
90,399,1644.59,282.17,223.07,602.96,1,-1,-1,-1
90,400,930.14,336.94,197.68,409.56,1,-1,-1,-1
90,404,1445.33,373.93,177.39,487.42,1,-1,-1,-1
91,399,1645.69,282.79,219.69,595.28,1,-1,-1,-1
91,400,946.87,334.36,200.28,417.32,1,-1,-1,-1
91,404,1441.62,374.64,178.39,490.16,1,-1,-1,-1
92,399,1641.31,268.81,223.92,608.93,1,-1,-1,-1
92,400,961.89,329.53,198.81,409.89,1,-1,-1,-1
92,404,1405.51,372.79,163.86,447.93,1,-1,-1,-1
93,399,1636.61,267.43,223.83,610.14,1,-1,-1,-1
93,400,967.73,352.76,193.05,395.19,1,-1,-1,-1
93,404,1395.92,377.92,160.34,437.96,1,-1,-1,-1
94,399,1631.97,264.39,226.73,622.06,1,-1,-1,-1
94,400,975.08,372.25,187.48,381.70,1,-1,-1,-1
94,404,1387.42,371.61,163.14,444.00,1,-1,-1,-1
95,399,1630.45,273.58,226.00,623.92,1,-1,-1,-1
95,400,982.23,388.78,179.65,362.12,1,-1,-1,-1
95,404,1383.14,349.62,174.68,475.09,1,-1,-1,-1
96,399,1625.54,268.17,227.86,629.63,1,-1,-1,-1
96,400,1014.67,379.94,182.30,364.49,1,-1,-1,-1
96,404,1384.37,342.74,178.60,480.25,1,-1,-1,-1
97,399,1623.43,275.18,221.27,608.45,1,-1,-1,-1
97,400,1039.31,383.37,179.18,356.14,1,-1,-1,-1
97,404,1378.54,340.27,179.47,482.58,1,-1,-1,-1
98,399,1623.46,275.36,214.36,589.49,1,-1,-1,-1
98,400,1046.24,383.22,176.16,354.52,1,-1,-1,-1
98,404,1380.60,348.65,175.43,464.35,1,-1,-1,-1
99,399,1617.31,272.82,216.20,595.46,1,-1,-1,-1
99,400,1043.70,380.44,180.39,366.02,1,-1,-1,-1
99,404,1375.55,347.10,175.66,464.95,1,-1,-1,-1
100,399,1614.66,275.82,215.06,591.13,1,-1,-1,-1
100,400,1054.07,392.45,175.77,359.87,1,-1,-1,-1
100,404,1365.69,333.40,186.38,497.15,1,-1,-1,-1
101,399,1613.29,275.10,215.41,592.10,1,-1,-1,-1
101,400,1057.75,378.47,178.82,373.50,1,-1,-1,-1
101,404,1361.90,327.67,188.09,508.00,1,-1,-1,-1
102,399,1610.01,275.63,213.73,589.17,1,-1,-1,-1
102,400,1063.50,378.50,177.28,374.66,1,-1,-1,-1
102,404,1360.22,320.42,192.01,519.71,1,-1,-1,-1
103,399,1604.85,267.64,219.24,612.71,1,-1,-1,-1
103,400,1072.78,382.39,174.79,371.23,1,-1,-1,-1
103,404,1348.19,310.02,199.84,547.20,1,-1,-1,-1
104,399,1602.83,266.37,220.20,615.41,1,-1,-1,-1
104,400,1079.09,374.65,178.03,380.47,1,-1,-1,-1
104,404,1344.72,316.22,199.46,548.79,1,-1,-1,-1
105,400,1089.02,374.99,177.86,380.12,1,-1,-1,-1
105,404,1338.81,311.14,204.86,570.99,1,-1,-1,-1
105,405,1212.00,304.00,166.00,440.00,1,-1,-1,-1
106,400,1091.98,368.17,179.67,386.08,1,-1,-1,-1
106,404,1340.72,324.49,196.22,548.89,1,-1,-1,-1
106,405,1211.01,305.71,167.97,445.14,1,-1,-1,-1
107,400,1097.97,374.60,175.55,378.13,1,-1,-1,-1
107,404,1342.14,331.31,191.90,539.65,1,-1,-1,-1
107,405,1214.39,307.49,165.70,438.53,1,-1,-1,-1
108,400,1106.96,374.89,175.31,377.62,1,-1,-1,-1
108,404,1345.22,330.01,186.74,530.83,1,-1,-1,-1
108,405,1209.82,315.53,158.46,419.81,1,-1,-1,-1
109,404,1349.52,329.56,181.37,518.23,1,-1,-1,-1
109,405,1206.52,313.68,162.48,428.57,1,-1,-1,-1
110,404,1345.04,322.87,183.92,525.19,1,-1,-1,-1
110,405,1207.76,305.93,172.01,449.98,1,-1,-1,-1
111,404,1341.49,321.17,184.64,527.24,1,-1,-1,-1
111,405,1203.36,308.60,181.07,471.18,1,-1,-1,-1
112,405,1204.76,322.90,189.00,489.62,1,-1,-1,-1
113,405,1197.39,304.70,206.53,535.82,1,-1,-1,-1
114,405,1197.90,291.42,217.98,563.38,1,-1,-1,-1
115,405,1195.48,283.54,232.87,603.25,1,-1,-1,-1
116,405,1191.84,279.22,239.03,619.90,1,-1,-1,-1
117,405,1190.19,276.79,245.39,636.39,1,-1,-1,-1
118,405,1186.58,297.98,235.64,608.94,1,-1,-1,-1
119,405,1197.44,304.44,240.57,620.71,1,-1,-1,-1
120,399,1496.38,198.82,204.36,547.92,1,-1,-1,-1
120,405,1191.55,293.84,248.83,641.64,1,-1,-1,-1
121,399,1481.99,192.86,215.95,567.78,1,-1,-1,-1
121,405,1194.45,322.85,241.62,621.43,1,-1,-1,-1
122,399,1479.05,189.69,216.38,554.45,1,-1,-1,-1
122,405,1189.57,337.10,238.96,612.66,1,-1,-1,-1
123,399,1468.14,187.32,224.66,566.78,1,-1,-1,-1
123,405,1176.92,311.25,249.09,641.52,1,-1,-1,-1
124,399,1461.42,181.29,233.44,577.92,1,-1,-1,-1
124,405,1171.15,293.91,253.65,656.03,1,-1,-1,-1
125,399,1455.53,177.81,237.29,584.78,1,-1,-1,-1
125,405,1168.40,293.46,253.85,657.55,1,-1,-1,-1
126,399,1449.89,174.01,237.86,586.17,1,-1,-1,-1
126,405,1163.28,285.61,258.15,674.47,1,-1,-1,-1
127,405,1163.71,309.48,248.67,648.77,1,-1,-1,-1
128,405,1161.16,309.69,251.78,656.89,1,-1,-1,-1
128,406,1410.00,200.00,250.00,748.00,1,-1,-1,-1
129,399,1385.22,191.90,289.88,728.63,1,-1,-1,-1
130,399,1375.11,190.21,296.97,755.67,1,-1,-1,-1
131,399,1372.52,192.09,297.33,762.32,1,-1,-1,-1
132,399,1371.11,195.42,296.15,767.04,1,-1,-1,-1
133,399,1367.42,191.66,299.81,776.16,1,-1,-1,-1
133,405,1127.68,279.02,277.60,701.61,1,-1,-1,-1
134,399,1365.72,185.12,299.54,774.27,1,-1,-1,-1
134,405,1123.96,274.98,287.10,710.00,1,-1,-1,-1
135,399,1361.97,172.34,302.16,783.40,1,-1,-1,-1
135,405,1118.41,273.58,292.36,710.38,1,-1,-1,-1
136,399,1353.97,157.22,306.33,795.58,1,-1,-1,-1
136,405,1104.26,271.82,301.72,720.64,1,-1,-1,-1
136,407,4.00,456.00,172.00,424.00,1,-1,-1,-1
137,399,1344.24,148.88,311.28,808.95,1,-1,-1,-1
137,405,1101.04,266.05,307.47,723.07,1,-1,-1,-1
137,407,6.50,461.14,168.72,415.43,1,-1,-1,-1
138,399,1344.52,145.73,310.51,808.71,1,-1,-1,-1
138,405,1101.35,226.43,322.27,750.87,1,-1,-1,-1
138,407,5.32,448.37,181.95,447.31,1,-1,-1,-1
139,399,1335.34,143.34,312.46,818.51,1,-1,-1,-1
139,405,1092.72,234.39,323.77,748.54,1,-1,-1,-1
139,407,-1.61,428.40,195.05,480.71,1,-1,-1,-1
140,399,1334.74,136.09,314.06,829.71,1,-1,-1,-1
140,405,1087.59,231.29,324.05,749.83,1,-1,-1,-1
140,407,2.40,439.26,185.18,455.11,1,-1,-1,-1
141,399,1327.57,132.30,318.11,840.41,1,-1,-1,-1
141,405,1088.52,213.44,327.54,761.71,1,-1,-1,-1
141,407,-4.01,407.42,201.29,497.49,1,-1,-1,-1
142,399,1333.08,134.17,308.17,830.62,1,-1,-1,-1
142,405,1077.10,202.87,333.23,778.92,1,-1,-1,-1
142,407,-3.04,413.80,197.83,492.05,1,-1,-1,-1
143,399,1326.68,130.81,311.56,839.75,1,-1,-1,-1
143,405,1053.89,198.94,346.21,802.00,1,-1,-1,-1
143,407,-4.58,406.75,202.26,503.05,1,-1,-1,-1
144,405,1060.29,193.74,349.99,806.88,1,-1,-1,-1
145,405,1067.81,184.18,357.12,818.72,1,-1,-1,-1
146,405,1061.84,180.65,359.77,819.18,1,-1,-1,-1
147,405,1055.67,183.35,360.86,815.16,1,-1,-1,-1
147,408,404.00,428.00,162.00,320.00,1,-1,-1,-1
148,405,1066.98,176.80,366.41,824.98,1,-1,-1,-1
148,407,83.22,366.41,211.30,535.79,1,-1,-1,-1
148,408,403.64,428.00,159.30,314.86,1,-1,-1,-1
149,405,1074.47,166.70,372.56,838.84,1,-1,-1,-1
149,407,94.89,354.15,212.66,548.41,1,-1,-1,-1
150,405,1085.04,165.54,376.28,845.22,1,-1,-1,-1
150,407,101.05,334.39,216.57,561.82,1,-1,-1,-1
151,405,1092.82,162.69,381.94,855.16,1,-1,-1,-1
151,407,101.46,337.36,212.52,557.71,1,-1,-1,-1
151,409,408.00,420.00,152.00,336.00,1,-1,-1,-1
152,399,894.36,262.34,283.53,752.04,1,-1,-1,-1
152,405,1091.39,163.03,380.01,853.58,1,-1,-1,-1
152,407,104.43,337.58,208.51,550.52,1,-1,-1,-1
152,409,407.02,418.29,155.67,344.57,1,-1,-1,-1
153,399,873.03,268.15,285.83,750.30,1,-1,-1,-1
153,405,1086.30,160.74,377.84,853.98,1,-1,-1,-1
153,407,110.25,330.36,211.22,557.67,1,-1,-1,-1
154,399,852.58,272.77,288.25,747.10,1,-1,-1,-1
154,405,1090.79,149.64,380.89,868.15,1,-1,-1,-1
154,407,120.96,339.08,194.93,506.11,1,-1,-1,-1
154,410,418.00,416.00,152.00,364.00,1,-1,-1,-1
154,411,208.00,410.00,228.00,480.00,1,-1,-1,-1
155,399,838.78,278.27,291.39,747.28,1,-1,-1,-1
155,405,1100.99,149.39,379.20,872.08,1,-1,-1,-1
155,407,127.33,333.24,195.73,508.20,1,-1,-1,-1
156,399,827.22,292.00,290.05,742.11,1,-1,-1,-1
156,405,1102.22,136.53,386.47,896.62,1,-1,-1,-1
156,407,205.67,305.75,213.87,565.38,1,-1,-1,-1
157,399,822.38,289.01,293.78,742.85,1,-1,-1,-1
157,405,1108.41,134.30,386.69,899.38,1,-1,-1,-1
157,407,222.26,288.92,219.74,590.29,1,-1,-1,-1
158,399,816.49,279.76,300.93,755.04,1,-1,-1,-1
158,405,1122.56,136.20,378.61,885.94,1,-1,-1,-1
158,407,233.44,329.78,209.22,558.90,1,-1,-1,-1
158,412,410.00,392.00,144.00,404.00,1,-1,-1,-1
159,399,813.12,268.30,300.61,755.71,1,-1,-1,-1
159,405,1129.39,128.01,380.39,897.37,1,-1,-1,-1
159,407,252.91,329.66,208.77,562.83,1,-1,-1,-1
159,412,400.46,386.86,149.37,419.43,1,-1,-1,-1
160,399,803.53,255.91,302.82,762.51,1,-1,-1,-1
160,405,1126.11,110.81,383.56,915.74,1,-1,-1,-1
160,407,258.90,356.93,197.52,529.16,1,-1,-1,-1
160,412,397.05,378.61,152.42,427.91,1,-1,-1,-1
161,399,797.07,264.21,309.11,770.30,1,-1,-1,-1
161,405,1117.15,109.50,385.86,929.03,1,-1,-1,-1
161,407,262.24,366.44,194.86,522.41,1,-1,-1,-1
161,412,388.65,369.98,162.26,455.46,1,-1,-1,-1
162,399,784.84,259.51,316.48,777.13,1,-1,-1,-1
162,405,1104.52,97.58,389.43,945.51,1,-1,-1,-1
162,407,274.24,365.97,195.30,523.58,1,-1,-1,-1
162,412,382.81,357.40,170.24,477.33,1,-1,-1,-1
163,399,769.93,253.76,325.17,790.10,1,-1,-1,-1
163,405,1097.22,90.57,387.84,945.19,1,-1,-1,-1
163,412,382.67,347.54,182.91,512.00,1,-1,-1,-1
164,399,770.75,245.06,325.42,789.78,1,-1,-1,-1
164,405,1082.20,80.30,390.82,956.40,1,-1,-1,-1
164,412,380.92,341.43,191.18,533.76,1,-1,-1,-1
164,413,772.00,274.00,240.00,450.00,1,-1,-1,-1
165,399,760.58,241.70,325.41,788.26,1,-1,-1,-1
165,405,1074.24,86.86,391.24,950.14,1,-1,-1,-1
165,412,383.24,335.44,197.55,550.66,1,-1,-1,-1
166,399,761.25,233.91,327.60,786.29,1,-1,-1,-1
166,405,1063.89,92.21,394.33,943.53,1,-1,-1,-1
166,412,388.01,345.00,196.21,539.77,1,-1,-1,-1
167,399,749.06,232.78,328.41,788.22,1,-1,-1,-1
167,405,1042.09,93.12,403.97,947.28,1,-1,-1,-1
167,412,393.89,346.53,194.19,530.57,1,-1,-1,-1
168,405,1021.53,84.50,415.48,955.02,1,-1,-1,-1
168,412,401.27,347.31,198.83,539.64,1,-1,-1,-1
169,405,1002.73,63.20,426.43,968.16,1,-1,-1,-1
169,412,402.44,358.09,198.52,536.26,1,-1,-1,-1
170,399,591.38,174.02,353.09,839.42,1,-1,-1,-1
170,405,994.19,57.77,428.42,963.96,1,-1,-1,-1
170,412,404.36,380.70,190.06,514.89,1,-1,-1,-1
171,399,558.29,150.91,363.12,857.59,1,-1,-1,-1
171,405,981.71,58.49,436.20,971.21,1,-1,-1,-1
171,412,404.77,380.83,192.72,522.08,1,-1,-1,-1
172,399,535.09,172.37,350.90,818.91,1,-1,-1,-1
172,405,960.96,48.55,444.25,985.46,1,-1,-1,-1
173,399,527.23,160.01,355.02,821.95,1,-1,-1,-1
173,405,944.36,39.73,441.75,979.11,1,-1,-1,-1
174,399,519.32,171.17,354.35,817.80,1,-1,-1,-1
174,405,937.42,39.14,437.10,968.60,1,-1,-1,-1
175,399,497.86,161.23,366.23,843.52,1,-1,-1,-1
175,405,932.12,46.94,434.62,959.20,1,-1,-1,-1
176,399,476.84,176.90,365.16,836.38,1,-1,-1,-1
176,405,916.53,63.14,429.97,951.59,1,-1,-1,-1
177,399,465.54,189.71,366.00,828.20,1,-1,-1,-1
177,405,907.64,60.68,430.87,953.59,1,-1,-1,-1
178,399,456.70,192.05,371.46,827.59,1,-1,-1,-1
179,399,421.77,178.62,379.10,828.60,1,-1,-1,-1
179,405,842.08,69.31,426.10,952.92,1,-1,-1,-1
180,399,402.06,177.48,384.28,823.70,1,-1,-1,-1
180,405,830.55,58.53,423.16,958.23,1,-1,-1,-1
181,399,390.27,170.58,397.39,840.07,1,-1,-1,-1
181,405,814.96,53.51,423.10,963.98,1,-1,-1,-1
182,399,392.51,180.99,395.02,825.45,1,-1,-1,-1
182,405,813.23,51.69,415.52,958.28,1,-1,-1,-1
183,399,312.66,168.09,399.75,826.23,1,-1,-1,-1
183,405,805.50,44.54,421.14,982.16,1,-1,-1,-1
184,399,264.89,148.93,398.92,827.80,1,-1,-1,-1
184,405,794.31,49.67,423.54,994.95,1,-1,-1,-1
185,399,246.49,150.89,407.09,850.53,1,-1,-1,-1
185,405,784.69,56.91,425.49,1004.94,1,-1,-1,-1
186,399,224.60,143.96,414.00,864.22,1,-1,-1,-1
186,405,771.96,59.75,425.59,1008.64,1,-1,-1,-1
186,407,463.09,131.58,362.12,917.41,1,-1,-1,-1
187,399,203.90,145.27,411.61,864.23,1,-1,-1,-1
187,405,752.41,37.53,431.06,1033.25,1,-1,-1,-1
187,407,471.38,122.26,368.31,933.09,1,-1,-1,-1
188,399,192.50,148.50,403.52,856.30,1,-1,-1,-1
188,405,736.64,18.83,429.76,1043.76,1,-1,-1,-1
188,414,32.00,138.00,288.00,856.00,1,-1,-1,-1
189,399,155.71,132.89,409.43,868.79,1,-1,-1,-1
189,405,715.00,6.52,432.70,1060.52,1,-1,-1,-1
190,399,114.66,116.72,425.67,904.51,1,-1,-1,-1
190,405,700.49,4.49,434.05,1068.05,1,-1,-1,-1
191,399,106.54,120.91,420.38,883.43,1,-1,-1,-1
191,405,690.22,10.31,430.54,1059.09,1,-1,-1,-1
192,399,36.85,125.41,419.07,874.77,1,-1,-1,-1
192,405,679.12,2.32,426.17,1057.97,1,-1,-1,-1
192,412,524.65,378.07,155.06,413.29,1,-1,-1,-1
193,399,8.32,102.42,432.30,898.81,1,-1,-1,-1
193,405,662.78,8.49,417.05,1037.88,1,-1,-1,-1
193,412,529.87,377.96,153.60,409.40,1,-1,-1,-1
194,399,-4.37,97.76,440.99,920.63,1,-1,-1,-1
194,405,653.71,5.76,409.68,1026.06,1,-1,-1,-1
195,399,-20.34,96.11,443.54,932.76,1,-1,-1,-1
195,405,636.93,0.90,414.84,1035.92,1,-1,-1,-1
196,399,-27.51,94.34,445.49,944.99,1,-1,-1,-1
196,405,651.01,16.08,384.53,944.58,1,-1,-1,-1
197,399,-26.34,102.82,432.04,922.43,1,-1,-1,-1
197,405,574.39,37.12,392.78,954.52,1,-1,-1,-1
197,415,164.00,122.00,390.00,850.00,1,-1,-1,-1
198,399,-49.64,94.55,423.95,929.04,1,-1,-1,-1
198,405,519.71,52.39,413.51,996.22,1,-1,-1,-1
198,415,203.94,144.29,388.98,850.00,1,-1,-1,-1
199,399,-45.23,138.23,387.85,871.73,1,-1,-1,-1
199,405,491.04,52.87,425.67,1014.35,1,-1,-1,-1
199,415,227.10,191.54,363.31,795.96,1,-1,-1,-1
200,399,-32.90,146.13,368.26,853.14,1,-1,-1,-1
200,405,470.56,49.09,433.77,1021.36,1,-1,-1,-1
200,415,222.94,203.83,357.26,787.16,1,-1,-1,-1
201,399,-13.06,146.35,347.36,826.55,1,-1,-1,-1
201,405,463.42,48.87,447.28,1025.28,1,-1,-1,-1
201,415,214.27,183.15,357.65,791.19,1,-1,-1,-1
202,399,-28.18,147.18,345.51,822.12,1,-1,-1,-1
202,405,445.45,48.74,460.82,1025.39,1,-1,-1,-1
202,415,216.51,189.64,353.12,781.16,1,-1,-1,-1
203,405,418.17,46.05,474.21,1021.44,1,-1,-1,-1
204,405,394.31,16.28,487.89,1047.26,1,-1,-1,-1
205,405,363.99,5.09,495.18,1046.58,1,-1,-1,-1
206,405,344.11,2.37,496.90,1050.20,1,-1,-1,-1
206,412,928.16,364.12,173.17,447.18,1,-1,-1,-1
207,412,936.16,366.31,168.08,436.65,1,-1,-1,-1
208,405,222.82,-0.52,516.32,1062.89,1,-1,-1,-1
208,412,957.39,377.63,161.69,411.62,1,-1,-1,-1
209,405,116.71,13.78,546.99,1101.23,1,-1,-1,-1
209,407,648.96,342.00,180.37,481.01,1,-1,-1,-1
209,412,967.13,397.96,155.03,390.06,1,-1,-1,-1
210,405,67.50,12.24,562.95,1117.07,1,-1,-1,-1
210,407,662.39,364.56,170.42,467.61,1,-1,-1,-1
210,412,978.21,397.36,155.92,395.62,1,-1,-1,-1
210,416,1056.00,388.00,162.00,378.00,1,-1,-1,-1
211,405,37.46,12.96,568.58,1108.79,1,-1,-1,-1
211,407,667.36,363.61,169.55,480.14,1,-1,-1,-1
211,412,984.74,397.11,157.04,397.65,1,-1,-1,-1
211,416,1047.11,386.29,166.07,388.29,1,-1,-1,-1
212,405,12.10,22.38,566.73,1097.52,1,-1,-1,-1
212,407,671.49,359.98,166.65,479.10,1,-1,-1,-1
212,412,984.12,394.33,153.05,394.56,1,-1,-1,-1
212,416,1053.38,378.58,170.54,400.39,1,-1,-1,-1
213,405,11.15,31.21,561.04,1073.47,1,-1,-1,-1
213,407,678.08,363.99,163.30,466.42,1,-1,-1,-1
213,412,984.85,397.17,149.47,386.88,1,-1,-1,-1
213,416,1058.70,373.05,174.60,411.69,1,-1,-1,-1
214,405,88.25,24.07,488.82,930.34,1,-1,-1,-1
214,407,661.63,340.96,177.78,515.04,1,-1,-1,-1
214,412,973.93,388.92,149.31,390.69,1,-1,-1,-1
214,416,1068.29,364.20,177.32,419.59,1,-1,-1,-1
215,405,93.15,22.62,519.62,961.39,1,-1,-1,-1
215,407,656.44,325.25,184.61,539.36,1,-1,-1,-1
215,412,967.20,368.80,153.91,410.53,1,-1,-1,-1
215,416,1068.38,351.52,181.87,431.76,1,-1,-1,-1
216,405,77.03,22.42,516.29,955.22,1,-1,-1,-1
216,407,656.41,321.55,186.91,546.07,1,-1,-1,-1
216,412,978.53,367.25,153.95,410.61,1,-1,-1,-1
216,415,484.15,248.20,308.69,640.00,1,-1,-1,-1
216,416,1076.21,374.10,168.87,399.45,1,-1,-1,-1
217,415,501.21,252.76,303.83,629.93,1,-1,-1,-1
217,416,1078.69,376.32,168.35,397.52,1,-1,-1,-1
218,415,494.93,249.84,317.16,644.04,1,-1,-1,-1
218,416,1076.51,378.49,168.58,398.17,1,-1,-1,-1
219,415,585.37,259.30,292.64,623.95,1,-1,-1,-1
219,416,1077.33,371.26,171.89,405.08,1,-1,-1,-1
220,405,-24.50,29.27,498.53,944.65,1,-1,-1,-1
220,415,622.17,262.56,272.89,606.24,1,-1,-1,-1
220,416,1079.94,372.59,172.26,407.61,1,-1,-1,-1
221,405,-44.30,29.71,495.91,939.68,1,-1,-1,-1
221,415,631.93,264.94,263.43,610.88,1,-1,-1,-1
221,416,1088.36,382.40,166.56,395.27,1,-1,-1,-1
222,415,638.76,274.98,249.77,596.87,1,-1,-1,-1
222,416,1094.39,386.19,159.80,381.12,1,-1,-1,-1
223,415,645.81,283.92,243.35,591.98,1,-1,-1,-1
223,416,1097.45,387.59,155.37,371.85,1,-1,-1,-1
224,415,649.46,291.03,236.47,583.82,1,-1,-1,-1
224,416,1100.06,385.40,154.57,373.87,1,-1,-1,-1
225,399,188.31,279.39,315.22,696.13,1,-1,-1,-1
225,415,649.41,297.47,235.60,593.11,1,-1,-1,-1
225,416,1099.11,377.96,153.93,378.65,1,-1,-1,-1
226,399,199.58,278.64,318.12,680.40,1,-1,-1,-1
226,415,734.98,310.23,216.18,546.66,1,-1,-1,-1
226,416,1104.87,376.49,149.20,373.91,1,-1,-1,-1
226,417,1222.00,362.00,112.00,388.00,1,-1,-1,-1
227,399,208.72,283.55,315.19,674.11,1,-1,-1,-1
227,415,766.77,316.15,216.29,548.27,1,-1,-1,-1
227,416,1105.63,379.92,146.09,366.85,1,-1,-1,-1
227,417,1223.95,360.29,113.24,391.43,1,-1,-1,-1
228,412,1202.97,355.82,143.84,392.48,1,-1,-1,-1
228,415,776.75,307.46,223.28,570.29,1,-1,-1,-1
228,416,1109.98,379.90,145.89,366.93,1,-1,-1,-1
229,412,1211.14,355.60,144.26,398.85,1,-1,-1,-1
229,415,773.66,292.42,228.10,590.25,1,-1,-1,-1
229,416,1113.16,378.58,146.52,370.97,1,-1,-1,-1
230,412,1212.98,365.99,137.71,387.66,1,-1,-1,-1
230,415,777.55,300.86,216.07,562.94,1,-1,-1,-1
230,416,1116.28,378.10,146.67,376.47,1,-1,-1,-1
231,412,1215.73,368.64,133.82,380.79,1,-1,-1,-1
231,415,778.62,288.00,226.24,592.45,1,-1,-1,-1
231,416,1118.94,377.77,146.45,375.91,1,-1,-1,-1
232,412,1228.64,368.89,133.14,378.85,1,-1,-1,-1
232,415,788.02,280.82,220.77,584.91,1,-1,-1,-1
233,399,348.71,325.36,278.74,618.90,1,-1,-1,-1
233,412,1211.79,379.17,129.93,368.40,1,-1,-1,-1
233,415,794.72,280.56,215.14,578.13,1,-1,-1,-1
233,416,1122.94,382.88,143.18,365.76,1,-1,-1,-1
234,399,364.30,331.28,275.28,611.18,1,-1,-1,-1
234,412,1212.36,380.13,128.39,365.89,1,-1,-1,-1
234,415,799.68,271.23,209.83,571.73,1,-1,-1,-1
234,416,1125.52,383.06,142.65,364.41,1,-1,-1,-1
235,399,458.09,312.13,266.82,602.29,1,-1,-1,-1
235,412,1215.59,383.10,128.28,365.04,1,-1,-1,-1
235,415,806.13,267.72,212.30,585.24,1,-1,-1,-1
236,399,470.14,324.08,275.97,639.26,1,-1,-1,-1
236,412,1227.70,381.52,129.67,366.13,1,-1,-1,-1
236,415,814.96,279.42,210.24,582.50,1,-1,-1,-1
237,399,491.55,328.44,274.61,636.09,1,-1,-1,-1
237,412,1234.73,379.57,131.25,369.25,1,-1,-1,-1
237,415,814.73,297.02,200.08,556.65,1,-1,-1,-1
238,412,1243.71,386.68,129.12,357.37,1,-1,-1,-1
238,415,807.71,298.39,202.34,572.17,1,-1,-1,-1
239,399,493.55,305.98,265.75,621.57,1,-1,-1,-1
239,407,907.69,311.30,176.52,515.72,1,-1,-1,-1
239,412,1245.19,403.98,120.79,330.32,1,-1,-1,-1
239,415,818.35,304.06,185.72,530.92,1,-1,-1,-1
240,399,500.50,306.49,257.79,606.95,1,-1,-1,-1
240,407,918.26,288.84,186.14,543.15,1,-1,-1,-1
240,412,1250.53,394.06,124.85,338.01,1,-1,-1,-1
240,415,812.94,306.15,186.50,541.87,1,-1,-1,-1
240,418,670.00,332.00,166.00,500.00,1,-1,-1,-1
241,399,514.90,318.66,244.16,576.69,1,-1,-1,-1
241,407,925.05,299.35,180.54,531.02,1,-1,-1,-1
241,412,1246.77,390.60,125.53,338.06,1,-1,-1,-1
241,415,816.41,309.49,179.83,533.96,1,-1,-1,-1
241,418,651.21,333.71,181.29,546.29,1,-1,-1,-1
242,399,528.65,324.42,233.07,550.94,1,-1,-1,-1
242,407,929.60,290.06,178.77,539.73,1,-1,-1,-1
242,412,1248.58,387.92,128.04,344.83,1,-1,-1,-1
242,415,823.04,311.96,178.30,529.42,1,-1,-1,-1
242,418,643.52,334.00,190.08,572.80,1,-1,-1,-1
243,399,544.69,327.28,229.15,541.67,1,-1,-1,-1
243,407,934.02,293.30,176.01,536.32,1,-1,-1,-1
243,412,1254.50,386.90,128.63,348.74,1,-1,-1,-1
243,418,638.94,334.29,194.60,586.44,1,-1,-1,-1
244,407,952.40,306.59,160.72,499.08,1,-1,-1,-1
244,412,1257.84,377.33,134.11,363.37,1,-1,-1,-1
244,418,640.93,330.75,199.49,601.68,1,-1,-1,-1
245,407,960.13,299.46,161.93,505.31,1,-1,-1,-1
245,412,1257.81,372.45,137.22,371.47,1,-1,-1,-1
245,418,641.39,337.08,197.12,590.65,1,-1,-1,-1
246,407,962.20,306.27,156.73,499.57,1,-1,-1,-1
246,412,1259.99,377.03,137.51,374.61,1,-1,-1,-1
246,418,640.09,324.19,197.91,590.41,1,-1,-1,-1
247,407,962.61,328.84,149.48,477.54,1,-1,-1,-1
247,412,1257.32,389.18,133.92,364.15,1,-1,-1,-1
247,418,650.58,330.33,191.19,562.97,1,-1,-1,-1
248,399,786.36,347.62,203.37,509.13,1,-1,-1,-1
248,407,963.43,342.68,140.63,455.92,1,-1,-1,-1
248,412,1251.93,391.27,130.29,358.75,1,-1,-1,-1
248,418,649.98,324.52,195.09,572.73,1,-1,-1,-1
248,419,1572.00,476.00,72.00,254.00,1,-1,-1,-1
249,399,806.08,350.31,189.09,480.95,1,-1,-1,-1
249,407,963.01,353.02,135.62,441.50,1,-1,-1,-1
249,412,1250.11,381.52,130.92,364.63,1,-1,-1,-1
249,418,657.91,327.79,185.51,537.50,1,-1,-1,-1
249,419,1570.55,467.43,78.33,276.29,1,-1,-1,-1
250,399,810.80,342.99,188.65,486.62,1,-1,-1,-1
250,407,961.08,352.52,137.00,444.71,1,-1,-1,-1
250,412,1249.77,377.88,130.34,365.52,1,-1,-1,-1
250,415,1073.13,339.69,139.67,407.28,1,-1,-1,-1
250,418,656.99,323.66,185.60,534.68,1,-1,-1,-1
250,419,1575.40,464.55,79.34,280.00,1,-1,-1,-1
251,399,807.66,344.39,188.15,495.35,1,-1,-1,-1
251,407,964.07,356.23,139.29,452.72,1,-1,-1,-1
251,412,1243.78,385.62,124.71,355.44,1,-1,-1,-1
251,415,1079.58,342.18,148.14,440.98,1,-1,-1,-1
251,418,663.30,318.18,188.42,541.77,1,-1,-1,-1
251,419,1576.73,463.63,80.51,283.92,1,-1,-1,-1
252,399,806.29,329.04,193.62,518.57,1,-1,-1,-1
252,407,959.86,350.87,139.98,458.50,1,-1,-1,-1
252,412,1237.11,383.32,123.15,358.17,1,-1,-1,-1
252,415,1092.00,341.76,143.75,440.92,1,-1,-1,-1
252,418,665.42,314.88,185.82,531.16,1,-1,-1,-1
252,419,1578.10,462.02,81.58,287.69,1,-1,-1,-1
253,399,805.21,331.07,194.64,528.64,1,-1,-1,-1
253,407,956.37,347.40,139.86,462.16,1,-1,-1,-1
253,412,1238.00,383.36,122.98,357.67,1,-1,-1,-1
253,415,1098.05,337.48,144.49,450.47,1,-1,-1,-1
253,418,670.02,327.05,181.12,519.15,1,-1,-1,-1
254,399,803.61,340.93,193.45,528.76,1,-1,-1,-1
254,407,956.50,357.82,135.44,446.58,1,-1,-1,-1
254,415,1102.40,333.19,143.52,443.64,1,-1,-1,-1
254,418,675.64,336.99,179.48,514.77,1,-1,-1,-1
255,399,804.40,335.56,194.18,527.58,1,-1,-1,-1
255,407,953.30,359.01,138.70,455.44,1,-1,-1,-1
255,415,1103.12,344.74,144.95,446.52,1,-1,-1,-1
255,418,678.04,337.94,178.43,511.75,1,-1,-1,-1
256,399,797.56,347.87,189.44,508.88,1,-1,-1,-1
256,407,954.68,363.31,139.98,454.80,1,-1,-1,-1
256,415,1099.78,341.07,145.30,451.64,1,-1,-1,-1
256,418,704.38,358.57,160.64,454.86,1,-1,-1,-1
257,399,799.07,347.22,190.13,507.15,1,-1,-1,-1
257,407,950.93,368.78,141.03,450.72,1,-1,-1,-1
257,415,1099.02,331.76,151.53,470.70,1,-1,-1,-1
257,418,709.41,361.58,157.59,446.23,1,-1,-1,-1
258,399,801.09,354.83,185.55,481.60,1,-1,-1,-1
258,407,951.24,368.09,141.83,444.01,1,-1,-1,-1
258,415,1096.63,316.62,161.49,505.01,1,-1,-1,-1
259,399,799.34,356.31,185.07,474.75,1,-1,-1,-1
259,407,952.74,371.06,140.81,440.81,1,-1,-1,-1
259,415,1100.25,333.69,149.52,463.51,1,-1,-1,-1
260,399,796.02,352.80,191.10,487.03,1,-1,-1,-1
260,407,948.09,361.55,150.32,464.37,1,-1,-1,-1
260,415,1100.17,339.45,147.52,451.54,1,-1,-1,-1
261,399,798.48,356.71,189.55,481.16,1,-1,-1,-1
261,407,947.56,361.15,154.30,473.11,1,-1,-1,-1
261,415,1095.39,340.18,149.29,457.85,1,-1,-1,-1
262,399,792.59,338.34,195.36,496.23,1,-1,-1,-1
262,407,948.06,349.28,159.54,489.31,1,-1,-1,-1
262,412,1377.06,387.84,114.28,334.70,1,-1,-1,-1
262,415,1093.17,341.73,150.58,460.19,1,-1,-1,-1
262,420,1228.00,370.00,118.00,378.00,1,-1,-1,-1
263,399,796.26,326.34,199.83,508.36,1,-1,-1,-1
263,407,945.14,344.76,159.99,492.87,1,-1,-1,-1
263,412,1382.16,389.45,110.47,325.28,1,-1,-1,-1
263,415,1097.95,343.60,148.52,455.89,1,-1,-1,-1
264,399,800.46,337.31,191.69,483.24,1,-1,-1,-1
264,407,946.24,357.21,156.89,479.97,1,-1,-1,-1
264,412,1386.04,392.63,107.73,319.64,1,-1,-1,-1
264,415,1100.83,352.14,147.81,454.28,1,-1,-1,-1
265,399,807.70,347.00,181.93,456.17,1,-1,-1,-1
265,407,947.38,367.26,154.21,461.81,1,-1,-1,-1
265,412,1394.30,393.31,106.84,317.00,1,-1,-1,-1
265,415,1099.63,363.18,142.55,436.66,1,-1,-1,-1
265,421,1230.00,384.00,112.00,368.00,1,-1,-1,-1
266,399,814.17,345.21,182.37,450.33,1,-1,-1,-1
266,407,943.04,360.43,161.36,473.47,1,-1,-1,-1
266,415,1098.25,359.31,143.23,436.66,1,-1,-1,-1
267,399,821.91,353.86,183.39,453.68,1,-1,-1,-1
267,407,938.44,355.32,159.61,471.24,1,-1,-1,-1
267,415,1099.17,360.47,141.73,436.72,1,-1,-1,-1
268,399,834.18,368.89,172.54,427.36,1,-1,-1,-1
268,407,937.64,365.08,155.64,457.31,1,-1,-1,-1
268,415,1100.54,366.10,142.81,443.39,1,-1,-1,-1
269,399,840.11,374.56,162.55,404.06,1,-1,-1,-1
269,407,941.53,378.03,149.71,437.47,1,-1,-1,-1
269,415,1097.39,357.71,150.33,464.22,1,-1,-1,-1
270,399,837.95,365.62,164.34,410.87,1,-1,-1,-1
270,407,943.51,374.80,150.47,440.80,1,-1,-1,-1
270,415,1099.56,357.09,151.47,465.64,1,-1,-1,-1
270,422,1220.00,354.00,148.00,410.00,1,-1,-1,-1
271,399,843.90,367.27,161.68,404.22,1,-1,-1,-1
271,407,943.34,368.33,153.82,452.58,1,-1,-1,-1
271,415,1096.64,346.40,156.58,481.75,1,-1,-1,-1
271,422,1213.80,338.57,158.69,440.86,1,-1,-1,-1
272,407,951.26,354.17,154.73,458.33,1,-1,-1,-1
272,415,1090.01,339.76,161.73,494.24,1,-1,-1,-1
272,422,1217.53,338.91,156.76,437.26,1,-1,-1,-1
273,407,950.48,357.82,149.65,443.64,1,-1,-1,-1
273,415,1089.66,346.18,159.12,474.63,1,-1,-1,-1
273,422,1218.52,328.98,164.15,459.02,1,-1,-1,-1
274,407,950.21,368.51,140.93,420.80,1,-1,-1,-1
274,415,1091.16,344.79,159.84,469.37,1,-1,-1,-1
274,422,1216.74,339.72,161.01,450.86,1,-1,-1,-1
275,407,949.35,364.47,143.16,425.74,1,-1,-1,-1
275,415,1090.23,329.87,170.83,489.63,1,-1,-1,-1
275,422,1217.64,342.54,156.47,437.48,1,-1,-1,-1
276,407,949.96,364.94,142.19,422.89,1,-1,-1,-1
276,415,1086.89,332.05,175.71,489.43,1,-1,-1,-1
276,422,1219.34,344.97,149.22,415.75,1,-1,-1,-1
277,407,956.87,382.96,139.22,410.68,1,-1,-1,-1
277,415,1086.21,336.85,174.87,476.29,1,-1,-1,-1
277,422,1216.52,337.44,157.68,437.34,1,-1,-1,-1
278,407,958.13,385.10,137.95,406.94,1,-1,-1,-1
278,415,1086.14,334.80,179.28,479.01,1,-1,-1,-1
278,422,1208.06,337.54,162.20,447.42,1,-1,-1,-1
279,407,965.67,387.84,135.61,397.51,1,-1,-1,-1
279,415,1083.32,337.96,177.30,468.29,1,-1,-1,-1
279,422,1208.31,334.95,167.60,459.16,1,-1,-1,-1
280,407,977.47,391.38,133.93,391.03,1,-1,-1,-1
280,415,1080.04,347.08,171.60,451.00,1,-1,-1,-1
280,422,1212.68,341.88,170.33,458.26,1,-1,-1,-1
281,407,980.39,393.70,132.39,386.53,1,-1,-1,-1
281,415,1083.53,354.51,169.20,441.83,1,-1,-1,-1
281,422,1208.36,348.54,172.86,459.09,1,-1,-1,-1
282,415,1083.99,346.62,176.56,454.41,1,-1,-1,-1
282,422,1202.52,344.48,179.59,471.13,1,-1,-1,-1
283,415,1081.53,346.32,177.96,452.54,1,-1,-1,-1
283,422,1205.65,345.54,180.54,466.49,1,-1,-1,-1
284,415,1080.41,354.06,174.83,442.68,1,-1,-1,-1
284,422,1206.18,345.94,183.63,465.84,1,-1,-1,-1
285,415,1080.92,359.63,170.41,431.05,1,-1,-1,-1
285,422,1210.52,352.62,180.42,449.80,1,-1,-1,-1
286,407,994.93,389.13,133.53,377.09,1,-1,-1,-1
286,415,1071.60,352.38,171.80,438.73,1,-1,-1,-1
286,422,1216.89,349.86,179.03,442.23,1,-1,-1,-1
287,407,999.08,390.05,136.81,379.36,1,-1,-1,-1
287,415,1068.46,351.01,166.54,435.04,1,-1,-1,-1
287,422,1224.31,355.43,176.28,431.47,1,-1,-1,-1
288,407,998.92,387.73,137.08,377.46,1,-1,-1,-1
288,415,1068.20,343.89,164.03,436.34,1,-1,-1,-1
288,422,1224.90,356.16,175.55,427.45,1,-1,-1,-1
289,407,1001.96,388.43,136.05,374.62,1,-1,-1,-1
289,415,1071.91,342.53,162.08,436.88,1,-1,-1,-1
289,422,1220.54,344.49,183.02,441.88,1,-1,-1,-1
290,415,1075.87,347.27,158.94,431.89,1,-1,-1,-1
290,422,1219.37,344.07,180.95,436.82,1,-1,-1,-1
291,415,1077.97,356.97,155.28,426.11,1,-1,-1,-1
291,422,1220.70,341.29,183.05,441.43,1,-1,-1,-1
291,423,1348.00,366.00,136.00,382.00,1,-1,-1,-1
292,415,1084.04,357.97,153.92,425.32,1,-1,-1,-1
292,422,1219.24,345.49,179.86,432.71,1,-1,-1,-1
292,423,1354.64,360.86,138.14,387.14,1,-1,-1,-1
293,399,1346.22,366.12,157.04,393.57,1,-1,-1,-1
293,415,1089.68,360.95,150.62,417.20,1,-1,-1,-1
293,422,1219.52,353.70,178.20,428.05,1,-1,-1,-1
294,399,1363.11,372.16,147.62,382.51,1,-1,-1,-1
294,415,1100.47,362.03,146.59,407.60,1,-1,-1,-1
294,422,1217.79,362.04,170.67,411.85,1,-1,-1,-1
295,399,1369.21,360.57,151.50,401.03,1,-1,-1,-1
295,415,1103.21,367.70,140.98,393.50,1,-1,-1,-1
295,422,1218.20,363.82,166.99,407.11,1,-1,-1,-1
296,399,1372.40,361.32,148.07,404.16,1,-1,-1,-1
296,415,1102.02,372.44,137.85,385.72,1,-1,-1,-1
296,422,1221.16,364.44,162.68,402.80,1,-1,-1,-1
297,399,1377.77,357.77,146.04,404.11,1,-1,-1,-1
297,415,1102.56,367.45,137.37,384.35,1,-1,-1,-1
297,422,1222.45,364.61,156.73,392.02,1,-1,-1,-1
298,399,1382.54,360.30,142.57,404.08,1,-1,-1,-1
298,415,1110.86,369.54,135.50,382.66,1,-1,-1,-1
298,422,1219.50,364.63,154.72,394.77,1,-1,-1,-1
299,399,1385.15,357.39,141.23,409.26,1,-1,-1,-1
299,415,1107.13,362.34,137.81,392.77,1,-1,-1,-1
299,422,1220.20,361.96,151.76,395.87,1,-1,-1,-1
300,399,1386.15,356.30,138.62,404.75,1,-1,-1,-1
300,415,1110.25,366.18,134.83,384.83,1,-1,-1,-1
300,422,1222.58,368.82,145.15,384.53,1,-1,-1,-1
301,399,1391.16,354.59,137.69,401.70,1,-1,-1,-1
301,415,1108.79,370.29,133.63,381.90,1,-1,-1,-1
301,422,1225.23,366.07,141.86,379.02,1,-1,-1,-1
302,399,1396.37,360.49,137.69,395.32,1,-1,-1,-1
302,415,1120.34,377.06,132.69,375.63,1,-1,-1,-1
302,422,1225.41,367.01,140.48,375.34,1,-1,-1,-1
303,399,1392.71,365.37,140.20,399.47,1,-1,-1,-1
303,415,1123.02,370.29,138.20,389.29,1,-1,-1,-1
303,422,1216.88,363.30,146.92,392.25,1,-1,-1,-1
304,399,1392.73,363.29,144.29,404.93,1,-1,-1,-1
304,415,1127.71,372.98,139.26,390.44,1,-1,-1,-1
304,422,1213.05,363.93,145.51,388.86,1,-1,-1,-1
305,399,1392.97,368.97,142.17,397.93,1,-1,-1,-1
305,415,1127.21,375.30,140.19,388.33,1,-1,-1,-1
305,422,1213.98,368.10,140.39,377.13,1,-1,-1,-1
306,399,1388.57,365.92,142.93,397.84,1,-1,-1,-1
306,415,1131.98,380.07,139.62,381.03,1,-1,-1,-1
306,422,1213.84,366.99,140.86,380.76,1,-1,-1,-1
307,399,1393.64,367.37,141.03,392.60,1,-1,-1,-1
307,415,1133.21,375.24,143.02,388.88,1,-1,-1,-1
307,422,1209.33,374.43,136.91,374.27,1,-1,-1,-1
308,399,1395.35,365.28,144.10,399.81,1,-1,-1,-1
308,415,1139.61,373.43,144.02,391.82,1,-1,-1,-1
308,422,1203.71,370.63,139.36,383.79,1,-1,-1,-1
309,399,1401.43,361.90,145.71,405.11,1,-1,-1,-1
309,415,1145.77,387.05,138.09,376.03,1,-1,-1,-1
309,422,1199.99,382.22,131.90,367.81,1,-1,-1,-1
310,399,1398.45,360.61,144.78,404.54,1,-1,-1,-1
310,407,1480.18,366.23,136.26,373.63,1,-1,-1,-1
310,415,1148.57,389.61,137.33,371.32,1,-1,-1,-1
310,422,1201.83,382.68,130.64,367.01,1,-1,-1,-1
311,399,1394.84,360.12,143.64,401.69,1,-1,-1,-1
311,407,1492.15,367.08,136.87,376.37,1,-1,-1,-1
311,415,1150.03,390.50,137.35,368.33,1,-1,-1,-1
311,422,1205.60,380.17,130.69,369.42,1,-1,-1,-1
312,399,1389.87,358.63,144.74,405.83,1,-1,-1,-1
312,407,1494.90,370.00,138.40,378.69,1,-1,-1,-1
312,415,1148.20,382.86,139.29,372.56,1,-1,-1,-1
312,422,1209.03,372.63,134.65,382.19,1,-1,-1,-1
313,399,1386.70,360.68,143.59,406.09,1,-1,-1,-1
313,407,1496.50,371.13,139.23,379.58,1,-1,-1,-1
313,415,1147.91,385.21,136.48,362.42,1,-1,-1,-1
313,422,1212.88,369.79,136.22,388.31,1,-1,-1,-1
314,399,1386.26,364.09,141.31,398.35,1,-1,-1,-1
314,407,1500.76,378.09,137.54,366.90,1,-1,-1,-1
314,415,1145.91,388.72,136.31,358.62,1,-1,-1,-1
314,422,1213.45,372.57,136.13,385.49,1,-1,-1,-1
315,399,1382.71,368.02,137.70,387.50,1,-1,-1,-1
315,407,1503.07,380.78,139.26,360.70,1,-1,-1,-1
315,415,1144.58,389.99,137.32,357.30,1,-1,-1,-1
315,422,1219.82,374.94,135.56,379.19,1,-1,-1,-1
316,399,1384.47,373.46,133.88,376.83,1,-1,-1,-1
316,407,1501.88,381.76,141.71,361.07,1,-1,-1,-1
316,415,1146.43,391.23,136.34,354.74,1,-1,-1,-1
316,422,1218.38,371.88,137.84,384.69,1,-1,-1,-1
317,399,1382.07,380.77,129.10,366.27,1,-1,-1,-1
317,407,1509.04,388.67,139.74,353.38,1,-1,-1,-1
317,415,1151.48,385.89,141.46,362.93,1,-1,-1,-1
317,422,1217.04,374.64,137.67,382.85,1,-1,-1,-1
318,399,1377.88,375.45,129.77,367.76,1,-1,-1,-1
318,407,1509.86,382.01,144.32,359.77,1,-1,-1,-1
318,415,1153.72,386.51,140.86,361.37,1,-1,-1,-1
318,422,1216.20,373.07,138.25,382.16,1,-1,-1,-1
319,399,1383.80,372.16,129.53,367.06,1,-1,-1,-1
319,407,1507.21,380.84,143.56,355.63,1,-1,-1,-1
319,422,1215.41,373.77,135.50,371.45,1,-1,-1,-1
320,399,1385.97,370.89,128.14,366.88,1,-1,-1,-1
320,407,1506.70,384.33,142.62,352.78,1,-1,-1,-1
320,422,1218.41,374.03,134.45,367.39,1,-1,-1,-1
321,399,1387.90,371.18,127.40,364.76,1,-1,-1,-1
321,407,1507.52,386.94,140.86,349.12,1,-1,-1,-1
321,422,1220.16,374.11,134.11,365.93,1,-1,-1,-1
322,399,1390.23,371.88,125.60,362.14,1,-1,-1,-1
322,407,1503.85,385.26,142.25,351.75,1,-1,-1,-1
322,422,1219.55,370.19,136.51,370.69,1,-1,-1,-1
323,399,1392.15,372.20,124.85,359.97,1,-1,-1,-1
323,407,1502.47,385.93,144.96,351.47,1,-1,-1,-1
323,422,1215.56,366.11,138.37,373.81,1,-1,-1,-1
324,407,1502.08,380.92,146.53,354.03,1,-1,-1,-1
324,422,1215.42,367.17,137.64,369.81,1,-1,-1,-1
325,407,1502.37,380.33,147.15,353.72,1,-1,-1,-1
325,422,1217.03,375.47,134.04,357.81,1,-1,-1,-1
326,407,1501.52,377.48,148.92,360.17,1,-1,-1,-1
326,422,1218.06,375.97,134.50,359.94,1,-1,-1,-1
327,407,1500.17,377.72,146.15,358.71,1,-1,-1,-1
327,422,1217.64,385.33,129.70,346.33,1,-1,-1,-1
328,407,1495.61,376.51,146.26,360.77,1,-1,-1,-1
328,422,1215.92,390.21,126.99,338.55,1,-1,-1,-1
329,407,1498.29,377.37,145.09,360.25,1,-1,-1,-1
329,422,1216.39,385.30,129.14,345.10,1,-1,-1,-1
330,407,1498.77,380.31,142.85,357.45,1,-1,-1,-1
330,422,1213.58,382.17,131.98,351.48,1,-1,-1,-1
331,407,1497.67,384.06,140.41,355.08,1,-1,-1,-1
331,422,1214.25,382.26,133.50,353.95,1,-1,-1,-1
332,399,1395.06,383.71,122.67,355.50,1,-1,-1,-1
332,407,1494.10,385.46,140.37,356.82,1,-1,-1,-1
332,422,1214.73,384.89,134.99,354.94,1,-1,-1,-1
333,399,1391.44,390.99,120.34,347.29,1,-1,-1,-1
333,407,1496.97,391.20,137.01,350.96,1,-1,-1,-1
333,422,1218.79,389.79,135.65,351.43,1,-1,-1,-1
334,399,1392.06,392.39,119.73,345.53,1,-1,-1,-1
334,407,1500.24,388.11,136.46,351.36,1,-1,-1,-1
334,422,1220.85,400.81,132.24,335.69,1,-1,-1,-1
335,407,1504.20,396.09,130.68,335.83,1,-1,-1,-1
335,422,1226.22,403.61,133.74,332.43,1,-1,-1,-1
336,399,1386.25,397.55,118.22,333.59,1,-1,-1,-1
336,407,1504.46,395.12,130.77,335.25,1,-1,-1,-1
336,422,1223.85,404.58,134.97,329.98,1,-1,-1,-1
337,399,1385.28,399.73,118.10,334.47,1,-1,-1,-1
337,407,1505.09,397.38,128.33,331.14,1,-1,-1,-1
337,422,1222.66,403.55,137.32,337.07,1,-1,-1,-1
338,399,1385.04,393.86,120.53,338.71,1,-1,-1,-1
338,407,1503.13,396.86,129.03,332.30,1,-1,-1,-1
338,422,1225.00,401.82,137.83,338.45,1,-1,-1,-1
339,399,1379.90,391.66,122.39,342.94,1,-1,-1,-1
339,407,1505.23,391.38,132.75,343.31,1,-1,-1,-1
339,422,1227.96,401.10,137.76,337.72,1,-1,-1,-1
340,399,1376.66,393.40,121.80,341.98,1,-1,-1,-1
340,407,1507.72,391.92,130.65,343.56,1,-1,-1,-1
340,422,1231.11,407.34,134.94,329.62,1,-1,-1,-1
341,399,1377.76,392.74,122.18,345.58,1,-1,-1,-1
341,407,1505.62,390.80,129.33,344.98,1,-1,-1,-1
341,422,1227.96,409.65,137.21,333.21,1,-1,-1,-1
342,399,1382.89,392.47,122.06,348.26,1,-1,-1,-1
342,407,1508.14,392.98,126.01,341.62,1,-1,-1,-1
342,422,1218.43,403.93,139.03,337.19,1,-1,-1,-1
342,424,1714.00,468.00,64.00,204.00,1,-1,-1,-1
343,399,1387.57,392.35,120.51,346.69,1,-1,-1,-1
343,407,1508.17,397.73,122.60,335.11,1,-1,-1,-1
343,415,1128.44,409.96,135.88,325.98,1,-1,-1,-1
343,422,1212.01,399.11,141.41,342.64,1,-1,-1,-1
343,424,1718.87,469.71,62.83,200.57,1,-1,-1,-1
344,399,1391.82,393.59,118.92,342.18,1,-1,-1,-1
344,407,1506.59,399.50,119.13,326.09,1,-1,-1,-1
344,415,1127.73,410.89,135.29,324.56,1,-1,-1,-1
344,422,1207.58,395.95,142.42,342.13,1,-1,-1,-1
344,424,1710.93,453.37,71.07,227.21,1,-1,-1,-1
345,399,1390.44,397.98,117.72,339.17,1,-1,-1,-1
345,407,1507.41,400.41,118.45,324.23,1,-1,-1,-1
345,422,1213.09,399.95,140.19,335.42,1,-1,-1,-1
345,424,1674.34,403.38,95.70,304.29,1,-1,-1,-1
346,399,1392.17,400.92,117.99,339.38,1,-1,-1,-1
346,422,1212.83,400.44,139.83,334.56,1,-1,-1,-1
346,424,1662.54,385.50,104.47,332.16,1,-1,-1,-1
346,425,1712.00,484.00,82.00,220.00,1,-1,-1,-1
347,399,1394.21,403.31,117.91,332.94,1,-1,-1,-1
347,425,1710.22,451.43,90.71,244.00,1,-1,-1,-1
348,399,1396.90,404.17,117.96,331.85,1,-1,-1,-1
348,422,1137.50,416.99,136.44,322.08,1,-1,-1,-1
349,399,1400.27,405.77,115.84,324.92,1,-1,-1,-1
349,422,1131.00,418.80,135.69,320.32,1,-1,-1,-1
350,399,1403.94,415.59,112.84,313.10,1,-1,-1,-1
351,399,1403.34,411.20,114.25,318.09,1,-1,-1,-1
351,424,1664.45,379.53,110.56,342.21,1,-1,-1,-1
352,399,1403.35,404.33,115.58,323.89,1,-1,-1,-1
352,407,1495.33,400.32,116.92,319.59,1,-1,-1,-1
352,424,1663.47,379.91,110.82,340.71,1,-1,-1,-1
353,399,1402.57,401.71,116.27,326.13,1,-1,-1,-1
353,407,1494.90,400.77,116.46,318.32,1,-1,-1,-1
353,422,1119.79,424.18,135.35,313.93,1,-1,-1,-1
353,424,1663.74,384.44,109.22,335.04,1,-1,-1,-1
354,399,1402.86,403.30,115.31,323.10,1,-1,-1,-1
354,422,1115.40,414.95,138.62,321.69,1,-1,-1,-1
354,424,1665.42,386.40,108.28,328.59,1,-1,-1,-1
355,399,1406.32,403.90,113.44,319.36,1,-1,-1,-1
355,422,1110.24,415.65,138.25,320.82,1,-1,-1,-1
355,424,1667.30,394.04,108.34,326.89,1,-1,-1,-1
356,399,1410.65,400.16,115.85,327.21,1,-1,-1,-1
356,422,1117.96,412.99,142.93,324.61,1,-1,-1,-1
356,424,1666.33,395.91,110.61,328.46,1,-1,-1,-1
357,399,1413.51,403.96,114.19,322.34,1,-1,-1,-1
357,422,1116.06,416.46,144.84,322.72,1,-1,-1,-1
357,424,1662.70,390.89,113.66,337.52,1,-1,-1,-1
358,399,1413.76,404.12,115.14,321.81,1,-1,-1,-1
358,422,1111.14,413.77,147.55,324.67,1,-1,-1,-1
358,424,1667.32,399.69,110.22,320.23,1,-1,-1,-1
359,399,1415.53,398.92,117.31,325.56,1,-1,-1,-1
359,422,1110.26,415.35,149.45,325.41,1,-1,-1,-1
359,424,1669.73,396.00,113.27,326.24,1,-1,-1,-1
360,399,1416.02,403.48,115.80,320.48,1,-1,-1,-1
360,422,1105.27,409.42,153.20,332.23,1,-1,-1,-1
360,424,1670.29,397.32,113.52,325.74,1,-1,-1,-1
361,399,1420.33,401.29,117.38,322.49,1,-1,-1,-1
361,422,1105.94,408.46,154.86,333.51,1,-1,-1,-1
361,424,1668.38,394.13,115.54,331.52,1,-1,-1,-1
362,399,1422.08,401.33,117.16,321.89,1,-1,-1,-1
362,422,1100.47,406.80,159.37,340.49,1,-1,-1,-1
363,422,1098.28,408.76,158.88,337.95,1,-1,-1,-1
363,424,1673.74,394.58,113.89,323.98,1,-1,-1,-1
364,422,1095.77,409.53,159.64,339.54,1,-1,-1,-1
364,424,1676.25,390.63,117.26,332.13,1,-1,-1,-1
365,422,1092.24,408.52,160.05,341.41,1,-1,-1,-1
365,424,1675.52,387.91,118.85,336.63,1,-1,-1,-1
366,399,1481.86,403.76,113.45,307.28,1,-1,-1,-1
366,422,1094.39,410.74,157.28,336.91,1,-1,-1,-1
367,399,1489.12,403.99,115.43,312.87,1,-1,-1,-1
367,422,1088.70,410.29,159.01,339.08,1,-1,-1,-1
368,399,1492.28,408.01,115.97,310.67,1,-1,-1,-1
368,422,1085.83,403.61,162.56,347.69,1,-1,-1,-1
369,399,1498.10,408.58,115.58,309.63,1,-1,-1,-1
369,422,1086.75,398.50,165.17,354.80,1,-1,-1,-1
370,422,1089.73,400.42,164.96,354.92,1,-1,-1,-1
371,399,1482.90,409.95,117.90,309.61,1,-1,-1,-1
371,422,1094.03,407.68,162.61,347.12,1,-1,-1,-1
371,424,1676.79,414.68,112.75,313.84,1,-1,-1,-1
372,399,1485.00,407.47,117.46,308.24,1,-1,-1,-1
372,422,1092.35,398.71,167.22,355.85,1,-1,-1,-1
372,424,1673.41,408.52,113.48,315.69,1,-1,-1,-1
373,399,1484.48,406.61,115.83,305.14,1,-1,-1,-1
373,422,1095.92,412.17,163.15,344.87,1,-1,-1,-1
373,424,1672.87,408.21,113.89,316.84,1,-1,-1,-1
374,399,1486.30,403.65,116.27,307.96,1,-1,-1,-1
374,422,1094.61,408.25,169.73,357.60,1,-1,-1,-1
375,399,1489.23,403.56,115.99,307.22,1,-1,-1,-1
375,422,1093.32,418.41,169.92,350.68,1,-1,-1,-1
376,422,1081.99,406.68,173.38,355.75,1,-1,-1,-1
377,422,1075.35,399.68,179.52,368.01,1,-1,-1,-1
377,426,252.00,312.00,178.00,526.00,1,-1,-1,-1
377,427,1788.00,384.00,84.00,264.00,1,-1,-1,-1
378,422,1070.38,402.17,179.12,364.92,1,-1,-1,-1
378,424,1777.15,389.41,88.47,246.24,1,-1,-1,-1
378,426,257.49,306.86,180.74,532.86,1,-1,-1,-1
379,422,1065.01,400.57,179.44,364.92,1,-1,-1,-1
379,424,1784.89,387.76,86.76,241.47,1,-1,-1,-1
379,426,260.37,300.03,193.69,569.84,1,-1,-1,-1
380,422,1065.92,401.29,176.38,353.18,1,-1,-1,-1
380,426,262.02,297.18,198.13,582.90,1,-1,-1,-1
381,422,1052.76,384.47,183.99,369.67,1,-1,-1,-1
382,399,1507.28,409.64,108.01,284.91,1,-1,-1,-1
382,422,1043.02,373.19,190.25,383.39,1,-1,-1,-1
382,426,359.07,347.57,161.56,468.16,1,-1,-1,-1
383,399,1510.06,410.02,107.29,282.99,1,-1,-1,-1
383,422,1039.68,367.59,195.79,396.34,1,-1,-1,-1
383,426,383.79,398.24,163.68,471.51,1,-1,-1,-1
384,422,1049.87,378.27,189.19,382.14,1,-1,-1,-1
384,426,395.37,409.78,161.95,463.28,1,-1,-1,-1
385,422,1038.56,370.89,196.65,402.47,1,-1,-1,-1
385,426,398.71,367.05,172.19,494.34,1,-1,-1,-1
386,422,1036.74,366.92,202.39,418.84,1,-1,-1,-1
386,426,414.91,372.16,171.27,491.70,1,-1,-1,-1
386,428,974.00,368.00,174.00,412.00,1,-1,-1,-1
387,399,1517.44,382.64,111.17,294.27,1,-1,-1,-1
387,422,1042.36,366.70,198.48,417.51,1,-1,-1,-1
387,428,969.59,369.71,175.97,417.14,1,-1,-1,-1
388,399,1519.91,380.69,111.02,293.87,1,-1,-1,-1
388,422,1049.97,374.44,191.50,403.91,1,-1,-1,-1
388,428,969.53,395.39,165.97,392.61,1,-1,-1,-1
389,422,1047.91,372.90,192.89,406.84,1,-1,-1,-1
389,428,969.08,404.12,162.76,385.02,1,-1,-1,-1
390,426,511.84,462.26,143.05,385.85,1,-1,-1,-1
390,428,979.87,364.65,182.06,427.15,1,-1,-1,-1
391,426,514.62,431.62,156.11,408.81,1,-1,-1,-1
391,428,977.98,354.87,189.54,443.09,1,-1,-1,-1
392,426,522.28,411.30,169.64,431.19,1,-1,-1,-1
392,428,976.37,347.39,195.19,455.43,1,-1,-1,-1
393,426,529.81,402.41,174.91,435.61,1,-1,-1,-1
393,428,975.11,342.12,197.02,461.11,1,-1,-1,-1
394,426,536.81,410.70,171.21,420.34,1,-1,-1,-1
394,428,972.93,352.23,192.94,451.03,1,-1,-1,-1
395,426,530.89,357.46,190.72,466.95,1,-1,-1,-1
395,428,961.03,357.69,191.93,442.79,1,-1,-1,-1
396,426,545.81,385.80,181.74,451.53,1,-1,-1,-1
396,428,956.35,359.85,195.91,450.17,1,-1,-1,-1
397,426,558.95,385.35,181.60,451.17,1,-1,-1,-1
397,428,952.52,360.70,200.28,458.05,1,-1,-1,-1
398,426,559.36,384.20,170.05,417.67,1,-1,-1,-1
398,428,950.69,366.29,198.80,451.77,1,-1,-1,-1
399,426,571.45,383.69,168.69,414.33,1,-1,-1,-1
399,428,941.25,331.66,211.78,483.37,1,-1,-1,-1
400,426,564.51,359.98,178.03,432.46,1,-1,-1,-1
400,428,922.50,308.68,222.87,509.04,1,-1,-1,-1
400,429,628.00,344.00,192.00,430.00,1,-1,-1,-1
401,426,566.14,381.69,168.87,406.45,1,-1,-1,-1
401,428,914.25,302.30,226.49,520.23,1,-1,-1,-1
401,429,635.20,364.57,186.17,418.00,1,-1,-1,-1
402,422,799.04,318.89,213.52,483.00,1,-1,-1,-1
402,426,575.76,381.27,167.36,402.83,1,-1,-1,-1
402,428,909.73,306.37,224.17,517.99,1,-1,-1,-1
402,429,633.90,340.66,202.36,455.49,1,-1,-1,-1
403,422,793.65,325.13,203.82,481.36,1,-1,-1,-1
403,428,906.06,310.78,220.78,512.91,1,-1,-1,-1
403,429,640.22,334.21,206.89,467.71,1,-1,-1,-1
404,422,791.54,304.03,208.56,510.54,1,-1,-1,-1
404,428,904.62,315.24,219.71,513.30,1,-1,-1,-1
404,429,642.32,323.82,208.64,474.19,1,-1,-1,-1
405,422,794.70,307.57,201.31,504.96,1,-1,-1,-1
405,428,903.39,323.53,215.64,509.39,1,-1,-1,-1
405,429,656.33,321.76,205.78,470.38,1,-1,-1,-1
406,422,797.14,305.31,197.14,505.00,1,-1,-1,-1
406,428,903.57,313.84,215.59,515.48,1,-1,-1,-1
406,429,662.93,332.35,195.90,451.98,1,-1,-1,-1
407,422,791.31,296.80,205.82,534.54,1,-1,-1,-1
407,428,899.84,310.64,217.77,520.70,1,-1,-1,-1
407,429,674.26,322.81,190.34,442.01,1,-1,-1,-1
408,422,789.77,288.56,207.99,539.30,1,-1,-1,-1
408,429,679.60,318.54,190.89,443.28,1,-1,-1,-1
409,422,789.48,300.79,207.66,531.96,1,-1,-1,-1
410,422,791.25,314.78,204.43,515.90,1,-1,-1,-1
411,422,790.49,316.33,206.67,512.13,1,-1,-1,-1
412,422,785.34,307.84,212.42,522.35,1,-1,-1,-1
413,422,783.81,307.25,216.63,526.12,1,-1,-1,-1
414,422,783.96,307.09,218.50,526.14,1,-1,-1,-1
415,422,777.90,305.79,221.46,529.92,1,-1,-1,-1
416,422,768.45,285.91,234.59,561.05,1,-1,-1,-1
417,422,773.67,341.98,217.00,507.92,1,-1,-1,-1
418,422,774.59,363.95,213.04,492.29,1,-1,-1,-1
419,422,769.33,355.84,221.68,506.59,1,-1,-1,-1
420,422,766.70,360.65,223.78,505.29,1,-1,-1,-1
421,422,763.87,315.34,242.94,553.13,1,-1,-1,-1
422,422,762.89,294.84,248.61,570.78,1,-1,-1,-1
423,422,758.97,291.34,251.36,577.09,1,-1,-1,-1
427,429,917.93,307.41,199.85,489.81,1,-1,-1,-1
428,429,935.59,320.97,181.90,465.05,1,-1,-1,-1
429,422,626.21,312.56,254.48,586.33,1,-1,-1,-1
429,429,947.24,338.94,168.36,444.53,1,-1,-1,-1
430,422,615.26,311.76,256.42,590.81,1,-1,-1,-1
430,428,631.53,477.39,195.70,420.39,1,-1,-1,-1
430,429,958.59,340.55,167.80,443.03,1,-1,-1,-1
431,428,617.60,485.57,202.33,414.55,1,-1,-1,-1
432,428,607.12,492.29,200.41,410.62,1,-1,-1,-1
433,422,529.48,250.38,291.86,677.59,1,-1,-1,-1
434,422,514.55,245.22,296.13,687.48,1,-1,-1,-1
435,428,540.78,475.61,229.84,465.47,1,-1,-1,-1
436,422,494.09,243.98,300.55,702.96,1,-1,-1,-1
436,428,526.24,477.88,231.87,469.58,1,-1,-1,-1
437,422,485.62,251.76,308.74,714.84,1,-1,-1,-1
438,422,469.16,244.19,314.02,724.22,1,-1,-1,-1
439,422,464.78,243.93,319.13,730.14,1,-1,-1,-1
440,422,447.39,240.09,324.95,734.72,1,-1,-1,-1
441,422,438.27,231.01,332.66,754.21,1,-1,-1,-1
441,429,1077.18,389.25,142.40,365.48,1,-1,-1,-1
442,422,427.00,217.38,340.18,762.76,1,-1,-1,-1
442,429,1084.93,393.66,142.00,357.14,1,-1,-1,-1
443,422,414.17,212.54,344.54,772.54,1,-1,-1,-1
443,429,1100.13,400.47,141.12,343.74,1,-1,-1,-1
444,429,1103.69,400.06,141.09,336.43,1,-1,-1,-1
445,422,315.19,221.83,327.54,729.72,1,-1,-1,-1
445,429,1101.45,395.70,143.32,340.81,1,-1,-1,-1
446,422,298.20,230.47,324.87,723.32,1,-1,-1,-1
446,429,1099.06,392.71,141.43,339.88,1,-1,-1,-1
447,422,291.66,237.20,321.47,714.72,1,-1,-1,-1
447,429,1105.35,391.50,140.39,338.41,1,-1,-1,-1
448,422,288.67,229.29,334.06,741.54,1,-1,-1,-1
448,429,1113.00,392.96,138.61,334.11,1,-1,-1,-1
449,422,283.12,234.11,345.53,764.33,1,-1,-1,-1
449,429,1122.46,386.23,148.82,356.68,1,-1,-1,-1
450,422,256.49,234.75,347.14,760.16,1,-1,-1,-1
450,429,1130.34,386.84,148.19,355.16,1,-1,-1,-1
451,422,223.76,235.07,353.19,769.92,1,-1,-1,-1
452,422,206.11,231.35,353.75,767.02,1,-1,-1,-1
453,422,179.67,241.65,352.76,748.80,1,-1,-1,-1
454,422,147.81,228.61,361.66,758.64,1,-1,-1,-1
454,429,1193.70,386.30,142.49,339.02,1,-1,-1,-1
455,422,101.86,192.63,383.24,802.45,1,-1,-1,-1
455,429,1204.14,386.68,141.51,336.70,1,-1,-1,-1
456,422,89.17,186.73,383.89,795.98,1,-1,-1,-1
457,422,58.50,162.56,395.68,822.86,1,-1,-1,-1
458,422,39.18,156.08,393.24,832.90,1,-1,-1,-1
459,422,24.06,155.04,391.98,846.83,1,-1,-1,-1
460,422,15.51,144.55,395.45,864.82,1,-1,-1,-1
460,430,1194.00,384.00,176.00,274.00,1,-1,-1,-1
461,422,8.11,129.12,399.58,883.06,1,-1,-1,-1
462,422,9.89,122.04,401.82,891.15,1,-1,-1,-1
463,422,8.48,129.78,402.84,887.55,1,-1,-1,-1
463,429,1224.71,403.47,141.15,310.30,1,-1,-1,-1
464,422,10.93,130.43,406.04,890.99,1,-1,-1,-1
464,429,1236.39,411.22,141.95,303.64,1,-1,-1,-1
465,422,3.06,137.30,399.83,886.90,1,-1,-1,-1
465,429,1242.04,409.69,149.19,314.86,1,-1,-1,-1
466,422,-10.24,141.41,387.71,875.97,1,-1,-1,-1
466,429,1239.08,405.21,153.78,318.91,1,-1,-1,-1
466,431,254.00,312.00,212.00,564.00,1,-1,-1,-1
467,422,-7.54,126.19,377.48,866.33,1,-1,-1,-1
467,429,1242.82,409.97,154.46,315.29,1,-1,-1,-1
467,431,257.85,327.43,209.44,557.14,1,-1,-1,-1
468,422,-20.86,121.55,379.49,870.92,1,-1,-1,-1
468,429,1249.02,411.27,153.77,313.89,1,-1,-1,-1
468,431,266.52,336.04,205.03,543.93,1,-1,-1,-1
469,431,282.17,344.68,197.49,520.11,1,-1,-1,-1
470,431,289.67,350.55,193.30,509.08,1,-1,-1,-1
470,432,18.00,448.00,154.00,480.00,1,-1,-1,-1
471,431,346.71,359.51,178.54,466.93,1,-1,-1,-1
472,431,359.92,361.52,180.68,467.75,1,-1,-1,-1
473,431,369.62,357.88,188.04,477.88,1,-1,-1,-1
474,431,375.13,367.42,188.09,470.84,1,-1,-1,-1
475,431,379.76,362.48,188.24,463.27,1,-1,-1,-1
476,431,390.67,368.69,183.72,444.56,1,-1,-1,-1
476,433,1502.00,436.00,66.00,214.00,1,-1,-1,-1
477,431,392.52,376.26,182.36,435.47,1,-1,-1,-1
478,431,397.22,381.54,185.26,438.05,1,-1,-1,-1
479,431,403.53,385.98,185.86,432.55,1,-1,-1,-1
480,431,407.50,388.79,186.04,425.49,1,-1,-1,-1
481,431,413.51,388.30,193.75,440.69,1,-1,-1,-1
482,431,417.11,388.05,193.37,437.10,1,-1,-1,-1
483,431,426.43,391.31,191.10,431.96,1,-1,-1,-1
484,431,464.40,375.34,200.14,451.22,1,-1,-1,-1
485,431,477.66,368.27,203.35,452.15,1,-1,-1,-1
486,431,485.43,364.35,209.96,464.35,1,-1,-1,-1
487,431,490.49,366.78,212.79,470.24,1,-1,-1,-1
488,431,497.99,366.40,214.97,475.13,1,-1,-1,-1
489,431,503.38,359.76,219.14,482.19,1,-1,-1,-1
490,431,516.21,368.87,207.63,455.11,1,-1,-1,-1
491,431,516.69,371.12,207.00,461.78,1,-1,-1,-1
492,431,517.28,373.23,208.29,469.42,1,-1,-1,-1
492,434,96.00,494.00,190.00,484.00,1,-1,-1,-1
493,431,523.19,386.99,199.47,452.85,1,-1,-1,-1
493,434,122.50,478.57,193.56,492.57,1,-1,-1,-1
494,431,529.20,387.00,198.35,454.38,1,-1,-1,-1
494,434,139.77,499.84,178.88,450.78,1,-1,-1,-1
495,431,538.66,396.12,181.77,415.68,1,-1,-1,-1
495,434,148.78,505.18,173.76,437.88,1,-1,-1,-1
496,431,540.19,391.40,179.92,412.99,1,-1,-1,-1
497,422,195.99,234.55,232.17,570.54,1,-1,-1,-1
497,431,546.15,381.74,184.19,420.10,1,-1,-1,-1
498,422,218.41,238.12,235.52,594.81,1,-1,-1,-1
498,431,542.87,371.58,191.12,437.27,1,-1,-1,-1
499,422,241.60,242.06,268.48,647.69,1,-1,-1,-1
499,431,538.31,352.22,203.97,464.51,1,-1,-1,-1
500,422,254.14,246.11,270.14,651.70,1,-1,-1,-1
500,431,536.81,342.29,206.85,473.64,1,-1,-1,-1
501,431,534.39,330.74,213.80,491.35,1,-1,-1,-1
502,431,533.18,323.82,219.35,507.05,1,-1,-1,-1
503,431,597.47,349.31,198.94,463.28,1,-1,-1,-1
504,431,633.65,354.54,188.27,438.64,1,-1,-1,-1
505,431,644.25,353.43,187.63,437.15,1,-1,-1,-1
506,431,645.73,353.63,190.65,446.85,1,-1,-1,-1
507,431,652.54,342.88,192.71,462.13,1,-1,-1,-1
508,431,653.78,323.51,199.61,492.18,1,-1,-1,-1
509,422,482.10,260.61,273.70,641.30,1,-1,-1,-1
509,431,654.42,316.21,195.26,490.84,1,-1,-1,-1
510,422,503.46,263.04,273.94,641.86,1,-1,-1,-1
510,431,661.93,312.43,196.53,494.03,1,-1,-1,-1
514,422,616.94,304.95,236.44,559.98,1,-1,-1,-1
515,422,634.73,302.75,224.47,556.83,1,-1,-1,-1
516,422,639.18,291.54,228.12,579.90,1,-1,-1,-1
517,422,644.93,279.64,229.76,596.06,1,-1,-1,-1
518,422,649.78,263.27,234.21,619.27,1,-1,-1,-1
519,422,656.16,255.72,232.32,625.54,1,-1,-1,-1
520,422,666.33,273.60,221.41,609.72,1,-1,-1,-1
521,422,667.62,284.51,210.52,582.46,1,-1,-1,-1
522,422,676.21,295.27,200.95,556.18,1,-1,-1,-1
523,422,686.48,291.13,199.61,555.97,1,-1,-1,-1
524,422,699.15,292.72,198.19,552.05,1,-1,-1,-1
525,422,752.43,308.11,191.68,535.54,1,-1,-1,-1
