1,8436,386.07,176.31,61.15,137.92,1,-1,-1,-1
1,8600,196.26,193.77,39.50,110.51,1,-1,-1,-1
1,8601,457.01,193.58,60.07,138.02,1,-1,-1,-1
1,8606,-32.11,5.38,179.13,460.62,1,-1,-1,-1
22,8608,900.00,164.00,56.00,86.00,1,-1,-1,-1
23,8608,900.00,164.00,56.00,86.00,1,-1,-1,-1
24,8608,900.00,164.00,56.00,86.00,1,-1,-1,-1
25,8608,900.00,164.00,56.00,86.00,1,-1,-1,-1
26,8608,900.00,164.00,56.00,86.00,1,-1,-1,-1
27,8608,900.00,164.00,56.00,86.00,1,-1,-1,-1
28,8608,900.00,164.00,56.00,86.00,1,-1,-1,-1
29,8608,900.00,164.00,56.00,86.00,1,-1,-1,-1
29,8609,1174.00,158.00,44.00,146.00,1,-1,-1,-1
30,8609,1174.00,158.00,44.00,146.00,1,-1,-1,-1
31,8610,1078.00,204.00,40.00,64.00,1,-1,-1,-1
32,8610,1078.00,204.00,40.00,64.00,1,-1,-1,-1
33,8610,1078.00,204.00,40.00,64.00,1,-1,-1,-1
34,8610,1078.00,204.00,40.00,64.00,1,-1,-1,-1
35,8610,1078.00,204.00,40.00,64.00,1,-1,-1,-1
36,8610,1078.00,204.00,40.00,64.00,1,-1,-1,-1
43,8611,196.00,172.00,30.00,58.00,1,-1,-1,-1
44,8611,196.00,172.00,30.00,58.00,1,-1,-1,-1
45,8611,196.00,172.00,30.00,58.00,1,-1,-1,-1
46,8611,196.00,172.00,30.00,58.00,1,-1,-1,-1
47,8611,196.00,172.00,30.00,58.00,1,-1,-1,-1
48,8611,196.00,172.00,30.00,58.00,1,-1,-1,-1
49,8611,196.00,172.00,30.00,58.00,1,-1,-1,-1
50,8611,196.00,172.00,30.00,58.00,1,-1,-1,-1
50,8612,14.00,160.00,40.00,94.00,1,-1,-1,-1
51,8612,14.00,160.00,40.00,94.00,1,-1,-1,-1
52,8612,14.00,160.00,40.00,94.00,1,-1,-1,-1
53,8612,14.00,160.00,40.00,94.00,1,-1,-1,-1
54,8612,14.00,160.00,40.00,94.00,1,-1,-1,-1
55,8612,14.00,160.00,40.00,94.00,1,-1,-1,-1
56,8612,14.00,160.00,40.00,94.00,1,-1,-1,-1
57,8612,14.00,160.00,40.00,94.00,1,-1,-1,-1
64,8613,900.00,160.00,30.00,72.00,1,-1,-1,-1
65,8613,900.00,160.00,30.00,72.00,1,-1,-1,-1
66,8613,900.00,160.00,30.00,72.00,1,-1,-1,-1
67,8613,900.00,160.00,30.00,72.00,1,-1,-1,-1
68,8613,900.00,160.00,30.00,72.00,1,-1,-1,-1
69,8613,900.00,160.00,30.00,72.00,1,-1,-1,-1
70,8613,900.00,160.00,30.00,72.00,1,-1,-1,-1
71,8613,900.00,160.00,30.00,72.00,1,-1,-1,-1
71,8614,366.00,180.00,26.00,48.00,1,-1,-1,-1
72,8614,366.00,180.00,26.00,48.00,1,-1,-1,-1
73,8614,366.00,180.00,26.00,48.00,1,-1,-1,-1
74,8614,366.00,180.00,26.00,48.00,1,-1,-1,-1
75,8614,366.00,180.00,26.00,48.00,1,-1,-1,-1
76,8614,366.00,180.00,26.00,48.00,1,-1,-1,-1
77,8614,366.00,180.00,26.00,48.00,1,-1,-1,-1
78,8611,212.19,166.02,49.45,89.89,1,-1,-1,-1
78,8614,366.00,180.00,26.00,48.00,1,-1,-1,-1
79,8611,211.56,165.92,51.55,90.41,1,-1,-1,-1
80,8611,211.03,165.89,52.85,90.56,1,-1,-1,-1
81,8611,210.60,165.89,53.75,90.59,1,-1,-1,-1
82,8611,210.25,165.89,54.42,90.57,1,-1,-1,-1
83,8611,209.97,165.90,54.93,90.54,1,-1,-1,-1
84,8611,209.74,165.91,55.34,90.50,1,-1,-1,-1
85,8611,210.14,165.76,55.82,91.29,1,-1,-1,-1
85,8614,368.31,178.07,27.15,49.93,1,-1,-1,-1
86,8614,368.39,177.97,27.30,50.03,1,-1,-1,-1
87,8614,368.39,177.94,27.40,50.06,1,-1,-1,-1
88,8614,368.37,177.93,27.48,50.07,1,-1,-1,-1
89,8614,368.34,177.93,27.54,50.07,1,-1,-1,-1
90,8614,368.31,177.93,27.59,50.07,1,-1,-1,-1
91,8614,368.28,177.94,27.63,50.06,1,-1,-1,-1
92,8611,240.30,180.92,52.21,86.68,1,-1,-1,-1
92,8614,368.39,177.84,27.68,50.16,1,-1,-1,-1
92,8615,264.00,182.00,60.00,90.00,1,-1,-1,-1
92,8616,1046.00,200.00,44.00,92.00,1,-1,-1,-1
93,8611,226.35,180.52,55.27,91.91,1,-1,-1,-1
93,8616,1053.02,203.43,41.95,86.86,1,-1,-1,-1
93,8617,1138.00,210.00,92.00,108.00,1,-1,-1,-1
93,8618,206.00,176.00,50.00,76.00,1,-1,-1,-1
93,8619,90.00,182.00,56.00,70.00,1,-1,-1,-1
94,8611,214.37,177.87,60.55,99.92,1,-1,-1,-1
94,8616,1067.94,205.54,41.78,86.00,1,-1,-1,-1
95,8611,209.73,176.86,62.77,102.94,1,-1,-1,-1
95,8616,1072.41,206.16,41.99,85.79,1,-1,-1,-1
96,8611,207.78,176.44,63.80,104.11,1,-1,-1,-1
96,8616,1073.39,206.30,42.33,85.77,1,-1,-1,-1
97,8611,206.96,176.26,64.32,104.52,1,-1,-1,-1
97,8616,1073.31,206.30,42.74,85.79,1,-1,-1,-1
98,8611,206.61,176.18,64.63,104.64,1,-1,-1,-1
98,8616,1072.94,206.26,43.17,85.83,1,-1,-1,-1
99,8611,205.90,176.40,65.36,105.83,1,-1,-1,-1
99,8616,1075.74,206.73,43.02,85.53,1,-1,-1,-1
99,8620,18.00,176.00,68.00,128.00,1,-1,-1,-1
100,8620,18.00,176.00,68.00,128.00,1,-1,-1,-1
101,8620,18.00,176.00,68.00,128.00,1,-1,-1,-1
102,8620,18.00,176.00,68.00,128.00,1,-1,-1,-1
103,8620,18.00,176.00,68.00,128.00,1,-1,-1,-1
104,8620,18.00,176.00,68.00,128.00,1,-1,-1,-1
105,8620,18.00,176.00,68.00,128.00,1,-1,-1,-1
106,8620,18.00,176.00,68.00,128.00,1,-1,-1,-1
106,8621,214.00,168.00,32.00,58.00,1,-1,-1,-1
106,8622,1178.00,170.00,46.00,102.00,1,-1,-1,-1
107,8623,918.00,190.00,54.00,60.00,1,-1,-1,-1
108,8623,918.00,190.00,54.00,60.00,1,-1,-1,-1
109,8623,918.00,190.00,54.00,60.00,1,-1,-1,-1
110,8623,918.00,190.00,54.00,60.00,1,-1,-1,-1
111,8623,918.00,190.00,54.00,60.00,1,-1,-1,-1
112,8623,918.00,190.00,54.00,60.00,1,-1,-1,-1
113,8623,918.00,190.00,54.00,60.00,1,-1,-1,-1
113,8624,86.00,144.00,46.00,92.00,1,-1,-1,-1
114,8624,86.00,144.00,46.00,92.00,1,-1,-1,-1
115,8624,86.00,144.00,46.00,92.00,1,-1,-1,-1
116,8624,86.00,144.00,46.00,92.00,1,-1,-1,-1
117,8624,86.00,144.00,46.00,92.00,1,-1,-1,-1
118,8624,86.00,144.00,46.00,92.00,1,-1,-1,-1
119,8624,86.00,144.00,46.00,92.00,1,-1,-1,-1
120,8624,86.00,144.00,46.00,92.00,1,-1,-1,-1
127,8625,780.00,202.00,184.00,120.00,1,-1,-1,-1
128,8625,780.00,202.00,184.00,120.00,1,-1,-1,-1
129,8625,780.00,202.00,184.00,120.00,1,-1,-1,-1
130,8625,780.00,202.00,184.00,120.00,1,-1,-1,-1
131,8625,780.00,202.00,184.00,120.00,1,-1,-1,-1
132,8625,780.00,202.00,184.00,120.00,1,-1,-1,-1
133,8625,780.00,202.00,184.00,120.00,1,-1,-1,-1
134,8625,802.31,214.31,179.04,117.26,1,-1,-1,-1
134,8626,966.00,284.00,274.00,90.00,1,-1,-1,-1
135,8625,810.73,218.82,176.74,116.26,1,-1,-1,-1
135,8626,966.00,284.00,274.00,90.00,1,-1,-1,-1
136,8625,813.87,220.37,175.45,115.92,1,-1,-1,-1
136,8626,966.00,284.00,274.00,90.00,1,-1,-1,-1
137,8625,815.10,220.85,174.56,115.81,1,-1,-1,-1
137,8626,966.00,284.00,274.00,90.00,1,-1,-1,-1
138,8625,815.62,220.95,173.82,115.79,1,-1,-1,-1
138,8626,966.00,284.00,274.00,90.00,1,-1,-1,-1
139,8625,815.89,220.91,173.16,115.80,1,-1,-1,-1
139,8626,966.00,284.00,274.00,90.00,1,-1,-1,-1
140,8625,816.07,220.84,172.56,115.81,1,-1,-1,-1
140,8626,966.00,284.00,274.00,90.00,1,-1,-1,-1
141,8625,818.53,222.22,172.10,115.51,1,-1,-1,-1
141,8626,966.00,284.00,274.00,90.00,1,-1,-1,-1
141,8627,96.00,154.00,46.00,104.00,1,-1,-1,-1
142,8627,96.00,154.00,46.00,104.00,1,-1,-1,-1
143,8627,96.00,154.00,46.00,104.00,1,-1,-1,-1
144,8627,96.00,154.00,46.00,104.00,1,-1,-1,-1
145,8627,96.00,154.00,46.00,104.00,1,-1,-1,-1
146,8627,96.00,154.00,46.00,104.00,1,-1,-1,-1
147,8627,96.00,154.00,46.00,104.00,1,-1,-1,-1
148,8627,96.00,154.00,46.00,104.00,1,-1,-1,-1
148,8628,784.00,232.00,164.00,94.00,1,-1,-1,-1
149,8628,784.00,232.00,164.00,94.00,1,-1,-1,-1
150,8628,784.00,232.00,164.00,94.00,1,-1,-1,-1
151,8628,784.00,232.00,164.00,94.00,1,-1,-1,-1
152,8628,784.00,232.00,164.00,94.00,1,-1,-1,-1
153,8628,784.00,232.00,164.00,94.00,1,-1,-1,-1
154,8628,784.00,232.00,164.00,94.00,1,-1,-1,-1
155,8628,784.00,232.00,164.00,94.00,1,-1,-1,-1
218,8629,810.00,214.00,214.00,122.00,1,-1,-1,-1
219,8629,810.00,214.00,214.00,122.00,1,-1,-1,-1
220,8629,810.00,214.00,214.00,122.00,1,-1,-1,-1
221,8629,810.00,214.00,214.00,122.00,1,-1,-1,-1
222,8629,810.00,214.00,214.00,122.00,1,-1,-1,-1
223,8629,810.00,214.00,214.00,122.00,1,-1,-1,-1
224,8629,810.00,214.00,214.00,122.00,1,-1,-1,-1
225,8629,810.00,214.00,214.00,122.00,1,-1,-1,-1
253,8630,452.00,176.00,36.00,74.00,1,-1,-1,-1
253,8631,354.00,178.00,54.00,96.00,1,-1,-1,-1
254,8630,452.00,176.00,36.00,74.00,1,-1,-1,-1
254,8631,354.00,178.00,54.00,96.00,1,-1,-1,-1
255,8630,452.00,176.00,36.00,74.00,1,-1,-1,-1
255,8631,354.00,178.00,54.00,96.00,1,-1,-1,-1
256,8630,452.00,176.00,36.00,74.00,1,-1,-1,-1
256,8631,354.00,178.00,54.00,96.00,1,-1,-1,-1
257,8630,452.00,176.00,36.00,74.00,1,-1,-1,-1
257,8631,354.00,178.00,54.00,96.00,1,-1,-1,-1
258,8630,452.00,176.00,36.00,74.00,1,-1,-1,-1
258,8631,354.00,178.00,54.00,96.00,1,-1,-1,-1
259,8630,452.00,176.00,36.00,74.00,1,-1,-1,-1
259,8631,354.00,178.00,54.00,96.00,1,-1,-1,-1
260,8630,452.00,176.00,36.00,74.00,1,-1,-1,-1
260,8631,341.99,176.63,54.76,98.74,1,-1,-1,-1
260,8632,328.00,186.00,40.00,114.00,1,-1,-1,-1
260,8633,278.00,186.00,52.00,120.00,1,-1,-1,-1
261,8631,337.91,176.14,54.52,99.72,1,-1,-1,-1
261,8632,328.00,186.00,40.00,114.00,1,-1,-1,-1
261,8633,278.00,186.00,52.00,120.00,1,-1,-1,-1
262,8631,336.70,175.96,53.93,100.08,1,-1,-1,-1
262,8632,328.00,186.00,40.00,114.00,1,-1,-1,-1
262,8633,278.00,186.00,52.00,120.00,1,-1,-1,-1
263,8631,336.57,175.90,53.23,100.19,1,-1,-1,-1
263,8632,328.00,186.00,40.00,114.00,1,-1,-1,-1
263,8633,278.00,186.00,52.00,120.00,1,-1,-1,-1
264,8631,336.82,175.89,52.51,100.22,1,-1,-1,-1
264,8632,328.00,186.00,40.00,114.00,1,-1,-1,-1
264,8633,278.00,186.00,52.00,120.00,1,-1,-1,-1
265,8631,340.22,177.21,53.69,102.85,1,-1,-1,-1
265,8632,328.00,186.00,40.00,114.00,1,-1,-1,-1
265,8633,278.00,186.00,52.00,120.00,1,-1,-1,-1
265,8634,864.00,166.00,52.00,116.00,1,-1,-1,-1
266,8631,330.75,184.22,54.86,106.42,1,-1,-1,-1
266,8635,350.00,174.00,46.00,108.00,1,-1,-1,-1
267,8631,328.63,184.90,55.34,107.36,1,-1,-1,-1
267,8636,922.00,162.00,62.00,132.00,1,-1,-1,-1
267,8637,864.00,162.00,44.00,94.00,1,-1,-1,-1
267,8638,14.00,172.00,160.00,202.00,1,-1,-1,-1
268,8636,922.00,162.00,62.00,132.00,1,-1,-1,-1
268,8637,864.00,162.00,44.00,94.00,1,-1,-1,-1
268,8638,14.00,172.00,160.00,202.00,1,-1,-1,-1
269,8636,922.00,162.00,62.00,132.00,1,-1,-1,-1
269,8637,864.00,162.00,44.00,94.00,1,-1,-1,-1
269,8638,14.00,172.00,160.00,202.00,1,-1,-1,-1
270,8636,922.00,162.00,62.00,132.00,1,-1,-1,-1
270,8637,864.00,162.00,44.00,94.00,1,-1,-1,-1
270,8638,14.00,172.00,160.00,202.00,1,-1,-1,-1
271,8636,922.00,162.00,62.00,132.00,1,-1,-1,-1
271,8637,864.00,162.00,44.00,94.00,1,-1,-1,-1
271,8638,14.00,172.00,160.00,202.00,1,-1,-1,-1
272,8636,922.00,162.00,62.00,132.00,1,-1,-1,-1
272,8637,864.00,162.00,44.00,94.00,1,-1,-1,-1
272,8638,14.00,172.00,160.00,202.00,1,-1,-1,-1
273,8636,922.00,162.00,62.00,132.00,1,-1,-1,-1
273,8637,864.00,162.00,44.00,94.00,1,-1,-1,-1
273,8638,14.00,172.00,160.00,202.00,1,-1,-1,-1
274,8636,922.00,162.00,62.00,132.00,1,-1,-1,-1
274,8637,864.00,162.00,44.00,94.00,1,-1,-1,-1
274,8638,14.00,172.00,160.00,202.00,1,-1,-1,-1
281,8631,348.02,178.37,40.20,75.05,1,-1,-1,-1
281,8639,324.00,178.00,52.00,86.00,1,-1,-1,-1
282,8631,334.78,179.66,45.52,86.86,1,-1,-1,-1
283,8631,335.46,181.18,46.70,88.87,1,-1,-1,-1
284,8631,335.76,181.79,47.22,89.67,1,-1,-1,-1
285,8631,335.89,182.01,47.46,89.97,1,-1,-1,-1
286,8631,335.94,182.08,47.58,90.08,1,-1,-1,-1
287,8631,335.96,182.10,47.65,90.11,1,-1,-1,-1
288,8631,343.84,175.52,51.72,100.65,1,-1,-1,-1
289,8631,347.14,173.11,52.36,104.50,1,-1,-1,-1
290,8631,348.79,172.15,51.93,106.01,1,-1,-1,-1
291,8631,349.71,171.80,51.16,106.55,1,-1,-1,-1
292,8631,350.31,171.69,50.32,106.71,1,-1,-1,-1
293,8631,350.74,171.66,49.51,106.73,1,-1,-1,-1
294,8631,351.10,171.67,48.77,106.70,1,-1,-1,-1
295,8631,351.64,171.14,49.29,107.83,1,-1,-1,-1
309,8631,349.23,154.24,48.25,104.48,1,-1,-1,-1
309,8640,216.00,168.00,54.00,132.00,1,-1,-1,-1
310,8631,348.89,153.79,48.45,104.17,1,-1,-1,-1
310,8640,216.00,168.00,54.00,132.00,1,-1,-1,-1
311,8631,348.72,153.60,48.67,104.10,1,-1,-1,-1
311,8640,216.00,168.00,54.00,132.00,1,-1,-1,-1
312,8631,348.61,153.56,48.85,104.06,1,-1,-1,-1
312,8640,216.00,168.00,54.00,132.00,1,-1,-1,-1
313,8631,348.52,153.58,49.00,104.05,1,-1,-1,-1
313,8640,216.00,168.00,54.00,132.00,1,-1,-1,-1
314,8631,348.46,153.61,49.12,104.04,1,-1,-1,-1
314,8640,216.00,168.00,54.00,132.00,1,-1,-1,-1
315,8631,348.40,153.65,49.23,104.04,1,-1,-1,-1
315,8640,216.00,168.00,54.00,132.00,1,-1,-1,-1
316,8631,348.41,153.08,49.25,104.09,1,-1,-1,-1
316,8640,216.00,168.00,54.00,132.00,1,-1,-1,-1
337,8641,948.00,184.00,34.00,64.00,1,-1,-1,-1
338,8641,948.00,184.00,34.00,64.00,1,-1,-1,-1
339,8641,948.00,184.00,34.00,64.00,1,-1,-1,-1
340,8641,948.00,184.00,34.00,64.00,1,-1,-1,-1
