1,1517,1680.00,392.00,130.00,352.00,1,-1,-1,-1
2,1517,1680.00,392.00,130.00,352.00,1,-1,-1,-1
3,1517,1682.41,390.50,131.18,355.00,1,-1,-1,-1
4,1517,1683.18,390.00,131.64,356.00,1,-1,-1,-1
5,1517,1684.00,389.50,132.01,357.01,1,-1,-1,-1
13,1517,1681.59,395.79,135.18,365.98,1,-1,-1,-1
14,1517,1681.54,396.06,135.18,366.33,1,-1,-1,-1
15,1517,1681.15,392.19,135.93,369.10,1,-1,-1,-1
16,1517,1681.07,390.74,136.06,370.10,1,-1,-1,-1
17,1517,1681.80,390.20,137.21,371.75,1,-1,-1,-1
18,1517,1681.94,390.00,137.90,372.33,1,-1,-1,-1
19,1517,1676.29,391.23,137.79,372.52,1,-1,-1,-1
20,1517,1674.19,391.71,137.64,372.55,1,-1,-1,-1
21,1517,1673.91,394.50,135.26,367.30,1,-1,-1,-1
22,1517,1673.94,395.57,134.11,365.27,1,-1,-1,-1
23,1517,1667.57,394.65,132.07,361.87,1,-1,-1,-1
24,1517,1665.39,394.29,130.88,360.59,1,-1,-1,-1
25,1517,1662.34,384.97,134.96,375.85,1,-1,-1,-1
26,1517,1661.64,381.50,135.67,381.53,1,-1,-1,-1
27,1517,1659.81,375.00,139.15,394.04,1,-1,-1,-1
28,1517,1659.41,372.55,139.94,398.78,1,-1,-1,-1
29,1517,1657.89,369.06,139.18,400.54,1,-1,-1,-1
29,1518,56.00,502.00,236.00,408.00,1,-1,-1,-1
30,1517,1657.71,367.77,138.14,401.13,1,-1,-1,-1
30,1518,56.00,502.00,236.00,408.00,1,-1,-1,-1
31,1517,1659.17,380.28,132.16,380.55,1,-1,-1,-1
31,1518,76.82,506.50,231.88,400.49,1,-1,-1,-1
32,1517,1659.55,385.22,130.33,372.43,1,-1,-1,-1
32,1518,83.66,508.00,230.72,397.99,1,-1,-1,-1
33,1517,1660.12,373.86,134.13,383.95,1,-1,-1,-1
33,1518,100.73,511.33,226.21,391.48,1,-1,-1,-1
34,1517,1660.41,369.69,135.39,388.18,1,-1,-1,-1
34,1518,106.40,512.37,224.22,389.42,1,-1,-1,-1
35,1517,1661.41,360.33,141.94,407.95,1,-1,-1,-1
35,1518,182.09,528.04,211.10,365.06,1,-1,-1,-1
36,1517,1661.90,356.81,144.20,415.41,1,-1,-1,-1
36,1518,208.36,533.54,207.09,356.55,1,-1,-1,-1
37,1517,1660.13,346.51,147.75,428.51,1,-1,-1,-1
37,1518,230.56,538.11,202.78,349.14,1,-1,-1,-1
38,1517,1659.73,342.60,148.55,433.48,1,-1,-1,-1
39,1517,1655.95,336.02,150.97,444.28,1,-1,-1,-1
39,1518,215.76,533.83,208.61,353.41,1,-1,-1,-1
40,1517,1654.85,333.57,151.18,448.33,1,-1,-1,-1
40,1518,213.36,533.44,211.89,353.67,1,-1,-1,-1
41,1517,1657.70,341.71,148.60,440.77,1,-1,-1,-1
41,1518,226.14,535.85,209.34,349.40,1,-1,-1,-1
42,1517,1658.85,344.99,147.52,437.66,1,-1,-1,-1
43,1517,1650.39,339.81,150.61,449.36,1,-1,-1,-1
43,1518,247.46,529.83,218.16,360.66,1,-1,-1,-1
44,1517,1647.45,337.89,151.29,453.71,1,-1,-1,-1
44,1518,250.23,529.02,220.92,362.19,1,-1,-1,-1
45,1517,1644.88,332.06,153.17,457.85,1,-1,-1,-1
45,1518,238.66,493.12,228.25,383.84,1,-1,-1,-1
46,1517,1643.80,329.88,154.12,459.33,1,-1,-1,-1
46,1518,235.95,479.93,227.67,391.81,1,-1,-1,-1
47,1517,1642.38,316.18,159.14,474.00,1,-1,-1,-1
47,1518,243.69,476.44,228.32,392.94,1,-1,-1,-1
48,1517,1641.85,311.03,161.06,479.50,1,-1,-1,-1
49,1517,1635.21,314.27,161.85,477.63,1,-1,-1,-1
49,1518,355.21,483.17,211.72,367.67,1,-1,-1,-1
50,1517,1632.32,315.65,162.83,476.74,1,-1,-1,-1
50,1518,374.27,484.39,207.65,363.42,1,-1,-1,-1
51,1517,1625.98,317.56,160.78,472.39,1,-1,-1,-1
51,1518,389.82,482.30,206.89,362.08,1,-1,-1,-1
52,1517,1623.76,318.38,159.67,470.61,1,-1,-1,-1
53,1517,1620.87,326.56,159.54,467.23,1,-1,-1,-1
54,1517,1619.58,329.74,159.98,465.86,1,-1,-1,-1
55,1517,1617.79,329.67,161.57,463.98,1,-1,-1,-1
56,1517,1616.60,329.66,163.31,463.20,1,-1,-1,-1
57,1517,1614.44,317.93,170.11,479.83,1,-1,-1,-1
57,1518,496.06,494.47,204.17,346.47,1,-1,-1,-1
58,1517,1613.40,313.55,173.16,486.04,1,-1,-1,-1
58,1518,499.46,495.45,208.43,345.56,1,-1,-1,-1
59,1517,1616.42,304.15,177.93,501.28,1,-1,-1,-1
59,1518,510.47,464.01,219.65,370.38,1,-1,-1,-1
60,1517,1617.79,300.60,179.38,507.04,1,-1,-1,-1
60,1518,515.37,452.64,221.83,379.35,1,-1,-1,-1
61,1517,1615.76,300.59,179.96,509.14,1,-1,-1,-1
61,1518,529.50,448.78,222.68,380.80,1,-1,-1,-1
62,1517,1615.06,300.66,180.05,509.82,1,-1,-1,-1
63,1517,1610.21,299.47,181.51,512.55,1,-1,-1,-1
64,1517,1608.26,299.08,182.28,513.48,1,-1,-1,-1
65,1517,1609.79,291.22,184.56,521.50,1,-1,-1,-1
65,1518,603.28,363.94,270.41,479.38,1,-1,-1,-1
66,1517,1610.56,288.28,185.09,524.47,1,-1,-1,-1
66,1518,613.85,355.63,267.95,489.11,1,-1,-1,-1
67,1517,1608.75,291.10,188.27,533.25,1,-1,-1,-1
67,1518,625.79,337.43,268.13,494.00,1,-1,-1,-1
68,1517,1608.06,292.24,189.49,536.50,1,-1,-1,-1
68,1518,630.62,330.52,266.97,495.69,1,-1,-1,-1
69,1517,1607.72,286.29,194.01,547.96,1,-1,-1,-1
69,1518,647.78,329.37,263.11,496.13,1,-1,-1,-1
70,1517,1607.49,284.06,195.96,552.23,1,-1,-1,-1
70,1518,655.00,329.18,259.60,496.08,1,-1,-1,-1
71,1517,1609.23,289.72,194.36,543.42,1,-1,-1,-1
71,1518,668.30,321.02,263.11,502.79,1,-1,-1,-1
71,1519,1514.00,382.00,154.00,426.00,1,-1,-1,-1
72,1517,1609.56,291.98,194.44,539.83,1,-1,-1,-1
72,1519,1514.00,382.00,154.00,426.00,1,-1,-1,-1
73,1517,1610.91,291.58,198.54,548.79,1,-1,-1,-1
73,1518,724.42,313.94,243.88,473.50,1,-1,-1,-1
73,1519,1508.25,379.00,156.50,433.51,1,-1,-1,-1
74,1517,1611.19,291.46,200.53,552.09,1,-1,-1,-1
74,1518,735.00,313.00,237.90,468.14,1,-1,-1,-1
74,1519,1506.43,378.00,157.12,436.01,1,-1,-1,-1
75,1517,1610.55,279.79,206.67,568.80,1,-1,-1,-1
75,1518,745.42,330.97,229.09,454.62,1,-1,-1,-1
75,1519,1501.15,371.96,158.21,439.59,1,-1,-1,-1
76,1517,1610.29,275.38,209.01,575.07,1,-1,-1,-1
76,1518,749.27,337.92,224.86,449.46,1,-1,-1,-1
76,1519,1499.50,369.91,158.38,440.70,1,-1,-1,-1
77,1517,1609.81,271.15,209.35,578.64,1,-1,-1,-1
77,1518,758.84,339.33,224.55,451.44,1,-1,-1,-1
77,1519,1495.29,362.39,161.75,452.01,1,-1,-1,-1
78,1517,1609.89,269.59,208.93,579.87,1,-1,-1,-1
78,1518,762.38,339.96,223.77,452.16,1,-1,-1,-1
78,1519,1494.10,359.76,162.46,456.00,1,-1,-1,-1
79,1517,1628.64,297.53,197.17,542.66,1,-1,-1,-1
79,1518,781.82,337.69,225.64,451.09,1,-1,-1,-1
79,1519,1482.94,336.17,173.65,492.09,1,-1,-1,-1
80,1517,1635.60,308.57,193.26,527.90,1,-1,-1,-1
80,1518,788.19,336.93,227.55,450.65,1,-1,-1,-1
80,1519,1479.43,327.54,176.62,505.31,1,-1,-1,-1
81,1517,1641.62,311.25,194.06,527.80,1,-1,-1,-1
81,1518,804.66,357.66,216.31,419.06,1,-1,-1,-1
81,1519,1472.58,338.62,174.69,497.24,1,-1,-1,-1
82,1517,1643.56,312.21,194.80,527.77,1,-1,-1,-1
82,1518,809.24,365.82,214.07,406.82,1,-1,-1,-1
82,1519,1469.84,343.27,174.28,493.63,1,-1,-1,-1
83,1517,1637.50,305.97,203.27,550.07,1,-1,-1,-1
83,1518,824.97,371.43,209.84,395.81,1,-1,-1,-1
83,1519,1467.21,336.00,174.88,498.58,1,-1,-1,-1
84,1517,1635.14,303.62,206.56,558.39,1,-1,-1,-1
84,1518,829.90,373.47,209.15,391.89,1,-1,-1,-1
84,1519,1466.66,333.36,174.40,500.28,1,-1,-1,-1
85,1517,1637.65,305.28,203.44,546.03,1,-1,-1,-1
85,1518,862.99,326.26,226.80,433.19,1,-1,-1,-1
85,1519,1472.46,342.89,168.89,481.20,1,-1,-1,-1
86,1517,1640.35,301.97,205.18,547.69,1,-1,-1,-1
86,1518,877.17,313.16,229.91,450.52,1,-1,-1,-1
86,1519,1468.80,369.26,169.57,473.55,1,-1,-1,-1
87,1517,1639.36,294.20,209.76,558.71,1,-1,-1,-1
87,1518,888.72,317.05,223.35,443.33,1,-1,-1,-1
87,1519,1464.93,363.27,165.75,462.70,1,-1,-1,-1
88,1517,1638.83,291.27,211.71,562.84,1,-1,-1,-1
88,1518,893.34,318.83,219.27,440.37,1,-1,-1,-1
88,1519,1463.56,361.01,164.32,458.55,1,-1,-1,-1
89,1517,1640.49,288.87,219.00,586.42,1,-1,-1,-1
89,1518,909.73,341.81,200.66,407.89,1,-1,-1,-1
89,1519,1453.79,374.70,169.29,468.86,1,-1,-1,-1
90,1517,1641.53,287.97,220.86,595.29,1,-1,-1,-1
90,1518,915.90,350.89,192.33,395.29,1,-1,-1,-1
90,1519,1449.86,379.79,171.85,472.68,1,-1,-1,-1
91,1517,1644.40,285.08,219.12,592.19,1,-1,-1,-1
91,1518,941.50,339.51,199.29,412.16,1,-1,-1,-1
91,1519,1446.55,381.15,172.43,474.27,1,-1,-1,-1
92,1517,1645.62,283.99,218.08,590.82,1,-1,-1,-1
92,1518,950.96,335.42,201.09,418.25,1,-1,-1,-1
93,1517,1638.01,273.23,222.03,603.17,1,-1,-1,-1
93,1518,964.32,354.73,193.11,398.50,1,-1,-1,-1
93,1519,1402.41,380.64,160.65,441.20,1,-1,-1,-1
94,1517,1635.28,269.18,223.17,607.76,1,-1,-1,-1
94,1518,968.44,362.32,190.74,390.83,1,-1,-1,-1
94,1519,1395.16,380.52,158.86,435.72,1,-1,-1,-1
95,1517,1631.28,275.43,225.54,618.44,1,-1,-1,-1
95,1518,980.35,384.98,180.29,365.54,1,-1,-1,-1
95,1519,1386.27,352.54,172.55,472.55,1,-1,-1,-1
96,1517,1630.16,277.88,225.58,622.42,1,-1,-1,-1
96,1518,983.73,393.44,177.34,356.17,1,-1,-1,-1
96,1519,1382.99,342.56,177.59,485.69,1,-1,-1,-1
97,1517,1625.11,278.87,220.57,605.72,1,-1,-1,-1
97,1518,1028.67,388.31,176.87,352.98,1,-1,-1,-1
97,1519,1376.53,339.88,178.69,488.70,1,-1,-1,-1
98,1517,1622.92,279.29,219.07,599.06,1,-1,-1,-1
98,1518,1044.33,386.34,177.37,351.97,1,-1,-1,-1
99,1517,1616.81,274.25,218.64,599.09,1,-1,-1,-1
99,1518,1042.64,381.54,182.25,365.06,1,-1,-1,-1
100,1517,1614.65,272.38,218.22,599.05,1,-1,-1,-1
100,1518,1042.21,379.73,183.11,369.95,1,-1,-1,-1
101,1517,1613.26,271.14,218.85,600.79,1,-1,-1,-1
101,1518,1053.01,373.76,182.81,377.15,1,-1,-1,-1
101,1519,1363.21,326.33,184.51,510.83,1,-1,-1,-1
102,1518,1057.80,371.47,180.63,379.93,1,-1,-1,-1
102,1519,1363.19,325.16,183.38,512.85,1,-1,-1,-1
103,1517,1603.77,264.78,222.64,620.70,1,-1,-1,-1
103,1518,1070.68,379.70,176.48,373.20,1,-1,-1,-1
103,1519,1351.04,311.75,192.91,544.76,1,-1,-1,-1
104,1517,1603.46,263.74,220.79,623.93,1,-1,-1,-1
104,1518,1075.41,382.84,174.43,370.66,1,-1,-1,-1
104,1519,1347.04,306.78,195.48,556.59,1,-1,-1,-1
105,1517,1601.41,262.23,221.89,627.05,1,-1,-1,-1
105,1518,1085.78,383.96,173.77,369.28,1,-1,-1,-1
105,1519,1341.62,307.49,199.39,573.84,1,-1,-1,-1
105,1520,1212.00,304.00,166.00,440.00,1,-1,-1,-1
106,1519,1340.20,307.86,199.78,580.38,1,-1,-1,-1
106,1520,1212.00,304.00,166.00,440.00,1,-1,-1,-1
107,1518,1097.19,379.32,174.76,372.79,1,-1,-1,-1
107,1519,1343.64,324.75,189.67,551.99,1,-1,-1,-1
107,1520,1214.71,307.00,165.08,437.00,1,-1,-1,-1
108,1518,1106.73,379.86,174.36,371.94,1,-1,-1,-1
108,1519,1347.51,327.64,182.41,535.18,1,-1,-1,-1
108,1520,1209.89,315.45,158.35,419.61,1,-1,-1,-1
109,1519,1351.89,328.77,176.70,519.59,1,-1,-1,-1
109,1520,1206.51,313.75,162.51,428.71,1,-1,-1,-1
110,1519,1353.76,329.23,174.34,513.67,1,-1,-1,-1
110,1520,1205.15,313.09,164.50,431.84,1,-1,-1,-1
111,1519,1350.74,328.33,174.51,514.19,1,-1,-1,-1
111,1520,1202.48,311.38,178.07,464.92,1,-1,-1,-1
112,1520,1201.20,310.75,183.61,476.68,1,-1,-1,-1
113,1520,1196.06,299.90,204.33,531.18,1,-1,-1,-1
114,1520,1194.25,295.85,211.85,551.46,1,-1,-1,-1
115,1520,1194.44,285.29,229.61,598.76,1,-1,-1,-1
116,1520,1194.67,281.21,236.20,616.96,1,-1,-1,-1
117,1520,1193.12,278.97,242.56,633.58,1,-1,-1,-1
119,1520,1202.07,301.60,241.45,628.94,1,-1,-1,-1
120,1520,1203.51,305.79,241.50,627.52,1,-1,-1,-1
121,1517,1484.77,192.80,211.92,577.76,1,-1,-1,-1
121,1520,1199.45,327.94,237.71,615.51,1,-1,-1,-1
122,1517,1481.98,189.75,211.54,555.68,1,-1,-1,-1
122,1520,1191.77,339.00,236.72,610.52,1,-1,-1,-1
123,1517,1470.26,187.38,220.62,566.98,1,-1,-1,-1
123,1520,1178.08,311.99,247.42,640.76,1,-1,-1,-1
124,1517,1465.21,186.59,225.81,571.00,1,-1,-1,-1
124,1520,1173.24,301.81,250.82,652.01,1,-1,-1,-1
125,1517,1458.16,179.83,231.92,581.83,1,-1,-1,-1
125,1520,1169.44,296.50,252.10,656.06,1,-1,-1,-1
126,1517,1455.28,177.39,235.04,585.94,1,-1,-1,-1
126,1520,1168.12,294.46,252.32,657.26,1,-1,-1,-1
127,1517,1450.08,173.90,235.28,586.53,1,-1,-1,-1
127,1520,1165.32,313.04,246.71,641.92,1,-1,-1,-1
128,1520,1164.27,320.31,244.53,635.57,1,-1,-1,-1
129,1517,1389.59,191.31,284.68,722.15,1,-1,-1,-1
129,1520,1161.76,321.24,247.07,642.19,1,-1,-1,-1
130,1517,1381.70,193.77,288.76,743.09,1,-1,-1,-1
131,1517,1375.80,193.54,292.57,757.42,1,-1,-1,-1
132,1517,1374.17,193.48,293.12,762.68,1,-1,-1,-1
133,1517,1368.87,190.94,297.96,774.55,1,-1,-1,-1
133,1520,1128.18,281.10,276.84,698.53,1,-1,-1,-1
134,1517,1366.97,189.97,299.86,778.84,1,-1,-1,-1
134,1520,1121.94,276.93,285.68,703.80,1,-1,-1,-1
135,1517,1362.73,174.28,301.57,785.24,1,-1,-1,-1
135,1520,1117.34,274.16,292.29,708.25,1,-1,-1,-1
136,1517,1361.51,168.23,301.74,787.39,1,-1,-1,-1
136,1520,1114.54,273.17,297.02,709.73,1,-1,-1,-1
137,1517,1347.44,153.10,308.77,805.86,1,-1,-1,-1
137,1520,1105.01,266.41,305.55,719.09,1,-1,-1,-1
137,1521,2.00,462.00,178.00,414.00,1,-1,-1,-1
138,1517,1342.23,147.35,311.36,812.69,1,-1,-1,-1
138,1520,1100.31,263.89,311.03,722.47,1,-1,-1,-1
138,1521,2.00,462.00,178.00,414.00,1,-1,-1,-1
139,1517,1334.56,143.93,312.47,820.12,1,-1,-1,-1
139,1520,1091.95,248.80,319.93,737.72,1,-1,-1,-1
139,1521,-6.92,431.98,201.85,471.05,1,-1,-1,-1
140,1517,1332.26,142.71,311.88,822.67,1,-1,-1,-1
140,1520,1088.25,243.10,324.45,743.37,1,-1,-1,-1
140,1521,-9.55,421.97,209.10,490.06,1,-1,-1,-1
141,1517,1324.75,139.36,315.78,832.95,1,-1,-1,-1
141,1520,1087.80,217.82,329.53,759.48,1,-1,-1,-1
141,1521,-11.62,400.92,216.62,511.12,1,-1,-1,-1
142,1520,1088.24,208.22,330.37,765.45,1,-1,-1,-1
142,1521,-11.69,393.54,217.93,518.08,1,-1,-1,-1
143,1520,1057.25,200.81,346.80,797.11,1,-1,-1,-1
143,1521,-14.28,381.99,225.21,535.40,1,-1,-1,-1
144,1520,1044.74,198.09,354.50,809.04,1,-1,-1,-1
145,1520,1060.68,185.70,360.85,819.79,1,-1,-1,-1
146,1520,1066.62,181.06,364.02,823.66,1,-1,-1,-1
147,1520,1056.87,183.32,363.77,817.12,1,-1,-1,-1
147,1522,404.00,428.00,162.00,320.00,1,-1,-1,-1
148,1520,1052.55,184.40,364.86,814.26,1,-1,-1,-1
148,1522,404.00,428.00,162.00,320.00,1,-1,-1,-1
149,1520,1068.06,169.43,373.81,834.94,1,-1,-1,-1
149,1521,82.40,349.43,228.37,555.83,1,-1,-1,-1
150,1520,1074.10,163.86,376.96,842.61,1,-1,-1,-1
150,1521,92.00,348.79,223.20,554.71,1,-1,-1,-1
151,1520,1088.09,161.89,383.26,854.32,1,-1,-1,-1
151,1521,95.52,342.96,219.75,554.83,1,-1,-1,-1
151,1523,408.00,420.00,152.00,336.00,1,-1,-1,-1
152,1520,1093.24,161.29,386.13,858.58,1,-1,-1,-1
152,1521,97.57,340.98,216.59,554.65,1,-1,-1,-1
152,1523,408.00,420.00,152.00,336.00,1,-1,-1,-1
153,1517,886.78,262.52,290.21,756.70,1,-1,-1,-1
153,1520,1086.04,159.94,382.28,856.08,1,-1,-1,-1
153,1521,103.08,333.88,219.60,562.37,1,-1,-1,-1
154,1517,870.26,267.98,290.63,751.62,1,-1,-1,-1
154,1520,1083.96,159.59,379.27,854.83,1,-1,-1,-1
155,1517,844.94,276.48,292.98,748.92,1,-1,-1,-1
155,1520,1097.31,153.12,380.90,867.09,1,-1,-1,-1
156,1517,835.72,279.42,295.26,747.97,1,-1,-1,-1
156,1520,1103.41,150.77,379.41,871.58,1,-1,-1,-1
157,1517,824.56,284.28,297.47,745.00,1,-1,-1,-1
157,1520,1107.91,139.66,386.05,889.88,1,-1,-1,-1
157,1521,211.00,286.21,228.70,599.30,1,-1,-1,-1
158,1517,820.48,285.91,299.82,743.92,1,-1,-1,-1
158,1520,1109.97,135.54,387.80,896.69,1,-1,-1,-1
158,1521,223.54,281.91,225.53,602.45,1,-1,-1,-1
159,1517,813.84,270.47,301.87,751.49,1,-1,-1,-1
159,1520,1123.34,127.65,386.38,901.65,1,-1,-1,-1
159,1521,249.16,311.53,214.47,578.92,1,-1,-1,-1
159,1524,402.00,386.00,144.00,422.00,1,-1,-1,-1
160,1517,812.19,264.55,302.17,754.36,1,-1,-1,-1
160,1520,1129.38,124.76,383.88,903.31,1,-1,-1,-1
160,1521,258.98,323.25,209.13,569.56,1,-1,-1,-1
160,1524,402.00,386.00,144.00,422.00,1,-1,-1,-1
161,1517,799.63,267.46,310.36,767.26,1,-1,-1,-1
161,1520,1116.86,114.75,389.06,924.42,1,-1,-1,-1
161,1521,263.18,353.97,197.41,537.09,1,-1,-1,-1
161,1524,392.76,372.49,154.97,453.53,1,-1,-1,-1
162,1517,785.06,260.68,318.40,776.02,1,-1,-1,-1
162,1520,1103.08,99.49,393.47,943.85,1,-1,-1,-1
162,1521,275.07,353.52,197.61,537.62,1,-1,-1,-1
162,1524,386.59,357.98,163.38,476.90,1,-1,-1,-1
163,1517,769.29,254.13,327.27,789.74,1,-1,-1,-1
163,1520,1095.47,91.18,391.93,944.70,1,-1,-1,-1
163,1524,386.50,347.39,176.20,512.61,1,-1,-1,-1
164,1517,762.91,251.60,332.29,794.90,1,-1,-1,-1
164,1520,1093.01,88.16,390.21,944.71,1,-1,-1,-1
164,1524,386.37,343.76,181.20,525.23,1,-1,-1,-1
165,1517,756.31,244.13,330.51,790.28,1,-1,-1,-1
165,1520,1077.28,89.79,393.21,945.74,1,-1,-1,-1
165,1524,387.70,336.15,189.67,547.73,1,-1,-1,-1
166,1517,754.26,241.26,329.86,788.39,1,-1,-1,-1
166,1520,1070.64,90.60,395.60,945.90,1,-1,-1,-1
166,1524,388.04,333.49,193.18,555.69,1,-1,-1,-1
167,1517,741.49,240.54,330.79,790.60,1,-1,-1,-1
167,1520,1044.60,92.37,404.67,948.33,1,-1,-1,-1
167,1524,396.32,341.91,188.58,537.11,1,-1,-1,-1
168,1520,1032.64,93.19,412.27,949.05,1,-1,-1,-1
168,1524,399.13,345.58,187.49,528.88,1,-1,-1,-1
169,1520,1007.06,66.37,424.91,966.01,1,-1,-1,-1
169,1524,403.91,357.69,190.04,531.95,1,-1,-1,-1
170,1520,996.06,56.30,432.48,972.30,1,-1,-1,-1
170,1524,405.28,362.35,191.74,532.78,1,-1,-1,-1
171,1517,567.17,151.48,361.76,857.60,1,-1,-1,-1
171,1520,982.26,57.78,438.01,974.50,1,-1,-1,-1
171,1524,406.13,360.85,194.94,541.69,1,-1,-1,-1
172,1517,549.66,142.75,366.91,864.07,1,-1,-1,-1
172,1520,975.99,58.55,442.41,975.13,1,-1,-1,-1
173,1517,533.06,148.72,359.82,839.18,1,-1,-1,-1
173,1520,949.24,43.44,442.53,975.17,1,-1,-1,-1
174,1517,526.74,151.30,358.54,829.37,1,-1,-1,-1
174,1520,939.22,37.83,442.54,975.00,1,-1,-1,-1
175,1517,500.68,153.74,367.38,847.79,1,-1,-1,-1
175,1520,932.02,46.29,438.06,961.77,1,-1,-1,-1
176,1517,491.10,154.76,371.10,854.62,1,-1,-1,-1
176,1520,929.18,49.73,437.06,956.54,1,-1,-1,-1
177,1517,471.17,181.21,367.42,835.09,1,-1,-1,-1
177,1520,921.32,45.80,438.24,959.12,1,-1,-1,-1
178,1517,463.13,191.61,368.21,827.36,1,-1,-1,-1
179,1517,424.69,178.54,376.31,828.32,1,-1,-1,-1
179,1520,843.00,66.34,430.91,954.04,1,-1,-1,-1
180,1517,408.78,173.65,383.28,828.64,1,-1,-1,-1
180,1520,832.08,69.67,426.21,953.22,1,-1,-1,-1
181,1517,393.47,169.24,395.26,841.76,1,-1,-1,-1
181,1520,813.98,57.69,427.04,962.12,1,-1,-1,-1
182,1517,386.62,167.64,402.88,846.67,1,-1,-1,-1
182,1520,808.35,53.25,425.72,965.40,1,-1,-1,-1
183,1517,311.31,163.20,401.60,834.18,1,-1,-1,-1
183,1520,801.59,45.12,428.79,984.82,1,-1,-1,-1
184,1517,281.91,161.58,403.40,829.29,1,-1,-1,-1
184,1520,800.80,42.10,427.05,992.10,1,-1,-1,-1
185,1517,251.81,155.81,410.77,850.96,1,-1,-1,-1
185,1520,785.80,54.00,429.34,1003.85,1,-1,-1,-1
186,1517,241.89,153.70,411.78,859.05,1,-1,-1,-1
186,1520,781.15,58.62,428.72,1008.22,1,-1,-1,-1
187,1517,210.33,149.09,410.81,862.07,1,-1,-1,-1
187,1520,754.89,37.10,434.05,1033.09,1,-1,-1,-1
188,1517,199.60,147.41,409.13,863.13,1,-1,-1,-1
188,1520,746.61,28.96,433.23,1042.41,1,-1,-1,-1
189,1517,157.66,132.55,412.77,871.23,1,-1,-1,-1
189,1520,717.61,10.40,436.19,1060.02,1,-1,-1,-1
190,1517,142.42,126.99,414.00,874.23,1,-1,-1,-1
190,1520,708.01,3.38,434.95,1066.58,1,-1,-1,-1
191,1517,116.59,124.98,416.98,871.37,1,-1,-1,-1
191,1520,692.57,9.86,431.65,1058.53,1,-1,-1,-1
192,1517,106.36,124.34,420.32,870.16,1,-1,-1,-1
192,1520,687.12,12.52,430.26,1055.17,1,-1,-1,-1
193,1517,33.46,102.06,434.65,896.98,1,-1,-1,-1
193,1520,664.33,12.34,421.26,1036.81,1,-1,-1,-1
194,1517,6.11,93.76,440.77,907.01,1,-1,-1,-1
194,1520,656.50,12.39,416.97,1029.60,1,-1,-1,-1
195,1517,-18.44,94.59,446.89,927.54,1,-1,-1,-1
195,1520,636.25,3.35,420.72,1037.26,1,-1,-1,-1
196,1517,-26.11,95.05,447.10,935.26,1,-1,-1,-1
196,1520,628.84,0.02,422.45,1040.07,1,-1,-1,-1
197,1517,-27.74,103.13,435.79,918.68,1,-1,-1,-1
197,1520,568.26,30.11,406.67,990.26,1,-1,-1,-1
197,1525,164.00,122.00,390.00,850.00,1,-1,-1,-1
198,1517,-26.55,106.43,429.59,912.01,1,-1,-1,-1
198,1520,544.51,41.89,402.66,970.88,1,-1,-1,-1
198,1525,164.00,122.00,390.00,850.00,1,-1,-1,-1
199,1517,-40.01,142.97,396.37,865.03,1,-1,-1,-1
199,1520,500.42,48.86,421.38,1004.87,1,-1,-1,-1
199,1525,215.17,185.05,364.23,795.96,1,-1,-1,-1
200,1517,-41.48,157.13,378.21,846.83,1,-1,-1,-1
200,1520,483.25,51.40,430.84,1017.35,1,-1,-1,-1
200,1525,232.63,206.05,354.80,777.96,1,-1,-1,-1
201,1517,-19.90,150.39,357.58,824.32,1,-1,-1,-1
201,1520,468.67,49.72,445.36,1023.45,1,-1,-1,-1
201,1525,218.73,184.71,357.95,788.19,1,-1,-1,-1
202,1517,-8.44,147.81,344.52,816.02,1,-1,-1,-1
202,1520,460.62,49.03,457.18,1025.73,1,-1,-1,-1
202,1525,214.19,177.00,358.08,792.18,1,-1,-1,-1
203,1517,-22.43,148.45,342.55,811.33,1,-1,-1,-1
203,1520,424.95,46.12,470.74,1021.33,1,-1,-1,-1
203,1525,219.52,182.78,354.81,784.95,1,-1,-1,-1
204,1520,407.93,44.98,483.95,1019.60,1,-1,-1,-1
205,1520,366.67,15.80,498.35,1035.88,1,-1,-1,-1
206,1520,349.78,4.80,507.35,1041.98,1,-1,-1,-1
207,1520,330.77,1.89,508.68,1044.69,1,-1,-1,-1
207,1526,928.00,368.00,162.00,430.00,1,-1,-1,-1
208,1526,928.00,368.00,162.00,430.00,1,-1,-1,-1
209,1520,114.54,17.63,551.12,1106.56,1,-1,-1,-1
209,1526,955.09,398.02,148.36,392.47,1,-1,-1,-1
209,1527,658.00,350.00,156.00,466.00,1,-1,-1,-1
210,1520,74.88,20.12,566.84,1116.59,1,-1,-1,-1
210,1526,963.89,408.02,144.25,379.97,1,-1,-1,-1
210,1527,658.00,350.00,156.00,466.00,1,-1,-1,-1
211,1520,38.93,15.85,572.29,1108.50,1,-1,-1,-1
211,1526,978.14,401.52,149.12,391.85,1,-1,-1,-1
211,1527,667.17,357.51,161.69,484.01,1,-1,-1,-1
211,1528,1054.00,386.00,150.00,390.00,1,-1,-1,-1
212,1520,23.90,14.25,578.93,1105.18,1,-1,-1,-1
212,1526,982.26,399.18,151.08,395.96,1,-1,-1,-1
212,1527,670.38,360.01,163.26,490.02,1,-1,-1,-1
212,1528,1054.00,386.00,150.00,390.00,1,-1,-1,-1
213,1520,13.19,27.96,569.90,1076.45,1,-1,-1,-1
213,1526,981.29,399.48,147.35,386.55,1,-1,-1,-1
213,1527,679.74,363.58,158.26,473.16,1,-1,-1,-1
213,1528,1064.84,375.49,156.84,408.01,1,-1,-1,-1
214,1520,87.28,22.76,495.07,931.38,1,-1,-1,-1
214,1526,969.03,389.65,148.00,390.31,1,-1,-1,-1
214,1527,663.69,340.42,173.27,519.55,1,-1,-1,-1
214,1528,1076.26,364.74,160.91,418.37,1,-1,-1,-1
215,1520,90.80,22.11,525.24,961.76,1,-1,-1,-1
215,1526,961.62,368.42,154.03,410.81,1,-1,-1,-1
215,1527,658.36,324.65,180.83,543.15,1,-1,-1,-1
215,1528,1076.65,351.23,166.22,431.57,1,-1,-1,-1
216,1520,87.63,21.90,543.29,971.65,1,-1,-1,-1
216,1526,959.44,360.73,155.07,418.30,1,-1,-1,-1
216,1527,656.38,318.63,183.40,551.86,1,-1,-1,-1
216,1528,1076.44,346.66,168.16,435.96,1,-1,-1,-1
217,1520,72.84,21.50,540.80,967.17,1,-1,-1,-1
217,1526,960.89,357.65,155.53,419.52,1,-1,-1,-1
217,1527,655.50,313.67,187.32,563.65,1,-1,-1,-1
217,1528,1083.29,365.74,159.83,411.32,1,-1,-1,-1
218,1528,1085.26,373.40,157.20,401.50,1,-1,-1,-1
219,1527,659.38,268.84,203.42,612.96,1,-1,-1,-1
219,1528,1084.46,369.37,160.27,406.14,1,-1,-1,-1
220,1527,660.12,261.44,205.87,621.18,1,-1,-1,-1
220,1528,1083.66,367.96,162.16,407.78,1,-1,-1,-1
221,1527,656.76,260.12,204.94,624.02,1,-1,-1,-1
221,1528,1092.62,380.81,157.38,395.02,1,-1,-1,-1
222,1527,655.98,259.87,203.44,624.70,1,-1,-1,-1
222,1528,1095.78,385.75,155.71,390.14,1,-1,-1,-1
223,1527,660.34,274.22,199.89,609.05,1,-1,-1,-1
223,1528,1100.15,387.54,149.76,375.00,1,-1,-1,-1
224,1527,661.66,280.09,199.14,602.49,1,-1,-1,-1
224,1528,1101.57,388.17,147.61,369.40,1,-1,-1,-1
225,1517,188.04,279.31,315.70,696.07,1,-1,-1,-1
225,1527,660.88,290.29,200.04,604.95,1,-1,-1,-1
225,1528,1101.16,378.98,148.48,376.85,1,-1,-1,-1
226,1517,185.97,281.47,328.49,694.45,1,-1,-1,-1
226,1527,660.55,294.27,200.36,605.66,1,-1,-1,-1
226,1528,1101.54,375.61,147.61,379.63,1,-1,-1,-1
227,1517,193.98,286.72,326.18,689.55,1,-1,-1,-1
227,1527,742.75,307.58,193.03,574.49,1,-1,-1,-1
227,1528,1105.47,379.62,143.48,368.89,1,-1,-1,-1
227,1529,1218.00,360.00,126.00,392.00,1,-1,-1,-1
228,1527,773.96,312.88,191.48,562.03,1,-1,-1,-1
228,1528,1106.83,381.17,141.95,364.87,1,-1,-1,-1
228,1529,1218.00,360.00,126.00,392.00,1,-1,-1,-1
229,1527,777.43,292.36,201.17,590.41,1,-1,-1,-1
229,1528,1112.94,379.09,143.31,370.10,1,-1,-1,-1
229,1529,1215.95,357.00,128.61,399.51,1,-1,-1,-1
230,1527,778.59,284.87,204.72,600.77,1,-1,-1,-1
230,1528,1115.32,378.32,143.46,372.08,1,-1,-1,-1
230,1529,1215.17,356.00,129.66,402.01,1,-1,-1,-1
231,1527,783.84,280.74,208.69,608.52,1,-1,-1,-1
231,1528,1118.11,378.10,142.95,370.78,1,-1,-1,-1
231,1529,1214.85,365.79,124.41,385.44,1,-1,-1,-1
232,1527,793.65,276.65,203.10,593.24,1,-1,-1,-1
232,1529,1214.28,367.44,123.71,383.26,1,-1,-1,-1
233,1517,346.03,325.59,282.11,620.21,1,-1,-1,-1
233,1527,800.20,277.81,198.57,583.14,1,-1,-1,-1
233,1528,1123.39,382.99,141.43,364.67,1,-1,-1,-1
233,1529,1209.30,379.87,119.79,368.49,1,-1,-1,-1
234,1517,358.21,327.57,272.79,616.31,1,-1,-1,-1
234,1527,802.67,278.34,196.28,579.23,1,-1,-1,-1
234,1528,1123.93,383.76,141.78,363.70,1,-1,-1,-1
234,1529,1207.94,382.42,119.67,365.44,1,-1,-1,-1
235,1517,444.09,314.92,264.42,604.19,1,-1,-1,-1
235,1527,810.12,269.45,198.88,589.49,1,-1,-1,-1
235,1528,1126.56,384.06,141.17,362.15,1,-1,-1,-1
235,1529,1213.49,384.57,120.08,364.51,1,-1,-1,-1
236,1517,475.48,310.12,260.33,600.03,1,-1,-1,-1
236,1527,812.97,266.17,199.37,593.29,1,-1,-1,-1
236,1529,1215.29,385.22,120.72,364.33,1,-1,-1,-1
237,1517,498.68,312.74,257.00,592.34,1,-1,-1,-1
237,1527,816.26,291.03,189.41,562.16,1,-1,-1,-1
237,1529,1230.41,381.29,123.08,368.45,1,-1,-1,-1
238,1527,817.04,300.83,185.75,549.93,1,-1,-1,-1
238,1529,1235.65,379.75,124.56,370.06,1,-1,-1,-1
239,1517,493.88,302.66,263.71,613.63,1,-1,-1,-1
239,1527,822.94,304.43,175.44,522.94,1,-1,-1,-1
239,1529,1242.82,401.68,114.57,334.91,1,-1,-1,-1
239,1530,910.00,312.00,176.00,514.00,1,-1,-1,-1
240,1517,494.68,301.24,262.98,616.56,1,-1,-1,-1
240,1527,825.16,305.75,171.01,512.92,1,-1,-1,-1
240,1529,1244.93,410.00,111.65,321.50,1,-1,-1,-1
240,1530,910.00,312.00,176.00,514.00,1,-1,-1,-1
241,1517,512.56,316.51,246.87,580.82,1,-1,-1,-1
241,1527,821.47,308.87,171.43,524.09,1,-1,-1,-1
241,1529,1245.40,396.37,116.50,332.07,1,-1,-1,-1
241,1530,919.33,307.50,178.36,521.51,1,-1,-1,-1
241,1531,650.00,334.00,180.00,554.00,1,-1,-1,-1
242,1517,518.69,322.27,240.46,567.39,1,-1,-1,-1
242,1527,820.93,309.99,169.77,528.25,1,-1,-1,-1
242,1529,1245.17,391.55,118.94,335.84,1,-1,-1,-1
242,1530,922.54,306.00,178.94,524.01,1,-1,-1,-1
242,1531,650.00,334.00,180.00,554.00,1,-1,-1,-1
243,1517,534.04,324.86,237.42,560.22,1,-1,-1,-1
243,1527,824.75,311.10,169.04,525.98,1,-1,-1,-1
243,1529,1253.81,388.34,122.08,345.36,1,-1,-1,-1
243,1530,927.58,298.37,180.91,531.91,1,-1,-1,-1
244,1529,1257.02,387.10,123.15,349.01,1,-1,-1,-1
244,1530,929.46,295.81,180.98,534.53,1,-1,-1,-1
245,1517,611.22,338.51,239.74,574.90,1,-1,-1,-1
245,1529,1258.26,376.12,129.86,366.19,1,-1,-1,-1
245,1530,948.20,295.03,174.77,518.77,1,-1,-1,-1
246,1517,623.49,325.80,238.01,580.92,1,-1,-1,-1
246,1529,1260.86,378.44,131.85,372.64,1,-1,-1,-1
246,1530,953.84,304.56,167.64,504.52,1,-1,-1,-1
247,1517,639.74,331.83,227.69,556.82,1,-1,-1,-1
247,1529,1258.25,389.71,129.30,363.50,1,-1,-1,-1
247,1530,956.26,328.67,158.29,478.82,1,-1,-1,-1
248,1517,645.14,334.03,223.63,547.81,1,-1,-1,-1
248,1529,1256.92,394.10,128.65,359.91,1,-1,-1,-1
248,1530,957.09,337.43,154.46,469.62,1,-1,-1,-1
249,1517,651.84,332.11,214.38,526.10,1,-1,-1,-1
249,1527,818.71,348.13,154.76,474.34,1,-1,-1,-1
249,1529,1251.99,382.60,129.26,365.12,1,-1,-1,-1
249,1530,957.57,351.33,145.62,446.11,1,-1,-1,-1
249,1532,1570.00,466.00,80.00,280.00,1,-1,-1,-1
250,1517,650.38,325.94,213.47,528.99,1,-1,-1,-1
250,1527,815.34,341.90,160.50,486.84,1,-1,-1,-1
250,1529,1250.45,378.29,128.78,365.77,1,-1,-1,-1
250,1530,956.15,352.05,145.25,446.14,1,-1,-1,-1
250,1532,1576.02,464.29,79.96,280.00,1,-1,-1,-1
250,1533,1074.00,340.00,152.00,404.00,1,-1,-1,-1
251,1517,656.83,319.71,214.43,538.11,1,-1,-1,-1
251,1527,809.07,344.13,163.58,496.97,1,-1,-1,-1
251,1529,1243.95,385.77,123.35,355.59,1,-1,-1,-1
251,1530,959.52,356.22,146.73,453.13,1,-1,-1,-1
251,1532,1576.58,464.00,80.84,283.00,1,-1,-1,-1
251,1533,1066.83,341.71,168.04,448.57,1,-1,-1,-1
252,1517,659.56,317.37,213.43,541.67,1,-1,-1,-1
252,1527,806.77,344.89,164.63,500.83,1,-1,-1,-1
252,1529,1241.87,388.65,120.35,351.68,1,-1,-1,-1
252,1530,960.89,357.59,146.87,455.89,1,-1,-1,-1
252,1532,1576.68,463.93,81.16,284.00,1,-1,-1,-1
252,1533,1066.12,342.00,169.77,456.00,1,-1,-1,-1
253,1517,665.30,328.29,202.80,522.19,1,-1,-1,-1
253,1527,805.02,337.25,171.99,523.30,1,-1,-1,-1
253,1529,1242.06,389.16,120.02,350.71,1,-1,-1,-1
253,1530,954.06,349.96,146.83,461.11,1,-1,-1,-1
253,1532,1577.31,463.70,81.45,285.01,1,-1,-1,-1
253,1533,1076.36,336.31,169.56,459.51,1,-1,-1,-1
254,1517,671.42,337.78,197.80,514.94,1,-1,-1,-1
254,1527,803.16,343.36,174.57,527.88,1,-1,-1,-1
254,1530,953.37,358.87,141.66,446.03,1,-1,-1,-1
254,1533,1084.27,331.44,165.15,448.93,1,-1,-1,-1
255,1517,682.08,339.67,195.67,509.38,1,-1,-1,-1
255,1527,803.87,336.61,177.88,528.34,1,-1,-1,-1
255,1530,949.98,359.44,144.51,455.19,1,-1,-1,-1
255,1533,1086.97,343.88,164.88,450.42,1,-1,-1,-1
256,1527,803.37,333.97,180.68,528.48,1,-1,-1,-1
256,1530,948.76,359.58,145.52,458.59,1,-1,-1,-1
256,1533,1088.08,348.32,164.17,450.84,1,-1,-1,-1
257,1527,801.19,342.05,179.20,515.48,1,-1,-1,-1
257,1530,947.31,367.41,145.22,452.10,1,-1,-1,-1
257,1533,1085.54,333.58,170.88,472.65,1,-1,-1,-1
258,1527,799.63,345.11,180.05,510.47,1,-1,-1,-1
258,1530,946.28,370.26,146.07,449.74,1,-1,-1,-1
258,1533,1084.98,328.20,172.47,480.52,1,-1,-1,-1
259,1527,799.60,352.77,175.32,486.30,1,-1,-1,-1
259,1530,946.67,373.57,145.15,446.91,1,-1,-1,-1
259,1533,1088.53,338.04,162.68,454.34,1,-1,-1,-1
260,1527,798.68,355.61,175.34,477.15,1,-1,-1,-1
260,1533,1089.93,341.97,158.54,443.84,1,-1,-1,-1
261,1527,799.91,357.92,177.53,477.88,1,-1,-1,-1
261,1530,946.81,363.17,154.53,472.23,1,-1,-1,-1
261,1533,1085.44,340.72,161.57,456.07,1,-1,-1,-1
262,1527,799.85,358.71,179.39,478.24,1,-1,-1,-1
262,1530,946.42,361.67,156.79,476.04,1,-1,-1,-1
262,1533,1084.19,340.26,161.85,460.51,1,-1,-1,-1
263,1527,799.33,333.94,188.98,502.16,1,-1,-1,-1
263,1529,1376.22,390.13,109.67,322.57,1,-1,-1,-1
263,1530,943.89,349.38,159.78,487.84,1,-1,-1,-1
263,1533,1089.70,342.71,159.08,456.90,1,-1,-1,-1
264,1527,798.95,324.73,192.88,511.06,1,-1,-1,-1
264,1529,1381.79,390.11,108.80,321.55,1,-1,-1,-1
264,1530,943.16,344.73,160.43,492.27,1,-1,-1,-1
264,1533,1092.19,343.64,157.18,455.44,1,-1,-1,-1
265,1527,807.40,341.89,178.48,467.90,1,-1,-1,-1
265,1529,1389.84,390.34,108.12,319.53,1,-1,-1,-1
265,1530,946.10,362.33,155.53,466.76,1,-1,-1,-1
265,1533,1092.67,359.76,150.74,437.75,1,-1,-1,-1
265,1534,1230.00,384.00,112.00,368.00,1,-1,-1,-1
266,1527,814.64,343.39,177.03,454.82,1,-1,-1,-1
266,1530,942.50,358.60,161.74,475.29,1,-1,-1,-1
266,1533,1092.29,357.89,150.63,437.64,1,-1,-1,-1
267,1527,822.62,353.26,177.69,455.59,1,-1,-1,-1
267,1530,938.20,354.63,159.60,471.89,1,-1,-1,-1
267,1533,1093.80,359.80,148.57,437.62,1,-1,-1,-1
268,1527,834.71,368.72,167.39,428.23,1,-1,-1,-1
268,1530,937.52,364.85,155.51,457.50,1,-1,-1,-1
268,1533,1095.63,365.73,149.17,444.21,1,-1,-1,-1
269,1527,840.57,374.53,158.04,404.51,1,-1,-1,-1
269,1530,941.46,377.97,149.56,437.49,1,-1,-1,-1
269,1533,1092.83,357.45,156.34,464.99,1,-1,-1,-1
270,1527,838.49,365.63,160.14,411.17,1,-1,-1,-1
270,1530,943.46,374.80,150.32,440.77,1,-1,-1,-1
270,1533,1095.39,356.87,156.93,466.38,1,-1,-1,-1
270,1535,1220.00,354.00,148.00,410.00,1,-1,-1,-1
271,1527,841.63,367.35,157.71,404.93,1,-1,-1,-1
271,1530,943.31,368.35,153.67,452.54,1,-1,-1,-1
271,1533,1092.79,346.21,161.70,482.42,1,-1,-1,-1
271,1535,1213.80,338.57,158.69,440.86,1,-1,-1,-1
272,1530,943.42,365.89,154.59,456.99,1,-1,-1,-1
272,1533,1091.97,342.16,163.14,488.45,1,-1,-1,-1
272,1535,1213.05,336.00,159.90,446.00,1,-1,-1,-1
273,1530,947.37,362.31,149.74,443.09,1,-1,-1,-1
273,1533,1088.96,347.04,161.28,472.63,1,-1,-1,-1
273,1535,1216.91,328.02,165.21,461.96,1,-1,-1,-1
274,1530,948.97,370.16,141.09,420.58,1,-1,-1,-1
274,1533,1089.56,345.03,162.18,468.92,1,-1,-1,-1
274,1535,1216.19,339.45,161.34,451.76,1,-1,-1,-1
275,1530,948.82,365.04,143.34,425.64,1,-1,-1,-1
275,1533,1088.38,329.90,173.16,489.72,1,-1,-1,-1
275,1535,1217.50,342.49,156.53,437.64,1,-1,-1,-1
276,1530,948.61,363.19,144.46,427.51,1,-1,-1,-1
276,1533,1086.86,324.28,179.38,497.43,1,-1,-1,-1
276,1535,1217.89,343.60,154.92,432.43,1,-1,-1,-1
277,1530,955.16,379.55,140.83,413.86,1,-1,-1,-1
277,1533,1085.53,333.73,176.79,479.71,1,-1,-1,-1
277,1535,1216.16,337.10,159.42,442.96,1,-1,-1,-1
278,1530,957.38,385.77,139.98,408.78,1,-1,-1,-1
278,1533,1084.07,337.53,177.57,472.61,1,-1,-1,-1
278,1535,1215.29,334.77,161.52,446.74,1,-1,-1,-1
279,1530,964.01,388.00,137.27,399.07,1,-1,-1,-1
279,1533,1081.96,338.97,177.03,465.98,1,-1,-1,-1
279,1535,1211.25,333.93,167.05,458.77,1,-1,-1,-1
280,1530,976.38,391.41,135.07,391.60,1,-1,-1,-1
280,1533,1079.04,347.40,171.86,450.33,1,-1,-1,-1
280,1535,1213.97,341.54,169.84,457.95,1,-1,-1,-1
281,1530,979.33,393.75,133.48,386.98,1,-1,-1,-1
281,1533,1082.71,354.58,169.63,441.75,1,-1,-1,-1
281,1535,1208.98,348.46,172.42,458.83,1,-1,-1,-1
282,1533,1083.80,357.22,169.36,438.62,1,-1,-1,-1
282,1535,1206.45,351.06,174.65,459.07,1,-1,-1,-1
283,1533,1081.48,350.24,174.70,446.76,1,-1,-1,-1
283,1535,1207.33,348.08,178.38,461.71,1,-1,-1,-1
284,1533,1080.01,347.62,177.91,449.83,1,-1,-1,-1
284,1535,1206.91,346.92,181.30,462.64,1,-1,-1,-1
285,1533,1080.49,357.07,171.81,434.04,1,-1,-1,-1
285,1535,1211.09,353.00,178.96,448.53,1,-1,-1,-1
286,1533,1080.63,360.68,169.56,428.02,1,-1,-1,-1
286,1535,1211.86,355.31,179.68,443.03,1,-1,-1,-1
287,1530,1001.23,390.92,134.51,380.83,1,-1,-1,-1
287,1533,1071.05,354.05,166.84,431.15,1,-1,-1,-1
287,1535,1222.35,357.46,176.68,431.74,1,-1,-1,-1
288,1530,1000.28,387.91,134.88,377.96,1,-1,-1,-1
288,1533,1068.50,345.00,165.17,434.99,1,-1,-1,-1
288,1535,1224.13,356.89,175.83,427.51,1,-1,-1,-1
289,1530,1003.38,388.60,133.82,375.01,1,-1,-1,-1
289,1533,1071.41,342.89,163.44,436.50,1,-1,-1,-1
289,1535,1220.21,344.74,183.26,441.86,1,-1,-1,-1
290,1533,1073.16,342.10,161.58,437.11,1,-1,-1,-1
290,1535,1218.30,340.25,186.88,447.18,1,-1,-1,-1
291,1533,1076.61,354.91,156.68,428.22,1,-1,-1,-1
291,1535,1219.89,339.83,186.14,445.31,1,-1,-1,-1
291,1536,1348.00,366.00,136.00,382.00,1,-1,-1,-1
292,1527,1341.47,366.14,145.57,381.59,1,-1,-1,-1
292,1533,1078.36,359.80,154.02,424.88,1,-1,-1,-1
292,1535,1220.45,339.70,185.87,444.57,1,-1,-1,-1
293,1527,1354.99,366.09,149.43,388.75,1,-1,-1,-1
293,1533,1087.38,361.60,150.81,417.10,1,-1,-1,-1
293,1535,1219.73,351.45,181.01,432.51,1,-1,-1,-1
294,1527,1359.26,366.06,151.38,391.77,1,-1,-1,-1
294,1533,1090.89,362.24,149.43,414.25,1,-1,-1,-1
294,1535,1219.37,355.95,179.24,427.91,1,-1,-1,-1
295,1527,1367.28,358.30,153.41,404.61,1,-1,-1,-1
295,1533,1099.44,367.72,142.31,396.12,1,-1,-1,-1
295,1535,1218.35,361.55,171.10,413.05,1,-1,-1,-1
296,1527,1370.51,355.35,152.98,409.50,1,-1,-1,-1
296,1533,1102.78,369.74,139.37,389.39,1,-1,-1,-1
296,1535,1218.42,363.63,167.08,407.51,1,-1,-1,-1
297,1527,1376.01,355.51,149.52,406.23,1,-1,-1,-1
297,1533,1102.77,366.43,138.05,385.72,1,-1,-1,-1
297,1535,1220.81,364.35,159.56,393.62,1,-1,-1,-1
298,1527,1377.99,355.60,147.21,404.94,1,-1,-1,-1
298,1533,1102.72,365.17,137.60,384.51,1,-1,-1,-1
298,1535,1222.15,364.56,155.87,388.55,1,-1,-1,-1
299,1527,1381.96,355.65,145.42,409.64,1,-1,-1,-1
299,1533,1103.68,360.70,139.38,393.45,1,-1,-1,-1
299,1535,1220.18,361.93,154.13,393.47,1,-1,-1,-1
300,1527,1383.92,355.68,143.06,411.40,1,-1,-1,-1
300,1533,1104.40,359.03,139.29,396.85,1,-1,-1,-1
300,1535,1220.47,360.94,151.50,395.38,1,-1,-1,-1
301,1527,1389.61,354.42,140.46,404.28,1,-1,-1,-1
301,1533,1106.56,367.54,135.44,386.45,1,-1,-1,-1
301,1535,1223.83,363.17,145.35,383.06,1,-1,-1,-1
302,1527,1391.33,353.95,139.40,401.52,1,-1,-1,-1
302,1533,1107.38,370.79,133.90,382.57,1,-1,-1,-1
302,1535,1225.48,363.99,142.34,378.49,1,-1,-1,-1
303,1527,1390.81,362.94,140.58,401.78,1,-1,-1,-1
303,1533,1118.57,368.00,137.94,391.78,1,-1,-1,-1
303,1535,1218.02,362.94,146.77,390.19,1,-1,-1,-1
304,1527,1390.01,366.34,141.58,401.89,1,-1,-1,-1
304,1533,1122.44,366.95,139.90,395.24,1,-1,-1,-1
304,1535,1215.28,362.54,148.43,394.54,1,-1,-1,-1
305,1527,1392.17,370.23,140.29,396.71,1,-1,-1,-1
305,1533,1125.56,373.05,139.86,390.09,1,-1,-1,-1
305,1535,1214.58,367.59,141.93,379.30,1,-1,-1,-1
306,1527,1388.54,366.44,141.45,397.37,1,-1,-1,-1
306,1533,1131.70,379.30,138.98,381.60,1,-1,-1,-1
306,1535,1213.82,366.85,141.83,381.49,1,-1,-1,-1
307,1527,1393.86,367.61,139.80,392.41,1,-1,-1,-1
307,1533,1133.42,375.00,142.30,389.04,1,-1,-1,-1
307,1535,1209.07,374.44,137.66,374.47,1,-1,-1,-1
308,1527,1395.57,368.04,139.24,390.54,1,-1,-1,-1
308,1533,1133.83,373.39,143.87,391.82,1,-1,-1,-1
308,1535,1207.71,377.28,135.32,371.90,1,-1,-1,-1
309,1527,1401.83,362.94,143.07,401.67,1,-1,-1,-1
309,1533,1143.69,387.10,137.94,375.96,1,-1,-1,-1
309,1535,1201.32,384.88,130.49,363.12,1,-1,-1,-1
310,1527,1404.06,361.03,144.42,405.83,1,-1,-1,-1
310,1533,1147.37,392.33,135.62,369.90,1,-1,-1,-1
310,1535,1199.40,387.67,127.88,359.93,1,-1,-1,-1
311,1527,1397.15,360.29,143.11,402.24,1,-1,-1,-1
311,1530,1486.07,368.20,135.06,377.62,1,-1,-1,-1
311,1533,1149.98,391.55,136.07,367.75,1,-1,-1,-1
311,1535,1204.73,382.02,129.56,366.79,1,-1,-1,-1
312,1527,1394.26,360.02,142.58,400.84,1,-1,-1,-1
312,1530,1494.74,367.79,135.30,377.82,1,-1,-1,-1
312,1533,1150.51,391.19,136.93,367.03,1,-1,-1,-1
312,1535,1206.95,379.89,129.78,369.40,1,-1,-1,-1
313,1527,1388.33,361.23,142.59,404.22,1,-1,-1,-1
313,1530,1497.36,370.25,136.89,379.20,1,-1,-1,-1
313,1533,1148.91,388.36,135.41,360.26,1,-1,-1,-1
313,1535,1212.22,372.48,134.22,383.56,1,-1,-1,-1
314,1527,1386.29,361.69,141.96,405.50,1,-1,-1,-1
314,1530,1497.57,371.21,137.86,379.73,1,-1,-1,-1
314,1533,1147.93,387.23,135.38,357.80,1,-1,-1,-1
314,1535,1214.36,369.69,135.60,388.90,1,-1,-1,-1
315,1527,1383.16,367.08,137.08,390.34,1,-1,-1,-1
315,1530,1503.12,378.10,137.86,365.61,1,-1,-1,-1
315,1533,1145.55,389.42,136.64,356.98,1,-1,-1,-1
315,1535,1220.55,373.78,134.53,380.60,1,-1,-1,-1
316,1527,1381.71,369.15,135.40,384.50,1,-1,-1,-1
316,1530,1503.52,380.76,139.78,360.18,1,-1,-1,-1
316,1533,1144.17,390.20,137.98,356.76,1,-1,-1,-1
316,1535,1222.49,375.36,135.02,377.39,1,-1,-1,-1
317,1527,1381.32,379.14,129.08,369.18,1,-1,-1,-1
317,1530,1510.26,388.33,138.28,352.94,1,-1,-1,-1
317,1533,1149.86,386.51,141.75,362.03,1,-1,-1,-1
317,1535,1218.62,375.94,136.51,380.14,1,-1,-1,-1
318,1527,1381.31,382.87,126.26,363.48,1,-1,-1,-1
318,1530,1511.97,391.14,138.31,350.29,1,-1,-1,-1
318,1533,1151.46,385.10,144.12,364.05,1,-1,-1,-1
318,1535,1217.03,376.15,137.35,381.19,1,-1,-1,-1
319,1527,1385.61,374.89,127.16,365.46,1,-1,-1,-1
319,1530,1508.63,384.24,140.17,352.01,1,-1,-1,-1
319,1533,1153.71,385.56,143.61,362.76,1,-1,-1,-1
319,1535,1215.84,374.91,134.90,371.17,1,-1,-1,-1
320,1527,1387.09,371.91,127.62,366.27,1,-1,-1,-1
320,1530,1506.74,381.63,141.46,352.71,1,-1,-1,-1
320,1535,1215.09,374.41,134.56,367.35,1,-1,-1,-1
321,1527,1389.03,372.26,126.86,364.09,1,-1,-1,-1
321,1530,1508.02,385.88,139.84,349.09,1,-1,-1,-1
321,1535,1218.86,374.22,134.24,365.97,1,-1,-1,-1
322,1530,1508.18,387.47,139.17,347.78,1,-1,-1,-1
322,1535,1220.22,374.14,134.23,365.50,1,-1,-1,-1
323,1530,1504.57,386.74,143.06,349.98,1,-1,-1,-1
323,1535,1215.90,367.55,137.34,371.92,1,-1,-1,-1
324,1530,1502.21,386.44,146.07,350.84,1,-1,-1,-1
324,1535,1214.06,365.07,138.92,374.36,1,-1,-1,-1
325,1530,1502.28,382.39,147.44,352.52,1,-1,-1,-1
325,1535,1216.59,374.57,134.38,359.67,1,-1,-1,-1
326,1530,1501.94,380.84,148.31,353.19,1,-1,-1,-1
326,1535,1217.34,378.26,133.08,354.04,1,-1,-1,-1
327,1530,1499.76,378.95,147.13,356.09,1,-1,-1,-1
327,1535,1217.17,386.22,129.55,344.08,1,-1,-1,-1
328,1530,1499.40,378.24,145.44,357.20,1,-1,-1,-1
328,1535,1217.04,389.17,128.37,340.44,1,-1,-1,-1
329,1530,1499.61,377.98,145.12,358.94,1,-1,-1,-1
329,1535,1216.62,384.91,130.02,345.81,1,-1,-1,-1
330,1530,1499.83,377.89,144.46,359.60,1,-1,-1,-1
330,1535,1216.56,383.31,130.45,347.85,1,-1,-1,-1
331,1530,1497.94,383.08,141.42,355.95,1,-1,-1,-1
331,1535,1215.43,382.67,132.85,352.63,1,-1,-1,-1
332,1530,1497.50,385.06,139.45,354.56,1,-1,-1,-1
332,1535,1214.83,382.41,134.10,354.47,1,-1,-1,-1
333,1527,1389.34,393.64,120.21,343.88,1,-1,-1,-1
333,1530,1498.28,391.04,136.65,350.12,1,-1,-1,-1
333,1535,1218.99,388.83,134.96,351.29,1,-1,-1,-1
334,1527,1389.07,394.31,120.32,343.39,1,-1,-1,-1
334,1530,1498.76,393.28,135.06,348.46,1,-1,-1,-1
334,1535,1220.04,391.25,136.37,350.11,1,-1,-1,-1
335,1527,1389.63,395.60,119.72,341.66,1,-1,-1,-1
335,1530,1503.72,398.03,130.02,334.74,1,-1,-1,-1
335,1535,1226.17,399.99,134.59,337.90,1,-1,-1,-1
336,1530,1505.44,399.79,128.26,329.57,1,-1,-1,-1
336,1535,1227.73,403.26,135.41,333.30,1,-1,-1,-1
337,1527,1386.17,399.71,117.58,336.35,1,-1,-1,-1
337,1530,1505.53,399.07,127.26,329.06,1,-1,-1,-1
337,1535,1224.34,403.09,136.97,338.28,1,-1,-1,-1
338,1527,1385.71,400.36,117.07,335.51,1,-1,-1,-1
338,1530,1505.71,398.77,126.49,328.94,1,-1,-1,-1
338,1535,1223.19,402.98,137.31,340.17,1,-1,-1,-1
339,1527,1380.71,393.98,119.98,341.83,1,-1,-1,-1
339,1530,1506.55,392.04,131.13,342.12,1,-1,-1,-1
339,1535,1227.58,401.58,136.90,338.32,1,-1,-1,-1
340,1527,1378.71,391.59,121.39,344.20,1,-1,-1,-1
340,1530,1506.95,389.52,132.63,347.04,1,-1,-1,-1
340,1535,1229.13,400.99,136.94,337.67,1,-1,-1,-1
341,1527,1378.89,391.97,121.37,346.44,1,-1,-1,-1
341,1530,1505.18,389.84,130.44,346.37,1,-1,-1,-1
341,1535,1227.57,407.28,137.26,336.15,1,-1,-1,-1
342,1527,1379.17,392.11,120.99,347.31,1,-1,-1,-1
342,1530,1504.95,389.96,128.59,346.11,1,-1,-1,-1
342,1535,1226.70,409.62,137.88,335.62,1,-1,-1,-1
343,1527,1386.39,392.15,119.70,346.35,1,-1,-1,-1
343,1530,1506.74,396.53,124.06,336.88,1,-1,-1,-1
343,1533,1127.92,409.92,137.04,326.03,1,-1,-1,-1
343,1535,1215.24,401.26,140.68,342.01,1,-1,-1,-1
343,1537,1722.00,470.00,58.00,200.00,1,-1,-1,-1
344,1527,1389.37,392.15,118.76,345.99,1,-1,-1,-1
344,1530,1507.66,399.03,121.79,333.36,1,-1,-1,-1
344,1533,1124.98,410.28,141.67,325.55,1,-1,-1,-1
344,1535,1210.88,398.10,141.84,344.43,1,-1,-1,-1
344,1537,1722.00,470.00,58.00,200.00,1,-1,-1,-1
345,1527,1389.92,397.37,116.92,340.64,1,-1,-1,-1
345,1530,1508.61,399.83,121.37,332.23,1,-1,-1,-1
345,1533,1124.26,411.22,141.05,324.11,1,-1,-1,-1
345,1535,1214.69,400.77,139.17,336.26,1,-1,-1,-1
345,1538,1652.00,384.00,120.00,334.00,1,-1,-1,-1
346,1527,1390.12,399.34,116.23,338.63,1,-1,-1,-1
346,1535,1216.00,401.78,138.51,333.14,1,-1,-1,-1
346,1538,1652.00,384.00,120.00,334.00,1,-1,-1,-1
347,1527,1393.85,402.68,116.52,332.65,1,-1,-1,-1
347,1535,1215.92,402.41,138.04,332.00,1,-1,-1,-1
347,1538,1696.77,430.54,96.52,269.45,1,-1,-1,-1
348,1527,1394.65,403.91,117.80,330.43,1,-1,-1,-1
348,1538,1711.77,446.03,88.50,247.96,1,-1,-1,-1
349,1527,1399.38,405.65,115.97,324.38,1,-1,-1,-1
349,1538,1726.68,461.60,80.79,226.36,1,-1,-1,-1
350,1527,1401.05,406.27,115.46,322.16,1,-1,-1,-1
351,1527,1402.50,407.78,114.85,321.39,1,-1,-1,-1
351,1539,1658.00,390.00,134.00,326.00,1,-1,-1,-1
352,1527,1403.09,408.31,114.47,321.17,1,-1,-1,-1
352,1539,1658.00,390.00,134.00,326.00,1,-1,-1,-1
353,1527,1402.55,403.22,115.78,325.08,1,-1,-1,-1
353,1535,1127.83,422.93,133.60,314.67,1,-1,-1,-1
353,1539,1654.92,391.50,132.66,324.50,1,-1,-1,-1
354,1527,1402.34,401.28,116.24,326.60,1,-1,-1,-1
354,1535,1121.00,424.23,135.36,313.63,1,-1,-1,-1
354,1539,1654.23,392.00,131.54,324.00,1,-1,-1,-1
355,1527,1406.24,403.15,113.63,320.67,1,-1,-1,-1
355,1535,1114.76,426.02,134.57,311.81,1,-1,-1,-1
355,1539,1657.81,399.39,129.50,320.96,1,-1,-1,-1
356,1527,1407.81,403.85,112.39,318.45,1,-1,-1,-1
356,1539,1659.40,401.90,128.19,319.95,1,-1,-1,-1
357,1527,1412.60,405.41,112.68,318.98,1,-1,-1,-1
357,1535,1115.92,419.82,141.50,319.83,1,-1,-1,-1
357,1539,1659.60,404.19,127.75,318.83,1,-1,-1,-1
358,1527,1414.32,405.98,112.85,319.22,1,-1,-1,-1
358,1535,1114.84,418.90,144.82,321.03,1,-1,-1,-1
359,1527,1416.16,399.63,115.70,324.59,1,-1,-1,-1
359,1535,1111.51,417.26,148.02,324.08,1,-1,-1,-1
359,1539,1663.57,397.56,129.51,324.85,1,-1,-1,-1
360,1527,1416.55,397.23,117.30,326.63,1,-1,-1,-1
360,1535,1109.95,416.63,150.08,325.24,1,-1,-1,-1
360,1539,1664.39,396.71,129.20,325.66,1,-1,-1,-1
361,1527,1420.72,398.93,117.57,324.82,1,-1,-1,-1
361,1535,1107.38,411.15,153.80,330.90,1,-1,-1,-1
361,1539,1665.02,397.24,129.25,325.79,1,-1,-1,-1
362,1527,1422.02,399.58,118.16,324.14,1,-1,-1,-1
362,1535,1106.23,409.07,155.76,333.04,1,-1,-1,-1
363,1527,1423.85,399.52,118.00,323.71,1,-1,-1,-1
363,1535,1100.23,409.58,157.47,335.15,1,-1,-1,-1
363,1539,1668.53,396.35,126.63,320.91,1,-1,-1,-1
364,1535,1097.87,409.78,158.49,335.94,1,-1,-1,-1
364,1539,1669.33,396.21,125.72,320.16,1,-1,-1,-1
365,1535,1092.65,408.56,159.91,340.12,1,-1,-1,-1
365,1539,1670.12,396.49,125.55,319.73,1,-1,-1,-1
366,1535,1090.91,408.11,160.17,341.68,1,-1,-1,-1
367,1527,1484.67,403.55,115.51,316.57,1,-1,-1,-1
367,1535,1087.00,409.24,160.49,340.95,1,-1,-1,-1
368,1527,1490.39,403.94,115.35,315.91,1,-1,-1,-1
368,1535,1085.45,409.68,160.94,340.64,1,-1,-1,-1
369,1527,1496.32,404.22,115.05,315.08,1,-1,-1,-1
369,1535,1086.01,400.74,165.52,352.21,1,-1,-1,-1
370,1535,1086.53,397.38,166.76,356.55,1,-1,-1,-1
371,1527,1483.52,409.16,116.13,310.55,1,-1,-1,-1
371,1535,1092.36,406.43,163.88,347.84,1,-1,-1,-1
371,1539,1672.27,416.86,121.93,310.41,1,-1,-1,-1
372,1527,1480.61,409.94,118.09,309.83,1,-1,-1,-1
372,1535,1094.46,409.99,163.32,344.38,1,-1,-1,-1
372,1539,1672.33,418.17,121.73,309.84,1,-1,-1,-1
373,1527,1482.97,407.57,116.03,305.63,1,-1,-1,-1
373,1535,1096.30,416.57,162.39,340.44,1,-1,-1,-1
373,1539,1672.88,419.82,121.38,308.93,1,-1,-1,-1
374,1527,1483.84,406.66,115.07,304.10,1,-1,-1,-1
374,1535,1096.80,419.04,162.52,338.93,1,-1,-1,-1
375,1527,1486.90,406.92,114.55,302.74,1,-1,-1,-1
375,1535,1093.65,422.57,168.02,343.59,1,-1,-1,-1
376,1535,1091.62,423.87,171.83,345.34,1,-1,-1,-1
377,1535,1077.90,406.11,181.02,364.21,1,-1,-1,-1
377,1540,252.00,312.00,178.00,526.00,1,-1,-1,-1
377,1541,1788.00,384.00,84.00,264.00,1,-1,-1,-1
378,1535,1072.82,399.44,184.36,371.28,1,-1,-1,-1
378,1540,252.00,312.00,178.00,526.00,1,-1,-1,-1
378,1541,1788.00,384.00,84.00,264.00,1,-1,-1,-1
379,1535,1065.33,399.40,182.64,367.55,1,-1,-1,-1
379,1540,258.94,301.49,192.65,568.03,1,-1,-1,-1
380,1535,1062.48,399.43,181.97,366.00,1,-1,-1,-1
380,1540,261.04,297.99,197.94,582.04,1,-1,-1,-1
381,1535,1051.72,383.88,185.61,374.44,1,-1,-1,-1
381,1540,263.42,294.47,202.73,596.12,1,-1,-1,-1
382,1535,1047.87,378.03,186.66,377.58,1,-1,-1,-1
383,1535,1041.69,369.39,194.07,394.22,1,-1,-1,-1
383,1542,378.00,410.00,180.00,476.00,1,-1,-1,-1
384,1535,1039.63,366.15,196.41,400.50,1,-1,-1,-1
384,1542,378.00,410.00,180.00,476.00,1,-1,-1,-1
385,1535,1035.26,366.26,198.24,409.25,1,-1,-1,-1
385,1540,386.16,337.95,176.92,521.23,1,-1,-1,-1
386,1535,1034.33,366.38,197.58,412.53,1,-1,-1,-1
386,1540,396.27,341.86,174.09,513.81,1,-1,-1,-1
387,1527,1517.33,380.63,111.54,295.80,1,-1,-1,-1
387,1535,1041.96,366.52,195.67,414.96,1,-1,-1,-1
387,1540,411.55,345.38,173.22,511.23,1,-1,-1,-1
387,1543,974.00,370.00,166.00,418.00,1,-1,-1,-1
388,1527,1518.23,379.75,111.22,295.68,1,-1,-1,-1
388,1535,1045.81,366.64,193.26,415.77,1,-1,-1,-1
388,1543,974.00,370.00,166.00,418.00,1,-1,-1,-1
389,1527,1520.76,378.35,110.94,294.91,1,-1,-1,-1
389,1535,1043.33,364.51,195.01,419.54,1,-1,-1,-1
391,1535,980.51,353.45,206.06,444.32,1,-1,-1,-1
391,1540,512.03,413.71,151.18,425.93,1,-1,-1,-1
392,1535,970.21,351.59,207.58,448.47,1,-1,-1,-1
392,1540,516.79,419.21,154.42,418.92,1,-1,-1,-1
393,1535,965.97,344.49,209.22,457.68,1,-1,-1,-1
393,1540,531.13,405.94,163.54,430.35,1,-1,-1,-1
394,1535,965.18,341.84,208.46,461.08,1,-1,-1,-1
394,1540,534.51,401.19,169.41,434.49,1,-1,-1,-1
395,1535,952.79,353.75,204.41,446.82,1,-1,-1,-1
395,1540,533.05,355.23,185.04,470.94,1,-1,-1,-1
396,1535,947.68,358.53,203.86,441.03,1,-1,-1,-1
396,1540,531.97,338.42,191.57,484.29,1,-1,-1,-1
397,1535,944.06,360.37,209.98,454.41,1,-1,-1,-1
397,1540,544.95,335.28,191.90,485.13,1,-1,-1,-1
398,1535,942.84,361.07,212.22,459.35,1,-1,-1,-1
399,1535,934.10,330.42,222.26,485.66,1,-1,-1,-1
400,1535,931.45,318.79,224.87,495.60,1,-1,-1,-1
401,1535,914.45,306.63,231.33,514.67,1,-1,-1,-1
401,1540,642.01,363.56,167.02,423.10,1,-1,-1,-1
401,1544,556.00,394.00,176.00,394.00,1,-1,-1,-1
402,1535,908.59,302.01,232.59,521.91,1,-1,-1,-1
402,1540,650.25,366.76,164.26,416.81,1,-1,-1,-1
402,1544,556.00,394.00,176.00,394.00,1,-1,-1,-1
403,1535,902.97,309.28,227.29,514.31,1,-1,-1,-1
403,1540,657.78,344.83,177.21,449.80,1,-1,-1,-1
403,1545,818.00,330.00,158.00,478.00,1,-1,-1,-1
404,1535,901.51,312.31,224.14,511.06,1,-1,-1,-1
404,1540,660.51,337.12,181.73,461.37,1,-1,-1,-1
404,1545,818.00,330.00,158.00,478.00,1,-1,-1,-1
405,1535,900.02,322.63,219.95,508.36,1,-1,-1,-1
405,1540,672.53,327.70,182.42,463.34,1,-1,-1,-1
405,1545,819.22,316.49,163.06,493.01,1,-1,-1,-1
406,1535,900.43,326.66,216.72,507.17,1,-1,-1,-1
406,1540,676.68,324.16,182.64,464.08,1,-1,-1,-1
406,1545,819.59,311.99,164.84,498.01,1,-1,-1,-1
407,1535,894.60,325.06,218.50,511.34,1,-1,-1,-1
407,1540,686.71,320.30,175.38,446.07,1,-1,-1,-1
407,1545,811.44,297.82,177.54,535.24,1,-1,-1,-1
408,1540,690.01,318.98,172.50,439.12,1,-1,-1,-1
408,1545,808.45,293.02,182.21,548.03,1,-1,-1,-1
409,1540,701.50,315.83,171.94,437.70,1,-1,-1,-1
409,1545,807.99,302.32,181.22,536.08,1,-1,-1,-1
410,1545,806.99,306.24,182.48,530.77,1,-1,-1,-1
411,1545,806.93,313.21,182.31,517.73,1,-1,-1,-1
412,1545,805.67,315.94,184.72,512.55,1,-1,-1,-1
413,1545,800.59,310.31,192.16,522.53,1,-1,-1,-1
414,1545,797.57,308.26,197.21,526.13,1,-1,-1,-1
415,1545,790.60,306.23,201.57,529.98,1,-1,-1,-1
416,1545,787.16,305.51,204.83,531.31,1,-1,-1,-1
417,1545,786.89,351.14,196.19,495.00,1,-1,-1,-1
418,1545,785.58,368.92,195.36,480.71,1,-1,-1,-1
419,1545,778.22,357.83,207.56,502.36,1,-1,-1,-1
420,1545,774.57,353.79,213.98,510.16,1,-1,-1,-1
421,1545,771.31,313.01,231.99,554.86,1,-1,-1,-1
422,1545,770.32,297.73,238.28,571.58,1,-1,-1,-1
423,1545,768.68,294.64,241.03,578.17,1,-1,-1,-1
427,1540,926.51,307.50,184.37,489.21,1,-1,-1,-1
428,1540,933.45,307.52,179.74,490.50,1,-1,-1,-1
429,1540,949.31,333.34,162.62,454.82,1,-1,-1,-1
429,1545,632.17,313.01,245.15,586.53,1,-1,-1,-1
430,1540,955.47,343.51,154.64,440.71,1,-1,-1,-1
430,1545,621.82,314.86,245.53,586.20,1,-1,-1,-1
431,1535,623.80,484.11,193.54,415.87,1,-1,-1,-1
431,1540,966.67,345.49,153.98,438.83,1,-1,-1,-1
431,1545,611.96,314.36,247.28,590.39,1,-1,-1,-1
432,1535,615.82,486.94,202.07,413.63,1,-1,-1,-1
433,1535,605.92,492.86,200.38,410.16,1,-1,-1,-1
433,1545,537.46,254.12,281.26,672.85,1,-1,-1,-1
434,1545,525.35,244.45,286.38,686.21,1,-1,-1,-1
435,1535,543.58,476.25,228.79,463.07,1,-1,-1,-1
435,1545,511.21,238.85,290.72,696.61,1,-1,-1,-1
436,1535,533.40,474.22,234.25,470.40,1,-1,-1,-1
437,1535,518.85,475.99,236.53,474.98,1,-1,-1,-1
437,1545,490.44,252.40,302.93,716.26,1,-1,-1,-1
438,1545,485.68,254.79,307.57,719.57,1,-1,-1,-1
439,1545,472.36,247.90,314.40,728.49,1,-1,-1,-1
440,1545,466.87,245.35,318.32,731.67,1,-1,-1,-1
441,1540,1081.05,389.30,134.15,365.59,1,-1,-1,-1
441,1545,447.14,232.90,327.39,753.19,1,-1,-1,-1
442,1540,1082.32,390.76,137.19,363.00,1,-1,-1,-1
442,1545,439.92,228.22,330.63,761.23,1,-1,-1,-1
443,1540,1100.96,399.40,136.12,345.87,1,-1,-1,-1
443,1545,427.63,223.88,334.99,771.27,1,-1,-1,-1
444,1540,1106.28,402.41,137.81,339.84,1,-1,-1,-1
445,1540,1103.82,396.61,139.68,341.94,1,-1,-1,-1
445,1545,320.74,224.05,320.00,729.60,1,-1,-1,-1
446,1540,1102.37,394.41,140.90,342.89,1,-1,-1,-1
446,1545,301.55,224.23,319.25,722.01,1,-1,-1,-1
447,1540,1107.21,392.17,139.27,339.43,1,-1,-1,-1
447,1545,294.10,234.75,316.87,714.33,1,-1,-1,-1
448,1540,1108.73,391.25,138.65,338.32,1,-1,-1,-1
448,1545,291.58,238.76,316.42,711.35,1,-1,-1,-1
449,1540,1121.18,386.88,146.02,353.99,1,-1,-1,-1
449,1545,285.48,237.72,336.70,753.29,1,-1,-1,-1
450,1540,1125.36,385.26,149.25,359.79,1,-1,-1,-1
450,1545,282.94,237.35,345.11,768.85,1,-1,-1,-1
451,1540,1133.08,385.74,148.74,358.55,1,-1,-1,-1
451,1545,235.67,235.97,349.39,773.46,1,-1,-1,-1
452,1545,217.22,235.49,352.04,775.00,1,-1,-1,-1
453,1545,185.16,243.11,349.57,752.07,1,-1,-1,-1
454,1545,171.56,246.11,352.32,742.94,1,-1,-1,-1
455,1545,110.99,198.81,378.85,797.02,1,-1,-1,-1
456,1545,88.50,181.41,389.11,816.91,1,-1,-1,-1
457,1545,59.49,160.57,395.09,830.93,1,-1,-1,-1
458,1545,49.01,152.63,396.93,836.13,1,-1,-1,-1
459,1545,27.13,153.62,394.59,848.17,1,-1,-1,-1
460,1545,21.40,154.19,389.34,852.55,1,-1,-1,-1
461,1545,10.41,132.69,397.04,878.46,1,-1,-1,-1
462,1545,7.75,124.61,397.65,888.17,1,-1,-1,-1
463,1545,8.25,130.67,399.80,886.49,1,-1,-1,-1
463,1546,1200.00,404.00,186.00,310.00,1,-1,-1,-1
464,1545,8.32,133.26,401.97,885.51,1,-1,-1,-1
464,1546,1200.00,404.00,186.00,310.00,1,-1,-1,-1
465,1545,2.38,138.31,397.49,884.86,1,-1,-1,-1
465,1546,1216.48,407.00,190.57,319.01,1,-1,-1,-1
466,1545,-10.21,141.70,386.15,875.30,1,-1,-1,-1
466,1546,1217.83,403.62,191.61,322.01,1,-1,-1,-1
466,1547,254.00,312.00,212.00,564.00,1,-1,-1,-1
467,1545,-7.28,126.23,376.29,866.17,1,-1,-1,-1
467,1546,1224.92,409.54,187.93,317.12,1,-1,-1,-1
467,1547,257.85,327.43,209.44,557.14,1,-1,-1,-1
468,1545,-4.19,120.48,369.45,862.51,1,-1,-1,-1
468,1546,1227.46,411.64,185.96,315.23,1,-1,-1,-1
468,1547,258.48,330.00,209.04,556.00,1,-1,-1,-1
469,1545,-16.46,115.55,371.19,866.57,1,-1,-1,-1
469,1546,1231.64,413.03,186.24,315.70,1,-1,-1,-1
469,1547,279.42,342.57,198.65,524.44,1,-1,-1,-1
470,1547,285.78,346.56,196.38,513.99,1,-1,-1,-1
471,1547,337.11,357.73,182.04,473.46,1,-1,-1,-1
472,1547,353.66,361.15,178.22,460.43,1,-1,-1,-1
473,1547,367.59,357.76,187.32,475.35,1,-1,-1,-1
474,1547,370.75,356.49,192.82,480.71,1,-1,-1,-1
475,1547,378.25,358.56,190.34,466.84,1,-1,-1,-1
476,1547,379.32,359.16,191.39,462.13,1,-1,-1,-1
477,1547,388.58,372.80,185.35,441.79,1,-1,-1,-1
478,1547,390.67,377.67,184.63,434.74,1,-1,-1,-1
479,1547,401.13,384.68,185.96,431.20,1,-1,-1,-1
480,1547,403.72,387.07,188.19,430.24,1,-1,-1,-1
481,1547,412.30,387.78,194.49,442.23,1,-1,-1,-1
482,1547,414.88,387.94,197.49,446.79,1,-1,-1,-1
483,1547,424.45,391.45,195.53,442.37,1,-1,-1,-1
485,1547,473.38,369.33,202.38,450.84,1,-1,-1,-1
486,1547,479.94,366.01,205.64,452.04,1,-1,-1,-1
487,1547,488.15,367.47,211.86,465.63,1,-1,-1,-1
488,1547,490.97,368.01,214.20,470.70,1,-1,-1,-1
489,1547,500.49,360.40,219.53,480.48,1,-1,-1,-1
490,1547,503.59,357.50,222.01,484.20,1,-1,-1,-1
491,1547,512.13,366.76,212.76,472.66,1,-1,-1,-1
492,1547,515.97,370.34,207.23,468.18,1,-1,-1,-1
493,1547,522.99,386.08,198.67,452.11,1,-1,-1,-1
493,1548,122.00,476.00,204.00,494.00,1,-1,-1,-1
494,1547,525.63,392.01,194.73,446.05,1,-1,-1,-1
494,1548,122.00,476.00,204.00,494.00,1,-1,-1,-1
495,1547,537.49,398.10,180.27,412.19,1,-1,-1,-1
496,1547,541.44,400.27,174.98,399.47,1,-1,-1,-1
497,1547,546.45,384.82,182.98,415.29,1,-1,-1,-1
497,1549,220.00,236.00,190.00,568.00,1,-1,-1,-1
498,1547,547.84,379.29,186.47,420.99,1,-1,-1,-1
498,1549,220.00,236.00,190.00,568.00,1,-1,-1,-1
499,1547,539.43,354.88,203.84,458.69,1,-1,-1,-1
499,1549,261.52,240.50,219.56,647.57,1,-1,-1,-1
500,1547,536.08,345.84,210.68,472.67,1,-1,-1,-1
500,1549,273.85,242.00,232.41,674.08,1,-1,-1,-1
501,1547,533.02,332.07,217.66,491.02,1,-1,-1,-1
501,1549,288.11,243.51,241.60,700.73,1,-1,-1,-1
502,1547,532.03,326.81,219.67,498.07,1,-1,-1,-1
503,1547,596.45,350.54,200.88,459.64,1,-1,-1,-1
504,1547,622.21,360.22,192.50,444.13,1,-1,-1,-1
505,1547,632.05,359.39,192.18,443.40,1,-1,-1,-1
507,1547,649.67,341.16,196.49,465.50,1,-1,-1,-1
508,1547,654.55,338.30,193.36,468.93,1,-1,-1,-1
509,1547,653.83,321.68,194.39,481.86,1,-1,-1,-1
509,1549,502.87,259.83,233.43,650.62,1,-1,-1,-1
510,1547,654.51,315.47,192.52,486.69,1,-1,-1,-1
510,1549,507.53,260.39,238.73,643.78,1,-1,-1,-1
511,1547,661.62,311.71,193.57,489.36,1,-1,-1,-1
511,1549,528.66,262.10,240.39,648.25,1,-1,-1,-1
515,1549,639.32,297.36,206.29,567.20,1,-1,-1,-1
516,1549,648.82,300.46,200.16,559.19,1,-1,-1,-1
517,1549,653.52,282.51,209.65,589.30,1,-1,-1,-1
518,1549,655.38,276.17,212.32,599.93,1,-1,-1,-1
519,1549,662.06,260.55,216.87,618.48,1,-1,-1,-1
520,1549,664.60,254.61,217.57,625.50,1,-1,-1,-1
521,1549,669.47,277.10,204.94,589.06,1,-1,-1,-1
522,1549,670.50,285.96,199.98,574.68,1,-1,-1,-1
523,1549,686.50,287.83,195.43,562.84,1,-1,-1,-1
524,1549,692.08,288.46,193.56,558.55,1,-1,-1,-1
525,1549,745.58,304.54,187.24,539.84,1,-1,-1,-1
