1,1746,413.23,112.77,49.40,153.11,1,-1,-1,-1
1,1752,167.05,100.74,58.44,173.76,1,-1,-1,-1
1,1754,365.77,117.33,41.31,140.31,1,-1,-1,-1
1,1756,322.13,112.42,42.25,140.44,1,-1,-1,-1
1,1758,1358.00,426.00,174.00,340.00,1,-1,-1,-1
2,1758,1358.00,426.00,174.00,340.00,1,-1,-1,-1
3,1758,1362.98,423.00,179.06,350.51,1,-1,-1,-1
4,1758,1364.78,422.00,180.44,354.01,1,-1,-1,-1
5,1758,1372.12,423.15,181.52,356.43,1,-1,-1,-1
6,1758,1374.66,423.60,181.69,357.11,1,-1,-1,-1
7,1758,1379.58,418.28,185.78,370.96,1,-1,-1,-1
8,1758,1382.31,416.37,185.13,375.88,1,-1,-1,-1
9,1758,1393.84,417.03,180.81,369.55,1,-1,-1,-1
10,1758,1398.46,417.34,178.33,366.92,1,-1,-1,-1
11,1758,1402.31,416.48,179.55,369.44,1,-1,-1,-1
13,1758,1460.45,429.32,167.26,350.42,1,-1,-1,-1
14,1758,1470.75,431.38,163.05,347.36,1,-1,-1,-1
15,1758,1482.07,433.38,163.21,351.71,1,-1,-1,-1
16,1758,1486.53,434.10,162.23,353.30,1,-1,-1,-1
17,1758,1496.60,425.14,166.77,364.40,1,-1,-1,-1
18,1758,1500.33,421.76,168.17,368.56,1,-1,-1,-1
19,1758,1506.09,432.17,164.64,358.40,1,-1,-1,-1
20,1758,1507.67,436.21,163.78,354.40,1,-1,-1,-1
21,1758,1509.71,433.75,167.98,362.10,1,-1,-1,-1
22,1758,1510.13,432.81,169.89,364.95,1,-1,-1,-1
23,1758,1515.41,427.23,175.53,373.83,1,-1,-1,-1
24,1758,1516.84,425.10,178.47,377.16,1,-1,-1,-1
25,1758,1568.87,410.03,181.15,380.98,1,-1,-1,-1
26,1758,1588.36,404.28,182.62,382.38,1,-1,-1,-1
27,1758,1595.03,400.83,185.41,390.63,1,-1,-1,-1
28,1758,1597.62,399.56,185.83,393.72,1,-1,-1,-1
29,1758,1609.85,395.26,191.24,406.46,1,-1,-1,-1
30,1758,1614.47,393.67,192.94,411.25,1,-1,-1,-1
31,1758,1618.99,396.98,195.16,413.01,1,-1,-1,-1
32,1758,1620.07,398.33,196.70,413.57,1,-1,-1,-1
33,1758,1623.99,384.67,207.79,434.38,1,-1,-1,-1
34,1758,1625.02,379.53,212.62,442.19,1,-1,-1,-1
35,1758,1627.99,385.27,210.03,436.15,1,-1,-1,-1
36,1758,1628.78,387.63,209.08,433.59,1,-1,-1,-1
37,1758,1629.26,396.36,215.66,445.47,1,-1,-1,-1
37,1759,536.00,428.00,164.00,304.00,1,-1,-1,-1
38,1758,1629.08,399.69,218.57,449.88,1,-1,-1,-1
38,1759,536.00,428.00,164.00,304.00,1,-1,-1,-1
39,1758,1638.22,389.42,230.42,473.35,1,-1,-1,-1
39,1759,534.83,429.50,163.34,302.50,1,-1,-1,-1
40,1758,1641.49,385.52,235.16,482.22,1,-1,-1,-1
40,1759,534.37,430.00,163.25,302.00,1,-1,-1,-1
41,1758,1649.34,380.18,241.27,500.86,1,-1,-1,-1
41,1759,534.01,430.50,162.98,301.50,1,-1,-1,-1
42,1758,1653.07,378.15,241.95,507.94,1,-1,-1,-1
43,1758,1658.75,376.36,245.28,514.93,1,-1,-1,-1
61,1759,532.45,428.05,169.02,315.91,1,-1,-1,-1
62,1759,533.02,427.99,167.94,316.17,1,-1,-1,-1
63,1759,530.29,424.06,169.52,321.48,1,-1,-1,-1
64,1759,529.52,422.59,169.60,323.46,1,-1,-1,-1
65,1759,524.45,418.13,171.40,329.39,1,-1,-1,-1
66,1759,522.83,416.46,171.47,331.61,1,-1,-1,-1
67,1759,524.64,419.73,169.26,327.23,1,-1,-1,-1
68,1759,525.36,421.02,168.41,325.49,1,-1,-1,-1
69,1759,526.53,421.52,167.63,322.18,1,-1,-1,-1
70,1759,526.77,421.73,167.77,320.91,1,-1,-1,-1
71,1759,528.37,423.12,166.14,315.18,1,-1,-1,-1
72,1759,528.65,423.66,166.18,313.00,1,-1,-1,-1
73,1759,528.67,427.81,165.08,306.94,1,-1,-1,-1
74,1759,528.15,429.37,165.72,304.67,1,-1,-1,-1
75,1759,525.27,427.31,171.35,311.76,1,-1,-1,-1
76,1759,523.72,426.53,174.41,314.41,1,-1,-1,-1
77,1759,524.43,427.53,176.89,319.35,1,-1,-1,-1
78,1759,524.77,427.91,177.70,321.22,1,-1,-1,-1
79,1759,524.54,428.04,178.72,324.52,1,-1,-1,-1
80,1759,524.67,428.09,178.68,325.76,1,-1,-1,-1
81,1759,530.16,429.40,176.86,323.61,1,-1,-1,-1
82,1759,532.43,429.89,175.82,322.76,1,-1,-1,-1
83,1759,532.34,430.07,173.38,322.42,1,-1,-1,-1
84,1759,532.87,430.13,171.28,322.28,1,-1,-1,-1
85,1759,532.14,431.45,168.41,319.60,1,-1,-1,-1
86,1759,532.22,431.94,166.57,318.58,1,-1,-1,-1
87,1759,534.30,434.73,164.41,315.57,1,-1,-1,-1
88,1759,535.23,435.77,163.28,314.44,1,-1,-1,-1
89,1759,536.42,434.83,165.10,319.26,1,-1,-1,-1
90,1759,537.05,434.46,165.42,321.08,1,-1,-1,-1
91,1759,539.04,438.21,163.31,315.26,1,-1,-1,-1
92,1759,539.56,439.63,162.96,313.02,1,-1,-1,-1
93,1759,540.10,440.41,162.71,312.55,1,-1,-1,-1
107,1759,531.24,436.27,167.95,321.72,1,-1,-1,-1
108,1759,530.78,436.08,168.44,322.03,1,-1,-1,-1
109,1759,530.55,432.10,171.35,328.67,1,-1,-1,-1
110,1759,530.59,430.61,172.21,331.14,1,-1,-1,-1
111,1759,530.27,430.14,172.75,332.18,1,-1,-1,-1
113,1759,533.56,434.85,175.03,339.03,1,-1,-1,-1
114,1759,534.50,435.62,174.59,340.15,1,-1,-1,-1
115,1759,533.50,434.58,175.80,343.15,1,-1,-1,-1
116,1759,533.19,434.19,176.09,344.24,1,-1,-1,-1
117,1759,528.76,428.85,183.52,362.78,1,-1,-1,-1
118,1759,527.63,426.85,185.25,369.73,1,-1,-1,-1
119,1759,531.63,438.90,185.99,371.08,1,-1,-1,-1
120,1759,533.19,443.61,186.26,371.49,1,-1,-1,-1
121,1759,537.94,445.41,183.21,365.09,1,-1,-1,-1
122,1759,539.74,446.07,182.06,362.53,1,-1,-1,-1
123,1759,539.96,447.60,178.58,357.59,1,-1,-1,-1
124,1759,540.28,448.16,176.73,355.65,1,-1,-1,-1
125,1759,542.83,450.96,175.06,352.27,1,-1,-1,-1
126,1759,543.78,451.99,174.42,350.96,1,-1,-1,-1
127,1759,541.09,437.95,175.00,357.00,1,-1,-1,-1
128,1759,540.72,432.65,173.93,359.26,1,-1,-1,-1
129,1759,547.13,454.05,168.17,347.09,1,-1,-1,-1
130,1759,549.57,462.33,166.00,342.35,1,-1,-1,-1
131,1759,552.41,464.05,166.57,341.92,1,-1,-1,-1
132,1759,553.23,464.64,167.21,341.77,1,-1,-1,-1
133,1759,552.48,468.74,166.90,340.43,1,-1,-1,-1
134,1759,552.07,470.23,166.98,339.94,1,-1,-1,-1
135,1759,552.82,472.10,166.68,339.33,1,-1,-1,-1
139,1759,548.69,472.72,176.92,357.82,1,-1,-1,-1
140,1759,547.82,472.68,178.78,359.62,1,-1,-1,-1
141,1759,547.52,471.36,183.32,368.06,1,-1,-1,-1
142,1759,547.32,470.85,185.19,371.21,1,-1,-1,-1
143,1759,543.18,469.32,187.53,377.54,1,-1,-1,-1
144,1759,541.80,468.71,187.99,379.91,1,-1,-1,-1
145,1759,540.86,465.87,191.55,389.80,1,-1,-1,-1
146,1759,540.86,464.78,192.19,393.51,1,-1,-1,-1
147,1759,536.63,463.06,190.58,394.86,1,-1,-1,-1
148,1759,535.59,462.39,188.76,395.29,1,-1,-1,-1
149,1759,537.09,463.42,190.75,403.14,1,-1,-1,-1
150,1759,538.14,463.82,190.55,406.06,1,-1,-1,-1
151,1759,535.24,461.39,189.36,404.51,1,-1,-1,-1
152,1759,534.26,460.45,188.63,403.81,1,-1,-1,-1
153,1759,530.71,461.39,189.52,406.06,1,-1,-1,-1
154,1759,529.43,461.76,189.74,406.85,1,-1,-1,-1
155,1759,525.15,460.60,194.85,416.16,1,-1,-1,-1
156,1759,523.35,460.16,197.19,419.64,1,-1,-1,-1
157,1759,521.54,456.12,195.19,415.73,1,-1,-1,-1
158,1759,520.93,454.57,194.29,414.11,1,-1,-1,-1
159,1759,524.78,461.81,187.16,403.02,1,-1,-1,-1
160,1759,526.79,464.60,183.42,398.70,1,-1,-1,-1
161,1759,526.47,466.94,180.28,394.44,1,-1,-1,-1
162,1759,526.69,467.82,178.47,392.82,1,-1,-1,-1
163,1759,526.18,468.13,184.26,409.27,1,-1,-1,-1
164,1759,526.47,468.23,185.48,415.38,1,-1,-1,-1
165,1759,525.26,463.08,193.81,434.53,1,-1,-1,-1
166,1759,524.88,461.11,196.85,441.78,1,-1,-1,-1
167,1759,522.72,462.91,202.06,453.50,1,-1,-1,-1
167,1760,810.00,424.00,152.00,338.00,1,-1,-1,-1
168,1759,521.91,463.61,204.03,457.92,1,-1,-1,-1
168,1760,810.00,424.00,152.00,338.00,1,-1,-1,-1
169,1759,524.25,461.31,204.62,458.22,1,-1,-1,-1
169,1760,813.71,428.50,150.59,335.00,1,-1,-1,-1
170,1759,525.07,460.42,205.02,458.20,1,-1,-1,-1
170,1760,814.97,430.00,150.06,334.00,1,-1,-1,-1
171,1759,525.29,454.90,206.63,461.95,1,-1,-1,-1
171,1760,818.53,431.87,149.30,333.72,1,-1,-1,-1
172,1759,525.41,452.81,207.16,463.29,1,-1,-1,-1
172,1760,819.93,432.43,148.58,333.68,1,-1,-1,-1
173,1759,531.74,455.90,203.82,452.04,1,-1,-1,-1
173,1760,820.77,429.77,150.25,337.87,1,-1,-1,-1
174,1759,533.78,457.13,203.32,447.56,1,-1,-1,-1
174,1760,821.08,428.77,150.72,339.39,1,-1,-1,-1
175,1759,536.76,460.21,197.34,435.36,1,-1,-1,-1
175,1760,822.01,427.03,151.83,342.64,1,-1,-1,-1
176,1759,537.99,461.39,194.83,430.66,1,-1,-1,-1
176,1760,822.41,426.37,152.03,343.82,1,-1,-1,-1
177,1759,537.90,456.58,200.18,444.68,1,-1,-1,-1
177,1760,822.01,422.13,154.44,349.55,1,-1,-1,-1
178,1759,538.14,454.79,201.62,449.88,1,-1,-1,-1
178,1760,821.86,420.55,155.25,351.66,1,-1,-1,-1
179,1759,542.67,458.00,201.01,444.05,1,-1,-1,-1
179,1760,822.48,417.34,154.12,349.78,1,-1,-1,-1
180,1759,543.89,459.26,201.76,441.74,1,-1,-1,-1
180,1760,822.77,416.15,153.49,349.01,1,-1,-1,-1
181,1759,545.32,454.50,205.27,448.69,1,-1,-1,-1
181,1760,823.44,415.21,153.92,349.98,1,-1,-1,-1
182,1759,545.74,452.72,206.76,451.28,1,-1,-1,-1
183,1759,543.29,453.35,211.15,467.83,1,-1,-1,-1
183,1760,819.61,415.57,161.48,372.11,1,-1,-1,-1
183,1761,648.00,440.00,166.00,462.00,1,-1,-1,-1
184,1759,543.23,453.60,211.03,474.05,1,-1,-1,-1
184,1760,819.83,415.61,161.06,375.63,1,-1,-1,-1
184,1761,648.00,440.00,166.00,462.00,1,-1,-1,-1
185,1759,544.07,449.85,213.05,485.41,1,-1,-1,-1
185,1760,819.87,414.94,162.29,378.48,1,-1,-1,-1
185,1761,647.83,444.50,167.84,466.50,1,-1,-1,-1
186,1759,545.19,448.42,212.15,489.69,1,-1,-1,-1
186,1761,647.67,446.00,168.67,468.00,1,-1,-1,-1
187,1759,545.51,447.67,213.78,493.44,1,-1,-1,-1
187,1761,649.59,446.42,170.74,474.19,1,-1,-1,-1
188,1761,650.31,446.50,171.30,476.26,1,-1,-1,-1
189,1761,657.71,453.36,168.16,467.22,1,-1,-1,-1
190,1761,660.35,455.81,167.04,463.80,1,-1,-1,-1
191,1760,932.80,410.06,152.77,356.90,1,-1,-1,-1
191,1761,671.58,466.12,148.66,410.94,1,-1,-1,-1
192,1760,941.10,409.81,151.71,354.92,1,-1,-1,-1
192,1761,675.48,469.82,142.08,391.02,1,-1,-1,-1
193,1760,948.68,409.70,151.09,353.00,1,-1,-1,-1
193,1761,678.89,468.17,135.55,370.68,1,-1,-1,-1
194,1760,951.22,409.68,150.95,352.30,1,-1,-1,-1
194,1761,679.68,467.44,133.93,364.04,1,-1,-1,-1
195,1760,946.94,407.07,151.67,354.67,1,-1,-1,-1
195,1761,676.27,465.73,137.87,373.13,1,-1,-1,-1
196,1760,945.18,406.10,151.81,355.56,1,-1,-1,-1
196,1761,674.82,465.08,139.72,376.57,1,-1,-1,-1
197,1760,945.20,411.00,151.40,350.66,1,-1,-1,-1
197,1761,671.41,464.77,150.08,396.87,1,-1,-1,-1
198,1760,944.60,412.89,152.05,348.80,1,-1,-1,-1
198,1761,669.28,464.64,155.62,404.40,1,-1,-1,-1
199,1760,937.08,407.03,157.39,363.88,1,-1,-1,-1
199,1761,665.72,465.86,164.48,425.74,1,-1,-1,-1
200,1760,934.56,404.86,158.70,369.47,1,-1,-1,-1
200,1761,664.17,466.29,168.20,433.80,1,-1,-1,-1
201,1760,936.13,398.87,162.94,380.67,1,-1,-1,-1
201,1761,656.89,454.79,179.06,461.49,1,-1,-1,-1
202,1760,936.81,396.59,164.23,384.91,1,-1,-1,-1
202,1761,654.08,450.42,183.25,471.98,1,-1,-1,-1
203,1760,940.33,399.62,161.91,380.03,1,-1,-1,-1
203,1761,653.72,449.92,184.82,476.02,1,-1,-1,-1
204,1760,941.66,400.84,160.84,378.05,1,-1,-1,-1
205,1760,943.81,409.15,160.90,377.24,1,-1,-1,-1
205,1761,661.69,458.02,187.05,480.73,1,-1,-1,-1
206,1760,944.45,412.32,161.10,376.89,1,-1,-1,-1
206,1761,662.90,459.40,187.69,481.50,1,-1,-1,-1
207,1760,947.66,407.00,161.60,383.23,1,-1,-1,-1
207,1761,662.89,445.59,196.57,503.85,1,-1,-1,-1
208,1760,949.41,404.99,160.60,385.60,1,-1,-1,-1
208,1761,662.84,440.44,199.96,512.16,1,-1,-1,-1
209,1760,954.82,405.52,160.93,383.86,1,-1,-1,-1
209,1761,665.09,443.57,196.67,497.32,1,-1,-1,-1
210,1760,956.56,405.74,161.57,383.13,1,-1,-1,-1
210,1761,665.36,444.85,196.47,491.25,1,-1,-1,-1
211,1760,962.51,401.92,158.88,377.61,1,-1,-1,-1
211,1761,672.06,454.48,188.34,462.79,1,-1,-1,-1
212,1760,964.78,400.47,157.65,375.46,1,-1,-1,-1
212,1761,673.85,458.21,186.68,451.73,1,-1,-1,-1
213,1760,955.67,397.33,159.94,381.17,1,-1,-1,-1
213,1761,675.38,464.86,180.27,433.13,1,-1,-1,-1
214,1760,952.22,396.17,160.72,383.31,1,-1,-1,-1
214,1761,675.58,467.32,178.52,426.21,1,-1,-1,-1
215,1760,954.38,394.45,161.77,390.60,1,-1,-1,-1
215,1761,677.73,464.20,181.64,430.41,1,-1,-1,-1
215,1762,1058.00,384.00,150.00,396.00,1,-1,-1,-1
216,1760,955.70,393.82,161.08,393.34,1,-1,-1,-1
216,1761,678.11,463.02,183.56,432.03,1,-1,-1,-1
216,1762,1058.00,384.00,150.00,396.00,1,-1,-1,-1
217,1760,956.00,387.13,163.74,408.61,1,-1,-1,-1
217,1761,680.46,463.86,183.73,428.77,1,-1,-1,-1
217,1762,1060.75,379.50,152.02,402.00,1,-1,-1,-1
218,1760,957.09,384.61,162.75,414.35,1,-1,-1,-1
218,1761,680.89,464.16,184.63,427.60,1,-1,-1,-1
218,1762,1061.78,378.00,152.45,404.01,1,-1,-1,-1
219,1760,957.83,383.09,163.94,417.41,1,-1,-1,-1
219,1761,682.54,464.74,183.83,425.74,1,-1,-1,-1
219,1762,1064.33,384.78,152.36,404.56,1,-1,-1,-1
220,1762,1068.30,398.48,148.85,394.80,1,-1,-1,-1
221,1762,1074.65,399.12,147.36,394.03,1,-1,-1,-1
222,1762,1077.22,399.23,146.02,393.78,1,-1,-1,-1
223,1760,804.94,419.00,176.34,462.13,1,-1,-1,-1
223,1761,673.23,457.01,197.08,458.02,1,-1,-1,-1
223,1762,1082.47,404.58,144.85,392.37,1,-1,-1,-1
224,1760,799.51,421.47,170.09,461.24,1,-1,-1,-1
224,1761,670.65,462.89,188.38,441.22,1,-1,-1,-1
224,1762,1086.96,403.75,143.14,390.53,1,-1,-1,-1
225,1760,799.65,426.23,166.37,460.88,1,-1,-1,-1
225,1761,669.65,465.03,186.64,436.41,1,-1,-1,-1
225,1762,1085.97,407.36,139.55,384.51,1,-1,-1,-1
226,1760,800.80,428.00,163.21,460.62,1,-1,-1,-1
226,1761,669.20,465.81,186.16,434.65,1,-1,-1,-1
226,1762,1085.89,408.60,137.42,382.32,1,-1,-1,-1
227,1760,803.47,436.37,160.64,456.52,1,-1,-1,-1
227,1761,670.67,467.40,180.10,419.60,1,-1,-1,-1
227,1762,1085.66,414.31,135.54,378.90,1,-1,-1,-1
228,1760,805.05,439.53,159.08,454.81,1,-1,-1,-1
228,1761,671.14,467.99,178.00,413.91,1,-1,-1,-1
228,1762,1085.69,416.34,134.49,377.69,1,-1,-1,-1
229,1760,799.80,423.78,168.01,485.23,1,-1,-1,-1
229,1761,671.02,457.62,184.42,431.68,1,-1,-1,-1
229,1762,1083.78,399.76,140.51,394.54,1,-1,-1,-1
230,1760,803.64,430.56,166.17,481.35,1,-1,-1,-1
230,1761,674.26,458.98,180.22,425.30,1,-1,-1,-1
230,1762,1088.14,411.80,140.34,392.99,1,-1,-1,-1
231,1760,802.09,434.54,165.74,478.24,1,-1,-1,-1
231,1761,679.04,459.54,182.06,433.32,1,-1,-1,-1
231,1762,1090.19,416.45,142.10,397.62,1,-1,-1,-1
232,1760,799.15,430.84,173.22,489.87,1,-1,-1,-1
232,1761,679.67,459.30,182.02,433.23,1,-1,-1,-1
232,1762,1092.94,405.11,145.23,401.96,1,-1,-1,-1
233,1760,796.45,425.55,180.71,501.88,1,-1,-1,-1
233,1762,1098.27,399.43,149.48,410.11,1,-1,-1,-1
234,1760,794.70,423.48,185.27,506.40,1,-1,-1,-1
234,1762,1099.89,397.26,151.80,413.18,1,-1,-1,-1
235,1760,788.54,422.66,186.71,505.42,1,-1,-1,-1
235,1762,1103.49,406.80,153.06,411.71,1,-1,-1,-1
236,1760,785.85,422.33,188.12,504.86,1,-1,-1,-1
236,1762,1104.32,410.46,154.46,411.09,1,-1,-1,-1
237,1760,785.29,424.78,194.45,514.87,1,-1,-1,-1
237,1762,1107.34,406.61,155.96,408.20,1,-1,-1,-1
238,1760,784.49,425.71,198.20,518.57,1,-1,-1,-1
238,1762,1107.74,405.11,157.86,407.07,1,-1,-1,-1
239,1760,773.98,424.77,209.94,545.66,1,-1,-1,-1
239,1762,1108.01,413.67,155.56,394.85,1,-1,-1,-1
240,1760,769.66,424.40,215.14,555.87,1,-1,-1,-1
240,1762,1107.39,416.92,155.91,390.17,1,-1,-1,-1
241,1760,770.66,417.85,215.82,550.73,1,-1,-1,-1
241,1762,1108.77,437.85,151.39,375.27,1,-1,-1,-1
242,1760,770.55,415.27,217.32,548.46,1,-1,-1,-1
242,1762,1108.83,445.68,150.43,369.69,1,-1,-1,-1
243,1760,775.89,420.77,213.77,534.47,1,-1,-1,-1
243,1762,1110.81,449.34,149.40,367.16,1,-1,-1,-1
244,1760,777.57,422.90,213.32,528.90,1,-1,-1,-1
245,1760,789.57,431.53,202.28,503.20,1,-1,-1,-1
245,1761,910.29,414.90,185.67,461.36,1,-1,-1,-1
246,1760,794.42,434.82,197.68,493.23,1,-1,-1,-1
246,1761,920.48,413.48,180.29,462.29,1,-1,-1,-1
247,1760,797.88,432.03,197.97,489.57,1,-1,-1,-1
247,1761,932.65,411.06,180.86,463.75,1,-1,-1,-1
247,1762,1194.56,412.90,157.21,390.77,1,-1,-1,-1
248,1760,798.71,430.97,199.02,488.23,1,-1,-1,-1
248,1762,1202.84,409.44,156.62,393.01,1,-1,-1,-1
249,1760,803.11,433.17,191.24,470.66,1,-1,-1,-1
249,1761,920.41,414.34,178.83,466.12,1,-1,-1,-1
249,1762,1216.90,429.06,149.68,375.57,1,-1,-1,-1
250,1760,804.92,433.98,188.00,464.03,1,-1,-1,-1
250,1761,919.27,414.88,176.75,466.50,1,-1,-1,-1
250,1762,1221.91,436.61,147.03,368.87,1,-1,-1,-1
251,1760,808.77,439.56,181.76,448.41,1,-1,-1,-1
251,1761,923.81,422.90,170.09,450.95,1,-1,-1,-1
251,1762,1227.16,439.36,148.02,365.12,1,-1,-1,-1
252,1760,803.55,433.59,186.06,458.76,1,-1,-1,-1
252,1761,927.49,424.69,170.90,450.28,1,-1,-1,-1
252,1762,1228.31,435.06,154.78,370.36,1,-1,-1,-1
253,1760,807.08,434.03,184.66,456.00,1,-1,-1,-1
253,1761,926.12,425.37,171.04,452.66,1,-1,-1,-1
253,1762,1228.48,442.57,157.42,364.52,1,-1,-1,-1
254,1760,808.27,432.86,185.75,461.66,1,-1,-1,-1
254,1761,924.83,426.94,173.52,458.78,1,-1,-1,-1
254,1762,1232.03,449.35,158.76,359.69,1,-1,-1,-1
255,1760,809.59,436.34,184.41,463.84,1,-1,-1,-1
255,1761,926.46,426.25,173.74,464.99,1,-1,-1,-1
255,1762,1228.48,446.55,163.28,361.90,1,-1,-1,-1
256,1760,805.19,435.03,192.37,492.23,1,-1,-1,-1
256,1761,928.10,428.59,181.80,493.29,1,-1,-1,-1
256,1762,1236.69,457.25,159.94,353.59,1,-1,-1,-1
257,1760,802.50,438.37,196.15,509.20,1,-1,-1,-1
257,1761,930.39,430.75,183.90,503.94,1,-1,-1,-1
257,1762,1243.72,455.95,162.28,359.76,1,-1,-1,-1
258,1760,801.36,440.95,195.24,513.24,1,-1,-1,-1
258,1761,935.09,434.17,181.85,500.33,1,-1,-1,-1
258,1762,1248.85,450.20,166.94,365.99,1,-1,-1,-1
259,1760,803.07,440.64,195.71,522.47,1,-1,-1,-1
259,1761,936.54,439.38,181.40,503.94,1,-1,-1,-1
259,1762,1253.16,455.77,167.51,363.18,1,-1,-1,-1
260,1760,802.60,441.41,196.96,525.79,1,-1,-1,-1
260,1761,935.14,429.73,187.43,522.02,1,-1,-1,-1
260,1762,1259.50,457.56,167.14,362.36,1,-1,-1,-1
261,1761,936.46,423.49,189.66,526.26,1,-1,-1,-1
262,1761,936.66,421.05,190.84,527.76,1,-1,-1,-1
263,1761,931.26,417.54,198.10,548.84,1,-1,-1,-1
264,1761,929.25,416.22,200.63,556.77,1,-1,-1,-1
265,1761,933.17,424.71,197.08,545.58,1,-1,-1,-1
266,1761,934.49,428.07,195.84,540.97,1,-1,-1,-1
267,1760,794.92,434.76,193.49,529.26,1,-1,-1,-1
267,1761,933.61,422.85,197.94,546.89,1,-1,-1,-1
267,1762,1333.86,435.83,176.45,384.51,1,-1,-1,-1
268,1760,796.21,434.24,189.69,529.03,1,-1,-1,-1
268,1761,933.23,420.87,198.68,549.03,1,-1,-1,-1
268,1762,1338.04,434.42,176.36,385.87,1,-1,-1,-1
269,1760,796.18,435.38,181.44,514.58,1,-1,-1,-1
269,1761,937.52,424.01,197.68,541.96,1,-1,-1,-1
269,1762,1347.62,433.93,173.10,379.84,1,-1,-1,-1
270,1760,796.86,435.81,177.01,509.09,1,-1,-1,-1
270,1761,938.71,425.24,198.04,539.10,1,-1,-1,-1
270,1762,1351.10,433.77,171.63,377.52,1,-1,-1,-1
271,1760,794.38,425.45,178.24,516.24,1,-1,-1,-1
271,1761,937.18,415.28,199.35,543.14,1,-1,-1,-1
271,1762,1364.22,454.61,162.66,359.65,1,-1,-1,-1
272,1760,793.78,421.59,178.09,518.90,1,-1,-1,-1
272,1761,936.59,411.52,199.72,544.61,1,-1,-1,-1
272,1762,1369.06,462.61,158.85,352.81,1,-1,-1,-1
273,1760,792.69,420.41,178.36,519.71,1,-1,-1,-1
273,1761,934.06,414.01,197.83,532.08,1,-1,-1,-1
273,1762,1377.47,462.86,160.95,352.98,1,-1,-1,-1
274,1761,932.35,415.02,198.43,527.17,1,-1,-1,-1
274,1762,1379.86,462.90,162.77,353.10,1,-1,-1,-1
275,1761,939.85,416.73,191.44,503.01,1,-1,-1,-1
275,1762,1384.09,453.66,168.12,362.39,1,-1,-1,-1
276,1761,942.14,417.42,189.81,493.79,1,-1,-1,-1
276,1762,1385.21,450.18,170.69,365.89,1,-1,-1,-1
277,1760,794.90,425.00,173.42,507.65,1,-1,-1,-1
277,1761,940.17,415.03,193.39,498.42,1,-1,-1,-1
277,1762,1451.56,446.22,162.99,346.42,1,-1,-1,-1
278,1760,799.35,426.93,170.16,502.25,1,-1,-1,-1
278,1761,937.02,410.22,194.25,501.50,1,-1,-1,-1
278,1762,1466.49,444.67,167.56,356.20,1,-1,-1,-1
279,1760,805.31,435.49,165.35,491.23,1,-1,-1,-1
279,1761,940.33,422.84,189.41,486.99,1,-1,-1,-1
279,1762,1470.72,446.73,167.32,354.52,1,-1,-1,-1
280,1760,807.77,438.66,163.09,487.18,1,-1,-1,-1
280,1761,941.35,427.70,187.98,481.51,1,-1,-1,-1
280,1762,1471.72,447.52,167.51,353.90,1,-1,-1,-1
281,1760,809.62,433.23,168.28,497.60,1,-1,-1,-1
281,1761,938.56,428.16,189.74,483.53,1,-1,-1,-1
281,1762,1458.47,437.35,175.79,373.35,1,-1,-1,-1
282,1760,809.87,431.20,171.08,501.50,1,-1,-1,-1
282,1761,937.23,428.31,190.95,484.35,1,-1,-1,-1
282,1762,1453.68,433.58,178.34,380.57,1,-1,-1,-1
283,1760,815.98,439.55,169.21,493.89,1,-1,-1,-1
283,1761,935.61,425.72,193.60,488.68,1,-1,-1,-1
283,1762,1449.20,423.11,186.49,401.40,1,-1,-1,-1
284,1760,818.11,442.74,168.86,490.99,1,-1,-1,-1
284,1761,934.72,424.72,195.13,490.36,1,-1,-1,-1
284,1762,1447.82,419.14,188.69,409.32,1,-1,-1,-1
285,1760,815.60,446.54,173.97,499.13,1,-1,-1,-1
285,1761,935.30,424.96,194.69,489.25,1,-1,-1,-1
285,1762,1450.49,417.64,189.03,417.45,1,-1,-1,-1
286,1760,814.02,447.93,177.09,502.20,1,-1,-1,-1
286,1762,1452.27,417.12,187.31,420.51,1,-1,-1,-1
287,1760,814.89,452.33,180.48,508.59,1,-1,-1,-1
287,1761,929.33,425.91,199.09,502.91,1,-1,-1,-1
287,1762,1466.32,440.12,177.55,401.00,1,-1,-1,-1
288,1760,809.70,453.96,182.36,511.01,1,-1,-1,-1
288,1761,929.26,426.19,199.18,503.15,1,-1,-1,-1
288,1762,1476.47,440.02,175.71,398.43,1,-1,-1,-1
289,1760,811.33,449.33,183.60,511.92,1,-1,-1,-1
289,1761,931.35,426.10,195.22,494.54,1,-1,-1,-1
289,1762,1480.92,421.73,181.19,411.78,1,-1,-1,-1
290,1760,811.70,447.52,184.53,512.24,1,-1,-1,-1
290,1761,931.98,426.12,194.01,492.67,1,-1,-1,-1
290,1762,1482.59,414.90,183.00,416.75,1,-1,-1,-1
291,1760,812.33,448.28,184.79,512.96,1,-1,-1,-1
291,1761,936.16,428.74,194.86,494.64,1,-1,-1,-1
291,1762,1489.84,412.30,185.57,416.00,1,-1,-1,-1
292,1761,937.69,429.72,195.22,495.40,1,-1,-1,-1
292,1762,1491.70,411.36,188.02,415.61,1,-1,-1,-1
293,1761,931.63,433.99,196.86,497.00,1,-1,-1,-1
293,1762,1495.50,433.15,181.10,395.91,1,-1,-1,-1
294,1761,929.07,435.59,198.00,497.61,1,-1,-1,-1
294,1762,1496.22,441.66,179.33,388.18,1,-1,-1,-1
295,1761,925.12,430.95,204.39,520.04,1,-1,-1,-1
295,1762,1502.27,446.11,176.05,378.74,1,-1,-1,-1
296,1761,924.33,429.20,205.39,528.42,1,-1,-1,-1
296,1762,1504.07,447.74,175.39,375.22,1,-1,-1,-1
297,1760,824.75,453.93,181.64,504.86,1,-1,-1,-1
297,1761,929.09,428.51,198.26,516.15,1,-1,-1,-1
297,1762,1516.43,441.71,185.77,396.38,1,-1,-1,-1
298,1760,825.62,454.24,181.23,504.22,1,-1,-1,-1
298,1761,931.55,428.22,194.29,511.26,1,-1,-1,-1
298,1762,1520.78,439.49,189.87,404.16,1,-1,-1,-1
299,1760,826.81,455.03,181.16,504.04,1,-1,-1,-1
299,1761,935.20,430.73,189.95,501.55,1,-1,-1,-1
299,1762,1562.41,433.43,201.65,422.68,1,-1,-1,-1
300,1761,936.75,431.67,187.98,497.85,1,-1,-1,-1
300,1762,1577.33,431.12,207.85,429.72,1,-1,-1,-1
301,1761,934.16,434.64,194.90,512.21,1,-1,-1,-1
301,1762,1589.62,422.51,212.15,436.23,1,-1,-1,-1
302,1761,932.78,435.74,198.29,517.56,1,-1,-1,-1
302,1762,1593.79,419.19,214.38,438.65,1,-1,-1,-1
303,1761,931.86,436.14,199.07,523.49,1,-1,-1,-1
303,1762,1599.12,408.92,216.15,438.18,1,-1,-1,-1
304,1761,931.90,436.27,198.57,525.71,1,-1,-1,-1
304,1762,1600.35,405.01,217.82,437.89,1,-1,-1,-1
305,1761,933.29,435.00,199.52,531.70,1,-1,-1,-1
305,1762,1601.71,388.03,232.94,470.09,1,-1,-1,-1
306,1761,934.17,434.51,199.17,533.93,1,-1,-1,-1
306,1762,1602.43,381.69,238.06,482.10,1,-1,-1,-1
307,1761,936.99,434.30,199.25,538.61,1,-1,-1,-1
307,1762,1607.54,390.76,238.72,490.53,1,-1,-1,-1
308,1761,938.50,434.21,198.38,540.33,1,-1,-1,-1
308,1762,1610.23,394.41,237.04,493.65,1,-1,-1,-1
309,1761,934.89,425.09,203.81,562.98,1,-1,-1,-1
309,1762,1620.48,394.64,232.87,481.84,1,-1,-1,-1
310,1761,934.32,421.64,204.24,571.48,1,-1,-1,-1
310,1762,1623.84,394.81,231.87,477.01,1,-1,-1,-1
311,1761,938.64,431.89,197.87,559.23,1,-1,-1,-1
311,1762,1630.31,405.33,221.95,455.57,1,-1,-1,-1
312,1761,940.84,435.91,194.32,554.27,1,-1,-1,-1
312,1762,1632.37,409.45,218.31,447.17,1,-1,-1,-1
313,1760,1053.70,501.35,184.73,476.46,1,-1,-1,-1
313,1761,940.05,446.55,185.77,536.67,1,-1,-1,-1
313,1762,1638.14,414.95,214.47,446.66,1,-1,-1,-1
314,1760,1055.87,502.60,193.34,475.69,1,-1,-1,-1
314,1761,940.34,450.59,181.30,529.87,1,-1,-1,-1
314,1762,1641.07,417.00,211.11,446.45,1,-1,-1,-1
315,1760,1068.11,505.15,192.75,474.24,1,-1,-1,-1
315,1761,1023.19,442.85,183.67,532.58,1,-1,-1,-1
315,1762,1644.76,407.30,217.37,454.20,1,-1,-1,-1
315,1763,0.00,424.00,184.00,408.00,1,-1,-1,-1
316,1761,1062.13,472.59,181.57,512.69,1,-1,-1,-1
316,1762,1647.19,406.24,221.24,466.20,1,-1,-1,-1
316,1763,1.84,424.00,187.18,414.86,1,-1,-1,-1
317,1761,1076.89,485.28,181.72,501.07,1,-1,-1,-1
317,1762,1652.80,403.27,214.32,457.82,1,-1,-1,-1
317,1764,930.00,438.00,174.00,538.00,1,-1,-1,-1
318,1760,934.87,446.77,207.25,530.01,1,-1,-1,-1
318,1761,1080.88,489.86,184.01,496.84,1,-1,-1,-1
318,1762,1655.50,402.15,210.11,454.45,1,-1,-1,-1
319,1760,932.00,443.57,208.73,533.79,1,-1,-1,-1
319,1761,1080.30,449.13,189.66,516.50,1,-1,-1,-1
319,1762,1660.28,401.27,210.51,455.32,1,-1,-1,-1
320,1761,1084.14,472.97,187.17,499.14,1,-1,-1,-1
321,1761,1083.23,474.36,193.98,504.30,1,-1,-1,-1
322,1761,1081.37,474.83,199.15,506.23,1,-1,-1,-1
323,1761,1084.06,474.94,200.33,500.47,1,-1,-1,-1
324,1761,1083.90,474.91,202.59,498.32,1,-1,-1,-1
325,1761,1082.11,480.10,205.14,494.94,1,-1,-1,-1
325,1765,92.00,398.00,186.00,428.00,1,-1,-1,-1
326,1761,1080.18,482.00,208.18,493.72,1,-1,-1,-1
326,1765,92.00,398.00,186.00,428.00,1,-1,-1,-1
327,1761,1074.07,444.59,222.35,531.38,1,-1,-1,-1
327,1765,98.21,399.50,191.59,440.01,1,-1,-1,-1
328,1761,1072.31,430.81,226.55,545.25,1,-1,-1,-1
328,1765,100.11,400.00,193.81,444.01,1,-1,-1,-1
329,1760,842.69,452.40,184.89,466.14,1,-1,-1,-1
329,1761,1070.69,433.12,224.54,541.68,1,-1,-1,-1
329,1765,110.36,391.54,195.08,446.58,1,-1,-1,-1
330,1760,838.49,453.36,185.13,462.48,1,-1,-1,-1
330,1761,1070.04,434.14,223.44,540.17,1,-1,-1,-1
330,1765,113.77,388.55,195.55,447.27,1,-1,-1,-1
331,1760,832.46,452.67,184.16,460.06,1,-1,-1,-1
331,1761,1070.92,433.30,225.71,544.71,1,-1,-1,-1
331,1765,118.05,384.81,196.03,445.97,1,-1,-1,-1
332,1761,1071.07,433.04,226.76,546.38,1,-1,-1,-1
332,1765,119.08,383.54,196.85,445.36,1,-1,-1,-1
333,1761,1071.02,429.11,227.18,550.83,1,-1,-1,-1
333,1765,118.82,380.46,195.34,442.35,1,-1,-1,-1
334,1761,1071.30,427.67,226.55,552.46,1,-1,-1,-1
334,1765,118.62,379.42,194.65,441.15,1,-1,-1,-1
335,1761,1076.49,429.78,223.76,540.03,1,-1,-1,-1
335,1765,121.34,377.33,195.03,442.01,1,-1,-1,-1
336,1761,1077.82,430.66,223.81,535.16,1,-1,-1,-1
337,1761,1076.03,423.19,226.93,543.78,1,-1,-1,-1
337,1765,209.42,419.74,182.25,396.40,1,-1,-1,-1
338,1761,1075.44,420.43,227.82,546.99,1,-1,-1,-1
338,1765,220.49,426.43,185.51,389.23,1,-1,-1,-1
339,1760,843.34,447.97,192.44,478.62,1,-1,-1,-1
339,1761,1078.46,427.23,228.02,546.87,1,-1,-1,-1
339,1765,232.59,429.66,183.40,384.79,1,-1,-1,-1
340,1760,843.93,447.78,193.42,479.65,1,-1,-1,-1
340,1761,1079.48,429.90,228.21,546.78,1,-1,-1,-1
341,1760,842.40,447.19,193.57,480.01,1,-1,-1,-1
341,1761,1081.68,432.25,227.14,538.88,1,-1,-1,-1
341,1765,236.58,398.24,201.78,420.63,1,-1,-1,-1
342,1761,1081.87,433.18,227.85,535.83,1,-1,-1,-1
342,1765,237.28,393.86,205.30,425.60,1,-1,-1,-1
343,1761,1081.75,446.64,225.77,524.19,1,-1,-1,-1
343,1765,250.67,392.25,203.39,422.20,1,-1,-1,-1
344,1761,1080.90,451.76,226.45,519.78,1,-1,-1,-1
344,1765,255.51,391.68,202.51,420.88,1,-1,-1,-1
345,1761,1078.16,444.43,227.49,518.17,1,-1,-1,-1
345,1765,267.09,382.34,206.93,430.85,1,-1,-1,-1
346,1761,1076.62,441.66,228.83,517.61,1,-1,-1,-1
346,1765,271.33,378.87,208.37,434.57,1,-1,-1,-1
347,1761,1078.22,449.78,223.59,500.39,1,-1,-1,-1
347,1765,280.96,385.39,203.97,421.69,1,-1,-1,-1
348,1761,1078.18,452.87,222.81,493.89,1,-1,-1,-1
348,1765,283.85,387.99,203.10,416.65,1,-1,-1,-1
349,1761,1074.53,452.65,225.79,499.52,1,-1,-1,-1
349,1765,292.37,387.08,202.91,416.27,1,-1,-1,-1
350,1761,1073.03,452.55,227.17,501.68,1,-1,-1,-1
351,1761,1076.79,453.79,222.93,492.09,1,-1,-1,-1
352,1761,1078.17,454.22,221.40,488.52,1,-1,-1,-1
353,1761,1075.59,454.36,225.69,495.18,1,-1,-1,-1
354,1761,1074.26,454.39,228.00,497.72,1,-1,-1,-1
355,1760,912.85,457.63,190.77,482.06,1,-1,-1,-1
355,1761,1073.27,453.07,221.98,484.36,1,-1,-1,-1
356,1760,916.19,458.01,188.54,482.08,1,-1,-1,-1
356,1761,1072.84,452.53,219.77,479.32,1,-1,-1,-1
357,1760,914.49,451.57,194.83,503.11,1,-1,-1,-1
357,1761,1073.19,452.94,218.53,476.60,1,-1,-1,-1
357,1765,353.58,387.65,193.80,404.39,1,-1,-1,-1
358,1760,914.20,449.19,196.39,510.85,1,-1,-1,-1
358,1765,357.02,387.77,190.98,403.82,1,-1,-1,-1
359,1760,916.44,448.28,195.95,515.09,1,-1,-1,-1
359,1761,1064.25,440.49,227.07,500.50,1,-1,-1,-1
359,1765,366.70,386.48,189.07,397.03,1,-1,-1,-1
360,1760,917.66,447.94,194.88,516.63,1,-1,-1,-1
360,1761,1063.75,438.58,226.60,504.11,1,-1,-1,-1
360,1765,369.78,386.02,188.94,394.53,1,-1,-1,-1
361,1760,922.67,454.31,186.52,497.66,1,-1,-1,-1
361,1761,1068.03,441.81,225.35,505.41,1,-1,-1,-1
361,1765,369.96,383.22,191.69,398.91,1,-1,-1,-1
362,1760,924.76,456.79,182.75,490.22,1,-1,-1,-1
362,1761,1070.13,443.06,223.95,505.90,1,-1,-1,-1
362,1765,369.67,382.19,193.04,400.59,1,-1,-1,-1
363,1760,926.95,457.15,182.75,490.22,1,-1,-1,-1
363,1761,1069.43,435.73,223.82,512.58,1,-1,-1,-1
363,1765,378.59,384.44,189.46,398.64,1,-1,-1,-1
364,1761,1069.97,432.97,222.17,515.10,1,-1,-1,-1
364,1765,382.40,385.32,186.84,397.93,1,-1,-1,-1
365,1760,932.17,457.98,176.54,476.63,1,-1,-1,-1
365,1761,1072.19,431.95,218.82,510.84,1,-1,-1,-1
365,1765,391.83,405.32,179.99,384.58,1,-1,-1,-1
365,1766,16.00,438.00,174.00,412.00,1,-1,-1,-1
366,1760,933.37,458.11,174.80,474.46,1,-1,-1,-1
366,1761,1073.44,431.60,216.76,509.18,1,-1,-1,-1
366,1765,395.29,412.94,177.12,379.54,1,-1,-1,-1
366,1766,16.00,438.00,174.00,412.00,1,-1,-1,-1
367,1760,935.93,451.55,179.16,492.22,1,-1,-1,-1
367,1761,1067.58,427.58,218.21,517.67,1,-1,-1,-1
367,1765,406.35,419.67,174.67,373.78,1,-1,-1,-1
368,1760,937.40,449.14,179.65,498.74,1,-1,-1,-1
368,1761,1065.95,426.10,217.60,520.86,1,-1,-1,-1
368,1765,410.21,422.10,173.93,371.71,1,-1,-1,-1
369,1760,939.03,445.63,178.86,497.35,1,-1,-1,-1
369,1761,1064.83,425.57,211.91,509.06,1,-1,-1,-1
369,1765,416.36,424.70,172.72,369.13,1,-1,-1,-1
369,1767,100.00,446.00,220.00,366.00,1,-1,-1,-1
370,1760,939.66,444.30,178.39,496.77,1,-1,-1,-1
370,1761,1064.63,425.42,209.32,504.47,1,-1,-1,-1
370,1767,100.00,446.00,220.00,366.00,1,-1,-1,-1
371,1760,941.92,445.12,174.06,487.39,1,-1,-1,-1
371,1761,1066.05,428.03,209.36,502.75,1,-1,-1,-1
371,1767,100.38,452.00,217.75,363.00,1,-1,-1,-1
372,1760,942.94,445.47,171.93,483.80,1,-1,-1,-1
372,1761,1066.41,429.04,209.76,502.11,1,-1,-1,-1
372,1767,100.71,454.01,216.58,362.00,1,-1,-1,-1
373,1760,944.43,444.30,170.14,478.52,1,-1,-1,-1
373,1761,1065.85,428.39,209.58,501.68,1,-1,-1,-1
373,1767,101.37,447.28,220.94,371.90,1,-1,-1,-1
374,1760,944.92,443.89,169.51,476.55,1,-1,-1,-1
374,1767,102.20,444.93,221.22,375.30,1,-1,-1,-1
375,1760,952.67,442.44,171.11,477.15,1,-1,-1,-1
375,1767,104.12,438.58,222.15,380.56,1,-1,-1,-1
376,1760,955.17,441.91,172.44,477.41,1,-1,-1,-1
376,1767,105.56,436.30,220.97,382.39,1,-1,-1,-1
377,1760,954.17,440.43,175.39,482.77,1,-1,-1,-1
377,1767,108.28,416.74,221.43,389.67,1,-1,-1,-1
378,1760,953.46,439.89,177.05,484.81,1,-1,-1,-1
378,1767,110.47,409.54,219.19,392.29,1,-1,-1,-1
379,1760,955.27,439.15,177.05,484.82,1,-1,-1,-1
379,1767,117.63,439.98,209.54,373.35,1,-1,-1,-1
380,1767,120.12,451.93,206.24,365.90,1,-1,-1,-1
381,1767,115.11,442.92,214.09,377.89,1,-1,-1,-1
382,1767,112.94,439.62,217.62,382.25,1,-1,-1,-1
383,1765,521.35,426.52,162.63,345.81,1,-1,-1,-1
383,1767,104.28,438.37,214.90,382.58,1,-1,-1,-1
384,1765,523.54,426.39,162.98,345.34,1,-1,-1,-1
384,1767,101.76,437.91,212.25,382.65,1,-1,-1,-1
385,1765,530.37,427.05,162.14,343.57,1,-1,-1,-1
385,1767,100.81,437.30,212.90,383.83,1,-1,-1,-1
387,1765,531.95,431.42,153.91,328.23,1,-1,-1,-1
388,1765,532.45,432.11,152.04,325.82,1,-1,-1,-1
389,1765,537.62,433.01,150.74,323.05,1,-1,-1,-1
393,1760,1054.62,441.75,207.34,535.04,1,-1,-1,-1
393,1765,544.07,430.57,150.12,319.31,1,-1,-1,-1
393,1767,256.88,428.19,188.47,353.82,1,-1,-1,-1
394,1760,1053.47,441.90,216.30,536.57,1,-1,-1,-1
394,1765,544.04,430.31,150.86,319.10,1,-1,-1,-1
394,1767,267.91,427.80,181.52,352.11,1,-1,-1,-1
395,1760,1059.24,441.86,217.34,539.15,1,-1,-1,-1
395,1765,547.75,430.65,149.92,317.12,1,-1,-1,-1
395,1767,277.36,426.95,180.77,350.66,1,-1,-1,-1
397,1760,1057.27,441.96,220.82,532.47,1,-1,-1,-1
398,1760,1055.11,441.98,224.95,531.34,1,-1,-1,-1
399,1760,1052.57,443.29,228.71,536.20,1,-1,-1,-1
399,1768,128.00,392.00,160.00,390.00,1,-1,-1,-1
400,1760,1051.17,446.38,228.20,530.18,1,-1,-1,-1
401,1760,1051.73,444.95,225.48,525.20,1,-1,-1,-1
402,1760,1051.95,444.39,224.18,523.29,1,-1,-1,-1
403,1760,1052.61,444.18,223.65,517.32,1,-1,-1,-1
404,1760,1052.27,444.10,224.40,515.05,1,-1,-1,-1
405,1760,1054.87,446.68,226.92,516.83,1,-1,-1,-1
406,1760,1055.33,447.65,228.75,517.51,1,-1,-1,-1
407,1760,1051.49,441.47,230.76,516.47,1,-1,-1,-1
408,1760,1049.33,439.12,232.77,516.08,1,-1,-1,-1
409,1760,1046.69,440.86,235.74,517.25,1,-1,-1,-1
410,1760,1045.00,441.52,238.13,517.69,1,-1,-1,-1
411,1760,1045.06,439.17,240.16,517.87,1,-1,-1,-1
411,1767,266.75,410.04,184.20,363.57,1,-1,-1,-1
412,1760,1044.53,438.29,241.95,517.94,1,-1,-1,-1
412,1767,266.87,409.67,182.36,363.98,1,-1,-1,-1
413,1760,1045.76,437.89,241.94,517.90,1,-1,-1,-1
413,1767,268.44,410.85,177.33,358.92,1,-1,-1,-1
414,1767,269.44,411.33,174.54,356.98,1,-1,-1,-1
415,1760,1040.29,436.18,242.45,516.30,1,-1,-1,-1
415,1767,270.32,410.65,174.43,356.75,1,-1,-1,-1
416,1760,1038.97,435.91,243.41,516.04,1,-1,-1,-1
417,1760,1035.07,437.12,244.08,515.95,1,-1,-1,-1
418,1760,1033.42,437.59,244.70,515.93,1,-1,-1,-1
419,1760,1029.84,433.86,249.51,525.07,1,-1,-1,-1
420,1760,1028.37,432.46,251.58,528.51,1,-1,-1,-1
421,1760,1027.98,431.83,252.03,529.44,1,-1,-1,-1
429,1767,401.79,429.47,152.38,316.68,1,-1,-1,-1
430,1767,406.16,430.08,150.27,315.58,1,-1,-1,-1
431,1767,409.66,423.62,151.08,319.17,1,-1,-1,-1
432,1767,410.95,421.25,151.05,320.52,1,-1,-1,-1
433,1767,416.78,421.04,150.49,319.33,1,-1,-1,-1
435,1760,1032.79,437.70,201.16,412.63,1,-1,-1,-1
435,1769,1270.00,288.00,458.00,714.00,1,-1,-1,-1
436,1760,1031.49,437.96,202.67,409.22,1,-1,-1,-1
436,1769,1270.00,288.00,458.00,714.00,1,-1,-1,-1
437,1760,1037.98,429.86,198.79,395.69,1,-1,-1,-1
437,1769,1149.86,333.04,431.07,668.96,1,-1,-1,-1
438,1760,1039.74,426.94,198.62,391.07,1,-1,-1,-1
438,1769,1108.99,348.03,423.81,653.97,1,-1,-1,-1
439,1760,1030.90,408.31,210.75,423.54,1,-1,-1,-1
439,1769,1069.15,363.11,414.04,638.89,1,-1,-1,-1
440,1760,1028.87,401.69,212.84,435.12,1,-1,-1,-1
441,1760,1028.29,397.85,212.99,435.40,1,-1,-1,-1
441,1769,1003.41,331.55,442.37,683.29,1,-1,-1,-1
442,1769,992.88,328.89,444.63,687.49,1,-1,-1,-1
443,1769,964.95,337.28,419.16,647.19,1,-1,-1,-1
444,1769,956.38,340.25,409.95,632.12,1,-1,-1,-1
445,1760,1198.16,409.26,192.53,390.70,1,-1,-1,-1
445,1769,883.96,369.73,414.50,624.28,1,-1,-1,-1
446,1760,1214.19,410.75,191.47,386.34,1,-1,-1,-1
446,1769,856.07,380.24,421.92,621.71,1,-1,-1,-1
447,1760,1196.40,431.27,207.59,417.13,1,-1,-1,-1
447,1769,773.17,350.33,438.61,647.84,1,-1,-1,-1
448,1760,1189.93,438.52,213.73,428.00,1,-1,-1,-1
448,1769,743.93,339.29,444.15,657.48,1,-1,-1,-1
449,1760,1198.91,440.11,214.30,429.12,1,-1,-1,-1
449,1769,719.09,334.96,433.35,648.16,1,-1,-1,-1
450,1769,712.43,333.25,426.86,644.66,1,-1,-1,-1
451,1769,678.52,333.72,425.31,642.33,1,-1,-1,-1
455,1769,457.25,359.61,436.80,659.37,1,-1,-1,-1
456,1769,438.15,362.01,438.11,661.09,1,-1,-1,-1
457,1760,1341.95,429.14,171.54,357.84,1,-1,-1,-1
457,1769,384.10,362.84,436.49,657.75,1,-1,-1,-1
458,1760,1350.42,428.31,164.41,353.94,1,-1,-1,-1
458,1769,364.82,363.08,436.17,656.50,1,-1,-1,-1
459,1760,1360.37,424.04,168.80,371.58,1,-1,-1,-1
459,1769,294.56,350.03,444.24,653.42,1,-1,-1,-1
460,1760,1364.70,422.53,168.56,377.83,1,-1,-1,-1
460,1769,266.74,345.03,452.29,652.27,1,-1,-1,-1
461,1760,1364.83,420.66,170.58,381.61,1,-1,-1,-1
461,1769,207.11,331.35,465.90,666.25,1,-1,-1,-1
462,1760,1364.41,419.97,171.52,383.08,1,-1,-1,-1
462,1769,184.64,326.21,473.07,671.50,1,-1,-1,-1
463,1760,1373.32,419.23,171.47,382.96,1,-1,-1,-1
463,1769,161.34,337.27,466.30,659.21,1,-1,-1,-1
464,1769,153.50,341.58,464.60,654.44,1,-1,-1,-1
465,1769,120.18,345.82,464.06,646.11,1,-1,-1,-1
466,1769,107.44,347.41,466.60,642.98,1,-1,-1,-1
467,1769,81.10,330.94,489.19,674.65,1,-1,-1,-1
468,1769,71.88,324.83,497.35,686.40,1,-1,-1,-1
469,1760,1352.24,447.85,191.87,428.97,1,-1,-1,-1
469,1769,37.45,328.94,494.70,679.30,1,-1,-1,-1
470,1760,1350.33,449.83,193.09,432.08,1,-1,-1,-1
470,1769,24.65,330.59,494.86,676.45,1,-1,-1,-1
471,1760,1353.41,451.52,194.55,435.35,1,-1,-1,-1
471,1769,-3.83,329.83,495.84,677.79,1,-1,-1,-1
477,1760,1470.27,434.16,176.13,404.00,1,-1,-1,-1
478,1760,1479.92,432.60,171.67,401.15,1,-1,-1,-1
479,1760,1489.10,432.39,171.56,400.90,1,-1,-1,-1
479,1770,1188.00,422.00,188.00,574.00,1,-1,-1,-1
480,1770,1188.00,422.00,188.00,574.00,1,-1,-1,-1
499,1760,1312.48,382.41,302.32,627.92,1,-1,-1,-1
500,1760,1298.04,381.25,324.89,633.27,1,-1,-1,-1
501,1760,1291.64,379.06,329.95,643.09,1,-1,-1,-1
521,1760,1360.68,398.74,321.00,606.63,1,-1,-1,-1
522,1760,1361.73,399.83,324.24,603.06,1,-1,-1,-1
523,1760,1366.57,402.84,327.05,602.20,1,-1,-1,-1
524,1760,1367.69,403.90,329.17,601.91,1,-1,-1,-1
525,1760,1370.46,404.80,328.94,601.45,1,-1,-1,-1
