1,8171,321.45,110.24,72.63,225.81,1,-1,-1,-1
1,8197,80.03,126.76,76.30,222.72,1,-1,-1,-1
1,8200,155.21,158.85,57.76,179.40,1,-1,-1,-1
1,8201,364.38,108.41,107.03,278.79,1,-1,-1,-1
1,8206,250.00,188.00,54.00,120.00,1,-1,-1,-1
1,8207,60.00,202.00,44.00,130.00,1,-1,-1,-1
2,8206,250.00,188.00,54.00,120.00,1,-1,-1,-1
2,8207,60.00,202.00,44.00,130.00,1,-1,-1,-1
3,8206,250.00,188.00,54.00,120.00,1,-1,-1,-1
3,8207,60.00,202.00,44.00,130.00,1,-1,-1,-1
4,8206,252.76,192.45,49.97,111.10,1,-1,-1,-1
4,8207,42.01,200.52,45.84,135.94,1,-1,-1,-1
4,8208,298.00,192.00,30.00,110.00,1,-1,-1,-1
4,8209,172.00,196.00,28.00,110.00,1,-1,-1,-1
5,8206,253.69,193.95,48.59,108.10,1,-1,-1,-1
5,8207,36.07,200.02,46.30,137.92,1,-1,-1,-1
5,8208,298.00,192.00,30.00,110.00,1,-1,-1,-1
5,8209,172.00,196.00,28.00,110.00,1,-1,-1,-1
6,8206,253.96,194.37,48.19,107.27,1,-1,-1,-1
6,8207,34.31,199.86,46.28,138.54,1,-1,-1,-1
6,8208,298.00,192.00,30.00,110.00,1,-1,-1,-1
6,8209,172.00,196.00,28.00,110.00,1,-1,-1,-1
7,8206,255.40,193.03,51.02,114.19,1,-1,-1,-1
7,8207,29.43,199.46,46.82,140.14,1,-1,-1,-1
7,8208,303.80,192.00,31.76,115.94,1,-1,-1,-1
7,8209,165.88,198.97,28.36,111.48,1,-1,-1,-1
8,8206,255.98,192.55,51.80,116.60,1,-1,-1,-1
8,8208,305.68,192.00,32.47,117.92,1,-1,-1,-1
8,8209,163.84,199.96,28.46,111.98,1,-1,-1,-1
9,8206,256.26,192.34,51.91,117.53,1,-1,-1,-1
9,8208,306.20,192.00,32.82,118.54,1,-1,-1,-1
9,8209,163.23,200.26,28.48,112.13,1,-1,-1,-1
10,8206,262.37,193.58,49.21,112.55,1,-1,-1,-1
10,8208,310.58,194.74,31.22,111.84,1,-1,-1,-1
10,8209,161.59,201.06,28.58,112.53,1,-1,-1,-1
10,8210,218.00,208.00,20.00,80.00,1,-1,-1,-1
11,8206,264.78,194.02,47.91,110.65,1,-1,-1,-1
11,8208,312.02,195.75,30.74,109.24,1,-1,-1,-1
11,8210,218.00,208.00,20.00,80.00,1,-1,-1,-1
12,8206,265.75,194.17,47.17,109.98,1,-1,-1,-1
12,8208,312.38,196.10,30.73,108.31,1,-1,-1,-1
12,8210,218.00,208.00,20.00,80.00,1,-1,-1,-1
13,8206,267.10,194.61,46.87,109.28,1,-1,-1,-1
13,8208,314.06,194.84,32.88,114.77,1,-1,-1,-1
13,8210,218.00,208.00,20.00,80.00,1,-1,-1,-1
14,8208,314.54,194.38,33.87,117.09,1,-1,-1,-1
15,8208,314.55,194.20,34.43,117.97,1,-1,-1,-1
16,8208,317.60,195.43,34.98,118.27,1,-1,-1,-1
17,8208,318.58,195.89,35.44,118.36,1,-1,-1,-1
18,8208,318.77,196.06,35.85,118.37,1,-1,-1,-1
19,8208,316.81,193.49,36.03,119.65,1,-1,-1,-1
19,8209,108.19,163.15,45.18,176.47,1,-1,-1,-1
19,8211,370.00,214.00,24.00,66.00,1,-1,-1,-1
19,8212,88.00,172.00,50.00,162.00,1,-1,-1,-1
20,8208,316.08,192.52,35.98,120.12,1,-1,-1,-1
20,8209,105.62,161.43,46.23,179.37,1,-1,-1,-1
20,8211,370.00,214.00,24.00,66.00,1,-1,-1,-1
20,8212,88.00,172.00,50.00,162.00,1,-1,-1,-1
21,8208,315.82,192.15,35.85,120.28,1,-1,-1,-1
21,8209,104.72,160.83,46.73,180.33,1,-1,-1,-1
21,8211,370.00,214.00,24.00,66.00,1,-1,-1,-1
21,8212,88.00,172.00,50.00,162.00,1,-1,-1,-1
22,8208,319.81,188.10,35.37,119.01,1,-1,-1,-1
22,8209,100.51,158.42,47.92,184.91,1,-1,-1,-1
22,8211,370.00,214.00,24.00,66.00,1,-1,-1,-1
22,8212,79.92,158.64,57.26,185.75,1,-1,-1,-1
23,8208,321.33,186.56,35.12,118.50,1,-1,-1,-1
23,8212,77.25,154.19,59.62,193.66,1,-1,-1,-1
24,8208,321.90,185.99,34.97,118.30,1,-1,-1,-1
24,8212,76.40,152.70,60.34,196.30,1,-1,-1,-1
25,8208,321.71,191.03,34.34,116.90,1,-1,-1,-1
25,8210,177.23,198.08,26.11,105.80,1,-1,-1,-1
25,8212,55.52,157.71,60.38,190.24,1,-1,-1,-1
26,8208,321.65,192.96,33.99,116.36,1,-1,-1,-1
26,8210,176.11,197.77,26.03,106.60,1,-1,-1,-1
26,8212,47.06,159.84,61.46,187.53,1,-1,-1,-1
27,8208,321.65,193.68,33.75,116.16,1,-1,-1,-1
27,8210,175.84,197.67,25.86,106.85,1,-1,-1,-1
27,8212,43.53,160.71,63.01,186.35,1,-1,-1,-1
28,8208,322.42,193.87,33.77,116.21,1,-1,-1,-1
28,8209,17.66,140.37,61.93,224.72,1,-1,-1,-1
28,8210,168.13,198.93,27.09,108.17,1,-1,-1,-1
28,8212,38.57,159.32,64.02,189.32,1,-1,-1,-1
29,8209,9.94,139.23,65.53,227.37,1,-1,-1,-1
29,8210,165.00,199.43,27.99,108.64,1,-1,-1,-1
30,8209,6.49,138.80,68.09,228.36,1,-1,-1,-1
30,8210,163.68,199.64,28.70,108.78,1,-1,-1,-1
31,8206,265.79,180.18,54.73,135.68,1,-1,-1,-1
31,8208,321.66,183.53,37.08,128.33,1,-1,-1,-1
31,8209,-0.42,136.41,69.53,233.18,1,-1,-1,-1
31,8210,153.07,198.45,30.07,111.36,1,-1,-1,-1
32,8206,266.85,179.83,52.64,136.32,1,-1,-1,-1
32,8208,321.64,182.28,37.32,129.78,1,-1,-1,-1
32,8210,148.89,198.00,30.92,112.31,1,-1,-1,-1
33,8206,267.66,179.72,51.02,136.53,1,-1,-1,-1
33,8208,321.67,181.83,37.32,130.30,1,-1,-1,-1
33,8210,147.22,197.84,31.55,112.64,1,-1,-1,-1
34,8206,268.09,179.69,50.12,137.86,1,-1,-1,-1
34,8208,321.56,186.84,36.23,125.31,1,-1,-1,-1
34,8210,142.07,195.22,33.25,117.87,1,-1,-1,-1
35,8206,268.55,179.69,49.19,138.34,1,-1,-1,-1
35,8208,321.42,188.82,35.94,123.33,1,-1,-1,-1
35,8210,140.10,194.23,34.02,119.83,1,-1,-1,-1
36,8206,268.96,179.71,48.34,138.50,1,-1,-1,-1
36,8208,321.29,189.56,35.98,122.57,1,-1,-1,-1
36,8210,139.38,193.86,34.41,120.56,1,-1,-1,-1
37,8206,265.89,186.17,45.44,128.22,1,-1,-1,-1
37,8208,316.76,188.54,37.09,126.21,1,-1,-1,-1
37,8210,125.35,196.30,34.04,118.22,1,-1,-1,-1
38,8206,264.55,188.74,44.55,124.13,1,-1,-1,-1
38,8208,315.05,188.15,37.52,127.56,1,-1,-1,-1
38,8210,119.93,197.27,34.01,117.24,1,-1,-1,-1
39,8206,263.94,189.66,44.49,122.65,1,-1,-1,-1
39,8208,314.38,188.01,37.70,128.06,1,-1,-1,-1
39,8210,117.92,197.65,34.13,116.84,1,-1,-1,-1
40,8206,264.22,188.68,43.47,119.47,1,-1,-1,-1
40,8208,315.07,191.85,34.60,117.85,1,-1,-1,-1
40,8210,104.47,195.21,35.11,119.25,1,-1,-1,-1
41,8206,264.30,188.30,43.15,118.29,1,-1,-1,-1
41,8208,315.38,193.36,33.33,113.82,1,-1,-1,-1
41,8210,99.38,194.29,35.63,120.13,1,-1,-1,-1
42,8206,264.31,188.15,43.10,117.87,1,-1,-1,-1
42,8208,315.51,193.90,32.83,112.38,1,-1,-1,-1
42,8210,97.50,193.94,35.96,120.44,1,-1,-1,-1
43,8206,266.87,188.09,44.57,123.01,1,-1,-1,-1
43,8208,317.88,191.43,33.33,113.20,1,-1,-1,-1
43,8210,91.00,201.59,37.56,124.41,1,-1,-1,-1
44,8206,267.93,188.07,44.90,124.92,1,-1,-1,-1
44,8208,318.69,190.51,33.66,113.53,1,-1,-1,-1
44,8210,88.51,204.50,38.38,125.89,1,-1,-1,-1
45,8206,268.43,188.05,44.84,125.66,1,-1,-1,-1
45,8208,318.93,190.16,33.91,113.67,1,-1,-1,-1
45,8210,87.60,205.63,38.89,126.43,1,-1,-1,-1
46,8206,268.62,188.13,44.90,125.83,1,-1,-1,-1
46,8208,319.16,190.10,33.78,113.23,1,-1,-1,-1
46,8210,83.50,206.15,39.27,127.67,1,-1,-1,-1
49,8206,271.56,188.05,42.55,122.55,1,-1,-1,-1
49,8208,317.75,193.51,34.87,115.52,1,-1,-1,-1
49,8212,152.13,159.65,43.03,129.46,1,-1,-1,-1
50,8206,272.33,188.03,41.43,122.13,1,-1,-1,-1
50,8208,317.43,193.92,35.30,115.80,1,-1,-1,-1
50,8212,155.23,159.93,42.02,127.88,1,-1,-1,-1
51,8206,272.84,188.03,40.55,121.99,1,-1,-1,-1
51,8208,317.23,194.06,35.62,115.90,1,-1,-1,-1
51,8212,156.42,159.95,41.50,127.33,1,-1,-1,-1
52,8206,273.15,188.07,40.50,121.85,1,-1,-1,-1
52,8208,313.08,188.88,37.35,122.47,1,-1,-1,-1
52,8212,160.00,159.89,40.89,125.45,1,-1,-1,-1
53,8208,311.62,186.95,37.84,124.91,1,-1,-1,-1
54,8208,311.12,186.20,37.90,125.85,1,-1,-1,-1
55,8206,271.82,188.02,39.16,120.17,1,-1,-1,-1
55,8208,310.84,184.63,39.40,130.07,1,-1,-1,-1
56,8206,271.91,188.02,38.46,119.98,1,-1,-1,-1
56,8208,310.69,184.05,40.08,131.66,1,-1,-1,-1
57,8206,272.10,188.01,37.91,119.91,1,-1,-1,-1
57,8208,310.59,183.83,40.44,132.25,1,-1,-1,-1
58,8206,278.99,188.01,38.48,121.20,1,-1,-1,-1
58,8208,311.93,186.35,39.14,127.28,1,-1,-1,-1
58,8213,16.00,74.00,122.00,342.00,1,-1,-1,-1
59,8206,281.54,188.01,38.77,121.69,1,-1,-1,-1
59,8208,312.42,187.35,38.72,125.31,1,-1,-1,-1
59,8213,16.00,74.00,122.00,342.00,1,-1,-1,-1
60,8206,282.45,188.01,38.95,121.88,1,-1,-1,-1
60,8208,312.56,187.72,38.65,124.56,1,-1,-1,-1
60,8213,16.00,74.00,122.00,342.00,1,-1,-1,-1
61,8206,281.57,191.93,38.81,119.34,1,-1,-1,-1
61,8208,312.78,187.87,39.59,126.89,1,-1,-1,-1
61,8213,-13.00,42.83,142.90,405.82,1,-1,-1,-1
62,8206,281.03,193.42,39.08,118.38,1,-1,-1,-1
62,8208,312.81,187.93,40.06,127.75,1,-1,-1,-1
62,8213,-21.78,32.46,148.10,427.06,1,-1,-1,-1
63,8206,280.67,193.96,39.48,118.02,1,-1,-1,-1
63,8208,312.77,187.95,40.34,128.07,1,-1,-1,-1
63,8213,-23.86,28.91,148.05,434.33,1,-1,-1,-1
64,8206,282.62,187.59,41.96,123.15,1,-1,-1,-1
64,8208,313.29,186.66,40.69,129.48,1,-1,-1,-1
64,8213,-32.01,20.28,154.07,451.99,1,-1,-1,-1
65,8206,283.13,185.22,43.31,125.06,1,-1,-1,-1
65,8208,313.51,186.17,40.78,130.00,1,-1,-1,-1
66,8206,283.12,184.30,44.19,125.79,1,-1,-1,-1
66,8208,313.61,185.99,40.76,130.18,1,-1,-1,-1
67,8206,283.83,183.90,44.32,126.17,1,-1,-1,-1
67,8208,317.14,189.83,38.98,123.74,1,-1,-1,-1
68,8208,318.44,191.32,38.40,121.22,1,-1,-1,-1
69,8208,318.86,191.87,38.30,120.30,1,-1,-1,-1
70,8206,281.70,187.31,43.97,122.69,1,-1,-1,-1
70,8208,319.29,192.17,38.18,119.92,1,-1,-1,-1
71,8206,281.08,187.77,44.54,122.22,1,-1,-1,-1
72,8206,280.69,187.92,45.11,122.07,1,-1,-1,-1
73,8206,284.51,190.59,45.22,120.71,1,-1,-1,-1
73,8208,330.08,192.13,39.10,123.38,1,-1,-1,-1
73,8214,128.00,218.00,22.00,52.00,1,-1,-1,-1
74,8206,285.79,191.60,45.57,120.19,1,-1,-1,-1
74,8208,331.41,192.12,39.09,123.80,1,-1,-1,-1
74,8214,128.00,218.00,22.00,52.00,1,-1,-1,-1
75,8206,286.12,191.97,45.97,120.00,1,-1,-1,-1
75,8208,331.91,192.11,39.01,123.94,1,-1,-1,-1
75,8214,128.00,218.00,22.00,52.00,1,-1,-1,-1
76,8206,289.30,188.17,49.13,129.11,1,-1,-1,-1
76,8208,336.89,194.71,38.45,121.39,1,-1,-1,-1
76,8214,126.52,218.00,22.00,52.00,1,-1,-1,-1
77,8206,290.56,186.77,50.11,132.47,1,-1,-1,-1
77,8208,338.69,195.70,38.35,120.41,1,-1,-1,-1
77,8214,126.02,218.00,22.00,52.00,1,-1,-1,-1
78,8206,291.11,186.21,50.33,133.78,1,-1,-1,-1
78,8208,339.26,196.05,38.42,120.05,1,-1,-1,-1
78,8214,125.87,218.00,22.00,52.00,1,-1,-1,-1
79,8206,293.06,191.16,45.57,121.37,1,-1,-1,-1
79,8208,341.53,189.61,42.11,133.04,1,-1,-1,-1
79,8214,127.23,218.00,22.00,52.00,1,-1,-1,-1
80,8206,293.79,193.14,43.61,116.38,1,-1,-1,-1
80,8208,342.51,187.27,43.18,137.78,1,-1,-1,-1
80,8214,127.73,218.00,22.00,52.00,1,-1,-1,-1
81,8206,294.05,193.83,42.88,114.60,1,-1,-1,-1
81,8208,342.95,186.32,43.39,139.66,1,-1,-1,-1
81,8214,127.92,218.00,22.00,52.00,1,-1,-1,-1
82,8206,297.66,194.08,44.81,117.95,1,-1,-1,-1
82,8208,353.15,193.66,37.39,118.56,1,-1,-1,-1
82,8214,127.73,216.66,22.51,53.34,1,-1,-1,-1
82,8215,408.00,202.00,38.00,102.00,1,-1,-1,-1
83,8206,298.78,194.16,45.90,119.19,1,-1,-1,-1
83,8208,357.09,196.69,35.10,109.82,1,-1,-1,-1
83,8214,127.68,216.16,22.66,53.84,1,-1,-1,-1
83,8215,408.00,202.00,38.00,102.00,1,-1,-1,-1
84,8206,299.00,194.18,46.64,119.67,1,-1,-1,-1
84,8208,358.27,197.72,34.56,106.85,1,-1,-1,-1
84,8214,127.68,215.98,22.67,54.02,1,-1,-1,-1
84,8215,408.00,202.00,38.00,102.00,1,-1,-1,-1
85,8206,297.50,190.25,51.32,131.62,1,-1,-1,-1
85,8208,362.37,202.11,34.96,107.18,1,-1,-1,-1
85,8214,126.14,215.92,23.13,55.39,1,-1,-1,-1
85,8215,408.96,202.00,39.05,104.97,1,-1,-1,-1
85,8216,182.00,222.00,18.00,58.00,1,-1,-1,-1
86,8206,296.95,188.81,53.06,136.03,1,-1,-1,-1
86,8208,363.72,203.68,35.28,107.34,1,-1,-1,-1
86,8214,125.59,215.90,23.22,55.91,1,-1,-1,-1
86,8215,409.30,202.00,39.36,105.96,1,-1,-1,-1
86,8216,182.00,222.00,18.00,58.00,1,-1,-1,-1
87,8206,296.68,188.22,53.75,137.77,1,-1,-1,-1
87,8208,364.07,204.23,35.55,107.44,1,-1,-1,-1
87,8214,125.43,215.90,23.19,56.09,1,-1,-1,-1
87,8215,409.43,202.00,39.40,106.27,1,-1,-1,-1
87,8216,182.00,222.00,18.00,58.00,1,-1,-1,-1
88,8206,295.38,184.16,55.06,140.97,1,-1,-1,-1
88,8208,360.29,193.82,40.68,123.38,1,-1,-1,-1
88,8214,124.66,215.91,23.29,56.15,1,-1,-1,-1
88,8215,409.30,197.87,41.10,111.84,1,-1,-1,-1
88,8216,178.37,222.00,19.31,62.45,1,-1,-1,-1
88,8217,220.00,218.00,20.00,70.00,1,-1,-1,-1
89,8206,294.85,182.59,55.58,142.17,1,-1,-1,-1
89,8208,359.01,190.09,42.42,129.10,1,-1,-1,-1
89,8214,124.35,215.92,23.36,56.16,1,-1,-1,-1
89,8215,409.38,196.39,41.45,113.82,1,-1,-1,-1
89,8216,177.19,222.00,19.69,63.94,1,-1,-1,-1
89,8217,220.00,218.00,20.00,70.00,1,-1,-1,-1
90,8206,294.61,182.00,55.79,142.59,1,-1,-1,-1
90,8208,358.45,188.57,43.05,131.41,1,-1,-1,-1
90,8214,124.23,215.93,23.43,56.15,1,-1,-1,-1
90,8215,409.52,195.85,41.32,114.51,1,-1,-1,-1
90,8216,176.85,222.00,19.75,64.41,1,-1,-1,-1
90,8217,220.00,218.00,20.00,70.00,1,-1,-1,-1
91,8206,296.84,184.37,53.75,136.27,1,-1,-1,-1
91,8208,360.97,184.14,45.38,138.68,1,-1,-1,-1
91,8214,123.97,215.81,23.53,56.41,1,-1,-1,-1
91,8215,411.54,191.72,42.58,118.66,1,-1,-1,-1
91,8216,175.86,222.00,20.12,65.62,1,-1,-1,-1
91,8217,220.00,218.00,20.00,70.00,1,-1,-1,-1
92,8206,297.59,185.31,53.13,133.74,1,-1,-1,-1
92,8208,361.94,182.46,46.24,141.45,1,-1,-1,-1
92,8215,412.37,190.19,42.89,120.18,1,-1,-1,-1
93,8206,297.75,185.68,53.09,132.78,1,-1,-1,-1
93,8208,362.29,181.81,46.54,142.49,1,-1,-1,-1
93,8215,412.75,189.64,42.85,120.70,1,-1,-1,-1
94,8206,301.18,185.82,51.53,128.48,1,-1,-1,-1
94,8208,365.13,181.59,45.01,137.72,1,-1,-1,-1
94,8215,413.10,188.48,43.45,122.39,1,-1,-1,-1
94,8217,206.40,218.00,16.99,58.67,1,-1,-1,-1
94,8218,170.00,218.00,26.00,50.00,1,-1,-1,-1
95,8206,302.43,185.88,51.01,126.83,1,-1,-1,-1
95,8208,366.19,181.55,44.39,135.77,1,-1,-1,-1
95,8217,205.16,218.00,16.93,57.72,1,-1,-1,-1
95,8218,170.00,218.00,26.00,50.00,1,-1,-1,-1
96,8206,302.82,185.91,50.89,126.22,1,-1,-1,-1
96,8208,366.55,181.55,44.16,135.00,1,-1,-1,-1
96,8217,204.69,218.00,17.06,57.41,1,-1,-1,-1
96,8218,170.00,218.00,26.00,50.00,1,-1,-1,-1
97,8206,305.72,179.35,53.19,132.57,1,-1,-1,-1
97,8208,366.65,178.98,44.07,134.68,1,-1,-1,-1
97,8217,202.94,218.00,16.62,55.94,1,-1,-1,-1
97,8218,170.00,218.00,26.00,50.00,1,-1,-1,-1
98,8206,306.85,176.93,53.89,134.92,1,-1,-1,-1
98,8208,366.64,178.02,44.03,134.53,1,-1,-1,-1
99,8206,307.32,176.01,54.03,135.83,1,-1,-1,-1
99,8208,366.61,177.69,44.02,134.45,1,-1,-1,-1
100,8206,308.07,179.57,51.57,129.67,1,-1,-1,-1
100,8208,367.28,182.80,42.57,129.19,1,-1,-1,-1
101,8206,308.32,181.00,50.60,127.25,1,-1,-1,-1
101,8208,367.43,184.80,42.13,127.13,1,-1,-1,-1
102,8206,308.38,181.54,50.23,126.36,1,-1,-1,-1
102,8208,367.40,185.55,42.09,126.37,1,-1,-1,-1
103,8206,310.05,179.12,45.44,111.57,1,-1,-1,-1
103,8208,369.14,181.89,37.21,109.00,1,-1,-1,-1
104,8206,310.41,178.20,44.04,105.84,1,-1,-1,-1
104,8208,369.58,180.46,35.65,102.20,1,-1,-1,-1
105,8206,310.26,177.90,44.08,103.92,1,-1,-1,-1
105,8208,369.51,179.99,35.55,99.96,1,-1,-1,-1
106,8206,303.29,177.81,51.16,120.86,1,-1,-1,-1
106,8208,360.24,175.76,45.82,129.14,1,-1,-1,-1
106,8219,224.00,222.00,24.00,66.00,1,-1,-1,-1
107,8206,300.92,177.76,53.53,126.68,1,-1,-1,-1
107,8208,357.22,174.31,49.14,138.78,1,-1,-1,-1
107,8216,224.52,222.00,21.01,66.29,1,-1,-1,-1
108,8206,299.98,177.77,54.45,129.06,1,-1,-1,-1
108,8208,355.94,173.74,50.51,142.91,1,-1,-1,-1
108,8216,225.62,222.00,21.46,66.14,1,-1,-1,-1
109,8206,293.84,185.51,52.19,122.26,1,-1,-1,-1
109,8208,353.35,177.35,48.90,138.17,1,-1,-1,-1
109,8216,227.84,222.00,21.54,66.37,1,-1,-1,-1
109,8220,160.00,198.00,38.00,94.00,1,-1,-1,-1
110,8206,291.30,188.58,51.57,119.53,1,-1,-1,-1
110,8208,352.34,178.84,48.24,136.15,1,-1,-1,-1
110,8220,160.00,198.00,38.00,94.00,1,-1,-1,-1
111,8206,290.24,189.70,51.62,118.52,1,-1,-1,-1
111,8208,351.96,179.42,48.00,135.33,1,-1,-1,-1
111,8220,160.00,198.00,38.00,94.00,1,-1,-1,-1
112,8206,293.16,182.22,55.58,129.96,1,-1,-1,-1
112,8208,351.24,177.07,49.10,138.87,1,-1,-1,-1
112,8220,144.78,190.58,43.21,107.36,1,-1,-1,-1
112,8221,194.00,200.00,28.00,102.00,1,-1,-1,-1
112,8222,246.00,204.00,30.00,90.00,1,-1,-1,-1
112,8223,82.00,200.00,40.00,100.00,1,-1,-1,-1
113,8206,294.52,179.50,56.41,134.13,1,-1,-1,-1
113,8208,351.02,176.18,49.42,140.17,1,-1,-1,-1
113,8220,139.79,188.10,44.77,111.81,1,-1,-1,-1
113,8221,194.00,200.00,28.00,102.00,1,-1,-1,-1
113,8222,246.00,204.00,30.00,90.00,1,-1,-1,-1
113,8223,82.00,200.00,40.00,100.00,1,-1,-1,-1
114,8206,295.35,178.41,56.23,135.77,1,-1,-1,-1
114,8208,351.00,175.86,49.45,140.63,1,-1,-1,-1
114,8220,138.22,187.28,45.11,113.29,1,-1,-1,-1
114,8221,194.00,200.00,28.00,102.00,1,-1,-1,-1
114,8222,246.00,204.00,30.00,90.00,1,-1,-1,-1
114,8223,82.00,200.00,40.00,100.00,1,-1,-1,-1
115,8206,296.15,179.28,55.23,135.09,1,-1,-1,-1
115,8208,351.63,175.75,48.22,138.17,1,-1,-1,-1
115,8220,132.49,184.41,46.54,116.32,1,-1,-1,-1
115,8221,194.00,200.00,28.00,102.00,1,-1,-1,-1
115,8222,240.06,199.55,31.48,94.45,1,-1,-1,-1
115,8223,67.09,194.06,41.62,104.45,1,-1,-1,-1
115,8224,166.00,198.00,38.00,106.00,1,-1,-1,-1
116,8206,296.65,179.63,54.45,134.78,1,-1,-1,-1
116,8208,352.00,175.73,47.53,137.17,1,-1,-1,-1
116,8220,130.41,183.40,47.18,117.33,1,-1,-1,-1
116,8221,173.49,198.28,29.36,105.45,1,-1,-1,-1
116,8222,238.08,198.06,31.98,95.94,1,-1,-1,-1
116,8223,62.17,192.08,42.02,105.94,1,-1,-1,-1
117,8206,297.03,179.77,53.80,134.63,1,-1,-1,-1
117,8208,352.24,175.74,47.09,136.75,1,-1,-1,-1
117,8220,129.72,183.10,47.51,117.56,1,-1,-1,-1
117,8221,169.54,197.96,29.99,106.08,1,-1,-1,-1
117,8222,237.46,197.59,32.14,96.41,1,-1,-1,-1
117,8223,60.72,191.46,41.99,106.40,1,-1,-1,-1
118,8206,296.77,179.53,54.17,135.54,1,-1,-1,-1
118,8208,351.75,175.30,47.39,137.62,1,-1,-1,-1
118,8220,116.85,183.07,49.50,124.09,1,-1,-1,-1
118,8221,164.88,197.56,30.21,106.87,1,-1,-1,-1
118,8222,236.91,200.23,33.00,99.25,1,-1,-1,-1
118,8223,44.19,187.21,45.63,116.10,1,-1,-1,-1
118,8225,508.00,190.00,46.00,122.00,1,-1,-1,-1
119,8220,112.27,183.09,49.82,126.49,1,-1,-1,-1
119,8222,236.78,201.23,33.25,100.24,1,-1,-1,-1
119,8223,38.37,185.71,46.79,119.57,1,-1,-1,-1
119,8225,508.00,190.00,46.00,122.00,1,-1,-1,-1
120,8220,110.83,183.16,49.53,127.31,1,-1,-1,-1
120,8222,236.83,201.63,33.28,100.55,1,-1,-1,-1
120,8223,36.44,185.21,47.07,120.81,1,-1,-1,-1
120,8225,508.00,190.00,46.00,122.00,1,-1,-1,-1
121,8206,287.43,183.32,53.95,136.30,1,-1,-1,-1
121,8208,339.27,182.71,46.92,136.54,1,-1,-1,-1
121,8220,94.44,183.25,54.25,140.43,1,-1,-1,-1
121,8221,148.52,214.12,29.59,104.50,1,-1,-1,-1
121,8222,225.09,197.82,37.01,113.86,1,-1,-1,-1
121,8223,16.97,186.41,51.11,132.94,1,-1,-1,-1
121,8225,508.00,190.00,46.00,122.00,1,-1,-1,-1
122,8206,286.44,183.81,53.53,136.34,1,-1,-1,-1
122,8208,337.76,183.67,46.77,136.36,1,-1,-1,-1
122,8220,88.39,183.28,55.79,145.37,1,-1,-1,-1
122,8221,146.86,215.95,29.56,104.22,1,-1,-1,-1
122,8222,221.03,196.43,37.90,118.73,1,-1,-1,-1
122,8223,9.93,186.87,52.15,137.47,1,-1,-1,-1
123,8206,286.21,183.98,53.16,136.36,1,-1,-1,-1
123,8208,337.27,183.99,46.68,136.30,1,-1,-1,-1
123,8220,86.23,183.34,56.15,147.24,1,-1,-1,-1
123,8221,146.26,216.55,29.58,104.13,1,-1,-1,-1
123,8222,219.66,195.89,37.83,120.61,1,-1,-1,-1
123,8223,7.57,187.12,52.12,139.16,1,-1,-1,-1
124,8206,299.78,186.64,50.48,131.15,1,-1,-1,-1
124,8208,335.97,184.30,46.84,136.76,1,-1,-1,-1
124,8220,80.87,182.36,57.61,151.07,1,-1,-1,-1
124,8221,142.17,218.13,29.62,104.27,1,-1,-1,-1
124,8222,217.16,195.17,38.73,123.45,1,-1,-1,-1
124,8223,0.76,185.97,53.45,142.71,1,-1,-1,-1
124,8226,256.00,176.00,50.00,148.00,1,-1,-1,-1
124,8227,190.00,196.00,34.00,122.00,1,-1,-1,-1
125,8206,305.19,187.66,49.13,129.11,1,-1,-1,-1
125,8222,194.68,195.62,38.21,123.06,1,-1,-1,-1
125,8226,256.00,176.00,50.00,148.00,1,-1,-1,-1
126,8206,307.31,188.02,48.36,128.36,1,-1,-1,-1
126,8222,189.09,195.66,37.91,123.24,1,-1,-1,-1
126,8226,256.00,176.00,50.00,148.00,1,-1,-1,-1
127,8206,306.92,181.58,50.39,137.28,1,-1,-1,-1
127,8220,80.61,205.43,49.43,131.46,1,-1,-1,-1
127,8222,182.63,193.09,38.97,128.45,1,-1,-1,-1
127,8226,253.81,176.00,49.93,148.00,1,-1,-1,-1
128,8206,307.15,179.20,50.39,140.56,1,-1,-1,-1
128,8220,81.63,208.93,47.54,128.03,1,-1,-1,-1
128,8222,180.40,192.13,39.05,130.39,1,-1,-1,-1
128,8226,253.11,176.00,49.84,148.00,1,-1,-1,-1
129,8206,307.52,178.28,49.76,141.83,1,-1,-1,-1
129,8220,81.91,209.98,46.68,127.10,1,-1,-1,-1
129,8222,179.81,191.77,38.79,131.07,1,-1,-1,-1
129,8226,252.93,176.00,49.74,148.00,1,-1,-1,-1
130,8206,305.75,180.51,46.83,134.54,1,-1,-1,-1
130,8220,78.42,210.99,47.08,128.18,1,-1,-1,-1
130,8222,169.53,181.39,44.92,151.78,1,-1,-1,-1
130,8226,254.44,174.61,49.41,148.00,1,-1,-1,-1
131,8206,305.12,181.41,45.50,131.64,1,-1,-1,-1
131,8222,165.63,177.52,47.22,159.53,1,-1,-1,-1
131,8226,255.12,174.11,49.06,148.00,1,-1,-1,-1
132,8206,304.96,181.75,44.84,130.57,1,-1,-1,-1
132,8222,164.18,175.95,48.14,162.63,1,-1,-1,-1
132,8226,255.49,173.94,48.71,148.00,1,-1,-1,-1
133,8206,305.14,179.25,45.41,134.11,1,-1,-1,-1
133,8222,159.91,174.30,49.35,166.71,1,-1,-1,-1
133,8226,256.18,176.58,47.48,143.97,1,-1,-1,-1
134,8206,305.38,178.32,45.27,135.43,1,-1,-1,-1
134,8226,256.42,177.57,47.07,142.47,1,-1,-1,-1
135,8206,305.62,177.98,44.91,135.92,1,-1,-1,-1
135,8226,256.48,177.93,46.98,141.94,1,-1,-1,-1
136,8206,307.51,173.96,41.16,125.69,1,-1,-1,-1
136,8226,256.28,174.06,48.72,147.10,1,-1,-1,-1
137,8206,308.32,172.41,39.53,121.68,1,-1,-1,-1
137,8226,256.20,172.63,49.38,149.01,1,-1,-1,-1
138,8206,308.69,171.88,38.78,120.26,1,-1,-1,-1
138,8226,256.16,172.09,49.65,149.74,1,-1,-1,-1
139,8206,308.98,171.11,38.47,119.30,1,-1,-1,-1
139,8208,303.54,174.27,47.43,145.96,1,-1,-1,-1
139,8222,138.52,173.13,59.80,191.92,1,-1,-1,-1
139,8226,252.58,171.90,49.03,148.70,1,-1,-1,-1
140,8208,303.58,173.95,45.78,146.17,1,-1,-1,-1
140,8222,136.37,173.32,62.64,193.35,1,-1,-1,-1
140,8226,251.28,171.84,48.65,148.30,1,-1,-1,-1
141,8208,303.90,173.83,44.55,146.25,1,-1,-1,-1
141,8222,134.99,173.37,64.79,193.90,1,-1,-1,-1
141,8226,250.88,171.83,48.36,148.14,1,-1,-1,-1
142,8208,305.94,175.10,42.96,141.05,1,-1,-1,-1
142,8222,125.51,175.98,68.33,199.14,1,-1,-1,-1
142,8226,251.73,173.15,47.58,145.45,1,-1,-1,-1
143,8208,306.81,175.61,42.34,139.03,1,-1,-1,-1
143,8222,121.50,177.00,70.52,201.08,1,-1,-1,-1
143,8226,252.05,173.66,47.33,144.43,1,-1,-1,-1
144,8208,307.17,175.81,42.11,138.29,1,-1,-1,-1
144,8222,119.70,177.42,72.06,201.72,1,-1,-1,-1
144,8226,252.16,173.85,47.28,144.06,1,-1,-1,-1
145,8208,307.99,182.46,40.72,132.75,1,-1,-1,-1
145,8222,115.96,176.90,73.29,205.18,1,-1,-1,-1
145,8226,253.12,176.56,46.75,141.30,1,-1,-1,-1
146,8208,308.29,185.00,40.33,130.66,1,-1,-1,-1
146,8226,253.39,177.58,46.76,140.27,1,-1,-1,-1
147,8208,308.37,185.91,40.31,129.92,1,-1,-1,-1
147,8226,253.40,177.95,46.95,139.90,1,-1,-1,-1
148,8208,307.72,182.25,41.71,136.29,1,-1,-1,-1
148,8226,253.14,174.14,48.89,145.04,1,-1,-1,-1
148,8228,186.00,188.00,38.00,88.00,1,-1,-1,-1
149,8208,307.64,180.90,41.92,138.64,1,-1,-1,-1
149,8226,252.98,172.72,49.73,146.96,1,-1,-1,-1
149,8228,186.00,188.00,38.00,88.00,1,-1,-1,-1
150,8208,307.77,180.36,41.75,139.56,1,-1,-1,-1
150,8226,252.86,172.17,50.16,147.70,1,-1,-1,-1
150,8228,186.00,188.00,38.00,88.00,1,-1,-1,-1
151,8208,304.90,173.65,43.65,147.71,1,-1,-1,-1
151,8226,252.97,173.27,48.73,142.77,1,-1,-1,-1
151,8228,186.00,188.00,38.00,88.00,1,-1,-1,-1
152,8208,303.99,171.13,44.06,150.77,1,-1,-1,-1
152,8226,252.95,173.71,48.29,140.87,1,-1,-1,-1
153,8208,303.78,170.15,43.96,151.94,1,-1,-1,-1
153,8226,252.89,173.87,48.24,140.17,1,-1,-1,-1
154,8208,302.88,167.22,45.60,160.10,1,-1,-1,-1
154,8226,252.45,176.56,47.75,138.60,1,-1,-1,-1
155,8208,302.75,166.12,45.82,163.18,1,-1,-1,-1
155,8226,252.27,177.58,47.59,138.03,1,-1,-1,-1
156,8208,302.90,165.71,45.55,164.34,1,-1,-1,-1
156,8226,252.19,177.95,47.56,137.83,1,-1,-1,-1
157,8208,304.63,172.00,44.71,159.60,1,-1,-1,-1
157,8226,253.49,180.71,46.23,135.15,1,-1,-1,-1
158,8208,305.22,174.49,44.59,157.68,1,-1,-1,-1
158,8226,254.08,181.74,45.53,134.15,1,-1,-1,-1
159,8208,305.35,175.44,44.76,156.92,1,-1,-1,-1
159,8226,254.40,182.10,45.08,133.80,1,-1,-1,-1
160,8208,309.62,183.61,41.58,142.29,1,-1,-1,-1
160,8226,254.03,179.59,47.20,138.96,1,-1,-1,-1
161,8208,311.10,186.80,40.76,136.53,1,-1,-1,-1
161,8226,253.78,178.65,48.21,140.88,1,-1,-1,-1
162,8208,311.40,187.91,40.93,134.50,1,-1,-1,-1
162,8226,253.59,178.28,48.79,141.63,1,-1,-1,-1
163,8208,312.88,181.63,42.22,139.12,1,-1,-1,-1
163,8226,253.40,171.63,51.85,149.72,1,-1,-1,-1
163,8229,110.00,192.00,40.00,104.00,1,-1,-1,-1
164,8208,313.45,179.32,42.63,140.82,1,-1,-1,-1
164,8226,253.24,169.14,53.15,152.75,1,-1,-1,-1
164,8229,110.00,192.00,40.00,104.00,1,-1,-1,-1
165,8208,313.68,178.43,42.74,141.49,1,-1,-1,-1
165,8226,253.12,168.17,53.78,153.91,1,-1,-1,-1
165,8229,110.00,192.00,40.00,104.00,1,-1,-1,-1
166,8206,141.22,193.86,34.65,105.96,1,-1,-1,-1
166,8208,317.81,189.87,38.60,124.75,1,-1,-1,-1
166,8226,253.10,165.24,57.81,167.22,1,-1,-1,-1
166,8228,181.46,199.94,41.12,93.97,1,-1,-1,-1
166,8229,108.57,190.52,42.86,111.42,1,-1,-1,-1
166,8230,100.00,192.00,34.00,106.00,1,-1,-1,-1
167,8206,138.65,194.23,34.90,105.82,1,-1,-1,-1
167,8208,319.21,194.38,37.36,118.18,1,-1,-1,-1
167,8226,253.28,164.14,58.96,172.22,1,-1,-1,-1
167,8228,181.15,200.21,41.59,94.10,1,-1,-1,-1
167,8229,108.09,190.02,43.82,113.90,1,-1,-1,-1
167,8230,100.00,192.00,34.00,106.00,1,-1,-1,-1
168,8206,137.78,194.35,35.08,105.78,1,-1,-1,-1
168,8208,319.46,195.91,37.36,115.97,1,-1,-1,-1
168,8226,253.50,163.73,59.09,174.16,1,-1,-1,-1
168,8228,180.95,200.30,41.94,94.15,1,-1,-1,-1
168,8229,107.93,189.86,44.13,114.69,1,-1,-1,-1
168,8230,100.00,192.00,34.00,106.00,1,-1,-1,-1
169,8206,132.45,195.07,34.94,105.35,1,-1,-1,-1
169,8208,320.35,197.25,36.63,113.71,1,-1,-1,-1
169,8226,260.52,173.81,51.65,151.87,1,-1,-1,-1
169,8228,170.29,195.11,45.03,104.58,1,-1,-1,-1
169,8229,107.55,189.46,44.91,116.70,1,-1,-1,-1
169,8230,100.00,192.00,34.00,106.00,1,-1,-1,-1
170,8226,263.34,177.98,48.62,142.63,1,-1,-1,-1
170,8228,166.77,193.20,45.35,108.42,1,-1,-1,-1
171,8226,264.29,179.43,47.61,139.40,1,-1,-1,-1
171,8228,165.69,192.42,44.84,109.94,1,-1,-1,-1
172,8226,258.07,169.30,52.37,154.22,1,-1,-1,-1
172,8228,163.65,190.83,45.40,111.77,1,-1,-1,-1
172,8230,90.49,190.11,36.03,109.78,1,-1,-1,-1
172,8231,316.00,168.00,38.00,128.00,1,-1,-1,-1
173,8208,315.29,170.55,40.28,126.28,1,-1,-1,-1
173,8226,255.94,165.69,53.88,159.50,1,-1,-1,-1
173,8228,162.94,190.22,45.51,112.44,1,-1,-1,-1
173,8230,89.25,189.94,36.96,110.12,1,-1,-1,-1
174,8208,315.03,168.32,40.27,127.31,1,-1,-1,-1
174,8226,255.16,164.27,54.32,161.58,1,-1,-1,-1
174,8228,162.75,189.99,45.46,112.66,1,-1,-1,-1
174,8230,88.58,189.89,37.82,110.23,1,-1,-1,-1
175,8208,315.05,166.65,40.22,127.16,1,-1,-1,-1
175,8226,254.91,156.01,59.55,177.81,1,-1,-1,-1
175,8228,161.39,189.73,45.98,113.96,1,-1,-1,-1
175,8230,87.31,189.62,37.99,110.75,1,-1,-1,-1
176,8226,254.88,152.91,61.38,183.92,1,-1,-1,-1
177,8226,254.94,151.70,61.98,186.30,1,-1,-1,-1
178,8226,257.92,164.03,53.72,161.66,1,-1,-1,-1
178,8228,155.63,186.41,47.32,116.26,1,-1,-1,-1
179,8226,259.17,169.20,50.25,151.36,1,-1,-1,-1
179,8228,154.83,185.99,47.74,116.47,1,-1,-1,-1
180,8226,259.62,171.02,49.00,147.74,1,-1,-1,-1
180,8228,154.46,185.85,48.06,116.56,1,-1,-1,-1
181,8226,259.75,171.04,48.87,147.35,1,-1,-1,-1
181,8228,153.15,185.43,48.48,117.59,1,-1,-1,-1
184,8208,315.98,173.14,43.83,141.38,1,-1,-1,-1
184,8226,264.38,177.21,46.41,142.48,1,-1,-1,-1
184,8230,10.67,164.77,56.53,164.33,1,-1,-1,-1
185,8208,316.32,173.59,43.40,142.06,1,-1,-1,-1
185,8226,265.22,177.93,45.51,141.92,1,-1,-1,-1
185,8230,7.01,163.59,57.52,166.86,1,-1,-1,-1
186,8208,316.58,173.75,42.98,142.31,1,-1,-1,-1
186,8226,265.69,178.17,44.84,141.74,1,-1,-1,-1
186,8230,5.73,163.19,57.93,167.74,1,-1,-1,-1
187,8208,316.11,164.78,42.65,143.67,1,-1,-1,-1
187,8226,268.13,175.61,40.04,121.91,1,-1,-1,-1
187,8230,0.38,161.51,59.17,171.35,1,-1,-1,-1
187,8232,120.00,152.00,80.00,194.00,1,-1,-1,-1
188,8208,316.09,161.36,42.20,144.17,1,-1,-1,-1
188,8226,268.78,174.55,38.71,114.21,1,-1,-1,-1
188,8232,120.00,152.00,80.00,194.00,1,-1,-1,-1
189,8208,316.22,160.08,41.75,144.33,1,-1,-1,-1
189,8226,268.67,174.20,38.90,111.71,1,-1,-1,-1
189,8232,120.00,152.00,80.00,194.00,1,-1,-1,-1
190,8208,315.23,169.99,43.63,148.26,1,-1,-1,-1
190,8226,264.25,171.34,49.09,142.29,1,-1,-1,-1
190,8232,117.37,153.48,80.80,195.48,1,-1,-1,-1
190,8233,218.00,214.00,18.00,60.00,1,-1,-1,-1
191,8208,314.68,173.76,44.72,149.73,1,-1,-1,-1
191,8226,262.97,170.39,52.13,152.36,1,-1,-1,-1
191,8232,116.41,153.98,81.24,195.98,1,-1,-1,-1
191,8233,218.00,214.00,18.00,60.00,1,-1,-1,-1
192,8208,314.31,175.23,45.44,150.27,1,-1,-1,-1
192,8226,262.52,170.00,53.20,156.66,1,-1,-1,-1
192,8232,116.03,154.13,81.55,196.13,1,-1,-1,-1
192,8233,218.00,214.00,18.00,60.00,1,-1,-1,-1
193,8208,314.20,175.43,45.74,151.26,1,-1,-1,-1
193,8226,264.61,171.13,52.87,155.78,1,-1,-1,-1
193,8232,115.35,154.53,81.71,196.53,1,-1,-1,-1
193,8233,219.55,214.00,19.34,64.45,1,-1,-1,-1
194,8226,265.45,171.59,52.69,155.34,1,-1,-1,-1
194,8233,220.07,214.00,19.80,65.94,1,-1,-1,-1
195,8226,265.78,171.77,52.59,155.12,1,-1,-1,-1
195,8233,220.23,214.00,19.95,66.41,1,-1,-1,-1
196,8208,316.84,176.00,43.83,143.63,1,-1,-1,-1
196,8226,267.04,177.02,48.96,144.65,1,-1,-1,-1
196,8233,220.45,215.36,19.62,65.16,1,-1,-1,-1
196,8234,82.00,110.00,96.00,322.00,1,-1,-1,-1
197,8208,317.06,176.06,43.83,142.56,1,-1,-1,-1
197,8226,267.55,179.08,47.48,140.46,1,-1,-1,-1
197,8233,220.49,215.87,19.51,64.63,1,-1,-1,-1
197,8234,82.00,110.00,96.00,322.00,1,-1,-1,-1
198,8208,317.04,176.08,44.00,142.23,1,-1,-1,-1
198,8226,267.75,179.82,46.89,138.92,1,-1,-1,-1
198,8233,220.48,216.04,19.49,64.40,1,-1,-1,-1
198,8234,82.00,110.00,96.00,322.00,1,-1,-1,-1
199,8208,317.19,176.25,44.02,142.29,1,-1,-1,-1
199,8226,267.98,180.26,46.92,139.01,1,-1,-1,-1
199,8233,219.11,217.44,19.50,64.30,1,-1,-1,-1
199,8234,50.98,55.09,119.46,396.21,1,-1,-1,-1
200,8233,218.57,217.95,19.53,64.24,1,-1,-1,-1
200,8234,40.02,36.84,128.55,420.87,1,-1,-1,-1
201,8233,218.36,218.12,19.56,64.20,1,-1,-1,-1
201,8234,35.52,30.44,133.06,429.51,1,-1,-1,-1
202,8208,325.30,167.32,48.61,164.87,1,-1,-1,-1
202,8233,216.59,219.49,20.30,66.82,1,-1,-1,-1
202,8234,26.94,15.15,139.46,450.18,1,-1,-1,-1
202,8235,178.00,214.00,18.00,70.00,1,-1,-1,-1
203,8208,327.13,166.25,47.44,167.56,1,-1,-1,-1
203,8233,215.95,220.00,20.54,67.78,1,-1,-1,-1
203,8235,178.00,214.00,18.00,70.00,1,-1,-1,-1
204,8208,328.27,165.86,46.07,168.55,1,-1,-1,-1
204,8233,215.72,220.17,20.59,68.14,1,-1,-1,-1
204,8235,178.00,214.00,18.00,70.00,1,-1,-1,-1
205,8208,321.76,169.58,43.98,161.17,1,-1,-1,-1
205,8233,215.47,220.64,20.77,68.72,1,-1,-1,-1
205,8235,178.00,214.00,18.00,70.00,1,-1,-1,-1
205,8236,142.00,166.00,30.00,122.00,1,-1,-1,-1
206,8208,319.20,171.06,43.10,158.20,1,-1,-1,-1
206,8236,142.00,166.00,30.00,122.00,1,-1,-1,-1
207,8208,318.26,171.62,42.74,157.06,1,-1,-1,-1
207,8236,142.00,166.00,30.00,122.00,1,-1,-1,-1
208,8208,318.00,173.14,42.40,154.00,1,-1,-1,-1
208,8228,101.92,168.05,64.38,175.76,1,-1,-1,-1
208,8233,218.65,215.03,21.50,71.80,1,-1,-1,-1
208,8236,142.00,166.00,30.00,122.00,1,-1,-1,-1
209,8208,317.79,173.72,42.51,152.82,1,-1,-1,-1
209,8228,103.43,167.79,60.06,176.69,1,-1,-1,-1
209,8233,219.14,214.31,21.44,72.16,1,-1,-1,-1
210,8208,317.60,173.94,42.76,152.36,1,-1,-1,-1
210,8228,104.69,167.70,57.11,177.00,1,-1,-1,-1
210,8233,219.35,214.06,21.33,72.29,1,-1,-1,-1
211,8208,325.74,174.01,43.47,154.80,1,-1,-1,-1
211,8226,275.90,180.13,47.93,141.95,1,-1,-1,-1
211,8228,102.91,167.11,57.75,178.97,1,-1,-1,-1
211,8233,221.68,213.96,20.68,71.02,1,-1,-1,-1
212,8208,328.79,174.04,43.74,155.71,1,-1,-1,-1
212,8226,276.15,180.08,47.97,142.05,1,-1,-1,-1
212,8233,222.63,213.93,20.28,70.51,1,-1,-1,-1
213,8208,329.94,174.05,43.85,156.05,1,-1,-1,-1
213,8226,276.24,180.07,47.99,142.08,1,-1,-1,-1
213,8233,223.05,213.93,20.01,70.31,1,-1,-1,-1
214,8208,330.60,170.14,43.37,152.25,1,-1,-1,-1
214,8226,277.29,173.53,49.85,146.01,1,-1,-1,-1
214,8233,223.37,213.80,20.10,70.63,1,-1,-1,-1
215,8208,330.68,168.64,43.47,150.78,1,-1,-1,-1
215,8226,277.55,171.07,50.80,147.48,1,-1,-1,-1
216,8208,330.54,168.09,43.77,150.24,1,-1,-1,-1
216,8226,277.53,170.14,51.35,148.03,1,-1,-1,-1
217,8208,333.40,170.52,44.59,152.66,1,-1,-1,-1
217,8226,277.96,168.51,54.55,157.31,1,-1,-1,-1
218,8208,334.42,171.43,44.95,153.57,1,-1,-1,-1
218,8226,278.12,167.90,55.73,160.79,1,-1,-1,-1
219,8208,334.75,171.79,45.14,153.91,1,-1,-1,-1
219,8226,278.17,167.69,56.18,162.11,1,-1,-1,-1
220,8208,338.66,173.23,44.09,150.12,1,-1,-1,-1
220,8226,280.96,165.06,55.90,162.58,1,-1,-1,-1
220,8233,221.79,208.33,26.49,88.85,1,-1,-1,-1
220,8237,2.00,70.00,80.00,354.00,1,-1,-1,-1
221,8208,340.11,173.78,43.71,148.67,1,-1,-1,-1
221,8226,282.14,164.07,55.56,162.71,1,-1,-1,-1
221,8233,221.22,207.95,27.84,90.11,1,-1,-1,-1
221,8237,2.00,70.00,80.00,354.00,1,-1,-1,-1
222,8208,340.59,173.98,43.60,148.13,1,-1,-1,-1
222,8226,282.67,163.71,55.22,162.72,1,-1,-1,-1
222,8233,220.78,207.82,28.77,90.57,1,-1,-1,-1
222,8237,2.00,70.00,80.00,354.00,1,-1,-1,-1
223,8208,340.82,170.12,44.72,153.19,1,-1,-1,-1
223,8226,282.75,162.31,55.28,163.98,1,-1,-1,-1
223,8233,220.62,206.50,30.36,93.26,1,-1,-1,-1
223,8237,2.00,70.00,80.00,354.00,1,-1,-1,-1
224,8208,340.98,168.67,44.93,155.07,1,-1,-1,-1
224,8226,282.86,161.80,55.10,164.42,1,-1,-1,-1
224,8233,220.39,206.00,31.31,94.27,1,-1,-1,-1
225,8208,341.10,168.12,44.84,155.80,1,-1,-1,-1
225,8226,282.97,161.63,54.85,164.56,1,-1,-1,-1
225,8233,220.15,205.82,31.96,94.62,1,-1,-1,-1
226,8208,339.01,169.22,45.09,158.66,1,-1,-1,-1
226,8226,284.36,160.29,57.19,172.35,1,-1,-1,-1
226,8233,218.68,205.77,32.38,95.99,1,-1,-1,-1
226,8238,188.00,198.00,34.00,108.00,1,-1,-1,-1
227,8208,338.35,169.65,44.87,159.74,1,-1,-1,-1
227,8226,284.95,159.80,57.93,175.27,1,-1,-1,-1
227,8233,218.13,205.76,32.51,96.49,1,-1,-1,-1
227,8238,188.00,198.00,34.00,108.00,1,-1,-1,-1
228,8208,338.22,169.82,44.51,160.13,1,-1,-1,-1
228,8226,285.22,159.64,58.08,176.37,1,-1,-1,-1
228,8233,217.92,205.77,32.52,96.64,1,-1,-1,-1
228,8235,190.43,198.04,29.07,107.91,1,-1,-1,-1
229,8208,339.18,169.89,43.61,158.97,1,-1,-1,-1
229,8226,285.69,164.75,54.78,165.14,1,-1,-1,-1
229,8233,216.94,200.64,34.33,103.10,1,-1,-1,-1
229,8235,193.62,198.94,29.28,109.78,1,-1,-1,-1
229,8239,166.00,200.00,28.00,100.00,1,-1,-1,-1
230,8208,339.68,169.92,42.97,158.50,1,-1,-1,-1
230,8226,285.76,166.81,53.64,160.63,1,-1,-1,-1
230,8233,216.67,198.70,34.81,105.52,1,-1,-1,-1
230,8235,195.04,199.38,29.25,110.51,1,-1,-1,-1
230,8239,166.00,200.00,28.00,100.00,1,-1,-1,-1
231,8208,339.99,169.94,42.46,158.31,1,-1,-1,-1
231,8226,285.68,167.56,53.40,158.97,1,-1,-1,-1
231,8233,216.65,197.95,34.81,106.44,1,-1,-1,-1
231,8235,195.63,199.58,29.15,110.75,1,-1,-1,-1
231,8239,166.00,200.00,28.00,100.00,1,-1,-1,-1
232,8208,344.11,166.04,38.14,143.88,1,-1,-1,-1
232,8226,285.56,165.22,53.46,160.97,1,-1,-1,-1
232,8233,220.56,196.41,34.65,106.74,1,-1,-1,-1
232,8235,190.62,194.58,30.63,117.16,1,-1,-1,-1
232,8239,167.20,197.03,30.05,107.42,1,-1,-1,-1
232,8240,118.00,198.00,30.00,108.00,1,-1,-1,-1
233,8208,345.79,164.52,36.25,138.24,1,-1,-1,-1
233,8226,285.66,164.34,53.15,161.72,1,-1,-1,-1
233,8233,222.15,195.83,34.43,106.81,1,-1,-1,-1
233,8235,188.76,192.68,31.09,119.59,1,-1,-1,-1
233,8239,167.62,196.04,30.71,109.90,1,-1,-1,-1
233,8240,118.00,198.00,30.00,108.00,1,-1,-1,-1
234,8208,346.47,163.99,35.38,136.27,1,-1,-1,-1
234,8226,285.84,164.02,52.74,162.00,1,-1,-1,-1
234,8233,222.82,195.63,34.21,106.80,1,-1,-1,-1
234,8235,188.04,191.95,31.19,120.51,1,-1,-1,-1
234,8239,167.76,195.72,30.89,110.69,1,-1,-1,-1
234,8240,118.00,198.00,30.00,108.00,1,-1,-1,-1
235,8208,345.01,170.49,35.78,139.59,1,-1,-1,-1
235,8226,289.52,171.74,47.94,147.73,1,-1,-1,-1
235,8233,221.51,194.29,35.96,113.19,1,-1,-1,-1
235,8235,188.17,191.12,31.64,122.25,1,-1,-1,-1
235,8239,165.91,191.57,33.33,119.03,1,-1,-1,-1
235,8240,102.42,196.52,29.98,106.52,1,-1,-1,-1
235,8241,136.00,186.00,48.00,124.00,1,-1,-1,-1
236,8208,344.59,172.87,35.69,140.84,1,-1,-1,-1
236,8226,290.98,174.77,45.99,142.15,1,-1,-1,-1
236,8233,221.09,193.80,36.45,115.60,1,-1,-1,-1
236,8239,165.20,190.07,34.29,122.03,1,-1,-1,-1
236,8240,97.03,196.02,30.30,106.02,1,-1,-1,-1
236,8241,136.00,186.00,48.00,124.00,1,-1,-1,-1
237,8208,344.52,173.76,35.44,141.35,1,-1,-1,-1
237,8226,291.51,175.83,45.23,140.21,1,-1,-1,-1
237,8233,221.00,193.63,36.48,116.49,1,-1,-1,-1
237,8239,164.88,189.55,34.70,123.07,1,-1,-1,-1
237,8240,95.26,195.87,30.77,105.87,1,-1,-1,-1
237,8241,136.00,186.00,48.00,124.00,1,-1,-1,-1
238,8208,341.48,167.52,38.72,154.69,1,-1,-1,-1
238,8226,288.71,170.85,48.25,150.23,1,-1,-1,-1
238,8233,222.47,197.43,36.01,115.51,1,-1,-1,-1
238,8239,166.91,186.79,37.05,132.49,1,-1,-1,-1
238,8240,88.23,190.27,34.45,115.59,1,-1,-1,-1
238,8241,133.96,186.00,47.63,124.00,1,-1,-1,-1
239,8208,340.38,165.23,39.90,159.59,1,-1,-1,-1
239,8226,287.77,169.05,49.21,153.84,1,-1,-1,-1
239,8233,223.09,198.94,35.72,115.07,1,-1,-1,-1
239,8239,167.78,185.76,37.72,136.01,1,-1,-1,-1
239,8240,85.49,188.31,36.37,118.99,1,-1,-1,-1
239,8241,133.43,186.00,47.19,124.00,1,-1,-1,-1
240,8208,339.96,164.32,40.33,161.52,1,-1,-1,-1
240,8226,287.44,168.35,49.49,155.27,1,-1,-1,-1
240,8233,223.36,199.53,35.52,114.85,1,-1,-1,-1
240,8239,168.22,185.41,37.77,137.28,1,-1,-1,-1
240,8240,84.36,187.62,37.67,120.25,1,-1,-1,-1
240,8241,133.45,186.00,46.71,124.00,1,-1,-1,-1
241,8208,338.39,161.40,42.03,168.68,1,-1,-1,-1
241,8226,287.93,166.78,50.94,159.72,1,-1,-1,-1
241,8233,220.03,197.17,37.11,119.91,1,-1,-1,-1
241,8239,165.33,187.89,37.45,136.36,1,-1,-1,-1
241,8240,85.03,186.09,38.93,124.61,1,-1,-1,-1
241,8241,133.29,187.39,46.93,126.77,1,-1,-1,-1
241,8242,66.00,178.00,46.00,138.00,1,-1,-1,-1
242,8208,337.81,160.29,42.62,171.39,1,-1,-1,-1
242,8226,288.11,166.18,51.51,161.40,1,-1,-1,-1
242,8233,218.76,196.29,37.72,121.80,1,-1,-1,-1
242,8239,164.21,188.91,37.25,135.88,1,-1,-1,-1
242,8240,85.41,185.55,39.33,126.21,1,-1,-1,-1
242,8241,133.54,187.88,46.44,127.77,1,-1,-1,-1
242,8242,66.00,178.00,46.00,138.00,1,-1,-1,-1
243,8208,337.62,159.88,42.79,172.40,1,-1,-1,-1
243,8226,288.17,165.96,51.74,162.03,1,-1,-1,-1
243,8233,218.26,195.95,37.95,122.49,1,-1,-1,-1
243,8239,163.80,189.33,37.11,135.60,1,-1,-1,-1
243,8240,85.72,185.39,39.40,126.76,1,-1,-1,-1
243,8241,133.93,188.06,45.70,128.11,1,-1,-1,-1
243,8242,66.00,178.00,46.00,138.00,1,-1,-1,-1
244,8208,339.05,172.59,39.85,158.60,1,-1,-1,-1
244,8226,289.90,178.86,47.09,145.39,1,-1,-1,-1
244,8233,214.71,206.13,37.03,118.85,1,-1,-1,-1
244,8235,119.75,178.30,39.98,151.26,1,-1,-1,-1
244,8239,163.59,188.64,37.76,138.00,1,-1,-1,-1
244,8240,83.14,184.23,39.96,128.57,1,-1,-1,-1
244,8241,133.48,188.33,45.89,128.66,1,-1,-1,-1
244,8242,46.78,179.48,47.34,142.45,1,-1,-1,-1
244,8243,62.00,178.00,38.00,146.00,1,-1,-1,-1
245,8208,339.53,177.66,38.87,153.03,1,-1,-1,-1
245,8226,290.43,183.96,45.53,138.77,1,-1,-1,-1
245,8233,213.29,210.11,36.74,117.37,1,-1,-1,-1
245,8235,115.65,177.72,40.95,152.60,1,-1,-1,-1
245,8240,63.88,179.19,43.58,142.33,1,-1,-1,-1
245,8242,40.40,179.98,47.66,143.94,1,-1,-1,-1
246,8208,339.60,179.48,38.73,151.01,1,-1,-1,-1
246,8226,290.46,185.74,45.29,136.47,1,-1,-1,-1
246,8233,212.72,211.59,36.72,116.78,1,-1,-1,-1
246,8235,114.05,177.50,41.55,153.08,1,-1,-1,-1
246,8240,59.36,177.88,44.01,145.72,1,-1,-1,-1
246,8242,38.52,180.13,47.62,144.40,1,-1,-1,-1
247,8208,338.20,173.54,40.21,155.54,1,-1,-1,-1
247,8226,288.04,174.34,50.06,151.69,1,-1,-1,-1
247,8233,208.94,213.44,36.06,115.23,1,-1,-1,-1
247,8235,110.50,176.47,42.17,155.36,1,-1,-1,-1
247,8239,142.16,196.44,40.19,144.17,1,-1,-1,-1
247,8240,55.19,176.38,44.89,148.66,1,-1,-1,-1
247,8242,19.27,177.42,48.16,147.25,1,-1,-1,-1
248,8208,337.59,171.33,40.94,157.22,1,-1,-1,-1
248,8226,287.27,170.29,51.58,157.09,1,-1,-1,-1
248,8233,207.57,214.11,35.70,114.61,1,-1,-1,-1
248,8239,139.08,197.51,41.01,144.82,1,-1,-1,-1
248,8242,12.62,176.42,48.07,148.24,1,-1,-1,-1
249,8208,337.29,170.47,41.38,157.86,1,-1,-1,-1
249,8226,287.02,168.67,52.05,159.25,1,-1,-1,-1
249,8233,207.12,214.34,35.48,114.36,1,-1,-1,-1
249,8239,137.84,197.88,41.64,145.06,1,-1,-1,-1
249,8242,10.59,176.05,47.75,148.55,1,-1,-1,-1
250,8208,336.18,171.44,40.92,158.09,1,-1,-1,-1
250,8226,288.08,174.50,48.64,149.74,1,-1,-1,-1
250,8233,198.54,198.71,39.19,126.02,1,-1,-1,-1
250,8235,106.72,168.77,47.65,175.73,1,-1,-1,-1
250,8239,136.04,198.05,42.22,147.09,1,-1,-1,-1
250,8242,3.76,175.77,48.16,149.81,1,-1,-1,-1
251,8208,335.90,171.81,40.47,158.16,1,-1,-1,-1
251,8226,288.57,176.82,47.14,145.95,1,-1,-1,-1
251,8233,195.36,192.97,40.61,130.31,1,-1,-1,-1
251,8235,106.39,167.80,48.31,178.32,1,-1,-1,-1
252,8208,335.93,171.95,40.05,158.18,1,-1,-1,-1
252,8226,288.82,177.67,46.45,144.56,1,-1,-1,-1
252,8233,194.11,190.67,41.22,131.98,1,-1,-1,-1
252,8235,106.30,167.45,48.54,179.26,1,-1,-1,-1
253,8208,333.86,168.09,41.46,164.70,1,-1,-1,-1
253,8226,289.17,176.66,46.99,146.69,1,-1,-1,-1
253,8233,187.81,178.28,48.04,154.36,1,-1,-1,-1
253,8235,103.58,166.20,49.35,182.25,1,-1,-1,-1
254,8208,333.16,166.65,41.86,167.13,1,-1,-1,-1
254,8226,289.34,176.28,47.11,147.49,1,-1,-1,-1
254,8233,185.49,173.64,50.49,162.72,1,-1,-1,-1
255,8208,332.96,166.09,41.89,168.05,1,-1,-1,-1
255,8226,289.44,176.13,47.09,147.80,1,-1,-1,-1
255,8233,184.63,171.77,51.40,166.11,1,-1,-1,-1
256,8208,331.65,164.60,41.79,168.37,1,-1,-1,-1
256,8226,283.95,172.15,48.99,154.45,1,-1,-1,-1
256,8233,181.48,173.61,49.95,162.33,1,-1,-1,-1
256,8235,49.19,153.52,58.26,200.43,1,-1,-1,-1
257,8208,331.22,164.04,41.65,168.46,1,-1,-1,-1
257,8226,281.95,170.66,49.58,156.94,1,-1,-1,-1
257,8233,180.36,174.43,49.19,160.68,1,-1,-1,-1
257,8235,40.71,151.89,62.09,202.70,1,-1,-1,-1
258,8208,331.11,163.84,41.50,168.47,1,-1,-1,-1
258,8226,281.25,170.09,49.70,157.89,1,-1,-1,-1
258,8233,180.05,174.80,48.74,159.96,1,-1,-1,-1
258,8235,36.92,151.30,64.92,203.52,1,-1,-1,-1
259,8208,332.55,175.47,38.51,152.86,1,-1,-1,-1
259,8226,281.20,172.47,49.33,155.64,1,-1,-1,-1
259,8233,179.54,172.41,49.43,163.47,1,-1,-1,-1
259,8235,29.28,158.80,69.68,216.54,1,-1,-1,-1
260,8208,332.96,180.06,37.71,146.68,1,-1,-1,-1
260,8226,281.11,173.41,49.35,154.75,1,-1,-1,-1
260,8233,179.49,171.54,49.48,164.76,1,-1,-1,-1
260,8235,26.27,161.66,71.80,221.46,1,-1,-1,-1
261,8208,332.91,181.67,37.81,144.51,1,-1,-1,-1
261,8226,281.02,173.76,49.51,154.40,1,-1,-1,-1
261,8233,179.61,171.25,49.29,165.18,1,-1,-1,-1
261,8235,25.13,162.85,72.84,223.30,1,-1,-1,-1
262,8208,333.53,187.55,35.28,133.11,1,-1,-1,-1
262,8226,281.18,183.03,45.29,138.60,1,-1,-1,-1
262,8233,165.00,168.61,51.62,171.70,1,-1,-1,-1
262,8235,19.95,162.19,74.13,227.23,1,-1,-1,-1
263,8208,333.67,189.71,34.55,128.88,1,-1,-1,-1
263,8226,281.09,186.66,43.99,132.40,1,-1,-1,-1
263,8233,159.34,167.64,52.71,174.14,1,-1,-1,-1
264,8208,333.61,190.42,34.52,127.47,1,-1,-1,-1
264,8226,280.88,187.91,43.93,130.26,1,-1,-1,-1
264,8233,157.11,167.30,53.29,175.01,1,-1,-1,-1
265,8208,331.06,181.22,36.91,136.45,1,-1,-1,-1
265,8226,278.90,178.96,47.76,141.58,1,-1,-1,-1
265,8233,151.16,156.95,59.98,193.25,1,-1,-1,-1
266,8208,330.16,177.92,37.74,139.68,1,-1,-1,-1
266,8226,278.19,175.77,49.13,145.62,1,-1,-1,-1
266,8233,148.57,153.06,63.17,200.10,1,-1,-1,-1
267,8208,329.83,176.63,38.06,140.97,1,-1,-1,-1
267,8226,277.92,174.51,49.68,147.22,1,-1,-1,-1
267,8233,147.35,151.55,64.99,202.77,1,-1,-1,-1
268,8208,328.57,177.44,37.86,140.19,1,-1,-1,-1
268,8226,277.65,179.22,47.66,140.05,1,-1,-1,-1
268,8233,136.92,149.75,74.34,232.90,1,-1,-1,-1
269,8208,328.10,177.76,37.80,139.90,1,-1,-1,-1
269,8226,277.47,181.08,47.06,137.24,1,-1,-1,-1
269,8233,133.04,149.04,77.68,244.31,1,-1,-1,-1
270,8208,327.93,177.88,37.79,139.81,1,-1,-1,-1
270,8226,277.33,181.76,47.03,136.23,1,-1,-1,-1
270,8233,131.62,148.83,78.87,248.89,1,-1,-1,-1
271,8208,331.30,181.86,36.21,134.55,1,-1,-1,-1
271,8226,276.99,182.01,46.82,135.61,1,-1,-1,-1
271,8233,121.31,138.78,86.43,270.64,1,-1,-1,-1
271,8244,324.00,180.00,32.00,102.00,1,-1,-1,-1
272,8208,332.64,183.38,35.53,132.57,1,-1,-1,-1
272,8233,117.13,134.88,89.74,279.05,1,-1,-1,-1
272,8244,324.00,180.00,32.00,102.00,1,-1,-1,-1
273,8208,333.17,183.93,35.21,131.86,1,-1,-1,-1
273,8233,115.37,133.37,91.34,282.26,1,-1,-1,-1
273,8244,324.00,180.00,32.00,102.00,1,-1,-1,-1
274,8208,333.26,184.36,34.95,130.92,1,-1,-1,-1
274,8226,264.67,169.74,52.80,155.14,1,-1,-1,-1
274,8233,107.48,115.21,96.45,294.67,1,-1,-1,-1
274,8244,324.00,180.00,32.00,102.00,1,-1,-1,-1
275,8226,263.53,168.31,52.91,157.41,1,-1,-1,-1
275,8233,104.16,108.16,99.00,299.41,1,-1,-1,-1
276,8226,263.28,167.79,52.63,158.25,1,-1,-1,-1
276,8233,102.69,105.45,100.47,301.09,1,-1,-1,-1
277,8208,318.52,177.12,40.13,145.69,1,-1,-1,-1
277,8226,264.43,168.90,51.38,154.67,1,-1,-1,-1
277,8233,68.13,90.53,119.67,351.04,1,-1,-1,-1
278,8208,316.36,176.28,41.65,147.39,1,-1,-1,-1
278,8226,264.94,169.37,50.85,153.24,1,-1,-1,-1
278,8233,54.31,84.86,128.51,369.87,1,-1,-1,-1
279,8208,315.31,175.98,42.73,148.02,1,-1,-1,-1
279,8226,265.18,169.56,50.62,152.67,1,-1,-1,-1
279,8233,48.04,82.64,133.39,377.48,1,-1,-1,-1
280,8208,314.18,175.64,42.92,148.67,1,-1,-1,-1
280,8226,264.32,169.01,50.81,153.26,1,-1,-1,-1
280,8233,22.49,59.36,141.61,397.77,1,-1,-1,-1
280,8244,330.34,174.14,34.95,109.82,1,-1,-1,-1
281,8233,12.24,50.27,145.37,405.61,1,-1,-1,-1
281,8244,330.46,173.83,35.53,110.22,1,-1,-1,-1
282,8233,8.07,46.76,147.28,408.44,1,-1,-1,-1
282,8244,330.36,173.73,35.99,110.36,1,-1,-1,-1
283,8208,327.98,179.29,41.14,139.67,1,-1,-1,-1
283,8226,268.03,180.11,45.01,136.71,1,-1,-1,-1
283,8233,1.02,41.30,150.84,418.32,1,-1,-1,-1
283,8244,331.00,173.16,36.24,111.12,1,-1,-1,-1
284,8208,329.57,179.78,41.45,138.46,1,-1,-1,-1
284,8226,268.69,181.58,44.05,134.54,1,-1,-1,-1
285,8208,329.91,179.94,41.89,138.08,1,-1,-1,-1
285,8226,268.95,182.03,43.61,133.87,1,-1,-1,-1
286,8208,327.86,178.69,45.07,149.75,1,-1,-1,-1
286,8226,270.95,186.16,40.98,125.69,1,-1,-1,-1
286,8245,198.00,218.00,20.00,54.00,1,-1,-1,-1
286,8246,174.00,218.00,20.00,62.00,1,-1,-1,-1
287,8208,327.21,178.22,46.04,154.04,1,-1,-1,-1
287,8226,271.72,187.69,40.01,122.65,1,-1,-1,-1
287,8245,198.00,218.00,20.00,54.00,1,-1,-1,-1
287,8246,174.00,218.00,20.00,62.00,1,-1,-1,-1
288,8208,327.02,178.04,46.26,155.72,1,-1,-1,-1
288,8226,271.99,188.22,39.69,121.62,1,-1,-1,-1
288,8245,198.00,218.00,20.00,54.00,1,-1,-1,-1
288,8246,174.00,218.00,20.00,62.00,1,-1,-1,-1
289,8208,332.33,175.40,45.87,155.04,1,-1,-1,-1
289,8226,278.22,180.36,44.70,134.66,1,-1,-1,-1
289,8245,197.40,220.97,21.19,56.97,1,-1,-1,-1
289,8246,174.00,218.00,20.00,62.00,1,-1,-1,-1
290,8208,334.43,174.38,45.62,154.74,1,-1,-1,-1
290,8226,280.22,177.55,46.93,139.31,1,-1,-1,-1
290,8245,197.16,221.96,21.67,57.96,1,-1,-1,-1
291,8208,335.25,174.00,45.43,154.59,1,-1,-1,-1
291,8226,280.81,176.44,48.18,141.17,1,-1,-1,-1
291,8245,197.05,222.27,21.91,58.27,1,-1,-1,-1
292,8208,348.60,176.47,45.23,149.32,1,-1,-1,-1
292,8226,287.49,173.43,51.21,149.65,1,-1,-1,-1
292,8245,197.40,216.87,23.94,63.81,1,-1,-1,-1
293,8208,353.38,177.43,45.78,147.25,1,-1,-1,-1
293,8226,289.96,172.29,52.43,152.85,1,-1,-1,-1
293,8245,197.54,214.92,24.64,65.79,1,-1,-1,-1
294,8208,354.81,177.79,46.59,146.47,1,-1,-1,-1
294,8226,290.86,171.87,52.97,154.07,1,-1,-1,-1
294,8245,197.62,214.15,24.86,66.50,1,-1,-1,-1
295,8208,358.67,183.17,44.05,135.69,1,-1,-1,-1
295,8226,297.20,176.87,50.09,142.93,1,-1,-1,-1
295,8245,198.61,217.79,24.30,65.41,1,-1,-1,-1
295,8247,494.00,226.00,24.00,58.00,1,-1,-1,-1
295,8248,218.00,214.00,20.00,62.00,1,-1,-1,-1
296,8208,359.84,185.24,43.48,131.54,1,-1,-1,-1
296,8226,299.40,178.88,49.34,138.45,1,-1,-1,-1
296,8245,199.03,219.22,23.98,64.91,1,-1,-1,-1
296,8246,217.20,214.07,20.00,62.00,1,-1,-1,-1
296,8247,494.00,226.00,24.00,58.00,1,-1,-1,-1
297,8208,360.00,185.97,43.68,130.08,1,-1,-1,-1
297,8226,299.94,179.61,49.49,136.82,1,-1,-1,-1
297,8245,199.23,219.77,23.76,64.68,1,-1,-1,-1
297,8246,219.08,213.90,20.00,62.00,1,-1,-1,-1
297,8247,494.00,226.00,24.00,58.00,1,-1,-1,-1
298,8208,369.88,175.56,47.95,142.90,1,-1,-1,-1
298,8226,310.66,181.20,48.15,133.58,1,-1,-1,-1
298,8245,200.61,226.52,21.05,55.39,1,-1,-1,-1
298,8246,222.98,215.17,20.19,62.00,1,-1,-1,-1
298,8247,494.00,226.00,24.00,58.00,1,-1,-1,-1
299,8208,373.44,171.83,49.46,147.50,1,-1,-1,-1
299,8226,314.66,181.80,47.57,132.37,1,-1,-1,-1
299,8245,201.01,229.19,20.22,51.61,1,-1,-1,-1
299,8246,224.24,215.65,20.37,62.00,1,-1,-1,-1
300,8208,374.75,170.36,50.05,149.33,1,-1,-1,-1
300,8226,316.10,182.01,47.27,131.94,1,-1,-1,-1
300,8245,200.97,230.07,20.28,50.34,1,-1,-1,-1
300,8246,224.53,215.84,20.53,62.00,1,-1,-1,-1
301,8208,377.94,168.53,51.17,155.19,1,-1,-1,-1
301,8226,321.82,180.77,48.48,134.43,1,-1,-1,-1
301,8245,201.28,231.08,20.03,49.71,1,-1,-1,-1
301,8246,225.01,219.86,20.88,60.68,1,-1,-1,-1
301,8249,246.00,216.00,18.00,56.00,1,-1,-1,-1
301,8250,540.00,232.00,26.00,50.00,1,-1,-1,-1
302,8208,379.33,167.84,51.13,157.40,1,-1,-1,-1
302,8226,323.80,180.30,49.10,135.37,1,-1,-1,-1
302,8246,224.85,221.39,21.42,60.19,1,-1,-1,-1
302,8249,246.00,216.00,18.00,56.00,1,-1,-1,-1
302,8250,540.00,232.00,26.00,50.00,1,-1,-1,-1
303,8208,379.98,167.61,50.69,158.23,1,-1,-1,-1
303,8226,324.38,180.11,49.49,135.74,1,-1,-1,-1
303,8246,224.51,221.95,21.99,60.00,1,-1,-1,-1
303,8249,246.00,216.00,18.00,56.00,1,-1,-1,-1
303,8250,540.00,232.00,26.00,50.00,1,-1,-1,-1
304,8208,387.83,177.87,45.47,144.32,1,-1,-1,-1
304,8226,331.36,181.35,48.98,134.57,1,-1,-1,-1
304,8246,227.11,222.41,21.93,59.83,1,-1,-1,-1
304,8249,247.06,213.03,20.34,63.42,1,-1,-1,-1
304,8250,541.91,227.55,29.60,57.42,1,-1,-1,-1
304,8251,558.00,224.00,24.00,62.00,1,-1,-1,-1
304,8252,148.00,218.00,22.00,58.00,1,-1,-1,-1
304,8253,584.00,180.00,46.00,148.00,1,-1,-1,-1
305,8208,390.94,181.98,43.04,138.75,1,-1,-1,-1
305,8226,333.94,181.82,48.75,134.14,1,-1,-1,-1
305,8249,247.43,212.04,21.08,65.90,1,-1,-1,-1
305,8250,542.67,226.06,30.56,59.89,1,-1,-1,-1
305,8251,558.00,224.00,24.00,62.00,1,-1,-1,-1
305,8252,148.00,218.00,22.00,58.00,1,-1,-1,-1
305,8253,584.00,180.00,46.00,148.00,1,-1,-1,-1
306,8208,392.16,183.45,41.83,136.75,1,-1,-1,-1
306,8226,334.83,181.99,48.62,133.98,1,-1,-1,-1
306,8247,544.87,226.00,24.73,59.97,1,-1,-1,-1
306,8249,247.57,211.71,21.29,66.71,1,-1,-1,-1
306,8250,550.79,224.22,31.27,62.07,1,-1,-1,-1
306,8252,148.00,218.00,22.00,58.00,1,-1,-1,-1
306,8253,584.00,180.00,46.00,148.00,1,-1,-1,-1
307,8208,406.26,177.36,45.70,147.96,1,-1,-1,-1
307,8226,346.23,176.82,51.14,140.47,1,-1,-1,-1
307,8247,549.60,226.00,24.80,60.15,1,-1,-1,-1
307,8249,247.86,210.90,21.94,68.75,1,-1,-1,-1
307,8250,552.67,222.76,32.42,64.35,1,-1,-1,-1
307,8252,148.00,218.00,22.00,58.00,1,-1,-1,-1
307,8253,584.00,180.00,46.00,148.00,1,-1,-1,-1
308,8208,411.23,175.15,47.38,152.01,1,-1,-1,-1
308,8226,350.38,174.89,52.17,142.89,1,-1,-1,-1
309,8208,412.94,174.28,48.25,153.60,1,-1,-1,-1
309,8226,351.83,174.15,52.65,143.82,1,-1,-1,-1
310,8208,423.77,168.79,52.54,161.94,1,-1,-1,-1
310,8226,355.34,173.65,52.88,144.44,1,-1,-1,-1
310,8254,246.00,202.00,28.00,86.00,1,-1,-1,-1
311,8208,427.35,166.71,55.09,165.09,1,-1,-1,-1
311,8246,244.55,203.13,30.52,84.69,1,-1,-1,-1
312,8208,428.21,165.92,56.89,166.28,1,-1,-1,-1
312,8246,245.73,202.00,30.63,86.15,1,-1,-1,-1
313,8208,433.60,168.21,54.87,161.54,1,-1,-1,-1
313,8226,372.92,165.07,59.19,161.69,1,-1,-1,-1
313,8246,245.17,199.07,33.75,95.44,1,-1,-1,-1
313,8252,164.91,219.95,23.35,61.91,1,-1,-1,-1
314,8208,435.63,169.15,53.87,159.63,1,-1,-1,-1
314,8226,375.02,164.01,59.96,163.81,1,-1,-1,-1
314,8246,245.01,197.94,34.85,99.04,1,-1,-1,-1
314,8252,165.85,220.06,23.30,62.11,1,-1,-1,-1
315,8208,436.36,169.51,53.30,158.88,1,-1,-1,-1
315,8226,375.75,163.63,60.24,164.58,1,-1,-1,-1
315,8246,244.90,197.51,35.21,100.46,1,-1,-1,-1
315,8252,166.20,220.09,23.21,62.18,1,-1,-1,-1
316,8208,441.04,160.55,57.07,174.20,1,-1,-1,-1
316,8226,383.42,172.51,55.62,150.70,1,-1,-1,-1
316,8246,243.74,197.38,34.91,99.70,1,-1,-1,-1
316,8252,167.83,220.28,23.35,62.56,1,-1,-1,-1
316,8255,152.00,220.00,22.00,62.00,1,-1,-1,-1
317,8208,443.18,157.24,57.64,179.86,1,-1,-1,-1
317,8226,386.14,176.08,53.94,145.09,1,-1,-1,-1
317,8246,243.23,197.36,34.75,99.34,1,-1,-1,-1
317,8255,152.00,220.00,22.00,62.00,1,-1,-1,-1
318,8208,444.24,155.95,57.17,182.06,1,-1,-1,-1
318,8226,386.93,177.38,53.52,143.06,1,-1,-1,-1
318,8246,242.99,197.38,34.65,99.15,1,-1,-1,-1
318,8255,152.00,220.00,22.00,62.00,1,-1,-1,-1
319,8208,449.48,163.17,53.45,171.34,1,-1,-1,-1
319,8226,390.36,183.12,50.84,135.72,1,-1,-1,-1
319,8246,243.04,197.42,35.50,102.86,1,-1,-1,-1
319,8249,288.26,207.80,23.44,76.50,1,-1,-1,-1
319,8255,152.00,220.00,22.00,62.00,1,-1,-1,-1
319,8256,224.00,202.00,30.00,94.00,1,-1,-1,-1
320,8208,451.45,166.10,51.78,166.96,1,-1,-1,-1
320,8226,391.47,185.29,49.86,132.95,1,-1,-1,-1
320,8246,243.16,197.45,35.58,104.26,1,-1,-1,-1
320,8249,290.09,207.83,22.67,76.43,1,-1,-1,-1
320,8256,224.00,202.00,30.00,94.00,1,-1,-1,-1
321,8208,452.17,167.20,50.99,165.31,1,-1,-1,-1
321,8226,391.75,186.05,49.54,131.98,1,-1,-1,-1
321,8245,220.91,202.22,35.98,93.75,1,-1,-1,-1
321,8246,243.26,197.49,35.40,104.75,1,-1,-1,-1
321,8249,290.95,207.81,22.08,76.48,1,-1,-1,-1
322,8208,457.48,176.79,46.98,150.28,1,-1,-1,-1
322,8226,393.91,183.65,51.75,136.95,1,-1,-1,-1
322,8245,221.80,201.02,36.71,95.67,1,-1,-1,-1
322,8246,242.95,197.53,37.19,110.00,1,-1,-1,-1
322,8249,291.19,210.43,21.90,77.78,1,-1,-1,-1
322,8257,42.00,176.00,36.00,134.00,1,-1,-1,-1
323,8208,459.19,180.51,45.69,144.42,1,-1,-1,-1
323,8226,394.56,182.76,52.75,138.80,1,-1,-1,-1
323,8246,242.81,197.56,37.87,111.99,1,-1,-1,-1
323,8249,291.35,211.43,21.56,78.25,1,-1,-1,-1
323,8257,42.00,176.00,36.00,134.00,1,-1,-1,-1
324,8208,459.56,181.81,45.53,142.37,1,-1,-1,-1
324,8226,394.62,182.39,53.29,139.52,1,-1,-1,-1
324,8246,242.72,197.59,38.13,112.72,1,-1,-1,-1
324,8249,291.45,211.82,21.20,78.39,1,-1,-1,-1
324,8257,42.00,176.00,36.00,134.00,1,-1,-1,-1
325,8208,460.15,174.25,51.07,160.35,1,-1,-1,-1
325,8226,397.01,180.94,55.11,143.72,1,-1,-1,-1
325,8245,212.77,194.65,42.99,114.86,1,-1,-1,-1
325,8246,242.09,196.35,39.32,116.77,1,-1,-1,-1
325,8249,293.03,211.90,21.42,79.21,1,-1,-1,-1
325,8257,40.82,180.45,35.39,131.03,1,-1,-1,-1
326,8208,460.46,171.57,52.90,166.73,1,-1,-1,-1
326,8226,397.80,180.38,55.92,145.30,1,-1,-1,-1
326,8245,211.55,193.76,43.30,117.71,1,-1,-1,-1
326,8246,241.88,195.88,39.66,118.30,1,-1,-1,-1
326,8257,40.34,181.95,35.34,130.03,1,-1,-1,-1
327,8208,460.52,170.48,53.53,169.28,1,-1,-1,-1
327,8226,397.96,180.16,56.32,145.90,1,-1,-1,-1
327,8245,211.21,193.42,43.15,118.80,1,-1,-1,-1
327,8246,241.82,195.72,39.69,118.83,1,-1,-1,-1
327,8257,40.12,182.38,35.51,129.74,1,-1,-1,-1
328,8208,462.75,170.18,53.97,170.67,1,-1,-1,-1
328,8226,404.37,185.27,54.02,138.33,1,-1,-1,-1
328,8245,211.59,192.19,44.00,121.14,1,-1,-1,-1
328,8246,237.20,194.39,41.13,120.26,1,-1,-1,-1
328,8249,294.48,213.76,20.28,74.99,1,-1,-1,-1
328,8257,39.83,183.57,35.29,128.95,1,-1,-1,-1
329,8226,406.59,187.25,53.42,135.37,1,-1,-1,-1
329,8246,235.15,193.90,42.17,120.77,1,-1,-1,-1
329,8249,294.54,213.99,20.11,74.38,1,-1,-1,-1
330,8226,407.19,187.96,53.49,134.29,1,-1,-1,-1
330,8246,234.12,193.73,43.00,120.90,1,-1,-1,-1
330,8249,294.59,214.07,20.06,74.19,1,-1,-1,-1
331,8208,469.97,166.44,52.35,163.72,1,-1,-1,-1
331,8226,409.09,182.93,53.97,133.91,1,-1,-1,-1
331,8246,227.63,182.09,49.03,140.22,1,-1,-1,-1
331,8249,295.68,214.27,20.10,74.35,1,-1,-1,-1
332,8208,470.53,165.98,52.51,162.71,1,-1,-1,-1
332,8226,409.56,181.03,54.50,133.79,1,-1,-1,-1
332,8246,225.50,177.79,50.74,147.38,1,-1,-1,-1
333,8208,470.62,165.82,52.82,162.39,1,-1,-1,-1
333,8226,409.51,180.32,55.00,133.76,1,-1,-1,-1
333,8246,224.83,176.04,51.00,150.26,1,-1,-1,-1
334,8208,470.07,169.70,51.38,155.72,1,-1,-1,-1
334,8226,407.51,180.05,56.39,136.38,1,-1,-1,-1
334,8245,166.09,185.88,49.63,137.74,1,-1,-1,-1
334,8246,214.48,177.91,51.10,150.05,1,-1,-1,-1
335,8208,469.60,171.20,51.16,153.16,1,-1,-1,-1
335,8226,406.62,179.96,57.09,137.38,1,-1,-1,-1
335,8245,162.26,185.56,49.71,138.74,1,-1,-1,-1
335,8246,210.35,178.71,51.19,149.86,1,-1,-1,-1
336,8208,469.22,171.76,51.39,152.22,1,-1,-1,-1
336,8226,406.15,179.93,57.50,137.77,1,-1,-1,-1
336,8245,160.96,185.44,49.63,139.13,1,-1,-1,-1
336,8246,208.74,179.06,51.27,149.70,1,-1,-1,-1
337,8208,471.91,171.96,53.63,158.49,1,-1,-1,-1
337,8226,404.93,178.62,59.66,143.13,1,-1,-1,-1
337,8245,158.84,184.37,50.43,141.38,1,-1,-1,-1
337,8246,207.33,177.87,52.17,152.33,1,-1,-1,-1
337,8258,578.00,208.00,42.00,96.00,1,-1,-1,-1
338,8208,472.84,172.03,54.54,160.81,1,-1,-1,-1
338,8226,404.47,178.13,60.42,145.14,1,-1,-1,-1
338,8258,578.00,208.00,42.00,96.00,1,-1,-1,-1
339,8208,473.12,172.06,54.95,161.70,1,-1,-1,-1
339,8226,404.28,177.95,60.66,145.91,1,-1,-1,-1
339,8258,578.00,208.00,42.00,96.00,1,-1,-1,-1
340,8208,471.85,173.36,53.84,158.13,1,-1,-1,-1
340,8226,403.17,177.89,60.18,143.59,1,-1,-1,-1
340,8245,135.51,164.77,68.12,183.96,1,-1,-1,-1
340,8246,173.63,163.77,64.96,189.14,1,-1,-1,-1
340,8258,578.00,208.00,42.00,96.00,1,-1,-1,-1
340,8259,244.00,200.00,30.00,98.00,1,-1,-1,-1
341,8208,471.28,173.86,53.45,156.74,1,-1,-1,-1
341,8226,402.58,177.87,60.23,142.68,1,-1,-1,-1
341,8245,131.64,162.23,72.12,189.46,1,-1,-1,-1
341,8246,169.18,161.95,66.76,193.90,1,-1,-1,-1
341,8259,244.00,200.00,30.00,98.00,1,-1,-1,-1
342,8208,471.01,174.04,53.36,156.22,1,-1,-1,-1
342,8226,402.23,177.88,60.47,142.33,1,-1,-1,-1
342,8245,129.77,161.27,74.50,191.56,1,-1,-1,-1
342,8246,167.46,161.27,67.50,195.68,1,-1,-1,-1
342,8259,244.00,200.00,30.00,98.00,1,-1,-1,-1
343,8208,474.75,178.03,54.77,153.41,1,-1,-1,-1
343,8226,403.32,175.27,63.31,146.10,1,-1,-1,-1
343,8245,124.06,143.33,89.28,226.24,1,-1,-1,-1
343,8246,164.10,159.44,69.03,200.12,1,-1,-1,-1
343,8258,566.05,209.89,41.36,94.11,1,-1,-1,-1
343,8259,238.49,198.52,29.14,95.03,1,-1,-1,-1
344,8208,475.52,179.53,56.50,152.35,1,-1,-1,-1
344,8226,403.37,174.30,65.05,147.51,1,-1,-1,-1
344,8245,121.47,136.53,95.61,239.40,1,-1,-1,-1
344,8258,564.90,210.06,41.47,93.94,1,-1,-1,-1
344,8259,236.63,198.02,28.88,94.03,1,-1,-1,-1
345,8208,475.22,180.07,58.26,151.97,1,-1,-1,-1
345,8226,403.08,173.94,66.31,148.04,1,-1,-1,-1
345,8245,120.24,133.74,98.74,244.78,1,-1,-1,-1
345,8258,564.47,210.11,41.63,93.89,1,-1,-1,-1
345,8259,236.06,197.87,28.86,93.75,1,-1,-1,-1
346,8208,476.49,180.73,58.10,151.53,1,-1,-1,-1
346,8226,403.66,173.48,66.58,148.63,1,-1,-1,-1
346,8245,120.14,119.00,108.05,270.43,1,-1,-1,-1
346,8249,270.83,194.38,27.60,97.65,1,-1,-1,-1
346,8258,562.86,210.12,42.03,95.23,1,-1,-1,-1
346,8259,235.33,197.84,30.08,97.88,1,-1,-1,-1
346,8260,40.00,138.00,106.00,262.00,1,-1,-1,-1
347,8245,120.38,113.26,111.12,280.42,1,-1,-1,-1
347,8249,269.63,193.78,28.59,98.33,1,-1,-1,-1
347,8258,562.38,210.11,42.06,95.73,1,-1,-1,-1
347,8259,235.13,197.84,30.49,99.36,1,-1,-1,-1
347,8260,40.00,138.00,106.00,262.00,1,-1,-1,-1
348,8245,120.81,111.00,111.84,284.32,1,-1,-1,-1
348,8249,269.05,193.57,29.24,98.56,1,-1,-1,-1
348,8258,562.32,210.10,41.96,95.92,1,-1,-1,-1
348,8259,235.13,197.86,30.61,99.90,1,-1,-1,-1
348,8260,40.00,138.00,106.00,262.00,1,-1,-1,-1
349,8208,477.02,189.13,48.15,123.63,1,-1,-1,-1
349,8226,401.87,184.20,60.37,132.64,1,-1,-1,-1
349,8245,118.16,107.21,114.77,291.79,1,-1,-1,-1
349,8249,260.69,192.24,31.75,108.84,1,-1,-1,-1
349,8258,560.98,210.28,41.98,95.96,1,-1,-1,-1
349,8259,224.01,197.87,31.64,102.76,1,-1,-1,-1
349,8260,49.20,112.77,129.15,319.88,1,-1,-1,-1
350,8208,476.70,190.08,47.45,120.26,1,-1,-1,-1
350,8226,401.25,185.61,60.20,130.54,1,-1,-1,-1
350,8249,257.68,191.73,32.44,112.70,1,-1,-1,-1
350,8259,219.86,197.89,32.11,103.81,1,-1,-1,-1
350,8260,52.39,104.38,136.59,339.12,1,-1,-1,-1
351,8208,476.48,190.40,47.56,119.22,1,-1,-1,-1
351,8226,400.87,186.05,60.57,129.89,1,-1,-1,-1
351,8249,256.59,191.56,32.51,114.22,1,-1,-1,-1
351,8259,218.32,197.90,32.38,104.19,1,-1,-1,-1
351,8260,53.63,101.46,138.93,345.83,1,-1,-1,-1
352,8208,477.31,191.46,46.56,116.70,1,-1,-1,-1
352,8226,394.39,187.52,61.45,132.32,1,-1,-1,-1
352,8249,248.22,191.52,32.03,112.23,1,-1,-1,-1
352,8258,538.07,206.56,44.50,103.08,1,-1,-1,-1
352,8259,205.76,199.22,31.68,101.68,1,-1,-1,-1
352,8260,6.76,48.06,165.37,417.29,1,-1,-1,-1
353,8226,392.06,188.06,61.64,133.24,1,-1,-1,-1
353,8249,244.95,191.54,31.86,111.38,1,-1,-1,-1
353,8258,535.63,206.12,44.34,103.92,1,-1,-1,-1
353,8259,201.04,199.74,31.44,100.69,1,-1,-1,-1
353,8260,-9.67,28.13,173.52,444.09,1,-1,-1,-1
354,8226,391.25,188.23,61.61,133.61,1,-1,-1,-1
354,8249,243.74,191.57,31.81,111.01,1,-1,-1,-1
354,8258,534.91,205.96,44.01,104.21,1,-1,-1,-1
354,8259,199.37,199.93,31.39,100.31,1,-1,-1,-1
354,8260,-15.82,20.20,175.00,454.41,1,-1,-1,-1
