1,1108,1677.00,392.00,132.00,351.00,1,-1,-1,-1
2,1108,1677.00,392.00,132.00,351.00,1,-1,-1,-1
3,1108,1677.00,392.00,132.00,351.00,1,-1,-1,-1
4,1108,1677.00,392.00,132.00,351.00,1,-1,-1,-1
5,1108,1677.00,392.00,132.00,351.00,1,-1,-1,-1
13,1108,1679.83,395.92,137.13,364.73,1,-1,-1,-1
14,1108,1679.96,396.08,137.32,365.30,1,-1,-1,-1
15,1108,1680.01,396.14,137.37,365.49,1,-1,-1,-1
16,1108,1680.03,396.15,137.37,365.54,1,-1,-1,-1
17,1108,1680.82,394.18,138.37,366.17,1,-1,-1,-1
18,1108,1680.93,393.43,139.13,366.38,1,-1,-1,-1
19,1108,1680.78,393.14,139.75,366.43,1,-1,-1,-1
20,1108,1680.56,393.03,140.29,366.42,1,-1,-1,-1
21,1108,1675.26,393.65,139.15,365.09,1,-1,-1,-1
22,1108,1673.40,393.88,138.38,364.56,1,-1,-1,-1
23,1108,1672.85,393.97,137.80,364.34,1,-1,-1,-1
24,1108,1672.79,394.00,137.31,364.24,1,-1,-1,-1
25,1108,1663.47,385.52,139.40,374.65,1,-1,-1,-1
26,1108,1660.49,382.34,139.18,378.55,1,-1,-1,-1
27,1108,1659.82,381.13,138.21,380.01,1,-1,-1,-1
28,1108,1660.01,380.70,137.03,380.52,1,-1,-1,-1
29,1108,1657.92,372.77,139.67,393.02,1,-1,-1,-1
29,1109,57.00,497.00,233.00,413.00,1,-1,-1,-1
29,1110,19.00,230.00,325.00,666.00,1,-1,-1,-1
30,1108,1657.68,369.80,139.64,397.71,1,-1,-1,-1
30,1109,57.00,497.00,233.00,413.00,1,-1,-1,-1
30,1110,19.00,230.00,325.00,666.00,1,-1,-1,-1
31,1108,1658.08,368.69,138.71,399.45,1,-1,-1,-1
31,1109,57.00,497.00,233.00,413.00,1,-1,-1,-1
31,1110,19.00,230.00,325.00,666.00,1,-1,-1,-1
32,1108,1658.68,368.32,137.52,400.04,1,-1,-1,-1
32,1109,57.00,497.00,233.00,413.00,1,-1,-1,-1
32,1110,19.00,230.00,325.00,666.00,1,-1,-1,-1
33,1108,1657.73,361.75,137.55,402.13,1,-1,-1,-1
33,1109,91.90,508.59,224.04,397.79,1,-1,-1,-1
33,1110,19.00,230.00,325.00,666.00,1,-1,-1,-1
34,1108,1659.05,358.64,138.79,408.04,1,-1,-1,-1
34,1109,100.63,511.51,221.89,393.96,1,-1,-1,-1
35,1108,1659.79,357.51,138.83,410.23,1,-1,-1,-1
36,1108,1660.30,357.13,138.44,410.99,1,-1,-1,-1
37,1108,1660.12,347.33,142.33,425.46,1,-1,-1,-1
38,1108,1660.34,343.66,143.24,430.89,1,-1,-1,-1
39,1108,1660.69,342.31,143.08,432.89,1,-1,-1,-1
40,1108,1661.06,341.87,142.55,433.55,1,-1,-1,-1
41,1108,1661.59,347.60,142.23,432.40,1,-1,-1,-1
42,1108,1661.80,349.87,142.11,431.86,1,-1,-1,-1
43,1108,1661.89,350.78,142.06,431.56,1,-1,-1,-1
44,1108,1661.92,351.17,142.04,431.37,1,-1,-1,-1
45,1108,1649.80,339.00,148.11,447.48,1,-1,-1,-1
45,1109,235.90,476.73,216.14,393.54,1,-1,-1,-1
46,1108,1645.03,334.44,150.80,453.50,1,-1,-1,-1
46,1109,242.10,475.66,211.75,393.55,1,-1,-1,-1
47,1108,1643.04,332.73,152.19,455.74,1,-1,-1,-1
47,1109,245.22,475.29,208.16,393.56,1,-1,-1,-1
48,1108,1642.15,332.14,153.01,456.49,1,-1,-1,-1
48,1109,246.91,475.20,205.17,393.59,1,-1,-1,-1
49,1108,1634.03,324.86,157.32,465.73,1,-1,-1,-1
49,1109,255.87,473.74,204.82,392.91,1,-1,-1,-1
49,1110,387.71,489.44,180.02,363.82,1,-1,-1,-1
50,1108,1629.01,326.00,157.06,463.37,1,-1,-1,-1
50,1110,394.74,484.41,178.08,358.10,1,-1,-1,-1
51,1108,1627.01,326.54,157.19,462.32,1,-1,-1,-1
51,1110,397.99,485.27,177.35,355.23,1,-1,-1,-1
52,1108,1626.19,326.81,157.46,461.82,1,-1,-1,-1
52,1110,398.13,485.06,177.74,354.91,1,-1,-1,-1
53,1108,1619.86,328.27,160.60,467.39,1,-1,-1,-1
53,1110,410.74,492.73,172.63,344.71,1,-1,-1,-1
54,1108,1617.18,328.87,162.43,469.44,1,-1,-1,-1
55,1108,1615.94,329.14,163.69,470.13,1,-1,-1,-1
56,1108,1615.27,329.29,164.68,470.31,1,-1,-1,-1
57,1108,1613.48,320.94,168.90,480.69,1,-1,-1,-1
57,1110,504.26,508.80,178.35,332.44,1,-1,-1,-1
58,1108,1617.14,318.44,169.64,481.34,1,-1,-1,-1
58,1110,519.12,472.14,201.81,372.80,1,-1,-1,-1
59,1108,1616.85,311.70,172.80,491.86,1,-1,-1,-1
59,1110,524.17,458.31,205.74,380.78,1,-1,-1,-1
60,1108,1616.92,309.19,173.67,495.78,1,-1,-1,-1
60,1110,525.38,452.72,207.19,384.03,1,-1,-1,-1
61,1108,1616.41,303.76,177.08,506.23,1,-1,-1,-1
61,1110,535.29,442.13,210.45,389.86,1,-1,-1,-1
62,1108,1616.32,301.75,178.22,510.13,1,-1,-1,-1
62,1110,538.60,438.14,211.74,392.07,1,-1,-1,-1
63,1108,1616.38,301.05,178.49,511.50,1,-1,-1,-1
63,1110,539.35,436.67,212.27,392.90,1,-1,-1,-1
64,1108,1616.50,300.85,178.44,511.91,1,-1,-1,-1
64,1110,539.19,436.18,212.50,393.20,1,-1,-1,-1
65,1108,1612.03,291.13,181.65,521.01,1,-1,-1,-1
65,1109,616.56,360.28,245.07,481.59,1,-1,-1,-1
65,1110,550.76,434.30,212.84,393.83,1,-1,-1,-1
65,1111,1532.00,370.00,138.00,440.00,1,-1,-1,-1
66,1108,1612.74,295.22,182.57,521.16,1,-1,-1,-1
66,1109,624.71,340.18,248.92,500.52,1,-1,-1,-1
66,1111,1526.89,377.71,137.09,436.57,1,-1,-1,-1
67,1108,1612.84,296.90,183.32,521.08,1,-1,-1,-1
67,1109,628.50,332.51,248.36,507.78,1,-1,-1,-1
67,1111,1525.93,379.00,137.14,436.00,1,-1,-1,-1
68,1108,1612.71,297.61,183.98,520.93,1,-1,-1,-1
68,1109,630.17,329.69,246.53,510.49,1,-1,-1,-1
68,1111,1525.57,379.33,137.39,435.85,1,-1,-1,-1
69,1108,1608.99,288.19,191.58,541.55,1,-1,-1,-1
69,1109,654.18,330.71,242.11,501.79,1,-1,-1,-1
69,1111,1527.52,372.11,139.25,439.47,1,-1,-1,-1
70,1108,1607.52,284.68,194.60,549.26,1,-1,-1,-1
70,1109,662.97,331.34,240.21,498.22,1,-1,-1,-1
70,1111,1527.94,369.60,140.44,440.72,1,-1,-1,-1
71,1108,1606.91,283.38,195.87,552.11,1,-1,-1,-1
71,1109,665.89,331.75,239.36,496.76,1,-1,-1,-1
71,1111,1527.80,368.76,141.42,441.14,1,-1,-1,-1
72,1108,1606.64,282.96,196.45,553.06,1,-1,-1,-1
72,1109,666.57,332.06,238.92,496.10,1,-1,-1,-1
72,1111,1527.45,368.51,142.34,441.26,1,-1,-1,-1
73,1108,1609.84,290.63,196.54,550.05,1,-1,-1,-1
73,1109,718.46,322.60,227.27,473.70,1,-1,-1,-1
73,1111,1519.84,377.94,141.39,435.87,1,-1,-1,-1
74,1108,1607.44,287.80,197.99,550.70,1,-1,-1,-1
74,1109,735.73,317.54,227.64,474.49,1,-1,-1,-1
74,1111,1515.30,366.64,146.49,449.35,1,-1,-1,-1
75,1108,1606.23,286.76,199.15,550.83,1,-1,-1,-1
75,1111,1513.43,362.52,148.81,454.27,1,-1,-1,-1
76,1108,1605.50,286.41,200.14,550.78,1,-1,-1,-1
76,1111,1512.56,361.00,150.09,456.08,1,-1,-1,-1
77,1108,1621.99,298.67,200.12,549.36,1,-1,-1,-1
77,1109,760.94,344.97,216.39,448.95,1,-1,-1,-1
77,1111,1505.66,361.14,149.32,452.74,1,-1,-1,-1
78,1108,1628.16,303.38,200.34,548.72,1,-1,-1,-1
78,1109,762.59,348.66,215.66,445.76,1,-1,-1,-1
78,1111,1503.00,361.25,149.18,451.41,1,-1,-1,-1
79,1108,1630.36,305.18,200.63,548.40,1,-1,-1,-1
79,1109,763.17,349.82,215.84,444.72,1,-1,-1,-1
79,1111,1501.98,361.33,149.28,450.86,1,-1,-1,-1
80,1108,1631.05,305.85,200.93,548.21,1,-1,-1,-1
80,1109,762.86,350.27,216.24,444.38,1,-1,-1,-1
80,1111,1501.58,361.40,149.47,450.62,1,-1,-1,-1
81,1108,1639.39,310.66,197.79,538.95,1,-1,-1,-1
81,1109,797.96,362.96,209.58,418.67,1,-1,-1,-1
81,1111,1484.13,356.22,158.00,472.79,1,-1,-1,-1
82,1108,1637.29,311.16,197.86,536.00,1,-1,-1,-1
82,1109,815.59,370.55,205.46,403.53,1,-1,-1,-1
82,1111,1480.64,345.94,164.21,485.54,1,-1,-1,-1
83,1108,1636.14,311.33,198.48,534.87,1,-1,-1,-1
83,1109,820.65,373.27,205.72,398.19,1,-1,-1,-1
83,1111,1478.85,341.98,167.68,490.41,1,-1,-1,-1
84,1108,1635.38,311.36,199.26,534.43,1,-1,-1,-1
84,1109,821.30,374.22,207.40,396.40,1,-1,-1,-1
84,1111,1477.77,340.52,169.95,492.17,1,-1,-1,-1
85,1108,1637.02,306.78,202.80,541.44,1,-1,-1,-1
85,1109,861.83,326.69,222.98,434.43,1,-1,-1,-1
85,1111,1477.25,347.16,167.30,479.77,1,-1,-1,-1
86,1108,1639.87,303.08,204.14,543.43,1,-1,-1,-1
86,1109,879.50,317.19,223.82,447.52,1,-1,-1,-1
86,1111,1471.85,357.67,163.75,462.39,1,-1,-1,-1
87,1108,1639.42,295.15,208.92,556.53,1,-1,-1,-1
87,1109,892.48,326.45,215.47,436.00,1,-1,-1,-1
87,1111,1465.90,356.41,163.77,462.34,1,-1,-1,-1
88,1108,1639.26,292.16,210.64,561.45,1,-1,-1,-1
88,1109,897.46,330.31,210.92,431.41,1,-1,-1,-1
88,1111,1463.76,355.96,163.79,462.31,1,-1,-1,-1
89,1108,1640.78,289.09,219.03,587.90,1,-1,-1,-1
89,1109,913.04,343.64,195.97,406.75,1,-1,-1,-1
89,1111,1455.02,375.43,168.06,470.13,1,-1,-1,-1
90,1108,1645.20,284.12,222.12,599.14,1,-1,-1,-1
90,1109,928.16,330.80,200.62,423.46,1,-1,-1,-1
90,1111,1447.06,373.03,175.25,489.31,1,-1,-1,-1
91,1108,1646.72,283.49,221.06,597.63,1,-1,-1,-1
91,1109,947.18,334.02,199.51,423.56,1,-1,-1,-1
91,1111,1443.35,374.03,176.27,492.15,1,-1,-1,-1
92,1108,1647.39,283.30,220.32,596.86,1,-1,-1,-1
92,1109,954.28,335.36,198.51,423.63,1,-1,-1,-1
93,1108,1638.02,274.85,221.66,600.96,1,-1,-1,-1
93,1109,966.22,358.16,189.15,399.48,1,-1,-1,-1
93,1111,1398.70,376.84,161.67,450.01,1,-1,-1,-1
94,1108,1632.21,271.03,226.55,617.93,1,-1,-1,-1
94,1109,975.97,375.03,183.17,384.87,1,-1,-1,-1
94,1111,1387.64,379.37,160.77,444.13,1,-1,-1,-1
94,1112,1454.00,390.00,178.00,495.00,1,-1,-1,-1
95,1108,1631.06,277.31,226.24,620.45,1,-1,-1,-1
95,1109,984.89,392.50,172.06,358.25,1,-1,-1,-1
95,1111,1383.51,354.94,172.11,472.81,1,-1,-1,-1
96,1108,1625.19,269.51,229.16,629.00,1,-1,-1,-1
96,1109,1018.44,379.78,177.72,364.95,1,-1,-1,-1
96,1111,1383.21,348.74,176.40,476.69,1,-1,-1,-1
97,1108,1623.77,276.86,222.16,607.02,1,-1,-1,-1
97,1109,1033.75,381.82,175.39,360.17,1,-1,-1,-1
97,1111,1377.25,347.00,177.04,478.42,1,-1,-1,-1
98,1108,1623.00,279.83,219.83,598.20,1,-1,-1,-1
99,1108,1622.50,280.96,219.40,594.83,1,-1,-1,-1
100,1108,1622.12,281.41,219.64,593.50,1,-1,-1,-1
101,1108,1621.52,280.86,220.11,594.76,1,-1,-1,-1
101,1109,1054.08,368.88,182.66,383.24,1,-1,-1,-1
101,1111,1364.44,325.61,186.85,510.23,1,-1,-1,-1
102,1108,1611.02,273.92,220.81,599.85,1,-1,-1,-1
102,1109,1063.22,375.00,178.08,377.40,1,-1,-1,-1
102,1111,1362.67,318.26,190.89,519.28,1,-1,-1,-1
103,1108,1608.95,272.27,220.25,601.15,1,-1,-1,-1
103,1109,1066.72,377.22,175.59,375.30,1,-1,-1,-1
103,1111,1361.84,315.67,192.67,522.47,1,-1,-1,-1
104,1108,1608.50,271.69,219.49,601.59,1,-1,-1,-1
104,1109,1068.07,378.02,173.97,374.56,1,-1,-1,-1
104,1111,1361.52,314.77,193.60,523.57,1,-1,-1,-1
105,1108,1606.95,270.58,220.02,603.06,1,-1,-1,-1
105,1109,1077.72,378.86,173.27,373.07,1,-1,-1,-1
105,1111,1344.96,307.41,205.73,565.91,1,-1,-1,-1
105,1113,1213.00,304.00,166.00,442.00,1,-1,-1,-1
106,1109,1093.59,372.21,176.88,381.17,1,-1,-1,-1
106,1111,1344.66,327.32,195.97,540.83,1,-1,-1,-1
106,1113,1209.06,310.00,167.02,444.57,1,-1,-1,-1
107,1109,1101.22,377.45,173.62,374.20,1,-1,-1,-1
107,1111,1342.95,335.06,192.40,534.00,1,-1,-1,-1
107,1113,1213.55,311.00,165.13,439.01,1,-1,-1,-1
108,1109,1103.78,379.34,172.44,371.68,1,-1,-1,-1
108,1111,1342.71,338.00,190.48,531.33,1,-1,-1,-1
108,1113,1215.02,311.25,164.66,437.11,1,-1,-1,-1
109,1109,1113.07,380.08,171.82,370.35,1,-1,-1,-1
109,1111,1342.11,357.99,190.34,531.53,1,-1,-1,-1
109,1113,1209.60,313.46,162.41,429.30,1,-1,-1,-1
110,1111,1342.06,365.59,190.16,531.51,1,-1,-1,-1
110,1113,1207.43,314.17,162.19,426.73,1,-1,-1,-1
111,1111,1342.22,368.44,189.96,531.42,1,-1,-1,-1
111,1113,1206.43,314.37,162.71,425.99,1,-1,-1,-1
112,1111,1342.44,369.47,189.78,531.31,1,-1,-1,-1
112,1113,1205.83,314.39,163.49,425.86,1,-1,-1,-1
113,1108,1218.75,295.39,202.51,551.05,1,-1,-1,-1
113,1111,1339.34,371.29,190.53,533.41,1,-1,-1,-1
113,1113,1205.26,315.14,162.63,423.62,1,-1,-1,-1
114,1108,1200.08,288.27,209.84,560.26,1,-1,-1,-1
115,1108,1192.41,286.23,213.94,562.84,1,-1,-1,-1
116,1108,1189.55,285.47,216.88,563.84,1,-1,-1,-1
117,1108,1190.63,280.58,229.72,597.08,1,-1,-1,-1
118,1108,1180.62,294.81,232.74,602.37,1,-1,-1,-1
119,1108,1177.24,300.43,234.36,604.36,1,-1,-1,-1
120,1108,1176.34,302.56,235.36,605.03,1,-1,-1,-1
121,1108,1195.71,379.42,214.23,542.78,1,-1,-1,-1
121,1114,1471.00,190.00,241.00,579.00,1,-1,-1,-1
122,1108,1186.17,360.65,228.11,576.52,1,-1,-1,-1
122,1114,1476.78,190.86,228.59,548.14,1,-1,-1,-1
123,1108,1172.96,325.32,243.35,619.59,1,-1,-1,-1
123,1114,1464.29,188.70,234.99,562.19,1,-1,-1,-1
124,1108,1166.05,298.99,251.42,644.33,1,-1,-1,-1
124,1114,1456.34,183.57,243.59,580.94,1,-1,-1,-1
125,1108,1182.02,379.62,222.41,556.50,1,-1,-1,-1
125,1114,1452.80,180.44,244.96,583.67,1,-1,-1,-1
126,1108,1162.49,316.15,250.37,634.21,1,-1,-1,-1
126,1114,1448.31,178.11,247.43,589.54,1,-1,-1,-1
127,1108,1158.72,325.20,247.15,626.88,1,-1,-1,-1
128,1108,1157.87,328.99,245.51,623.47,1,-1,-1,-1
129,1108,1148.87,329.39,247.13,627.60,1,-1,-1,-1
129,1114,1379.34,198.42,303.25,732.17,1,-1,-1,-1
130,1114,1369.95,196.67,310.40,757.33,1,-1,-1,-1
131,1114,1367.57,195.94,311.04,766.54,1,-1,-1,-1
132,1114,1367.91,195.62,309.24,769.38,1,-1,-1,-1
133,1108,1124.64,285.27,279.96,689.74,1,-1,-1,-1
133,1114,1360.49,193.54,311.89,777.49,1,-1,-1,-1
134,1108,1119.00,274.85,292.05,706.98,1,-1,-1,-1
134,1114,1362.27,190.80,309.09,771.09,1,-1,-1,-1
135,1108,1115.70,271.13,298.90,713.14,1,-1,-1,-1
135,1114,1363.40,189.71,307.59,767.91,1,-1,-1,-1
136,1108,1113.62,269.79,303.48,715.29,1,-1,-1,-1
136,1114,1364.17,189.28,306.69,766.16,1,-1,-1,-1
137,1108,1103.68,266.16,310.34,719.74,1,-1,-1,-1
137,1114,1342.98,160.65,319.88,802.55,1,-1,-1,-1
137,1115,2.00,466.00,178.00,408.00,1,-1,-1,-1
138,1108,1098.83,264.85,315.31,721.24,1,-1,-1,-1
138,1114,1335.45,149.80,324.01,816.13,1,-1,-1,-1
138,1115,2.00,466.00,178.00,408.00,1,-1,-1,-1
139,1108,1096.10,264.46,319.25,721.59,1,-1,-1,-1
139,1114,1333.12,145.59,324.75,820.95,1,-1,-1,-1
139,1115,2.00,466.00,178.00,408.00,1,-1,-1,-1
140,1108,1094.31,264.40,322.56,721.52,1,-1,-1,-1
140,1114,1332.80,144.05,324.22,822.32,1,-1,-1,-1
140,1115,2.00,466.00,178.00,408.00,1,-1,-1,-1
141,1108,1078.54,239.21,332.90,750.44,1,-1,-1,-1
141,1114,1325.29,140.95,329.53,835.77,1,-1,-1,-1
141,1115,-7.82,418.19,207.78,479.72,1,-1,-1,-1
142,1108,1069.01,215.69,340.89,771.48,1,-1,-1,-1
142,1115,-7.57,420.42,207.42,482.90,1,-1,-1,-1
143,1108,1065.82,206.65,343.22,779.48,1,-1,-1,-1
143,1115,-6.68,422.35,205.49,482.71,1,-1,-1,-1
144,1108,1065.11,203.31,343.38,782.31,1,-1,-1,-1
144,1115,-5.64,423.54,203.25,481.91,1,-1,-1,-1
145,1108,1067.47,188.04,357.14,811.48,1,-1,-1,-1
145,1115,-7.23,417.03,207.94,493.04,1,-1,-1,-1
146,1108,1068.22,182.34,362.82,822.43,1,-1,-1,-1
147,1108,1068.48,180.33,365.35,826.40,1,-1,-1,-1
148,1108,1068.53,179.76,366.59,827.63,1,-1,-1,-1
149,1108,1074.44,169.42,372.20,838.77,1,-1,-1,-1
149,1115,80.90,357.62,225.80,547.88,1,-1,-1,-1
149,1116,408.00,433.00,150.00,317.00,1,-1,-1,-1
150,1108,1083.55,166.26,375.53,846.02,1,-1,-1,-1
150,1115,92.83,331.96,230.26,565.34,1,-1,-1,-1
151,1108,1087.14,165.23,376.75,848.55,1,-1,-1,-1
151,1115,97.81,322.97,230.33,571.53,1,-1,-1,-1
152,1108,1088.57,165.02,377.14,849.25,1,-1,-1,-1
152,1115,100.16,319.80,228.96,573.56,1,-1,-1,-1
153,1108,1087.16,162.52,376.04,851.19,1,-1,-1,-1
153,1115,106.40,309.75,233.42,584.72,1,-1,-1,-1
153,1117,423.00,414.00,149.00,349.00,1,-1,-1,-1
153,1118,865.00,277.00,296.00,742.00,1,-1,-1,-1
154,1108,1092.96,152.66,379.75,864.65,1,-1,-1,-1
154,1115,198.55,382.99,206.39,506.11,1,-1,-1,-1
154,1117,419.26,419.14,153.05,358.43,1,-1,-1,-1
154,1118,853.26,281.29,294.62,737.71,1,-1,-1,-1
154,1119,110.00,342.00,213.00,484.00,1,-1,-1,-1
155,1108,1104.58,154.19,377.82,865.08,1,-1,-1,-1
155,1115,211.75,379.53,208.04,510.16,1,-1,-1,-1
155,1118,848.28,282.75,295.92,740.01,1,-1,-1,-1
156,1108,1105.47,136.83,388.11,896.70,1,-1,-1,-1
156,1115,221.29,316.59,224.47,563.96,1,-1,-1,-1
156,1118,838.32,299.50,293.26,733.40,1,-1,-1,-1
157,1108,1108.04,130.35,390.04,903.43,1,-1,-1,-1
157,1115,224.70,289.15,231.02,594.17,1,-1,-1,-1
157,1118,835.84,296.34,295.34,735.53,1,-1,-1,-1
158,1108,1121.86,134.46,382.42,890.28,1,-1,-1,-1
158,1115,232.28,325.82,219.89,564.90,1,-1,-1,-1
158,1118,827.27,282.98,304.23,756.14,1,-1,-1,-1
158,1120,413.00,390.00,140.00,406.00,1,-1,-1,-1
159,1108,1126.20,125.23,384.62,903.69,1,-1,-1,-1
159,1115,248.76,324.29,220.34,574.02,1,-1,-1,-1
159,1118,823.48,269.27,303.06,754.48,1,-1,-1,-1
159,1120,403.78,387.43,145.59,422.29,1,-1,-1,-1
160,1108,1125.13,110.89,386.22,919.55,1,-1,-1,-1
160,1115,257.12,356.72,204.62,530.84,1,-1,-1,-1
160,1118,813.77,261.49,304.02,757.76,1,-1,-1,-1
160,1120,400.10,381.83,148.58,430.91,1,-1,-1,-1
161,1108,1119.35,107.47,388.40,934.43,1,-1,-1,-1
161,1115,266.87,350.58,205.21,536.65,1,-1,-1,-1
161,1118,804.19,266.14,309.36,768.28,1,-1,-1,-1
161,1120,392.73,370.44,156.87,454.11,1,-1,-1,-1
162,1108,1107.21,96.68,390.90,948.29,1,-1,-1,-1
162,1115,278.06,347.33,206.49,540.01,1,-1,-1,-1
162,1118,791.33,266.65,313.71,770.07,1,-1,-1,-1
162,1120,387.56,359.60,163.00,471.03,1,-1,-1,-1
163,1108,1099.50,89.48,389.44,947.59,1,-1,-1,-1
163,1118,774.23,256.31,323.70,787.84,1,-1,-1,-1
163,1120,386.15,344.94,178.81,515.64,1,-1,-1,-1
164,1108,1087.63,83.02,390.41,955.40,1,-1,-1,-1
164,1118,769.46,243.98,325.86,793.05,1,-1,-1,-1
164,1120,386.84,335.75,186.20,535.10,1,-1,-1,-1
164,1121,768.00,273.00,247.00,453.00,1,-1,-1,-1
165,1108,1079.03,89.77,391.16,949.12,1,-1,-1,-1
165,1118,758.15,241.34,325.85,791.57,1,-1,-1,-1
165,1120,388.35,329.87,191.28,546.53,1,-1,-1,-1
166,1108,1074.95,92.59,393.04,946.40,1,-1,-1,-1
166,1118,753.96,240.48,326.10,790.81,1,-1,-1,-1
166,1120,388.71,327.90,193.71,550.26,1,-1,-1,-1
167,1108,1072.70,93.82,395.22,945.15,1,-1,-1,-1
167,1118,752.48,240.28,326.44,790.37,1,-1,-1,-1
167,1120,388.61,327.44,195.08,551.03,1,-1,-1,-1
168,1108,1071.22,94.43,397.38,944.48,1,-1,-1,-1
168,1118,752.02,240.32,326.80,790.07,1,-1,-1,-1
168,1120,388.31,327.52,196.06,550.75,1,-1,-1,-1
169,1108,1022.53,67.48,412.63,966.15,1,-1,-1,-1
169,1118,745.81,237.49,328.14,793.30,1,-1,-1,-1
169,1120,397.60,345.33,195.78,545.59,1,-1,-1,-1
170,1108,1002.05,59.97,417.45,965.19,1,-1,-1,-1
170,1118,610.75,184.07,346.25,831.57,1,-1,-1,-1
170,1120,403.76,373.29,187.18,520.94,1,-1,-1,-1
171,1108,986.70,59.21,426.71,975.61,1,-1,-1,-1
171,1118,562.87,152.57,358.57,858.36,1,-1,-1,-1
171,1120,404.76,392.20,173.22,483.72,1,-1,-1,-1
172,1108,965.27,46.79,435.88,991.06,1,-1,-1,-1
172,1118,538.75,173.86,343.07,812.85,1,-1,-1,-1
172,1120,405.09,393.81,174.26,486.63,1,-1,-1,-1
173,1108,951.02,38.97,433.14,980.66,1,-1,-1,-1
173,1118,530.20,161.01,350.28,822.80,1,-1,-1,-1
174,1108,945.37,36.17,432.89,976.35,1,-1,-1,-1
174,1118,526.56,156.43,354.53,826.37,1,-1,-1,-1
175,1108,943.08,35.29,433.58,974.55,1,-1,-1,-1
175,1118,525.07,154.92,357.52,827.60,1,-1,-1,-1
176,1108,942.09,35.14,434.55,973.72,1,-1,-1,-1
176,1118,524.43,154.57,359.89,827.93,1,-1,-1,-1
177,1108,934.54,30.13,436.26,977.52,1,-1,-1,-1
177,1118,481.38,179.40,365.36,830.54,1,-1,-1,-1
178,1118,464.35,189.01,369.66,831.42,1,-1,-1,-1
179,1118,457.38,192.78,373.30,831.64,1,-1,-1,-1
180,1118,454.34,194.28,376.49,831.62,1,-1,-1,-1
181,1108,823.79,46.90,429.82,967.78,1,-1,-1,-1
181,1118,408.23,174.71,389.74,846.51,1,-1,-1,-1
182,1108,814.14,49.01,427.49,966.47,1,-1,-1,-1
182,1118,389.42,167.35,398.23,852.06,1,-1,-1,-1
183,1108,811.22,49.67,425.84,966.07,1,-1,-1,-1
183,1118,381.21,164.63,404.55,854.07,1,-1,-1,-1
184,1108,810.83,49.97,424.49,965.88,1,-1,-1,-1
184,1118,377.20,163.69,409.72,854.71,1,-1,-1,-1
185,1108,790.20,57.31,432.41,991.23,1,-1,-1,-1
185,1118,291.04,158.24,409.61,857.43,1,-1,-1,-1
186,1108,770.71,58.82,435.42,1003.96,1,-1,-1,-1
186,1118,240.84,149.11,415.42,868.11,1,-1,-1,-1
186,1122,432.00,132.00,420.00,919.00,1,-1,-1,-1
187,1108,746.95,34.81,442.67,1034.00,1,-1,-1,-1
187,1118,209.32,147.03,412.56,864.95,1,-1,-1,-1
188,1108,739.72,25.67,442.36,1045.35,1,-1,-1,-1
188,1118,198.38,146.37,410.71,863.59,1,-1,-1,-1
189,1108,711.53,8.02,444.85,1063.73,1,-1,-1,-1
189,1118,152.95,131.91,413.92,870.78,1,-1,-1,-1
190,1108,702.47,1.33,442.98,1070.59,1,-1,-1,-1
190,1118,136.45,126.53,414.99,873.42,1,-1,-1,-1
191,1108,700.67,-1.12,439.73,1072.98,1,-1,-1,-1
191,1118,131.00,124.61,415.24,874.32,1,-1,-1,-1
192,1108,701.53,-1.92,436.21,1073.66,1,-1,-1,-1
192,1118,129.74,124.03,415.20,874.55,1,-1,-1,-1
193,1108,669.11,6.98,423.36,1045.18,1,-1,-1,-1
193,1118,47.67,103.11,428.72,897.98,1,-1,-1,-1
194,1108,652.53,1.39,417.07,1037.88,1,-1,-1,-1
194,1118,13.97,99.17,437.66,917.71,1,-1,-1,-1
194,1123,1442.00,427.00,66.00,229.00,1,-1,-1,-1
195,1108,647.60,-0.62,412.95,1035.05,1,-1,-1,-1
195,1118,1.87,97.82,440.78,925.17,1,-1,-1,-1
195,1123,1442.00,427.00,66.00,229.00,1,-1,-1,-1
196,1108,646.97,-1.28,409.81,1033.89,1,-1,-1,-1
196,1118,-1.82,97.47,441.66,927.87,1,-1,-1,-1
196,1123,1442.00,427.00,66.00,229.00,1,-1,-1,-1
197,1108,646.11,-0.78,376.77,936.10,1,-1,-1,-1
197,1118,-15.91,108.49,431.34,911.23,1,-1,-1,-1
197,1123,1437.77,435.16,65.56,226.03,1,-1,-1,-1
197,1124,157.00,125.00,397.00,853.00,1,-1,-1,-1
198,1108,546.12,37.61,402.06,990.12,1,-1,-1,-1
198,1118,-45.75,100.50,424.99,920.94,1,-1,-1,-1
198,1123,1436.54,437.64,65.30,225.13,1,-1,-1,-1
198,1124,204.01,150.71,393.83,848.71,1,-1,-1,-1
199,1108,502.17,48.78,415.04,1009.82,1,-1,-1,-1
199,1118,-44.20,143.60,389.10,863.55,1,-1,-1,-1
199,1124,227.23,195.62,367.06,793.09,1,-1,-1,-1
200,1108,477.25,50.44,423.73,1016.83,1,-1,-1,-1
200,1118,-33.46,153.31,368.11,842.90,1,-1,-1,-1
200,1124,224.76,206.99,359.32,780.89,1,-1,-1,-1
201,1108,468.14,52.30,439.44,1022.08,1,-1,-1,-1
201,1118,-14.22,150.86,348.87,820.18,1,-1,-1,-1
201,1124,232.32,222.84,351.51,763.92,1,-1,-1,-1
202,1108,448.92,53.58,452.92,1020.13,1,-1,-1,-1
202,1118,-30.74,151.71,346.89,815.52,1,-1,-1,-1
203,1108,420.21,48.12,468.90,1019.97,1,-1,-1,-1
204,1108,397.68,22.49,479.92,1039.42,1,-1,-1,-1
205,1108,366.50,7.62,488.94,1040.24,1,-1,-1,-1
206,1108,352.97,1.93,496.86,1040.45,1,-1,-1,-1
207,1108,346.42,-0.17,503.93,1040.43,1,-1,-1,-1
208,1108,342.70,-0.89,510.28,1040.35,1,-1,-1,-1
209,1108,161.81,13.25,544.97,1091.06,1,-1,-1,-1
209,1125,659.00,349.00,155.00,465.00,1,-1,-1,-1
209,1126,961.00,411.00,153.00,380.00,1,-1,-1,-1
210,1108,83.11,12.81,562.57,1111.92,1,-1,-1,-1
210,1125,669.31,366.14,154.96,465.00,1,-1,-1,-1
210,1126,968.18,399.86,160.06,398.00,1,-1,-1,-1
210,1127,1059.00,384.00,164.00,380.00,1,-1,-1,-1
211,1108,44.17,13.30,570.36,1109.58,1,-1,-1,-1
211,1125,671.40,363.75,160.95,483.77,1,-1,-1,-1
211,1126,971.78,399.47,160.12,398.06,1,-1,-1,-1
211,1127,1049.03,384.00,167.64,389.43,1,-1,-1,-1
212,1108,14.19,22.59,567.23,1096.08,1,-1,-1,-1
212,1125,673.12,356.23,162.15,487.84,1,-1,-1,-1
212,1126,969.97,396.55,158.62,396.35,1,-1,-1,-1
212,1127,1052.47,374.34,174.40,406.60,1,-1,-1,-1
213,1108,10.52,29.43,561.78,1073.74,1,-1,-1,-1
213,1125,680.83,360.66,158.72,475.97,1,-1,-1,-1
213,1126,972.59,399.25,154.22,386.98,1,-1,-1,-1
213,1127,1057.86,369.60,176.40,413.09,1,-1,-1,-1
214,1108,89.32,26.78,490.73,934.03,1,-1,-1,-1
214,1125,664.36,338.88,173.53,522.55,1,-1,-1,-1
214,1126,962.96,388.89,155.84,393.67,1,-1,-1,-1
214,1127,1065.85,362.44,179.71,422.77,1,-1,-1,-1
215,1108,96.76,23.62,519.88,962.70,1,-1,-1,-1
215,1125,659.28,321.52,181.48,548.35,1,-1,-1,-1
215,1126,956.61,368.80,160.38,409.81,1,-1,-1,-1
215,1127,1069.65,353.16,182.84,431.42,1,-1,-1,-1
216,1108,78.96,23.68,516.83,957.00,1,-1,-1,-1
216,1125,657.66,314.89,185.85,561.56,1,-1,-1,-1
216,1126,954.30,362.96,161.55,412.82,1,-1,-1,-1
216,1127,1078.46,379.77,167.41,394.29,1,-1,-1,-1
217,1125,660.62,304.96,183.16,552.48,1,-1,-1,-1
217,1127,1077.74,375.68,170.31,401.88,1,-1,-1,-1
217,1128,1711.00,410.00,80.00,234.00,1,-1,-1,-1
218,1124,495.08,256.44,307.17,642.69,1,-1,-1,-1
218,1125,659.56,297.94,186.65,563.01,1,-1,-1,-1
218,1127,1077.18,377.67,169.15,399.73,1,-1,-1,-1
219,1124,583.23,254.23,286.68,633.55,1,-1,-1,-1
219,1127,1077.95,369.70,172.49,407.61,1,-1,-1,-1
220,1108,-25.50,24.91,500.80,950.43,1,-1,-1,-1
220,1124,626.36,262.32,263.38,606.74,1,-1,-1,-1
220,1127,1080.68,370.75,171.96,408.49,1,-1,-1,-1
220,1129,1705.00,408.00,94.00,233.00,1,-1,-1,-1
221,1108,-46.66,25.05,498.54,946.10,1,-1,-1,-1
221,1124,638.09,263.25,254.74,610.97,1,-1,-1,-1
221,1127,1089.25,380.48,167.04,397.50,1,-1,-1,-1
222,1124,644.11,270.77,243.32,600.82,1,-1,-1,-1
222,1127,1094.66,384.88,160.61,384.57,1,-1,-1,-1
223,1124,650.94,281.43,237.10,594.70,1,-1,-1,-1
223,1127,1097.50,385.84,156.31,375.07,1,-1,-1,-1
224,1124,653.75,285.25,233.16,592.71,1,-1,-1,-1
224,1127,1098.51,386.17,154.56,371.63,1,-1,-1,-1
225,1118,185.71,285.39,317.16,692.09,1,-1,-1,-1
225,1124,655.75,296.45,229.51,592.24,1,-1,-1,-1
225,1127,1100.12,379.60,154.60,377.77,1,-1,-1,-1
226,1118,198.05,279.80,322.21,682.74,1,-1,-1,-1
226,1124,738.42,312.35,211.85,548.11,1,-1,-1,-1
226,1127,1105.28,378.49,150.62,374.82,1,-1,-1,-1
226,1130,1220.00,360.00,115.00,394.00,1,-1,-1,-1
227,1118,207.16,284.35,319.54,677.07,1,-1,-1,-1
227,1124,768.89,315.40,211.18,546.64,1,-1,-1,-1
227,1127,1106.26,379.40,148.21,371.78,1,-1,-1,-1
227,1130,1222.23,358.29,115.68,395.71,1,-1,-1,-1
228,1124,780.11,305.71,219.23,573.63,1,-1,-1,-1
228,1127,1111.02,377.76,146.97,370.69,1,-1,-1,-1
228,1130,1219.28,353.50,115.70,394.50,1,-1,-1,-1
229,1124,776.56,290.41,223.83,591.99,1,-1,-1,-1
229,1127,1115.64,373.20,148.57,377.60,1,-1,-1,-1
229,1130,1217.91,351.18,119.38,404.47,1,-1,-1,-1
230,1124,779.42,285.07,217.89,584.93,1,-1,-1,-1
230,1127,1117.88,374.12,148.01,380.21,1,-1,-1,-1
230,1130,1215.79,361.94,116.13,392.08,1,-1,-1,-1
231,1124,780.79,282.25,224.05,602.72,1,-1,-1,-1
231,1127,1120.58,373.55,147.84,379.77,1,-1,-1,-1
231,1130,1217.11,362.32,115.88,388.91,1,-1,-1,-1
232,1124,785.59,283.12,217.19,588.65,1,-1,-1,-1
232,1130,1216.63,363.33,115.47,387.54,1,-1,-1,-1
233,1118,346.92,322.43,280.33,617.37,1,-1,-1,-1
233,1124,797.47,280.77,208.29,566.83,1,-1,-1,-1
233,1127,1123.65,380.44,144.25,369.78,1,-1,-1,-1
234,1118,362.39,327.85,276.81,609.63,1,-1,-1,-1
234,1124,801.49,273.87,205.40,566.06,1,-1,-1,-1
234,1127,1178.19,381.54,140.87,366.81,1,-1,-1,-1
235,1118,459.13,316.15,266.92,594.73,1,-1,-1,-1
235,1124,807.29,271.34,208.27,579.05,1,-1,-1,-1
235,1127,1199.49,380.59,140.46,369.11,1,-1,-1,-1
236,1118,470.50,326.15,277.32,634.84,1,-1,-1,-1
236,1124,818.95,280.16,206.72,576.15,1,-1,-1,-1
236,1127,1216.85,378.27,139.96,369.34,1,-1,-1,-1
237,1118,492.02,330.57,275.87,631.53,1,-1,-1,-1
237,1124,820.17,299.94,194.03,540.40,1,-1,-1,-1
237,1127,1225.82,374.78,140.93,372.73,1,-1,-1,-1
238,1124,811.42,299.42,198.30,559.76,1,-1,-1,-1
238,1127,1238.87,381.29,138.41,363.59,1,-1,-1,-1
239,1118,491.22,303.81,270.76,627.50,1,-1,-1,-1
239,1124,818.82,303.79,185.26,528.16,1,-1,-1,-1
239,1125,909.52,311.80,173.73,514.67,1,-1,-1,-1
239,1127,1241.64,397.01,128.56,336.35,1,-1,-1,-1
240,1118,500.64,306.37,260.47,609.18,1,-1,-1,-1
240,1124,812.45,305.37,186.95,543.54,1,-1,-1,-1
240,1125,921.27,283.53,184.77,549.44,1,-1,-1,-1
240,1127,1248.19,387.39,131.06,341.67,1,-1,-1,-1
240,1131,669.00,331.00,164.00,505.00,1,-1,-1,-1
241,1118,516.38,317.90,246.23,577.56,1,-1,-1,-1
241,1124,819.37,307.62,185.64,539.72,1,-1,-1,-1
241,1125,928.19,301.58,176.78,526.61,1,-1,-1,-1
241,1127,1244.77,386.65,130.70,342.24,1,-1,-1,-1
241,1131,653.17,332.71,177.66,547.00,1,-1,-1,-1
242,1118,526.12,324.79,235.17,554.00,1,-1,-1,-1
242,1125,933.63,293.02,175.59,534.06,1,-1,-1,-1
242,1127,1246.77,383.72,133.31,349.14,1,-1,-1,-1
242,1131,647.53,333.73,186.67,575.04,1,-1,-1,-1
243,1118,527.68,325.84,236.74,560.57,1,-1,-1,-1
243,1125,936.90,293.94,173.30,531.42,1,-1,-1,-1
243,1127,1252.16,382.61,133.77,353.09,1,-1,-1,-1
243,1131,644.57,314.12,196.26,603.89,1,-1,-1,-1
244,1118,541.78,328.45,233.73,553.43,1,-1,-1,-1
244,1125,955.01,309.72,157.91,491.63,1,-1,-1,-1
244,1127,1256.47,375.66,138.13,365.08,1,-1,-1,-1
244,1131,642.55,325.65,197.63,608.07,1,-1,-1,-1
245,1125,960.29,299.28,162.39,506.10,1,-1,-1,-1
245,1127,1256.28,371.11,140.51,372.21,1,-1,-1,-1
245,1131,644.21,335.76,194.76,594.81,1,-1,-1,-1
246,1125,962.08,295.67,163.86,511.13,1,-1,-1,-1
246,1127,1256.08,369.38,141.27,374.95,1,-1,-1,-1
246,1131,644.51,339.58,194.39,589.07,1,-1,-1,-1
247,1125,962.45,294.32,164.37,513.12,1,-1,-1,-1
247,1127,1255.88,368.74,141.40,375.98,1,-1,-1,-1
247,1131,644.21,340.93,195.12,586.59,1,-1,-1,-1
248,1125,962.32,293.84,164.52,513.93,1,-1,-1,-1
248,1127,1255.71,368.54,141.30,376.34,1,-1,-1,-1
248,1131,643.67,341.38,196.28,585.40,1,-1,-1,-1
249,1118,785.28,352.26,196.27,478.68,1,-1,-1,-1
249,1125,963.93,334.56,146.95,462.86,1,-1,-1,-1
249,1127,1250.41,373.69,137.12,369.95,1,-1,-1,-1
249,1131,656.91,336.16,184.56,542.66,1,-1,-1,-1
249,1132,1571.00,462.00,83.00,288.00,1,-1,-1,-1
250,1118,802.41,346.61,193.23,479.57,1,-1,-1,-1
250,1124,1072.27,342.51,143.77,409.20,1,-1,-1,-1
250,1125,960.53,346.28,143.82,452.75,1,-1,-1,-1
250,1127,1250.28,375.70,134.65,365.51,1,-1,-1,-1
250,1131,657.98,326.55,183.28,534.27,1,-1,-1,-1
250,1132,1576.35,465.43,80.01,277.71,1,-1,-1,-1
251,1118,803.92,349.06,191.69,485.57,1,-1,-1,-1
251,1124,1079.87,342.18,150.67,438.04,1,-1,-1,-1
251,1125,964.25,356.99,142.91,450.06,1,-1,-1,-1
251,1127,1242.93,384.98,128.45,353.99,1,-1,-1,-1
251,1131,664.82,319.80,185.38,537.43,1,-1,-1,-1
251,1132,1577.86,465.24,81.33,282.10,1,-1,-1,-1
252,1118,805.02,333.31,198.12,511.81,1,-1,-1,-1
252,1124,1089.81,343.02,148.00,438.56,1,-1,-1,-1
252,1125,958.19,350.70,143.80,456.65,1,-1,-1,-1
252,1127,1235.85,379.24,129.82,365.53,1,-1,-1,-1
252,1131,664.18,314.70,184.36,530.65,1,-1,-1,-1
252,1132,1580.06,465.88,76.75,265.82,1,-1,-1,-1
253,1118,804.10,335.91,199.12,522.25,1,-1,-1,-1
253,1124,1091.32,336.57,152.68,458.31,1,-1,-1,-1
253,1125,955.90,347.59,143.40,460.56,1,-1,-1,-1
253,1127,1236.99,379.25,129.84,365.58,1,-1,-1,-1
253,1131,669.16,324.89,180.75,521.49,1,-1,-1,-1
253,1132,1581.64,456.36,78.57,272.22,1,-1,-1,-1
254,1118,800.68,342.75,200.21,532.29,1,-1,-1,-1
254,1124,1096.88,332.83,150.90,451.35,1,-1,-1,-1
254,1125,956.77,359.48,138.30,445.04,1,-1,-1,-1
254,1131,674.02,334.76,180.65,521.52,1,-1,-1,-1
254,1132,1583.13,454.13,78.05,270.42,1,-1,-1,-1
255,1118,803.53,336.89,198.35,525.80,1,-1,-1,-1
255,1124,1098.27,343.89,150.92,450.76,1,-1,-1,-1
255,1125,953.73,359.83,140.89,453.37,1,-1,-1,-1
255,1127,1227.12,376.55,130.50,373.45,1,-1,-1,-1
255,1131,681.73,343.72,168.00,479.17,1,-1,-1,-1
256,1118,797.47,352.29,192.93,505.00,1,-1,-1,-1
256,1124,1095.46,336.74,155.40,472.41,1,-1,-1,-1
256,1125,954.08,367.11,141.50,449.91,1,-1,-1,-1
256,1127,1227.16,376.33,130.75,374.16,1,-1,-1,-1
256,1131,697.65,358.75,158.89,447.41,1,-1,-1,-1
257,1118,798.79,350.12,193.65,505.16,1,-1,-1,-1
257,1124,1096.35,330.84,156.70,476.56,1,-1,-1,-1
257,1125,949.93,369.72,142.92,448.74,1,-1,-1,-1
257,1131,702.31,361.78,155.39,437.54,1,-1,-1,-1
258,1118,800.20,354.54,189.51,484.25,1,-1,-1,-1
258,1124,1094.26,316.14,165.11,506.82,1,-1,-1,-1
258,1125,950.64,366.61,143.48,443.80,1,-1,-1,-1
259,1118,798.49,357.48,187.32,473.80,1,-1,-1,-1
259,1124,1097.81,335.48,151.06,461.45,1,-1,-1,-1
259,1125,952.00,369.81,142.33,440.27,1,-1,-1,-1
260,1118,796.93,356.50,190.43,478.13,1,-1,-1,-1
260,1124,1098.74,342.12,148.19,446.67,1,-1,-1,-1
260,1125,950.92,365.99,149.25,454.86,1,-1,-1,-1
261,1118,798.36,358.72,189.76,473.91,1,-1,-1,-1
261,1124,1095.03,343.15,149.55,452.06,1,-1,-1,-1
261,1125,948.72,365.52,153.55,464.31,1,-1,-1,-1
262,1118,798.29,359.50,190.09,472.49,1,-1,-1,-1
262,1124,1093.65,343.50,149.83,454.07,1,-1,-1,-1
262,1125,947.59,365.32,155.75,467.74,1,-1,-1,-1
263,1118,797.76,359.73,190.75,472.10,1,-1,-1,-1
263,1124,1093.01,343.59,149.75,454.88,1,-1,-1,-1
263,1125,946.86,365.17,157.15,469.07,1,-1,-1,-1
264,1118,797.11,359.77,191.46,472.08,1,-1,-1,-1
264,1124,1092.66,343.58,149.56,455.23,1,-1,-1,-1
264,1125,946.31,365.05,158.17,469.58,1,-1,-1,-1
265,1118,806.59,356.44,183.71,450.49,1,-1,-1,-1
265,1124,1098.27,359.26,143.57,435.75,1,-1,-1,-1
265,1125,946.37,372.77,156.02,455.45,1,-1,-1,-1
265,1133,1230.00,382.00,113.00,370.00,1,-1,-1,-1
266,1118,809.65,355.11,181.32,442.45,1,-1,-1,-1
266,1124,1100.09,365.20,141.48,428.35,1,-1,-1,-1
266,1125,945.72,375.65,156.49,450.05,1,-1,-1,-1
266,1133,1230.00,382.00,113.00,370.00,1,-1,-1,-1
267,1118,821.85,359.93,182.60,445.67,1,-1,-1,-1
267,1124,1101.30,361.34,142.68,437.00,1,-1,-1,-1
267,1125,937.68,361.52,159.07,461.26,1,-1,-1,-1
268,1118,834.05,371.56,173.91,424.57,1,-1,-1,-1
268,1124,1100.35,365.10,145.10,448.74,1,-1,-1,-1
268,1125,936.09,368.58,157.23,455.05,1,-1,-1,-1
269,1118,841.46,373.73,171.38,418.38,1,-1,-1,-1
269,1124,1099.16,360.62,150.06,462.31,1,-1,-1,-1
269,1125,939.43,377.84,151.28,436.27,1,-1,-1,-1
269,1134,1221.00,363.00,142.00,403.00,1,-1,-1,-1
270,1118,838.44,364.94,169.52,417.56,1,-1,-1,-1
270,1124,1102.41,360.79,150.81,463.64,1,-1,-1,-1
270,1125,941.75,375.30,151.60,439.84,1,-1,-1,-1
270,1134,1221.20,355.29,145.03,411.57,1,-1,-1,-1
271,1118,844.72,366.01,167.23,411.91,1,-1,-1,-1
271,1124,1098.42,347.79,156.16,480.37,1,-1,-1,-1
271,1125,940.90,366.47,155.78,454.31,1,-1,-1,-1
271,1134,1218.62,342.10,152.24,433.09,1,-1,-1,-1
272,1124,1091.48,340.30,161.20,493.74,1,-1,-1,-1
272,1125,950.15,352.77,157.00,461.06,1,-1,-1,-1
272,1134,1221.09,340.56,151.57,433.13,1,-1,-1,-1
273,1124,1091.18,347.65,157.57,471.91,1,-1,-1,-1
273,1125,950.07,359.16,149.83,440.31,1,-1,-1,-1
273,1134,1220.26,328.97,161.83,463.27,1,-1,-1,-1
274,1124,1094.01,345.32,157.90,465.75,1,-1,-1,-1
274,1125,948.76,370.97,140.21,415.64,1,-1,-1,-1
274,1134,1217.61,339.28,159.22,456.64,1,-1,-1,-1
275,1124,1094.39,344.45,159.26,463.44,1,-1,-1,-1
275,1125,948.54,375.36,136.06,406.56,1,-1,-1,-1
275,1134,1216.71,343.65,157.75,453.31,1,-1,-1,-1
276,1124,1090.01,336.28,169.99,480.22,1,-1,-1,-1
276,1125,948.95,376.71,134.60,402.21,1,-1,-1,-1
276,1134,1220.76,346.72,147.04,419.93,1,-1,-1,-1
277,1124,1087.69,336.45,172.74,476.81,1,-1,-1,-1
277,1125,955.16,385.86,138.13,405.81,1,-1,-1,-1
277,1134,1217.40,338.30,154.12,436.73,1,-1,-1,-1
278,1124,1085.71,336.55,175.80,475.41,1,-1,-1,-1
278,1125,955.78,388.00,140.28,406.12,1,-1,-1,-1
278,1134,1215.85,335.42,157.34,442.49,1,-1,-1,-1
279,1124,1083.98,336.62,178.81,474.84,1,-1,-1,-1
279,1125,955.44,388.72,142.15,406.28,1,-1,-1,-1
279,1134,1214.91,334.41,159.24,444.57,1,-1,-1,-1
280,1124,1082.44,336.66,181.63,474.60,1,-1,-1,-1
280,1125,954.81,388.93,143.82,406.44,1,-1,-1,-1
280,1134,1214.24,334.11,160.60,445.23,1,-1,-1,-1
281,1124,1085.11,351.04,173.50,450.35,1,-1,-1,-1
281,1125,955.84,390.75,142.91,403.88,1,-1,-1,-1
281,1134,1210.94,346.59,166.54,452.61,1,-1,-1,-1
282,1124,1084.49,345.95,176.88,453.62,1,-1,-1,-1
282,1134,1206.92,343.49,174.32,466.41,1,-1,-1,-1
283,1124,1083.67,344.10,179.27,454.83,1,-1,-1,-1
283,1134,1204.63,342.32,178.80,471.57,1,-1,-1,-1
284,1124,1082.81,343.39,181.20,455.32,1,-1,-1,-1
284,1134,1203.07,341.89,181.89,473.41,1,-1,-1,-1
285,1124,1081.31,355.56,173.77,437.21,1,-1,-1,-1
285,1134,1211.30,351.49,177.11,452.52,1,-1,-1,-1
286,1124,1070.68,350.90,173.00,440.29,1,-1,-1,-1
286,1125,993.94,386.99,137.15,377.08,1,-1,-1,-1
286,1134,1219.53,347.30,176.42,445.54,1,-1,-1,-1
287,1124,1067.34,349.19,171.65,441.45,1,-1,-1,-1
287,1125,995.44,386.55,139.47,375.23,1,-1,-1,-1
287,1134,1222.02,345.75,177.25,442.91,1,-1,-1,-1
288,1124,1067.62,342.62,167.46,438.02,1,-1,-1,-1
288,1125,999.10,387.27,138.18,371.76,1,-1,-1,-1
288,1134,1223.72,348.46,175.93,435.33,1,-1,-1,-1
289,1124,1069.93,337.50,166.15,440.06,1,-1,-1,-1
289,1134,1221.13,338.27,182.45,445.64,1,-1,-1,-1
290,1124,1071.38,335.59,164.57,440.87,1,-1,-1,-1
290,1134,1219.49,334.50,186.18,449.45,1,-1,-1,-1
291,1124,1072.44,334.90,162.99,441.22,1,-1,-1,-1
291,1134,1218.24,333.09,188.74,450.88,1,-1,-1,-1
292,1124,1073.32,334.66,161.51,441.39,1,-1,-1,-1
292,1134,1217.21,332.60,190.76,451.38,1,-1,-1,-1
293,1118,1345.98,366.09,159.08,394.59,1,-1,-1,-1
293,1124,1083.04,352.92,153.98,420.55,1,-1,-1,-1
293,1134,1219.19,350.71,182.79,432.62,1,-1,-1,-1
293,1135,1700.00,511.00,84.00,203.00,1,-1,-1,-1
294,1118,1364.01,370.45,150.15,385.02,1,-1,-1,-1
294,1124,1097.97,358.62,148.75,408.61,1,-1,-1,-1
294,1134,1216.79,361.05,174.03,413.41,1,-1,-1,-1
295,1118,1370.73,372.24,145.20,381.14,1,-1,-1,-1
295,1124,1103.63,360.67,146.42,404.34,1,-1,-1,-1
295,1134,1216.02,364.86,170.47,406.32,1,-1,-1,-1
296,1118,1373.18,372.91,142.16,379.73,1,-1,-1,-1
296,1124,1105.85,361.38,145.20,402.87,1,-1,-1,-1
296,1134,1215.89,366.20,168.90,403.81,1,-1,-1,-1
297,1118,1376.19,361.37,146.15,396.92,1,-1,-1,-1
297,1124,1104.52,360.94,142.35,394.52,1,-1,-1,-1
297,1134,1217.68,364.65,163.33,395.03,1,-1,-1,-1
298,1118,1382.07,360.93,144.04,402.05,1,-1,-1,-1
298,1124,1113.46,368.03,138.25,386.20,1,-1,-1,-1
298,1134,1215.21,365.34,160.22,394.52,1,-1,-1,-1
299,1118,1384.63,360.78,141.48,404.05,1,-1,-1,-1
299,1124,1116.98,370.61,136.20,383.27,1,-1,-1,-1
299,1134,1215.08,365.55,157.55,394.43,1,-1,-1,-1
300,1118,1385.84,360.75,139.02,404.81,1,-1,-1,-1
300,1124,1118.47,371.50,134.97,382.33,1,-1,-1,-1
300,1134,1215.73,365.59,155.20,394.50,1,-1,-1,-1
301,1118,1390.36,358.80,138.18,401.84,1,-1,-1,-1
301,1124,1111.98,369.79,135.92,384.76,1,-1,-1,-1
301,1134,1220.18,362.27,151.24,388.03,1,-1,-1,-1
302,1118,1391.60,358.07,137.95,400.69,1,-1,-1,-1
302,1124,1109.47,369.10,136.37,385.78,1,-1,-1,-1
302,1134,1222.23,360.98,149.05,385.70,1,-1,-1,-1
303,1118,1391.66,357.81,137.93,400.25,1,-1,-1,-1
303,1124,1108.45,368.79,136.62,386.27,1,-1,-1,-1
303,1134,1223.33,360.48,147.60,384.92,1,-1,-1,-1
304,1118,1391.30,357.73,137.99,400.09,1,-1,-1,-1
304,1124,1108.02,368.64,136.79,386.54,1,-1,-1,-1
304,1134,1224.04,360.28,146.48,384.72,1,-1,-1,-1
305,1118,1394.30,369.46,136.96,392.20,1,-1,-1,-1
305,1124,1120.63,373.80,139.48,386.73,1,-1,-1,-1
305,1134,1217.85,368.75,141.89,373.55,1,-1,-1,-1
306,1118,1394.67,373.95,137.39,389.19,1,-1,-1,-1
306,1124,1124.66,375.71,141.91,386.87,1,-1,-1,-1
306,1134,1215.58,371.94,140.03,369.43,1,-1,-1,-1
307,1118,1397.39,371.01,137.11,387.44,1,-1,-1,-1
307,1124,1131.08,375.73,143.39,388.95,1,-1,-1,-1
307,1134,1209.67,377.71,136.98,366.69,1,-1,-1,-1
308,1118,1398.62,364.64,141.32,396.65,1,-1,-1,-1
308,1124,1139.92,371.77,144.70,392.40,1,-1,-1,-1
308,1134,1202.45,368.57,141.36,381.64,1,-1,-1,-1
309,1118,1401.42,360.95,143.71,404.64,1,-1,-1,-1
309,1124,1145.46,383.93,139.35,378.10,1,-1,-1,-1
309,1134,1200.56,380.11,135.01,369.68,1,-1,-1,-1
310,1118,1397.89,359.54,143.69,406.41,1,-1,-1,-1
310,1124,1149.23,387.91,139.01,373.31,1,-1,-1,-1
310,1134,1201.66,379.94,133.73,369.06,1,-1,-1,-1
310,1136,1484.00,368.00,138.00,372.00,1,-1,-1,-1
311,1118,1394.71,358.36,142.95,404.46,1,-1,-1,-1
311,1124,1150.76,388.66,138.42,368.31,1,-1,-1,-1
311,1134,1205.16,375.23,134.41,372.84,1,-1,-1,-1
311,1136,1487.53,366.29,139.51,376.29,1,-1,-1,-1
312,1118,1391.20,355.98,144.89,409.57,1,-1,-1,-1
312,1124,1149.46,380.94,140.43,372.48,1,-1,-1,-1
312,1125,1482.00,371.13,142.70,380.63,1,-1,-1,-1
312,1134,1209.30,368.86,137.63,383.47,1,-1,-1,-1
313,1118,1388.39,358.33,143.15,408.23,1,-1,-1,-1
313,1124,1152.47,381.91,139.67,370.45,1,-1,-1,-1
313,1125,1492.64,373.35,142.23,376.52,1,-1,-1,-1
313,1134,1212.62,367.09,138.63,388.80,1,-1,-1,-1
314,1118,1385.90,359.26,141.72,403.78,1,-1,-1,-1
314,1124,1146.46,383.75,138.47,364.22,1,-1,-1,-1
314,1125,1500.67,376.86,141.03,366.44,1,-1,-1,-1
314,1134,1214.58,370.94,137.70,384.38,1,-1,-1,-1
315,1118,1382.44,364.21,138.11,392.25,1,-1,-1,-1
315,1124,1144.21,384.93,139.81,363.29,1,-1,-1,-1
315,1125,1502.83,377.57,143.52,361.91,1,-1,-1,-1
315,1134,1220.25,372.42,137.36,380.06,1,-1,-1,-1
316,1118,1385.32,372.70,132.72,376.64,1,-1,-1,-1
316,1124,1146.12,385.99,138.93,361.02,1,-1,-1,-1
316,1125,1502.52,380.46,144.99,360.25,1,-1,-1,-1
316,1134,1219.77,369.69,139.20,384.35,1,-1,-1,-1
317,1118,1383.37,381.86,127.89,364.85,1,-1,-1,-1
317,1125,1509.50,389.41,142.14,350.48,1,-1,-1,-1
317,1134,1217.08,371.26,140.34,385.97,1,-1,-1,-1
318,1118,1382.74,385.19,125.80,360.59,1,-1,-1,-1
318,1125,1511.31,392.79,141.52,346.84,1,-1,-1,-1
318,1134,1215.91,371.85,141.07,386.59,1,-1,-1,-1
319,1118,1382.61,386.36,124.76,359.13,1,-1,-1,-1
319,1125,1511.35,394.01,141.71,345.55,1,-1,-1,-1
319,1134,1215.33,372.07,141.62,386.84,1,-1,-1,-1
320,1118,1382.64,386.73,124.12,358.69,1,-1,-1,-1
320,1125,1510.79,394.43,142.13,345.13,1,-1,-1,-1
320,1134,1214.99,372.14,142.06,386.93,1,-1,-1,-1
321,1118,1385.16,376.25,124.74,363.24,1,-1,-1,-1
321,1125,1507.21,391.91,141.71,344.39,1,-1,-1,-1
321,1134,1218.48,372.81,137.60,373.92,1,-1,-1,-1
322,1118,1386.31,372.30,124.49,365.01,1,-1,-1,-1
322,1125,1505.53,390.93,141.51,344.17,1,-1,-1,-1
322,1134,1219.74,373.05,136.05,368.94,1,-1,-1,-1
323,1118,1386.93,370.80,123.96,365.75,1,-1,-1,-1
323,1125,1504.62,390.54,141.41,344.14,1,-1,-1,-1
323,1134,1220.13,373.13,135.64,367.14,1,-1,-1,-1
324,1118,1387.32,370.23,123.37,366.08,1,-1,-1,-1
324,1125,1504.03,390.37,141.35,344.19,1,-1,-1,-1
324,1134,1220.19,373.15,135.64,366.52,1,-1,-1,-1
325,1118,1388.49,370.05,122.94,364.82,1,-1,-1,-1
325,1125,1503.19,381.12,145.38,352.77,1,-1,-1,-1
325,1134,1219.06,375.77,133.34,356.48,1,-1,-1,-1
326,1125,1502.58,377.65,147.17,356.01,1,-1,-1,-1
326,1134,1218.26,376.76,133.22,352.74,1,-1,-1,-1
327,1125,1502.02,376.33,148.09,357.27,1,-1,-1,-1
327,1134,1217.62,377.10,133.87,351.43,1,-1,-1,-1
328,1125,1501.53,375.85,148.65,357.75,1,-1,-1,-1
328,1134,1217.07,377.22,134.75,351.02,1,-1,-1,-1
329,1125,1500.10,377.65,147.77,357.93,1,-1,-1,-1
329,1134,1217.04,378.56,134.73,351.59,1,-1,-1,-1
330,1125,1499.66,378.35,146.94,358.00,1,-1,-1,-1
330,1134,1217.09,379.04,134.62,351.88,1,-1,-1,-1
331,1125,1499.59,378.63,146.18,358.02,1,-1,-1,-1
331,1134,1217.16,379.21,134.49,352.04,1,-1,-1,-1
332,1125,1499.65,378.75,145.49,358.03,1,-1,-1,-1
332,1134,1217.23,379.25,134.36,352.16,1,-1,-1,-1
333,1118,1391.83,391.99,117.92,348.28,1,-1,-1,-1
333,1125,1497.06,387.29,141.79,352.81,1,-1,-1,-1
333,1134,1220.98,388.43,135.40,350.28,1,-1,-1,-1
334,1118,1391.68,393.11,118.13,347.57,1,-1,-1,-1
334,1125,1496.36,390.55,139.57,350.83,1,-1,-1,-1
334,1134,1221.93,391.87,136.74,349.62,1,-1,-1,-1
335,1118,1391.54,393.50,118.40,347.31,1,-1,-1,-1
335,1125,1496.40,391.75,138.01,350.09,1,-1,-1,-1
335,1134,1221.85,393.12,138.09,349.42,1,-1,-1,-1
336,1118,1391.39,393.60,118.67,347.26,1,-1,-1,-1
336,1125,1496.69,392.18,136.76,349.84,1,-1,-1,-1
336,1134,1221.42,393.55,139.38,349.38,1,-1,-1,-1
337,1118,1389.76,400.17,115.34,336.12,1,-1,-1,-1
337,1125,1503.65,398.21,130.32,336.02,1,-1,-1,-1
337,1134,1223.31,398.90,137.03,343.51,1,-1,-1,-1
338,1118,1389.01,402.61,114.29,331.95,1,-1,-1,-1
338,1125,1506.49,400.48,127.36,330.76,1,-1,-1,-1
338,1134,1224.01,400.88,136.16,341.33,1,-1,-1,-1
339,1118,1388.63,403.46,114.12,330.49,1,-1,-1,-1
339,1125,1507.72,401.27,125.81,328.89,1,-1,-1,-1
339,1134,1224.24,401.56,135.85,340.56,1,-1,-1,-1
340,1118,1388.39,403.72,114.25,330.02,1,-1,-1,-1
340,1125,1508.33,401.53,124.82,328.26,1,-1,-1,-1
340,1134,1224.31,401.76,135.75,340.33,1,-1,-1,-1
341,1118,1382.08,395.86,117.54,340.46,1,-1,-1,-1
341,1125,1508.22,394.34,127.00,337.30,1,-1,-1,-1
341,1134,1227.46,406.38,134.68,334.38,1,-1,-1,-1
342,1118,1379.82,392.91,118.60,344.38,1,-1,-1,-1
342,1125,1508.49,391.64,127.13,340.71,1,-1,-1,-1
342,1134,1228.30,408.06,134.97,332.19,1,-1,-1,-1
343,1118,1379.04,391.76,118.87,345.92,1,-1,-1,-1
343,1125,1508.85,390.60,126.58,342.04,1,-1,-1,-1
343,1134,1228.27,408.64,135.72,331.43,1,-1,-1,-1
344,1118,1378.83,391.31,118.85,346.52,1,-1,-1,-1
344,1125,1509.21,390.20,125.83,342.56,1,-1,-1,-1
344,1134,1227.95,408.80,136.58,331.20,1,-1,-1,-1
345,1118,1384.42,397.01,117.32,340.89,1,-1,-1,-1
345,1125,1507.90,396.57,120.54,327.76,1,-1,-1,-1
345,1134,1222.06,404.21,138.56,332.48,1,-1,-1,-1
345,1137,1650.00,388.00,121.00,331.00,1,-1,-1,-1
346,1118,1389.38,400.49,117.04,340.06,1,-1,-1,-1
346,1125,1508.79,397.08,119.97,326.24,1,-1,-1,-1
346,1134,1222.36,405.16,138.00,331.15,1,-1,-1,-1
346,1138,1711.00,485.00,86.00,218.00,1,-1,-1,-1
347,1118,1391.24,401.77,116.93,339.78,1,-1,-1,-1
347,1138,1711.00,485.00,86.00,218.00,1,-1,-1,-1
348,1118,1391.92,402.23,116.90,339.69,1,-1,-1,-1
348,1138,1711.00,485.00,86.00,218.00,1,-1,-1,-1
349,1118,1400.25,406.29,113.16,327.91,1,-1,-1,-1
349,1138,1711.00,485.00,86.00,218.00,1,-1,-1,-1
350,1118,1403.32,407.81,111.89,323.44,1,-1,-1,-1
351,1118,1404.34,408.33,111.59,321.84,1,-1,-1,-1
352,1118,1404.61,408.49,111.63,321.31,1,-1,-1,-1
353,1118,1403.74,403.26,112.86,325.77,1,-1,-1,-1
353,1125,1496.06,407.65,114.85,311.22,1,-1,-1,-1
353,1134,1130.61,427.21,132.54,310.58,1,-1,-1,-1
353,1139,1666.00,399.00,106.00,319.00,1,-1,-1,-1
354,1118,1403.84,403.89,113.06,323.56,1,-1,-1,-1
354,1125,1495.63,408.65,114.17,309.39,1,-1,-1,-1
354,1134,1121.37,410.90,139.56,327.01,1,-1,-1,-1
354,1139,1667.61,396.43,105.34,316.43,1,-1,-1,-1
355,1118,1408.59,405.42,111.53,320.14,1,-1,-1,-1
355,1134,1115.01,411.34,139.34,326.49,1,-1,-1,-1
355,1139,1669.93,401.27,106.42,319.01,1,-1,-1,-1
356,1118,1413.19,400.06,113.83,328.11,1,-1,-1,-1
356,1134,1120.99,405.04,143.30,330.60,1,-1,-1,-1
356,1139,1671.13,402.16,107.35,319.90,1,-1,-1,-1
357,1118,1417.45,405.21,112.13,321.34,1,-1,-1,-1
357,1134,1121.70,411.62,144.20,324.84,1,-1,-1,-1
357,1139,1672.29,403.37,107.58,320.57,1,-1,-1,-1
358,1118,1418.86,407.20,111.80,318.76,1,-1,-1,-1
358,1134,1121.29,414.00,146.07,322.76,1,-1,-1,-1
359,1118,1419.17,407.93,111.99,317.83,1,-1,-1,-1
359,1134,1120.61,414.87,148.08,322.00,1,-1,-1,-1
360,1118,1419.09,408.19,112.35,317.52,1,-1,-1,-1
360,1134,1119.91,415.18,149.96,321.74,1,-1,-1,-1
361,1118,1423.91,403.02,114.49,320.06,1,-1,-1,-1
361,1134,1115.42,408.07,157.39,333.46,1,-1,-1,-1
362,1118,1425.35,401.06,115.97,321.05,1,-1,-1,-1
362,1134,1113.29,405.41,161.20,337.84,1,-1,-1,-1
363,1118,1425.53,400.32,117.13,321.45,1,-1,-1,-1
363,1134,1112.15,404.38,163.54,339.52,1,-1,-1,-1
364,1118,1425.27,400.04,118.11,321.62,1,-1,-1,-1
364,1134,1111.42,404.00,165.19,340.14,1,-1,-1,-1
365,1118,1426.99,399.84,117.93,321.14,1,-1,-1,-1
365,1134,1097.77,402.56,167.39,346.20,1,-1,-1,-1
366,1134,1092.87,402.03,167.81,348.47,1,-1,-1,-1
367,1134,1091.27,401.84,167.62,349.30,1,-1,-1,-1
368,1134,1090.93,401.78,167.21,349.57,1,-1,-1,-1
369,1134,1089.22,395.28,171.07,358.08,1,-1,-1,-1
370,1134,1088.70,392.83,172.41,361.27,1,-1,-1,-1
371,1134,1088.65,391.92,172.80,362.44,1,-1,-1,-1
372,1134,1088.77,391.60,172.83,362.83,1,-1,-1,-1
373,1118,1484.14,404.71,110.11,299.79,1,-1,-1,-1
373,1134,1093.20,409.67,166.17,345.40,1,-1,-1,-1
374,1118,1489.72,402.87,111.75,305.08,1,-1,-1,-1
374,1134,1089.25,400.83,175.12,364.39,1,-1,-1,-1
375,1118,1491.67,402.31,112.08,306.64,1,-1,-1,-1
375,1134,1087.88,397.65,178.24,371.21,1,-1,-1,-1
376,1118,1492.32,402.10,112.11,307.26,1,-1,-1,-1
376,1134,1087.46,396.41,179.34,373.82,1,-1,-1,-1
377,1118,1496.33,402.08,111.87,306.60,1,-1,-1,-1
377,1134,1075.37,387.55,184.31,383.80,1,-1,-1,-1
377,1140,255.00,332.00,175.00,505.00,1,-1,-1,-1
377,1141,1787.00,387.00,86.00,258.00,1,-1,-1,-1
378,1134,1071.78,395.10,182.31,376.64,1,-1,-1,-1
378,1140,258.45,315.71,180.96,521.29,1,-1,-1,-1
378,1141,1789.61,390.43,79.06,236.57,1,-1,-1,-1
379,1134,1064.75,387.68,185.80,380.87,1,-1,-1,-1
380,1134,1061.78,384.91,187.86,382.41,1,-1,-1,-1
381,1134,1056.33,377.40,187.07,380.34,1,-1,-1,-1
381,1142,275.00,339.00,216.00,507.00,1,-1,-1,-1
382,1134,1054.28,374.57,186.84,379.47,1,-1,-1,-1
382,1142,275.00,339.00,216.00,507.00,1,-1,-1,-1
383,1134,1053.55,373.55,186.84,379.09,1,-1,-1,-1
383,1142,275.00,339.00,216.00,507.00,1,-1,-1,-1
384,1134,1053.31,373.22,186.90,378.89,1,-1,-1,-1
384,1142,275.00,339.00,216.00,507.00,1,-1,-1,-1
385,1134,1044.21,367.94,194.70,397.00,1,-1,-1,-1
385,1142,341.91,342.62,217.66,516.42,1,-1,-1,-1
386,1134,1040.64,364.70,203.11,415.29,1,-1,-1,-1
386,1142,358.44,343.53,218.65,518.79,1,-1,-1,-1
386,1143,971.00,374.00,174.00,399.00,1,-1,-1,-1
387,1118,1518.40,380.65,111.26,300.00,1,-1,-1,-1
387,1134,1045.24,363.50,203.46,419.78,1,-1,-1,-1
387,1143,966.78,375.71,177.29,406.71,1,-1,-1,-1
388,1118,1521.35,379.32,111.02,299.34,1,-1,-1,-1
388,1134,1052.25,372.09,195.94,405.35,1,-1,-1,-1
388,1143,967.82,401.32,167.65,383.43,1,-1,-1,-1
389,1134,1051.70,376.85,191.26,391.66,1,-1,-1,-1
389,1143,967.56,384.86,171.78,391.37,1,-1,-1,-1
390,1134,996.07,367.50,205.65,419.32,1,-1,-1,-1
390,1143,967.56,385.71,170.80,389.12,1,-1,-1,-1
390,1144,475.00,468.00,221.00,374.00,1,-1,-1,-1
391,1134,989.59,366.04,207.44,422.96,1,-1,-1,-1
391,1142,500.93,419.38,179.31,416.78,1,-1,-1,-1
392,1134,970.39,355.83,215.44,442.01,1,-1,-1,-1
392,1142,512.33,397.37,193.80,443.73,1,-1,-1,-1
393,1134,964.17,352.59,215.48,447.61,1,-1,-1,-1
393,1142,522.86,392.60,196.15,444.93,1,-1,-1,-1
394,1134,962.67,351.41,214.06,449.62,1,-1,-1,-1
394,1142,525.37,390.63,198.10,445.59,1,-1,-1,-1
395,1134,962.92,351.02,212.24,450.25,1,-1,-1,-1
395,1142,525.06,389.76,199.78,446.00,1,-1,-1,-1
396,1134,963.77,350.94,210.38,450.35,1,-1,-1,-1
396,1142,523.88,389.35,201.27,446.29,1,-1,-1,-1
397,1134,950.63,362.60,211.73,452.85,1,-1,-1,-1
397,1142,538.15,391.30,200.04,443.56,1,-1,-1,-1
398,1134,945.73,367.11,212.29,453.69,1,-1,-1,-1
399,1134,944.02,368.86,212.53,453.89,1,-1,-1,-1
400,1134,943.52,369.55,212.65,453.85,1,-1,-1,-1
401,1134,916.90,326.34,231.50,499.80,1,-1,-1,-1
401,1142,563.26,390.78,183.55,410.11,1,-1,-1,-1
401,1145,642.00,365.00,167.00,428.00,1,-1,-1,-1
402,1134,905.93,317.83,233.76,510.59,1,-1,-1,-1
402,1142,615.18,350.42,199.97,451.65,1,-1,-1,-1
402,1143,801.47,324.61,202.54,481.97,1,-1,-1,-1
403,1134,900.56,319.62,228.73,505.14,1,-1,-1,-1
403,1142,638.02,339.51,201.61,462.09,1,-1,-1,-1
403,1143,799.32,331.50,195.12,476.67,1,-1,-1,-1
404,1134,897.83,315.97,231.06,516.90,1,-1,-1,-1
404,1142,647.25,319.82,205.71,476.54,1,-1,-1,-1
404,1143,795.70,306.30,203.07,510.12,1,-1,-1,-1
405,1134,894.55,326.81,224.51,508.46,1,-1,-1,-1
405,1142,661.75,322.01,199.94,466.63,1,-1,-1,-1
405,1143,799.44,306.84,197.81,505.16,1,-1,-1,-1
406,1134,896.99,316.31,223.40,513.95,1,-1,-1,-1
406,1142,666.86,332.90,190.20,449.57,1,-1,-1,-1
406,1143,800.93,307.92,193.38,500.90,1,-1,-1,-1
407,1134,890.39,313.11,225.75,519.36,1,-1,-1,-1
407,1142,679.52,322.67,186.30,441.08,1,-1,-1,-1
407,1143,793.87,298.17,202.30,528.05,1,-1,-1,-1
408,1142,693.48,318.94,185.77,439.83,1,-1,-1,-1
408,1143,792.19,293.27,204.45,530.63,1,-1,-1,-1
409,1143,791.57,303.64,205.79,528.19,1,-1,-1,-1
410,1143,791.05,307.81,207.34,527.03,1,-1,-1,-1
411,1143,790.57,309.51,208.86,526.40,1,-1,-1,-1
412,1143,790.16,310.24,210.27,526.00,1,-1,-1,-1
413,1143,786.43,305.42,215.69,531.52,1,-1,-1,-1
414,1143,784.33,303.64,219.38,533.50,1,-1,-1,-1
415,1143,782.96,303.03,222.21,534.12,1,-1,-1,-1
416,1143,781.94,302.87,224.57,534.21,1,-1,-1,-1
417,1143,776.80,350.23,213.17,496.50,1,-1,-1,-1
418,1143,776.78,379.51,207.18,475.56,1,-1,-1,-1
419,1143,768.56,368.03,219.02,495.99,1,-1,-1,-1
420,1143,764.81,363.90,224.94,503.31,1,-1,-1,-1
421,1143,760.78,316.04,245.66,555.52,1,-1,-1,-1
422,1143,761.49,299.44,248.98,567.45,1,-1,-1,-1
423,1143,762.46,292.79,249.22,572.04,1,-1,-1,-1
424,1143,763.43,290.30,248.29,573.62,1,-1,-1,-1
425,1143,760.29,286.66,250.85,579.53,1,-1,-1,-1
429,1142,944.80,348.17,172.06,435.83,1,-1,-1,-1
429,1143,632.28,310.33,255.37,590.55,1,-1,-1,-1
430,1134,629.04,472.35,202.30,426.47,1,-1,-1,-1
430,1142,956.70,349.07,171.94,435.54,1,-1,-1,-1
430,1143,621.14,309.33,257.55,595.59,1,-1,-1,-1
431,1134,614.09,486.02,205.77,415.91,1,-1,-1,-1
432,1134,607.97,489.52,210.24,413.33,1,-1,-1,-1
433,1134,598.47,495.97,208.28,409.47,1,-1,-1,-1
433,1143,532.91,250.20,292.97,679.89,1,-1,-1,-1
434,1143,517.75,245.12,297.31,689.97,1,-1,-1,-1
437,1143,488.76,268.57,299.76,693.45,1,-1,-1,-1
438,1143,485.75,272.10,300.36,693.13,1,-1,-1,-1
439,1143,484.36,273.24,300.95,693.15,1,-1,-1,-1
440,1143,484.03,273.72,301.36,692.97,1,-1,-1,-1
441,1143,452.86,248.72,321.51,736.72,1,-1,-1,-1
442,1142,1088.10,398.09,142.99,352.88,1,-1,-1,-1
442,1143,432.57,221.60,339.44,765.12,1,-1,-1,-1
443,1142,1089.79,399.56,144.07,350.24,1,-1,-1,-1
443,1143,423.58,210.97,349.11,776.08,1,-1,-1,-1
444,1142,1090.48,400.13,145.09,349.27,1,-1,-1,-1
444,1143,419.33,206.95,355.09,780.04,1,-1,-1,-1
445,1142,1100.26,391.54,147.29,351.06,1,-1,-1,-1
445,1143,407.26,201.22,359.89,790.59,1,-1,-1,-1
446,1142,1103.24,388.28,148.74,351.87,1,-1,-1,-1
447,1142,1103.77,387.01,149.79,352.29,1,-1,-1,-1
448,1142,1103.46,386.52,150.60,352.56,1,-1,-1,-1
449,1142,1110.62,386.93,149.63,350.30,1,-1,-1,-1
449,1143,286.08,224.19,348.21,759.30,1,-1,-1,-1
450,1143,257.97,233.70,350.13,755.22,1,-1,-1,-1
451,1143,247.68,236.62,352.74,754.10,1,-1,-1,-1
452,1143,243.55,237.74,355.13,753.57,1,-1,-1,-1
453,1142,1188.81,391.70,144.08,341.94,1,-1,-1,-1
453,1143,191.82,231.02,360.15,745.40,1,-1,-1,-1
454,1142,1196.05,385.23,145.46,343.36,1,-1,-1,-1
454,1143,149.07,228.50,367.93,753.29,1,-1,-1,-1
455,1142,1198.38,383.10,146.28,343.81,1,-1,-1,-1
455,1143,132.52,227.60,372.81,756.18,1,-1,-1,-1
456,1142,1198.80,382.32,146.88,344.02,1,-1,-1,-1
456,1143,126.02,227.31,376.35,757.18,1,-1,-1,-1
457,1142,1212.82,389.24,138.43,321.20,1,-1,-1,-1
457,1143,69.25,182.28,396.95,802.42,1,-1,-1,-1
458,1142,1222.58,389.68,136.92,317.70,1,-1,-1,-1
458,1143,40.10,169.30,396.69,816.74,1,-1,-1,-1
459,1143,31.28,164.37,392.74,822.15,1,-1,-1,-1
460,1143,30.29,162.66,387.75,824.00,1,-1,-1,-1
461,1143,11.73,136.32,404.07,869.74,1,-1,-1,-1
462,1142,1219.78,380.95,138.34,295.73,1,-1,-1,-1
462,1143,7.58,127.09,408.15,882.46,1,-1,-1,-1
463,1142,1216.79,390.65,150.66,311.47,1,-1,-1,-1
463,1143,5.12,133.31,410.84,883.94,1,-1,-1,-1
464,1142,1232.87,405.42,148.29,303.20,1,-1,-1,-1
464,1143,7.97,131.47,413.78,888.03,1,-1,-1,-1
465,1142,1237.39,403.13,156.17,318.70,1,-1,-1,-1
465,1143,1.05,138.04,406.71,881.60,1,-1,-1,-1
466,1142,1235.24,401.63,158.07,317.88,1,-1,-1,-1
466,1143,-11.11,140.77,394.77,871.69,1,-1,-1,-1
466,1146,255.00,305.00,210.00,571.00,1,-1,-1,-1
467,1142,1233.57,400.99,159.91,317.61,1,-1,-1,-1
467,1143,-13.36,141.98,386.32,867.64,1,-1,-1,-1
467,1146,255.00,305.00,210.00,571.00,1,-1,-1,-1
468,1142,1232.26,400.70,161.59,317.54,1,-1,-1,-1
468,1143,-12.03,142.56,379.60,865.92,1,-1,-1,-1
468,1146,255.00,305.00,210.00,571.00,1,-1,-1,-1
469,1142,1237.25,401.63,161.15,316.68,1,-1,-1,-1
469,1143,-25.75,139.01,381.76,870.86,1,-1,-1,-1
469,1146,279.38,330.23,196.87,530.93,1,-1,-1,-1
470,1146,287.05,337.90,192.35,518.75,1,-1,-1,-1
473,1146,366.96,351.52,187.30,493.38,1,-1,-1,-1
474,1146,376.06,364.36,184.64,476.54,1,-1,-1,-1
475,1146,383.42,362.84,181.36,458.10,1,-1,-1,-1
476,1146,393.05,368.23,178.08,439.66,1,-1,-1,-1
476,1147,1504.00,435.00,64.00,217.00,1,-1,-1,-1
477,1146,392.94,378.17,178.66,435.80,1,-1,-1,-1
478,1146,391.83,381.46,180.28,434.86,1,-1,-1,-1
479,1146,390.40,382.42,182.18,434.94,1,-1,-1,-1
480,1146,388.97,382.55,184.08,435.34,1,-1,-1,-1
481,1146,406.53,385.09,191.51,450.50,1,-1,-1,-1
482,1146,414.04,386.57,191.08,447.02,1,-1,-1,-1
483,1146,416.21,386.94,191.57,445.93,1,-1,-1,-1
484,1146,416.45,386.94,192.34,445.69,1,-1,-1,-1
485,1146,460.40,370.33,198.69,453.00,1,-1,-1,-1
486,1146,481.27,362.11,207.36,472.19,1,-1,-1,-1
487,1146,492.14,363.51,210.53,478.80,1,-1,-1,-1
488,1146,495.83,364.04,211.92,481.40,1,-1,-1,-1
489,1146,505.23,357.07,216.47,488.26,1,-1,-1,-1
490,1146,508.07,354.42,219.02,490.86,1,-1,-1,-1
491,1146,508.42,353.40,220.73,491.84,1,-1,-1,-1
492,1146,507.89,353.02,222.04,492.19,1,-1,-1,-1
493,1146,519.92,382.15,205.25,457.83,1,-1,-1,-1
493,1148,121.00,475.00,205.00,493.00,1,-1,-1,-1
494,1146,527.65,388.13,201.58,453.16,1,-1,-1,-1
494,1148,135.40,499.00,188.19,450.14,1,-1,-1,-1
495,1146,537.98,398.15,182.84,411.24,1,-1,-1,-1
496,1146,541.14,391.56,180.24,407.70,1,-1,-1,-1
497,1146,548.76,385.22,186.14,417.94,1,-1,-1,-1
497,1149,223.00,238.00,188.00,558.00,1,-1,-1,-1
498,1146,544.18,369.06,195.43,441.53,1,-1,-1,-1
498,1149,235.56,234.57,204.03,605.14,1,-1,-1,-1
499,1146,537.15,347.51,207.96,469.14,1,-1,-1,-1
499,1149,265.68,246.33,223.17,652.16,1,-1,-1,-1
500,1146,535.80,336.67,211.03,479.16,1,-1,-1,-1
500,1149,277.13,249.67,230.11,672.44,1,-1,-1,-1
501,1146,530.16,320.26,220.71,504.93,1,-1,-1,-1
502,1146,528.38,314.05,223.45,514.75,1,-1,-1,-1
503,1146,527.94,311.74,223.65,518.49,1,-1,-1,-1
504,1146,528.03,310.99,222.94,519.79,1,-1,-1,-1
505,1146,607.08,339.20,197.79,458.28,1,-1,-1,-1
506,1146,636.35,342.62,195.76,457.15,1,-1,-1,-1
507,1146,646.82,343.81,194.20,456.76,1,-1,-1,-1
508,1146,650.78,344.28,192.88,456.64,1,-1,-1,-1
509,1146,652.06,324.81,196.06,473.68,1,-1,-1,-1
509,1149,502.53,259.51,230.36,645.27,1,-1,-1,-1
510,1146,660.93,322.23,196.47,474.65,1,-1,-1,-1
510,1149,524.12,261.23,231.61,648.77,1,-1,-1,-1
513,1149,539.21,256.99,242.31,640.03,1,-1,-1,-1
514,1149,607.41,287.81,223.30,584.97,1,-1,-1,-1
515,1149,635.45,291.92,214.66,575.44,1,-1,-1,-1
516,1149,645.92,293.27,209.27,572.24,1,-1,-1,-1
517,1149,649.28,270.23,220.11,609.33,1,-1,-1,-1
518,1149,654.99,259.88,224.34,625.45,1,-1,-1,-1
519,1149,656.86,255.83,225.18,631.71,1,-1,-1,-1
520,1149,657.29,254.29,224.77,634.05,1,-1,-1,-1
521,1149,664.17,272.64,214.64,607.49,1,-1,-1,-1
522,1149,666.28,279.76,210.35,597.13,1,-1,-1,-1
523,1149,666.82,282.36,208.46,593.33,1,-1,-1,-1
524,1149,666.79,283.28,207.48,591.96,1,-1,-1,-1
525,1149,677.02,284.70,206.97,590.50,1,-1,-1,-1
