1,15528,80.53,129.81,85.49,226.67,1,-1,-1,-1
1,15531,155.97,152.58,59.24,188.52,1,-1,-1,-1
1,15534,230.88,161.84,37.24,132.83,1,-1,-1,-1
1,15535,379.20,115.08,101.84,263.70,1,-1,-1,-1
1,15537,289.65,187.71,34.84,112.14,1,-1,-1,-1
1,15538,249.00,188.00,58.00,127.00,1,-1,-1,-1
1,15539,59.00,203.00,43.00,131.00,1,-1,-1,-1
2,15537,293.46,191.25,34.35,110.49,1,-1,-1,-1
2,15538,249.31,188.00,54.80,120.14,1,-1,-1,-1
2,15539,59.99,204.71,42.73,130.14,1,-1,-1,-1
2,15540,176.00,195.00,22.00,115.00,1,-1,-1,-1
3,15537,294.07,193.57,33.84,109.21,1,-1,-1,-1
3,15538,252.96,194.91,50.14,109.79,1,-1,-1,-1
3,15539,61.52,211.77,39.96,121.72,1,-1,-1,-1
3,15540,177.44,200.14,20.84,108.14,1,-1,-1,-1
3,15541,39.00,203.00,46.00,134.00,1,-1,-1,-1
4,15537,295.23,192.63,34.45,111.76,1,-1,-1,-1
4,15538,254.27,195.50,49.17,107.45,1,-1,-1,-1
4,15539,42.63,204.09,43.24,132.01,1,-1,-1,-1
4,15540,176.35,200.23,21.00,107.77,1,-1,-1,-1
5,15537,296.62,194.99,34.46,111.79,1,-1,-1,-1
5,15538,254.13,194.82,49.16,107.70,1,-1,-1,-1
5,15539,37.00,203.39,43.66,133.30,1,-1,-1,-1
5,15540,173.53,196.45,22.22,112.99,1,-1,-1,-1
6,15538,254.08,194.53,49.12,107.93,1,-1,-1,-1
6,15540,172.53,195.18,22.81,114.73,1,-1,-1,-1
7,15537,305.02,194.66,36.27,117.29,1,-1,-1,-1
7,15538,255.74,192.97,52.07,115.17,1,-1,-1,-1
7,15540,168.33,197.57,23.11,114.60,1,-1,-1,-1
7,15542,225.00,209.00,20.00,77.00,1,-1,-1,-1
8,15537,308.26,196.08,35.18,113.93,1,-1,-1,-1
8,15538,257.30,192.42,53.80,119.73,1,-1,-1,-1
8,15540,167.38,199.86,23.55,113.79,1,-1,-1,-1
8,15542,223.06,211.57,19.58,75.29,1,-1,-1,-1
9,15537,311.66,197.88,34.21,110.69,1,-1,-1,-1
9,15538,261.70,194.19,50.76,113.50,1,-1,-1,-1
9,15540,165.94,200.07,23.69,114.44,1,-1,-1,-1
9,15542,221.13,211.24,20.47,78.79,1,-1,-1,-1
9,15543,372.00,216.00,22.00,63.00,1,-1,-1,-1
10,15537,311.75,197.13,33.95,109.50,1,-1,-1,-1
10,15538,264.00,194.18,48.92,110.34,1,-1,-1,-1
10,15542,219.07,210.38,20.74,79.94,1,-1,-1,-1
10,15543,372.11,213.43,22.64,64.71,1,-1,-1,-1
11,15537,312.63,196.14,34.00,109.07,1,-1,-1,-1
11,15538,264.47,190.10,50.92,115.99,1,-1,-1,-1
11,15542,218.05,212.21,20.10,77.43,1,-1,-1,-1
11,15543,371.26,212.26,23.00,65.74,1,-1,-1,-1
12,15537,312.34,194.39,37.09,118.91,1,-1,-1,-1
12,15538,265.58,190.61,51.68,119.98,1,-1,-1,-1
12,15542,216.87,212.55,20.15,77.61,1,-1,-1,-1
12,15543,370.99,211.58,23.19,66.27,1,-1,-1,-1
13,15537,313.50,193.12,38.23,121.84,1,-1,-1,-1
13,15538,266.80,190.47,51.93,120.56,1,-1,-1,-1
14,15537,313.82,192.58,38.80,122.97,1,-1,-1,-1
15,15537,313.82,192.35,39.12,123.37,1,-1,-1,-1
16,15537,313.72,192.25,39.34,123.49,1,-1,-1,-1
17,15537,313.58,192.20,39.51,123.50,1,-1,-1,-1
18,15537,313.44,192.17,39.66,123.48,1,-1,-1,-1
19,15537,315.82,191.50,39.32,123.44,1,-1,-1,-1
19,15540,111.36,163.96,38.96,179.53,1,-1,-1,-1
19,15543,372.11,215.80,22.69,64.13,1,-1,-1,-1
20,15537,318.42,193.84,37.03,117.54,1,-1,-1,-1
20,15540,98.95,168.98,39.57,169.75,1,-1,-1,-1
20,15543,370.79,212.41,23.98,67.62,1,-1,-1,-1
21,15537,319.76,190.09,36.67,116.56,1,-1,-1,-1
21,15538,266.76,184.24,53.41,126.92,1,-1,-1,-1
21,15540,89.51,162.53,43.72,184.07,1,-1,-1,-1
21,15543,370.68,212.23,24.10,67.95,1,-1,-1,-1
22,15537,320.23,188.71,36.51,116.20,1,-1,-1,-1
22,15538,267.10,183.92,52.52,127.20,1,-1,-1,-1
22,15540,85.74,160.11,45.70,189.43,1,-1,-1,-1
23,15537,320.38,188.19,36.42,116.06,1,-1,-1,-1
23,15538,267.46,183.81,51.75,127.30,1,-1,-1,-1
23,15540,84.20,159.19,46.79,191.48,1,-1,-1,-1
24,15537,320.40,188.00,36.37,116.01,1,-1,-1,-1
24,15538,267.77,183.78,51.08,127.32,1,-1,-1,-1
24,15540,83.58,158.90,47.47,192.16,1,-1,-1,-1
25,15537,320.31,190.56,36.49,117.30,1,-1,-1,-1
25,15538,268.17,183.38,51.31,127.89,1,-1,-1,-1
25,15540,60.51,161.37,51.14,187.87,1,-1,-1,-1
25,15542,177.26,199.20,26.96,106.69,1,-1,-1,-1
26,15537,321.82,190.22,36.63,119.75,1,-1,-1,-1
26,15540,45.10,151.51,59.75,208.51,1,-1,-1,-1
26,15542,173.09,199.41,26.93,106.33,1,-1,-1,-1
27,15537,321.40,191.39,36.05,118.08,1,-1,-1,-1
27,15540,28.62,144.74,64.60,214.97,1,-1,-1,-1
27,15542,167.99,199.53,27.58,108.01,1,-1,-1,-1
27,15544,209.00,199.00,38.00,106.00,1,-1,-1,-1
28,15537,321.64,188.56,36.88,122.00,1,-1,-1,-1
28,15540,13.85,139.54,69.17,226.22,1,-1,-1,-1
28,15542,165.08,198.89,28.01,109.70,1,-1,-1,-1
29,15537,321.82,187.51,37.00,123.46,1,-1,-1,-1
29,15540,7.82,137.53,71.58,230.57,1,-1,-1,-1
30,15537,321.95,187.10,36.86,124.01,1,-1,-1,-1
30,15540,5.36,136.81,73.03,232.15,1,-1,-1,-1
31,15537,321.75,184.36,37.90,128.74,1,-1,-1,-1
31,15538,267.43,181.00,52.59,136.62,1,-1,-1,-1
31,15540,-1.34,134.20,74.61,237.16,1,-1,-1,-1
31,15542,151.34,198.70,29.94,112.41,1,-1,-1,-1
32,15537,321.77,183.33,38.09,130.52,1,-1,-1,-1
32,15538,268.12,180.87,51.10,137.18,1,-1,-1,-1
32,15542,149.29,198.72,30.98,112.64,1,-1,-1,-1
33,15537,321.85,182.94,37.97,131.18,1,-1,-1,-1
33,15538,268.74,180.82,49.83,137.38,1,-1,-1,-1
33,15542,148.32,198.73,31.80,112.74,1,-1,-1,-1
34,15537,321.94,182.81,37.76,131.40,1,-1,-1,-1
34,15538,269.27,180.81,48.75,137.43,1,-1,-1,-1
34,15542,147.85,198.74,32.46,112.74,1,-1,-1,-1
35,15537,322.04,182.77,37.52,131.46,1,-1,-1,-1
35,15538,269.71,180.82,47.83,137.43,1,-1,-1,-1
35,15542,147.61,198.76,33.00,112.71,1,-1,-1,-1
36,15537,322.13,182.77,37.29,131.46,1,-1,-1,-1
36,15538,270.09,180.83,47.05,137.40,1,-1,-1,-1
36,15542,147.46,198.78,33.46,112.65,1,-1,-1,-1
37,15537,318.77,187.97,36.17,126.89,1,-1,-1,-1
37,15538,268.17,187.35,44.36,126.97,1,-1,-1,-1
37,15542,129.32,200.09,33.69,111.95,1,-1,-1,-1
38,15537,316.48,188.68,35.73,125.09,1,-1,-1,-1
38,15538,264.04,181.18,47.39,135.61,1,-1,-1,-1
38,15542,117.35,196.71,35.51,118.14,1,-1,-1,-1
39,15537,315.61,188.94,35.59,124.42,1,-1,-1,-1
39,15538,262.59,179.04,48.45,138.62,1,-1,-1,-1
39,15542,112.92,195.45,36.17,120.45,1,-1,-1,-1
40,15537,315.28,189.03,35.57,124.16,1,-1,-1,-1
40,15538,262.04,178.20,48.86,139.78,1,-1,-1,-1
40,15542,111.33,194.96,36.39,121.32,1,-1,-1,-1
41,15537,315.15,189.06,35.58,124.06,1,-1,-1,-1
41,15538,261.84,177.90,49.02,140.20,1,-1,-1,-1
41,15542,110.86,194.79,36.45,121.61,1,-1,-1,-1
42,15537,315.09,189.07,35.61,124.03,1,-1,-1,-1
42,15538,261.78,177.80,49.07,140.34,1,-1,-1,-1
42,15542,110.82,194.74,36.44,121.68,1,-1,-1,-1
43,15537,316.90,190.37,33.95,117.47,1,-1,-1,-1
43,15538,266.11,183.62,46.25,133.88,1,-1,-1,-1
43,15542,95.87,203.79,37.44,122.96,1,-1,-1,-1
44,15537,317.44,190.20,34.30,119.63,1,-1,-1,-1
44,15538,266.84,179.93,48.40,139.95,1,-1,-1,-1
44,15542,87.54,184.05,43.88,146.62,1,-1,-1,-1
45,15537,316.99,191.45,33.11,116.49,1,-1,-1,-1
45,15538,268.80,182.46,45.80,132.49,1,-1,-1,-1
45,15542,82.78,182.70,44.79,149.67,1,-1,-1,-1
45,15545,168.00,170.00,29.00,114.00,1,-1,-1,-1
46,15537,316.88,191.91,32.52,115.30,1,-1,-1,-1
46,15538,269.58,183.48,44.73,129.48,1,-1,-1,-1
46,15545,168.00,170.00,29.00,114.00,1,-1,-1,-1
47,15537,316.91,192.08,32.17,114.88,1,-1,-1,-1
47,15538,269.87,183.85,44.33,128.38,1,-1,-1,-1
47,15545,168.00,170.00,29.00,114.00,1,-1,-1,-1
48,15537,316.99,192.13,31.92,114.74,1,-1,-1,-1
48,15538,269.98,183.99,44.18,127.99,1,-1,-1,-1
48,15545,168.00,170.00,29.00,114.00,1,-1,-1,-1
49,15537,317.70,192.79,33.10,117.34,1,-1,-1,-1
49,15538,270.97,185.35,42.85,126.54,1,-1,-1,-1
49,15545,162.69,163.48,31.65,123.42,1,-1,-1,-1
50,15537,317.84,193.04,33.80,118.33,1,-1,-1,-1
50,15538,271.55,185.86,41.93,126.01,1,-1,-1,-1
50,15545,160.79,161.27,32.75,126.61,1,-1,-1,-1
51,15537,317.78,193.12,34.29,118.71,1,-1,-1,-1
51,15538,271.96,186.04,41.21,125.83,1,-1,-1,-1
51,15545,160.04,160.52,33.33,127.70,1,-1,-1,-1
52,15537,317.66,193.14,34.68,118.86,1,-1,-1,-1
52,15538,272.28,186.10,40.59,125.77,1,-1,-1,-1
52,15545,159.72,160.32,33.72,127.99,1,-1,-1,-1
53,15537,317.52,193.14,35.01,118.92,1,-1,-1,-1
53,15538,272.55,186.12,40.05,125.77,1,-1,-1,-1
53,15545,159.55,160.31,34.04,128.00,1,-1,-1,-1
54,15537,317.38,193.13,35.30,118.95,1,-1,-1,-1
54,15538,272.78,186.11,39.56,125.78,1,-1,-1,-1
54,15545,159.44,160.36,34.33,127.93,1,-1,-1,-1
55,15537,313.27,189.20,37.64,126.80,1,-1,-1,-1
55,15538,279.98,188.07,38.92,122.52,1,-1,-1,-1
55,15545,158.59,159.30,34.75,129.46,1,-1,-1,-1
56,15537,311.74,187.74,38.51,129.71,1,-1,-1,-1
56,15538,282.61,188.81,38.87,121.30,1,-1,-1,-1
57,15537,312.11,188.45,37.57,123.78,1,-1,-1,-1
57,15538,285.39,192.37,37.17,113.61,1,-1,-1,-1
58,15537,312.22,188.09,37.97,124.02,1,-1,-1,-1
58,15538,284.51,188.98,39.64,120.17,1,-1,-1,-1
58,15546,15.00,72.00,122.00,344.00,1,-1,-1,-1
59,15537,311.47,187.96,39.04,127.37,1,-1,-1,-1
59,15538,285.31,189.74,40.23,120.52,1,-1,-1,-1
59,15542,8.16,80.92,105.55,344.65,1,-1,-1,-1
60,15537,312.39,188.56,39.63,129.26,1,-1,-1,-1
60,15538,282.55,190.02,41.28,124.60,1,-1,-1,-1
60,15542,-0.19,61.78,110.23,376.35,1,-1,-1,-1
61,15537,314.37,190.74,39.22,126.75,1,-1,-1,-1
61,15538,281.92,193.36,40.17,119.03,1,-1,-1,-1
61,15542,-6.30,42.29,116.64,411.61,1,-1,-1,-1
62,15537,314.94,188.32,40.76,132.28,1,-1,-1,-1
62,15538,281.93,190.00,42.47,124.14,1,-1,-1,-1
62,15542,-11.56,36.09,119.98,423.41,1,-1,-1,-1
63,15537,314.66,184.86,42.31,136.25,1,-1,-1,-1
63,15538,281.76,188.14,44.28,127.92,1,-1,-1,-1
63,15547,387.00,206.00,41.00,84.00,1,-1,-1,-1
64,15537,315.15,185.44,41.71,133.28,1,-1,-1,-1
64,15538,281.73,186.13,44.88,128.09,1,-1,-1,-1
65,15537,315.27,186.99,41.60,132.72,1,-1,-1,-1
65,15538,283.06,186.65,44.33,126.20,1,-1,-1,-1
66,15537,317.31,188.88,40.80,129.88,1,-1,-1,-1
66,15538,283.90,187.50,44.08,124.81,1,-1,-1,-1
66,15545,131.21,213.96,17.36,60.63,1,-1,-1,-1
67,15537,319.56,189.61,40.18,127.46,1,-1,-1,-1
67,15538,284.50,187.51,44.08,124.81,1,-1,-1,-1
67,15545,128.15,214.29,17.80,59.70,1,-1,-1,-1
68,15537,320.36,189.88,40.01,126.54,1,-1,-1,-1
68,15545,127.30,214.75,18.16,59.07,1,-1,-1,-1
69,15537,320.61,189.99,40.01,126.20,1,-1,-1,-1
69,15545,126.99,214.77,18.59,59.03,1,-1,-1,-1
70,15537,320.66,190.02,40.07,126.07,1,-1,-1,-1
70,15545,126.86,214.67,19.00,59.15,1,-1,-1,-1
71,15537,320.64,190.03,40.14,126.02,1,-1,-1,-1
71,15545,126.77,214.56,19.35,59.29,1,-1,-1,-1
72,15537,320.60,190.03,40.22,126.00,1,-1,-1,-1
72,15545,126.71,214.47,19.66,59.40,1,-1,-1,-1
73,15537,327.42,186.11,42.89,136.46,1,-1,-1,-1
73,15538,288.32,189.84,45.25,124.99,1,-1,-1,-1
73,15545,128.66,217.81,18.61,54.72,1,-1,-1,-1
74,15537,332.29,192.90,39.81,127.00,1,-1,-1,-1
74,15538,288.82,193.43,45.42,122.94,1,-1,-1,-1
74,15545,128.73,218.29,18.25,53.05,1,-1,-1,-1
75,15537,334.24,195.72,38.48,123.04,1,-1,-1,-1
75,15538,288.78,194.62,45.91,122.27,1,-1,-1,-1
75,15545,128.70,218.42,18.25,52.53,1,-1,-1,-1
76,15537,334.95,196.74,37.95,121.59,1,-1,-1,-1
76,15538,288.57,195.04,46.43,122.02,1,-1,-1,-1
76,15545,128.65,218.43,18.37,52.40,1,-1,-1,-1
77,15537,335.19,197.10,37.71,121.07,1,-1,-1,-1
77,15538,288.33,195.19,46.92,121.94,1,-1,-1,-1
77,15545,128.59,218.40,18.51,52.40,1,-1,-1,-1
78,15537,335.26,197.22,37.59,120.88,1,-1,-1,-1
78,15538,288.10,195.23,47.36,121.91,1,-1,-1,-1
78,15545,128.54,218.36,18.65,52.45,1,-1,-1,-1
79,15537,341.15,193.31,39.55,127.40,1,-1,-1,-1
79,15538,292.01,193.92,46.03,119.94,1,-1,-1,-1
79,15545,129.72,217.66,18.98,52.50,1,-1,-1,-1
79,15548,244.00,226.00,25.00,52.00,1,-1,-1,-1
80,15537,343.34,191.85,40.23,129.81,1,-1,-1,-1
80,15538,293.62,193.40,45.25,119.20,1,-1,-1,-1
80,15545,130.08,217.37,19.28,52.55,1,-1,-1,-1
80,15548,244.00,226.00,25.00,52.00,1,-1,-1,-1
81,15537,344.15,191.28,40.47,130.75,1,-1,-1,-1
81,15538,294.31,193.20,44.72,118.94,1,-1,-1,-1
81,15545,130.14,217.25,19.54,52.60,1,-1,-1,-1
81,15548,244.00,226.00,25.00,52.00,1,-1,-1,-1
82,15537,344.43,191.06,40.52,131.09,1,-1,-1,-1
82,15538,294.66,193.12,44.31,118.85,1,-1,-1,-1
82,15545,130.09,217.20,19.78,52.64,1,-1,-1,-1
82,15548,244.00,226.00,25.00,52.00,1,-1,-1,-1
83,15537,344.50,190.98,40.51,131.21,1,-1,-1,-1
83,15538,294.86,193.09,43.96,118.83,1,-1,-1,-1
83,15545,130.01,217.17,20.00,52.68,1,-1,-1,-1
83,15548,244.00,226.00,25.00,52.00,1,-1,-1,-1
84,15537,344.50,190.95,40.48,131.23,1,-1,-1,-1
84,15538,295.00,193.07,43.66,118.83,1,-1,-1,-1
84,15545,129.92,217.14,20.19,52.71,1,-1,-1,-1
84,15548,244.00,226.00,25.00,52.00,1,-1,-1,-1
85,15537,354.76,209.16,34.82,112.37,1,-1,-1,-1
85,15538,296.96,188.48,48.87,132.60,1,-1,-1,-1
85,15545,128.37,217.13,21.32,55.37,1,-1,-1,-1
85,15548,244.00,226.00,25.00,52.00,1,-1,-1,-1
85,15549,412.00,199.00,36.00,110.00,1,-1,-1,-1
85,15550,223.00,229.00,23.00,53.00,1,-1,-1,-1
85,15551,183.00,223.00,17.00,57.00,1,-1,-1,-1
86,15537,362.31,205.35,34.39,108.97,1,-1,-1,-1
86,15538,296.27,183.66,53.59,145.16,1,-1,-1,-1
86,15545,128.29,220.99,20.74,52.49,1,-1,-1,-1
86,15549,411.86,200.71,36.27,110.86,1,-1,-1,-1
86,15550,220.58,223.86,26.98,62.43,1,-1,-1,-1
86,15551,182.04,221.29,19.77,66.43,1,-1,-1,-1
87,15537,362.51,197.33,37.52,117.28,1,-1,-1,-1
87,15538,295.26,181.74,55.04,148.92,1,-1,-1,-1
87,15542,401.35,191.70,37.60,127.97,1,-1,-1,-1
87,15545,127.65,221.84,21.08,52.03,1,-1,-1,-1
87,15550,219.00,223.00,28.60,66.80,1,-1,-1,-1
87,15551,181.78,224.51,19.03,63.78,1,-1,-1,-1
88,15537,361.26,193.23,39.34,122.78,1,-1,-1,-1
88,15538,295.78,182.88,53.66,144.04,1,-1,-1,-1
88,15542,412.46,196.04,34.30,116.01,1,-1,-1,-1
88,15545,125.48,218.84,22.44,55.17,1,-1,-1,-1
88,15550,216.63,217.87,30.67,72.54,1,-1,-1,-1
88,15551,180.29,221.40,19.30,64.76,1,-1,-1,-1
89,15537,360.91,185.19,42.84,134.59,1,-1,-1,-1
89,15538,297.30,184.67,52.36,139.40,1,-1,-1,-1
89,15542,415.66,196.77,33.97,111.89,1,-1,-1,-1
89,15545,123.70,218.38,22.35,55.03,1,-1,-1,-1
89,15550,216.47,218.00,30.00,71.90,1,-1,-1,-1
89,15551,179.22,223.87,17.69,58.68,1,-1,-1,-1
90,15537,360.84,182.12,44.00,139.10,1,-1,-1,-1
90,15538,297.75,185.37,52.06,137.58,1,-1,-1,-1
90,15542,415.29,196.60,34.50,111.61,1,-1,-1,-1
90,15545,123.02,218.19,22.29,54.98,1,-1,-1,-1
90,15550,216.64,218.19,29.36,71.40,1,-1,-1,-1
90,15551,178.82,224.79,17.24,56.44,1,-1,-1,-1
91,15537,361.37,180.29,45.74,144.06,1,-1,-1,-1
91,15538,298.19,184.35,52.01,135.57,1,-1,-1,-1
91,15542,415.68,191.79,36.92,118.79,1,-1,-1,-1
91,15545,122.61,218.32,22.26,54.90,1,-1,-1,-1
91,15550,215.76,216.95,30.17,73.39,1,-1,-1,-1
91,15551,178.25,225.25,16.85,55.17,1,-1,-1,-1
92,15537,361.49,179.61,46.50,145.96,1,-1,-1,-1
92,15538,298.16,183.97,52.34,134.78,1,-1,-1,-1
92,15542,415.65,190.28,37.78,121.10,1,-1,-1,-1
93,15537,361.45,179.39,46.86,146.64,1,-1,-1,-1
93,15538,297.96,183.84,52.79,134.46,1,-1,-1,-1
93,15542,415.44,189.79,38.16,121.92,1,-1,-1,-1
94,15537,361.35,179.34,47.06,146.86,1,-1,-1,-1
94,15538,297.72,183.80,53.26,134.32,1,-1,-1,-1
94,15542,415.23,189.66,38.35,122.18,1,-1,-1,-1
95,15537,361.24,179.36,47.19,146.89,1,-1,-1,-1
95,15538,297.47,183.80,53.70,134.26,1,-1,-1,-1
95,15542,415.05,189.65,38.45,122.25,1,-1,-1,-1
96,15537,361.14,179.40,47.28,146.85,1,-1,-1,-1
96,15538,297.24,183.81,54.10,134.22,1,-1,-1,-1
96,15542,414.91,189.67,38.52,122.25,1,-1,-1,-1
97,15537,365.63,178.15,45.28,140.98,1,-1,-1,-1
97,15538,304.62,178.61,54.96,136.15,1,-1,-1,-1
97,15542,415.92,189.12,38.66,122.69,1,-1,-1,-1
97,15545,120.39,209.64,21.24,51.22,1,-1,-1,-1
98,15537,367.35,177.71,44.43,138.64,1,-1,-1,-1
98,15538,307.37,176.65,55.31,136.87,1,-1,-1,-1
98,15545,120.11,209.03,21.52,50.97,1,-1,-1,-1
99,15537,367.98,177.58,44.06,137.75,1,-1,-1,-1
99,15538,308.38,175.93,55.48,137.13,1,-1,-1,-1
99,15545,119.92,208.83,21.79,50.89,1,-1,-1,-1
100,15537,368.20,177.55,43.87,137.40,1,-1,-1,-1
100,15538,308.70,175.68,55.57,137.21,1,-1,-1,-1
100,15545,119.79,208.77,22.03,50.87,1,-1,-1,-1
101,15537,368.26,177.57,43.75,137.25,1,-1,-1,-1
101,15538,308.78,175.61,55.63,137.23,1,-1,-1,-1
101,15545,119.69,208.76,22.25,50.87,1,-1,-1,-1
102,15537,368.27,177.60,43.67,137.19,1,-1,-1,-1
102,15538,308.76,175.61,55.67,137.22,1,-1,-1,-1
102,15545,119.61,208.78,22.44,50.88,1,-1,-1,-1
103,15537,370.59,179.60,37.63,115.59,1,-1,-1,-1
103,15538,309.96,176.94,49.29,119.61,1,-1,-1,-1
103,15545,119.38,208.40,22.35,50.67,1,-1,-1,-1
104,15537,367.98,178.36,43.48,131.43,1,-1,-1,-1
104,15538,305.96,176.83,52.79,127.75,1,-1,-1,-1
105,15537,364.81,177.31,45.02,135.03,1,-1,-1,-1
105,15538,306.45,176.38,52.68,127.48,1,-1,-1,-1
106,15537,363.40,176.92,45.82,136.48,1,-1,-1,-1
107,15537,362.76,176.78,46.29,137.02,1,-1,-1,-1
108,15537,362.43,176.75,46.61,137.21,1,-1,-1,-1
109,15537,356.84,178.05,46.58,135.96,1,-1,-1,-1
109,15538,293.34,188.56,49.70,119.69,1,-1,-1,-1
109,15550,161.08,196.96,39.27,96.22,1,-1,-1,-1
110,15537,353.29,175.30,47.44,138.73,1,-1,-1,-1
110,15538,291.66,187.67,49.47,120.36,1,-1,-1,-1
110,15550,149.10,199.49,38.15,96.47,1,-1,-1,-1
110,15551,90.14,201.06,29.98,94.88,1,-1,-1,-1
111,15537,353.75,176.86,46.77,136.53,1,-1,-1,-1
111,15538,295.34,183.44,52.17,127.84,1,-1,-1,-1
111,15550,145.10,196.25,39.17,103.16,1,-1,-1,-1
111,15551,86.37,202.07,31.01,96.83,1,-1,-1,-1
112,15537,353.94,177.49,46.54,135.65,1,-1,-1,-1
112,15538,296.78,181.90,52.97,130.55,1,-1,-1,-1
112,15550,144.01,195.06,38.81,105.61,1,-1,-1,-1
112,15551,84.91,202.82,31.57,97.63,1,-1,-1,-1
113,15537,354.01,177.74,46.49,135.31,1,-1,-1,-1
113,15538,297.44,181.29,53.12,131.62,1,-1,-1,-1
113,15550,143.98,194.63,38.10,106.52,1,-1,-1,-1
113,15551,84.41,203.17,31.89,97.90,1,-1,-1,-1
114,15537,354.03,177.84,46.50,135.17,1,-1,-1,-1
114,15538,297.77,181.06,53.04,132.01,1,-1,-1,-1
114,15550,144.31,194.50,37.35,106.81,1,-1,-1,-1
114,15551,84.25,203.33,32.10,97.97,1,-1,-1,-1
115,15537,353.00,175.92,46.64,137.08,1,-1,-1,-1
115,15538,296.91,179.67,54.35,137.35,1,-1,-1,-1
115,15550,136.66,188.68,41.19,114.61,1,-1,-1,-1
115,15551,71.45,195.86,34.51,104.26,1,-1,-1,-1
115,15552,167.00,198.00,39.00,106.00,1,-1,-1,-1
115,15553,241.00,199.00,31.00,95.00,1,-1,-1,-1
116,15537,351.93,177.80,46.79,139.09,1,-1,-1,-1
116,15538,296.92,181.08,54.17,138.71,1,-1,-1,-1
116,15542,241.82,199.79,31.26,97.33,1,-1,-1,-1
116,15550,133.45,185.86,43.31,119.43,1,-1,-1,-1
116,15551,64.12,193.62,35.99,108.52,1,-1,-1,-1
117,15537,354.27,185.01,43.30,128.83,1,-1,-1,-1
117,15538,298.06,184.86,51.83,134.70,1,-1,-1,-1
117,15542,238.06,203.11,31.26,96.82,1,-1,-1,-1
117,15550,122.27,187.93,42.66,119.40,1,-1,-1,-1
117,15551,55.60,192.13,36.09,109.56,1,-1,-1,-1
118,15537,355.24,187.85,41.90,124.77,1,-1,-1,-1
118,15538,298.70,186.33,50.53,133.10,1,-1,-1,-1
118,15542,236.51,203.93,31.31,96.61,1,-1,-1,-1
118,15550,118.08,188.82,42.06,119.29,1,-1,-1,-1
118,15551,52.38,191.58,36.00,109.91,1,-1,-1,-1
119,15537,355.60,188.86,41.39,123.32,1,-1,-1,-1
119,15538,299.12,186.88,49.69,132.49,1,-1,-1,-1
119,15542,236.17,204.21,31.38,96.57,1,-1,-1,-1
119,15550,116.70,189.20,41.54,119.18,1,-1,-1,-1
119,15551,51.29,191.39,35.84,110.00,1,-1,-1,-1
120,15537,355.75,189.21,41.19,122.81,1,-1,-1,-1
120,15538,299.44,187.08,49.06,132.25,1,-1,-1,-1
120,15542,236.30,204.28,31.46,96.59,1,-1,-1,-1
120,15550,116.40,189.38,41.07,119.08,1,-1,-1,-1
120,15551,51.03,191.35,35.68,109.99,1,-1,-1,-1
121,15537,344.57,186.67,43.77,130.58,1,-1,-1,-1
121,15538,291.41,184.53,50.76,136.72,1,-1,-1,-1
121,15542,223.62,199.59,35.31,111.36,1,-1,-1,-1
121,15550,99.55,187.54,46.19,133.82,1,-1,-1,-1
121,15551,46.94,190.25,36.20,111.60,1,-1,-1,-1
121,15554,14.00,188.00,45.00,139.00,1,-1,-1,-1
121,15555,148.00,215.00,31.00,108.00,1,-1,-1,-1
122,15537,335.62,185.73,44.14,132.79,1,-1,-1,-1
122,15538,281.58,182.92,51.51,138.39,1,-1,-1,-1
122,15542,213.26,197.30,36.90,118.51,1,-1,-1,-1
122,15550,85.81,182.52,49.38,143.64,1,-1,-1,-1
122,15556,493.00,176.00,33.00,153.00,1,-1,-1,-1
123,15537,332.25,185.35,44.10,133.66,1,-1,-1,-1
123,15538,277.76,182.30,51.87,139.02,1,-1,-1,-1
123,15542,209.43,196.37,37.21,121.39,1,-1,-1,-1
123,15550,80.37,180.49,50.55,147.58,1,-1,-1,-1
123,15556,493.00,176.00,33.00,153.00,1,-1,-1,-1
124,15537,331.11,185.19,43.90,133.98,1,-1,-1,-1
124,15538,276.31,182.06,52.06,139.24,1,-1,-1,-1
124,15542,208.29,196.00,37.04,122.47,1,-1,-1,-1
124,15550,78.39,179.70,50.89,149.07,1,-1,-1,-1
124,15556,493.00,176.00,33.00,153.00,1,-1,-1,-1
125,15537,330.82,185.13,43.66,134.10,1,-1,-1,-1
125,15538,275.78,181.97,52.18,139.30,1,-1,-1,-1
125,15542,208.18,195.87,36.71,122.83,1,-1,-1,-1
125,15550,77.81,179.43,50.91,149.56,1,-1,-1,-1
125,15556,493.00,176.00,33.00,153.00,1,-1,-1,-1
126,15537,330.85,185.10,43.42,134.13,1,-1,-1,-1
126,15538,275.61,181.95,52.28,139.31,1,-1,-1,-1
126,15542,208.43,195.83,36.36,122.91,1,-1,-1,-1
126,15550,77.76,179.36,50.80,149.66,1,-1,-1,-1
126,15556,493.00,176.00,33.00,153.00,1,-1,-1,-1
127,15537,317.42,181.82,44.28,138.04,1,-1,-1,-1
127,15538,259.70,178.69,53.53,143.85,1,-1,-1,-1
127,15542,190.90,193.89,37.58,128.70,1,-1,-1,-1
127,15550,81.06,199.19,45.65,134.90,1,-1,-1,-1
127,15556,493.00,176.00,33.00,153.00,1,-1,-1,-1
128,15537,312.53,176.72,45.00,142.09,1,-1,-1,-1
128,15538,254.19,176.82,54.37,148.11,1,-1,-1,-1
128,15542,184.62,193.16,38.09,130.87,1,-1,-1,-1
128,15550,81.07,202.53,46.07,138.15,1,-1,-1,-1
128,15557,68.00,204.00,43.00,137.00,1,-1,-1,-1
128,15558,10.00,160.00,68.00,179.00,1,-1,-1,-1
129,15537,308.86,176.69,45.13,144.27,1,-1,-1,-1
129,15538,253.04,177.39,52.89,145.25,1,-1,-1,-1
129,15542,182.52,190.97,38.57,133.57,1,-1,-1,-1
129,15550,77.53,203.17,46.63,139.83,1,-1,-1,-1
129,15558,7.71,158.29,70.01,184.14,1,-1,-1,-1
129,15559,583.00,219.00,36.00,113.00,1,-1,-1,-1
129,15560,172.00,184.00,38.00,145.00,1,-1,-1,-1
130,15537,307.42,179.27,42.81,137.37,1,-1,-1,-1
130,15538,253.41,174.38,53.51,149.29,1,-1,-1,-1
130,15542,170.43,180.55,44.36,153.74,1,-1,-1,-1
131,15537,306.80,178.34,42.98,137.90,1,-1,-1,-1
131,15538,251.48,171.34,54.76,155.92,1,-1,-1,-1
131,15542,164.50,177.24,46.13,160.12,1,-1,-1,-1
131,15550,64.54,213.98,42.54,126.54,1,-1,-1,-1
131,15561,188.00,191.00,33.00,133.00,1,-1,-1,-1
132,15537,306.37,176.69,43.55,140.05,1,-1,-1,-1
132,15538,250.95,169.54,53.65,155.26,1,-1,-1,-1
132,15542,163.98,180.90,44.69,153.91,1,-1,-1,-1
132,15550,60.53,215.38,42.66,126.89,1,-1,-1,-1
133,15537,306.10,178.03,42.82,138.90,1,-1,-1,-1
133,15538,252.01,173.39,51.52,149.77,1,-1,-1,-1
133,15542,158.13,179.73,45.55,156.90,1,-1,-1,-1
134,15537,306.19,178.56,42.34,138.44,1,-1,-1,-1
134,15538,252.58,174.91,50.55,147.59,1,-1,-1,-1
135,15537,306.38,178.77,41.98,138.26,1,-1,-1,-1
135,15538,252.91,175.50,50.07,146.75,1,-1,-1,-1
136,15537,306.60,178.85,41.68,138.18,1,-1,-1,-1
136,15538,253.15,175.73,49.78,146.42,1,-1,-1,-1
137,15537,306.82,178.89,41.42,138.14,1,-1,-1,-1
137,15538,253.33,175.82,49.58,146.28,1,-1,-1,-1
138,15537,307.02,178.91,41.18,138.12,1,-1,-1,-1
138,15538,253.50,175.87,49.41,146.21,1,-1,-1,-1
139,15537,306.71,176.97,41.98,142.02,1,-1,-1,-1
139,15538,250.46,171.97,51.07,152.71,1,-1,-1,-1
139,15542,138.97,174.81,58.46,191.49,1,-1,-1,-1
140,15537,306.72,176.24,42.07,143.48,1,-1,-1,-1
140,15538,249.49,170.52,51.39,155.13,1,-1,-1,-1
140,15542,137.14,174.57,61.48,193.87,1,-1,-1,-1
141,15537,306.86,175.97,41.92,144.03,1,-1,-1,-1
141,15538,249.30,169.97,51.25,156.05,1,-1,-1,-1
141,15542,135.96,174.48,63.63,194.73,1,-1,-1,-1
142,15537,307.04,175.87,41.70,144.22,1,-1,-1,-1
142,15538,249.39,169.78,50.95,156.37,1,-1,-1,-1
142,15542,135.20,174.47,65.27,194.97,1,-1,-1,-1
143,15537,307.21,175.85,41.46,144.27,1,-1,-1,-1
143,15538,249.57,169.72,50.61,156.46,1,-1,-1,-1
143,15542,134.67,174.50,66.59,194.95,1,-1,-1,-1
144,15537,307.38,175.85,41.24,144.28,1,-1,-1,-1
144,15538,249.78,169.72,50.28,156.47,1,-1,-1,-1
144,15542,134.27,174.53,67.68,194.85,1,-1,-1,-1
145,15537,308.89,184.32,38.95,134.50,1,-1,-1,-1
145,15538,251.84,176.88,46.91,144.10,1,-1,-1,-1
145,15542,130.79,173.78,68.71,197.81,1,-1,-1,-1
146,15537,309.41,187.62,38.29,130.68,1,-1,-1,-1
146,15538,252.57,179.70,45.84,139.23,1,-1,-1,-1
147,15537,309.50,188.79,38.29,129.32,1,-1,-1,-1
147,15538,252.72,180.71,45.74,137.49,1,-1,-1,-1
148,15537,309.44,189.20,38.51,128.84,1,-1,-1,-1
148,15538,252.67,181.07,45.95,136.87,1,-1,-1,-1
149,15537,309.34,189.33,38.79,128.68,1,-1,-1,-1
149,15538,252.55,181.18,46.27,136.67,1,-1,-1,-1
150,15537,309.22,189.35,39.08,128.65,1,-1,-1,-1
150,15538,252.42,181.21,46.59,136.63,1,-1,-1,-1
151,15537,306.65,178.16,42.95,143.13,1,-1,-1,-1
151,15538,253.04,177.91,47.39,138.61,1,-1,-1,-1
152,15537,305.16,173.45,44.22,148.40,1,-1,-1,-1
152,15538,254.94,178.63,46.33,134.14,1,-1,-1,-1
153,15537,304.65,171.57,44.56,150.50,1,-1,-1,-1
153,15538,255.57,178.91,46.17,132.44,1,-1,-1,-1
154,15537,304.55,170.86,44.53,151.28,1,-1,-1,-1
154,15538,255.69,179.01,46.34,131.84,1,-1,-1,-1
155,15537,304.60,170.61,44.38,151.55,1,-1,-1,-1
155,15538,255.63,179.04,46.61,131.65,1,-1,-1,-1
156,15537,304.70,170.55,44.18,151.61,1,-1,-1,-1
156,15538,255.51,179.05,46.90,131.60,1,-1,-1,-1
157,15537,304.32,171.84,46.90,160.65,1,-1,-1,-1
157,15538,256.02,181.02,47.22,133.59,1,-1,-1,-1
158,15537,304.16,172.34,47.97,164.04,1,-1,-1,-1
158,15538,256.32,181.76,47.14,134.35,1,-1,-1,-1
159,15537,304.09,172.56,48.42,165.33,1,-1,-1,-1
159,15538,256.52,182.03,46.92,134.65,1,-1,-1,-1
160,15537,304.06,172.66,48.61,165.77,1,-1,-1,-1
160,15538,256.67,182.12,46.68,134.78,1,-1,-1,-1
161,15537,304.05,172.72,48.70,165.88,1,-1,-1,-1
161,15538,256.81,182.14,46.44,134.83,1,-1,-1,-1
162,15537,304.04,172.75,48.75,165.88,1,-1,-1,-1
162,15538,256.92,182.14,46.21,134.86,1,-1,-1,-1
163,15537,310.08,176.66,44.45,151.60,1,-1,-1,-1
163,15538,254.18,172.33,51.05,147.95,1,-1,-1,-1
164,15537,314.13,184.92,40.75,136.52,1,-1,-1,-1
164,15538,254.98,175.03,50.45,145.20,1,-1,-1,-1
164,15542,110.82,188.48,40.55,115.49,1,-1,-1,-1
164,15562,97.00,193.00,38.00,106.00,1,-1,-1,-1
164,15563,141.00,196.00,33.00,100.00,1,-1,-1,-1
165,15537,315.44,187.94,39.73,131.00,1,-1,-1,-1
165,15538,255.24,176.17,50.35,144.01,1,-1,-1,-1
165,15542,111.25,189.00,39.91,112.91,1,-1,-1,-1
165,15562,97.00,193.00,38.00,106.00,1,-1,-1,-1
165,15563,141.00,196.00,33.00,100.00,1,-1,-1,-1
166,15537,318.80,193.70,37.61,121.67,1,-1,-1,-1
166,15538,255.61,171.41,54.96,158.51,1,-1,-1,-1
166,15542,109.95,189.15,41.25,114.30,1,-1,-1,-1
166,15563,140.62,196.00,34.52,104.50,1,-1,-1,-1
166,15564,25.00,227.00,29.00,54.00,1,-1,-1,-1
167,15537,319.82,195.20,36.83,119.15,1,-1,-1,-1
167,15538,258.35,172.80,54.61,159.45,1,-1,-1,-1
167,15542,108.82,189.59,40.49,112.18,1,-1,-1,-1
167,15563,140.49,196.00,35.01,106.01,1,-1,-1,-1
167,15565,182.00,198.00,45.00,97.00,1,-1,-1,-1
168,15538,259.63,173.39,54.09,159.75,1,-1,-1,-1
168,15565,182.00,198.00,45.00,97.00,1,-1,-1,-1
169,15538,261.31,174.28,52.16,155.31,1,-1,-1,-1
169,15565,167.92,195.00,49.14,106.76,1,-1,-1,-1
169,15566,24.00,227.00,29.00,51.00,1,-1,-1,-1
170,15538,262.06,174.64,51.17,153.53,1,-1,-1,-1
170,15565,163.43,194.00,50.12,110.01,1,-1,-1,-1
170,15566,24.00,227.00,29.00,51.00,1,-1,-1,-1
171,15538,262.43,174.79,50.58,152.83,1,-1,-1,-1
171,15565,162.30,193.70,49.97,110.99,1,-1,-1,-1
171,15566,24.00,227.00,29.00,51.00,1,-1,-1,-1
172,15538,262.65,174.85,50.17,152.54,1,-1,-1,-1
172,15565,162.38,193.64,49.39,111.16,1,-1,-1,-1
172,15566,24.00,227.00,29.00,51.00,1,-1,-1,-1
173,15538,262.81,174.88,49.84,152.41,1,-1,-1,-1
173,15565,162.83,193.66,48.65,111.09,1,-1,-1,-1
173,15566,24.00,227.00,29.00,51.00,1,-1,-1,-1
174,15538,262.93,174.90,49.56,152.34,1,-1,-1,-1
174,15565,163.37,193.70,47.88,110.97,1,-1,-1,-1
174,15566,24.00,227.00,29.00,51.00,1,-1,-1,-1
175,15537,311.83,168.02,47.73,157.48,1,-1,-1,-1
175,15538,257.81,159.27,57.16,175.75,1,-1,-1,-1
175,15565,155.02,187.72,52.16,120.88,1,-1,-1,-1
175,15566,24.00,227.00,29.00,51.00,1,-1,-1,-1
176,15537,311.80,165.63,48.20,160.35,1,-1,-1,-1
176,15538,257.12,151.72,60.06,186.14,1,-1,-1,-1
176,15565,152.46,181.04,54.69,128.34,1,-1,-1,-1
177,15537,311.87,164.66,48.23,161.49,1,-1,-1,-1
177,15538,256.97,148.65,60.98,190.36,1,-1,-1,-1
177,15565,151.77,178.43,55.24,131.21,1,-1,-1,-1
178,15537,311.98,164.33,48.08,161.88,1,-1,-1,-1
178,15538,257.03,147.48,61.09,191.95,1,-1,-1,-1
178,15565,151.81,177.47,55.01,132.23,1,-1,-1,-1
179,15537,312.08,164.24,47.89,161.98,1,-1,-1,-1
179,15538,257.17,147.08,60.89,192.47,1,-1,-1,-1
179,15565,152.12,177.16,54.50,132.51,1,-1,-1,-1
180,15537,312.18,164.25,47.71,161.97,1,-1,-1,-1
180,15538,257.32,146.99,60.60,192.58,1,-1,-1,-1
180,15565,152.50,177.10,53.91,132.52,1,-1,-1,-1
181,15537,315.72,161.07,43.19,149.73,1,-1,-1,-1
181,15538,257.11,145.23,61.45,195.31,1,-1,-1,-1
181,15565,150.34,175.54,54.94,135.04,1,-1,-1,-1
182,15537,318.02,162.55,40.25,142.16,1,-1,-1,-1
182,15538,262.11,164.23,51.05,164.07,1,-1,-1,-1
182,15542,19.18,131.26,73.04,202.51,1,-1,-1,-1
183,15537,316.93,169.11,41.04,144.70,1,-1,-1,-1
183,15538,266.44,181.61,43.00,138.03,1,-1,-1,-1
183,15542,11.42,131.19,73.01,201.86,1,-1,-1,-1
183,15567,221.00,215.00,21.00,59.00,1,-1,-1,-1
184,15537,318.00,172.13,40.99,144.96,1,-1,-1,-1
184,15538,266.71,180.85,43.36,140.23,1,-1,-1,-1
184,15542,7.00,148.71,66.22,183.69,1,-1,-1,-1
185,15537,318.48,174.61,41.49,147.01,1,-1,-1,-1
185,15538,269.31,185.33,41.13,133.52,1,-1,-1,-1
185,15542,3.02,139.64,68.80,191.10,1,-1,-1,-1
185,15563,83.73,158.23,57.12,181.70,1,-1,-1,-1
185,15565,128.43,162.81,70.06,171.70,1,-1,-1,-1
186,15537,318.68,175.55,41.63,147.78,1,-1,-1,-1
186,15538,270.30,186.94,40.25,131.09,1,-1,-1,-1
186,15542,1.52,136.32,69.72,193.84,1,-1,-1,-1
186,15563,83.47,157.36,55.54,183.41,1,-1,-1,-1
186,15565,126.16,161.55,71.76,175.43,1,-1,-1,-1
187,15537,317.88,166.15,40.82,145.46,1,-1,-1,-1
187,15538,271.14,179.35,37.56,117.45,1,-1,-1,-1
187,15542,-3.59,133.49,71.19,197.91,1,-1,-1,-1
187,15563,80.70,155.54,56.69,187.21,1,-1,-1,-1
187,15565,119.35,151.65,79.32,195.06,1,-1,-1,-1
188,15537,316.36,170.41,41.60,147.84,1,-1,-1,-1
188,15538,268.67,178.52,42.79,134.29,1,-1,-1,-1
188,15563,90.51,151.71,63.14,199.86,1,-1,-1,-1
188,15565,118.68,160.08,75.87,184.25,1,-1,-1,-1
189,15537,316.14,172.66,43.14,150.02,1,-1,-1,-1
189,15538,266.23,176.98,45.21,142.12,1,-1,-1,-1
189,15563,88.47,149.78,64.50,204.15,1,-1,-1,-1
189,15565,115.96,153.59,81.51,197.24,1,-1,-1,-1
190,15537,314.58,172.88,44.74,153.43,1,-1,-1,-1
190,15538,265.85,172.49,48.17,151.72,1,-1,-1,-1
190,15565,114.77,154.90,81.42,195.23,1,-1,-1,-1
190,15568,219.00,213.00,17.00,65.00,1,-1,-1,-1
191,15537,313.81,172.96,45.68,154.72,1,-1,-1,-1
191,15538,265.73,170.75,49.27,155.45,1,-1,-1,-1
191,15565,114.25,155.54,81.64,194.19,1,-1,-1,-1
191,15568,219.00,213.00,17.00,65.00,1,-1,-1,-1
192,15537,313.38,172.99,46.33,155.19,1,-1,-1,-1
192,15538,265.70,170.07,49.65,156.89,1,-1,-1,-1
192,15565,113.98,155.84,82.00,193.65,1,-1,-1,-1
192,15568,219.00,213.00,17.00,65.00,1,-1,-1,-1
193,15537,313.22,173.01,46.56,155.98,1,-1,-1,-1
193,15538,266.72,171.76,49.67,156.76,1,-1,-1,-1
193,15565,111.37,154.23,83.62,197.49,1,-1,-1,-1
193,15568,221.06,214.48,17.33,65.74,1,-1,-1,-1
194,15538,267.09,172.43,49.70,156.67,1,-1,-1,-1
194,15568,221.69,214.98,17.56,65.99,1,-1,-1,-1
195,15538,267.22,172.70,49.73,156.61,1,-1,-1,-1
195,15568,221.82,215.13,17.76,66.07,1,-1,-1,-1
196,15538,267.25,172.81,49.75,156.55,1,-1,-1,-1
196,15568,221.77,215.16,17.96,66.08,1,-1,-1,-1
197,15538,267.25,172.86,49.77,156.50,1,-1,-1,-1
197,15568,221.66,215.16,18.15,66.08,1,-1,-1,-1
198,15538,267.23,172.88,49.80,156.45,1,-1,-1,-1
198,15568,221.54,215.14,18.35,66.07,1,-1,-1,-1
199,15537,317.34,172.08,43.88,150.74,1,-1,-1,-1
199,15538,268.46,176.15,46.67,147.30,1,-1,-1,-1
199,15568,219.40,215.80,18.56,66.73,1,-1,-1,-1
199,15569,26.00,36.00,158.00,426.00,1,-1,-1,-1
199,15570,200.00,220.00,21.00,65.00,1,-1,-1,-1
200,15537,318.06,172.01,42.85,150.26,1,-1,-1,-1
200,15538,268.98,177.42,45.34,143.73,1,-1,-1,-1
200,15568,218.58,216.03,18.66,66.97,1,-1,-1,-1
200,15569,26.00,36.00,158.00,426.00,1,-1,-1,-1
200,15570,200.00,220.00,21.00,65.00,1,-1,-1,-1
201,15537,318.51,171.98,42.08,150.11,1,-1,-1,-1
201,15538,269.22,177.89,44.76,142.43,1,-1,-1,-1
201,15563,36.30,39.90,137.34,418.67,1,-1,-1,-1
201,15568,218.27,216.11,18.71,67.06,1,-1,-1,-1
201,15570,200.00,220.00,21.00,65.00,1,-1,-1,-1
202,15537,318.23,170.67,43.34,156.61,1,-1,-1,-1
202,15538,269.42,178.14,44.58,141.88,1,-1,-1,-1
202,15563,32.96,33.72,141.36,430.93,1,-1,-1,-1
202,15568,218.11,218.10,19.47,69.72,1,-1,-1,-1
202,15570,200.00,220.00,21.00,65.00,1,-1,-1,-1
202,15571,179.00,214.00,19.00,72.00,1,-1,-1,-1
203,15537,325.72,172.11,42.78,155.80,1,-1,-1,-1
203,15568,217.89,216.90,20.07,72.01,1,-1,-1,-1
204,15537,328.73,172.68,42.40,155.46,1,-1,-1,-1
204,15568,217.82,216.42,20.28,72.87,1,-1,-1,-1
205,15537,328.50,172.25,42.33,155.32,1,-1,-1,-1
205,15568,217.70,216.63,20.47,73.53,1,-1,-1,-1
206,15537,328.39,172.08,42.29,155.25,1,-1,-1,-1
207,15537,328.33,172.02,42.25,155.21,1,-1,-1,-1
208,15537,328.29,172.00,42.23,155.18,1,-1,-1,-1
209,15537,328.26,171.99,42.20,155.16,1,-1,-1,-1
210,15537,328.24,171.99,42.18,155.15,1,-1,-1,-1
211,15537,330.73,173.29,42.36,155.13,1,-1,-1,-1
211,15538,277.54,181.95,44.43,137.97,1,-1,-1,-1
211,15568,222.28,215.20,19.78,71.45,1,-1,-1,-1
212,15537,331.61,173.79,42.52,155.12,1,-1,-1,-1
212,15538,277.50,182.09,45.21,137.84,1,-1,-1,-1
212,15568,222.67,215.07,19.63,71.21,1,-1,-1,-1
213,15537,331.88,173.97,42.66,155.11,1,-1,-1,-1
213,15538,277.30,182.15,45.84,137.79,1,-1,-1,-1
213,15568,222.82,215.03,19.54,71.14,1,-1,-1,-1
214,15537,331.92,174.04,42.79,155.10,1,-1,-1,-1
214,15538,277.07,182.16,46.36,137.79,1,-1,-1,-1
214,15568,222.88,215.01,19.48,71.11,1,-1,-1,-1
215,15537,331.88,174.06,42.91,155.09,1,-1,-1,-1
215,15538,276.85,182.15,46.80,137.80,1,-1,-1,-1
215,15568,222.91,215.01,19.42,71.09,1,-1,-1,-1
216,15537,331.81,174.06,43.01,155.08,1,-1,-1,-1
216,15538,276.65,182.14,47.17,137.81,1,-1,-1,-1
216,15568,222.93,215.00,19.38,71.08,1,-1,-1,-1
217,15537,335.47,173.41,43.49,155.07,1,-1,-1,-1
217,15538,278.78,174.92,51.38,149.62,1,-1,-1,-1
217,15568,223.11,215.01,19.41,71.21,1,-1,-1,-1
218,15537,336.71,173.16,43.93,155.06,1,-1,-1,-1
218,15538,279.52,172.27,53.02,153.97,1,-1,-1,-1
219,15537,337.04,173.06,44.32,155.06,1,-1,-1,-1
219,15538,279.75,171.22,53.75,155.67,1,-1,-1,-1
220,15537,337.03,173.02,44.67,155.05,1,-1,-1,-1
220,15538,279.79,170.84,54.08,156.30,1,-1,-1,-1
221,15537,336.91,173.01,44.99,155.05,1,-1,-1,-1
221,15538,279.75,170.71,54.26,156.51,1,-1,-1,-1
222,15537,336.75,173.00,45.28,155.04,1,-1,-1,-1
222,15538,279.70,170.68,54.37,156.55,1,-1,-1,-1
223,15537,338.81,168.43,45.69,158.30,1,-1,-1,-1
223,15538,282.58,165.51,55.67,161.72,1,-1,-1,-1
223,15568,222.84,209.38,26.07,90.74,1,-1,-1,-1
224,15537,339.71,166.71,45.55,159.53,1,-1,-1,-1
224,15538,283.80,163.56,55.90,163.65,1,-1,-1,-1
224,15568,222.32,208.99,27.50,92.08,1,-1,-1,-1
225,15537,340.16,166.06,45.23,159.99,1,-1,-1,-1
225,15538,284.36,162.83,55.74,164.36,1,-1,-1,-1
225,15568,221.90,208.85,28.50,92.56,1,-1,-1,-1
226,15537,340.43,165.83,44.87,160.15,1,-1,-1,-1
226,15538,284.66,162.59,55.46,164.59,1,-1,-1,-1
226,15568,221.54,208.81,29.25,92.71,1,-1,-1,-1
227,15537,340.62,165.76,44.52,160.20,1,-1,-1,-1
227,15538,284.85,162.52,55.16,164.64,1,-1,-1,-1
227,15568,221.24,208.80,29.84,92.73,1,-1,-1,-1
228,15537,340.76,165.75,44.19,160.20,1,-1,-1,-1
228,15538,284.98,162.52,54.87,164.62,1,-1,-1,-1
228,15568,220.99,208.81,30.33,92.70,1,-1,-1,-1
229,15537,341.51,167.72,43.29,158.89,1,-1,-1,-1
229,15538,285.50,161.73,55.21,165.66,1,-1,-1,-1
229,15568,219.19,203.03,32.62,100.37,1,-1,-1,-1
229,15570,166.16,200.03,31.77,101.94,1,-1,-1,-1
229,15572,127.00,201.00,28.00,100.00,1,-1,-1,-1
229,15573,195.00,201.00,28.00,108.00,1,-1,-1,-1
230,15537,340.81,167.17,42.91,159.03,1,-1,-1,-1
230,15538,284.59,158.69,57.21,172.27,1,-1,-1,-1
230,15568,219.46,202.12,33.48,103.25,1,-1,-1,-1
230,15570,166.76,199.72,33.24,106.66,1,-1,-1,-1
230,15573,192.70,201.86,28.32,108.86,1,-1,-1,-1
231,15537,344.77,166.97,38.20,142.77,1,-1,-1,-1
231,15538,285.72,159.21,55.79,168.68,1,-1,-1,-1
231,15568,220.23,196.71,34.38,106.25,1,-1,-1,-1
231,15570,166.05,193.45,35.36,113.00,1,-1,-1,-1
231,15573,190.67,193.77,30.17,115.73,1,-1,-1,-1
231,15574,120.00,195.00,33.00,107.00,1,-1,-1,-1
232,15537,345.52,166.23,36.53,137.76,1,-1,-1,-1
232,15538,284.99,160.08,54.91,167.96,1,-1,-1,-1
232,15568,222.44,198.40,34.06,105.49,1,-1,-1,-1
232,15570,166.43,195.28,34.91,112.42,1,-1,-1,-1
232,15573,188.11,193.20,30.99,118.75,1,-1,-1,-1
232,15574,117.30,196.71,33.26,107.86,1,-1,-1,-1
233,15537,346.53,165.98,35.78,136.03,1,-1,-1,-1
233,15538,286.71,164.33,51.88,159.85,1,-1,-1,-1
233,15568,221.81,193.35,35.66,110.89,1,-1,-1,-1
233,15570,164.24,191.63,35.05,113.37,1,-1,-1,-1
233,15573,188.68,191.05,31.20,118.98,1,-1,-1,-1
233,15574,114.44,194.01,33.62,109.50,1,-1,-1,-1
234,15537,346.10,168.57,37.07,142.13,1,-1,-1,-1
234,15538,289.20,169.98,48.34,148.74,1,-1,-1,-1
234,15568,221.55,195.85,35.67,109.14,1,-1,-1,-1
234,15570,165.48,189.60,36.67,118.79,1,-1,-1,-1
234,15573,187.34,193.18,31.00,116.83,1,-1,-1,-1
234,15574,118.65,194.55,33.03,106.36,1,-1,-1,-1
234,15575,140.00,189.00,41.00,116.00,1,-1,-1,-1
235,15537,345.82,172.77,37.12,143.72,1,-1,-1,-1
235,15538,290.48,174.12,46.94,144.59,1,-1,-1,-1
235,15568,221.72,195.62,36.36,112.85,1,-1,-1,-1
235,15570,165.03,190.09,37.30,121.47,1,-1,-1,-1
235,15573,186.39,194.75,31.25,116.63,1,-1,-1,-1
235,15574,102.70,195.52,33.39,106.70,1,-1,-1,-1
235,15575,138.34,186.43,43.47,122.86,1,-1,-1,-1
236,15537,344.83,171.76,38.22,149.59,1,-1,-1,-1
236,15538,290.65,175.59,46.32,143.13,1,-1,-1,-1
236,15568,221.47,194.91,37.26,116.14,1,-1,-1,-1
236,15570,165.59,190.94,36.09,119.96,1,-1,-1,-1
236,15573,185.45,193.99,31.51,117.60,1,-1,-1,-1
236,15574,94.66,193.03,35.41,112.50,1,-1,-1,-1
236,15575,138.88,186.00,43.70,124.00,1,-1,-1,-1
237,15537,343.54,170.09,39.81,156.98,1,-1,-1,-1
237,15538,289.43,172.78,48.63,151.27,1,-1,-1,-1
237,15568,220.45,194.02,39.43,123.73,1,-1,-1,-1
237,15570,166.24,191.96,37.37,125.06,1,-1,-1,-1
237,15574,92.65,194.19,35.41,110.45,1,-1,-1,-1
237,15575,140.11,190.27,41.72,118.46,1,-1,-1,-1
238,15537,340.98,164.32,41.98,166.85,1,-1,-1,-1
238,15538,288.62,170.46,49.56,154.90,1,-1,-1,-1
238,15568,221.67,198.70,37.03,116.62,1,-1,-1,-1
238,15570,167.56,189.19,38.88,132.03,1,-1,-1,-1
238,15574,86.83,189.20,39.24,119.86,1,-1,-1,-1
238,15575,136.55,188.85,42.38,120.85,1,-1,-1,-1
239,15537,342.09,165.25,41.12,161.80,1,-1,-1,-1
239,15538,288.14,170.19,49.55,154.37,1,-1,-1,-1
239,15568,221.70,194.82,37.58,120.71,1,-1,-1,-1
239,15570,165.42,188.13,40.41,138.48,1,-1,-1,-1
239,15574,84.51,186.13,40.52,122.55,1,-1,-1,-1
239,15575,136.76,187.65,44.73,129.38,1,-1,-1,-1
240,15537,340.72,164.34,42.45,166.18,1,-1,-1,-1
240,15538,288.71,172.05,48.02,148.93,1,-1,-1,-1
240,15568,220.89,195.31,36.89,119.65,1,-1,-1,-1
240,15570,164.98,192.11,38.35,130.34,1,-1,-1,-1
240,15574,71.56,178.43,46.50,137.90,1,-1,-1,-1
240,15575,136.25,189.23,43.43,127.03,1,-1,-1,-1
241,15537,338.98,161.44,44.13,173.58,1,-1,-1,-1
241,15538,288.11,164.14,53.04,165.39,1,-1,-1,-1
241,15568,219.67,196.17,37.11,121.10,1,-1,-1,-1
241,15570,162.42,191.19,39.04,134.01,1,-1,-1,-1
241,15574,66.06,178.04,46.92,139.27,1,-1,-1,-1
241,15575,135.50,188.49,43.35,128.71,1,-1,-1,-1
241,15576,88.00,186.00,38.00,126.00,1,-1,-1,-1
242,15537,338.25,165.42,43.61,170.67,1,-1,-1,-1
242,15538,289.68,169.52,51.26,158.01,1,-1,-1,-1
242,15568,219.38,194.59,38.10,124.82,1,-1,-1,-1
242,15570,159.56,187.03,40.60,139.81,1,-1,-1,-1
242,15574,60.05,174.80,48.00,142.20,1,-1,-1,-1
242,15575,133.26,182.20,46.63,139.98,1,-1,-1,-1
242,15577,121.00,176.00,42.00,147.00,1,-1,-1,-1
243,15537,338.18,168.97,42.98,166.19,1,-1,-1,-1
243,15538,288.24,171.79,52.68,160.79,1,-1,-1,-1
243,15568,213.97,190.17,41.44,135.79,1,-1,-1,-1
243,15570,158.54,186.19,41.24,142.03,1,-1,-1,-1
243,15574,57.72,180.62,47.38,141.33,1,-1,-1,-1
243,15575,122.67,183.10,46.81,140.89,1,-1,-1,-1
243,15578,45.00,189.00,43.00,126.00,1,-1,-1,-1
244,15537,339.32,176.87,40.41,155.28,1,-1,-1,-1
244,15538,290.18,181.05,48.89,146.91,1,-1,-1,-1
244,15568,212.49,203.46,38.38,125.00,1,-1,-1,-1
244,15574,44.92,181.05,48.03,144.08,1,-1,-1,-1
244,15575,114.91,180.24,49.38,150.25,1,-1,-1,-1
244,15578,54.76,181.29,48.34,142.29,1,-1,-1,-1
245,15537,339.08,177.88,40.11,152.41,1,-1,-1,-1
245,15538,289.43,179.98,49.04,146.10,1,-1,-1,-1
245,15568,210.30,208.46,37.65,122.24,1,-1,-1,-1
245,15574,38.66,183.17,45.43,136.74,1,-1,-1,-1
245,15575,110.42,179.17,49.68,153.75,1,-1,-1,-1
245,15578,57.86,180.00,46.98,139.30,1,-1,-1,-1
246,15537,338.07,176.24,40.54,152.69,1,-1,-1,-1
246,15538,289.71,180.72,48.83,145.48,1,-1,-1,-1
246,15568,205.90,194.61,41.31,136.88,1,-1,-1,-1
246,15574,38.58,182.10,44.75,135.64,1,-1,-1,-1
246,15575,107.60,178.36,50.69,156.86,1,-1,-1,-1
246,15578,59.88,178.71,47.31,140.26,1,-1,-1,-1
247,15537,337.90,176.79,40.47,152.44,1,-1,-1,-1
247,15538,289.33,176.44,50.26,149.63,1,-1,-1,-1
247,15568,207.68,205.80,37.75,124.76,1,-1,-1,-1
247,15574,21.06,178.46,47.10,144.32,1,-1,-1,-1
247,15575,129.37,194.50,46.87,144.14,1,-1,-1,-1
248,15537,336.75,168.56,42.47,161.33,1,-1,-1,-1
248,15538,290.22,176.24,49.32,147.16,1,-1,-1,-1
248,15568,204.55,193.41,40.83,133.95,1,-1,-1,-1
248,15570,93.82,163.93,55.01,175.60,1,-1,-1,-1
248,15574,9.68,168.22,52.70,163.41,1,-1,-1,-1
248,15575,128.91,180.69,51.15,161.00,1,-1,-1,-1
249,15537,336.73,169.41,42.40,163.94,1,-1,-1,-1
249,15538,289.25,175.50,50.24,150.89,1,-1,-1,-1
249,15568,199.84,192.21,39.60,130.87,1,-1,-1,-1
249,15570,89.15,161.95,56.15,179.23,1,-1,-1,-1
249,15574,3.14,161.80,56.71,177.57,1,-1,-1,-1
249,15575,128.12,179.99,52.16,164.15,1,-1,-1,-1
250,15537,336.92,169.73,41.98,164.90,1,-1,-1,-1
250,15538,288.98,175.22,50.41,152.26,1,-1,-1,-1
250,15568,198.06,191.76,38.93,129.53,1,-1,-1,-1
250,15574,0.80,159.21,58.01,183.30,1,-1,-1,-1
251,15537,337.18,169.86,41.46,165.24,1,-1,-1,-1
251,15538,288.94,175.11,50.32,152.79,1,-1,-1,-1
251,15568,197.50,191.62,38.53,128.98,1,-1,-1,-1
251,15574,0.24,158.22,58.21,185.48,1,-1,-1,-1
252,15537,337.44,169.92,40.95,165.35,1,-1,-1,-1
252,15538,289.00,175.07,50.15,152.98,1,-1,-1,-1
252,15568,197.39,191.59,38.24,128.73,1,-1,-1,-1
252,15574,0.35,157.90,58.00,186.21,1,-1,-1,-1
253,15537,335.13,164.74,42.34,171.86,1,-1,-1,-1
253,15538,287.58,174.40,49.68,152.40,1,-1,-1,-1
253,15568,189.86,179.25,46.02,154.61,1,-1,-1,-1
253,15574,-5.37,155.83,59.32,190.47,1,-1,-1,-1
254,15537,334.31,168.56,40.19,164.05,1,-1,-1,-1
254,15538,287.17,177.40,47.94,145.64,1,-1,-1,-1
254,15568,185.29,175.99,48.20,161.56,1,-1,-1,-1
255,15537,334.06,170.11,39.22,160.88,1,-1,-1,-1
255,15538,286.90,178.55,47.51,143.05,1,-1,-1,-1
255,15568,183.40,174.68,49.15,164.38,1,-1,-1,-1
256,15537,334.03,170.69,38.76,159.69,1,-1,-1,-1
256,15538,286.70,178.97,47.57,142.12,1,-1,-1,-1
256,15568,182.68,174.21,49.54,165.39,1,-1,-1,-1
257,15537,334.08,170.91,38.49,159.24,1,-1,-1,-1
257,15538,286.53,179.11,47.79,141.79,1,-1,-1,-1
257,15568,182.43,174.09,49.72,165.69,1,-1,-1,-1
258,15537,334.15,170.99,38.31,159.07,1,-1,-1,-1
258,15538,286.38,179.15,48.06,141.69,1,-1,-1,-1
258,15568,182.37,174.09,49.80,165.71,1,-1,-1,-1
259,15537,334.93,178.21,36.76,149.19,1,-1,-1,-1
259,15538,283.14,177.84,50.61,148.25,1,-1,-1,-1
259,15568,180.95,171.57,50.12,168.20,1,-1,-1,-1
259,15570,30.10,161.92,70.96,222.62,1,-1,-1,-1
260,15537,334.32,185.69,36.01,141.37,1,-1,-1,-1
260,15538,281.69,185.74,47.53,137.79,1,-1,-1,-1
260,15568,179.30,169.99,50.95,171.01,1,-1,-1,-1
260,15570,24.81,160.96,72.24,226.61,1,-1,-1,-1
261,15537,333.81,188.38,36.34,138.56,1,-1,-1,-1
261,15538,281.02,188.88,46.52,133.61,1,-1,-1,-1
262,15537,333.36,189.30,37.02,137.60,1,-1,-1,-1
262,15538,280.68,189.98,46.39,132.13,1,-1,-1,-1
263,15537,332.94,189.59,37.79,137.31,1,-1,-1,-1
263,15538,280.47,190.36,46.57,131.63,1,-1,-1,-1
264,15537,332.57,189.65,38.54,137.25,1,-1,-1,-1
264,15538,280.31,190.46,46.83,131.48,1,-1,-1,-1
265,15537,331.02,181.03,39.68,141.91,1,-1,-1,-1
265,15538,278.88,183.21,49.71,139.38,1,-1,-1,-1
265,15568,151.10,150.25,63.16,206.72,1,-1,-1,-1
266,15537,330.49,177.82,40.03,143.66,1,-1,-1,-1
266,15538,278.34,180.54,50.81,142.30,1,-1,-1,-1
266,15568,148.12,148.61,65.35,209.69,1,-1,-1,-1
267,15537,330.33,176.58,40.09,144.36,1,-1,-1,-1
267,15538,278.12,179.49,51.27,143.44,1,-1,-1,-1
267,15568,146.73,148.02,66.75,210.75,1,-1,-1,-1
268,15537,330.32,176.12,40.04,144.64,1,-1,-1,-1
268,15538,278.04,179.09,51.48,143.88,1,-1,-1,-1
268,15568,146.02,147.85,67.76,211.06,1,-1,-1,-1
269,15537,330.36,175.95,39.97,144.76,1,-1,-1,-1
269,15538,278.01,178.94,51.58,144.04,1,-1,-1,-1
269,15568,145.61,147.85,68.53,211.07,1,-1,-1,-1
270,15537,330.41,175.89,39.88,144.82,1,-1,-1,-1
270,15538,278.00,178.90,51.64,144.09,1,-1,-1,-1
270,15568,145.34,147.90,69.17,210.97,1,-1,-1,-1
271,15537,332.69,182.41,36.65,133.09,1,-1,-1,-1
271,15538,277.68,178.67,51.72,144.30,1,-1,-1,-1
271,15568,126.53,141.55,83.17,251.33,1,-1,-1,-1
271,15579,324.00,181.00,33.00,105.00,1,-1,-1,-1
272,15537,332.69,182.78,36.30,131.80,1,-1,-1,-1
272,15538,268.44,174.27,53.12,151.02,1,-1,-1,-1
272,15568,115.53,134.33,91.56,274.07,1,-1,-1,-1
273,15538,266.64,173.24,52.77,152.58,1,-1,-1,-1
273,15568,110.76,131.35,95.50,283.51,1,-1,-1,-1
274,15538,266.23,172.87,52.17,153.14,1,-1,-1,-1
274,15568,108.74,130.20,97.45,287.17,1,-1,-1,-1
275,15538,266.31,172.74,51.52,153.33,1,-1,-1,-1
275,15568,107.87,129.81,98.50,288.41,1,-1,-1,-1
276,15538,266.56,172.72,50.90,153.38,1,-1,-1,-1
276,15568,107.48,129.73,99.17,288.70,1,-1,-1,-1
277,15537,329.96,178.44,39.15,139.03,1,-1,-1,-1
277,15538,265.99,171.42,50.75,152.08,1,-1,-1,-1
277,15568,69.00,101.78,120.26,343.96,1,-1,-1,-1
278,15537,321.89,178.77,40.47,141.61,1,-1,-1,-1
278,15538,265.18,168.34,52.60,156.77,1,-1,-1,-1
278,15568,50.94,73.94,132.55,375.42,1,-1,-1,-1
279,15537,318.88,178.89,41.22,142.52,1,-1,-1,-1
279,15538,264.81,167.20,53.44,158.52,1,-1,-1,-1
279,15568,43.09,62.19,138.36,388.52,1,-1,-1,-1
280,15537,317.64,178.94,41.74,142.87,1,-1,-1,-1
280,15538,264.63,166.78,53.90,159.17,1,-1,-1,-1
280,15568,39.75,57.48,141.25,393.58,1,-1,-1,-1
281,15537,317.10,178.96,42.14,143.00,1,-1,-1,-1
281,15538,264.53,166.64,54.18,159.39,1,-1,-1,-1
281,15568,38.32,55.75,142.85,395.29,1,-1,-1,-1
282,15537,316.84,178.97,42.46,143.04,1,-1,-1,-1
282,15538,264.47,166.62,54.39,159.44,1,-1,-1,-1
282,15568,37.68,55.21,143.88,395.68,1,-1,-1,-1
283,15537,324.68,178.97,42.36,142.40,1,-1,-1,-1
283,15538,268.10,176.37,48.49,142.56,1,-1,-1,-1
283,15568,31.99,50.19,147.35,405.21,1,-1,-1,-1
284,15537,326.80,176.37,44.76,151.29,1,-1,-1,-1
284,15538,268.73,179.58,46.48,137.88,1,-1,-1,-1
284,15580,175.00,213.00,21.00,66.00,1,-1,-1,-1
285,15537,327.41,176.67,45.38,155.23,1,-1,-1,-1
285,15538,269.84,184.71,44.69,133.59,1,-1,-1,-1
286,15537,327.78,176.80,45.33,156.75,1,-1,-1,-1
286,15538,270.34,186.57,43.88,132.06,1,-1,-1,-1
287,15537,328.05,176.86,45.05,157.31,1,-1,-1,-1
287,15538,270.60,187.21,43.43,131.54,1,-1,-1,-1
288,15537,328.26,176.89,44.71,157.49,1,-1,-1,-1
288,15538,270.78,187.42,43.14,131.40,1,-1,-1,-1
289,15537,333.93,173.67,45.03,159.47,1,-1,-1,-1
289,15538,277.47,178.19,47.67,143.97,1,-1,-1,-1
289,15581,197.00,222.00,24.00,58.00,1,-1,-1,-1
289,15582,80.00,214.00,20.00,68.00,1,-1,-1,-1
290,15537,337.63,173.74,44.00,156.32,1,-1,-1,-1
290,15538,282.41,176.75,50.02,148.53,1,-1,-1,-1
290,15581,195.96,223.71,22.65,54.57,1,-1,-1,-1
291,15537,339.08,173.78,43.51,155.06,1,-1,-1,-1
291,15538,284.13,176.18,51.41,150.34,1,-1,-1,-1
291,15581,195.74,224.00,22.52,54.00,1,-1,-1,-1
292,15537,339.64,173.81,43.25,154.57,1,-1,-1,-1
292,15538,284.56,175.97,52.35,151.03,1,-1,-1,-1
292,15581,195.63,224.07,22.59,53.86,1,-1,-1,-1
293,15537,339.85,173.83,43.09,154.36,1,-1,-1,-1
293,15538,284.50,175.90,53.07,151.27,1,-1,-1,-1
293,15581,195.56,224.08,22.74,53.85,1,-1,-1,-1
294,15537,339.94,173.85,42.97,154.27,1,-1,-1,-1
294,15538,284.28,175.88,53.67,151.34,1,-1,-1,-1
294,15581,195.48,224.07,22.91,53.86,1,-1,-1,-1
295,15537,355.37,180.38,40.76,141.84,1,-1,-1,-1
295,15538,294.63,177.82,51.76,144.85,1,-1,-1,-1
295,15581,197.40,219.87,26.75,63.65,1,-1,-1,-1
295,15583,495.00,226.00,24.00,59.00,1,-1,-1,-1
295,15584,221.00,212.00,20.00,65.00,1,-1,-1,-1
296,15537,364.51,180.91,40.26,136.98,1,-1,-1,-1
296,15538,300.52,174.62,53.09,146.94,1,-1,-1,-1
296,15581,197.68,219.19,27.43,65.28,1,-1,-1,-1
296,15583,496.74,220.86,25.67,63.29,1,-1,-1,-1
296,15584,222.53,213.71,19.50,63.29,1,-1,-1,-1
297,15537,367.48,181.10,40.56,135.27,1,-1,-1,-1
297,15538,302.48,173.45,53.89,147.71,1,-1,-1,-1
297,15583,497.08,220.00,25.84,64.00,1,-1,-1,-1
297,15584,222.77,214.00,19.46,63.00,1,-1,-1,-1
298,15537,368.27,181.15,41.10,134.68,1,-1,-1,-1
298,15538,303.02,173.02,54.47,147.99,1,-1,-1,-1
298,15583,497.23,219.77,25.78,64.19,1,-1,-1,-1
298,15584,222.81,214.07,19.50,62.93,1,-1,-1,-1
299,15537,368.28,181.16,41.69,134.50,1,-1,-1,-1
299,15538,303.03,172.86,54.94,148.09,1,-1,-1,-1
299,15583,497.32,219.74,25.62,64.22,1,-1,-1,-1
299,15584,222.78,214.08,19.56,62.92,1,-1,-1,-1
300,15537,368.02,181.15,42.27,134.47,1,-1,-1,-1
300,15538,302.85,172.82,55.34,148.12,1,-1,-1,-1
300,15583,497.41,219.76,25.42,64.20,1,-1,-1,-1
300,15584,222.73,214.07,19.64,62.93,1,-1,-1,-1
301,15537,377.71,172.57,47.17,151.64,1,-1,-1,-1
301,15538,317.47,178.03,52.73,140.30,1,-1,-1,-1
301,15583,497.55,219.35,25.56,64.54,1,-1,-1,-1
301,15584,224.90,221.71,18.76,58.07,1,-1,-1,-1
301,15585,541.00,231.00,26.00,52.00,1,-1,-1,-1
301,15586,245.00,216.00,19.00,56.00,1,-1,-1,-1
302,15537,382.52,173.86,47.00,152.82,1,-1,-1,-1
302,15538,326.48,184.05,49.45,130.61,1,-1,-1,-1
302,15584,223.48,220.22,20.72,63.42,1,-1,-1,-1
302,15585,541.04,226.71,29.35,58.86,1,-1,-1,-1
302,15586,248.14,216.86,19.57,57.71,1,-1,-1,-1
303,15537,387.86,175.72,46.31,151.97,1,-1,-1,-1
303,15538,329.63,182.89,51.06,135.17,1,-1,-1,-1
303,15581,241.54,213.08,26.11,64.74,1,-1,-1,-1
303,15584,223.72,221.21,20.75,63.52,1,-1,-1,-1
303,15585,542.32,226.00,29.50,59.29,1,-1,-1,-1
304,15537,392.26,178.40,43.73,145.11,1,-1,-1,-1
304,15538,332.30,179.21,53.69,143.31,1,-1,-1,-1
304,15581,244.69,211.36,25.92,66.58,1,-1,-1,-1
304,15585,551.41,226.52,30.35,61.50,1,-1,-1,-1
304,15587,147.00,215.00,22.00,63.00,1,-1,-1,-1
305,15537,399.07,178.13,44.09,146.40,1,-1,-1,-1
305,15538,337.67,179.75,52.88,141.88,1,-1,-1,-1
305,15581,246.65,211.48,26.11,68.46,1,-1,-1,-1
305,15585,554.13,226.15,30.98,62.78,1,-1,-1,-1
305,15587,148.15,217.57,21.42,61.29,1,-1,-1,-1
306,15537,404.28,170.21,47.79,158.59,1,-1,-1,-1
306,15538,346.11,177.34,51.38,138.04,1,-1,-1,-1
306,15581,245.05,212.19,26.22,69.79,1,-1,-1,-1
306,15587,153.53,214.96,22.33,64.04,1,-1,-1,-1
307,15537,410.97,172.33,47.86,156.79,1,-1,-1,-1
307,15538,350.90,176.42,52.63,141.20,1,-1,-1,-1
307,15581,247.69,211.56,26.59,70.78,1,-1,-1,-1
307,15587,155.49,214.35,22.59,64.79,1,-1,-1,-1
308,15537,413.33,173.23,48.16,156.00,1,-1,-1,-1
308,15538,352.58,176.08,53.13,142.36,1,-1,-1,-1
309,15537,413.96,173.59,48.55,155.66,1,-1,-1,-1
309,15538,353.07,175.96,53.36,142.81,1,-1,-1,-1
310,15537,413.96,173.74,48.95,155.51,1,-1,-1,-1
310,15538,353.11,175.92,53.48,142.98,1,-1,-1,-1
311,15537,413.73,173.81,49.33,155.42,1,-1,-1,-1
311,15538,353.00,175.91,53.55,143.04,1,-1,-1,-1
312,15537,413.43,173.84,49.68,155.37,1,-1,-1,-1
312,15538,352.85,175.91,53.60,143.05,1,-1,-1,-1
313,15537,429.51,170.61,50.42,157.93,1,-1,-1,-1
313,15538,368.48,169.40,58.58,156.10,1,-1,-1,-1
313,15584,243.80,199.81,32.20,96.18,1,-1,-1,-1
313,15588,167.00,219.00,23.00,62.00,1,-1,-1,-1
314,15537,436.91,171.98,49.21,155.01,1,-1,-1,-1
314,15538,381.68,178.98,53.14,138.20,1,-1,-1,-1
314,15584,245.24,198.70,32.94,98.40,1,-1,-1,-1
315,15537,444.47,167.95,49.49,157.12,1,-1,-1,-1
315,15538,383.69,172.95,57.82,150.13,1,-1,-1,-1
315,15584,245.09,196.45,33.95,100.89,1,-1,-1,-1
316,15537,447.30,166.45,49.37,157.89,1,-1,-1,-1
316,15538,384.46,170.91,59.46,154.17,1,-1,-1,-1
316,15584,245.14,195.74,34.38,101.77,1,-1,-1,-1
317,15537,448.34,165.90,49.13,158.17,1,-1,-1,-1
317,15538,384.58,170.12,60.15,155.73,1,-1,-1,-1
317,15584,245.12,195.49,34.60,102.08,1,-1,-1,-1
318,15537,448.68,165.71,48.87,158.26,1,-1,-1,-1
318,15538,384.46,169.83,60.44,156.31,1,-1,-1,-1
318,15584,245.05,195.41,34.71,102.15,1,-1,-1,-1
319,15537,452.76,169.57,49.07,158.93,1,-1,-1,-1
319,15538,389.52,180.73,54.62,141.62,1,-1,-1,-1
319,15581,288.68,209.81,25.23,72.33,1,-1,-1,-1
319,15584,244.51,199.23,34.43,100.85,1,-1,-1,-1
319,15589,223.00,205.00,32.00,92.00,1,-1,-1,-1
320,15537,453.69,171.05,50.16,163.06,1,-1,-1,-1
320,15538,390.85,182.38,53.15,139.12,1,-1,-1,-1
320,15581,292.86,212.72,23.98,72.22,1,-1,-1,-1
320,15584,243.40,200.75,35.38,103.49,1,-1,-1,-1
320,15589,221.52,201.57,34.95,100.57,1,-1,-1,-1
320,15590,273.00,214.00,20.00,71.00,1,-1,-1,-1
320,15591,127.00,218.00,25.00,65.00,1,-1,-1,-1
320,15592,47.00,188.00,33.00,121.00,1,-1,-1,-1
321,15537,457.54,176.13,47.91,153.66,1,-1,-1,-1
321,15538,394.97,185.61,51.86,134.93,1,-1,-1,-1
321,15581,292.74,211.56,23.95,75.51,1,-1,-1,-1
321,15584,243.53,199.44,36.51,108.91,1,-1,-1,-1
321,15589,219.88,200.28,36.80,106.34,1,-1,-1,-1
321,15592,45.15,180.29,35.84,131.29,1,-1,-1,-1
322,15537,459.59,181.47,45.53,143.92,1,-1,-1,-1
322,15538,396.21,184.12,53.05,137.37,1,-1,-1,-1
322,15581,292.19,211.79,23.60,77.35,1,-1,-1,-1
322,15584,244.25,198.31,37.46,111.61,1,-1,-1,-1
322,15589,216.81,201.27,36.74,106.20,1,-1,-1,-1
322,15592,42.93,177.55,36.52,133.73,1,-1,-1,-1
323,15537,460.10,180.74,46.88,147.71,1,-1,-1,-1
323,15538,397.48,182.92,53.02,137.63,1,-1,-1,-1
323,15581,294.63,211.66,23.84,78.11,1,-1,-1,-1
323,15584,243.33,198.51,38.27,114.53,1,-1,-1,-1
323,15589,215.46,200.95,37.43,108.20,1,-1,-1,-1
323,15592,42.02,175.80,37.05,135.67,1,-1,-1,-1
324,15537,461.06,179.16,48.34,151.02,1,-1,-1,-1
324,15538,397.31,179.16,56.06,146.27,1,-1,-1,-1
324,15584,242.71,196.71,39.05,116.88,1,-1,-1,-1
324,15589,213.72,197.64,39.45,114.16,1,-1,-1,-1
325,15537,461.74,175.30,51.36,160.09,1,-1,-1,-1
325,15538,397.07,177.76,58.12,151.40,1,-1,-1,-1
325,15584,242.72,196.65,39.43,117.75,1,-1,-1,-1
325,15589,212.42,197.61,40.15,115.60,1,-1,-1,-1
325,15592,39.93,183.75,35.49,129.14,1,-1,-1,-1
326,15537,462.26,175.11,51.86,160.96,1,-1,-1,-1
326,15538,400.88,181.70,56.06,144.42,1,-1,-1,-1
326,15584,241.28,196.01,39.85,116.75,1,-1,-1,-1
326,15589,211.03,196.87,41.03,118.14,1,-1,-1,-1
326,15592,38.99,184.12,35.49,129.15,1,-1,-1,-1
327,15537,470.01,177.62,49.66,153.50,1,-1,-1,-1
327,15538,403.87,183.28,55.94,142.91,1,-1,-1,-1
327,15584,239.41,197.06,40.00,115.00,1,-1,-1,-1
328,15537,472.86,178.60,48.88,150.56,1,-1,-1,-1
328,15538,404.79,183.86,56.14,142.34,1,-1,-1,-1
328,15584,238.49,197.49,40.41,114.26,1,-1,-1,-1
329,15537,473.78,178.96,48.68,149.47,1,-1,-1,-1
329,15538,404.94,184.06,56.44,142.13,1,-1,-1,-1
329,15584,237.96,197.67,40.89,113.94,1,-1,-1,-1
330,15537,473.99,179.08,48.70,149.07,1,-1,-1,-1
330,15538,404.82,184.13,56.75,142.05,1,-1,-1,-1
330,15584,237.60,197.75,41.36,113.77,1,-1,-1,-1
331,15537,472.75,170.59,51.82,157.46,1,-1,-1,-1
331,15538,407.95,180.22,56.26,139.40,1,-1,-1,-1
331,15584,229.17,184.83,48.38,135.07,1,-1,-1,-1
332,15537,472.16,167.44,53.19,160.57,1,-1,-1,-1
332,15538,408.92,178.73,56.37,138.40,1,-1,-1,-1
332,15584,226.34,180.11,50.48,142.85,1,-1,-1,-1
333,15537,471.75,166.23,53.90,161.77,1,-1,-1,-1
333,15538,409.07,178.17,56.68,138.03,1,-1,-1,-1
333,15584,225.34,178.17,50.97,146.02,1,-1,-1,-1
334,15537,471.44,165.79,54.34,162.20,1,-1,-1,-1
334,15538,408.95,177.97,57.04,137.90,1,-1,-1,-1
334,15584,225.13,177.45,50.80,147.20,1,-1,-1,-1
335,15537,471.19,165.65,54.65,162.35,1,-1,-1,-1
335,15538,408.73,177.90,57.40,137.86,1,-1,-1,-1
335,15584,225.21,177.21,50.40,147.56,1,-1,-1,-1
336,15537,470.97,165.62,54.90,162.38,1,-1,-1,-1
336,15538,408.49,177.89,57.74,137.86,1,-1,-1,-1
336,15584,225.40,177.16,49.95,147.62,1,-1,-1,-1
337,15537,473.02,170.83,54.54,161.07,1,-1,-1,-1
337,15538,406.32,178.54,58.66,139.83,1,-1,-1,-1
337,15584,224.71,175.75,50.87,150.32,1,-1,-1,-1
337,15593,579.00,209.00,43.00,98.00,1,-1,-1,-1
338,15537,473.73,172.83,54.45,160.54,1,-1,-1,-1
338,15538,405.44,178.79,59.05,140.58,1,-1,-1,-1
338,15593,579.00,209.00,43.00,98.00,1,-1,-1,-1
339,15537,473.93,173.60,54.45,160.33,1,-1,-1,-1
339,15538,405.04,178.89,59.25,140.86,1,-1,-1,-1
339,15593,579.00,209.00,43.00,98.00,1,-1,-1,-1
340,15537,473.95,173.89,54.48,160.24,1,-1,-1,-1
340,15538,404.84,178.94,59.36,140.97,1,-1,-1,-1
340,15593,579.00,209.00,43.00,98.00,1,-1,-1,-1
341,15537,473.90,174.00,54.53,160.19,1,-1,-1,-1
341,15538,404.72,178.95,59.44,141.01,1,-1,-1,-1
341,15593,579.00,209.00,43.00,98.00,1,-1,-1,-1
342,15537,473.83,174.03,54.57,160.17,1,-1,-1,-1
342,15538,404.64,178.96,59.50,141.02,1,-1,-1,-1
342,15593,579.00,209.00,43.00,98.00,1,-1,-1,-1
343,15537,476.80,177.31,55.04,154.93,1,-1,-1,-1
343,15538,405.71,178.97,58.58,137.76,1,-1,-1,-1
343,15589,126.36,134.89,88.88,244.50,1,-1,-1,-1
343,15593,569.69,211.08,41.51,93.84,1,-1,-1,-1
343,15594,237.00,199.00,30.00,93.00,1,-1,-1,-1
344,15537,477.02,174.59,58.29,157.54,1,-1,-1,-1
344,15538,404.63,171.07,64.44,149.69,1,-1,-1,-1
344,15589,123.75,128.96,94.74,256.90,1,-1,-1,-1
344,15593,565.09,210.44,42.02,94.42,1,-1,-1,-1
344,15594,235.16,193.86,31.97,99.00,1,-1,-1,-1
344,15595,71.00,143.00,87.00,220.00,1,-1,-1,-1
345,15537,475.13,174.89,60.78,159.80,1,-1,-1,-1
345,15538,409.30,182.16,57.09,129.27,1,-1,-1,-1
345,15581,234.59,191.20,32.38,107.85,1,-1,-1,-1
345,15589,127.25,130.17,96.90,266.93,1,-1,-1,-1
345,15592,270.74,191.99,28.47,101.18,1,-1,-1,-1
345,15593,563.79,213.61,40.33,90.56,1,-1,-1,-1
346,15537,475.40,177.60,60.96,155.46,1,-1,-1,-1
346,15538,410.70,186.23,54.98,121.95,1,-1,-1,-1
346,15581,235.16,194.68,31.36,105.14,1,-1,-1,-1
346,15589,125.57,118.41,101.08,279.49,1,-1,-1,-1
346,15592,272.64,192.85,29.12,102.23,1,-1,-1,-1
346,15593,562.77,211.33,41.73,93.98,1,-1,-1,-1
346,15596,39.00,136.00,109.00,267.00,1,-1,-1,-1
347,15537,475.01,178.64,61.93,153.78,1,-1,-1,-1
347,15538,410.86,187.62,54.85,119.46,1,-1,-1,-1
347,15581,235.44,195.98,30.92,104.12,1,-1,-1,-1
347,15589,125.05,113.76,102.55,284.40,1,-1,-1,-1
347,15592,273.81,193.10,29.42,102.40,1,-1,-1,-1
347,15593,562.49,210.53,42.14,95.19,1,-1,-1,-1
347,15596,39.00,136.00,109.00,267.00,1,-1,-1,-1
348,15537,474.40,179.02,63.16,153.16,1,-1,-1,-1
348,15538,410.63,188.10,55.36,118.61,1,-1,-1,-1
348,15581,235.62,196.48,30.70,103.71,1,-1,-1,-1
348,15589,125.01,111.98,102.93,286.18,1,-1,-1,-1
348,15592,273.84,193.17,29.65,102.50,1,-1,-1,-1
348,15593,562.49,210.21,42.23,95.66,1,-1,-1,-1
348,15596,39.00,136.00,109.00,267.00,1,-1,-1,-1
349,15537,475.28,185.05,56.10,135.87,1,-1,-1,-1
349,15538,404.16,186.25,59.60,127.02,1,-1,-1,-1
349,15581,223.89,197.33,31.61,104.83,1,-1,-1,-1
349,15589,83.77,106.33,116.47,321.92,1,-1,-1,-1
349,15592,281.50,193.55,29.43,101.71,1,-1,-1,-1
349,15593,561.01,210.26,42.18,95.55,1,-1,-1,-1
349,15596,39.00,136.00,109.00,267.00,1,-1,-1,-1
349,15597,258.00,189.00,30.00,116.00,1,-1,-1,-1
350,15537,476.19,185.99,55.30,133.92,1,-1,-1,-1
350,15538,399.43,183.64,63.32,134.59,1,-1,-1,-1
350,15581,214.18,191.85,34.17,112.99,1,-1,-1,-1
350,15589,78.24,102.81,119.50,330.30,1,-1,-1,-1
350,15593,543.15,205.39,44.32,102.90,1,-1,-1,-1
350,15597,250.56,193.29,27.74,106.57,1,-1,-1,-1
351,15537,475.30,189.38,52.76,129.60,1,-1,-1,-1
351,15538,395.47,185.82,63.90,135.62,1,-1,-1,-1
351,15581,209.13,188.53,34.79,116.05,1,-1,-1,-1
351,15589,27.43,90.37,134.78,371.55,1,-1,-1,-1
351,15593,537.69,204.98,44.85,105.81,1,-1,-1,-1
351,15597,249.06,194.00,27.10,103.45,1,-1,-1,-1
352,15537,475.98,190.57,51.88,127.41,1,-1,-1,-1
352,15538,392.04,186.68,63.99,136.01,1,-1,-1,-1
352,15581,203.32,194.22,32.64,108.95,1,-1,-1,-1
352,15589,1.65,49.59,149.75,419.66,1,-1,-1,-1
352,15593,535.68,207.41,43.82,103.66,1,-1,-1,-1
352,15597,247.98,193.40,28.37,107.96,1,-1,-1,-1
353,15538,389.86,187.00,64.48,137.44,1,-1,-1,-1
353,15581,200.87,194.59,32.39,108.64,1,-1,-1,-1
353,15589,-7.13,43.79,154.01,431.61,1,-1,-1,-1
353,15593,536.31,207.73,42.83,102.13,1,-1,-1,-1
353,15597,246.51,196.79,28.23,106.57,1,-1,-1,-1
354,15538,389.11,187.12,64.57,137.98,1,-1,-1,-1
354,15581,200.07,194.73,32.21,108.51,1,-1,-1,-1
354,15593,536.75,207.85,42.26,101.53,1,-1,-1,-1
354,15597,245.99,197.97,28.36,106.08,1,-1,-1,-1
