1,10668,391.98,187.49,65.44,136.58,1,-1,-1,-1
1,10693,476.53,191.77,49.78,125.90,1,-1,-1,-1
1,10696,243.83,193.40,32.25,104.00,1,-1,-1,-1
1,10708,534.35,204.99,41.20,107.34,1,-1,-1,-1
1,10709,203.97,185.94,36.32,119.24,1,-1,-1,-1
1,10710,-4.56,76.60,163.40,408.83,1,-1,-1,-1
26,10714,1037.00,150.00,41.00,129.00,1,-1,-1,-1
27,10714,1037.00,150.00,41.00,129.00,1,-1,-1,-1
28,10714,1037.00,150.00,41.00,129.00,1,-1,-1,-1
29,10714,1037.00,150.00,41.00,129.00,1,-1,-1,-1
30,10714,1037.00,150.00,41.00,129.00,1,-1,-1,-1
31,10714,1037.00,150.00,41.00,129.00,1,-1,-1,-1
46,10715,237.00,165.00,48.00,96.00,1,-1,-1,-1
47,10715,237.00,165.00,48.00,96.00,1,-1,-1,-1
48,10715,237.00,165.00,48.00,96.00,1,-1,-1,-1
49,10715,237.00,165.00,48.00,96.00,1,-1,-1,-1
50,10715,237.00,165.00,48.00,96.00,1,-1,-1,-1
51,10715,237.00,165.00,48.00,96.00,1,-1,-1,-1
51,10716,94.00,191.00,51.00,102.00,1,-1,-1,-1
52,10716,94.00,191.00,51.00,102.00,1,-1,-1,-1
53,10716,94.00,191.00,51.00,102.00,1,-1,-1,-1
54,10716,94.00,191.00,51.00,102.00,1,-1,-1,-1
55,10716,94.00,191.00,51.00,102.00,1,-1,-1,-1
56,10716,94.00,191.00,51.00,102.00,1,-1,-1,-1
66,10716,90.07,198.87,50.02,100.03,1,-1,-1,-1
67,10716,89.93,199.13,49.98,99.97,1,-1,-1,-1
68,10716,89.88,199.23,49.97,99.94,1,-1,-1,-1
69,10716,89.87,199.25,49.97,99.94,1,-1,-1,-1
70,10716,89.88,199.24,49.97,99.94,1,-1,-1,-1
71,10716,89.67,199.65,49.92,99.84,1,-1,-1,-1
71,10717,864.00,172.00,46.00,100.00,1,-1,-1,-1
71,10718,954.00,162.00,36.00,106.00,1,-1,-1,-1
72,10717,864.00,172.00,46.00,100.00,1,-1,-1,-1
72,10718,954.00,162.00,36.00,106.00,1,-1,-1,-1
73,10717,864.00,172.00,46.00,100.00,1,-1,-1,-1
73,10718,954.00,162.00,36.00,106.00,1,-1,-1,-1
74,10717,864.00,172.00,46.00,100.00,1,-1,-1,-1
74,10718,954.00,162.00,36.00,106.00,1,-1,-1,-1
75,10717,864.00,172.00,46.00,100.00,1,-1,-1,-1
75,10718,954.00,162.00,36.00,106.00,1,-1,-1,-1
76,10717,864.00,172.00,46.00,100.00,1,-1,-1,-1
76,10718,954.00,162.00,36.00,106.00,1,-1,-1,-1
76,10719,775.00,150.00,43.00,107.00,1,-1,-1,-1
76,10720,990.00,155.00,90.00,172.00,1,-1,-1,-1
76,10721,189.00,167.00,50.00,91.00,1,-1,-1,-1
77,10719,775.00,150.00,43.00,107.00,1,-1,-1,-1
77,10720,990.00,155.00,90.00,172.00,1,-1,-1,-1
77,10721,189.00,167.00,50.00,91.00,1,-1,-1,-1
78,10715,190.82,166.99,46.61,91.01,1,-1,-1,-1
78,10719,775.00,150.00,43.00,107.00,1,-1,-1,-1
78,10720,990.00,155.00,90.00,172.00,1,-1,-1,-1
79,10715,189.90,167.02,47.27,90.95,1,-1,-1,-1
79,10719,775.00,150.00,43.00,107.00,1,-1,-1,-1
79,10720,990.00,155.00,90.00,172.00,1,-1,-1,-1
80,10715,189.44,167.03,47.73,90.93,1,-1,-1,-1
80,10719,775.00,150.00,43.00,107.00,1,-1,-1,-1
80,10720,990.00,155.00,90.00,172.00,1,-1,-1,-1
81,10715,190.26,171.66,50.67,96.21,1,-1,-1,-1
81,10719,775.00,150.00,43.00,107.00,1,-1,-1,-1
81,10720,990.00,155.00,90.00,172.00,1,-1,-1,-1
81,10722,807.00,175.00,48.00,96.00,1,-1,-1,-1
82,10715,190.55,173.37,51.82,98.17,1,-1,-1,-1
82,10722,807.00,175.00,48.00,96.00,1,-1,-1,-1
83,10715,190.68,174.02,52.31,98.92,1,-1,-1,-1
83,10722,807.00,175.00,48.00,96.00,1,-1,-1,-1
84,10715,190.75,174.25,52.54,99.19,1,-1,-1,-1
84,10722,807.00,175.00,48.00,96.00,1,-1,-1,-1
85,10715,190.79,174.31,52.65,99.27,1,-1,-1,-1
85,10722,807.00,175.00,48.00,96.00,1,-1,-1,-1
86,10715,190.07,174.90,52.93,99.81,1,-1,-1,-1
86,10722,807.00,175.00,48.00,96.00,1,-1,-1,-1
86,10723,896.00,192.00,54.00,111.00,1,-1,-1,-1
86,10724,884.00,198.00,40.00,116.00,1,-1,-1,-1
86,10725,948.00,170.00,100.00,178.00,1,-1,-1,-1
87,10723,896.00,192.00,54.00,111.00,1,-1,-1,-1
87,10724,884.00,198.00,40.00,116.00,1,-1,-1,-1
87,10725,948.00,170.00,100.00,178.00,1,-1,-1,-1
88,10723,896.00,192.00,54.00,111.00,1,-1,-1,-1
88,10724,884.00,198.00,40.00,116.00,1,-1,-1,-1
88,10725,948.00,170.00,100.00,178.00,1,-1,-1,-1
89,10723,896.00,192.00,54.00,111.00,1,-1,-1,-1
89,10724,884.00,198.00,40.00,116.00,1,-1,-1,-1
89,10725,948.00,170.00,100.00,178.00,1,-1,-1,-1
90,10723,896.00,192.00,54.00,111.00,1,-1,-1,-1
90,10724,884.00,198.00,40.00,116.00,1,-1,-1,-1
90,10725,948.00,170.00,100.00,178.00,1,-1,-1,-1
91,10723,896.00,192.00,54.00,111.00,1,-1,-1,-1
91,10724,884.00,198.00,40.00,116.00,1,-1,-1,-1
91,10725,948.00,170.00,100.00,178.00,1,-1,-1,-1
91,10726,1121.00,244.00,103.00,128.00,1,-1,-1,-1
92,10726,1121.00,244.00,103.00,128.00,1,-1,-1,-1
93,10726,1121.00,244.00,103.00,128.00,1,-1,-1,-1
94,10726,1121.00,244.00,103.00,128.00,1,-1,-1,-1
95,10726,1121.00,244.00,103.00,128.00,1,-1,-1,-1
96,10726,1121.00,244.00,103.00,128.00,1,-1,-1,-1
96,10727,728.00,151.00,54.00,89.00,1,-1,-1,-1
96,10728,189.00,172.00,49.00,101.00,1,-1,-1,-1
97,10727,728.00,151.00,54.00,89.00,1,-1,-1,-1
97,10728,189.00,172.00,49.00,101.00,1,-1,-1,-1
98,10715,187.03,172.27,52.73,101.14,1,-1,-1,-1
98,10727,728.00,151.00,54.00,89.00,1,-1,-1,-1
99,10715,187.32,172.09,52.08,101.12,1,-1,-1,-1
99,10727,728.00,151.00,54.00,89.00,1,-1,-1,-1
100,10715,187.53,172.04,51.62,101.12,1,-1,-1,-1
100,10727,728.00,151.00,54.00,89.00,1,-1,-1,-1
101,10715,187.17,172.07,51.72,101.33,1,-1,-1,-1
101,10727,728.00,151.00,54.00,89.00,1,-1,-1,-1
101,10729,1055.00,173.00,44.00,77.00,1,-1,-1,-1
102,10729,1055.00,173.00,44.00,77.00,1,-1,-1,-1
103,10729,1055.00,173.00,44.00,77.00,1,-1,-1,-1
104,10729,1055.00,173.00,44.00,77.00,1,-1,-1,-1
105,10729,1055.00,173.00,44.00,77.00,1,-1,-1,-1
106,10729,1055.00,173.00,44.00,77.00,1,-1,-1,-1
106,10730,1184.00,158.00,48.00,121.00,1,-1,-1,-1
106,10731,1012.00,163.00,44.00,82.00,1,-1,-1,-1
106,10732,900.00,186.00,63.00,58.00,1,-1,-1,-1
107,10730,1184.00,158.00,48.00,121.00,1,-1,-1,-1
107,10731,1012.00,163.00,44.00,82.00,1,-1,-1,-1
107,10732,900.00,186.00,63.00,58.00,1,-1,-1,-1
108,10730,1184.00,158.00,48.00,121.00,1,-1,-1,-1
108,10731,1012.00,163.00,44.00,82.00,1,-1,-1,-1
108,10732,900.00,186.00,63.00,58.00,1,-1,-1,-1
109,10730,1184.00,158.00,48.00,121.00,1,-1,-1,-1
109,10731,1012.00,163.00,44.00,82.00,1,-1,-1,-1
109,10732,900.00,186.00,63.00,58.00,1,-1,-1,-1
110,10730,1184.00,158.00,48.00,121.00,1,-1,-1,-1
110,10731,1012.00,163.00,44.00,82.00,1,-1,-1,-1
110,10732,900.00,186.00,63.00,58.00,1,-1,-1,-1
111,10730,1184.00,158.00,48.00,121.00,1,-1,-1,-1
111,10731,1012.00,163.00,44.00,82.00,1,-1,-1,-1
111,10732,900.00,186.00,63.00,58.00,1,-1,-1,-1
111,10733,956.00,187.00,57.00,73.00,1,-1,-1,-1
111,10734,1097.00,162.00,48.00,96.00,1,-1,-1,-1
112,10733,956.00,187.00,57.00,73.00,1,-1,-1,-1
112,10734,1097.00,162.00,48.00,96.00,1,-1,-1,-1
113,10733,956.00,187.00,57.00,73.00,1,-1,-1,-1
113,10734,1097.00,162.00,48.00,96.00,1,-1,-1,-1
114,10733,956.00,187.00,57.00,73.00,1,-1,-1,-1
114,10734,1097.00,162.00,48.00,96.00,1,-1,-1,-1
115,10733,956.00,187.00,57.00,73.00,1,-1,-1,-1
115,10734,1097.00,162.00,48.00,96.00,1,-1,-1,-1
116,10733,956.00,187.00,57.00,73.00,1,-1,-1,-1
116,10734,1097.00,162.00,48.00,96.00,1,-1,-1,-1
121,10735,387.00,157.00,45.00,106.00,1,-1,-1,-1
122,10735,387.00,157.00,45.00,106.00,1,-1,-1,-1
123,10735,387.00,157.00,45.00,106.00,1,-1,-1,-1
124,10735,387.00,157.00,45.00,106.00,1,-1,-1,-1
125,10735,387.00,157.00,45.00,106.00,1,-1,-1,-1
126,10735,387.00,157.00,45.00,106.00,1,-1,-1,-1
126,10736,300.00,166.00,45.00,143.00,1,-1,-1,-1
127,10736,300.00,166.00,45.00,143.00,1,-1,-1,-1
128,10736,300.00,166.00,45.00,143.00,1,-1,-1,-1
129,10736,300.00,166.00,45.00,143.00,1,-1,-1,-1
130,10736,300.00,166.00,45.00,143.00,1,-1,-1,-1
131,10736,300.00,166.00,45.00,143.00,1,-1,-1,-1
131,10737,141.00,185.00,68.00,182.00,1,-1,-1,-1
132,10737,141.00,185.00,68.00,182.00,1,-1,-1,-1
133,10737,141.00,185.00,68.00,182.00,1,-1,-1,-1
134,10737,141.00,185.00,68.00,182.00,1,-1,-1,-1
135,10737,141.00,185.00,68.00,182.00,1,-1,-1,-1
136,10737,141.00,185.00,68.00,182.00,1,-1,-1,-1
161,10738,846.00,163.00,51.00,91.00,1,-1,-1,-1
162,10738,846.00,163.00,51.00,91.00,1,-1,-1,-1
163,10738,846.00,163.00,51.00,91.00,1,-1,-1,-1
164,10738,846.00,163.00,51.00,91.00,1,-1,-1,-1
165,10738,846.00,163.00,51.00,91.00,1,-1,-1,-1
166,10738,846.00,163.00,51.00,91.00,1,-1,-1,-1
226,10739,845.00,203.00,45.00,104.00,1,-1,-1,-1
227,10739,845.00,203.00,45.00,104.00,1,-1,-1,-1
228,10739,845.00,203.00,45.00,104.00,1,-1,-1,-1
229,10739,845.00,203.00,45.00,104.00,1,-1,-1,-1
230,10739,845.00,203.00,45.00,104.00,1,-1,-1,-1
231,10739,845.00,203.00,45.00,104.00,1,-1,-1,-1
231,10740,940.00,162.00,76.00,191.00,1,-1,-1,-1
232,10740,940.00,162.00,76.00,191.00,1,-1,-1,-1
233,10740,940.00,162.00,76.00,191.00,1,-1,-1,-1
234,10740,940.00,162.00,76.00,191.00,1,-1,-1,-1
235,10740,940.00,162.00,76.00,191.00,1,-1,-1,-1
236,10740,940.00,162.00,76.00,191.00,1,-1,-1,-1
251,10741,384.00,176.00,52.00,95.00,1,-1,-1,-1
252,10741,384.00,176.00,52.00,95.00,1,-1,-1,-1
253,10741,384.00,176.00,52.00,95.00,1,-1,-1,-1
254,10741,384.00,176.00,52.00,95.00,1,-1,-1,-1
255,10741,384.00,176.00,52.00,95.00,1,-1,-1,-1
256,10741,382.06,167.52,56.58,104.90,1,-1,-1,-1
256,10742,280.00,161.00,61.00,166.00,1,-1,-1,-1
257,10741,381.72,164.59,57.50,108.32,1,-1,-1,-1
257,10742,280.00,161.00,61.00,166.00,1,-1,-1,-1
258,10741,381.92,163.53,57.20,109.55,1,-1,-1,-1
258,10742,280.00,161.00,61.00,166.00,1,-1,-1,-1
259,10741,382.32,163.21,56.42,109.92,1,-1,-1,-1
259,10742,280.00,161.00,61.00,166.00,1,-1,-1,-1
260,10741,382.79,163.16,55.49,109.97,1,-1,-1,-1
260,10742,280.00,161.00,61.00,166.00,1,-1,-1,-1
261,10741,382.42,161.69,56.36,111.69,1,-1,-1,-1
261,10742,310.90,172.31,55.06,151.86,1,-1,-1,-1
261,10743,94.00,136.00,78.00,248.00,1,-1,-1,-1
262,10742,322.19,176.36,52.46,146.80,1,-1,-1,-1
262,10743,94.00,136.00,78.00,248.00,1,-1,-1,-1
263,10742,325.93,177.60,51.13,145.24,1,-1,-1,-1
263,10743,94.00,136.00,78.00,248.00,1,-1,-1,-1
264,10742,327.20,177.93,50.20,144.83,1,-1,-1,-1
264,10743,94.00,136.00,78.00,248.00,1,-1,-1,-1
265,10742,327.65,177.96,49.42,144.81,1,-1,-1,-1
265,10743,94.00,136.00,78.00,248.00,1,-1,-1,-1
266,10742,332.83,192.79,42.09,120.50,1,-1,-1,-1
266,10743,94.00,136.00,78.00,248.00,1,-1,-1,-1
266,10744,855.00,164.00,44.00,117.00,1,-1,-1,-1
267,10742,334.08,198.28,39.78,111.43,1,-1,-1,-1
267,10744,855.00,164.00,44.00,117.00,1,-1,-1,-1
268,10742,334.08,199.90,39.62,108.75,1,-1,-1,-1
268,10744,855.00,164.00,44.00,117.00,1,-1,-1,-1
269,10742,333.73,200.32,40.10,108.03,1,-1,-1,-1
269,10744,855.00,164.00,44.00,117.00,1,-1,-1,-1
270,10742,333.26,200.34,40.77,107.96,1,-1,-1,-1
270,10744,855.00,164.00,44.00,117.00,1,-1,-1,-1
271,10742,336.03,202.93,39.28,104.02,1,-1,-1,-1
271,10744,855.00,164.00,44.00,117.00,1,-1,-1,-1
271,10745,1043.00,153.00,73.00,213.00,1,-1,-1,-1
271,10746,1126.00,155.00,93.00,200.00,1,-1,-1,-1
272,10745,1043.00,153.00,73.00,213.00,1,-1,-1,-1
272,10746,1126.00,155.00,93.00,200.00,1,-1,-1,-1
273,10745,1043.00,153.00,73.00,213.00,1,-1,-1,-1
273,10746,1126.00,155.00,93.00,200.00,1,-1,-1,-1
274,10745,1043.00,153.00,73.00,213.00,1,-1,-1,-1
274,10746,1126.00,155.00,93.00,200.00,1,-1,-1,-1
275,10745,1043.00,153.00,73.00,213.00,1,-1,-1,-1
275,10746,1126.00,155.00,93.00,200.00,1,-1,-1,-1
276,10743,292.93,206.80,41.02,126.07,1,-1,-1,-1
276,10745,1043.00,153.00,73.00,213.00,1,-1,-1,-1
276,10746,1126.00,155.00,93.00,200.00,1,-1,-1,-1
277,10743,297.23,208.51,41.14,123.12,1,-1,-1,-1
278,10743,299.27,209.39,41.53,121.61,1,-1,-1,-1
279,10743,299.13,209.47,42.23,121.47,1,-1,-1,-1
280,10743,298.38,209.32,42.96,121.73,1,-1,-1,-1
281,10743,305.30,211.74,41.49,117.55,1,-1,-1,-1
281,10747,165.00,172.00,79.00,200.00,1,-1,-1,-1
282,10747,165.00,172.00,79.00,200.00,1,-1,-1,-1
283,10747,165.00,172.00,79.00,200.00,1,-1,-1,-1
284,10747,165.00,172.00,79.00,200.00,1,-1,-1,-1
285,10747,165.00,172.00,79.00,200.00,1,-1,-1,-1
286,10747,165.00,172.00,79.00,200.00,1,-1,-1,-1
286,10748,381.00,153.00,32.00,127.00,1,-1,-1,-1
287,10743,374.81,154.99,42.54,126.07,1,-1,-1,-1
288,10743,379.51,152.10,41.11,126.32,1,-1,-1,-1
289,10743,381.20,151.18,39.94,126.47,1,-1,-1,-1
290,10743,381.82,150.97,38.97,126.56,1,-1,-1,-1
291,10742,293.07,185.03,46.93,128.95,1,-1,-1,-1
291,10743,389.44,147.27,38.77,125.88,1,-1,-1,-1
292,10742,292.78,184.73,45.93,129.35,1,-1,-1,-1
293,10742,293.02,184.67,45.14,129.44,1,-1,-1,-1
294,10742,293.32,184.67,44.54,129.44,1,-1,-1,-1
295,10742,293.59,184.68,44.06,129.43,1,-1,-1,-1
296,10742,292.08,184.17,44.29,130.11,1,-1,-1,-1
296,10749,68.00,160.00,89.00,206.00,1,-1,-1,-1
296,10750,125.00,168.00,96.00,206.00,1,-1,-1,-1
297,10749,68.00,160.00,89.00,206.00,1,-1,-1,-1
297,10750,125.00,168.00,96.00,206.00,1,-1,-1,-1
298,10749,68.00,160.00,89.00,206.00,1,-1,-1,-1
298,10750,125.00,168.00,96.00,206.00,1,-1,-1,-1
299,10749,68.00,160.00,89.00,206.00,1,-1,-1,-1
299,10750,125.00,168.00,96.00,206.00,1,-1,-1,-1
300,10749,68.00,160.00,89.00,206.00,1,-1,-1,-1
300,10750,125.00,168.00,96.00,206.00,1,-1,-1,-1
301,10746,901.00,170.95,85.48,190.03,1,-1,-1,-1
301,10749,68.00,160.00,89.00,206.00,1,-1,-1,-1
301,10750,125.00,168.00,96.00,206.00,1,-1,-1,-1
302,10746,898.83,171.17,83.56,189.90,1,-1,-1,-1
303,10746,898.28,171.25,82.24,189.84,1,-1,-1,-1
304,10746,898.58,171.26,81.27,189.84,1,-1,-1,-1
305,10746,899.16,171.25,80.53,189.84,1,-1,-1,-1
306,10742,287.29,202.90,44.57,131.26,1,-1,-1,-1
306,10746,893.22,171.67,80.41,189.58,1,-1,-1,-1
307,10742,287.36,203.89,44.46,131.20,1,-1,-1,-1
308,10742,287.37,204.22,44.40,131.19,1,-1,-1,-1
309,10742,287.41,204.33,44.35,131.18,1,-1,-1,-1
310,10742,287.46,204.35,44.30,131.16,1,-1,-1,-1
311,10742,286.78,204.96,44.39,131.43,1,-1,-1,-1
311,10750,222.41,143.42,102.76,217.80,1,-1,-1,-1
312,10750,225.33,142.56,103.99,218.21,1,-1,-1,-1
313,10750,226.11,142.25,104.91,218.36,1,-1,-1,-1
314,10750,226.02,142.18,105.65,218.39,1,-1,-1,-1
315,10750,225.61,142.21,106.26,218.38,1,-1,-1,-1
316,10750,230.88,140.89,106.57,219.01,1,-1,-1,-1
326,10751,431.00,168.00,40.00,113.00,1,-1,-1,-1
327,10751,431.00,168.00,40.00,113.00,1,-1,-1,-1
328,10750,421.70,166.90,53.41,115.90,1,-1,-1,-1
329,10750,427.24,167.99,49.86,112.63,1,-1,-1,-1
330,10750,430.19,168.28,47.83,111.44,1,-1,-1,-1
331,10750,439.64,169.16,45.91,106.97,1,-1,-1,-1
331,10752,376.00,170.00,45.00,144.00,1,-1,-1,-1
332,10746,372.12,170.06,56.47,144.19,1,-1,-1,-1
333,10746,367.12,170.00,53.62,143.62,1,-1,-1,-1
334,10746,365.12,169.98,51.83,143.37,1,-1,-1,-1
335,10746,365.37,169.98,50.62,143.34,1,-1,-1,-1
336,10742,281.42,183.25,63.89,178.73,1,-1,-1,-1
336,10746,351.18,169.94,50.19,142.11,1,-1,-1,-1
336,10753,760.00,144.00,45.00,131.00,1,-1,-1,-1
337,10742,280.38,182.79,66.24,179.58,1,-1,-1,-1
337,10753,760.00,144.00,45.00,131.00,1,-1,-1,-1
338,10742,279.72,182.63,67.68,179.86,1,-1,-1,-1
338,10753,760.00,144.00,45.00,131.00,1,-1,-1,-1
339,10742,279.25,182.60,68.65,179.91,1,-1,-1,-1
339,10753,760.00,144.00,45.00,131.00,1,-1,-1,-1
340,10742,278.90,182.60,69.35,179.88,1,-1,-1,-1
340,10753,760.00,144.00,45.00,131.00,1,-1,-1,-1
