1,3934,415.36,111.90,48.11,154.96,1,-1,-1,-1
1,3937,172.35,98.08,56.03,168.86,1,-1,-1,-1
1,3940,364.79,118.03,41.87,140.29,1,-1,-1,-1
1,3941,141.87,88.13,63.87,187.23,1,-1,-1,-1
1,3942,319.03,107.17,45.25,148.90,1,-1,-1,-1
1,3943,1358.00,426.00,174.00,340.00,1,-1,-1,-1
2,3943,1358.00,426.00,174.00,340.00,1,-1,-1,-1
3,3943,1358.00,426.00,174.00,340.00,1,-1,-1,-1
4,3943,1358.00,426.00,174.00,340.00,1,-1,-1,-1
5,3943,1358.00,426.00,174.00,340.00,1,-1,-1,-1
6,3943,1367.13,418.93,185.44,366.87,1,-1,-1,-1
7,3943,1371.18,416.48,187.64,376.19,1,-1,-1,-1
8,3943,1373.49,415.61,186.67,379.49,1,-1,-1,-1
9,3943,1375.10,415.35,184.51,380.47,1,-1,-1,-1
10,3943,1376.45,415.31,181.98,380.60,1,-1,-1,-1
11,3943,1377.90,414.10,184.18,385.22,1,-1,-1,-1
16,3943,1481.34,428.29,173.01,365.59,1,-1,-1,-1
17,3943,1490.39,429.62,170.45,363.40,1,-1,-1,-1
18,3943,1493.85,430.03,168.87,362.77,1,-1,-1,-1
19,3943,1495.22,430.17,167.62,362.52,1,-1,-1,-1
20,3943,1495.73,430.21,166.59,362.40,1,-1,-1,-1
21,3943,1505.65,431.52,168.56,364.96,1,-1,-1,-1
22,3943,1508.97,432.00,169.70,365.91,1,-1,-1,-1
23,3943,1509.81,432.17,170.48,366.24,1,-1,-1,-1
24,3943,1509.74,432.22,171.09,366.34,1,-1,-1,-1
25,3943,1509.37,432.22,171.60,366.36,1,-1,-1,-1
26,3943,1567.03,411.29,178.68,382.02,1,-1,-1,-1
27,3943,1588.57,403.46,181.18,387.87,1,-1,-1,-1
28,3943,1596.68,400.47,182.00,390.08,1,-1,-1,-1
29,3943,1599.49,399.38,182.17,390.85,1,-1,-1,-1
30,3943,1600.28,399.04,182.10,391.08,1,-1,-1,-1
31,3943,1614.33,398.97,190.29,405.38,1,-1,-1,-1
32,3943,1619.04,398.98,194.20,410.73,1,-1,-1,-1
33,3943,1620.18,399.05,196.41,412.72,1,-1,-1,-1
34,3943,1619.99,399.13,197.87,413.38,1,-1,-1,-1
35,3943,1619.34,399.20,198.98,413.53,1,-1,-1,-1
36,3943,1630.16,401.87,203.97,417.39,1,-1,-1,-1
37,3943,1633.24,402.92,207.49,418.78,1,-1,-1,-1
38,3943,1633.44,403.35,210.29,419.23,1,-1,-1,-1
39,3943,1632.61,403.54,212.66,419.32,1,-1,-1,-1
40,3943,1631.47,403.63,214.74,419.27,1,-1,-1,-1
41,3943,1642.28,386.78,240.70,477.68,1,-1,-1,-1
42,3943,1647.56,380.60,247.76,499.12,1,-1,-1,-1
43,3943,1650.46,378.12,248.58,507.70,1,-1,-1,-1
44,3943,1652.30,377.21,246.98,510.85,1,-1,-1,-1
45,3943,1653.66,376.93,244.62,511.83,1,-1,-1,-1
46,3943,1658.60,374.88,248.10,519.11,1,-1,-1,-1
61,3944,536.00,428.00,162.00,316.00,1,-1,-1,-1
62,3944,536.00,428.00,162.00,316.00,1,-1,-1,-1
63,3944,536.00,428.00,162.00,316.00,1,-1,-1,-1
64,3944,536.00,428.00,162.00,316.00,1,-1,-1,-1
65,3944,536.00,428.00,162.00,316.00,1,-1,-1,-1
66,3944,529.19,422.34,165.72,324.48,1,-1,-1,-1
67,3944,527.04,420.36,166.56,327.45,1,-1,-1,-1
68,3944,526.54,419.69,166.38,328.47,1,-1,-1,-1
69,3944,526.65,419.50,165.83,328.76,1,-1,-1,-1
70,3944,526.96,419.47,165.15,328.79,1,-1,-1,-1
71,3944,530.25,422.16,161.30,318.11,1,-1,-1,-1
72,3944,531.12,423.23,160.65,314.01,1,-1,-1,-1
73,3944,531.05,423.63,161.23,312.50,1,-1,-1,-1
74,3944,530.65,423.79,162.23,311.96,1,-1,-1,-1
75,3944,530.15,423.86,163.32,311.78,1,-1,-1,-1
76,3944,528.07,425.21,168.86,319.66,1,-1,-1,-1
77,3944,526.90,425.72,171.74,322.60,1,-1,-1,-1
78,3944,526.10,425.92,173.55,323.72,1,-1,-1,-1
79,3944,525.48,425.99,174.89,324.12,1,-1,-1,-1
80,3944,524.95,426.02,175.99,324.26,1,-1,-1,-1
81,3944,530.75,428.64,174.85,322.98,1,-1,-1,-1
82,3944,533.07,429.63,174.18,322.48,1,-1,-1,-1
83,3944,534.05,429.99,173.70,322.28,1,-1,-1,-1
84,3944,534.50,430.12,173.32,322.19,1,-1,-1,-1
85,3944,534.74,430.16,173.00,322.15,1,-1,-1,-1
86,3944,532.80,434.08,167.78,314.29,1,-1,-1,-1
87,3944,532.29,435.56,165.27,311.28,1,-1,-1,-1
88,3944,532.33,436.10,163.88,310.18,1,-1,-1,-1
89,3944,532.56,436.27,162.94,309.79,1,-1,-1,-1
90,3944,532.84,436.32,162.21,309.67,1,-1,-1,-1
91,3944,536.76,438.93,163.50,310.96,1,-1,-1,-1
92,3944,538.07,439.90,164.33,311.46,1,-1,-1,-1
93,3944,538.40,440.24,164.95,311.67,1,-1,-1,-1
94,3944,538.37,440.35,165.46,311.76,1,-1,-1,-1
95,3944,538.22,440.36,165.91,311.81,1,-1,-1,-1
96,3944,538.68,441.00,165.76,311.53,1,-1,-1,-1
106,3944,530.62,442.17,167.48,317.71,1,-1,-1,-1
107,3944,530.79,442.16,166.46,317.99,1,-1,-1,-1
108,3944,531.10,442.16,165.61,318.09,1,-1,-1,-1
109,3944,531.42,442.15,164.90,318.12,1,-1,-1,-1
110,3944,531.71,442.14,164.31,318.12,1,-1,-1,-1
111,3944,531.43,442.36,164.41,318.33,1,-1,-1,-1
116,3944,528.93,434.74,179.11,347.62,1,-1,-1,-1
117,3944,528.90,434.11,179.99,349.97,1,-1,-1,-1
118,3944,528.97,433.88,180.15,350.80,1,-1,-1,-1
119,3944,529.06,433.81,180.07,351.05,1,-1,-1,-1
120,3944,529.15,433.80,179.90,351.08,1,-1,-1,-1
121,3944,535.42,441.58,182.92,357.52,1,-1,-1,-1
122,3944,537.88,444.54,183.90,359.91,1,-1,-1,-1
123,3944,538.87,445.67,184.13,360.77,1,-1,-1,-1
124,3944,539.29,446.09,184.08,361.02,1,-1,-1,-1
125,3944,539.48,446.23,183.93,361.05,1,-1,-1,-1
126,3944,537.05,437.18,179.74,359.71,1,-1,-1,-1
127,3944,537.00,433.71,176.34,359.14,1,-1,-1,-1
128,3944,537.77,432.40,173.44,358.87,1,-1,-1,-1
129,3944,538.77,431.92,170.90,358.73,1,-1,-1,-1
130,3944,539.80,431.76,168.64,358.64,1,-1,-1,-1
131,3944,550.04,452.57,165.01,348.14,1,-1,-1,-1
132,3944,553.64,460.56,164.25,344.08,1,-1,-1,-1
133,3944,554.65,463.49,164.57,342.58,1,-1,-1,-1
134,3944,554.73,464.52,165.24,342.03,1,-1,-1,-1
135,3944,554.47,464.85,165.99,341.83,1,-1,-1,-1
136,3944,555.51,466.64,165.76,341.36,1,-1,-1,-1
141,3944,550.02,470.42,180.42,369.52,1,-1,-1,-1
142,3944,549.15,470.61,182.33,371.78,1,-1,-1,-1
143,3944,548.65,470.67,183.39,372.57,1,-1,-1,-1
144,3944,548.30,470.66,184.08,372.83,1,-1,-1,-1
145,3944,548.03,470.62,184.58,372.87,1,-1,-1,-1
146,3944,541.11,466.68,189.28,385.82,1,-1,-1,-1
147,3944,538.94,465.17,190.15,390.67,1,-1,-1,-1
148,3944,538.49,464.57,189.70,392.48,1,-1,-1,-1
149,3944,538.67,464.32,188.82,393.09,1,-1,-1,-1
150,3944,539.06,464.22,187.85,393.24,1,-1,-1,-1
151,3944,534.64,461.57,190.14,399.71,1,-1,-1,-1
152,3944,533.19,460.56,190.57,402.11,1,-1,-1,-1
153,3944,532.84,460.18,190.33,402.95,1,-1,-1,-1
154,3944,532.91,460.03,189.86,403.19,1,-1,-1,-1
155,3944,533.12,459.97,189.35,403.21,1,-1,-1,-1
156,3944,530.33,458.66,185.82,394.06,1,-1,-1,-1
157,3944,529.11,458.16,184.81,390.47,1,-1,-1,-1
158,3944,528.50,457.98,184.77,389.09,1,-1,-1,-1
159,3944,528.14,457.91,185.07,388.55,1,-1,-1,-1
160,3944,527.89,457.90,185.46,388.33,1,-1,-1,-1
161,3944,524.95,464.43,184.83,390.85,1,-1,-1,-1
162,3944,524.34,466.91,183.61,391.79,1,-1,-1,-1
163,3944,524.58,467.83,182.26,392.13,1,-1,-1,-1
164,3944,525.11,468.16,180.96,392.24,1,-1,-1,-1
165,3944,525.69,468.27,179.74,392.27,1,-1,-1,-1
166,3944,522.68,465.68,194.93,427.49,1,-1,-1,-1
167,3944,521.85,464.72,199.98,440.51,1,-1,-1,-1
168,3944,521.79,464.33,201.48,445.59,1,-1,-1,-1
169,3944,522.02,464.17,201.58,447.44,1,-1,-1,-1
170,3944,522.33,464.10,201.18,448.02,1,-1,-1,-1
171,3944,523.98,456.33,205.72,458.44,1,-1,-1,-1
171,3945,826.00,432.00,136.00,334.00,1,-1,-1,-1
172,3944,524.66,453.36,207.33,462.32,1,-1,-1,-1
172,3945,826.00,432.00,136.00,334.00,1,-1,-1,-1
173,3944,524.98,452.23,207.83,463.69,1,-1,-1,-1
173,3945,826.00,432.00,136.00,334.00,1,-1,-1,-1
174,3944,525.16,451.82,207.90,464.08,1,-1,-1,-1
174,3945,826.00,432.00,136.00,334.00,1,-1,-1,-1
175,3944,525.27,451.68,207.81,464.10,1,-1,-1,-1
175,3945,826.00,432.00,136.00,334.00,1,-1,-1,-1
176,3944,532.03,454.24,202.08,452.34,1,-1,-1,-1
176,3945,826.00,432.00,136.00,334.00,1,-1,-1,-1
177,3944,534.77,455.25,199.57,447.67,1,-1,-1,-1
178,3944,535.91,455.64,198.38,445.85,1,-1,-1,-1
179,3944,536.42,455.80,197.71,445.12,1,-1,-1,-1
180,3944,536.69,455.86,197.26,444.80,1,-1,-1,-1
181,3944,544.26,453.28,200.41,449.86,1,-1,-1,-1
182,3944,546.86,452.31,202.07,451.74,1,-1,-1,-1
183,3944,547.60,451.96,203.11,452.42,1,-1,-1,-1
184,3944,547.65,451.83,203.88,452.63,1,-1,-1,-1
185,3944,547.46,451.80,204.50,452.66,1,-1,-1,-1
186,3944,601.74,447.89,205.43,464.37,1,-1,-1,-1
187,3944,623.34,446.43,203.39,468.75,1,-1,-1,-1
188,3944,632.55,445.88,200.47,470.37,1,-1,-1,-1
189,3944,636.80,445.70,197.43,470.92,1,-1,-1,-1
190,3944,639.07,445.65,194.52,471.06,1,-1,-1,-1
191,3944,659.48,461.26,170.79,416.44,1,-1,-1,-1
191,3945,943.43,410.18,145.07,353.83,1,-1,-1,-1
192,3944,667.31,467.47,160.88,394.73,1,-1,-1,-1
192,3945,945.87,409.67,146.01,354.30,1,-1,-1,-1
193,3944,670.12,469.60,156.94,387.27,1,-1,-1,-1
193,3945,946.58,409.48,146.65,354.47,1,-1,-1,-1
194,3944,671.17,470.33,155.12,384.74,1,-1,-1,-1
194,3945,946.55,409.44,147.13,354.51,1,-1,-1,-1
195,3944,671.55,470.55,154.08,383.98,1,-1,-1,-1
195,3945,946.26,409.46,147.50,354.49,1,-1,-1,-1
196,3944,666.76,465.27,163.23,409.10,1,-1,-1,-1
196,3945,946.86,412.11,147.15,351.84,1,-1,-1,-1
197,3944,665.23,463.34,166.03,418.30,1,-1,-1,-1
197,3945,946.75,413.15,147.36,350.81,1,-1,-1,-1
198,3944,664.70,462.56,166.69,421.94,1,-1,-1,-1
198,3945,946.42,413.56,147.74,350.41,1,-1,-1,-1
199,3944,664.58,462.25,166.53,423.35,1,-1,-1,-1
199,3945,946.03,413.72,148.14,350.24,1,-1,-1,-1
200,3944,664.62,462.13,166.08,423.88,1,-1,-1,-1
200,3945,945.65,413.80,148.53,350.17,1,-1,-1,-1
201,3944,657.16,452.96,179.38,457.95,1,-1,-1,-1
201,3945,940.68,402.08,158.12,373.66,1,-1,-1,-1
202,3944,654.40,449.56,184.28,470.59,1,-1,-1,-1
202,3945,938.91,397.73,161.47,382.37,1,-1,-1,-1
203,3944,653.24,448.23,186.17,475.51,1,-1,-1,-1
203,3945,938.21,396.05,162.59,385.74,1,-1,-1,-1
204,3944,652.76,447.74,186.83,477.30,1,-1,-1,-1
204,3945,937.95,395.46,162.83,386.95,1,-1,-1,-1
205,3944,652.54,447.58,187.01,477.86,1,-1,-1,-1
205,3945,937.86,395.28,162.75,387.32,1,-1,-1,-1
206,3944,658.09,451.42,191.23,488.29,1,-1,-1,-1
206,3945,939.26,393.88,163.84,389.91,1,-1,-1,-1
207,3944,660.14,452.90,192.87,492.18,1,-1,-1,-1
208,3944,660.86,453.49,193.52,493.56,1,-1,-1,-1
209,3944,661.07,453.73,193.77,493.95,1,-1,-1,-1
210,3944,661.09,453.82,193.88,493.99,1,-1,-1,-1
211,3944,671.67,457.76,185.60,464.08,1,-1,-1,-1
211,3945,963.10,398.89,157.75,376.45,1,-1,-1,-1
212,3944,674.92,459.30,183.93,452.27,1,-1,-1,-1
212,3945,965.12,399.49,156.78,374.98,1,-1,-1,-1
213,3944,675.25,459.85,184.90,447.95,1,-1,-1,-1
213,3945,965.91,399.67,156.31,374.53,1,-1,-1,-1
214,3944,674.59,460.05,186.72,446.37,1,-1,-1,-1
214,3945,966.21,399.74,155.99,374.35,1,-1,-1,-1
215,3944,673.62,460.12,188.71,445.80,1,-1,-1,-1
215,3945,966.31,399.78,155.75,374.27,1,-1,-1,-1
216,3944,677.12,457.51,186.84,440.37,1,-1,-1,-1
216,3945,957.83,395.89,158.15,386.00,1,-1,-1,-1
216,3946,818.00,408.00,144.00,406.00,1,-1,-1,-1
217,3944,678.27,456.51,186.38,438.35,1,-1,-1,-1
217,3945,955.25,394.43,157.77,390.39,1,-1,-1,-1
217,3946,818.00,408.00,144.00,406.00,1,-1,-1,-1
218,3944,678.52,456.14,186.43,437.64,1,-1,-1,-1
218,3945,954.77,393.89,156.52,392.03,1,-1,-1,-1
218,3946,818.00,408.00,144.00,406.00,1,-1,-1,-1
219,3944,678.46,456.00,186.66,437.41,1,-1,-1,-1
219,3945,955.05,393.71,155.06,392.61,1,-1,-1,-1
219,3946,818.00,408.00,144.00,406.00,1,-1,-1,-1
220,3944,678.29,455.96,186.94,437.37,1,-1,-1,-1
220,3945,955.57,393.66,153.62,392.77,1,-1,-1,-1
220,3946,818.00,408.00,144.00,406.00,1,-1,-1,-1
221,3944,679.82,455.83,186.45,436.25,1,-1,-1,-1
221,3945,955.75,393.05,154.20,394.25,1,-1,-1,-1
221,3946,818.00,408.00,144.00,406.00,1,-1,-1,-1
221,3947,1086.00,398.00,128.00,394.00,1,-1,-1,-1
222,3945,1047.01,396.70,151.44,394.40,1,-1,-1,-1
223,3945,1069.05,397.48,149.05,394.59,1,-1,-1,-1
224,3945,1077.48,397.76,146.91,394.64,1,-1,-1,-1
225,3945,1080.95,397.87,144.99,394.63,1,-1,-1,-1
226,3944,668.07,459.64,184.90,433.75,1,-1,-1,-1
226,3945,1082.01,401.83,145.53,401.10,1,-1,-1,-1
226,3946,810.26,421.37,163.30,465.20,1,-1,-1,-1
227,3944,667.20,459.95,184.47,433.64,1,-1,-1,-1
227,3945,1082.69,403.32,144.75,403.52,1,-1,-1,-1
227,3946,810.46,422.28,163.15,469.22,1,-1,-1,-1
228,3944,667.00,460.06,184.14,433.60,1,-1,-1,-1
228,3945,1083.13,403.89,143.59,404.40,1,-1,-1,-1
228,3946,810.97,422.58,162.22,470.58,1,-1,-1,-1
229,3944,667.01,460.09,183.87,433.60,1,-1,-1,-1
229,3945,1083.46,404.09,142.37,404.68,1,-1,-1,-1
229,3946,811.57,422.66,161.06,470.91,1,-1,-1,-1
230,3944,667.08,460.10,183.65,433.63,1,-1,-1,-1
230,3945,1083.73,404.16,141.20,404.74,1,-1,-1,-1
230,3946,812.15,422.65,159.88,470.86,1,-1,-1,-1
231,3944,676.50,460.10,183.10,436.27,1,-1,-1,-1
231,3945,1090.83,413.29,140.72,402.12,1,-1,-1,-1
231,3946,807.84,431.70,162.00,474.57,1,-1,-1,-1
232,3944,680.47,460.09,182.06,437.29,1,-1,-1,-1
232,3945,1093.25,416.75,140.74,401.07,1,-1,-1,-1
232,3946,805.98,435.11,163.22,475.84,1,-1,-1,-1
233,3944,682.32,460.08,180.94,437.68,1,-1,-1,-1
233,3945,1093.90,418.02,140.95,400.65,1,-1,-1,-1
233,3946,805.10,436.37,164.05,476.18,1,-1,-1,-1
234,3944,683.32,460.07,179.87,437.84,1,-1,-1,-1
234,3945,1093.90,418.46,141.20,400.46,1,-1,-1,-1
234,3946,804.61,436.78,164.68,476.17,1,-1,-1,-1
235,3944,683.95,460.07,178.89,437.90,1,-1,-1,-1
235,3945,1093.67,418.59,141.45,400.37,1,-1,-1,-1
235,3946,804.28,436.88,165.22,476.04,1,-1,-1,-1
236,3944,684.80,460.17,178.85,437.80,1,-1,-1,-1
236,3945,1103.34,408.16,147.87,410.76,1,-1,-1,-1
236,3946,793.61,426.46,181.33,514.90,1,-1,-1,-1
237,3945,1106.14,404.21,151.77,414.65,1,-1,-1,-1
237,3946,788.87,422.58,188.87,529.35,1,-1,-1,-1
238,3945,1106.41,402.69,154.57,416.11,1,-1,-1,-1
238,3946,786.39,421.00,193.09,534.90,1,-1,-1,-1
239,3945,1105.77,402.11,156.82,416.61,1,-1,-1,-1
239,3946,784.89,420.37,195.82,536.84,1,-1,-1,-1
240,3945,1104.86,401.90,158.73,416.75,1,-1,-1,-1
240,3946,783.84,420.12,197.85,537.37,1,-1,-1,-1
241,3945,1110.25,431.76,149.02,385.54,1,-1,-1,-1
241,3946,779.57,416.16,203.81,543.83,1,-1,-1,-1
242,3945,1111.64,443.39,146.21,373.31,1,-1,-1,-1
242,3946,777.02,414.65,207.94,546.14,1,-1,-1,-1
243,3945,1111.54,447.51,146.21,368.95,1,-1,-1,-1
243,3946,775.24,414.07,211.16,546.84,1,-1,-1,-1
244,3945,1110.95,448.93,147.15,367.43,1,-1,-1,-1
244,3946,773.84,413.86,213.87,546.93,1,-1,-1,-1
245,3945,1110.21,449.35,148.34,366.95,1,-1,-1,-1
245,3946,772.65,413.80,216.23,546.79,1,-1,-1,-1
246,3945,1112.96,452.13,147.41,364.64,1,-1,-1,-1
246,3946,790.68,429.34,200.94,503.81,1,-1,-1,-1
247,3946,797.44,435.45,195.60,486.71,1,-1,-1,-1
248,3946,799.47,437.63,194.45,480.54,1,-1,-1,-1
249,3946,799.83,438.38,194.75,478.32,1,-1,-1,-1
250,3946,799.61,438.61,195.52,477.54,1,-1,-1,-1
251,3944,913.08,428.56,176.62,441.91,1,-1,-1,-1
251,3945,1218.06,441.82,149.64,363.24,1,-1,-1,-1
251,3946,806.56,441.29,185.62,453.59,1,-1,-1,-1
252,3944,920.56,427.67,174.05,442.03,1,-1,-1,-1
252,3945,1224.86,440.86,151.93,363.28,1,-1,-1,-1
252,3946,809.18,442.24,181.84,444.55,1,-1,-1,-1
253,3944,923.74,427.36,172.15,442.07,1,-1,-1,-1
253,3945,1226.65,440.54,153.82,363.28,1,-1,-1,-1
253,3946,810.10,442.54,180.47,441.40,1,-1,-1,-1
254,3944,924.98,427.28,170.69,442.08,1,-1,-1,-1
254,3945,1226.60,440.40,155.43,363.32,1,-1,-1,-1
254,3946,810.40,442.61,179.98,440.37,1,-1,-1,-1
255,3944,925.41,427.30,169.52,442.08,1,-1,-1,-1
255,3945,1225.91,440.33,156.82,363.37,1,-1,-1,-1
255,3946,810.47,442.59,179.82,440.13,1,-1,-1,-1
256,3944,927.66,428.66,182.61,485.25,1,-1,-1,-1
256,3945,1238.15,454.69,154.09,354.27,1,-1,-1,-1
256,3946,804.08,437.27,193.88,483.75,1,-1,-1,-1
257,3944,929.40,429.16,185.61,501.15,1,-1,-1,-1
257,3945,1242.20,460.12,153.63,350.85,1,-1,-1,-1
257,3946,802.89,435.33,196.72,499.61,1,-1,-1,-1
258,3944,930.47,429.40,185.38,507.38,1,-1,-1,-1
258,3945,1243.20,462.08,154.01,349.63,1,-1,-1,-1
258,3946,803.32,434.54,195.98,505.92,1,-1,-1,-1
259,3944,931.24,429.52,184.02,509.66,1,-1,-1,-1
259,3945,1243.11,462.75,154.63,349.24,1,-1,-1,-1
259,3946,804.33,434.23,193.97,508.29,1,-1,-1,-1
260,3944,931.85,429.59,182.38,510.37,1,-1,-1,-1
260,3945,1242.64,462.93,155.30,349.15,1,-1,-1,-1
260,3946,805.49,434.10,191.62,509.11,1,-1,-1,-1
261,3944,936.14,423.18,187.41,522.11,1,-1,-1,-1
261,3945,1248.56,464.73,154.61,347.59,1,-1,-1,-1
261,3946,805.47,434.15,192.63,511.79,1,-1,-1,-1
262,3944,937.43,420.76,189.71,526.48,1,-1,-1,-1
263,3944,937.57,419.85,190.92,528.01,1,-1,-1,-1
264,3944,937.30,419.53,191.65,528.44,1,-1,-1,-1
265,3944,936.90,419.45,192.18,528.46,1,-1,-1,-1
266,3944,934.93,418.16,199.57,549.05,1,-1,-1,-1
267,3944,934.14,417.68,202.28,556.76,1,-1,-1,-1
268,3944,933.74,417.53,203.23,559.59,1,-1,-1,-1
269,3944,933.50,417.51,203.49,560.51,1,-1,-1,-1
270,3944,933.33,417.53,203.49,560.69,1,-1,-1,-1
271,3944,936.09,412.38,200.22,551.55,1,-1,-1,-1
271,3945,1366.73,466.48,154.82,349.48,1,-1,-1,-1
271,3946,788.07,420.54,191.59,520.68,1,-1,-1,-1
272,3944,937.05,410.43,198.92,547.86,1,-1,-1,-1
272,3945,1371.23,466.41,154.43,349.68,1,-1,-1,-1
272,3946,788.84,419.93,188.34,520.71,1,-1,-1,-1
273,3944,937.32,409.73,198.42,546.37,1,-1,-1,-1
273,3945,1372.92,466.39,154.10,349.74,1,-1,-1,-1
273,3946,789.80,419.71,185.82,520.77,1,-1,-1,-1
274,3944,937.35,409.50,198.21,545.71,1,-1,-1,-1
274,3945,1373.38,466.37,153.82,349.78,1,-1,-1,-1
274,3946,790.73,419.65,183.78,520.75,1,-1,-1,-1
275,3944,937.28,409.45,198.12,545.39,1,-1,-1,-1
275,3945,1373.35,466.34,153.59,349.80,1,-1,-1,-1
275,3946,791.57,419.65,182.10,520.70,1,-1,-1,-1
276,3944,943.70,419.89,187.66,506.08,1,-1,-1,-1
276,3945,1385.50,445.40,163.99,373.34,1,-1,-1,-1
276,3946,790.70,419.06,182.50,521.83,1,-1,-1,-1
277,3944,945.21,424.00,185.31,490.71,1,-1,-1,-1
277,3945,1389.93,437.63,167.88,382.07,1,-1,-1,-1
278,3944,944.81,425.48,186.22,485.23,1,-1,-1,-1
278,3945,1391.40,434.61,169.41,385.46,1,-1,-1,-1
279,3944,943.80,426.01,188.18,483.32,1,-1,-1,-1
279,3945,1391.71,433.50,169.99,386.70,1,-1,-1,-1
280,3944,942.64,426.18,190.37,482.71,1,-1,-1,-1
280,3945,1391.61,433.13,170.20,387.09,1,-1,-1,-1
281,3944,938.64,427.55,191.63,483.91,1,-1,-1,-1
281,3945,1432.30,431.76,170.00,385.88,1,-1,-1,-1
281,3946,805.59,428.91,178.10,505.84,1,-1,-1,-1
282,3944,936.87,428.05,192.56,484.45,1,-1,-1,-1
282,3945,1447.59,431.29,170.05,385.34,1,-1,-1,-1
282,3946,806.48,429.78,178.53,504.42,1,-1,-1,-1
283,3944,935.97,428.21,193.31,484.73,1,-1,-1,-1
283,3945,1453.07,431.17,170.19,385.08,1,-1,-1,-1
283,3946,806.55,430.06,179.10,503.96,1,-1,-1,-1
284,3944,935.42,428.26,193.97,484.91,1,-1,-1,-1
284,3945,1454.81,431.17,170.35,384.93,1,-1,-1,-1
284,3946,806.40,430.15,179.65,503.80,1,-1,-1,-1
285,3944,935.03,428.26,194.55,485.03,1,-1,-1,-1
285,3945,1455.14,431.22,170.51,384.82,1,-1,-1,-1
285,3946,806.18,430.18,180.14,503.76,1,-1,-1,-1
286,3944,935.78,428.70,193.93,483.49,1,-1,-1,-1
286,3945,1462.20,432.58,175.70,401.66,1,-1,-1,-1
286,3946,810.34,435.41,187.52,518.17,1,-1,-1,-1
287,3945,1465.36,433.11,176.38,407.96,1,-1,-1,-1
287,3946,811.33,437.37,191.41,523.57,1,-1,-1,-1
288,3945,1466.87,433.36,175.53,410.33,1,-1,-1,-1
288,3946,811.20,438.09,193.84,525.62,1,-1,-1,-1
289,3945,1467.71,433.48,174.20,411.15,1,-1,-1,-1
289,3946,810.70,438.34,195.59,526.36,1,-1,-1,-1
290,3945,1468.27,433.55,172.77,411.37,1,-1,-1,-1
290,3946,810.11,438.41,196.97,526.60,1,-1,-1,-1
291,3945,1487.02,419.34,177.53,413.97,1,-1,-1,-1
291,3946,896.57,433.20,190.77,507.11,1,-1,-1,-1
292,3945,1493.04,413.95,181.24,414.88,1,-1,-1,-1
292,3946,929.46,431.16,188.89,499.57,1,-1,-1,-1
293,3945,1494.28,411.94,184.36,415.15,1,-1,-1,-1
293,3946,941.12,430.41,188.68,496.80,1,-1,-1,-1
294,3945,1493.75,411.24,187.08,415.18,1,-1,-1,-1
294,3946,944.92,430.12,189.06,495.81,1,-1,-1,-1
295,3945,1492.65,411.04,189.50,415.13,1,-1,-1,-1
295,3946,945.82,430.02,189.60,495.48,1,-1,-1,-1
296,3945,1506.76,430.53,184.38,398.13,1,-1,-1,-1
296,3946,936.96,424.73,195.74,517.69,1,-1,-1,-1
297,3945,1511.29,438.12,183.66,391.51,1,-1,-1,-1
297,3946,934.18,422.77,196.72,525.97,1,-1,-1,-1
298,3945,1512.18,440.92,184.61,389.06,1,-1,-1,-1
298,3946,933.39,422.03,195.95,529.16,1,-1,-1,-1
299,3945,1511.76,441.94,186.09,388.15,1,-1,-1,-1
299,3946,933.38,421.76,194.62,530.33,1,-1,-1,-1
300,3945,1510.92,442.30,187.65,387.84,1,-1,-1,-1
300,3946,933.65,421.69,193.18,530.72,1,-1,-1,-1
301,3945,1565.22,426.67,204.57,420.52,1,-1,-1,-1
301,3946,936.62,430.78,193.05,524.31,1,-1,-1,-1
302,3945,1584.86,420.91,211.46,432.55,1,-1,-1,-1
302,3946,937.03,434.27,194.10,521.81,1,-1,-1,-1
303,3945,1592.06,418.64,214.70,437.26,1,-1,-1,-1
303,3946,936.52,435.58,195.52,520.84,1,-1,-1,-1
304,3945,1594.26,417.79,216.40,438.98,1,-1,-1,-1
304,3946,935.73,436.06,196.99,520.46,1,-1,-1,-1
305,3945,1594.56,417.50,217.45,439.53,1,-1,-1,-1
305,3946,934.89,436.22,198.38,520.30,1,-1,-1,-1
306,3945,1600.84,387.67,239.83,490.10,1,-1,-1,-1
306,3946,938.22,436.75,198.51,520.65,1,-1,-1,-1
307,3945,1604.04,376.61,246.52,508.86,1,-1,-1,-1
308,3945,1605.65,372.21,247.83,516.27,1,-1,-1,-1
309,3945,1606.60,370.60,247.04,518.94,1,-1,-1,-1
310,3945,1607.28,370.10,245.54,519.75,1,-1,-1,-1
311,3945,1625.95,395.68,224.30,472.37,1,-1,-1,-1
311,3946,937.10,438.11,204.36,547.85,1,-1,-1,-1
312,3945,1632.70,406.07,216.14,453.11,1,-1,-1,-1
312,3946,938.43,438.18,201.48,550.02,1,-1,-1,-1
313,3945,1634.70,409.84,213.69,446.11,1,-1,-1,-1
313,3946,939.79,438.21,198.70,550.78,1,-1,-1,-1
314,3945,1635.01,411.24,213.24,443.52,1,-1,-1,-1
314,3946,940.98,438.21,196.20,551.01,1,-1,-1,-1
315,3945,1634.70,411.76,213.49,442.54,1,-1,-1,-1
315,3946,941.99,438.19,193.99,551.03,1,-1,-1,-1
316,3945,1643.24,408.01,220.80,461.88,1,-1,-1,-1
316,3946,943.28,438.51,194.62,552.81,1,-1,-1,-1
316,3948,1058.00,488.00,222.00,502.00,1,-1,-1,-1
316,3949,0.00,424.00,192.00,416.00,1,-1,-1,-1
317,3945,1646.89,406.62,222.38,469.06,1,-1,-1,-1
317,3946,1046.11,476.49,186.44,514.30,1,-1,-1,-1
317,3949,0.00,424.00,192.00,416.00,1,-1,-1,-1
318,3945,1648.59,406.08,221.98,471.79,1,-1,-1,-1
318,3946,1068.86,485.47,187.71,505.37,1,-1,-1,-1
318,3949,0.00,424.00,192.00,416.00,1,-1,-1,-1
319,3945,1649.49,405.89,220.91,472.76,1,-1,-1,-1
319,3946,1075.34,488.48,190.47,502.37,1,-1,-1,-1
319,3949,0.00,424.00,192.00,416.00,1,-1,-1,-1
320,3945,1650.06,405.83,219.66,473.06,1,-1,-1,-1
320,3946,1076.45,489.48,193.43,501.33,1,-1,-1,-1
320,3949,0.00,424.00,192.00,416.00,1,-1,-1,-1
321,3945,1654.44,405.48,220.63,475.15,1,-1,-1,-1
321,3946,1079.26,480.52,199.59,504.97,1,-1,-1,-1
321,3949,0.00,424.00,192.00,416.00,1,-1,-1,-1
322,3946,1078.80,477.06,204.36,506.39,1,-1,-1,-1
323,3946,1077.22,475.67,208.33,506.98,1,-1,-1,-1
324,3946,1075.38,475.09,211.76,507.25,1,-1,-1,-1
325,3946,1073.56,474.82,214.78,507.39,1,-1,-1,-1
326,3946,1077.94,482.54,211.88,495.69,1,-1,-1,-1
326,3949,89.96,404.90,197.33,427.46,1,-1,-1,-1
327,3946,1078.82,485.42,211.82,491.29,1,-1,-1,-1
327,3949,95.88,403.64,197.72,428.22,1,-1,-1,-1
328,3946,1078.48,486.44,212.77,489.71,1,-1,-1,-1
328,3949,97.88,403.21,197.88,428.47,1,-1,-1,-1
329,3946,1077.74,486.76,214.01,489.18,1,-1,-1,-1
329,3949,98.34,403.11,197.94,428.53,1,-1,-1,-1
330,3946,1076.90,486.83,215.27,489.05,1,-1,-1,-1
330,3949,98.22,403.13,197.96,428.52,1,-1,-1,-1
331,3946,1069.72,452.70,230.48,525.79,1,-1,-1,-1
331,3949,110.26,390.07,203.44,438.98,1,-1,-1,-1
332,3946,1067.33,440.11,235.54,539.34,1,-1,-1,-1
332,3949,114.43,385.21,205.84,442.88,1,-1,-1,-1
333,3946,1066.48,435.19,237.05,544.65,1,-1,-1,-1
333,3949,115.62,383.44,207.04,444.32,1,-1,-1,-1
334,3946,1066.26,433.37,237.17,546.61,1,-1,-1,-1
334,3949,115.70,382.85,207.75,444.80,1,-1,-1,-1
335,3946,1066.29,432.76,236.80,547.27,1,-1,-1,-1
335,3949,115.38,382.72,208.25,444.92,1,-1,-1,-1
336,3946,1072.54,432.62,234.36,542.25,1,-1,-1,-1
336,3949,189.16,425.76,186.68,392.77,1,-1,-1,-1
337,3946,1074.93,432.65,233.25,540.23,1,-1,-1,-1
337,3949,217.23,442.91,179.27,372.07,1,-1,-1,-1
338,3946,1075.83,432.74,232.68,539.41,1,-1,-1,-1
338,3949,226.00,448.79,178.02,365.00,1,-1,-1,-1
339,3946,1076.15,432.84,232.32,539.04,1,-1,-1,-1
339,3949,228.17,450.79,178.80,362.63,1,-1,-1,-1
340,3946,1076.26,432.94,232.07,538.85,1,-1,-1,-1
340,3949,228.02,451.40,180.21,361.93,1,-1,-1,-1
341,3946,1078.60,433.04,232.43,536.13,1,-1,-1,-1
341,3949,232.45,412.93,201.62,404.41,1,-1,-1,-1
342,3946,1079.02,433.13,233.35,535.06,1,-1,-1,-1
342,3949,234.03,399.13,209.46,419.64,1,-1,-1,-1
343,3946,1078.76,433.21,234.42,534.62,1,-1,-1,-1
343,3949,234.16,393.62,212.74,425.76,1,-1,-1,-1
344,3946,1078.27,433.29,235.47,534.43,1,-1,-1,-1
344,3949,233.81,391.56,214.10,428.07,1,-1,-1,-1
345,3946,1077.73,433.36,236.46,534.34,1,-1,-1,-1
345,3949,233.34,390.86,214.69,428.89,1,-1,-1,-1
346,3946,1076.92,441.25,230.11,516.01,1,-1,-1,-1
346,3949,259.45,385.49,213.66,427.83,1,-1,-1,-1
347,3946,1076.10,444.32,228.54,508.98,1,-1,-1,-1
347,3949,269.33,383.52,212.97,427.35,1,-1,-1,-1
348,3946,1075.35,445.45,228.80,506.42,1,-1,-1,-1
348,3949,272.94,382.86,212.44,427.11,1,-1,-1,-1
349,3946,1074.66,445.88,229.68,505.52,1,-1,-1,-1
349,3949,274.16,382.69,212.00,426.96,1,-1,-1,-1
350,3946,1074.03,446.03,230.70,505.24,1,-1,-1,-1
350,3949,274.46,382.71,211.61,426.86,1,-1,-1,-1
351,3946,1076.71,451.33,225.21,493.38,1,-1,-1,-1
351,3949,281.49,380.53,212.28,428.21,1,-1,-1,-1
352,3946,1077.71,453.33,223.12,488.95,1,-1,-1,-1
353,3946,1078.06,454.05,222.35,487.39,1,-1,-1,-1
354,3946,1078.18,454.29,222.06,486.89,1,-1,-1,-1
355,3946,1078.21,454.36,221.97,486.79,1,-1,-1,-1
356,3946,1070.23,449.10,224.75,492.08,1,-1,-1,-1
356,3949,357.65,384.68,193.46,400.98,1,-1,-1,-1
357,3946,1067.12,447.12,226.01,494.12,1,-1,-1,-1
357,3949,365.04,385.29,187.99,398.56,1,-1,-1,-1
358,3946,1065.86,446.36,226.69,494.95,1,-1,-1,-1
358,3949,368.72,385.44,184.07,397.78,1,-1,-1,-1
359,3946,1065.31,446.08,227.12,495.30,1,-1,-1,-1
359,3949,370.68,385.52,180.95,397.53,1,-1,-1,-1
360,3946,1065.04,445.97,227.45,495.46,1,-1,-1,-1
360,3949,371.86,385.58,178.35,397.47,1,-1,-1,-1
361,3946,1067.16,444.63,228.38,502.08,1,-1,-1,-1
361,3949,373.96,383.00,181.43,400.11,1,-1,-1,-1
361,3950,928.00,458.00,174.00,486.00,1,-1,-1,-1
362,3946,1068.53,444.13,227.62,504.60,1,-1,-1,-1
362,3949,374.07,382.05,183.55,401.13,1,-1,-1,-1
362,3950,928.00,458.00,174.00,486.00,1,-1,-1,-1
363,3946,1069.57,443.95,226.32,505.56,1,-1,-1,-1
363,3949,373.47,381.72,185.19,401.54,1,-1,-1,-1
363,3950,928.00,458.00,174.00,486.00,1,-1,-1,-1
364,3946,1070.42,443.89,224.91,505.92,1,-1,-1,-1
364,3949,372.68,381.62,186.55,401.71,1,-1,-1,-1
364,3950,928.00,458.00,174.00,486.00,1,-1,-1,-1
365,3946,1071.16,443.87,223.55,506.05,1,-1,-1,-1
365,3949,371.88,381.61,187.72,401.78,1,-1,-1,-1
365,3950,928.00,458.00,174.00,486.00,1,-1,-1,-1
366,3946,1070.33,438.66,220.03,502.18,1,-1,-1,-1
366,3949,394.97,407.78,177.67,380.90,1,-1,-1,-1
366,3950,937.26,460.83,169.62,474.69,1,-1,-1,-1
367,3946,1070.49,436.69,217.76,500.70,1,-1,-1,-1
367,3949,403.67,417.87,173.68,372.90,1,-1,-1,-1
367,3950,940.65,461.83,167.84,470.69,1,-1,-1,-1
368,3946,1070.99,435.96,216.05,500.15,1,-1,-1,-1
368,3949,406.73,421.48,172.12,370.05,1,-1,-1,-1
368,3950,941.88,462.15,167.02,469.38,1,-1,-1,-1
369,3946,1071.57,435.72,214.64,499.95,1,-1,-1,-1
369,3949,407.72,422.74,171.47,369.08,1,-1,-1,-1
369,3950,942.35,462.24,166.53,469.02,1,-1,-1,-1
370,3946,1072.15,435.65,213.40,499.89,1,-1,-1,-1
370,3949,407.95,423.12,171.16,368.81,1,-1,-1,-1
370,3950,942.56,462.25,166.16,468.99,1,-1,-1,-1
371,3946,1067.21,431.72,214.12,501.18,1,-1,-1,-1
371,3949,413.00,425.45,170.07,366.46,1,-1,-1,-1
371,3950,943.34,451.52,168.51,477.09,1,-1,-1,-1
371,3951,108.00,454.00,202.00,362.00,1,-1,-1,-1
372,3946,1065.31,430.26,214.48,501.67,1,-1,-1,-1
372,3950,943.75,447.54,169.09,480.14,1,-1,-1,-1
372,3951,108.00,454.00,202.00,362.00,1,-1,-1,-1
373,3946,1064.58,429.74,214.69,501.86,1,-1,-1,-1
373,3950,943.99,446.08,169.03,481.31,1,-1,-1,-1
373,3951,108.00,454.00,202.00,362.00,1,-1,-1,-1
374,3946,1064.28,429.57,214.85,501.94,1,-1,-1,-1
374,3950,944.17,445.58,168.74,481.76,1,-1,-1,-1
374,3951,108.00,454.00,202.00,362.00,1,-1,-1,-1
375,3946,1064.17,429.54,214.97,501.97,1,-1,-1,-1
375,3950,944.33,445.43,168.38,481.93,1,-1,-1,-1
375,3951,108.00,454.00,202.00,362.00,1,-1,-1,-1
376,3946,1063.52,428.72,214.96,501.94,1,-1,-1,-1
376,3950,952.83,444.10,168.37,476.73,1,-1,-1,-1
376,3951,112.50,437.03,209.96,378.97,1,-1,-1,-1
377,3950,955.53,443.64,169.34,474.77,1,-1,-1,-1
377,3951,114.64,431.11,211.61,384.89,1,-1,-1,-1
378,3950,956.03,443.51,170.61,474.05,1,-1,-1,-1
378,3951,115.94,429.06,211.05,386.94,1,-1,-1,-1
379,3950,955.74,443.49,171.93,473.80,1,-1,-1,-1
379,3951,116.93,428.47,209.67,387.53,1,-1,-1,-1
380,3950,955.20,443.52,173.19,473.73,1,-1,-1,-1
380,3951,117.79,428.39,208.03,387.61,1,-1,-1,-1
381,3950,956.74,442.72,172.99,473.18,1,-1,-1,-1
381,3951,117.20,433.78,209.12,386.19,1,-1,-1,-1
382,3951,116.41,435.92,210.54,385.55,1,-1,-1,-1
383,3951,115.59,436.79,212.05,385.22,1,-1,-1,-1
384,3951,114.79,437.17,213.52,385.03,1,-1,-1,-1
385,3951,114.03,437.36,214.92,384.90,1,-1,-1,-1
386,3949,533.05,434.35,152.73,333.96,1,-1,-1,-1
386,3951,114.42,436.44,215.71,386.30,1,-1,-1,-1
387,3949,536.48,434.41,150.89,333.31,1,-1,-1,-1
388,3949,538.01,434.44,149.65,333.06,1,-1,-1,-1
389,3949,538.61,434.43,148.76,333.03,1,-1,-1,-1
390,3949,538.80,434.40,148.10,333.08,1,-1,-1,-1
391,3949,543.93,435.05,147.41,331.54,1,-1,-1,-1
401,3946,1050.65,443.78,222.61,521.87,1,-1,-1,-1
402,3946,1050.78,444.11,222.18,522.21,1,-1,-1,-1
403,3946,1050.91,444.22,221.85,522.33,1,-1,-1,-1
404,3946,1051.04,444.25,221.58,522.35,1,-1,-1,-1
405,3946,1051.16,444.24,221.37,522.33,1,-1,-1,-1
406,3946,1053.37,445.54,223.52,517.06,1,-1,-1,-1
406,3949,257.03,414.43,163.79,363.23,1,-1,-1,-1
407,3946,1053.29,446.01,226.20,515.05,1,-1,-1,-1
407,3949,248.16,413.83,165.73,364.19,1,-1,-1,-1
408,3946,1052.46,446.17,228.80,514.29,1,-1,-1,-1
408,3949,244.84,413.62,166.95,364.52,1,-1,-1,-1
409,3946,1051.46,446.22,231.14,514.01,1,-1,-1,-1
409,3949,243.77,413.56,167.79,364.61,1,-1,-1,-1
410,3946,1050.48,446.22,233.21,513.92,1,-1,-1,-1
410,3949,243.58,413.57,168.41,364.61,1,-1,-1,-1
411,3946,1047.35,440.97,236.87,516.51,1,-1,-1,-1
411,3949,258.53,411.00,169.16,364.58,1,-1,-1,-1
412,3946,1045.55,438.98,239.49,517.49,1,-1,-1,-1
412,3949,264.37,410.04,169.76,364.53,1,-1,-1,-1
413,3946,1044.32,438.23,241.57,517.86,1,-1,-1,-1
413,3949,266.70,409.71,170.27,364.49,1,-1,-1,-1
414,3946,1043.38,437.95,243.31,518.00,1,-1,-1,-1
414,3949,267.69,409.60,170.69,364.44,1,-1,-1,-1
415,3946,1042.60,437.86,244.82,518.05,1,-1,-1,-1
415,3949,268.15,409.59,171.06,364.40,1,-1,-1,-1
416,3946,1042.55,437.53,244.89,518.18,1,-1,-1,-1
416,3949,262.98,408.88,171.36,365.04,1,-1,-1,-1
431,3949,404.84,419.62,150.92,322.93,1,-1,-1,-1
432,3949,409.54,420.00,149.90,321.71,1,-1,-1,-1
433,3949,411.26,420.12,149.37,321.27,1,-1,-1,-1
434,3949,411.79,420.16,149.07,321.16,1,-1,-1,-1
435,3949,411.84,420.16,148.88,321.19,1,-1,-1,-1
436,3946,1043.09,430.01,192.33,389.30,1,-1,-1,-1
436,3949,416.12,420.44,148.23,319.78,1,-1,-1,-1
436,3952,1242.00,298.00,464.00,700.00,1,-1,-1,-1
437,3946,1040.59,429.91,196.41,386.97,1,-1,-1,-1
437,3952,1242.00,298.00,464.00,700.00,1,-1,-1,-1
438,3946,1038.83,429.86,199.54,385.99,1,-1,-1,-1
438,3952,1242.00,298.00,464.00,700.00,1,-1,-1,-1
439,3946,1037.49,429.86,202.13,385.81,1,-1,-1,-1
439,3952,1242.00,298.00,464.00,700.00,1,-1,-1,-1
440,3946,1036.45,429.87,204.28,385.95,1,-1,-1,-1
440,3952,1242.00,298.00,464.00,700.00,1,-1,-1,-1
441,3946,1036.67,429.64,202.42,382.41,1,-1,-1,-1
441,3952,1242.00,298.00,464.00,700.00,1,-1,-1,-1
441,3953,1008.00,326.00,440.00,690.00,1,-1,-1,-1
442,3952,1041.96,321.14,457.46,691.74,1,-1,-1,-1
443,3952,1002.35,325.77,455.28,690.08,1,-1,-1,-1
444,3952,990.00,327.26,453.85,689.55,1,-1,-1,-1
445,3952,987.16,327.65,452.70,689.41,1,-1,-1,-1
446,3946,1170.85,431.79,230.86,441.11,1,-1,-1,-1
446,3952,862.73,367.77,434.04,642.60,1,-1,-1,-1
447,3946,1181.50,431.95,231.09,445.40,1,-1,-1,-1
447,3952,814.30,382.76,433.34,624.95,1,-1,-1,-1
448,3946,1185.66,432.01,230.32,446.95,1,-1,-1,-1
448,3952,795.25,387.79,439.69,618.94,1,-1,-1,-1
449,3946,1187.25,432.03,229.30,447.45,1,-1,-1,-1
449,3952,786.69,389.31,448.18,617.05,1,-1,-1,-1
450,3946,1187.81,432.03,228.31,447.55,1,-1,-1,-1
450,3952,782.05,389.59,457.04,616.63,1,-1,-1,-1
451,3946,1197.21,432.09,229.70,450.25,1,-1,-1,-1
451,3952,753.17,396.24,452.28,610.21,1,-1,-1,-1
456,3952,423.19,373.78,475.62,645.43,1,-1,-1,-1
457,3952,401.01,371.94,475.36,648.20,1,-1,-1,-1
458,3952,394.10,371.26,474.15,649.20,1,-1,-1,-1
459,3952,393.16,370.95,472.79,649.59,1,-1,-1,-1
460,3952,394.41,370.79,471.48,649.75,1,-1,-1,-1
461,3952,247.71,340.71,484.66,665.47,1,-1,-1,-1
461,3954,1358.00,420.00,174.00,384.00,1,-1,-1,-1
462,3946,1347.67,420.41,193.23,387.11,1,-1,-1,-1
462,3952,192.82,329.36,490.54,671.38,1,-1,-1,-1
463,3946,1353.37,419.94,188.74,384.15,1,-1,-1,-1
463,3952,172.72,325.05,493.56,673.62,1,-1,-1,-1
464,3946,1356.34,419.78,186.04,383.21,1,-1,-1,-1
464,3952,166.07,323.47,495.38,674.43,1,-1,-1,-1
465,3946,1357.58,419.74,184.17,382.93,1,-1,-1,-1
465,3952,164.52,322.95,496.67,674.69,1,-1,-1,-1
466,3946,1366.63,419.22,183.14,380.78,1,-1,-1,-1
466,3952,128.88,320.65,497.72,676.11,1,-1,-1,-1
521,3955,1354.00,400.00,340.00,602.00,1,-1,-1,-1
522,3955,1354.00,400.00,340.00,602.00,1,-1,-1,-1
523,3955,1354.00,400.00,340.00,602.00,1,-1,-1,-1
524,3955,1354.00,400.00,340.00,602.00,1,-1,-1,-1
525,3955,1354.00,400.00,340.00,602.00,1,-1,-1,-1
526,3955,1354.00,400.00,340.00,602.00,1,-1,-1,-1
