1,9051,319.49,130.42,54.27,177.55,1,-1,-1,-1
1,9232,555.54,3.10,106.57,392.83,1,-1,-1,-1
1,9239,57.87,181.09,52.06,154.86,1,-1,-1,-1
1,9245,100.17,121.43,67.96,208.33,1,-1,-1,-1
1,9246,-17.22,66.43,114.42,340.23,1,-1,-1,-1
1,9250,272.10,178.53,41.60,116.50,1,-1,-1,-1
1,9255,364.29,106.22,103.93,270.29,1,-1,-1,-1
1,9256,189.03,163.90,46.13,151.96,1,-1,-1,-1
1,9257,292.06,147.80,36.17,134.00,1,-1,-1,-1
2,9239,61.53,184.73,52.04,152.49,1,-1,-1,-1
2,9250,270.53,182.66,42.30,119.87,1,-1,-1,-1
3,9239,62.35,185.81,52.42,151.88,1,-1,-1,-1
3,9250,270.04,184.32,42.30,121.17,1,-1,-1,-1
4,9239,62.45,186.12,52.83,151.69,1,-1,-1,-1
4,9250,269.98,184.96,42.05,121.63,1,-1,-1,-1
5,9239,62.30,186.13,53.20,151.66,1,-1,-1,-1
5,9250,270.08,185.18,41.72,121.75,1,-1,-1,-1
6,9239,62.07,186.04,53.52,151.67,1,-1,-1,-1
6,9250,270.22,185.26,41.39,121.76,1,-1,-1,-1
7,9239,61.85,185.94,53.80,151.70,1,-1,-1,-1
7,9250,270.38,185.27,41.07,121.72,1,-1,-1,-1
8,9239,61.65,185.84,54.04,151.73,1,-1,-1,-1
8,9250,270.53,185.26,40.78,121.66,1,-1,-1,-1
9,9231,151.68,209.41,33.96,108.08,1,-1,-1,-1
9,9239,62.82,187.20,53.89,151.29,1,-1,-1,-1
9,9250,269.64,186.53,39.97,119.01,1,-1,-1,-1
9,9258,301.00,207.00,38.00,106.00,1,-1,-1,-1
10,9231,156.70,210.38,33.64,107.60,1,-1,-1,-1
10,9250,266.49,186.35,40.06,118.61,1,-1,-1,-1
10,9258,305.89,190.71,41.94,117.14,1,-1,-1,-1
10,9259,0.00,167.00,57.00,197.00,1,-1,-1,-1
11,9231,162.19,213.76,32.67,104.52,1,-1,-1,-1
11,9250,267.58,183.67,40.77,121.04,1,-1,-1,-1
11,9258,303.67,185.12,42.91,120.44,1,-1,-1,-1
11,9260,244.00,201.00,30.00,98.00,1,-1,-1,-1
12,9231,157.92,212.79,32.56,105.30,1,-1,-1,-1
12,9250,269.07,186.52,39.56,118.07,1,-1,-1,-1
12,9258,300.72,197.66,40.87,115.03,1,-1,-1,-1
12,9261,138.00,210.00,43.00,115.00,1,-1,-1,-1
13,9231,161.42,215.31,31.84,102.99,1,-1,-1,-1
13,9239,127.98,198.44,46.88,131.73,1,-1,-1,-1
13,9250,271.58,185.00,40.50,120.15,1,-1,-1,-1
13,9258,299.77,198.47,40.94,115.22,1,-1,-1,-1
14,9239,129.19,193.58,48.58,137.17,1,-1,-1,-1
14,9250,272.73,185.08,41.72,121.57,1,-1,-1,-1
15,9239,129.92,192.27,48.91,138.63,1,-1,-1,-1
15,9250,272.97,185.10,42.58,122.09,1,-1,-1,-1
16,9239,130.06,191.74,48.95,139.22,1,-1,-1,-1
16,9250,272.88,185.10,43.26,122.27,1,-1,-1,-1
17,9239,134.73,192.50,48.69,138.46,1,-1,-1,-1
17,9250,273.04,185.28,43.48,122.90,1,-1,-1,-1
25,9051,50.79,165.77,65.26,194.80,1,-1,-1,-1
26,9051,39.82,153.02,72.10,212.38,1,-1,-1,-1
26,9250,271.47,191.79,40.52,110.76,1,-1,-1,-1
26,9258,310.18,184.24,44.18,125.92,1,-1,-1,-1
26,9262,171.00,207.00,32.00,92.00,1,-1,-1,-1
27,9051,18.46,141.93,77.96,225.30,1,-1,-1,-1
27,9250,268.91,190.63,44.54,115.87,1,-1,-1,-1
27,9258,310.64,183.50,44.43,126.63,1,-1,-1,-1
28,9051,9.91,137.45,80.83,230.45,1,-1,-1,-1
28,9250,267.63,190.33,46.79,117.27,1,-1,-1,-1
29,9051,6.67,135.67,82.35,232.42,1,-1,-1,-1
29,9250,266.77,190.21,48.39,117.80,1,-1,-1,-1
30,9051,5.58,134.98,83.25,233.12,1,-1,-1,-1
30,9250,266.14,190.15,49.63,118.00,1,-1,-1,-1
31,9051,5.32,134.74,83.85,233.31,1,-1,-1,-1
31,9250,265.64,190.13,50.63,118.06,1,-1,-1,-1
32,9051,5.38,134.67,84.29,233.31,1,-1,-1,-1
32,9250,265.22,190.11,51.46,118.08,1,-1,-1,-1
33,9051,-3.02,134.04,85.08,235.49,1,-1,-1,-1
33,9250,267.72,188.13,52.35,120.05,1,-1,-1,-1
34,9250,268.66,187.38,52.69,120.78,1,-1,-1,-1
35,9250,269.01,187.10,52.83,121.05,1,-1,-1,-1
36,9250,269.13,186.99,52.89,121.14,1,-1,-1,-1
37,9250,269.17,186.96,52.92,121.17,1,-1,-1,-1
38,9250,269.17,186.95,52.94,121.17,1,-1,-1,-1
39,9250,269.16,186.95,52.94,121.15,1,-1,-1,-1
40,9250,269.15,186.95,52.95,121.14,1,-1,-1,-1
41,9250,262.82,184.35,56.45,128.96,1,-1,-1,-1
41,9263,89.00,193.00,53.00,136.00,1,-1,-1,-1
42,9250,260.44,183.38,57.80,131.86,1,-1,-1,-1
42,9263,89.00,193.00,53.00,136.00,1,-1,-1,-1
43,9250,259.50,183.00,58.35,132.98,1,-1,-1,-1
43,9263,89.00,193.00,53.00,136.00,1,-1,-1,-1
44,9250,259.13,182.87,58.59,133.38,1,-1,-1,-1
44,9263,89.00,193.00,53.00,136.00,1,-1,-1,-1
45,9250,258.99,182.83,58.70,133.50,1,-1,-1,-1
45,9263,89.00,193.00,53.00,136.00,1,-1,-1,-1
46,9250,258.94,182.83,58.76,133.51,1,-1,-1,-1
46,9263,89.00,193.00,53.00,136.00,1,-1,-1,-1
47,9250,258.93,182.84,58.79,133.49,1,-1,-1,-1
47,9263,89.00,193.00,53.00,136.00,1,-1,-1,-1
48,9250,258.93,182.85,58.82,133.45,1,-1,-1,-1
48,9263,89.00,193.00,53.00,136.00,1,-1,-1,-1
49,9250,258.50,182.60,59.14,134.18,1,-1,-1,-1
49,9258,302.05,185.81,42.35,123.19,1,-1,-1,-1
49,9263,89.00,193.00,53.00,136.00,1,-1,-1,-1
49,9264,20.00,175.00,69.00,186.00,1,-1,-1,-1
50,9258,302.07,185.96,41.79,123.03,1,-1,-1,-1
50,9264,20.00,175.00,69.00,186.00,1,-1,-1,-1
51,9258,302.16,186.00,41.43,122.98,1,-1,-1,-1
51,9264,20.00,175.00,69.00,186.00,1,-1,-1,-1
52,9258,302.26,186.01,41.19,122.96,1,-1,-1,-1
52,9264,20.00,175.00,69.00,186.00,1,-1,-1,-1
53,9258,302.35,186.02,41.01,122.96,1,-1,-1,-1
53,9264,20.00,175.00,69.00,186.00,1,-1,-1,-1
54,9258,302.43,186.02,40.87,122.96,1,-1,-1,-1
54,9264,20.00,175.00,69.00,186.00,1,-1,-1,-1
55,9258,302.50,186.02,40.76,122.97,1,-1,-1,-1
55,9264,20.00,175.00,69.00,186.00,1,-1,-1,-1
56,9258,302.56,186.02,40.66,122.97,1,-1,-1,-1
56,9264,20.00,175.00,69.00,186.00,1,-1,-1,-1
57,9051,17.45,89.31,126.27,352.33,1,-1,-1,-1
57,9258,301.44,186.67,39.64,121.66,1,-1,-1,-1
57,9264,20.00,175.00,69.00,186.00,1,-1,-1,-1
57,9265,384.00,208.00,29.00,86.00,1,-1,-1,-1
57,9266,396.00,200.00,26.00,99.00,1,-1,-1,-1
58,9051,19.34,88.45,126.48,354.49,1,-1,-1,-1
58,9258,301.16,186.92,38.99,121.16,1,-1,-1,-1
58,9265,384.00,208.00,29.00,86.00,1,-1,-1,-1
58,9266,396.00,200.00,26.00,99.00,1,-1,-1,-1
59,9051,20.14,88.17,126.36,355.21,1,-1,-1,-1
59,9258,301.18,187.01,38.50,120.99,1,-1,-1,-1
59,9265,384.00,208.00,29.00,86.00,1,-1,-1,-1
59,9266,396.00,200.00,26.00,99.00,1,-1,-1,-1
60,9051,20.50,88.10,126.15,355.36,1,-1,-1,-1
60,9258,301.31,187.04,38.11,120.92,1,-1,-1,-1
60,9265,384.00,208.00,29.00,86.00,1,-1,-1,-1
60,9266,396.00,200.00,26.00,99.00,1,-1,-1,-1
61,9051,20.67,88.13,125.92,355.29,1,-1,-1,-1
61,9258,301.46,187.05,37.78,120.91,1,-1,-1,-1
61,9265,384.00,208.00,29.00,86.00,1,-1,-1,-1
61,9266,396.00,200.00,26.00,99.00,1,-1,-1,-1
62,9051,20.76,88.18,125.71,355.14,1,-1,-1,-1
62,9258,301.60,187.05,37.49,120.91,1,-1,-1,-1
62,9265,384.00,208.00,29.00,86.00,1,-1,-1,-1
62,9266,396.00,200.00,26.00,99.00,1,-1,-1,-1
63,9051,20.82,88.25,125.53,354.98,1,-1,-1,-1
63,9258,301.74,187.04,37.24,120.91,1,-1,-1,-1
63,9265,384.00,208.00,29.00,86.00,1,-1,-1,-1
63,9266,396.00,200.00,26.00,99.00,1,-1,-1,-1
64,9051,20.86,88.31,125.36,354.81,1,-1,-1,-1
64,9258,301.87,187.04,37.01,120.92,1,-1,-1,-1
64,9265,384.00,208.00,29.00,86.00,1,-1,-1,-1
64,9266,396.00,200.00,26.00,99.00,1,-1,-1,-1
65,9051,21.21,87.21,126.37,357.69,1,-1,-1,-1
65,9258,300.58,187.69,38.31,122.89,1,-1,-1,-1
65,9265,384.00,208.00,29.00,86.00,1,-1,-1,-1
65,9266,396.00,200.00,26.00,99.00,1,-1,-1,-1
66,9258,299.91,187.93,39.16,123.64,1,-1,-1,-1
67,9258,299.51,188.02,39.81,123.92,1,-1,-1,-1
68,9258,299.21,188.05,40.35,124.02,1,-1,-1,-1
69,9258,298.98,188.06,40.81,124.06,1,-1,-1,-1
70,9258,298.78,188.06,41.22,124.06,1,-1,-1,-1
71,9258,298.61,188.05,41.59,124.06,1,-1,-1,-1
72,9258,298.45,188.05,41.91,124.06,1,-1,-1,-1
73,9258,294.30,185.44,44.37,128.62,1,-1,-1,-1
73,9265,401.38,202.20,31.94,95.67,1,-1,-1,-1
73,9267,338.00,201.00,35.00,118.00,1,-1,-1,-1
74,9258,294.90,185.10,44.19,127.11,1,-1,-1,-1
74,9265,406.19,203.91,30.76,92.15,1,-1,-1,-1
75,9258,295.07,184.97,44.29,126.50,1,-1,-1,-1
75,9265,407.91,204.54,30.33,90.87,1,-1,-1,-1
76,9258,295.07,184.93,44.48,126.26,1,-1,-1,-1
76,9265,408.50,204.77,30.16,90.39,1,-1,-1,-1
77,9258,295.00,184.92,44.70,126.16,1,-1,-1,-1
77,9265,408.68,204.87,30.10,90.20,1,-1,-1,-1
78,9258,294.92,184.92,44.91,126.12,1,-1,-1,-1
78,9265,408.70,204.91,30.07,90.12,1,-1,-1,-1
79,9258,294.84,184.93,45.10,126.09,1,-1,-1,-1
79,9265,408.67,204.93,30.05,90.09,1,-1,-1,-1
80,9258,294.76,184.93,45.28,126.08,1,-1,-1,-1
80,9265,408.62,204.94,30.05,90.07,1,-1,-1,-1
81,9258,294.58,184.82,45.33,126.21,1,-1,-1,-1
81,9265,409.64,204.85,30.08,90.17,1,-1,-1,-1
89,9258,299.98,185.91,44.45,120.32,1,-1,-1,-1
90,9258,299.84,185.98,45.29,120.00,1,-1,-1,-1
91,9258,299.58,186.00,46.00,119.89,1,-1,-1,-1
92,9258,299.30,186.01,46.61,119.86,1,-1,-1,-1
93,9258,299.05,186.01,47.12,119.86,1,-1,-1,-1
94,9258,298.82,186.01,47.56,119.87,1,-1,-1,-1
95,9258,298.63,186.01,47.94,119.88,1,-1,-1,-1
96,9258,298.45,186.01,48.27,119.89,1,-1,-1,-1
97,9258,305.56,186.01,46.47,113.35,1,-1,-1,-1
97,9265,411.86,177.40,43.52,129.42,1,-1,-1,-1
97,9268,368.00,182.00,45.00,126.00,1,-1,-1,-1
98,9258,308.09,186.01,46.17,110.85,1,-1,-1,-1
98,9265,411.74,176.62,44.14,130.54,1,-1,-1,-1
98,9268,368.00,182.00,45.00,126.00,1,-1,-1,-1
99,9258,308.80,186.01,46.43,109.97,1,-1,-1,-1
99,9265,411.63,176.36,44.43,130.91,1,-1,-1,-1
99,9268,368.00,182.00,45.00,126.00,1,-1,-1,-1
100,9258,308.87,186.01,46.86,109.67,1,-1,-1,-1
100,9265,411.55,176.30,44.59,131.00,1,-1,-1,-1
100,9268,368.00,182.00,45.00,126.00,1,-1,-1,-1
101,9258,308.72,186.00,47.32,109.59,1,-1,-1,-1
101,9265,411.48,176.31,44.69,130.99,1,-1,-1,-1
101,9268,368.00,182.00,45.00,126.00,1,-1,-1,-1
102,9258,308.50,186.00,47.77,109.59,1,-1,-1,-1
102,9265,411.43,176.34,44.76,130.94,1,-1,-1,-1
102,9268,368.00,182.00,45.00,126.00,1,-1,-1,-1
103,9258,308.27,186.00,48.17,109.62,1,-1,-1,-1
103,9265,411.38,176.39,44.80,130.87,1,-1,-1,-1
103,9268,368.00,182.00,45.00,126.00,1,-1,-1,-1
104,9258,308.05,186.00,48.54,109.65,1,-1,-1,-1
104,9265,411.34,176.43,44.84,130.81,1,-1,-1,-1
104,9268,368.00,182.00,45.00,126.00,1,-1,-1,-1
105,9258,304.96,186.00,48.76,111.65,1,-1,-1,-1
105,9265,411.54,175.54,45.28,132.09,1,-1,-1,-1
105,9268,366.22,181.32,45.85,127.35,1,-1,-1,-1
105,9269,186.00,207.00,26.00,79.00,1,-1,-1,-1
105,9270,208.00,205.00,26.00,84.00,1,-1,-1,-1
106,9258,303.97,186.00,48.48,112.41,1,-1,-1,-1
106,9268,365.46,181.08,46.39,127.85,1,-1,-1,-1
106,9269,186.00,207.00,26.00,79.00,1,-1,-1,-1
106,9270,208.00,205.00,26.00,84.00,1,-1,-1,-1
107,9258,303.74,186.00,48.06,112.72,1,-1,-1,-1
107,9268,365.07,180.99,46.80,128.03,1,-1,-1,-1
107,9269,186.00,207.00,26.00,79.00,1,-1,-1,-1
107,9270,208.00,205.00,26.00,84.00,1,-1,-1,-1
108,9258,303.80,186.00,47.61,112.84,1,-1,-1,-1
108,9268,364.83,180.96,47.16,128.09,1,-1,-1,-1
108,9269,186.00,207.00,26.00,79.00,1,-1,-1,-1
108,9270,208.00,205.00,26.00,84.00,1,-1,-1,-1
109,9258,296.47,183.39,50.40,118.11,1,-1,-1,-1
109,9265,407.01,176.45,53.49,145.94,1,-1,-1,-1
109,9268,347.32,186.90,47.81,125.46,1,-1,-1,-1
109,9269,186.00,207.00,26.00,79.00,1,-1,-1,-1
109,9270,213.36,199.93,29.04,93.42,1,-1,-1,-1
109,9271,153.00,182.00,37.00,115.00,1,-1,-1,-1
110,9258,293.94,183.06,51.66,120.08,1,-1,-1,-1
110,9265,406.94,175.86,54.18,147.82,1,-1,-1,-1
110,9268,344.69,187.82,46.74,122.46,1,-1,-1,-1
110,9270,214.14,204.25,28.79,91.90,1,-1,-1,-1
110,9271,159.77,188.86,35.46,109.86,1,-1,-1,-1
110,9272,242.00,207.00,30.00,90.00,1,-1,-1,-1
111,9258,292.87,182.94,52.36,120.84,1,-1,-1,-1
111,9268,343.76,188.14,46.39,121.35,1,-1,-1,-1
111,9269,162.93,191.69,35.21,106.02,1,-1,-1,-1
111,9270,214.27,206.07,28.77,91.12,1,-1,-1,-1
111,9272,242.00,207.00,30.00,90.00,1,-1,-1,-1
112,9258,297.37,183.54,51.24,119.18,1,-1,-1,-1
112,9265,413.38,162.60,58.74,158.51,1,-1,-1,-1
112,9268,351.24,186.91,46.70,121.62,1,-1,-1,-1
112,9269,161.34,185.28,39.06,117.72,1,-1,-1,-1
112,9270,209.28,202.68,30.56,96.18,1,-1,-1,-1
112,9272,242.87,204.00,31.26,93.75,1,-1,-1,-1
112,9273,98.00,213.00,27.00,85.00,1,-1,-1,-1
113,9258,298.41,183.13,51.61,120.48,1,-1,-1,-1
113,9265,414.72,159.76,60.88,162.26,1,-1,-1,-1
113,9268,339.43,185.78,49.04,125.69,1,-1,-1,-1
113,9269,161.63,185.17,39.62,119.37,1,-1,-1,-1
113,9270,209.45,198.82,32.45,101.92,1,-1,-1,-1
113,9272,241.89,200.09,32.77,98.64,1,-1,-1,-1
113,9273,96.27,211.29,27.90,87.57,1,-1,-1,-1
114,9258,298.85,182.98,51.64,120.96,1,-1,-1,-1
114,9265,415.03,158.72,62.01,163.62,1,-1,-1,-1
114,9268,334.85,185.35,50.35,127.21,1,-1,-1,-1
114,9269,161.95,185.29,39.76,119.76,1,-1,-1,-1
114,9270,209.49,197.35,33.20,104.08,1,-1,-1,-1
114,9272,241.58,198.77,33.17,100.29,1,-1,-1,-1
114,9273,95.93,211.00,28.15,88.00,1,-1,-1,-1
115,9258,299.08,182.93,51.55,121.13,1,-1,-1,-1
115,9265,415.00,158.37,62.70,164.08,1,-1,-1,-1
115,9268,332.96,185.17,51.25,127.80,1,-1,-1,-1
115,9269,162.20,185.45,39.76,119.73,1,-1,-1,-1
115,9270,209.48,196.80,33.51,104.83,1,-1,-1,-1
115,9272,241.53,198.39,33.16,100.76,1,-1,-1,-1
115,9273,95.78,210.92,28.33,88.11,1,-1,-1,-1
116,9258,299.21,182.92,51.43,121.18,1,-1,-1,-1
116,9265,414.86,158.27,63.17,164.19,1,-1,-1,-1
116,9268,332.13,185.10,51.95,128.01,1,-1,-1,-1
116,9269,162.39,185.59,39.72,119.56,1,-1,-1,-1
116,9270,209.45,196.63,33.63,105.04,1,-1,-1,-1
116,9272,241.58,198.33,33.01,100.83,1,-1,-1,-1
116,9273,95.69,210.92,28.50,88.13,1,-1,-1,-1
117,9258,299.45,182.92,49.07,117.94,1,-1,-1,-1
117,9265,417.74,161.49,63.22,163.53,1,-1,-1,-1
117,9268,333.95,183.12,52.67,131.35,1,-1,-1,-1
117,9269,173.15,194.04,35.74,107.84,1,-1,-1,-1
117,9270,209.61,195.82,34.26,106.99,1,-1,-1,-1
117,9272,240.54,201.08,32.35,98.75,1,-1,-1,-1
117,9273,95.52,210.75,28.58,88.38,1,-1,-1,-1
117,9274,123.00,179.00,52.00,126.00,1,-1,-1,-1
117,9275,538.00,193.00,43.00,126.00,1,-1,-1,-1
117,9276,358.00,184.00,44.00,128.00,1,-1,-1,-1
118,9258,299.30,182.78,49.09,117.98,1,-1,-1,-1
118,9265,420.04,157.61,65.33,168.37,1,-1,-1,-1
118,9268,335.94,182.36,52.99,133.25,1,-1,-1,-1
118,9269,171.72,192.76,36.64,110.54,1,-1,-1,-1
118,9272,240.05,202.84,31.62,96.55,1,-1,-1,-1
118,9274,118.95,168.71,58.38,141.43,1,-1,-1,-1
118,9275,532.47,190.43,42.92,124.29,1,-1,-1,-1
119,9265,420.83,156.15,66.25,170.17,1,-1,-1,-1
119,9268,336.88,182.08,52.88,133.96,1,-1,-1,-1
119,9272,239.89,203.51,31.33,95.70,1,-1,-1,-1
119,9274,118.27,167.00,59.46,144.00,1,-1,-1,-1
119,9275,531.23,190.00,43.55,124.00,1,-1,-1,-1
120,9265,421.07,155.62,66.69,170.81,1,-1,-1,-1
120,9268,337.40,181.97,52.61,134.21,1,-1,-1,-1
120,9272,239.84,203.77,31.21,95.36,1,-1,-1,-1
120,9274,118.07,166.52,59.77,144.72,1,-1,-1,-1
120,9275,530.55,189.89,44.43,123.93,1,-1,-1,-1
121,9258,287.28,176.79,49.64,121.52,1,-1,-1,-1
121,9265,422.03,161.25,65.04,167.12,1,-1,-1,-1
121,9268,337.43,183.24,49.00,128.45,1,-1,-1,-1
121,9269,169.96,199.39,39.30,119.82,1,-1,-1,-1
121,9270,209.17,200.10,36.89,117.65,1,-1,-1,-1
121,9272,239.59,203.63,31.31,95.66,1,-1,-1,-1
121,9274,99.28,172.13,60.48,146.94,1,-1,-1,-1
121,9275,529.41,192.06,44.48,121.01,1,-1,-1,-1
121,9277,17.00,196.00,46.00,128.00,1,-1,-1,-1
122,9258,279.43,174.05,53.76,134.73,1,-1,-1,-1
122,9265,422.78,160.63,65.63,168.64,1,-1,-1,-1
122,9268,332.39,180.42,49.87,132.80,1,-1,-1,-1
122,9269,169.23,200.32,39.43,122.21,1,-1,-1,-1
122,9270,207.64,203.29,36.73,117.27,1,-1,-1,-1
122,9274,78.32,164.50,65.17,159.38,1,-1,-1,-1
122,9275,528.76,192.36,44.15,120.11,1,-1,-1,-1
122,9277,0.68,200.29,45.22,126.29,1,-1,-1,-1
123,9258,277.11,173.10,54.42,139.19,1,-1,-1,-1
123,9268,330.80,179.40,49.74,134.38,1,-1,-1,-1
123,9269,169.13,200.64,39.14,123.06,1,-1,-1,-1
123,9270,207.11,204.40,36.65,117.14,1,-1,-1,-1
123,9274,71.04,161.76,66.51,163.81,1,-1,-1,-1
123,9277,-1.94,201.00,44.89,126.00,1,-1,-1,-1
124,9258,276.52,172.75,54.12,140.93,1,-1,-1,-1
124,9268,330.42,179.02,49.31,134.98,1,-1,-1,-1
124,9269,169.27,200.77,38.72,123.31,1,-1,-1,-1
124,9270,206.92,204.83,36.59,117.04,1,-1,-1,-1
124,9274,68.74,160.74,66.64,165.35,1,-1,-1,-1
124,9277,-2.49,201.18,44.57,125.93,1,-1,-1,-1
125,9258,276.58,172.64,53.50,141.57,1,-1,-1,-1
125,9268,330.50,178.88,48.78,135.19,1,-1,-1,-1
125,9269,169.49,200.83,38.28,123.33,1,-1,-1,-1
125,9270,206.86,204.99,36.54,116.95,1,-1,-1,-1
125,9274,68.34,160.42,66.31,165.76,1,-1,-1,-1
125,9277,-2.39,201.20,44.22,125.92,1,-1,-1,-1
126,9258,276.87,172.62,52.82,141.76,1,-1,-1,-1
126,9268,330.73,178.84,48.27,135.25,1,-1,-1,-1
126,9269,169.72,200.87,37.87,123.26,1,-1,-1,-1
126,9270,206.85,205.05,36.48,116.87,1,-1,-1,-1
126,9274,68.62,160.35,65.82,165.77,1,-1,-1,-1
126,9277,-2.12,201.18,43.84,125.93,1,-1,-1,-1
127,9258,277.22,172.63,52.16,141.79,1,-1,-1,-1
127,9268,331.00,178.84,47.78,135.26,1,-1,-1,-1
127,9269,169.93,200.88,37.49,123.16,1,-1,-1,-1
127,9270,206.85,205.06,36.44,116.79,1,-1,-1,-1
127,9274,69.10,160.37,65.30,165.65,1,-1,-1,-1
127,9277,-1.82,201.15,43.45,125.94,1,-1,-1,-1
128,9258,277.57,172.66,51.55,141.76,1,-1,-1,-1
128,9268,331.27,178.85,47.33,135.25,1,-1,-1,-1
128,9269,170.13,200.90,37.14,123.06,1,-1,-1,-1
128,9270,206.86,205.07,36.40,116.71,1,-1,-1,-1
128,9274,69.62,160.42,64.78,165.49,1,-1,-1,-1
128,9277,-1.52,201.13,43.03,125.95,1,-1,-1,-1
129,9258,265.50,175.27,51.23,138.48,1,-1,-1,-1
129,9268,330.28,178.59,47.47,135.65,1,-1,-1,-1
129,9269,173.35,195.08,41.13,135.92,1,-1,-1,-1
129,9270,206.78,205.18,36.75,117.84,1,-1,-1,-1
129,9274,88.10,170.28,63.63,165.34,1,-1,-1,-1
129,9277,-2.34,201.34,43.00,125.86,1,-1,-1,-1
129,9278,1.00,137.00,80.00,209.00,1,-1,-1,-1
130,9258,260.66,173.03,52.23,140.43,1,-1,-1,-1
130,9268,312.21,174.24,46.35,134.48,1,-1,-1,-1
130,9269,172.49,192.91,42.97,142.58,1,-1,-1,-1
130,9270,193.42,202.02,38.85,124.34,1,-1,-1,-1
130,9274,95.96,176.69,61.83,162.59,1,-1,-1,-1
130,9278,1.59,132.71,77.12,201.29,1,-1,-1,-1
130,9279,27.00,204.00,60.00,146.00,1,-1,-1,-1
131,9258,258.82,172.20,52.74,141.14,1,-1,-1,-1
131,9268,308.16,173.21,45.64,134.25,1,-1,-1,-1
131,9269,172.20,192.05,43.59,145.20,1,-1,-1,-1
131,9270,190.30,201.30,39.42,125.97,1,-1,-1,-1
131,9274,99.25,179.13,60.71,161.45,1,-1,-1,-1
131,9278,1.64,132.00,76.72,200.00,1,-1,-1,-1
131,9279,27.00,204.00,60.00,146.00,1,-1,-1,-1
132,9258,255.32,172.55,53.47,142.68,1,-1,-1,-1
132,9268,309.07,175.47,44.67,132.85,1,-1,-1,-1
132,9269,167.53,190.47,45.34,148.69,1,-1,-1,-1
132,9270,188.94,201.09,39.92,127.55,1,-1,-1,-1
132,9274,94.02,168.22,59.52,159.00,1,-1,-1,-1
132,9278,1.74,131.29,76.23,198.71,1,-1,-1,-1
132,9279,36.08,198.00,65.12,158.01,1,-1,-1,-1
133,9258,253.54,172.69,54.12,143.89,1,-1,-1,-1
133,9265,330.29,177.19,48.26,128.96,1,-1,-1,-1
133,9268,309.81,175.69,44.32,134.29,1,-1,-1,-1
133,9269,165.53,190.50,46.37,149.97,1,-1,-1,-1
133,9270,191.58,199.46,40.30,130.55,1,-1,-1,-1
133,9274,88.74,158.78,58.45,154.07,1,-1,-1,-1
133,9279,39.15,195.98,66.78,162.04,1,-1,-1,-1
134,9258,254.40,172.76,53.34,141.73,1,-1,-1,-1
134,9265,326.33,177.20,46.18,127.07,1,-1,-1,-1
134,9268,311.67,175.78,43.10,132.87,1,-1,-1,-1
134,9269,164.44,189.90,46.75,151.02,1,-1,-1,-1
134,9270,193.09,199.05,39.71,130.77,1,-1,-1,-1
134,9274,83.46,151.24,60.73,158.14,1,-1,-1,-1
135,9258,253.10,172.15,53.87,142.82,1,-1,-1,-1
135,9265,325.72,176.57,44.90,127.87,1,-1,-1,-1
135,9268,310.12,175.17,43.38,134.94,1,-1,-1,-1
135,9269,162.85,189.05,47.34,152.63,1,-1,-1,-1
135,9270,192.21,198.72,40.19,132.35,1,-1,-1,-1
135,9274,78.46,146.55,59.30,150.51,1,-1,-1,-1
136,9258,252.96,173.87,53.47,139.97,1,-1,-1,-1
136,9265,321.21,177.04,44.42,126.51,1,-1,-1,-1
136,9268,308.35,174.85,43.45,135.18,1,-1,-1,-1
136,9269,159.15,178.51,51.83,165.33,1,-1,-1,-1
136,9274,76.29,144.48,59.28,150.46,1,-1,-1,-1
136,9279,4.95,186.29,79.39,193.47,1,-1,-1,-1
137,9258,252.30,171.93,54.02,141.46,1,-1,-1,-1
137,9269,157.94,171.39,55.03,177.01,1,-1,-1,-1
137,9279,1.19,183.70,82.28,200.53,1,-1,-1,-1
138,9258,252.10,171.21,54.20,142.00,1,-1,-1,-1
138,9269,157.61,168.56,56.02,181.62,1,-1,-1,-1
139,9258,252.08,170.94,54.26,142.19,1,-1,-1,-1
139,9269,157.63,167.48,56.16,183.35,1,-1,-1,-1
140,9258,252.13,170.85,54.26,142.25,1,-1,-1,-1
140,9269,157.77,167.11,55.97,183.91,1,-1,-1,-1
141,9258,252.20,170.83,54.25,142.25,1,-1,-1,-1
141,9269,157.94,167.02,55.67,184.02,1,-1,-1,-1
142,9258,252.27,170.83,54.23,142.24,1,-1,-1,-1
142,9269,158.12,167.04,55.36,183.96,1,-1,-1,-1
143,9258,252.34,170.84,54.21,142.22,1,-1,-1,-1
143,9269,158.29,167.10,55.06,183.83,1,-1,-1,-1
144,9258,252.40,170.86,54.19,142.20,1,-1,-1,-1
144,9269,158.45,167.16,54.77,183.69,1,-1,-1,-1
145,9258,249.87,170.87,55.42,145.44,1,-1,-1,-1
145,9265,323.84,177.10,50.97,135.49,1,-1,-1,-1
145,9269,157.80,165.84,55.57,186.37,1,-1,-1,-1
146,9258,248.94,170.88,55.88,146.66,1,-1,-1,-1
146,9265,322.92,177.09,53.49,135.88,1,-1,-1,-1
147,9258,248.62,170.89,56.05,147.11,1,-1,-1,-1
147,9265,322.16,177.09,55.32,136.03,1,-1,-1,-1
148,9258,248.53,170.90,56.11,147.26,1,-1,-1,-1
148,9265,321.56,177.08,56.70,136.08,1,-1,-1,-1
149,9258,248.52,170.91,56.12,147.29,1,-1,-1,-1
149,9265,321.07,177.07,57.80,136.09,1,-1,-1,-1
150,9258,248.55,170.92,56.12,147.29,1,-1,-1,-1
150,9265,320.68,177.07,58.70,136.09,1,-1,-1,-1
151,9258,248.58,170.93,56.11,147.27,1,-1,-1,-1
151,9265,320.35,177.06,59.44,136.08,1,-1,-1,-1
152,9258,248.62,170.93,56.10,147.25,1,-1,-1,-1
152,9265,320.07,177.05,60.08,136.08,1,-1,-1,-1
153,9258,249.33,176.80,52.15,137.46,1,-1,-1,-1
153,9265,319.43,177.14,60.13,136.20,1,-1,-1,-1
153,9268,302.88,205.49,39.62,112.38,1,-1,-1,-1
153,9269,126.78,193.74,30.34,104.10,1,-1,-1,-1
153,9274,142.28,190.02,35.23,95.65,1,-1,-1,-1
153,9280,2.00,15.00,123.00,461.00,1,-1,-1,-1
154,9258,247.62,173.06,52.62,141.00,1,-1,-1,-1
154,9265,338.97,170.14,63.76,146.83,1,-1,-1,-1
154,9268,303.53,203.26,42.89,116.29,1,-1,-1,-1
154,9269,118.89,198.39,26.55,92.36,1,-1,-1,-1
154,9274,145.01,191.87,34.25,92.98,1,-1,-1,-1
154,9280,-2.92,23.57,121.71,456.71,1,-1,-1,-1
154,9281,180.00,199.00,26.00,88.00,1,-1,-1,-1
155,9258,244.97,173.68,51.67,140.31,1,-1,-1,-1
155,9265,340.00,169.63,64.20,147.84,1,-1,-1,-1
155,9268,303.60,201.45,45.16,119.22,1,-1,-1,-1
155,9269,118.46,209.65,22.39,77.52,1,-1,-1,-1
155,9281,179.69,205.86,24.04,81.14,1,-1,-1,-1
156,9258,244.10,173.76,51.61,140.14,1,-1,-1,-1
156,9268,302.05,200.10,47.21,122.29,1,-1,-1,-1
156,9269,116.08,213.05,20.48,70.93,1,-1,-1,-1
156,9277,-22.51,93.43,114.72,381.02,1,-1,-1,-1
156,9281,179.25,204.67,25.27,84.65,1,-1,-1,-1
157,9268,301.54,198.90,49.82,128.71,1,-1,-1,-1
157,9277,-23.35,89.51,117.52,390.30,1,-1,-1,-1
157,9281,178.68,204.26,26.53,87.99,1,-1,-1,-1
158,9268,301.31,198.44,50.87,131.13,1,-1,-1,-1
158,9281,178.38,204.10,27.20,89.11,1,-1,-1,-1
159,9268,301.21,198.24,51.33,132.05,1,-1,-1,-1
159,9281,178.16,204.04,27.66,89.43,1,-1,-1,-1
160,9268,301.16,198.16,51.53,132.37,1,-1,-1,-1
160,9281,177.97,204.02,28.05,89.49,1,-1,-1,-1
161,9258,252.22,174.94,50.59,137.17,1,-1,-1,-1
161,9268,300.91,198.34,51.89,133.30,1,-1,-1,-1
161,9269,116.66,200.28,27.30,89.52,1,-1,-1,-1
161,9281,175.57,195.86,30.80,97.60,1,-1,-1,-1
162,9258,252.21,174.33,51.28,139.71,1,-1,-1,-1
162,9269,114.90,198.79,28.77,90.40,1,-1,-1,-1
162,9281,173.37,192.92,31.90,99.87,1,-1,-1,-1
163,9258,252.28,174.14,51.37,140.53,1,-1,-1,-1
163,9269,113.92,198.09,29.86,90.84,1,-1,-1,-1
163,9281,172.40,191.81,32.53,100.68,1,-1,-1,-1
164,9258,252.35,174.07,51.30,140.83,1,-1,-1,-1
164,9269,113.37,197.83,30.68,91.01,1,-1,-1,-1
164,9281,171.94,191.44,32.96,100.90,1,-1,-1,-1
165,9258,252.42,174.04,51.19,140.95,1,-1,-1,-1
165,9269,113.00,197.75,31.35,91.07,1,-1,-1,-1
165,9281,171.68,191.35,33.32,100.92,1,-1,-1,-1
166,9258,252.48,174.02,51.08,141.00,1,-1,-1,-1
166,9269,112.74,197.74,31.89,91.08,1,-1,-1,-1
166,9281,171.51,191.36,33.63,100.87,1,-1,-1,-1
167,9258,252.53,174.02,50.97,141.01,1,-1,-1,-1
167,9269,112.52,197.74,32.35,91.09,1,-1,-1,-1
167,9281,171.37,191.40,33.92,100.79,1,-1,-1,-1
168,9258,252.58,174.02,50.87,141.02,1,-1,-1,-1
168,9269,112.35,197.76,32.75,91.08,1,-1,-1,-1
168,9281,171.25,191.46,34.19,100.72,1,-1,-1,-1
169,9258,258.32,174.67,50.49,139.06,1,-1,-1,-1
169,9269,111.88,197.37,32.80,91.22,1,-1,-1,-1
169,9274,104.78,175.13,47.84,126.78,1,-1,-1,-1
169,9281,169.03,185.64,39.97,114.33,1,-1,-1,-1
170,9258,260.42,174.91,50.52,138.31,1,-1,-1,-1
170,9274,103.48,174.76,48.82,127.58,1,-1,-1,-1
170,9281,167.83,183.50,42.84,119.35,1,-1,-1,-1
171,9258,261.11,175.00,50.68,138.04,1,-1,-1,-1
171,9274,103.02,174.66,49.35,127.78,1,-1,-1,-1
171,9281,167.06,182.67,44.60,121.33,1,-1,-1,-1
172,9258,261.28,175.03,50.87,137.94,1,-1,-1,-1
172,9274,102.82,174.65,49.68,127.81,1,-1,-1,-1
172,9281,166.50,182.38,45.82,122.03,1,-1,-1,-1
173,9258,261.26,175.04,51.07,137.91,1,-1,-1,-1
173,9274,102.73,174.65,49.92,127.78,1,-1,-1,-1
173,9281,166.04,182.32,46.78,122.23,1,-1,-1,-1
174,9258,261.18,175.04,51.25,137.91,1,-1,-1,-1
174,9274,102.69,174.67,50.09,127.74,1,-1,-1,-1
174,9281,165.64,182.33,47.60,122.23,1,-1,-1,-1
175,9258,261.08,175.04,51.42,137.91,1,-1,-1,-1
175,9274,102.67,174.69,50.23,127.70,1,-1,-1,-1
175,9281,165.29,182.37,48.31,122.17,1,-1,-1,-1
176,9258,260.98,175.04,51.57,137.92,1,-1,-1,-1
176,9274,102.67,174.71,50.34,127.65,1,-1,-1,-1
176,9281,164.98,182.42,48.95,122.08,1,-1,-1,-1
177,9258,261.41,174.38,53.29,139.88,1,-1,-1,-1
177,9274,101.41,174.26,50.74,128.67,1,-1,-1,-1
177,9281,164.56,181.49,49.64,123.79,1,-1,-1,-1
177,9282,44.00,162.00,83.00,147.00,1,-1,-1,-1
178,9258,261.29,174.13,54.47,140.63,1,-1,-1,-1
178,9282,44.00,162.00,83.00,147.00,1,-1,-1,-1
179,9258,261.00,174.04,55.38,140.91,1,-1,-1,-1
179,9282,44.00,162.00,83.00,147.00,1,-1,-1,-1
180,9258,260.66,174.00,56.15,141.02,1,-1,-1,-1
180,9282,44.00,162.00,83.00,147.00,1,-1,-1,-1
181,9258,260.32,173.99,56.83,141.05,1,-1,-1,-1
181,9282,44.00,162.00,83.00,147.00,1,-1,-1,-1
182,9258,260.01,173.99,57.42,141.06,1,-1,-1,-1
182,9282,44.00,162.00,83.00,147.00,1,-1,-1,-1
183,9258,259.73,173.98,57.96,141.06,1,-1,-1,-1
183,9282,44.00,162.00,83.00,147.00,1,-1,-1,-1
184,9258,259.47,173.99,58.44,141.06,1,-1,-1,-1
184,9282,44.00,162.00,83.00,147.00,1,-1,-1,-1
185,9258,262.46,178.55,55.68,133.87,1,-1,-1,-1
185,9268,321.42,172.27,54.73,143.11,1,-1,-1,-1
185,9274,78.29,149.22,65.26,169.17,1,-1,-1,-1
185,9281,168.66,180.62,48.22,129.47,1,-1,-1,-1
185,9282,44.00,162.00,83.00,147.00,1,-1,-1,-1
185,9283,295.00,171.00,45.00,141.00,1,-1,-1,-1
185,9284,122.00,168.00,78.00,172.00,1,-1,-1,-1
185,9285,1.00,133.00,76.00,187.00,1,-1,-1,-1
186,9258,262.43,180.31,54.29,130.44,1,-1,-1,-1
186,9268,304.66,173.19,51.69,139.64,1,-1,-1,-1
186,9274,74.27,145.92,67.89,172.67,1,-1,-1,-1
186,9281,157.74,174.48,53.15,145.47,1,-1,-1,-1
187,9258,263.70,179.61,54.52,129.87,1,-1,-1,-1
187,9268,301.52,170.77,50.89,141.26,1,-1,-1,-1
187,9274,74.46,149.08,71.75,185.33,1,-1,-1,-1
187,9281,156.82,173.53,54.01,147.81,1,-1,-1,-1
188,9258,264.03,179.34,54.86,129.68,1,-1,-1,-1
188,9268,300.64,169.91,50.10,141.84,1,-1,-1,-1
188,9274,74.81,150.31,72.72,190.20,1,-1,-1,-1
189,9258,264.02,179.23,55.22,129.64,1,-1,-1,-1
189,9268,300.53,169.62,49.41,142.05,1,-1,-1,-1
189,9274,75.21,150.86,72.68,192.06,1,-1,-1,-1
190,9258,258.65,177.86,57.51,136.22,1,-1,-1,-1
190,9268,299.59,168.68,49.52,142.36,1,-1,-1,-1
190,9274,59.59,136.57,75.82,202.18,1,-1,-1,-1
190,9281,124.29,146.18,71.11,193.42,1,-1,-1,-1
191,9258,257.14,174.77,59.32,141.89,1,-1,-1,-1
191,9274,49.27,129.81,77.50,205.42,1,-1,-1,-1
191,9281,112.01,139.52,82.62,224.60,1,-1,-1,-1
192,9258,257.33,176.14,57.85,140.23,1,-1,-1,-1
192,9268,321.12,192.16,47.27,128.72,1,-1,-1,-1
192,9274,27.36,123.38,89.83,231.86,1,-1,-1,-1
192,9281,106.93,133.87,90.57,247.21,1,-1,-1,-1
193,9258,259.24,171.48,61.41,148.67,1,-1,-1,-1
193,9268,323.76,196.69,47.95,126.50,1,-1,-1,-1
193,9274,8.18,110.53,100.28,260.29,1,-1,-1,-1
193,9281,97.32,130.95,95.67,260.83,1,-1,-1,-1
193,9286,290.00,173.00,67.00,155.00,1,-1,-1,-1
194,9258,259.93,169.74,62.78,151.81,1,-1,-1,-1
194,9268,324.25,198.13,48.88,125.79,1,-1,-1,-1
194,9274,0.56,105.31,104.22,271.83,1,-1,-1,-1
194,9281,93.39,129.83,97.77,266.30,1,-1,-1,-1
194,9286,290.00,173.00,67.00,155.00,1,-1,-1,-1
195,9258,260.55,171.00,61.97,150.45,1,-1,-1,-1
195,9268,323.54,194.62,51.57,130.89,1,-1,-1,-1
195,9274,-6.50,98.29,107.69,285.71,1,-1,-1,-1
195,9281,88.57,126.97,103.35,284.46,1,-1,-1,-1
196,9258,260.86,171.51,61.50,149.87,1,-1,-1,-1
196,9268,323.08,193.30,52.91,132.78,1,-1,-1,-1
196,9274,-8.75,95.54,108.07,291.14,1,-1,-1,-1
196,9281,86.98,125.87,104.96,291.54,1,-1,-1,-1
197,9258,261.03,171.71,61.20,149.62,1,-1,-1,-1
197,9268,322.71,192.75,53.72,133.52,1,-1,-1,-1
197,9274,-9.08,94.53,107.32,293.11,1,-1,-1,-1
197,9281,86.68,125.51,105.08,294.19,1,-1,-1,-1
198,9258,261.15,171.80,60.96,149.50,1,-1,-1,-1
198,9268,322.41,192.51,54.29,133.80,1,-1,-1,-1
198,9274,-8.70,94.23,106.20,293.70,1,-1,-1,-1
198,9281,86.87,125.45,104.64,295.03,1,-1,-1,-1
199,9258,261.24,171.84,60.77,149.43,1,-1,-1,-1
199,9268,322.15,192.40,54.72,133.92,1,-1,-1,-1
199,9274,-8.08,94.20,105.03,293.75,1,-1,-1,-1
199,9281,87.21,125.49,104.04,295.15,1,-1,-1,-1
200,9258,261.32,171.87,60.59,149.38,1,-1,-1,-1
200,9268,321.92,192.33,55.08,133.96,1,-1,-1,-1
200,9274,-7.41,94.27,103.91,293.59,1,-1,-1,-1
200,9281,87.60,125.58,103.41,295.01,1,-1,-1,-1
201,9258,263.27,177.74,55.37,136.33,1,-1,-1,-1
201,9268,319.27,192.94,54.41,132.67,1,-1,-1,-1
201,9274,-0.34,54.78,139.21,391.09,1,-1,-1,-1
201,9281,84.62,123.35,105.65,301.39,1,-1,-1,-1
202,9258,264.01,180.04,53.34,131.20,1,-1,-1,-1
202,9268,318.27,193.16,54.10,132.18,1,-1,-1,-1
202,9274,1.67,40.46,152.55,426.36,1,-1,-1,-1
203,9258,264.25,180.85,52.66,129.39,1,-1,-1,-1
203,9268,317.91,193.22,53.92,132.00,1,-1,-1,-1
203,9274,2.58,34.26,158.76,441.71,1,-1,-1,-1
204,9258,264.32,181.13,52.45,128.76,1,-1,-1,-1
204,9268,317.79,193.23,53.81,131.94,1,-1,-1,-1
204,9274,2.90,31.87,161.56,447.66,1,-1,-1,-1
205,9258,264.32,181.22,52.42,128.56,1,-1,-1,-1
205,9268,317.76,193.22,53.72,131.92,1,-1,-1,-1
205,9274,2.94,31.07,162.89,449.68,1,-1,-1,-1
206,9258,264.30,181.23,52.44,128.52,1,-1,-1,-1
206,9268,317.77,193.20,53.65,131.92,1,-1,-1,-1
206,9274,2.88,30.90,163.59,450.14,1,-1,-1,-1
207,9258,264.28,181.22,52.48,128.54,1,-1,-1,-1
207,9268,317.78,193.19,53.58,131.93,1,-1,-1,-1
207,9274,2.78,30.97,164.03,450.00,1,-1,-1,-1
208,9258,264.25,181.21,52.53,128.58,1,-1,-1,-1
208,9268,317.80,193.17,53.52,131.93,1,-1,-1,-1
208,9274,2.69,31.13,164.33,449.64,1,-1,-1,-1
209,9258,265.30,180.53,53.07,127.30,1,-1,-1,-1
209,9268,319.49,191.19,54.70,135.21,1,-1,-1,-1
209,9274,0.60,26.64,168.14,460.05,1,-1,-1,-1
209,9281,15.43,141.54,76.53,219.09,1,-1,-1,-1
209,9287,92.00,165.00,56.00,189.00,1,-1,-1,-1
209,9288,186.00,208.00,22.00,82.00,1,-1,-1,-1
210,9258,265.61,180.77,52.76,126.54,1,-1,-1,-1
210,9268,321.57,191.74,54.84,135.79,1,-1,-1,-1
210,9281,8.06,135.48,79.85,225.98,1,-1,-1,-1
210,9287,89.62,165.86,56.48,190.71,1,-1,-1,-1
210,9288,184.77,206.29,22.75,84.57,1,-1,-1,-1
210,9289,291.00,194.00,59.00,135.00,1,-1,-1,-1
211,9258,286.33,191.11,55.70,132.95,1,-1,-1,-1
211,9268,322.39,191.95,54.84,136.01,1,-1,-1,-1
211,9281,5.63,134.24,81.02,227.22,1,-1,-1,-1
211,9287,89.24,166.00,56.52,191.00,1,-1,-1,-1
211,9288,184.52,206.00,22.96,85.00,1,-1,-1,-1
212,9258,277.46,178.91,57.56,140.86,1,-1,-1,-1
212,9268,324.95,179.00,57.48,145.20,1,-1,-1,-1
212,9281,0.42,133.43,80.96,227.03,1,-1,-1,-1
212,9287,84.09,160.86,60.71,206.62,1,-1,-1,-1
212,9288,180.00,205.19,23.10,85.11,1,-1,-1,-1
212,9290,212.00,205.00,26.00,87.00,1,-1,-1,-1
213,9258,279.15,175.13,57.37,142.45,1,-1,-1,-1
213,9268,326.87,174.82,57.15,147.98,1,-1,-1,-1
213,9287,82.20,159.40,62.15,211.53,1,-1,-1,-1
213,9288,178.91,204.93,23.69,86.57,1,-1,-1,-1
214,9258,279.98,173.64,56.85,143.06,1,-1,-1,-1
214,9268,327.98,173.19,56.27,149.05,1,-1,-1,-1
214,9288,178.52,204.86,24.05,87.05,1,-1,-1,-1
215,9258,280.46,173.08,56.26,143.27,1,-1,-1,-1
215,9268,328.72,172.60,55.24,149.43,1,-1,-1,-1
215,9288,178.37,204.85,24.32,87.20,1,-1,-1,-1
216,9258,280.78,172.87,55.68,143.33,1,-1,-1,-1
216,9268,329.30,172.42,54.21,149.54,1,-1,-1,-1
216,9288,178.29,204.86,24.57,87.23,1,-1,-1,-1
217,9258,287.03,183.19,54.82,138.14,1,-1,-1,-1
217,9268,330.09,180.15,52.62,144.37,1,-1,-1,-1
217,9287,33.02,131.57,81.89,273.95,1,-1,-1,-1
217,9288,181.96,206.90,24.05,85.87,1,-1,-1,-1
217,9291,213.00,210.00,24.00,86.00,1,-1,-1,-1
218,9258,289.11,187.18,55.04,136.12,1,-1,-1,-1
218,9268,330.31,183.18,52.13,142.33,1,-1,-1,-1
218,9287,28.00,129.08,84.91,279.53,1,-1,-1,-1
218,9288,183.41,207.67,23.77,85.35,1,-1,-1,-1
218,9291,213.00,210.00,24.00,86.00,1,-1,-1,-1
219,9258,289.57,188.64,55.65,135.36,1,-1,-1,-1
219,9268,330.31,184.32,52.07,141.56,1,-1,-1,-1
219,9287,25.85,128.23,86.77,281.42,1,-1,-1,-1
219,9288,183.98,207.95,23.59,85.15,1,-1,-1,-1
219,9291,213.00,210.00,24.00,86.00,1,-1,-1,-1
220,9258,289.46,189.17,56.36,135.08,1,-1,-1,-1
220,9268,330.23,184.76,52.17,141.26,1,-1,-1,-1
220,9287,24.87,128.02,88.10,281.85,1,-1,-1,-1
220,9288,184.23,208.04,23.44,85.07,1,-1,-1,-1
220,9291,213.00,210.00,24.00,86.00,1,-1,-1,-1
221,9258,289.16,189.34,57.05,134.98,1,-1,-1,-1
221,9268,330.13,184.92,52.31,141.14,1,-1,-1,-1
221,9287,24.37,128.06,89.18,281.73,1,-1,-1,-1
221,9288,184.36,208.07,23.31,85.04,1,-1,-1,-1
221,9291,213.00,210.00,24.00,86.00,1,-1,-1,-1
222,9258,288.81,189.38,57.71,134.95,1,-1,-1,-1
222,9268,330.03,184.98,52.46,141.09,1,-1,-1,-1
222,9287,24.06,128.18,90.11,281.43,1,-1,-1,-1
222,9288,184.44,208.08,23.20,85.02,1,-1,-1,-1
222,9291,213.00,210.00,24.00,86.00,1,-1,-1,-1
223,9258,288.46,189.37,58.31,134.94,1,-1,-1,-1
223,9268,329.93,185.00,52.60,141.07,1,-1,-1,-1
223,9287,23.83,128.33,90.94,281.07,1,-1,-1,-1
223,9288,184.50,208.08,23.10,85.02,1,-1,-1,-1
223,9291,213.00,210.00,24.00,86.00,1,-1,-1,-1
224,9258,288.14,189.34,58.85,134.94,1,-1,-1,-1
224,9268,329.85,185.01,52.73,141.06,1,-1,-1,-1
224,9287,23.65,128.47,91.69,280.71,1,-1,-1,-1
224,9288,184.54,208.07,23.00,85.01,1,-1,-1,-1
224,9291,213.00,210.00,24.00,86.00,1,-1,-1,-1
225,9258,282.81,181.47,60.24,138.87,1,-1,-1,-1
225,9268,336.67,181.09,52.75,141.05,1,-1,-1,-1
225,9287,19.58,126.09,93.58,286.49,1,-1,-1,-1
225,9288,175.15,204.12,25.35,93.55,1,-1,-1,-1
225,9291,210.73,205.26,27.18,95.47,1,-1,-1,-1
226,9258,280.89,178.51,60.58,140.34,1,-1,-1,-1
226,9268,339.24,179.61,52.78,141.05,1,-1,-1,-1
226,9288,171.69,202.67,26.24,96.69,1,-1,-1,-1
226,9291,209.74,203.57,28.69,98.87,1,-1,-1,-1
227,9258,280.22,177.37,60.55,140.90,1,-1,-1,-1
227,9268,340.17,179.06,52.80,141.04,1,-1,-1,-1
227,9288,170.33,202.10,26.61,97.91,1,-1,-1,-1
227,9291,209.19,202.92,29.60,100.16,1,-1,-1,-1
228,9258,280.02,176.95,60.39,141.10,1,-1,-1,-1
228,9268,340.49,178.87,52.82,141.04,1,-1,-1,-1
228,9288,169.82,201.89,26.76,98.36,1,-1,-1,-1
228,9291,208.83,202.70,30.25,100.61,1,-1,-1,-1
229,9258,280.01,176.81,60.19,141.17,1,-1,-1,-1
229,9268,340.57,178.81,52.84,141.03,1,-1,-1,-1
229,9288,169.65,201.82,26.83,98.49,1,-1,-1,-1
229,9291,208.56,202.64,30.78,100.72,1,-1,-1,-1
230,9258,280.07,176.77,59.99,141.18,1,-1,-1,-1
230,9268,340.56,178.80,52.85,141.03,1,-1,-1,-1
230,9288,169.61,201.81,26.87,98.51,1,-1,-1,-1
230,9291,208.33,202.64,31.24,100.72,1,-1,-1,-1
231,9258,280.14,176.77,59.81,141.17,1,-1,-1,-1
231,9268,340.53,178.81,52.86,141.03,1,-1,-1,-1
231,9288,169.61,201.81,26.89,98.49,1,-1,-1,-1
231,9291,208.12,202.66,31.66,100.67,1,-1,-1,-1
232,9258,280.22,176.78,59.64,141.16,1,-1,-1,-1
232,9268,340.48,178.82,52.88,141.02,1,-1,-1,-1
232,9288,169.64,201.83,26.90,98.46,1,-1,-1,-1
232,9291,207.93,202.69,32.05,100.62,1,-1,-1,-1
233,9258,281.24,175.49,60.19,143.10,1,-1,-1,-1
233,9268,340.48,175.57,53.47,144.29,1,-1,-1,-1
233,9288,171.11,192.11,30.50,111.39,1,-1,-1,-1
233,9291,207.70,202.20,32.36,101.60,1,-1,-1,-1
233,9292,105.00,191.00,35.00,107.00,1,-1,-1,-1
234,9258,281.70,175.02,60.25,143.83,1,-1,-1,-1
234,9268,340.63,174.36,53.34,145.51,1,-1,-1,-1
234,9288,171.63,188.53,31.87,116.16,1,-1,-1,-1
234,9292,105.00,191.00,35.00,107.00,1,-1,-1,-1
235,9258,281.93,174.85,60.14,144.09,1,-1,-1,-1
235,9268,340.83,173.91,52.98,145.97,1,-1,-1,-1
235,9288,171.85,187.10,32.45,118.06,1,-1,-1,-1
235,9292,105.00,191.00,35.00,107.00,1,-1,-1,-1
236,9258,282.08,174.80,59.98,144.18,1,-1,-1,-1
236,9268,341.02,173.76,52.57,146.14,1,-1,-1,-1
236,9288,171.94,186.57,32.69,118.75,1,-1,-1,-1
236,9292,105.00,191.00,35.00,107.00,1,-1,-1,-1
237,9258,282.18,174.79,59.81,144.20,1,-1,-1,-1
237,9268,341.20,173.72,52.15,146.18,1,-1,-1,-1
237,9288,171.97,186.40,32.80,118.96,1,-1,-1,-1
237,9292,105.00,191.00,35.00,107.00,1,-1,-1,-1
238,9258,282.27,174.80,59.64,144.20,1,-1,-1,-1
238,9268,341.37,173.72,51.77,146.19,1,-1,-1,-1
238,9288,171.98,186.37,32.85,118.98,1,-1,-1,-1
238,9292,105.00,191.00,35.00,107.00,1,-1,-1,-1
239,9258,282.34,174.82,59.49,144.18,1,-1,-1,-1
239,9268,341.53,173.74,51.41,146.18,1,-1,-1,-1
239,9288,171.99,186.39,32.88,118.94,1,-1,-1,-1
239,9292,105.00,191.00,35.00,107.00,1,-1,-1,-1
240,9258,282.40,174.83,59.35,144.17,1,-1,-1,-1
240,9268,341.67,173.76,51.09,146.17,1,-1,-1,-1
240,9288,171.99,186.43,32.90,118.88,1,-1,-1,-1
240,9292,105.00,191.00,35.00,107.00,1,-1,-1,-1
241,9258,281.45,174.20,63.19,151.98,1,-1,-1,-1
241,9268,336.92,174.43,52.72,150.06,1,-1,-1,-1
241,9288,161.13,192.29,35.27,127.20,1,-1,-1,-1
241,9292,99.20,184.23,38.47,120.53,1,-1,-1,-1
241,9293,218.00,202.00,39.00,123.00,1,-1,-1,-1
241,9294,67.00,173.00,45.00,145.00,1,-1,-1,-1
242,9258,283.08,174.60,65.78,155.53,1,-1,-1,-1
242,9268,333.65,174.69,55.00,154.11,1,-1,-1,-1
242,9288,155.43,188.19,39.38,135.99,1,-1,-1,-1
242,9292,98.31,183.26,39.09,122.47,1,-1,-1,-1
242,9294,61.80,169.57,46.82,151.00,1,-1,-1,-1
243,9258,283.42,174.77,67.36,156.89,1,-1,-1,-1
243,9268,332.16,174.80,56.34,155.64,1,-1,-1,-1
243,9288,152.74,186.58,41.94,139.43,1,-1,-1,-1
243,9294,60.97,169.00,47.07,152.00,1,-1,-1,-1
244,9258,283.29,174.85,68.49,157.38,1,-1,-1,-1
244,9268,331.39,174.85,57.26,156.21,1,-1,-1,-1
244,9288,151.30,185.95,43.75,140.72,1,-1,-1,-1
244,9294,60.77,168.85,47.07,152.27,1,-1,-1,-1
245,9258,282.99,174.88,69.39,157.53,1,-1,-1,-1
245,9268,330.92,174.88,57.98,156.40,1,-1,-1,-1
245,9288,150.41,185.72,45.17,141.15,1,-1,-1,-1
245,9294,60.79,168.83,46.99,152.30,1,-1,-1,-1
246,9258,282.65,174.90,70.15,157.55,1,-1,-1,-1
246,9268,330.58,174.89,58.59,156.44,1,-1,-1,-1
246,9288,149.77,185.66,46.37,141.25,1,-1,-1,-1
246,9294,60.87,168.85,46.88,152.27,1,-1,-1,-1
247,9258,282.32,174.91,70.82,157.53,1,-1,-1,-1
247,9268,330.31,174.91,59.12,156.43,1,-1,-1,-1
247,9288,149.26,185.65,47.42,141.22,1,-1,-1,-1
247,9294,60.95,168.87,46.77,152.23,1,-1,-1,-1
248,9258,282.00,174.92,71.42,157.49,1,-1,-1,-1
248,9268,330.08,174.92,59.59,156.40,1,-1,-1,-1
248,9288,148.83,185.67,48.36,141.14,1,-1,-1,-1
248,9294,61.04,168.89,46.65,152.19,1,-1,-1,-1
249,9258,281.21,173.63,68.43,153.56,1,-1,-1,-1
249,9268,334.10,174.27,54.83,147.92,1,-1,-1,-1
249,9288,132.87,176.02,50.69,149.44,1,-1,-1,-1
249,9291,89.23,158.68,56.57,180.79,1,-1,-1,-1
249,9294,64.99,162.83,51.61,168.37,1,-1,-1,-1
249,9295,3.00,158.00,49.00,178.00,1,-1,-1,-1
249,9296,202.00,191.00,44.00,148.00,1,-1,-1,-1
250,9258,278.23,173.14,66.70,151.36,1,-1,-1,-1
250,9268,334.93,173.37,53.78,147.26,1,-1,-1,-1
250,9288,130.57,174.76,51.49,151.78,1,-1,-1,-1
250,9291,89.61,157.36,55.63,184.36,1,-1,-1,-1
250,9292,5.17,166.47,51.21,162.72,1,-1,-1,-1
250,9294,60.84,154.87,57.46,188.31,1,-1,-1,-1
250,9296,199.32,185.00,46.80,157.43,1,-1,-1,-1
251,9258,277.91,172.31,65.11,149.87,1,-1,-1,-1
251,9268,336.10,176.33,51.02,141.77,1,-1,-1,-1
251,9291,84.01,155.17,56.86,188.42,1,-1,-1,-1
251,9292,-2.13,159.21,53.40,173.14,1,-1,-1,-1
251,9294,57.19,151.14,60.04,196.09,1,-1,-1,-1
251,9296,196.44,181.81,47.73,160.46,1,-1,-1,-1
252,9258,278.04,172.00,64.04,149.30,1,-1,-1,-1
252,9268,336.73,177.46,49.60,139.70,1,-1,-1,-1
252,9292,-4.61,156.48,53.68,177.06,1,-1,-1,-1
252,9294,55.63,149.68,61.15,199.10,1,-1,-1,-1
252,9296,195.44,180.75,48.06,161.41,1,-1,-1,-1
253,9258,278.31,171.90,63.19,149.09,1,-1,-1,-1
253,9268,337.13,177.87,48.73,138.96,1,-1,-1,-1
253,9292,-5.19,155.44,53.34,178.51,1,-1,-1,-1
253,9294,54.97,149.18,61.64,200.11,1,-1,-1,-1
253,9296,195.15,180.49,48.16,161.61,1,-1,-1,-1
254,9258,278.63,171.87,62.48,149.01,1,-1,-1,-1
254,9268,337.44,178.02,48.10,138.71,1,-1,-1,-1
254,9292,-5.05,155.09,52.81,178.97,1,-1,-1,-1
254,9294,54.69,149.04,61.88,200.35,1,-1,-1,-1
254,9296,195.09,180.48,48.21,161.60,1,-1,-1,-1
255,9258,278.93,171.86,61.85,148.98,1,-1,-1,-1
255,9268,337.69,178.07,47.58,138.64,1,-1,-1,-1
255,9292,-4.66,155.01,52.26,179.04,1,-1,-1,-1
255,9294,54.55,149.05,62.03,200.30,1,-1,-1,-1
255,9296,195.09,180.53,48.25,161.53,1,-1,-1,-1
256,9258,279.22,171.87,61.29,148.97,1,-1,-1,-1
256,9268,337.92,178.08,47.13,138.64,1,-1,-1,-1
256,9292,-4.21,155.02,51.73,178.97,1,-1,-1,-1
256,9294,54.47,149.11,62.14,200.15,1,-1,-1,-1
256,9296,195.11,180.59,48.29,161.46,1,-1,-1,-1
257,9258,279.72,172.54,58.35,141.78,1,-1,-1,-1
257,9268,338.00,178.24,46.92,138.02,1,-1,-1,-1
257,9292,-9.16,153.44,52.65,182.12,1,-1,-1,-1
257,9294,53.97,147.68,63.20,203.58,1,-1,-1,-1
257,9296,175.96,171.89,50.27,168.13,1,-1,-1,-1
257,9297,501.00,365.00,149.00,112.00,1,-1,-1,-1
258,9258,279.91,172.80,57.24,139.02,1,-1,-1,-1
258,9296,168.97,168.72,50.99,170.55,1,-1,-1,-1
258,9297,501.00,365.00,149.00,112.00,1,-1,-1,-1
259,9258,279.98,172.90,56.85,138.04,1,-1,-1,-1
259,9296,166.41,167.58,51.24,171.42,1,-1,-1,-1
259,9297,501.00,365.00,149.00,112.00,1,-1,-1,-1
260,9258,280.01,172.94,56.73,137.70,1,-1,-1,-1
260,9296,165.57,167.21,51.31,171.69,1,-1,-1,-1
260,9297,501.00,365.00,149.00,112.00,1,-1,-1,-1
261,9258,280.02,172.96,56.70,137.61,1,-1,-1,-1
261,9296,165.38,167.14,51.31,171.73,1,-1,-1,-1
261,9297,501.00,365.00,149.00,112.00,1,-1,-1,-1
262,9258,280.02,172.97,56.71,137.60,1,-1,-1,-1
262,9296,165.42,167.17,51.30,171.70,1,-1,-1,-1
262,9297,501.00,365.00,149.00,112.00,1,-1,-1,-1
263,9258,280.02,172.97,56.74,137.62,1,-1,-1,-1
263,9296,165.53,167.24,51.27,171.65,1,-1,-1,-1
263,9297,501.00,365.00,149.00,112.00,1,-1,-1,-1
264,9258,280.02,172.98,56.76,137.65,1,-1,-1,-1
264,9296,165.66,167.31,51.25,171.59,1,-1,-1,-1
264,9297,501.00,365.00,149.00,112.00,1,-1,-1,-1
265,9258,282.20,171.01,59.63,147.52,1,-1,-1,-1
265,9268,328.20,174.22,50.25,150.29,1,-1,-1,-1
265,9291,-9.75,112.48,90.09,329.65,1,-1,-1,-1
265,9296,152.57,160.18,59.37,196.37,1,-1,-1,-1
265,9297,501.00,365.00,149.00,112.00,1,-1,-1,-1
266,9258,281.65,174.11,57.65,144.15,1,-1,-1,-1
266,9268,329.30,177.96,47.90,143.03,1,-1,-1,-1
266,9291,-16.16,109.73,92.26,337.60,1,-1,-1,-1
266,9296,149.45,158.50,60.34,199.58,1,-1,-1,-1
267,9258,281.58,175.37,56.54,142.77,1,-1,-1,-1
267,9268,329.70,179.34,47.07,140.35,1,-1,-1,-1
268,9258,281.70,175.84,55.84,142.25,1,-1,-1,-1
268,9268,329.85,179.84,46.79,139.38,1,-1,-1,-1
269,9258,281.87,176.01,55.31,142.06,1,-1,-1,-1
269,9268,329.91,180.02,46.71,139.02,1,-1,-1,-1
270,9258,282.06,176.07,54.87,141.99,1,-1,-1,-1
270,9268,329.93,180.08,46.70,138.90,1,-1,-1,-1
271,9258,282.24,176.09,54.49,141.96,1,-1,-1,-1
271,9268,329.94,180.10,46.71,138.86,1,-1,-1,-1
272,9258,282.40,176.09,54.16,141.96,1,-1,-1,-1
272,9268,329.95,180.10,46.74,138.85,1,-1,-1,-1
273,9258,269.90,172.16,55.65,144.57,1,-1,-1,-1
273,9268,322.56,176.82,47.81,141.48,1,-1,-1,-1
273,9296,107.24,123.69,87.98,289.08,1,-1,-1,-1
274,9258,264.36,169.39,57.24,148.15,1,-1,-1,-1
274,9268,319.56,172.34,49.99,148.31,1,-1,-1,-1
274,9296,99.29,112.25,94.36,307.81,1,-1,-1,-1
275,9258,262.22,168.34,57.96,149.51,1,-1,-1,-1
275,9268,318.48,170.65,50.73,150.90,1,-1,-1,-1
275,9296,95.99,107.66,97.20,315.27,1,-1,-1,-1
276,9258,261.39,167.94,58.34,150.02,1,-1,-1,-1
276,9268,318.13,170.01,50.95,151.89,1,-1,-1,-1
276,9296,94.67,105.90,98.53,318.07,1,-1,-1,-1
277,9258,261.08,167.81,58.57,150.20,1,-1,-1,-1
277,9268,318.05,169.78,50.97,152.24,1,-1,-1,-1
277,9296,94.16,105.30,99.21,318.97,1,-1,-1,-1
278,9258,260.96,167.77,58.73,150.25,1,-1,-1,-1
278,9268,318.08,169.71,50.92,152.36,1,-1,-1,-1
278,9296,93.98,105.15,99.60,319.12,1,-1,-1,-1
279,9258,260.92,167.77,58.86,150.25,1,-1,-1,-1
279,9268,318.15,169.70,50.85,152.38,1,-1,-1,-1
279,9296,93.94,105.18,99.85,318.99,1,-1,-1,-1
280,9258,260.91,167.79,58.98,150.24,1,-1,-1,-1
280,9268,318.22,169.72,50.77,152.36,1,-1,-1,-1
280,9296,93.95,105.28,100.03,318.76,1,-1,-1,-1
281,9258,263.93,171.06,55.65,141.11,1,-1,-1,-1
281,9268,320.24,166.49,50.70,152.34,1,-1,-1,-1
281,9296,90.62,102.55,101.89,324.68,1,-1,-1,-1
281,9298,0.00,29.00,148.00,445.00,1,-1,-1,-1
282,9258,265.09,172.34,54.48,137.55,1,-1,-1,-1
282,9268,321.04,165.28,50.63,152.31,1,-1,-1,-1
282,9298,0.00,29.00,148.00,445.00,1,-1,-1,-1
283,9258,265.47,172.81,54.18,136.28,1,-1,-1,-1
283,9268,321.38,164.84,50.57,152.28,1,-1,-1,-1
283,9298,0.00,29.00,148.00,445.00,1,-1,-1,-1
284,9258,265.57,172.98,54.18,135.83,1,-1,-1,-1
284,9268,321.54,164.69,50.52,152.26,1,-1,-1,-1
284,9298,0.00,29.00,148.00,445.00,1,-1,-1,-1
285,9258,265.57,173.04,54.29,135.69,1,-1,-1,-1
285,9268,321.62,164.66,50.47,152.23,1,-1,-1,-1
285,9298,0.00,29.00,148.00,445.00,1,-1,-1,-1
286,9258,265.54,173.05,54.43,135.66,1,-1,-1,-1
286,9268,321.67,164.67,50.42,152.21,1,-1,-1,-1
286,9298,0.00,29.00,148.00,445.00,1,-1,-1,-1
287,9258,265.49,173.06,54.57,135.67,1,-1,-1,-1
287,9268,321.71,164.69,50.38,152.19,1,-1,-1,-1
287,9298,0.00,29.00,148.00,445.00,1,-1,-1,-1
288,9258,265.45,173.05,54.71,135.69,1,-1,-1,-1
288,9268,321.74,164.72,50.34,152.17,1,-1,-1,-1
288,9298,0.00,29.00,148.00,445.00,1,-1,-1,-1
289,9258,273.00,169.11,58.01,144.90,1,-1,-1,-1
289,9268,321.54,164.26,50.43,152.45,1,-1,-1,-1
289,9298,0.00,29.00,148.00,445.00,1,-1,-1,-1
290,9258,275.91,167.66,58.99,148.31,1,-1,-1,-1
291,9258,277.14,167.10,59.17,149.64,1,-1,-1,-1
292,9258,277.69,166.89,59.05,150.13,1,-1,-1,-1
293,9258,277.96,166.82,58.83,150.30,1,-1,-1,-1
294,9258,278.11,166.81,58.59,150.34,1,-1,-1,-1
295,9258,278.22,166.82,58.35,150.33,1,-1,-1,-1
296,9258,278.31,166.83,58.13,150.31,1,-1,-1,-1
297,9258,278.81,166.55,58.33,150.83,1,-1,-1,-1
305,9258,333.45,174.50,56.28,140.70,1,-1,-1,-1
305,9268,395.75,195.39,45.16,128.45,1,-1,-1,-1
306,9258,335.64,174.96,57.47,140.09,1,-1,-1,-1
306,9268,396.74,196.22,46.74,127.82,1,-1,-1,-1
307,9258,336.09,175.11,58.53,139.89,1,-1,-1,-1
307,9268,396.81,196.52,47.97,127.59,1,-1,-1,-1
308,9258,335.90,175.16,59.43,139.83,1,-1,-1,-1
308,9268,396.47,196.59,48.95,127.54,1,-1,-1,-1
309,9258,335.50,175.17,60.20,139.82,1,-1,-1,-1
309,9268,396.01,196.57,49.74,127.55,1,-1,-1,-1
310,9258,335.07,175.16,60.86,139.83,1,-1,-1,-1
310,9268,395.56,196.52,50.40,127.59,1,-1,-1,-1
311,9258,334.65,175.14,61.42,139.84,1,-1,-1,-1
311,9268,395.16,196.47,50.95,127.63,1,-1,-1,-1
312,9258,334.27,175.13,61.92,139.86,1,-1,-1,-1
312,9268,394.80,196.42,51.41,127.67,1,-1,-1,-1
313,9258,336.32,175.34,61.82,139.62,1,-1,-1,-1
313,9268,381.67,178.57,57.02,142.22,1,-1,-1,-1
313,9299,255.00,214.00,23.00,76.00,1,-1,-1,-1
313,9300,436.00,170.00,53.00,156.00,1,-1,-1,-1
314,9268,376.98,172.08,58.91,147.50,1,-1,-1,-1
314,9299,255.00,214.00,23.00,76.00,1,-1,-1,-1
314,9300,436.00,170.00,53.00,156.00,1,-1,-1,-1
315,9268,375.12,169.50,59.55,149.60,1,-1,-1,-1
315,9299,255.00,214.00,23.00,76.00,1,-1,-1,-1
315,9300,436.00,170.00,53.00,156.00,1,-1,-1,-1
316,9268,374.45,168.55,59.68,150.38,1,-1,-1,-1
316,9299,255.00,214.00,23.00,76.00,1,-1,-1,-1
316,9300,436.00,170.00,53.00,156.00,1,-1,-1,-1
317,9268,374.24,168.24,59.62,150.63,1,-1,-1,-1
317,9299,255.00,214.00,23.00,76.00,1,-1,-1,-1
317,9300,436.00,170.00,53.00,156.00,1,-1,-1,-1
318,9268,374.22,168.17,59.51,150.69,1,-1,-1,-1
318,9299,255.00,214.00,23.00,76.00,1,-1,-1,-1
318,9300,436.00,170.00,53.00,156.00,1,-1,-1,-1
319,9268,374.25,168.19,59.38,150.67,1,-1,-1,-1
319,9299,255.00,214.00,23.00,76.00,1,-1,-1,-1
319,9300,436.00,170.00,53.00,156.00,1,-1,-1,-1
320,9268,374.31,168.24,59.25,150.62,1,-1,-1,-1
320,9299,255.00,214.00,23.00,76.00,1,-1,-1,-1
320,9300,436.00,170.00,53.00,156.00,1,-1,-1,-1
321,9268,383.62,172.19,59.45,151.22,1,-1,-1,-1
321,9299,255.00,214.00,23.00,76.00,1,-1,-1,-1
321,9300,444.06,179.47,51.76,151.94,1,-1,-1,-1
321,9301,281.00,214.00,26.00,77.00,1,-1,-1,-1
322,9268,387.18,173.74,59.49,151.42,1,-1,-1,-1
322,9300,447.01,182.98,51.39,150.44,1,-1,-1,-1
322,9301,281.00,214.00,26.00,77.00,1,-1,-1,-1
323,9268,388.54,174.35,59.48,151.47,1,-1,-1,-1
323,9300,447.99,184.21,51.35,149.91,1,-1,-1,-1
323,9301,281.00,214.00,26.00,77.00,1,-1,-1,-1
324,9268,392.12,175.25,56.53,142.36,1,-1,-1,-1
324,9299,243.02,208.62,30.81,102.03,1,-1,-1,-1
324,9300,453.35,173.90,54.61,159.78,1,-1,-1,-1
324,9301,283.29,212.52,27.36,81.45,1,-1,-1,-1
325,9268,395.04,176.29,54.22,134.79,1,-1,-1,-1
325,9299,241.57,207.40,32.52,107.38,1,-1,-1,-1
325,9300,457.95,168.18,56.95,165.32,1,-1,-1,-1
325,9301,283.97,212.06,27.81,82.81,1,-1,-1,-1
325,9302,207.00,211.00,35.00,106.00,1,-1,-1,-1
326,9268,395.90,176.69,53.71,132.01,1,-1,-1,-1
326,9299,240.99,206.92,33.26,109.51,1,-1,-1,-1
326,9300,459.54,165.95,58.12,167.45,1,-1,-1,-1
326,9302,207.00,211.00,35.00,106.00,1,-1,-1,-1
327,9268,396.02,176.84,53.86,131.03,1,-1,-1,-1
327,9299,240.78,206.74,33.58,110.27,1,-1,-1,-1
327,9300,459.96,165.10,58.80,168.24,1,-1,-1,-1
327,9302,207.00,211.00,35.00,106.00,1,-1,-1,-1
328,9268,395.88,176.90,54.22,130.69,1,-1,-1,-1
328,9299,240.71,206.69,33.72,110.48,1,-1,-1,-1
328,9300,459.93,164.80,59.27,168.50,1,-1,-1,-1
328,9302,207.00,211.00,35.00,106.00,1,-1,-1,-1
329,9268,399.89,178.91,54.08,127.96,1,-1,-1,-1
329,9299,237.32,202.23,36.71,118.13,1,-1,-1,-1
329,9300,466.54,169.91,59.73,168.56,1,-1,-1,-1
329,9302,207.00,211.00,35.00,106.00,1,-1,-1,-1
329,9303,12.00,143.00,75.00,176.00,1,-1,-1,-1
330,9268,401.10,179.67,54.56,126.96,1,-1,-1,-1
330,9299,235.85,200.53,38.22,121.03,1,-1,-1,-1
330,9300,468.89,171.88,60.13,168.55,1,-1,-1,-1
330,9303,12.00,143.00,75.00,176.00,1,-1,-1,-1
331,9268,401.26,179.95,55.22,126.63,1,-1,-1,-1
331,9299,235.14,199.87,39.11,122.10,1,-1,-1,-1
331,9300,469.60,172.63,60.49,168.51,1,-1,-1,-1
331,9303,12.00,143.00,75.00,176.00,1,-1,-1,-1
332,9268,401.06,180.04,55.91,126.54,1,-1,-1,-1
332,9299,234.76,199.63,39.72,122.44,1,-1,-1,-1
332,9300,469.69,172.92,60.82,168.47,1,-1,-1,-1
332,9303,12.00,143.00,75.00,176.00,1,-1,-1,-1
333,9268,400.75,180.07,56.57,126.54,1,-1,-1,-1
333,9299,234.51,199.57,40.19,122.48,1,-1,-1,-1
333,9300,469.57,173.02,61.11,168.43,1,-1,-1,-1
333,9303,12.00,143.00,75.00,176.00,1,-1,-1,-1
334,9268,400.42,180.08,57.17,126.57,1,-1,-1,-1
334,9299,234.33,199.57,40.59,122.42,1,-1,-1,-1
334,9300,469.38,173.05,61.38,168.39,1,-1,-1,-1
334,9303,12.00,143.00,75.00,176.00,1,-1,-1,-1
335,9268,400.10,180.08,57.73,126.60,1,-1,-1,-1
335,9299,234.19,199.59,40.93,122.33,1,-1,-1,-1
335,9300,469.17,173.06,61.62,168.35,1,-1,-1,-1
335,9303,12.00,143.00,75.00,176.00,1,-1,-1,-1
336,9268,399.81,180.07,58.23,126.64,1,-1,-1,-1
336,9299,234.06,199.62,41.23,122.22,1,-1,-1,-1
336,9300,468.97,173.06,61.85,168.32,1,-1,-1,-1
336,9303,12.00,143.00,75.00,176.00,1,-1,-1,-1
337,9268,396.97,178.75,56.60,124.05,1,-1,-1,-1
337,9299,233.24,199.02,41.88,124.14,1,-1,-1,-1
337,9300,468.37,178.93,58.32,158.50,1,-1,-1,-1
337,9303,12.00,143.00,75.00,176.00,1,-1,-1,-1
337,9304,195.00,173.00,56.00,168.00,1,-1,-1,-1
338,9268,396.16,176.93,56.74,125.08,1,-1,-1,-1
338,9300,468.53,181.86,57.36,154.69,1,-1,-1,-1
338,9301,252.34,208.96,29.51,89.16,1,-1,-1,-1
338,9302,135.23,177.54,56.51,171.93,1,-1,-1,-1
338,9304,191.03,168.71,59.65,179.14,1,-1,-1,-1
339,9268,394.45,177.56,58.28,128.75,1,-1,-1,-1
339,9300,467.64,186.89,56.19,149.33,1,-1,-1,-1
339,9301,251.45,209.62,29.47,89.23,1,-1,-1,-1
339,9302,127.01,169.68,57.74,177.13,1,-1,-1,-1
339,9304,187.58,167.27,62.93,189.77,1,-1,-1,-1
340,9268,396.71,174.57,59.54,132.08,1,-1,-1,-1
340,9300,467.70,186.71,56.23,148.71,1,-1,-1,-1
340,9301,248.35,207.82,31.00,93.25,1,-1,-1,-1
340,9302,118.22,161.33,61.07,190.20,1,-1,-1,-1
340,9304,177.00,166.09,63.61,192.70,1,-1,-1,-1
340,9305,277.00,213.00,27.00,82.00,1,-1,-1,-1
341,9268,397.63,173.42,59.89,133.37,1,-1,-1,-1
341,9300,467.62,186.62,56.41,148.51,1,-1,-1,-1
341,9301,247.19,207.17,31.66,94.71,1,-1,-1,-1
341,9302,115.01,158.02,61.90,195.37,1,-1,-1,-1
341,9304,173.35,165.73,63.52,193.45,1,-1,-1,-1
341,9305,277.00,213.00,27.00,82.00,1,-1,-1,-1
342,9268,398.04,172.99,59.91,133.86,1,-1,-1,-1
342,9300,467.50,186.55,56.62,148.48,1,-1,-1,-1
342,9301,246.76,206.92,31.99,95.25,1,-1,-1,-1
342,9302,114.09,156.76,61.79,197.31,1,-1,-1,-1
342,9304,172.38,165.65,63.16,193.49,1,-1,-1,-1
342,9305,277.00,213.00,27.00,82.00,1,-1,-1,-1
343,9268,398.36,174.79,58.26,129.49,1,-1,-1,-1
343,9300,469.17,184.51,57.85,147.84,1,-1,-1,-1
343,9301,245.10,206.55,32.30,96.19,1,-1,-1,-1
343,9302,96.48,153.22,63.30,198.56,1,-1,-1,-1
343,9304,142.11,156.10,72.63,220.00,1,-1,-1,-1
343,9305,277.63,207.06,28.70,87.19,1,-1,-1,-1
344,9268,399.40,174.84,57.08,126.48,1,-1,-1,-1
344,9300,470.12,180.42,60.91,152.25,1,-1,-1,-1
344,9301,243.53,207.57,29.76,86.34,1,-1,-1,-1
344,9302,84.11,145.60,72.43,220.96,1,-1,-1,-1
344,9304,133.58,146.94,79.15,237.11,1,-1,-1,-1
344,9305,278.28,205.78,28.39,86.12,1,-1,-1,-1
345,9268,401.37,177.51,55.43,122.73,1,-1,-1,-1
345,9300,471.46,180.84,63.30,154.55,1,-1,-1,-1
345,9301,240.47,205.02,30.86,88.88,1,-1,-1,-1
345,9302,67.89,145.11,76.84,230.16,1,-1,-1,-1
345,9304,130.10,137.60,84.93,254.59,1,-1,-1,-1
345,9305,278.55,204.73,28.87,87.72,1,-1,-1,-1
346,9268,402.08,178.51,54.84,121.34,1,-1,-1,-1
346,9300,471.55,181.00,65.00,155.45,1,-1,-1,-1
346,9301,239.38,204.19,31.34,89.70,1,-1,-1,-1
346,9302,61.03,145.03,79.30,233.76,1,-1,-1,-1
346,9304,128.96,133.94,87.13,261.35,1,-1,-1,-1
346,9305,278.65,204.42,28.99,88.25,1,-1,-1,-1
347,9268,402.31,178.88,54.65,120.85,1,-1,-1,-1
347,9300,471.20,181.05,66.36,155.79,1,-1,-1,-1
347,9301,238.97,203.89,31.62,90.01,1,-1,-1,-1
347,9302,58.17,145.10,80.86,235.01,1,-1,-1,-1
347,9304,128.83,132.61,87.87,263.73,1,-1,-1,-1
347,9305,278.69,204.38,28.98,88.40,1,-1,-1,-1
348,9268,402.37,179.01,54.61,120.70,1,-1,-1,-1
348,9300,470.71,181.07,67.51,155.93,1,-1,-1,-1
348,9301,238.83,203.79,31.80,90.11,1,-1,-1,-1
348,9302,56.96,145.22,81.98,235.32,1,-1,-1,-1
348,9304,129.05,132.22,88.02,264.35,1,-1,-1,-1
348,9305,278.72,204.42,28.92,88.41,1,-1,-1,-1
349,9268,402.37,179.06,54.62,120.66,1,-1,-1,-1
349,9300,470.21,181.07,68.53,155.98,1,-1,-1,-1
349,9301,238.80,203.77,31.94,90.14,1,-1,-1,-1
349,9302,56.42,145.35,82.88,235.28,1,-1,-1,-1
349,9304,129.35,132.18,87.96,264.32,1,-1,-1,-1
349,9305,278.74,204.48,28.86,88.39,1,-1,-1,-1
350,9268,402.35,179.07,54.64,120.67,1,-1,-1,-1
350,9300,469.73,181.07,69.44,156.00,1,-1,-1,-1
350,9301,238.79,203.78,32.05,90.14,1,-1,-1,-1
350,9302,56.15,145.47,83.63,235.11,1,-1,-1,-1
350,9304,129.67,132.27,87.83,264.06,1,-1,-1,-1
350,9305,278.75,204.54,28.79,88.35,1,-1,-1,-1
351,9268,402.32,179.07,54.68,120.69,1,-1,-1,-1
351,9300,469.28,181.06,70.25,156.00,1,-1,-1,-1
351,9301,238.81,203.79,32.15,90.13,1,-1,-1,-1
351,9302,56.02,145.60,84.29,234.90,1,-1,-1,-1
351,9304,129.97,132.40,87.68,263.73,1,-1,-1,-1
351,9305,278.77,204.59,28.72,88.31,1,-1,-1,-1
352,9268,402.29,179.07,54.71,120.72,1,-1,-1,-1
352,9300,468.88,181.06,70.99,156.01,1,-1,-1,-1
352,9301,238.82,203.81,32.24,90.12,1,-1,-1,-1
352,9302,55.94,145.71,84.87,234.67,1,-1,-1,-1
352,9304,130.26,132.54,87.53,263.40,1,-1,-1,-1
352,9305,278.79,204.64,28.66,88.27,1,-1,-1,-1
353,9268,391.74,179.06,59.39,130.58,1,-1,-1,-1
353,9300,459.72,186.27,68.35,151.44,1,-1,-1,-1
353,9301,241.05,198.61,35.72,101.87,1,-1,-1,-1
353,9302,9.66,63.55,132.23,373.92,1,-1,-1,-1
353,9304,126.30,130.26,89.30,268.72,1,-1,-1,-1
353,9305,278.90,204.06,28.80,88.71,1,-1,-1,-1
353,9306,529.00,211.00,60.00,108.00,1,-1,-1,-1
353,9307,202.00,193.00,37.00,113.00,1,-1,-1,-1
354,9268,386.60,176.51,61.71,136.12,1,-1,-1,-1
354,9300,457.20,190.90,65.35,143.75,1,-1,-1,-1
354,9301,239.84,194.20,36.66,106.79,1,-1,-1,-1
354,9302,1.49,55.27,137.44,388.66,1,-1,-1,-1
354,9306,525.86,212.71,57.71,103.71,1,-1,-1,-1
354,9307,203.17,192.14,36.37,111.29,1,-1,-1,-1
354,9308,187.00,201.00,28.00,97.00,1,-1,-1,-1
