1,12513,387.40,186.45,63.68,138.49,1,-1,-1,-1
1,12538,197.20,193.46,33.33,111.16,1,-1,-1,-1
1,12573,247.35,196.05,31.78,108.21,1,-1,-1,-1
1,12576,534.54,207.29,38.69,101.05,1,-1,-1,-1
28,12580,1036.00,142.00,98.00,148.00,1,-1,-1,-1
29,12580,1036.00,142.00,98.00,148.00,1,-1,-1,-1
30,12580,1036.00,142.00,98.00,148.00,1,-1,-1,-1
31,12580,1036.00,142.00,98.00,148.00,1,-1,-1,-1
32,12580,1036.00,142.00,98.00,148.00,1,-1,-1,-1
33,12580,1036.00,142.00,98.00,148.00,1,-1,-1,-1
34,12580,1036.00,142.00,98.00,148.00,1,-1,-1,-1
35,12580,1036.00,142.00,98.00,148.00,1,-1,-1,-1
36,12580,1036.00,142.00,98.00,148.00,1,-1,-1,-1
37,12580,1036.00,142.00,98.00,148.00,1,-1,-1,-1
46,12581,236.00,164.00,48.00,96.00,1,-1,-1,-1
47,12581,236.00,164.00,48.00,96.00,1,-1,-1,-1
48,12581,236.00,164.00,48.00,96.00,1,-1,-1,-1
49,12581,236.00,164.00,48.00,96.00,1,-1,-1,-1
50,12581,236.00,164.00,48.00,96.00,1,-1,-1,-1
51,12581,236.00,164.00,48.00,96.00,1,-1,-1,-1
52,12581,236.00,164.00,48.00,96.00,1,-1,-1,-1
53,12581,236.00,164.00,48.00,96.00,1,-1,-1,-1
54,12581,236.00,164.00,48.00,96.00,1,-1,-1,-1
55,12581,236.00,164.00,48.00,96.00,1,-1,-1,-1
73,12582,906.00,168.00,50.00,108.00,1,-1,-1,-1
73,12583,992.00,156.00,36.00,110.00,1,-1,-1,-1
74,12582,906.00,168.00,50.00,108.00,1,-1,-1,-1
74,12583,992.00,156.00,36.00,110.00,1,-1,-1,-1
75,12582,906.00,168.00,50.00,108.00,1,-1,-1,-1
75,12583,992.00,156.00,36.00,110.00,1,-1,-1,-1
76,12582,906.00,168.00,50.00,108.00,1,-1,-1,-1
76,12583,992.00,156.00,36.00,110.00,1,-1,-1,-1
77,12582,906.00,168.00,50.00,108.00,1,-1,-1,-1
77,12583,992.00,156.00,36.00,110.00,1,-1,-1,-1
78,12582,906.00,168.00,50.00,108.00,1,-1,-1,-1
78,12583,992.00,156.00,36.00,110.00,1,-1,-1,-1
79,12582,906.00,168.00,50.00,108.00,1,-1,-1,-1
79,12583,992.00,156.00,36.00,110.00,1,-1,-1,-1
80,12582,906.00,168.00,50.00,108.00,1,-1,-1,-1
80,12583,992.00,156.00,36.00,110.00,1,-1,-1,-1
81,12582,906.00,168.00,50.00,108.00,1,-1,-1,-1
81,12583,992.00,156.00,36.00,110.00,1,-1,-1,-1
82,12582,906.00,168.00,50.00,108.00,1,-1,-1,-1
82,12583,992.00,156.00,36.00,110.00,1,-1,-1,-1
82,12584,814.00,170.00,44.00,98.00,1,-1,-1,-1
83,12584,814.00,170.00,44.00,98.00,1,-1,-1,-1
84,12584,814.00,170.00,44.00,98.00,1,-1,-1,-1
85,12584,814.00,170.00,44.00,98.00,1,-1,-1,-1
86,12584,814.00,170.00,44.00,98.00,1,-1,-1,-1
87,12584,814.00,170.00,44.00,98.00,1,-1,-1,-1
88,12584,814.00,170.00,44.00,98.00,1,-1,-1,-1
89,12584,814.00,170.00,44.00,98.00,1,-1,-1,-1
90,12584,814.00,170.00,44.00,98.00,1,-1,-1,-1
91,12584,814.00,170.00,44.00,98.00,1,-1,-1,-1
109,12585,1060.00,176.00,46.00,84.00,1,-1,-1,-1
109,12586,940.00,190.00,70.00,66.00,1,-1,-1,-1
110,12587,1092.00,148.00,40.00,106.00,1,-1,-1,-1
111,12587,1100.04,158.29,37.63,99.14,1,-1,-1,-1
111,12588,956.00,186.00,56.00,72.00,1,-1,-1,-1
112,12587,1112.83,164.63,35.94,93.37,1,-1,-1,-1
113,12587,1116.44,166.44,35.91,91.69,1,-1,-1,-1
114,12587,1121.39,169.27,34.97,89.28,1,-1,-1,-1
118,12589,420.00,150.00,36.00,100.00,1,-1,-1,-1
119,12589,420.00,150.00,36.00,100.00,1,-1,-1,-1
120,12589,420.00,150.00,36.00,100.00,1,-1,-1,-1
121,12589,420.00,150.00,36.00,100.00,1,-1,-1,-1
122,12589,420.00,150.00,36.00,100.00,1,-1,-1,-1
123,12589,420.00,150.00,36.00,100.00,1,-1,-1,-1
124,12589,420.00,150.00,36.00,100.00,1,-1,-1,-1
125,12589,420.00,150.00,36.00,100.00,1,-1,-1,-1
126,12589,420.00,150.00,36.00,100.00,1,-1,-1,-1
127,12589,420.00,150.00,36.00,100.00,1,-1,-1,-1
127,12590,284.00,166.00,46.00,144.00,1,-1,-1,-1
128,12590,284.00,166.00,46.00,144.00,1,-1,-1,-1
129,12590,284.00,166.00,46.00,144.00,1,-1,-1,-1
130,12590,284.00,166.00,46.00,144.00,1,-1,-1,-1
131,12590,284.00,166.00,46.00,144.00,1,-1,-1,-1
132,12590,284.00,166.00,46.00,144.00,1,-1,-1,-1
133,12590,284.00,166.00,46.00,144.00,1,-1,-1,-1
134,12590,284.00,166.00,46.00,144.00,1,-1,-1,-1
135,12590,284.00,166.00,46.00,144.00,1,-1,-1,-1
136,12590,284.00,166.00,46.00,144.00,1,-1,-1,-1
226,12591,844.00,202.00,44.00,104.00,1,-1,-1,-1
227,12591,844.00,202.00,44.00,104.00,1,-1,-1,-1
228,12591,844.00,202.00,44.00,104.00,1,-1,-1,-1
229,12591,844.00,202.00,44.00,104.00,1,-1,-1,-1
230,12591,844.00,202.00,44.00,104.00,1,-1,-1,-1
231,12591,844.00,202.00,44.00,104.00,1,-1,-1,-1
232,12591,844.00,202.00,44.00,104.00,1,-1,-1,-1
233,12591,844.00,202.00,44.00,104.00,1,-1,-1,-1
234,12591,844.00,202.00,44.00,104.00,1,-1,-1,-1
235,12591,844.00,202.00,44.00,104.00,1,-1,-1,-1
262,12591,800.19,158.18,45.98,111.97,1,-1,-1,-1
262,12592,14.00,150.00,94.00,218.00,1,-1,-1,-1
262,12593,288.00,176.00,46.00,150.00,1,-1,-1,-1
262,12594,388.00,174.00,44.00,96.00,1,-1,-1,-1
263,12591,799.95,157.53,45.18,112.08,1,-1,-1,-1
263,12592,14.00,150.00,94.00,218.00,1,-1,-1,-1
263,12593,288.00,176.00,46.00,150.00,1,-1,-1,-1
263,12594,388.00,174.00,44.00,96.00,1,-1,-1,-1
264,12591,800.01,157.31,44.62,112.13,1,-1,-1,-1
264,12592,14.00,150.00,94.00,218.00,1,-1,-1,-1
264,12593,288.00,176.00,46.00,150.00,1,-1,-1,-1
264,12594,388.00,174.00,44.00,96.00,1,-1,-1,-1
265,12591,800.18,157.27,44.21,112.13,1,-1,-1,-1
265,12592,14.00,150.00,94.00,218.00,1,-1,-1,-1
265,12593,288.00,176.00,46.00,150.00,1,-1,-1,-1
265,12594,388.00,174.00,44.00,96.00,1,-1,-1,-1
266,12591,800.37,157.30,43.89,112.13,1,-1,-1,-1
266,12592,14.00,150.00,94.00,218.00,1,-1,-1,-1
266,12593,288.00,176.00,46.00,150.00,1,-1,-1,-1
266,12594,388.00,174.00,44.00,96.00,1,-1,-1,-1
267,12591,800.55,157.36,43.64,112.12,1,-1,-1,-1
267,12592,14.00,150.00,94.00,218.00,1,-1,-1,-1
267,12593,288.00,176.00,46.00,150.00,1,-1,-1,-1
267,12594,388.00,174.00,44.00,96.00,1,-1,-1,-1
268,12591,800.71,157.42,43.43,112.11,1,-1,-1,-1
268,12592,14.00,150.00,94.00,218.00,1,-1,-1,-1
268,12593,288.00,176.00,46.00,150.00,1,-1,-1,-1
268,12594,388.00,174.00,44.00,96.00,1,-1,-1,-1
269,12591,800.85,157.47,43.26,112.10,1,-1,-1,-1
269,12592,14.00,150.00,94.00,218.00,1,-1,-1,-1
269,12593,288.00,176.00,46.00,150.00,1,-1,-1,-1
269,12594,388.00,174.00,44.00,96.00,1,-1,-1,-1
270,12591,800.98,157.53,43.12,112.09,1,-1,-1,-1
270,12592,14.00,150.00,94.00,218.00,1,-1,-1,-1
270,12593,288.00,176.00,46.00,150.00,1,-1,-1,-1
270,12594,388.00,174.00,44.00,96.00,1,-1,-1,-1
271,12591,800.21,156.76,43.17,112.22,1,-1,-1,-1
271,12592,14.00,150.00,94.00,218.00,1,-1,-1,-1
271,12593,288.00,176.00,46.00,150.00,1,-1,-1,-1
271,12594,388.00,174.00,44.00,96.00,1,-1,-1,-1
271,12595,1042.00,152.00,72.00,214.00,1,-1,-1,-1
271,12596,1126.00,156.00,94.00,200.00,1,-1,-1,-1
272,12595,1042.00,152.00,72.00,214.00,1,-1,-1,-1
272,12596,1126.00,156.00,94.00,200.00,1,-1,-1,-1
273,12595,1042.00,152.00,72.00,214.00,1,-1,-1,-1
273,12596,1126.00,156.00,94.00,200.00,1,-1,-1,-1
274,12595,1042.00,152.00,72.00,214.00,1,-1,-1,-1
274,12596,1126.00,156.00,94.00,200.00,1,-1,-1,-1
275,12595,1042.00,152.00,72.00,214.00,1,-1,-1,-1
275,12596,1126.00,156.00,94.00,200.00,1,-1,-1,-1
276,12595,1042.00,152.00,72.00,214.00,1,-1,-1,-1
276,12596,1126.00,156.00,94.00,200.00,1,-1,-1,-1
277,12595,1042.00,152.00,72.00,214.00,1,-1,-1,-1
277,12596,1126.00,156.00,94.00,200.00,1,-1,-1,-1
278,12595,1042.00,152.00,72.00,214.00,1,-1,-1,-1
278,12596,1126.00,156.00,94.00,200.00,1,-1,-1,-1
279,12595,1042.00,152.00,72.00,214.00,1,-1,-1,-1
279,12596,1126.00,156.00,94.00,200.00,1,-1,-1,-1
280,12593,214.46,172.12,61.11,194.63,1,-1,-1,-1
280,12595,1042.00,152.00,72.00,214.00,1,-1,-1,-1
280,12596,1126.00,156.00,94.00,200.00,1,-1,-1,-1
281,12593,185.83,170.69,64.86,200.40,1,-1,-1,-1
282,12593,179.29,170.35,65.92,203.67,1,-1,-1,-1
307,12597,218.00,174.00,90.00,176.00,1,-1,-1,-1
307,12598,396.00,140.00,34.00,152.00,1,-1,-1,-1
308,12597,179.02,167.14,94.24,184.57,1,-1,-1,-1
309,12599,114.00,160.00,98.00,210.00,1,-1,-1,-1
325,12600,434.00,164.00,40.00,110.00,1,-1,-1,-1
326,12600,434.00,164.00,40.00,110.00,1,-1,-1,-1
327,12600,434.00,164.00,40.00,110.00,1,-1,-1,-1
328,12600,434.00,164.00,40.00,110.00,1,-1,-1,-1
329,12600,434.00,164.00,40.00,110.00,1,-1,-1,-1
330,12600,434.00,164.00,40.00,110.00,1,-1,-1,-1
331,12600,434.00,164.00,40.00,110.00,1,-1,-1,-1
332,12600,434.00,164.00,40.00,110.00,1,-1,-1,-1
333,12600,434.00,164.00,40.00,110.00,1,-1,-1,-1
334,12600,434.00,164.00,40.00,110.00,1,-1,-1,-1
334,12601,326.00,186.00,44.00,148.00,1,-1,-1,-1
334,12602,304.00,188.00,40.00,138.00,1,-1,-1,-1
335,12601,326.00,186.00,44.00,148.00,1,-1,-1,-1
335,12602,304.00,188.00,40.00,138.00,1,-1,-1,-1
336,12601,326.00,186.00,44.00,148.00,1,-1,-1,-1
336,12602,304.00,188.00,40.00,138.00,1,-1,-1,-1
337,12601,309.31,187.48,41.75,140.58,1,-1,-1,-1
337,12602,320.71,186.52,42.19,145.42,1,-1,-1,-1
338,12601,304.23,187.94,41.08,138.32,1,-1,-1,-1
338,12602,325.80,186.06,42.85,147.68,1,-1,-1,-1
338,12603,226.00,180.00,78.00,186.00,1,-1,-1,-1
339,12603,226.00,180.00,78.00,186.00,1,-1,-1,-1
340,12603,226.00,180.00,78.00,186.00,1,-1,-1,-1
