1,12796,430.52,131.38,97.12,214.99,1,-1,-1,-1
1,12802,323.05,114.27,125.23,252.04,1,-1,-1,-1
1,12803,562.87,214.75,60.57,144.08,1,-1,-1,-1
1,12804,182.00,94.00,69.00,226.00,1,-1,-1,-1
1,12805,565.00,90.00,70.00,191.00,1,-1,-1,-1
2,12796,434.81,106.48,103.13,231.64,1,-1,-1,-1
2,12801,171.84,94.50,93.32,232.64,1,-1,-1,-1
2,12802,327.64,91.39,120.98,251.82,1,-1,-1,-1
2,12805,564.98,92.57,70.04,191.00,1,-1,-1,-1
2,12806,90.00,99.00,61.00,230.00,1,-1,-1,-1
3,12796,436.78,95.82,104.90,238.77,1,-1,-1,-1
3,12801,177.31,92.73,89.46,233.34,1,-1,-1,-1
3,12802,330.07,82.85,117.42,251.70,1,-1,-1,-1
3,12805,564.95,93.00,70.10,191.00,1,-1,-1,-1
3,12806,90.00,99.00,61.00,230.00,1,-1,-1,-1
4,12796,437.75,91.72,104.82,241.52,1,-1,-1,-1
4,12801,179.73,92.21,86.67,233.56,1,-1,-1,-1
4,12802,331.55,79.81,114.38,251.62,1,-1,-1,-1
4,12805,564.92,93.11,70.17,191.00,1,-1,-1,-1
4,12806,90.00,99.00,61.00,230.00,1,-1,-1,-1
5,12796,438.31,90.33,104.05,242.45,1,-1,-1,-1
5,12801,180.94,92.13,84.58,233.60,1,-1,-1,-1
5,12802,332.58,78.87,111.76,251.56,1,-1,-1,-1
5,12805,564.88,93.12,70.25,191.00,1,-1,-1,-1
5,12806,90.00,99.00,61.00,230.00,1,-1,-1,-1
6,12796,445.33,84.28,103.15,242.04,1,-1,-1,-1
6,12801,187.12,88.92,84.96,234.66,1,-1,-1,-1
6,12802,346.03,79.37,107.57,247.60,1,-1,-1,-1
6,12805,563.05,91.70,71.06,193.12,1,-1,-1,-1
6,12806,77.77,90.31,64.46,238.69,1,-1,-1,-1
7,12796,448.13,82.13,102.36,241.74,1,-1,-1,-1
7,12802,351.50,79.79,104.78,246.06,1,-1,-1,-1
7,12805,562.40,91.18,71.37,193.87,1,-1,-1,-1
7,12806,73.14,87.34,66.54,241.66,1,-1,-1,-1
8,12796,449.26,81.49,101.66,241.50,1,-1,-1,-1
8,12802,353.86,80.11,102.66,245.46,1,-1,-1,-1
8,12805,562.17,91.00,71.50,194.12,1,-1,-1,-1
8,12806,71.14,86.37,68.19,242.63,1,-1,-1,-1
9,12796,449.72,81.45,101.03,241.28,1,-1,-1,-1
9,12802,355.00,80.39,100.91,245.23,1,-1,-1,-1
9,12805,562.09,90.94,71.57,194.19,1,-1,-1,-1
9,12806,70.09,86.11,69.67,242.89,1,-1,-1,-1
10,12796,449.92,81.61,100.46,241.09,1,-1,-1,-1
10,12802,355.65,80.64,99.39,245.14,1,-1,-1,-1
10,12805,562.07,90.93,71.61,194.20,1,-1,-1,-1
10,12806,69.37,86.11,71.10,242.89,1,-1,-1,-1
11,12796,453.55,76.14,101.83,244.37,1,-1,-1,-1
11,12801,222.75,94.89,85.70,225.39,1,-1,-1,-1
11,12802,366.72,84.79,98.33,244.44,1,-1,-1,-1
11,12805,558.37,86.93,74.34,200.85,1,-1,-1,-1
11,12806,51.54,96.85,64.24,220.80,1,-1,-1,-1
11,12807,175.00,85.00,51.00,169.00,1,-1,-1,-1
12,12801,223.74,95.82,88.33,224.46,1,-1,-1,-1
12,12802,370.94,86.48,97.52,244.18,1,-1,-1,-1
12,12805,556.93,85.46,75.53,203.30,1,-1,-1,-1
12,12806,44.96,101.09,61.36,212.21,1,-1,-1,-1
12,12807,175.00,85.00,51.00,169.00,1,-1,-1,-1
13,12801,223.55,96.07,90.50,224.16,1,-1,-1,-1
13,12802,372.52,87.22,96.85,244.07,1,-1,-1,-1
13,12805,556.32,84.91,76.13,204.19,1,-1,-1,-1
13,12806,42.91,102.57,60.16,209.27,1,-1,-1,-1
13,12807,175.00,85.00,51.00,169.00,1,-1,-1,-1
14,12801,222.85,96.20,92.26,224.05,1,-1,-1,-1
14,12802,373.10,87.58,96.26,244.03,1,-1,-1,-1
14,12805,556.04,84.73,76.49,204.49,1,-1,-1,-1
14,12806,42.43,103.07,59.54,208.30,1,-1,-1,-1
14,12807,175.00,85.00,51.00,169.00,1,-1,-1,-1
15,12801,222.01,96.29,93.72,224.01,1,-1,-1,-1
15,12802,373.29,87.79,95.75,244.02,1,-1,-1,-1
15,12805,555.89,84.69,76.75,204.56,1,-1,-1,-1
15,12806,42.50,103.23,59.15,208.04,1,-1,-1,-1
15,12807,175.00,85.00,51.00,169.00,1,-1,-1,-1
16,12796,474.75,88.10,90.68,219.13,1,-1,-1,-1
16,12801,237.80,104.21,87.22,210.92,1,-1,-1,-1
16,12802,380.17,86.62,94.05,239.44,1,-1,-1,-1
16,12805,555.27,84.11,77.14,205.59,1,-1,-1,-1
16,12806,24.23,108.61,60.50,207.35,1,-1,-1,-1
16,12807,172.42,87.12,50.50,167.59,1,-1,-1,-1
17,12796,476.26,90.13,89.00,216.29,1,-1,-1,-1
17,12801,243.83,107.32,84.28,205.88,1,-1,-1,-1
17,12802,382.59,86.25,93.45,237.70,1,-1,-1,-1
17,12806,17.15,110.58,61.87,207.17,1,-1,-1,-1
17,12807,171.54,87.87,50.27,167.09,1,-1,-1,-1
18,12796,477.00,90.58,88.26,215.49,1,-1,-1,-1
18,12801,246.06,108.45,82.83,204.09,1,-1,-1,-1
18,12802,383.33,86.17,93.28,237.06,1,-1,-1,-1
18,12806,14.30,111.28,63.19,207.16,1,-1,-1,-1
18,12807,171.27,88.12,50.14,166.92,1,-1,-1,-1
19,12796,477.29,90.79,87.78,215.20,1,-1,-1,-1
19,12801,246.88,108.87,81.96,203.49,1,-1,-1,-1
19,12802,383.44,86.19,93.26,236.83,1,-1,-1,-1
19,12806,13.04,111.49,64.43,207.22,1,-1,-1,-1
19,12807,171.23,88.19,50.05,166.88,1,-1,-1,-1
20,12796,477.37,90.95,87.44,215.09,1,-1,-1,-1
20,12801,247.17,109.02,81.35,203.31,1,-1,-1,-1
20,12802,383.34,86.25,93.30,236.77,1,-1,-1,-1
20,12806,12.40,111.53,65.57,207.29,1,-1,-1,-1
20,12807,171.26,88.19,49.97,166.87,1,-1,-1,-1
21,12796,489.23,87.12,91.72,226.23,1,-1,-1,-1
21,12801,258.32,104.45,85.11,209.23,1,-1,-1,-1
21,12802,394.94,87.62,92.71,232.83,1,-1,-1,-1
21,12806,8.50,112.50,65.20,206.12,1,-1,-1,-1
21,12807,171.76,86.84,51.01,170.22,1,-1,-1,-1
22,12796,493.66,85.73,93.18,230.36,1,-1,-1,-1
22,12801,261.99,102.75,87.27,211.46,1,-1,-1,-1
22,12802,398.97,88.19,92.98,231.35,1,-1,-1,-1
22,12807,171.94,86.33,51.42,171.47,1,-1,-1,-1
23,12796,495.31,85.25,93.63,231.93,1,-1,-1,-1
23,12801,262.90,102.11,88.74,212.33,1,-1,-1,-1
23,12802,400.11,88.43,93.55,230.83,1,-1,-1,-1
23,12807,172.02,86.14,51.59,171.93,1,-1,-1,-1
24,12796,495.87,85.13,93.68,232.49,1,-1,-1,-1
24,12801,262.79,101.88,89.88,212.68,1,-1,-1,-1
24,12802,400.20,88.55,94.18,230.66,1,-1,-1,-1
24,12807,172.04,86.06,51.67,172.09,1,-1,-1,-1
25,12796,496.02,85.14,93.60,232.65,1,-1,-1,-1
25,12801,262.34,101.81,90.83,212.82,1,-1,-1,-1
25,12802,399.92,88.61,94.80,230.62,1,-1,-1,-1
25,12807,172.05,86.03,51.72,172.14,1,-1,-1,-1
26,12796,505.43,87.15,90.23,225.52,1,-1,-1,-1
26,12801,272.30,101.14,86.35,207.00,1,-1,-1,-1
26,12802,407.63,87.35,94.26,229.32,1,-1,-1,-1
26,12807,173.49,95.20,50.19,168.87,1,-1,-1,-1
27,12796,509.05,87.98,88.67,222.73,1,-1,-1,-1
27,12801,276.42,100.90,83.65,204.79,1,-1,-1,-1
27,12802,410.44,86.89,94.05,228.85,1,-1,-1,-1
27,12807,174.19,98.68,49.31,167.62,1,-1,-1,-1
28,12796,510.41,88.32,87.86,221.67,1,-1,-1,-1
28,12801,278.29,100.83,81.74,203.99,1,-1,-1,-1
28,12802,411.37,86.74,93.98,228.70,1,-1,-1,-1
28,12807,174.59,99.95,48.71,167.15,1,-1,-1,-1
29,12796,510.91,88.48,87.35,221.27,1,-1,-1,-1
29,12801,279.27,100.81,80.20,203.71,1,-1,-1,-1
29,12802,411.62,86.71,93.95,228.67,1,-1,-1,-1
29,12807,174.86,100.39,48.23,166.98,1,-1,-1,-1
30,12796,511.09,88.56,86.97,221.12,1,-1,-1,-1
30,12801,279.89,100.82,78.89,203.64,1,-1,-1,-1
30,12802,411.60,86.71,93.95,228.67,1,-1,-1,-1
30,12807,175.08,100.52,47.83,166.93,1,-1,-1,-1
31,12796,533.96,93.86,82.93,209.27,1,-1,-1,-1
31,12801,283.15,100.51,78.62,202.93,1,-1,-1,-1
31,12802,425.32,84.11,93.80,229.35,1,-1,-1,-1
31,12807,173.53,94.62,49.62,174.13,1,-1,-1,-1
32,12796,542.45,95.92,81.66,204.72,1,-1,-1,-1
32,12802,430.52,83.15,93.52,229.62,1,-1,-1,-1
32,12807,173.03,92.41,50.13,176.81,1,-1,-1,-1
33,12796,545.26,96.68,81.50,203.10,1,-1,-1,-1
33,12802,432.47,82.80,93.22,229.74,1,-1,-1,-1
33,12807,172.91,91.54,50.19,177.83,1,-1,-1,-1
34,12796,546.02,96.95,81.71,202.55,1,-1,-1,-1
34,12802,433.17,82.70,92.93,229.80,1,-1,-1,-1
34,12807,172.93,91.20,50.09,178.20,1,-1,-1,-1
35,12796,546.03,97.04,82.04,202.39,1,-1,-1,-1
35,12802,433.41,82.68,92.65,229.83,1,-1,-1,-1
35,12807,173.00,91.07,49.93,178.32,1,-1,-1,-1
36,12796,547.95,95.10,82.68,205.67,1,-1,-1,-1
36,12801,318.21,100.85,78.49,203.66,1,-1,-1,-1
36,12802,444.52,87.92,91.85,224.62,1,-1,-1,-1
36,12807,172.69,87.77,50.54,181.60,1,-1,-1,-1
37,12796,548.75,94.37,82.55,206.92,1,-1,-1,-1
37,12801,320.87,100.90,78.20,203.77,1,-1,-1,-1
37,12802,448.29,89.93,92.22,222.65,1,-1,-1,-1
37,12807,172.66,86.52,50.61,182.82,1,-1,-1,-1
38,12796,549.09,94.09,82.18,207.43,1,-1,-1,-1
38,12801,321.88,100.91,77.94,203.80,1,-1,-1,-1
38,12802,449.27,90.69,92.97,221.94,1,-1,-1,-1
38,12807,172.73,86.05,50.48,183.26,1,-1,-1,-1
39,12796,549.26,93.99,81.75,207.64,1,-1,-1,-1
39,12801,322.21,100.92,77.71,203.82,1,-1,-1,-1
39,12802,449.24,90.96,93.82,221.70,1,-1,-1,-1
39,12807,172.83,85.88,50.29,183.40,1,-1,-1,-1
40,12796,549.35,93.96,81.32,207.73,1,-1,-1,-1
40,12801,322.26,100.93,77.52,203.84,1,-1,-1,-1
40,12802,448.86,91.06,94.65,221.63,1,-1,-1,-1
40,12807,172.93,85.83,50.09,183.43,1,-1,-1,-1
41,12796,551.30,86.10,86.33,225.44,1,-1,-1,-1
41,12801,334.39,95.06,76.50,203.20,1,-1,-1,-1
41,12802,450.82,90.43,94.48,219.01,1,-1,-1,-1
41,12807,173.55,87.12,49.50,182.11,1,-1,-1,-1
42,12796,552.58,83.20,87.04,231.97,1,-1,-1,-1
42,12801,339.06,92.84,75.73,202.97,1,-1,-1,-1
42,12802,451.21,90.19,94.92,218.05,1,-1,-1,-1
42,12807,173.85,87.63,49.15,181.58,1,-1,-1,-1
43,12796,553.46,82.08,86.36,234.53,1,-1,-1,-1
43,12801,340.86,92.02,75.10,202.89,1,-1,-1,-1
43,12802,451.03,90.10,95.54,217.71,1,-1,-1,-1
43,12807,174.03,87.82,48.90,181.37,1,-1,-1,-1
44,12796,554.16,81.67,85.23,235.47,1,-1,-1,-1
44,12801,341.56,91.74,74.57,202.87,1,-1,-1,-1
44,12802,450.68,90.06,96.20,217.61,1,-1,-1,-1
44,12807,174.14,87.90,48.70,181.27,1,-1,-1,-1
45,12796,554.75,81.54,83.99,235.78,1,-1,-1,-1
45,12801,341.84,91.65,74.10,202.87,1,-1,-1,-1
45,12802,450.28,90.04,96.82,217.60,1,-1,-1,-1
45,12807,174.23,87.93,48.53,181.22,1,-1,-1,-1
46,12796,556.52,80.65,84.56,237.39,1,-1,-1,-1
46,12801,353.61,99.49,71.27,194.38,1,-1,-1,-1
46,12802,461.65,90.03,97.45,220.24,1,-1,-1,-1
46,12807,174.78,89.91,47.45,177.93,1,-1,-1,-1
47,12801,357.90,102.52,70.31,191.14,1,-1,-1,-1
47,12802,466.01,90.03,97.40,221.26,1,-1,-1,-1
47,12807,175.04,90.66,46.92,176.66,1,-1,-1,-1
48,12801,359.30,103.63,70.09,189.99,1,-1,-1,-1
48,12802,467.71,90.02,97.13,221.65,1,-1,-1,-1
48,12807,175.19,90.94,46.63,176.19,1,-1,-1,-1
49,12801,359.63,104.02,70.13,189.59,1,-1,-1,-1
49,12802,468.37,90.02,96.79,221.81,1,-1,-1,-1
49,12807,175.28,91.04,46.44,176.01,1,-1,-1,-1
50,12801,359.59,104.16,70.26,189.48,1,-1,-1,-1
50,12802,468.64,90.02,96.45,221.88,1,-1,-1,-1
50,12807,175.36,91.07,46.28,175.95,1,-1,-1,-1
51,12801,375.32,102.22,69.51,188.16,1,-1,-1,-1
51,12802,482.48,94.59,94.78,214.07,1,-1,-1,-1
51,12807,174.90,89.77,46.54,177.24,1,-1,-1,-1
51,12808,439.00,99.00,58.00,188.00,1,-1,-1,-1
52,12801,381.19,101.48,69.10,187.70,1,-1,-1,-1
52,12802,487.24,96.33,94.99,211.10,1,-1,-1,-1
52,12807,174.75,89.27,46.60,177.73,1,-1,-1,-1
52,12808,439.00,99.00,58.00,188.00,1,-1,-1,-1
53,12801,383.31,101.20,68.84,187.56,1,-1,-1,-1
53,12802,488.49,96.96,95.89,210.02,1,-1,-1,-1
53,12807,174.71,89.09,46.59,177.92,1,-1,-1,-1
53,12808,439.00,99.00,58.00,188.00,1,-1,-1,-1
54,12801,392.63,99.12,69.14,188.85,1,-1,-1,-1
54,12802,497.07,97.18,96.24,207.02,1,-1,-1,-1
54,12807,175.16,89.67,46.31,177.34,1,-1,-1,-1
54,12808,439.00,99.00,58.00,188.00,1,-1,-1,-1
55,12801,396.04,98.34,69.18,189.36,1,-1,-1,-1
55,12802,499.72,97.24,97.28,205.93,1,-1,-1,-1
55,12807,175.37,89.89,46.13,177.11,1,-1,-1,-1
56,12801,406.64,91.50,69.90,190.23,1,-1,-1,-1
56,12802,505.31,99.88,94.13,201.61,1,-1,-1,-1
56,12807,174.75,89.97,46.15,177.68,1,-1,-1,-1
57,12801,410.39,88.93,70.39,190.58,1,-1,-1,-1
57,12802,507.54,100.86,92.41,200.03,1,-1,-1,-1
57,12807,174.55,90.00,46.09,177.90,1,-1,-1,-1
58,12801,411.55,87.98,70.77,190.72,1,-1,-1,-1
58,12802,508.50,101.20,91.27,199.50,1,-1,-1,-1
58,12807,174.51,90.01,46.00,177.98,1,-1,-1,-1
59,12801,411.74,87.66,71.10,190.79,1,-1,-1,-1
59,12802,508.97,101.30,90.39,199.34,1,-1,-1,-1
59,12807,174.52,90.02,45.92,178.01,1,-1,-1,-1
60,12801,411.59,87.56,71.38,190.83,1,-1,-1,-1
60,12802,509.25,101.32,89.66,199.33,1,-1,-1,-1
60,12807,174.56,90.02,45.83,178.02,1,-1,-1,-1
61,12801,414.03,104.54,68.18,176.48,1,-1,-1,-1
61,12802,512.16,101.89,89.13,198.16,1,-1,-1,-1
61,12807,174.25,86.10,47.09,181.94,1,-1,-1,-1
62,12801,414.24,111.16,67.94,170.94,1,-1,-1,-1
62,12807,174.07,84.63,47.69,183.41,1,-1,-1,-1
63,12801,413.71,113.50,68.88,169.00,1,-1,-1,-1
63,12807,173.95,84.07,48.04,183.96,1,-1,-1,-1
64,12801,412.96,114.32,70.14,168.36,1,-1,-1,-1
64,12807,173.85,83.87,48.28,184.16,1,-1,-1,-1
65,12801,412.17,114.57,71.45,168.18,1,-1,-1,-1
65,12807,173.76,83.81,48.46,184.22,1,-1,-1,-1
66,12801,420.25,105.37,73.53,176.10,1,-1,-1,-1
66,12802,540.13,95.70,89.45,202.23,1,-1,-1,-1
66,12807,173.34,83.15,48.67,184.88,1,-1,-1,-1
66,12808,396.25,92.05,56.16,180.06,1,-1,-1,-1
67,12801,423.55,101.96,73.57,179.04,1,-1,-1,-1
67,12802,542.66,95.19,88.39,202.62,1,-1,-1,-1
67,12807,173.17,82.91,48.76,185.12,1,-1,-1,-1
67,12808,394.91,91.87,56.59,179.86,1,-1,-1,-1
68,12801,425.02,100.63,72.97,180.21,1,-1,-1,-1
68,12802,543.84,95.01,87.42,202.75,1,-1,-1,-1
68,12807,173.10,82.83,48.80,185.19,1,-1,-1,-1
68,12808,394.29,91.81,56.98,179.78,1,-1,-1,-1
69,12801,425.77,100.13,72.18,180.66,1,-1,-1,-1
69,12802,544.43,94.95,86.58,202.81,1,-1,-1,-1
69,12807,173.07,82.81,48.83,185.21,1,-1,-1,-1
69,12808,394.04,91.79,57.31,179.76,1,-1,-1,-1
70,12801,436.69,97.99,73.87,185.40,1,-1,-1,-1
70,12802,551.23,92.32,85.29,202.19,1,-1,-1,-1
70,12807,175.25,85.42,48.37,183.90,1,-1,-1,-1
70,12808,389.09,87.19,58.76,183.72,1,-1,-1,-1
71,12801,443.60,99.13,73.97,185.90,1,-1,-1,-1
71,12802,553.65,89.37,85.57,205.23,1,-1,-1,-1
71,12807,176.84,85.77,47.98,182.73,1,-1,-1,-1
71,12808,386.57,87.44,58.82,182.61,1,-1,-1,-1
72,12801,446.17,99.59,73.94,186.08,1,-1,-1,-1
72,12802,554.72,88.27,85.18,206.38,1,-1,-1,-1
72,12807,177.46,85.91,47.79,182.29,1,-1,-1,-1
72,12808,385.60,87.57,59.04,182.18,1,-1,-1,-1
73,12801,447.07,99.77,73.88,186.14,1,-1,-1,-1
73,12802,555.24,87.87,84.59,206.82,1,-1,-1,-1
73,12807,177.71,85.96,47.67,182.12,1,-1,-1,-1
73,12808,385.23,87.64,59.30,182.02,1,-1,-1,-1
74,12801,447.32,99.85,73.80,186.15,1,-1,-1,-1
74,12802,555.54,87.74,83.97,206.98,1,-1,-1,-1
74,12807,177.81,85.98,47.59,182.05,1,-1,-1,-1
74,12808,385.09,87.68,59.56,181.96,1,-1,-1,-1
75,12801,447.33,99.88,73.73,186.14,1,-1,-1,-1
75,12802,555.74,87.71,83.39,207.04,1,-1,-1,-1
75,12807,177.86,85.99,47.53,182.02,1,-1,-1,-1
75,12808,385.03,87.72,59.80,181.95,1,-1,-1,-1
76,12801,455.01,101.21,71.83,181.58,1,-1,-1,-1
76,12802,560.65,92.93,79.85,201.19,1,-1,-1,-1
76,12807,182.38,86.65,46.32,174.17,1,-1,-1,-1
76,12808,377.69,92.33,59.59,179.33,1,-1,-1,-1
77,12801,457.86,101.72,71.06,179.82,1,-1,-1,-1
77,12802,562.73,94.94,77.91,198.95,1,-1,-1,-1
77,12807,183.90,86.90,46.27,171.16,1,-1,-1,-1
77,12808,374.81,94.09,59.85,178.34,1,-1,-1,-1
78,12801,458.84,101.91,70.74,179.17,1,-1,-1,-1
78,12802,563.70,95.69,76.65,198.13,1,-1,-1,-1
78,12807,184.24,86.99,46.65,170.08,1,-1,-1,-1
78,12808,373.66,94.75,60.24,177.98,1,-1,-1,-1
79,12801,459.13,101.98,70.58,178.94,1,-1,-1,-1
79,12802,564.23,95.97,75.70,197.84,1,-1,-1,-1
79,12807,184.16,87.02,47.15,169.71,1,-1,-1,-1
79,12808,373.16,95.00,60.67,177.85,1,-1,-1,-1
80,12801,459.17,102.01,70.49,178.86,1,-1,-1,-1
80,12802,564.58,96.07,74.91,197.75,1,-1,-1,-1
80,12807,183.95,87.03,47.67,169.60,1,-1,-1,-1
80,12808,372.92,95.08,61.07,177.82,1,-1,-1,-1
81,12801,471.78,99.40,72.58,184.08,1,-1,-1,-1
81,12802,563.29,101.34,72.10,191.18,1,-1,-1,-1
81,12807,183.62,85.06,48.32,170.24,1,-1,-1,-1
81,12808,365.11,95.76,59.75,170.62,1,-1,-1,-1
82,12801,476.44,98.42,73.38,186.04,1,-1,-1,-1
82,12802,562.79,103.33,70.89,188.71,1,-1,-1,-1
82,12807,183.36,84.32,48.82,170.51,1,-1,-1,-1
82,12808,361.94,96.01,59.81,167.88,1,-1,-1,-1
83,12801,478.11,98.05,73.69,186.79,1,-1,-1,-1
83,12802,562.64,104.05,70.30,187.83,1,-1,-1,-1
83,12807,183.13,84.04,49.24,170.63,1,-1,-1,-1
83,12808,360.57,96.09,60.38,166.91,1,-1,-1,-1
84,12801,478.63,97.92,73.82,187.06,1,-1,-1,-1
84,12802,562.61,104.29,69.97,187.54,1,-1,-1,-1
84,12807,182.92,83.95,49.60,170.70,1,-1,-1,-1
84,12808,359.90,96.11,61.09,166.58,1,-1,-1,-1
85,12801,478.72,97.88,73.88,187.15,1,-1,-1,-1
85,12802,562.62,104.35,69.73,187.47,1,-1,-1,-1
85,12807,182.74,83.92,49.93,170.74,1,-1,-1,-1
85,12808,359.50,96.11,61.80,166.50,1,-1,-1,-1
86,12801,491.36,103.08,70.61,176.76,1,-1,-1,-1
86,12802,559.51,108.95,63.99,173.67,1,-1,-1,-1
86,12807,184.81,88.49,49.02,165.53,1,-1,-1,-1
86,12808,355.20,92.82,63.26,171.10,1,-1,-1,-1
87,12801,495.90,105.10,69.74,172.73,1,-1,-1,-1
87,12802,558.40,110.68,61.53,168.44,1,-1,-1,-1
87,12807,185.43,90.24,48.98,163.57,1,-1,-1,-1
87,12808,353.70,91.59,63.68,172.84,1,-1,-1,-1
88,12801,497.25,105.83,69.82,171.28,1,-1,-1,-1
88,12802,558.13,111.26,60.39,166.64,1,-1,-1,-1
88,12807,185.49,90.88,49.27,162.87,1,-1,-1,-1
88,12808,353.26,91.12,63.73,173.52,1,-1,-1,-1
89,12801,497.47,106.09,70.21,170.77,1,-1,-1,-1
89,12802,558.16,111.44,59.75,166.06,1,-1,-1,-1
89,12807,185.37,91.10,49.64,162.64,1,-1,-1,-1
89,12808,353.21,90.95,63.65,173.79,1,-1,-1,-1
90,12801,497.27,106.17,70.69,170.61,1,-1,-1,-1
90,12802,558.27,111.47,59.32,165.93,1,-1,-1,-1
90,12807,185.19,91.17,50.03,162.58,1,-1,-1,-1
90,12808,353.30,90.89,63.52,173.89,1,-1,-1,-1
91,12801,512.24,102.90,71.49,171.24,1,-1,-1,-1
91,12802,558.41,112.35,58.59,163.90,1,-1,-1,-1
91,12807,187.82,89.88,50.66,163.24,1,-1,-1,-1
91,12808,339.28,94.14,63.63,171.32,1,-1,-1,-1
92,12801,517.61,101.66,72.09,171.50,1,-1,-1,-1
92,12807,188.67,89.38,51.14,163.51,1,-1,-1,-1
92,12808,333.74,95.39,64.21,170.35,1,-1,-1,-1
93,12801,519.37,101.19,72.59,171.62,1,-1,-1,-1
93,12807,188.87,89.18,51.53,163.64,1,-1,-1,-1
93,12808,331.49,95.85,64.93,170.00,1,-1,-1,-1
94,12801,519.78,101.02,73.02,171.68,1,-1,-1,-1
94,12807,188.83,89.10,51.87,163.70,1,-1,-1,-1
94,12808,330.51,96.02,65.65,169.87,1,-1,-1,-1
95,12801,519.69,100.96,73.41,171.73,1,-1,-1,-1
95,12807,188.71,89.07,52.17,163.74,1,-1,-1,-1
95,12808,330.03,96.08,66.33,169.84,1,-1,-1,-1
96,12801,523.40,101.60,72.37,168.48,1,-1,-1,-1
96,12807,190.35,89.05,52.80,165.08,1,-1,-1,-1
96,12808,326.20,96.09,66.84,169.18,1,-1,-1,-1
96,12809,390.00,111.00,44.00,144.00,1,-1,-1,-1
97,12801,524.59,101.84,72.16,167.27,1,-1,-1,-1
97,12807,190.90,89.05,53.14,165.60,1,-1,-1,-1
97,12808,324.64,96.09,67.43,168.94,1,-1,-1,-1
97,12809,390.00,111.00,44.00,144.00,1,-1,-1,-1
98,12801,524.85,101.93,72.26,166.84,1,-1,-1,-1
98,12807,191.03,89.04,53.37,165.80,1,-1,-1,-1
98,12808,323.94,96.09,68.03,168.87,1,-1,-1,-1
98,12809,390.00,111.00,44.00,144.00,1,-1,-1,-1
99,12801,524.76,101.97,72.45,166.70,1,-1,-1,-1
99,12807,191.02,89.04,53.55,165.88,1,-1,-1,-1
99,12808,323.59,96.08,68.58,168.85,1,-1,-1,-1
99,12809,390.00,111.00,44.00,144.00,1,-1,-1,-1
100,12801,524.57,101.99,72.67,166.67,1,-1,-1,-1
100,12807,190.96,89.03,53.70,165.92,1,-1,-1,-1
100,12808,323.37,96.07,69.09,168.85,1,-1,-1,-1
100,12809,390.00,111.00,44.00,144.00,1,-1,-1,-1
101,12801,524.64,107.23,68.37,160.78,1,-1,-1,-1
101,12802,502.62,113.19,55.40,154.73,1,-1,-1,-1
101,12807,191.54,89.68,53.81,166.59,1,-1,-1,-1
101,12808,317.54,91.49,70.45,174.09,1,-1,-1,-1
101,12809,389.76,110.29,43.77,141.88,1,-1,-1,-1
101,12810,548.00,102.00,70.00,171.00,1,-1,-1,-1
102,12801,524.99,109.23,65.88,158.57,1,-1,-1,-1
102,12802,500.51,113.18,55.39,154.49,1,-1,-1,-1
102,12807,191.76,89.93,53.81,166.84,1,-1,-1,-1
102,12808,315.61,89.77,70.52,176.06,1,-1,-1,-1
102,12809,389.53,110.04,43.98,141.13,1,-1,-1,-1
102,12810,548.00,102.00,70.00,171.00,1,-1,-1,-1
103,12801,525.46,109.95,64.16,157.79,1,-1,-1,-1
103,12802,499.78,113.18,55.42,154.41,1,-1,-1,-1
103,12807,191.86,90.01,53.76,166.94,1,-1,-1,-1
103,12808,315.13,89.12,70.17,176.81,1,-1,-1,-1
103,12809,389.30,109.96,44.35,140.88,1,-1,-1,-1
103,12810,548.00,102.00,70.00,171.00,1,-1,-1,-1
104,12801,525.95,110.20,62.80,157.53,1,-1,-1,-1
104,12802,499.59,113.16,55.47,154.41,1,-1,-1,-1
104,12807,191.90,90.04,53.70,166.98,1,-1,-1,-1
104,12808,315.19,88.88,69.68,177.08,1,-1,-1,-1
104,12809,389.07,109.94,44.79,140.82,1,-1,-1,-1
104,12810,548.00,102.00,70.00,171.00,1,-1,-1,-1
105,12801,526.41,110.27,61.64,157.47,1,-1,-1,-1
105,12802,499.61,113.15,55.52,154.45,1,-1,-1,-1
105,12807,191.92,90.05,53.63,166.99,1,-1,-1,-1
105,12808,315.43,88.81,69.18,177.17,1,-1,-1,-1
105,12809,388.85,109.94,45.24,140.81,1,-1,-1,-1
105,12810,548.00,102.00,70.00,171.00,1,-1,-1,-1
106,12801,523.77,110.28,60.17,156.17,1,-1,-1,-1
106,12802,493.73,113.79,55.70,152.53,1,-1,-1,-1
106,12807,191.18,91.36,53.12,165.69,1,-1,-1,-1
106,12808,308.40,88.79,68.39,176.54,1,-1,-1,-1
106,12809,387.58,113.29,45.11,138.81,1,-1,-1,-1
106,12810,560.26,98.46,70.23,173.12,1,-1,-1,-1
106,12811,464.00,127.00,64.00,137.00,1,-1,-1,-1
107,12801,520.29,111.58,58.60,154.40,1,-1,-1,-1
107,12802,476.01,121.93,54.68,143.27,1,-1,-1,-1
107,12807,190.53,91.19,52.97,165.20,1,-1,-1,-1
107,12808,306.03,89.45,67.58,175.64,1,-1,-1,-1
107,12809,386.40,111.19,46.48,141.43,1,-1,-1,-1
107,12810,565.60,97.22,71.69,178.00,1,-1,-1,-1
108,12801,519.18,112.05,57.55,153.77,1,-1,-1,-1
108,12802,468.93,125.00,55.34,139.81,1,-1,-1,-1
108,12807,190.28,91.13,52.92,165.02,1,-1,-1,-1
108,12808,305.32,89.71,67.03,175.29,1,-1,-1,-1
108,12809,385.81,110.41,47.29,142.41,1,-1,-1,-1
108,12810,567.62,96.80,71.85,179.75,1,-1,-1,-1
109,12801,518.97,112.21,56.75,153.57,1,-1,-1,-1
109,12802,466.02,126.08,56.57,138.62,1,-1,-1,-1
109,12807,190.17,91.10,52.91,164.95,1,-1,-1,-1
109,12808,305.24,89.82,66.61,175.15,1,-1,-1,-1
109,12809,385.46,110.12,47.88,142.78,1,-1,-1,-1
109,12810,568.42,96.68,71.54,180.35,1,-1,-1,-1
110,12801,519.08,112.25,56.08,153.53,1,-1,-1,-1
110,12802,464.65,126.43,57.91,138.24,1,-1,-1,-1
110,12807,190.13,91.08,52.91,164.93,1,-1,-1,-1
110,12808,305.37,89.87,66.25,175.09,1,-1,-1,-1
110,12809,385.21,110.01,48.37,142.92,1,-1,-1,-1
110,12810,568.78,96.67,71.06,180.53,1,-1,-1,-1
111,12801,519.21,112.73,55.76,152.66,1,-1,-1,-1
111,12802,465.53,128.51,59.89,134.85,1,-1,-1,-1
111,12807,190.01,90.42,53.11,164.93,1,-1,-1,-1
111,12808,304.38,94.46,63.74,169.19,1,-1,-1,-1
111,12809,386.12,111.94,48.51,142.32,1,-1,-1,-1
111,12810,575.40,100.00,68.29,177.23,1,-1,-1,-1
112,12802,465.17,129.24,62.34,133.65,1,-1,-1,-1
112,12807,189.91,90.16,53.29,164.93,1,-1,-1,-1
112,12808,304.14,96.22,62.65,166.93,1,-1,-1,-1
112,12809,386.38,112.68,48.76,142.09,1,-1,-1,-1
112,12810,578.23,101.29,66.40,175.94,1,-1,-1,-1
113,12802,464.36,129.47,64.81,133.27,1,-1,-1,-1
113,12807,189.82,90.06,53.45,164.94,1,-1,-1,-1
113,12808,304.17,96.87,62.12,166.11,1,-1,-1,-1
113,12809,386.39,112.95,49.02,142.01,1,-1,-1,-1
113,12810,579.59,101.77,64.88,175.44,1,-1,-1,-1
114,12802,463.46,129.52,67.13,133.19,1,-1,-1,-1
114,12807,189.74,90.03,53.60,164.95,1,-1,-1,-1
114,12808,304.29,97.10,61.82,165.82,1,-1,-1,-1
114,12809,386.32,113.05,49.28,141.98,1,-1,-1,-1
114,12810,580.39,101.95,63.56,175.24,1,-1,-1,-1
115,12802,462.57,129.51,69.24,133.21,1,-1,-1,-1
115,12807,189.67,90.01,53.73,164.95,1,-1,-1,-1
115,12808,304.43,97.17,61.60,165.74,1,-1,-1,-1
115,12809,386.22,113.08,49.53,141.97,1,-1,-1,-1
115,12810,580.96,102.01,62.36,175.16,1,-1,-1,-1
116,12801,508.87,122.43,50.28,135.03,1,-1,-1,-1
116,12802,451.34,128.81,68.92,134.59,1,-1,-1,-1
116,12807,192.22,89.35,53.85,164.95,1,-1,-1,-1
116,12808,299.96,99.15,61.48,167.03,1,-1,-1,-1
116,12809,387.41,112.43,49.78,143.28,1,-1,-1,-1
116,12810,584.62,102.69,60.12,173.14,1,-1,-1,-1
117,12801,507.71,123.13,50.57,133.76,1,-1,-1,-1
117,12802,447.48,128.52,68.27,135.14,1,-1,-1,-1
117,12807,193.15,89.10,53.96,164.96,1,-1,-1,-1
117,12808,298.48,99.89,61.11,167.54,1,-1,-1,-1
117,12809,387.92,112.18,49.76,143.77,1,-1,-1,-1
117,12810,586.35,102.94,58.44,172.38,1,-1,-1,-1
118,12801,507.14,123.37,51.04,133.32,1,-1,-1,-1
118,12802,446.35,128.39,67.56,135.38,1,-1,-1,-1
118,12807,193.46,89.01,54.06,164.96,1,-1,-1,-1
118,12808,298.11,100.15,60.68,167.74,1,-1,-1,-1
118,12809,388.15,112.08,49.66,143.96,1,-1,-1,-1
118,12810,587.31,103.03,57.05,172.09,1,-1,-1,-1
119,12801,506.80,123.44,51.54,133.21,1,-1,-1,-1
119,12802,446.25,128.33,66.86,135.51,1,-1,-1,-1
119,12807,193.54,88.98,54.15,164.97,1,-1,-1,-1
119,12808,298.16,100.23,60.26,167.83,1,-1,-1,-1
119,12809,388.29,112.04,49.52,144.03,1,-1,-1,-1
119,12810,587.96,103.06,55.83,171.99,1,-1,-1,-1
120,12801,506.57,123.43,52.00,133.22,1,-1,-1,-1
120,12802,446.49,128.28,66.21,135.58,1,-1,-1,-1
120,12807,193.54,88.97,54.23,164.97,1,-1,-1,-1
120,12808,298.34,100.24,59.86,167.87,1,-1,-1,-1
120,12809,388.37,112.03,49.39,144.05,1,-1,-1,-1
120,12810,588.47,103.07,54.73,171.95,1,-1,-1,-1
121,12801,502.92,120.09,53.40,137.91,1,-1,-1,-1
121,12802,432.70,119.74,67.72,142.83,1,-1,-1,-1
121,12807,193.88,88.31,54.86,166.93,1,-1,-1,-1
121,12808,296.62,96.31,58.80,165.93,1,-1,-1,-1
121,12809,391.33,112.67,49.36,144.71,1,-1,-1,-1
121,12810,589.89,103.19,54.70,171.83,1,-1,-1,-1
122,12801,501.69,118.84,53.71,139.67,1,-1,-1,-1
122,12802,428.19,116.56,67.13,145.53,1,-1,-1,-1
122,12807,194.01,88.07,55.08,167.67,1,-1,-1,-1
122,12808,296.11,94.81,58.21,165.20,1,-1,-1,-1
122,12809,392.51,112.92,49.21,144.95,1,-1,-1,-1
123,12801,501.35,118.35,53.64,140.37,1,-1,-1,-1
123,12802,427.04,115.33,65.91,146.58,1,-1,-1,-1
123,12807,194.06,87.98,55.16,167.95,1,-1,-1,-1
123,12808,296.04,94.24,57.82,164.94,1,-1,-1,-1
123,12809,393.01,113.00,49.03,145.04,1,-1,-1,-1
124,12801,501.33,118.16,53.46,140.65,1,-1,-1,-1
124,12802,427.16,114.88,64.55,146.98,1,-1,-1,-1
124,12807,194.07,87.95,55.17,168.05,1,-1,-1,-1
124,12808,296.13,94.03,57.52,164.85,1,-1,-1,-1
124,12809,393.24,113.04,48.85,145.07,1,-1,-1,-1
125,12801,501.43,118.08,53.24,140.77,1,-1,-1,-1
125,12802,427.72,114.73,63.21,147.12,1,-1,-1,-1
125,12807,194.07,87.94,55.17,168.08,1,-1,-1,-1
125,12808,296.28,93.96,57.27,164.83,1,-1,-1,-1
125,12809,393.36,113.04,48.68,145.07,1,-1,-1,-1
126,12801,496.75,115.44,54.16,142.78,1,-1,-1,-1
126,12802,424.72,114.12,63.36,147.46,1,-1,-1,-1
126,12807,194.99,87.29,55.25,168.09,1,-1,-1,-1
126,12808,293.52,95.90,57.63,166.14,1,-1,-1,-1
126,12809,402.10,111.74,51.43,148.33,1,-1,-1,-1
127,12801,494.96,114.44,54.58,143.55,1,-1,-1,-1
127,12807,195.32,87.05,55.33,168.09,1,-1,-1,-1
127,12808,292.54,96.63,57.71,166.64,1,-1,-1,-1
127,12809,404.93,111.25,53.36,149.56,1,-1,-1,-1
128,12801,494.28,114.07,54.82,143.84,1,-1,-1,-1
128,12807,195.41,86.96,55.39,168.08,1,-1,-1,-1
128,12808,292.22,96.91,57.70,166.84,1,-1,-1,-1
128,12809,405.58,111.06,54.90,150.01,1,-1,-1,-1
129,12801,494.03,113.93,54.97,143.96,1,-1,-1,-1
129,12807,195.42,86.93,55.45,168.07,1,-1,-1,-1
129,12808,292.16,97.01,57.66,166.92,1,-1,-1,-1
129,12809,405.43,110.99,56.21,150.17,1,-1,-1,-1
130,12801,493.94,113.89,55.08,144.00,1,-1,-1,-1
130,12807,195.40,86.93,55.50,168.07,1,-1,-1,-1
130,12808,292.19,97.05,57.60,166.95,1,-1,-1,-1
130,12809,405.00,110.97,57.35,150.22,1,-1,-1,-1
131,12801,487.00,113.88,55.95,144.01,1,-1,-1,-1
131,12807,195.65,84.32,56.28,171.98,1,-1,-1,-1
131,12808,289.25,97.71,58.31,166.31,1,-1,-1,-1
131,12809,402.08,112.26,57.99,150.22,1,-1,-1,-1
132,12801,484.18,113.89,56.73,144.02,1,-1,-1,-1
132,12807,195.88,83.34,56.29,173.44,1,-1,-1,-1
132,12808,287.92,97.96,59.06,166.07,1,-1,-1,-1
132,12809,400.77,112.76,58.57,150.21,1,-1,-1,-1
133,12801,482.95,113.89,57.43,144.02,1,-1,-1,-1
133,12807,196.09,82.98,56.05,173.99,1,-1,-1,-1
133,12808,287.24,98.04,59.79,165.98,1,-1,-1,-1
133,12809,400.09,112.94,59.09,150.19,1,-1,-1,-1
134,12801,482.35,113.90,58.07,144.02,1,-1,-1,-1
134,12807,196.27,82.85,55.72,174.19,1,-1,-1,-1
134,12808,286.81,98.07,60.46,165.95,1,-1,-1,-1
134,12809,399.68,113.01,59.56,150.18,1,-1,-1,-1
135,12801,482.00,113.91,58.64,144.01,1,-1,-1,-1
135,12807,196.44,82.81,55.39,174.24,1,-1,-1,-1
135,12808,286.49,98.08,61.08,165.95,1,-1,-1,-1
135,12809,399.38,113.03,59.98,150.16,1,-1,-1,-1
136,12801,471.52,110.66,60.05,146.62,1,-1,-1,-1
136,12807,195.66,82.16,54.97,174.90,1,-1,-1,-1
136,12808,281.29,96.11,62.39,165.29,1,-1,-1,-1
136,12809,393.45,111.08,61.28,153.41,1,-1,-1,-1
137,12801,467.51,109.43,60.78,147.61,1,-1,-1,-1
137,12807,195.53,81.92,54.47,175.13,1,-1,-1,-1
137,12808,278.94,95.37,63.70,165.05,1,-1,-1,-1
137,12809,391.21,110.35,61.78,154.62,1,-1,-1,-1
138,12801,465.95,108.98,61.22,147.97,1,-1,-1,-1
138,12807,195.63,81.85,53.98,175.21,1,-1,-1,-1
138,12808,277.72,95.09,64.94,164.96,1,-1,-1,-1
138,12809,390.35,110.07,61.96,155.07,1,-1,-1,-1
139,12801,465.35,108.82,61.54,148.10,1,-1,-1,-1
139,12807,195.81,81.83,53.51,175.22,1,-1,-1,-1
139,12808,276.96,94.98,66.07,164.93,1,-1,-1,-1
139,12809,390.03,109.97,62.03,155.23,1,-1,-1,-1
140,12801,465.12,108.78,61.80,148.14,1,-1,-1,-1
140,12807,195.99,81.83,53.09,175.21,1,-1,-1,-1
140,12808,276.41,94.95,67.11,164.93,1,-1,-1,-1
140,12809,389.91,109.93,62.05,155.27,1,-1,-1,-1
141,12801,461.30,114.64,59.72,143.59,1,-1,-1,-1
141,12807,195.04,83.15,52.36,173.90,1,-1,-1,-1
141,12808,270.27,94.29,67.67,164.93,1,-1,-1,-1
141,12809,386.90,111.22,61.50,151.36,1,-1,-1,-1
142,12801,459.95,116.90,58.83,141.83,1,-1,-1,-1
142,12807,194.77,83.65,51.91,173.38,1,-1,-1,-1
142,12808,267.83,94.04,68.17,164.94,1,-1,-1,-1
142,12809,385.51,111.73,61.79,149.85,1,-1,-1,-1
143,12801,459.55,117.73,58.42,141.19,1,-1,-1,-1
143,12807,194.74,83.85,51.59,173.18,1,-1,-1,-1
143,12808,266.81,93.95,68.63,164.94,1,-1,-1,-1
143,12809,384.76,111.91,62.37,149.28,1,-1,-1,-1
144,12801,459.50,118.03,58.20,140.95,1,-1,-1,-1
144,12807,194.81,83.93,51.32,173.10,1,-1,-1,-1
144,12808,266.36,93.93,69.05,164.95,1,-1,-1,-1
144,12809,384.29,111.98,63.02,149.07,1,-1,-1,-1
145,12801,459.57,118.14,58.05,140.88,1,-1,-1,-1
145,12807,194.90,83.96,51.09,173.07,1,-1,-1,-1
145,12808,266.12,93.92,69.43,164.95,1,-1,-1,-1
145,12809,383.93,112.01,63.66,148.99,1,-1,-1,-1
146,12801,458.07,118.16,57.89,141.51,1,-1,-1,-1
146,12802,362.13,114.86,62.84,146.09,1,-1,-1,-1
146,12807,192.88,85.93,49.90,169.13,1,-1,-1,-1
146,12808,260.73,93.92,68.49,163.00,1,-1,-1,-1
146,12809,386.69,109.40,64.03,152.24,1,-1,-1,-1
146,12810,435.59,112.96,47.09,149.12,1,-1,-1,-1
146,12812,27.00,114.00,59.00,171.00,1,-1,-1,-1
147,12801,457.66,118.16,57.60,141.76,1,-1,-1,-1
147,12802,361.16,114.94,62.85,146.02,1,-1,-1,-1
147,12807,192.12,86.68,49.43,167.63,1,-1,-1,-1
147,12808,258.76,93.93,68.08,162.26,1,-1,-1,-1
147,12809,388.01,108.42,63.62,153.46,1,-1,-1,-1
147,12810,433.24,113.10,46.76,148.79,1,-1,-1,-1
147,12812,27.00,114.00,59.00,171.00,1,-1,-1,-1
148,12801,457.66,118.15,57.29,141.86,1,-1,-1,-1
148,12802,360.75,114.97,62.86,146.00,1,-1,-1,-1
148,12807,191.86,86.96,49.25,167.08,1,-1,-1,-1
148,12808,258.09,93.94,67.87,161.99,1,-1,-1,-1
148,12809,388.77,108.05,62.97,153.92,1,-1,-1,-1
148,12810,432.36,113.15,46.57,148.65,1,-1,-1,-1
148,12812,27.00,114.00,59.00,171.00,1,-1,-1,-1
149,12801,457.13,117.49,57.02,142.56,1,-1,-1,-1
149,12802,351.98,114.98,63.19,145.99,1,-1,-1,-1
149,12807,190.46,86.40,49.17,166.89,1,-1,-1,-1
149,12808,255.41,91.98,68.17,163.86,1,-1,-1,-1
149,12809,396.82,108.57,61.51,154.08,1,-1,-1,-1
149,12810,429.35,111.16,46.93,150.63,1,-1,-1,-1
149,12812,32.09,120.68,57.72,164.32,1,-1,-1,-1
150,12801,456.18,115.92,56.54,142.82,1,-1,-1,-1
150,12802,349.63,113.67,62.25,148.62,1,-1,-1,-1
150,12807,190.04,86.18,48.97,166.17,1,-1,-1,-1
150,12808,254.16,91.90,67.56,163.27,1,-1,-1,-1
150,12809,399.47,110.08,59.83,153.48,1,-1,-1,-1
150,12810,429.13,109.75,47.60,153.38,1,-1,-1,-1
150,12812,37.24,126.62,57.07,159.86,1,-1,-1,-1
151,12801,456.19,117.28,55.03,139.67,1,-1,-1,-1
151,12802,348.19,111.22,61.88,152.22,1,-1,-1,-1
151,12807,189.61,86.10,48.80,165.92,1,-1,-1,-1
151,12808,253.93,91.22,66.95,163.05,1,-1,-1,-1
151,12809,400.34,110.01,58.76,153.90,1,-1,-1,-1
151,12810,428.87,107.24,48.53,156.40,1,-1,-1,-1
151,12812,40.25,131.35,56.24,154.89,1,-1,-1,-1
152,12801,454.27,115.82,55.13,141.10,1,-1,-1,-1
152,12802,349.00,111.59,59.85,151.63,1,-1,-1,-1
152,12807,189.69,85.41,48.94,167.14,1,-1,-1,-1
152,12808,253.47,90.97,66.26,162.97,1,-1,-1,-1
152,12809,401.30,110.63,57.05,152.10,1,-1,-1,-1
152,12810,431.34,106.30,48.59,156.89,1,-1,-1,-1
152,12812,43.41,129.95,57.15,154.77,1,-1,-1,-1
153,12801,453.71,115.28,54.91,141.63,1,-1,-1,-1
153,12802,349.85,111.75,58.27,151.38,1,-1,-1,-1
153,12807,189.80,85.15,48.87,167.62,1,-1,-1,-1
153,12808,253.52,90.89,65.65,162.94,1,-1,-1,-1
153,12809,401.91,110.87,55.87,151.40,1,-1,-1,-1
153,12810,432.46,105.95,48.57,157.07,1,-1,-1,-1
153,12812,44.05,129.35,58.16,154.84,1,-1,-1,-1
154,12801,453.65,115.08,54.61,141.84,1,-1,-1,-1
154,12802,350.61,111.82,56.96,151.27,1,-1,-1,-1
154,12807,189.91,85.05,48.73,167.80,1,-1,-1,-1
154,12808,253.74,90.87,65.11,162.93,1,-1,-1,-1
154,12809,402.36,110.96,54.94,151.14,1,-1,-1,-1
154,12810,433.01,105.83,48.53,157.12,1,-1,-1,-1
154,12812,43.84,129.04,59.19,154.97,1,-1,-1,-1
155,12801,453.77,115.00,54.29,141.92,1,-1,-1,-1
155,12802,351.28,111.86,55.85,151.22,1,-1,-1,-1
155,12807,190.01,85.01,48.58,167.88,1,-1,-1,-1
155,12808,254.01,90.87,64.62,162.94,1,-1,-1,-1
155,12809,402.73,111.00,54.15,151.04,1,-1,-1,-1
155,12810,433.32,105.80,48.48,157.13,1,-1,-1,-1
155,12812,43.34,128.85,60.22,155.10,1,-1,-1,-1
156,12801,453.29,116.93,53.99,141.96,1,-1,-1,-1
156,12802,348.67,112.53,55.44,151.19,1,-1,-1,-1
156,12807,190.10,84.99,48.44,167.91,1,-1,-1,-1
156,12808,253.72,90.88,63.99,162.94,1,-1,-1,-1
156,12809,401.44,111.01,54.06,152.96,1,-1,-1,-1
156,12810,435.12,107.77,48.54,157.13,1,-1,-1,-1
156,12812,58.28,113.92,63.83,167.99,1,-1,-1,-1
157,12801,453.22,117.67,53.70,141.97,1,-1,-1,-1
157,12802,347.85,112.79,55.07,151.16,1,-1,-1,-1
157,12807,190.19,84.99,48.31,167.93,1,-1,-1,-1
157,12808,253.81,90.89,63.42,162.95,1,-1,-1,-1
157,12809,401.15,111.01,53.62,153.69,1,-1,-1,-1
157,12810,435.85,108.52,48.59,157.12,1,-1,-1,-1
157,12812,64.11,108.52,64.22,172.65,1,-1,-1,-1
158,12801,453.31,117.94,53.45,141.98,1,-1,-1,-1
158,12802,347.70,112.90,54.75,151.15,1,-1,-1,-1
158,12807,190.26,84.99,48.18,167.94,1,-1,-1,-1
158,12808,254.03,90.90,62.91,162.95,1,-1,-1,-1
158,12809,401.21,111.01,53.07,153.96,1,-1,-1,-1
158,12810,436.17,108.81,48.63,157.11,1,-1,-1,-1
158,12812,66.65,106.44,63.57,174.47,1,-1,-1,-1
159,12801,453.43,118.04,53.21,141.98,1,-1,-1,-1
159,12802,347.79,112.94,54.47,151.13,1,-1,-1,-1
159,12807,190.33,84.99,48.07,167.95,1,-1,-1,-1
159,12808,254.28,90.91,62.44,162.96,1,-1,-1,-1
159,12809,401.40,111.01,52.52,154.06,1,-1,-1,-1
159,12810,436.34,108.93,48.67,157.10,1,-1,-1,-1
159,12812,67.86,105.68,62.57,175.14,1,-1,-1,-1
160,12801,453.57,118.07,53.00,141.98,1,-1,-1,-1
160,12802,347.95,112.96,54.22,151.12,1,-1,-1,-1
160,12807,190.40,84.99,47.97,167.95,1,-1,-1,-1
160,12808,254.53,90.91,62.02,162.96,1,-1,-1,-1
160,12809,401.62,111.01,52.01,154.09,1,-1,-1,-1
160,12810,436.43,108.97,48.70,157.09,1,-1,-1,-1
160,12812,68.54,105.43,61.48,175.37,1,-1,-1,-1
161,12801,454.77,123.96,50.02,133.50,1,-1,-1,-1
161,12802,340.70,113.62,53.21,148.50,1,-1,-1,-1
161,12807,192.22,85.64,47.62,167.30,1,-1,-1,-1
161,12808,254.34,91.58,60.52,161.00,1,-1,-1,-1
161,12809,400.54,114.27,50.21,150.18,1,-1,-1,-1
161,12810,438.23,111.60,47.87,153.81,1,-1,-1,-1
161,12812,85.38,107.99,61.58,173.47,1,-1,-1,-1
162,12801,455.23,126.21,48.95,130.23,1,-1,-1,-1
162,12802,338.01,113.87,52.78,147.49,1,-1,-1,-1
162,12807,192.95,85.89,47.40,167.06,1,-1,-1,-1
162,12808,254.49,91.83,59.56,160.26,1,-1,-1,-1
162,12809,400.24,115.51,49.28,148.68,1,-1,-1,-1
162,12810,438.92,112.60,47.65,152.56,1,-1,-1,-1
162,12812,91.49,109.01,62.03,172.71,1,-1,-1,-1
163,12801,454.82,127.04,48.56,129.20,1,-1,-1,-1
163,12802,336.10,117.90,51.29,143.83,1,-1,-1,-1
163,12807,193.29,87.95,46.55,163.70,1,-1,-1,-1
163,12808,255.81,92.58,58.02,158.03,1,-1,-1,-1
163,12809,400.24,115.31,48.71,148.13,1,-1,-1,-1
163,12810,438.48,113.62,47.04,150.13,1,-1,-1,-1
163,12812,98.49,115.31,61.66,165.21,1,-1,-1,-1
163,12813,362.00,115.00,43.00,150.00,1,-1,-1,-1
164,12802,334.46,118.77,50.73,142.46,1,-1,-1,-1
164,12807,193.69,88.72,46.34,163.09,1,-1,-1,-1
164,12808,257.18,93.53,57.07,156.54,1,-1,-1,-1
164,12809,399.50,115.88,48.02,147.28,1,-1,-1,-1
164,12810,437.35,114.00,46.80,148.56,1,-1,-1,-1
164,12812,104.75,118.41,61.90,160.99,1,-1,-1,-1
165,12802,331.94,116.44,51.20,143.94,1,-1,-1,-1
165,12807,193.84,89.01,46.25,162.88,1,-1,-1,-1
165,12808,257.72,93.22,56.71,156.65,1,-1,-1,-1
165,12809,400.00,113.46,48.84,150.25,1,-1,-1,-1
165,12810,434.18,112.81,47.66,150.63,1,-1,-1,-1
165,12812,107.73,115.57,64.33,164.76,1,-1,-1,-1
166,12802,330.50,114.25,51.84,146.47,1,-1,-1,-1
166,12807,193.01,88.45,46.68,164.78,1,-1,-1,-1
166,12808,257.47,92.45,56.17,156.71,1,-1,-1,-1
166,12809,399.21,111.89,49.16,152.02,1,-1,-1,-1
166,12810,432.57,113.01,47.56,149.45,1,-1,-1,-1
166,12812,109.36,111.27,65.90,166.80,1,-1,-1,-1
167,12802,330.08,113.42,51.95,147.43,1,-1,-1,-1
167,12807,192.72,88.23,46.79,165.50,1,-1,-1,-1
167,12808,257.54,92.15,55.68,156.75,1,-1,-1,-1
167,12809,398.98,111.29,49.14,152.69,1,-1,-1,-1
167,12810,431.92,113.08,47.67,149.02,1,-1,-1,-1
167,12812,109.61,109.63,66.92,167.59,1,-1,-1,-1
168,12802,330.06,113.10,51.88,147.81,1,-1,-1,-1
168,12807,192.64,88.14,46.78,165.78,1,-1,-1,-1
168,12808,257.71,92.04,55.24,156.78,1,-1,-1,-1
168,12809,398.96,111.07,49.01,152.95,1,-1,-1,-1
168,12810,431.65,113.10,47.85,148.87,1,-1,-1,-1
168,12812,109.36,109.02,67.68,167.89,1,-1,-1,-1
169,12802,330.16,112.99,51.74,147.95,1,-1,-1,-1
169,12807,192.63,88.10,46.73,165.90,1,-1,-1,-1
169,12808,257.90,92.00,54.84,156.80,1,-1,-1,-1
169,12809,399.01,110.98,48.84,153.04,1,-1,-1,-1
169,12810,431.51,113.10,48.04,148.82,1,-1,-1,-1
169,12812,108.96,108.81,68.31,168.00,1,-1,-1,-1
170,12802,330.31,112.95,51.59,148.00,1,-1,-1,-1
170,12807,192.65,88.08,46.67,165.94,1,-1,-1,-1
170,12808,258.09,91.99,54.47,156.82,1,-1,-1,-1
170,12809,399.09,110.95,48.68,153.07,1,-1,-1,-1
170,12810,431.44,113.09,48.22,148.82,1,-1,-1,-1
170,12812,108.52,108.74,68.86,168.04,1,-1,-1,-1
171,12802,327.03,114.90,50.47,144.75,1,-1,-1,-1
171,12807,193.95,89.38,46.68,164.65,1,-1,-1,-1
171,12808,256.49,91.33,54.43,156.84,1,-1,-1,-1
171,12809,384.54,113.56,47.80,151.12,1,-1,-1,-1
171,12810,431.36,117.67,47.79,144.90,1,-1,-1,-1
171,12812,116.26,96.98,73.28,183.07,1,-1,-1,-1
172,12802,325.84,115.64,50.05,143.52,1,-1,-1,-1
172,12807,194.35,89.86,46.88,164.17,1,-1,-1,-1
172,12808,255.91,91.08,54.39,156.85,1,-1,-1,-1
172,12809,379.07,114.55,47.33,150.37,1,-1,-1,-1
172,12810,431.14,119.40,48.06,143.42,1,-1,-1,-1
172,12812,119.64,92.64,73.88,188.62,1,-1,-1,-1
173,12802,325.43,115.92,49.90,143.06,1,-1,-1,-1
173,12807,194.41,90.04,47.13,163.99,1,-1,-1,-1
173,12808,255.71,90.99,54.35,156.87,1,-1,-1,-1
173,12809,377.13,114.92,47.03,150.09,1,-1,-1,-1
173,12810,430.89,120.03,48.56,142.89,1,-1,-1,-1
173,12812,121.28,90.96,73.24,190.79,1,-1,-1,-1
174,12802,325.33,116.02,49.85,142.90,1,-1,-1,-1
174,12807,194.34,90.10,47.38,163.93,1,-1,-1,-1
174,12808,255.66,90.96,54.32,156.88,1,-1,-1,-1
174,12809,376.50,115.05,46.81,149.99,1,-1,-1,-1
174,12810,430.63,120.24,49.11,142.72,1,-1,-1,-1
174,12812,122.20,90.36,72.18,191.58,1,-1,-1,-1
175,12802,325.34,116.05,49.85,142.85,1,-1,-1,-1
175,12807,194.24,90.11,47.63,163.91,1,-1,-1,-1
175,12808,255.66,90.95,54.29,156.89,1,-1,-1,-1
175,12809,376.38,115.09,46.62,149.96,1,-1,-1,-1
175,12810,430.38,120.30,49.64,142.68,1,-1,-1,-1
175,12812,122.81,90.18,71.04,191.83,1,-1,-1,-1
176,12802,322.64,114.10,50.74,146.12,1,-1,-1,-1
176,12807,193.70,87.49,49.38,170.45,1,-1,-1,-1
176,12808,252.41,90.30,54.27,158.21,1,-1,-1,-1
176,12809,374.02,113.79,47.37,151.91,1,-1,-1,-1
176,12810,428.36,118.33,51.12,145.96,1,-1,-1,-1
176,12812,144.32,94.68,67.22,186.06,1,-1,-1,-1
177,12802,321.36,112.71,51.03,148.00,1,-1,-1,-1
177,12807,192.47,86.51,50.78,175.47,1,-1,-1,-1
177,12808,250.38,88.75,54.58,160.66,1,-1,-1,-1
177,12809,373.21,113.95,47.56,151.35,1,-1,-1,-1
177,12810,427.15,117.58,51.95,147.21,1,-1,-1,-1
177,12812,151.98,98.45,63.54,178.53,1,-1,-1,-1
178,12802,321.00,112.18,50.96,148.72,1,-1,-1,-1
178,12807,192.01,86.14,51.29,177.40,1,-1,-1,-1
178,12808,249.77,88.17,54.42,161.60,1,-1,-1,-1
178,12809,372.87,114.01,47.83,151.13,1,-1,-1,-1
178,12810,426.60,117.28,52.48,147.69,1,-1,-1,-1
178,12812,154.95,99.91,61.66,175.64,1,-1,-1,-1
179,12802,321.00,111.99,50.76,148.99,1,-1,-1,-1
179,12807,191.85,85.99,51.45,178.12,1,-1,-1,-1
179,12808,249.69,87.96,54.10,161.95,1,-1,-1,-1
179,12809,372.70,114.03,48.11,151.04,1,-1,-1,-1
179,12810,426.32,117.16,52.87,147.88,1,-1,-1,-1
179,12812,156.15,100.47,60.51,174.57,1,-1,-1,-1
