45,3595,436.00,176.00,34.00,86.00,1,-1,-1,-1
46,3595,436.00,176.00,34.00,86.00,1,-1,-1,-1
47,3595,436.00,176.00,34.00,86.00,1,-1,-1,-1
48,3595,436.00,176.00,34.00,86.00,1,-1,-1,-1
49,3595,436.00,176.00,34.00,86.00,1,-1,-1,-1
525,3596,440.00,388.00,70.00,168.00,1,-1,-1,-1
526,3596,440.00,388.00,70.00,168.00,1,-1,-1,-1
527,3596,440.00,388.00,70.00,168.00,1,-1,-1,-1
528,3596,440.00,388.00,70.00,168.00,1,-1,-1,-1
529,3596,440.00,388.00,70.00,168.00,1,-1,-1,-1
529,3597,378.00,396.00,82.00,162.00,1,-1,-1,-1
530,3596,393.41,394.75,68.68,162.94,1,-1,-1,-1
531,3596,356.73,385.95,69.25,164.85,1,-1,-1,-1
532,3596,336.44,387.21,68.63,161.37,1,-1,-1,-1
533,3596,324.04,387.69,67.53,156.01,1,-1,-1,-1
534,3596,319.93,387.87,67.86,154.12,1,-1,-1,-1
535,3596,318.63,387.94,68.68,153.50,1,-1,-1,-1
536,3596,318.31,387.97,69.66,153.34,1,-1,-1,-1
537,3596,286.74,383.97,69.60,150.66,1,-1,-1,-1
538,3596,270.19,385.16,69.34,145.69,1,-1,-1,-1
539,3596,264.08,385.63,70.36,143.93,1,-1,-1,-1
540,3596,261.76,385.80,71.80,143.35,1,-1,-1,-1
541,3596,249.29,376.55,72.39,141.87,1,-1,-1,-1
542,3596,244.71,373.12,73.37,141.38,1,-1,-1,-1
543,3596,243.04,371.90,74.42,141.26,1,-1,-1,-1
544,3596,242.44,371.49,75.45,141.27,1,-1,-1,-1
545,3596,234.23,370.19,74.77,139.99,1,-1,-1,-1
561,3596,158.35,348.01,87.88,173.43,1,-1,-1,-1
562,3596,156.93,348.69,86.35,176.78,1,-1,-1,-1
563,3596,157.15,349.05,84.63,178.13,1,-1,-1,-1
564,3596,157.85,349.23,83.04,178.61,1,-1,-1,-1
565,3596,160.06,345.50,85.20,190.27,1,-1,-1,-1
566,3596,161.71,344.09,84.45,194.67,1,-1,-1,-1
567,3596,163.12,343.57,82.90,196.36,1,-1,-1,-1
568,3596,164.32,343.41,81.22,196.95,1,-1,-1,-1
569,3596,163.40,342.10,80.97,199.68,1,-1,-1,-1
570,3596,163.47,341.62,80.17,200.68,1,-1,-1,-1
571,3596,163.89,341.47,79.25,201.00,1,-1,-1,-1
572,3596,164.40,341.44,78.35,201.06,1,-1,-1,-1
573,3596,161.70,341.46,78.78,203.61,1,-1,-1,-1
574,3596,160.88,341.49,78.64,204.53,1,-1,-1,-1
575,3596,160.78,341.53,78.31,204.83,1,-1,-1,-1
576,3596,160.93,341.57,77.94,204.89,1,-1,-1,-1
577,3596,158.74,340.90,78.53,206.45,1,-1,-1,-1
769,3598,266.00,188.00,58.00,148.00,1,-1,-1,-1
770,3598,266.00,188.00,58.00,148.00,1,-1,-1,-1
771,3598,266.00,188.00,58.00,148.00,1,-1,-1,-1
772,3598,266.00,188.00,58.00,148.00,1,-1,-1,-1
773,3598,266.00,188.00,58.00,148.00,1,-1,-1,-1
