1,21396,394.27,199.55,80.42,167.52,1,-1,-1,-1
1,21400,429.38,95.77,104.00,238.86,1,-1,-1,-1
1,21401,273.42,186.68,112.86,247.60,1,-1,-1,-1
1,21406,534.00,208.00,57.00,151.00,1,-1,-1,-1
1,21407,565.00,90.00,70.00,191.00,1,-1,-1,-1
1,21408,340.00,81.00,88.00,253.00,1,-1,-1,-1
1,21409,182.00,94.00,69.00,226.00,1,-1,-1,-1
2,21395,165.03,94.45,100.45,225.85,1,-1,-1,-1
2,21400,433.76,92.67,102.31,240.88,1,-1,-1,-1
2,21407,565.00,90.00,70.00,191.00,1,-1,-1,-1
2,21408,340.00,81.00,88.00,253.00,1,-1,-1,-1
3,21395,171.23,93.07,93.85,225.98,1,-1,-1,-1
3,21400,435.72,91.63,100.71,241.56,1,-1,-1,-1
3,21407,565.00,90.00,70.00,191.00,1,-1,-1,-1
3,21408,340.00,81.00,88.00,253.00,1,-1,-1,-1
4,21395,174.44,92.62,89.36,226.02,1,-1,-1,-1
4,21400,436.67,91.37,99.33,241.73,1,-1,-1,-1
4,21407,565.00,90.00,70.00,191.00,1,-1,-1,-1
4,21408,340.00,81.00,88.00,253.00,1,-1,-1,-1
5,21395,176.25,92.54,86.09,226.04,1,-1,-1,-1
5,21400,437.20,91.40,98.17,241.71,1,-1,-1,-1
5,21407,565.00,90.00,70.00,191.00,1,-1,-1,-1
5,21408,340.00,81.00,88.00,253.00,1,-1,-1,-1
6,21395,177.39,92.61,83.60,226.04,1,-1,-1,-1
6,21400,437.51,91.53,97.19,241.62,1,-1,-1,-1
6,21407,565.00,90.00,70.00,191.00,1,-1,-1,-1
6,21408,340.00,81.00,88.00,253.00,1,-1,-1,-1
7,21395,178.17,92.71,81.64,226.04,1,-1,-1,-1
7,21400,437.71,91.70,96.36,241.51,1,-1,-1,-1
7,21407,565.00,90.00,70.00,191.00,1,-1,-1,-1
7,21408,340.00,81.00,88.00,253.00,1,-1,-1,-1
8,21395,178.75,92.83,80.04,226.04,1,-1,-1,-1
8,21400,437.84,91.88,95.66,241.39,1,-1,-1,-1
8,21407,565.00,90.00,70.00,191.00,1,-1,-1,-1
8,21408,340.00,81.00,88.00,253.00,1,-1,-1,-1
9,21395,204.71,94.24,79.96,225.38,1,-1,-1,-1
9,21400,441.63,88.50,96.53,243.60,1,-1,-1,-1
9,21407,561.60,90.00,71.39,194.38,1,-1,-1,-1
9,21408,358.99,85.06,85.89,245.56,1,-1,-1,-1
9,21410,56.00,101.00,56.00,240.00,1,-1,-1,-1
10,21395,214.38,94.84,80.01,225.13,1,-1,-1,-1
10,21407,560.31,90.00,71.99,195.62,1,-1,-1,-1
10,21408,365.88,86.57,85.39,242.80,1,-1,-1,-1
10,21410,56.00,101.00,56.00,240.00,1,-1,-1,-1
11,21395,217.82,95.12,80.09,225.04,1,-1,-1,-1
11,21407,559.80,90.00,72.30,196.07,1,-1,-1,-1
11,21408,368.14,87.09,85.51,241.84,1,-1,-1,-1
11,21410,56.00,101.00,56.00,240.00,1,-1,-1,-1
12,21395,218.91,95.26,80.17,225.00,1,-1,-1,-1
12,21407,559.58,90.00,72.49,196.22,1,-1,-1,-1
12,21408,368.71,87.26,85.83,241.53,1,-1,-1,-1
12,21410,56.00,101.00,56.00,240.00,1,-1,-1,-1
13,21395,219.11,95.36,80.26,224.99,1,-1,-1,-1
13,21407,559.48,90.00,72.64,196.25,1,-1,-1,-1
13,21408,368.68,87.29,86.22,241.46,1,-1,-1,-1
13,21410,56.00,101.00,56.00,240.00,1,-1,-1,-1
14,21395,218.99,95.43,80.33,224.99,1,-1,-1,-1
14,21407,559.43,90.00,72.76,196.24,1,-1,-1,-1
14,21408,368.45,87.28,86.61,241.48,1,-1,-1,-1
14,21410,56.00,101.00,56.00,240.00,1,-1,-1,-1
15,21395,218.77,95.49,80.40,224.99,1,-1,-1,-1
15,21407,559.39,90.00,72.87,196.23,1,-1,-1,-1
15,21408,368.16,87.26,86.99,241.52,1,-1,-1,-1
15,21410,56.00,101.00,56.00,240.00,1,-1,-1,-1
16,21395,218.53,95.54,80.45,224.99,1,-1,-1,-1
16,21407,559.35,90.00,72.97,196.21,1,-1,-1,-1
16,21408,367.87,87.24,87.34,241.57,1,-1,-1,-1
16,21410,56.00,101.00,56.00,240.00,1,-1,-1,-1
17,21395,240.68,99.50,77.55,215.19,1,-1,-1,-1
17,21400,489.37,88.50,98.60,241.12,1,-1,-1,-1
17,21407,559.02,90.00,73.09,196.54,1,-1,-1,-1
17,21408,380.95,87.87,86.01,235.68,1,-1,-1,-1
17,21410,56.00,101.00,56.00,240.00,1,-1,-1,-1
17,21411,172.00,85.00,50.00,174.00,1,-1,-1,-1
18,21395,248.85,101.06,76.73,211.44,1,-1,-1,-1
18,21400,490.45,89.03,100.67,240.63,1,-1,-1,-1
18,21408,385.61,88.10,85.93,233.49,1,-1,-1,-1
18,21411,172.00,85.00,50.00,174.00,1,-1,-1,-1
19,21395,251.55,101.64,76.71,210.09,1,-1,-1,-1
19,21400,490.42,89.14,102.38,240.51,1,-1,-1,-1
19,21408,387.04,88.17,86.30,232.71,1,-1,-1,-1
19,21411,172.00,85.00,50.00,174.00,1,-1,-1,-1
20,21395,252.26,101.85,76.96,209.62,1,-1,-1,-1
20,21400,489.92,89.22,103.77,240.45,1,-1,-1,-1
20,21408,387.29,88.18,86.82,232.47,1,-1,-1,-1
20,21411,172.00,85.00,50.00,174.00,1,-1,-1,-1
21,21395,252.25,101.94,77.29,209.49,1,-1,-1,-1
21,21400,489.27,89.29,104.91,240.40,1,-1,-1,-1
21,21408,387.13,88.17,87.35,232.42,1,-1,-1,-1
21,21411,172.00,85.00,50.00,174.00,1,-1,-1,-1
22,21395,251.98,101.97,77.62,209.47,1,-1,-1,-1
22,21400,488.63,89.36,105.86,240.36,1,-1,-1,-1
22,21408,386.82,88.16,87.86,232.44,1,-1,-1,-1
22,21411,172.00,85.00,50.00,174.00,1,-1,-1,-1
23,21395,251.65,101.98,77.94,209.50,1,-1,-1,-1
23,21400,488.05,89.42,106.67,240.32,1,-1,-1,-1
23,21408,386.49,88.14,88.34,232.48,1,-1,-1,-1
23,21411,172.00,85.00,50.00,174.00,1,-1,-1,-1
24,21395,251.32,101.99,78.23,209.54,1,-1,-1,-1
24,21400,487.52,89.48,107.37,240.29,1,-1,-1,-1
24,21408,386.17,88.13,88.77,232.53,1,-1,-1,-1
24,21411,172.00,85.00,50.00,174.00,1,-1,-1,-1
25,21395,269.96,103.30,75.33,202.37,1,-1,-1,-1
25,21400,498.71,88.22,100.34,229.15,1,-1,-1,-1
25,21408,402.62,88.77,88.45,228.64,1,-1,-1,-1
25,21411,173.79,85.68,49.13,170.62,1,-1,-1,-1
26,21395,276.96,103.80,74.12,199.68,1,-1,-1,-1
26,21400,503.34,87.78,96.71,224.85,1,-1,-1,-1
26,21408,408.47,89.01,88.95,227.19,1,-1,-1,-1
26,21411,174.42,85.93,48.87,169.37,1,-1,-1,-1
27,21395,279.45,103.98,73.59,198.73,1,-1,-1,-1
27,21400,505.38,87.65,94.50,223.30,1,-1,-1,-1
27,21408,410.27,89.09,89.70,226.69,1,-1,-1,-1
27,21411,174.61,86.01,48.83,168.93,1,-1,-1,-1
28,21395,280.27,104.05,73.31,198.42,1,-1,-1,-1
28,21400,506.42,87.62,92.92,222.75,1,-1,-1,-1
28,21408,410.58,89.11,90.51,226.54,1,-1,-1,-1
28,21411,174.64,86.04,48.89,168.79,1,-1,-1,-1
29,21395,280.47,104.06,73.14,198.35,1,-1,-1,-1
29,21400,507.06,87.64,91.64,222.58,1,-1,-1,-1
29,21408,410.35,89.11,91.28,226.51,1,-1,-1,-1
29,21411,174.62,86.05,48.96,168.75,1,-1,-1,-1
30,21395,280.44,104.07,73.01,198.37,1,-1,-1,-1
30,21400,507.52,87.66,90.56,222.55,1,-1,-1,-1
30,21408,409.96,89.11,92.00,226.53,1,-1,-1,-1
30,21411,174.57,86.05,49.05,168.76,1,-1,-1,-1
31,21395,280.35,104.06,72.91,198.41,1,-1,-1,-1
31,21400,507.88,87.69,89.61,222.57,1,-1,-1,-1
31,21408,409.53,89.10,92.66,226.57,1,-1,-1,-1
31,21411,174.52,86.04,49.13,168.78,1,-1,-1,-1
32,21395,280.23,104.06,72.82,198.46,1,-1,-1,-1
32,21400,508.19,87.72,88.76,222.60,1,-1,-1,-1
32,21408,409.11,89.09,93.26,226.61,1,-1,-1,-1
32,21411,174.48,86.04,49.21,168.80,1,-1,-1,-1
33,21395,302.94,98.15,75.61,207.04,1,-1,-1,-1
33,21400,531.22,93.00,85.77,216.08,1,-1,-1,-1
33,21408,431.90,87.77,89.36,219.44,1,-1,-1,-1
33,21411,172.86,86.69,51.10,176.72,1,-1,-1,-1
34,21395,311.44,95.95,76.46,210.24,1,-1,-1,-1
34,21400,539.99,95.02,84.45,213.63,1,-1,-1,-1
34,21408,440.72,87.26,87.41,216.74,1,-1,-1,-1
34,21411,172.38,86.94,51.56,179.66,1,-1,-1,-1
35,21395,314.65,95.12,76.61,211.48,1,-1,-1,-1
35,21400,543.20,95.76,83.80,212.76,1,-1,-1,-1
35,21408,444.08,87.08,86.25,215.78,1,-1,-1,-1
35,21411,172.30,87.02,51.52,180.79,1,-1,-1,-1
36,21395,315.80,94.82,76.51,211.95,1,-1,-1,-1
36,21400,544.34,96.03,83.41,212.48,1,-1,-1,-1
36,21408,445.40,87.01,85.43,215.47,1,-1,-1,-1
36,21411,172.37,87.05,51.31,181.19,1,-1,-1,-1
37,21395,316.16,94.72,76.33,212.12,1,-1,-1,-1
37,21400,544.71,96.12,83.14,212.41,1,-1,-1,-1
37,21408,445.94,86.98,84.77,215.39,1,-1,-1,-1
37,21411,172.49,87.06,51.05,181.33,1,-1,-1,-1
38,21395,316.22,94.70,76.13,212.17,1,-1,-1,-1
38,21400,544.79,96.14,82.91,212.43,1,-1,-1,-1
38,21408,446.18,86.98,84.20,215.40,1,-1,-1,-1
38,21411,172.62,87.06,50.78,181.35,1,-1,-1,-1
39,21395,316.17,94.72,75.93,212.18,1,-1,-1,-1
39,21400,544.77,96.14,82.73,212.47,1,-1,-1,-1
39,21408,446.31,86.97,83.70,215.44,1,-1,-1,-1
39,21411,172.74,87.06,50.53,181.34,1,-1,-1,-1
40,21395,316.09,94.74,75.75,212.17,1,-1,-1,-1
40,21400,544.71,96.13,82.56,212.51,1,-1,-1,-1
40,21408,446.39,86.98,83.26,215.49,1,-1,-1,-1
40,21411,172.86,87.05,50.29,181.32,1,-1,-1,-1
41,21395,333.38,92.80,73.41,206.29,1,-1,-1,-1
41,21400,549.91,86.95,86.30,226.98,1,-1,-1,-1
41,21408,452.31,88.94,85.56,216.85,1,-1,-1,-1
41,21411,173.34,87.70,49.98,181.29,1,-1,-1,-1
42,21395,339.92,92.08,72.39,204.04,1,-1,-1,-1
42,21400,552.35,83.55,86.60,232.33,1,-1,-1,-1
42,21408,453.98,89.68,87.38,217.38,1,-1,-1,-1
42,21411,173.60,87.94,49.70,181.26,1,-1,-1,-1
43,21395,342.28,91.83,71.90,203.20,1,-1,-1,-1
43,21400,553.67,82.23,85.80,234.42,1,-1,-1,-1
43,21408,454.09,89.96,88.93,217.61,1,-1,-1,-1
43,21411,173.77,88.03,49.45,181.24,1,-1,-1,-1
44,21395,343.07,91.75,71.62,202.91,1,-1,-1,-1
44,21400,554.50,81.75,84.65,235.19,1,-1,-1,-1
44,21408,453.65,90.06,90.29,217.71,1,-1,-1,-1
44,21411,173.91,88.06,49.21,181.22,1,-1,-1,-1
45,21395,343.28,91.74,71.43,202.81,1,-1,-1,-1
45,21400,555.12,81.60,83.44,235.46,1,-1,-1,-1
45,21408,453.05,90.09,91.51,217.76,1,-1,-1,-1
45,21411,174.02,88.07,49.00,181.20,1,-1,-1,-1
46,21395,343.28,91.75,71.28,202.79,1,-1,-1,-1
46,21400,555.63,81.57,82.29,235.52,1,-1,-1,-1
46,21408,452.43,90.09,92.61,217.79,1,-1,-1,-1
46,21411,174.11,88.06,48.81,181.18,1,-1,-1,-1
47,21395,343.20,91.77,71.15,202.79,1,-1,-1,-1
47,21400,556.07,81.58,81.23,235.52,1,-1,-1,-1
47,21408,451.84,90.09,93.60,217.82,1,-1,-1,-1
47,21411,174.20,88.06,48.64,181.16,1,-1,-1,-1
48,21395,343.10,91.79,71.04,202.81,1,-1,-1,-1
48,21400,556.45,81.61,80.26,235.49,1,-1,-1,-1
48,21408,451.29,90.08,94.49,217.83,1,-1,-1,-1
48,21411,174.27,88.05,48.49,181.15,1,-1,-1,-1
49,21395,363.80,98.35,68.59,196.28,1,-1,-1,-1
49,21400,558.05,80.97,80.53,236.28,1,-1,-1,-1
49,21408,471.12,90.73,96.44,217.85,1,-1,-1,-1
49,21411,174.21,88.70,47.95,179.83,1,-1,-1,-1
50,21395,371.61,100.87,67.59,193.81,1,-1,-1,-1
50,21408,478.05,90.97,98.21,217.87,1,-1,-1,-1
50,21411,174.24,88.94,47.65,179.32,1,-1,-1,-1
51,21395,374.40,101.79,67.16,192.92,1,-1,-1,-1
51,21408,480.10,91.05,99.80,217.88,1,-1,-1,-1
51,21411,174.29,89.03,47.45,179.12,1,-1,-1,-1
52,21395,375.33,102.11,66.94,192.62,1,-1,-1,-1
52,21408,480.34,91.08,101.25,217.89,1,-1,-1,-1
52,21411,174.35,89.06,47.30,179.05,1,-1,-1,-1
53,21395,375.57,102.22,66.81,192.54,1,-1,-1,-1
53,21408,479.93,91.09,102.56,217.90,1,-1,-1,-1
53,21411,174.41,89.07,47.17,179.02,1,-1,-1,-1
54,21395,375.55,102.24,66.71,192.54,1,-1,-1,-1
54,21408,479.32,91.08,103.74,217.91,1,-1,-1,-1
54,21411,174.47,89.06,47.05,179.01,1,-1,-1,-1
55,21395,375.45,102.24,66.64,192.57,1,-1,-1,-1
55,21408,478.68,91.08,104.81,217.92,1,-1,-1,-1
55,21411,174.52,89.06,46.95,179.00,1,-1,-1,-1
56,21395,375.33,102.22,66.58,192.61,1,-1,-1,-1
56,21408,478.07,91.07,105.78,217.93,1,-1,-1,-1
56,21411,174.56,89.06,46.86,179.00,1,-1,-1,-1
57,21395,400.58,94.99,66.22,188.06,1,-1,-1,-1
57,21400,582.92,98.86,59.12,176.28,1,-1,-1,-1
57,21408,495.98,92.37,100.40,211.40,1,-1,-1,-1
57,21411,174.62,87.74,46.74,179.66,1,-1,-1,-1
58,21395,409.74,92.24,66.72,186.36,1,-1,-1,-1
58,21400,584.25,99.93,57.29,172.97,1,-1,-1,-1
58,21408,503.27,92.86,97.23,208.92,1,-1,-1,-1
58,21411,174.73,87.25,46.53,179.90,1,-1,-1,-1
59,21395,412.69,91.23,67.50,185.76,1,-1,-1,-1
59,21400,584.94,100.24,56.38,171.92,1,-1,-1,-1
59,21408,506.38,93.04,95.02,208.02,1,-1,-1,-1
59,21411,174.84,87.06,46.31,179.99,1,-1,-1,-1
60,21395,413.37,90.87,68.32,185.57,1,-1,-1,-1
60,21400,585.25,100.33,55.83,171.65,1,-1,-1,-1
60,21408,507.89,93.09,93.27,207.71,1,-1,-1,-1
60,21411,174.94,86.99,46.10,180.03,1,-1,-1,-1
61,21395,413.22,90.75,69.11,185.53,1,-1,-1,-1
61,21400,585.40,100.33,55.45,171.67,1,-1,-1,-1
61,21408,508.77,93.11,91.76,207.62,1,-1,-1,-1
61,21411,175.04,86.97,45.90,180.04,1,-1,-1,-1
62,21395,412.80,90.73,69.85,185.54,1,-1,-1,-1
62,21400,585.49,100.31,55.16,171.78,1,-1,-1,-1
62,21408,509.38,93.11,90.44,207.61,1,-1,-1,-1
62,21411,175.13,86.96,45.72,180.04,1,-1,-1,-1
63,21395,412.31,90.73,70.53,185.58,1,-1,-1,-1
63,21400,585.54,100.28,54.92,171.91,1,-1,-1,-1
63,21408,509.85,93.10,89.25,207.63,1,-1,-1,-1
63,21411,175.22,86.96,45.56,180.03,1,-1,-1,-1
64,21395,411.83,90.75,71.14,185.61,1,-1,-1,-1
64,21400,585.59,100.25,54.71,172.03,1,-1,-1,-1
64,21408,510.26,93.09,88.18,207.66,1,-1,-1,-1
64,21411,175.29,86.96,45.41,180.03,1,-1,-1,-1
65,21395,400.84,96.01,69.84,184.34,1,-1,-1,-1
65,21400,586.57,100.65,54.20,170.43,1,-1,-1,-1
65,21408,532.17,95.05,86.02,204.42,1,-1,-1,-1
65,21411,174.44,84.35,46.45,183.29,1,-1,-1,-1
65,21412,422.00,105.00,68.00,179.00,1,-1,-1,-1
66,21395,396.80,98.02,68.93,183.88,1,-1,-1,-1
66,21408,540.58,95.78,84.80,203.21,1,-1,-1,-1
66,21411,174.07,83.37,46.96,184.52,1,-1,-1,-1
66,21412,422.00,105.00,68.00,179.00,1,-1,-1,-1
67,21395,395.41,98.76,68.21,183.73,1,-1,-1,-1
67,21408,543.79,96.05,83.98,202.79,1,-1,-1,-1
67,21411,173.87,83.01,47.26,184.98,1,-1,-1,-1
67,21412,422.00,105.00,68.00,179.00,1,-1,-1,-1
68,21395,395.03,99.03,67.59,183.69,1,-1,-1,-1
68,21408,545.02,96.14,83.35,202.65,1,-1,-1,-1
68,21411,173.75,82.88,47.47,185.14,1,-1,-1,-1
68,21412,422.00,105.00,68.00,179.00,1,-1,-1,-1
69,21395,395.01,99.13,67.05,183.70,1,-1,-1,-1
69,21408,545.49,96.16,82.82,202.63,1,-1,-1,-1
69,21411,173.67,82.84,47.63,185.19,1,-1,-1,-1
69,21412,422.00,105.00,68.00,179.00,1,-1,-1,-1
70,21395,395.12,99.15,66.57,183.72,1,-1,-1,-1
70,21408,545.69,96.16,82.35,202.64,1,-1,-1,-1
70,21411,173.60,82.84,47.77,185.19,1,-1,-1,-1
70,21412,422.00,105.00,68.00,179.00,1,-1,-1,-1
71,21395,395.27,99.15,66.13,183.74,1,-1,-1,-1
71,21408,545.77,96.15,81.94,202.67,1,-1,-1,-1
71,21411,173.54,82.85,47.89,185.19,1,-1,-1,-1
71,21412,422.00,105.00,68.00,179.00,1,-1,-1,-1
72,21395,395.43,99.14,65.74,183.77,1,-1,-1,-1
72,21408,545.81,96.13,81.56,202.70,1,-1,-1,-1
72,21411,173.49,82.86,47.99,185.17,1,-1,-1,-1
72,21412,422.00,105.00,68.00,179.00,1,-1,-1,-1
73,21395,383.07,92.59,64.87,181.83,1,-1,-1,-1
73,21408,554.48,93.50,80.29,201.42,1,-1,-1,-1
73,21411,175.28,82.87,47.66,181.90,1,-1,-1,-1
73,21412,443.91,104.32,68.16,179.68,1,-1,-1,-1
74,21395,378.42,90.10,64.46,181.10,1,-1,-1,-1
74,21408,557.86,92.50,79.43,200.95,1,-1,-1,-1
74,21411,175.84,82.88,47.79,180.64,1,-1,-1,-1
74,21412,451.99,104.07,68.16,179.93,1,-1,-1,-1
75,21395,376.73,89.18,64.24,180.85,1,-1,-1,-1
75,21408,559.21,92.13,78.75,200.79,1,-1,-1,-1
75,21411,175.92,82.89,48.08,180.17,1,-1,-1,-1
75,21412,454.91,103.99,68.10,180.01,1,-1,-1,-1
76,21395,376.17,88.85,64.09,180.77,1,-1,-1,-1
76,21408,559.78,91.99,78.18,200.75,1,-1,-1,-1
76,21411,175.84,82.90,48.42,180.00,1,-1,-1,-1
76,21412,455.88,103.96,68.03,180.04,1,-1,-1,-1
77,21395,376.02,88.75,63.97,180.76,1,-1,-1,-1
77,21408,560.05,91.94,77.68,200.75,1,-1,-1,-1
77,21411,175.70,82.91,48.74,179.94,1,-1,-1,-1
77,21412,456.14,103.95,67.95,180.05,1,-1,-1,-1
78,21395,376.03,88.73,63.87,180.77,1,-1,-1,-1
78,21408,560.19,91.93,77.23,200.76,1,-1,-1,-1
78,21411,175.55,82.92,49.04,179.92,1,-1,-1,-1
78,21412,456.14,103.95,67.87,180.05,1,-1,-1,-1
79,21395,376.09,88.73,63.78,180.78,1,-1,-1,-1
79,21408,560.29,91.93,76.83,200.78,1,-1,-1,-1
79,21411,175.41,82.93,49.32,179.92,1,-1,-1,-1
79,21412,456.06,103.96,67.79,180.04,1,-1,-1,-1
80,21395,376.17,88.75,63.71,180.80,1,-1,-1,-1
80,21408,560.37,91.93,76.46,200.80,1,-1,-1,-1
80,21411,175.28,82.94,49.58,179.92,1,-1,-1,-1
80,21412,455.96,103.96,67.72,180.04,1,-1,-1,-1
81,21395,366.21,93.35,61.48,171.67,1,-1,-1,-1
81,21408,561.73,99.78,72.88,192.32,1,-1,-1,-1
81,21411,180.70,83.60,48.53,174.05,1,-1,-1,-1
81,21412,471.55,100.02,69.77,184.63,1,-1,-1,-1
82,21395,362.18,95.14,61.11,168.18,1,-1,-1,-1
82,21408,562.25,102.79,71.35,189.09,1,-1,-1,-1
82,21411,182.62,83.85,48.41,171.81,1,-1,-1,-1
82,21412,477.24,98.55,70.72,186.35,1,-1,-1,-1
83,21395,360.53,95.78,61.45,166.94,1,-1,-1,-1
83,21408,562.47,103.88,70.63,187.94,1,-1,-1,-1
83,21411,183.18,83.95,48.64,171.00,1,-1,-1,-1
83,21412,479.23,98.00,71.24,186.99,1,-1,-1,-1
84,21395,359.76,96.01,62.02,166.53,1,-1,-1,-1
84,21408,562.58,104.25,70.24,187.55,1,-1,-1,-1
84,21411,183.24,83.98,48.98,170.73,1,-1,-1,-1
84,21412,479.79,97.81,71.58,187.22,1,-1,-1,-1
85,21395,359.34,96.09,62.62,166.41,1,-1,-1,-1
85,21408,562.64,104.37,69.97,187.45,1,-1,-1,-1
85,21411,183.13,84.00,49.33,170.65,1,-1,-1,-1
85,21412,479.82,97.76,71.84,187.28,1,-1,-1,-1
86,21395,359.06,96.11,63.20,166.41,1,-1,-1,-1
86,21408,562.68,104.38,69.76,187.44,1,-1,-1,-1
86,21411,182.96,84.00,49.67,170.64,1,-1,-1,-1
86,21412,479.67,97.75,72.05,187.29,1,-1,-1,-1
87,21395,358.84,96.11,63.74,166.45,1,-1,-1,-1
87,21408,562.71,104.36,69.59,187.48,1,-1,-1,-1
87,21411,182.79,84.00,49.98,170.66,1,-1,-1,-1
87,21412,479.46,97.76,72.24,187.27,1,-1,-1,-1
88,21395,358.66,96.11,64.24,166.49,1,-1,-1,-1
88,21408,562.73,104.34,69.43,187.52,1,-1,-1,-1
88,21411,182.63,84.00,50.27,170.69,1,-1,-1,-1
88,21412,479.24,97.78,72.40,187.25,1,-1,-1,-1
89,21395,351.76,92.82,65.71,170.48,1,-1,-1,-1
89,21400,522.11,103.03,61.40,168.86,1,-1,-1,-1
89,21408,563.61,104.89,69.14,186.74,1,-1,-1,-1
89,21411,186.95,89.24,49.44,164.82,1,-1,-1,-1
89,21412,481.49,97.43,72.56,187.66,1,-1,-1,-1
90,21395,349.23,91.58,66.22,171.99,1,-1,-1,-1
90,21400,518.73,103.05,66.04,168.90,1,-1,-1,-1
90,21411,188.35,91.24,49.58,162.61,1,-1,-1,-1
91,21395,348.33,91.12,66.39,172.58,1,-1,-1,-1
91,21400,516.85,103.06,69.16,168.92,1,-1,-1,-1
91,21411,188.62,91.96,50.06,161.83,1,-1,-1,-1
92,21395,348.06,90.95,66.43,172.81,1,-1,-1,-1
92,21400,515.68,103.05,71.41,168.93,1,-1,-1,-1
92,21411,188.50,92.21,50.64,161.57,1,-1,-1,-1
93,21395,348.02,90.89,66.41,172.90,1,-1,-1,-1
93,21400,514.88,103.05,73.11,168.94,1,-1,-1,-1
93,21411,188.25,92.28,51.21,161.51,1,-1,-1,-1
94,21395,348.06,90.88,66.38,172.94,1,-1,-1,-1
94,21400,514.28,103.05,74.45,168.95,1,-1,-1,-1
94,21411,187.98,92.29,51.75,161.52,1,-1,-1,-1
95,21395,348.13,90.88,66.35,172.95,1,-1,-1,-1
95,21400,513.82,103.04,75.54,168.95,1,-1,-1,-1
95,21411,187.70,92.27,52.24,161.55,1,-1,-1,-1
96,21395,348.21,90.89,66.32,172.96,1,-1,-1,-1
96,21400,513.46,103.04,76.44,168.96,1,-1,-1,-1
96,21411,187.45,92.25,52.69,161.59,1,-1,-1,-1
97,21395,332.64,93.51,66.24,171.66,1,-1,-1,-1
97,21400,520.60,102.38,77.31,168.31,1,-1,-1,-1
97,21411,189.76,90.26,53.92,165.56,1,-1,-1,-1
97,21413,389.00,112.00,46.00,142.00,1,-1,-1,-1
98,21395,326.66,94.51,66.44,171.17,1,-1,-1,-1
98,21400,523.08,102.13,78.18,168.06,1,-1,-1,-1
98,21411,190.63,89.51,54.34,167.06,1,-1,-1,-1
98,21413,389.00,112.00,46.00,142.00,1,-1,-1,-1
99,21395,324.38,94.88,66.71,170.99,1,-1,-1,-1
99,21400,523.79,102.04,78.99,167.98,1,-1,-1,-1
99,21411,190.96,89.21,54.47,167.64,1,-1,-1,-1
99,21413,389.00,112.00,46.00,142.00,1,-1,-1,-1
100,21395,323.51,95.02,67.00,170.93,1,-1,-1,-1
100,21400,523.86,102.00,79.72,167.95,1,-1,-1,-1
100,21411,191.07,89.10,54.48,167.87,1,-1,-1,-1
100,21413,389.00,112.00,46.00,142.00,1,-1,-1,-1
101,21395,323.18,95.06,67.28,170.91,1,-1,-1,-1
101,21400,523.70,101.99,80.37,167.94,1,-1,-1,-1
101,21411,191.11,89.05,54.46,167.95,1,-1,-1,-1
101,21413,389.00,112.00,46.00,142.00,1,-1,-1,-1
102,21395,323.05,95.08,67.53,170.91,1,-1,-1,-1
102,21400,523.47,101.99,80.95,167.94,1,-1,-1,-1
102,21411,191.12,89.03,54.43,167.99,1,-1,-1,-1
102,21413,389.00,112.00,46.00,142.00,1,-1,-1,-1
103,21395,323.01,95.08,67.76,170.92,1,-1,-1,-1
103,21400,523.24,101.99,81.46,167.94,1,-1,-1,-1
103,21411,191.11,89.02,54.39,168.00,1,-1,-1,-1
103,21413,389.00,112.00,46.00,142.00,1,-1,-1,-1
104,21395,322.99,95.07,67.98,170.92,1,-1,-1,-1
104,21400,523.03,101.99,81.91,167.95,1,-1,-1,-1
104,21411,191.10,89.02,54.36,168.00,1,-1,-1,-1
104,21413,389.00,112.00,46.00,142.00,1,-1,-1,-1
105,21395,310.84,89.84,68.94,174.85,1,-1,-1,-1
105,21400,515.57,103.95,77.25,165.34,1,-1,-1,-1
105,21408,498.36,109.06,58.41,160.18,1,-1,-1,-1
105,21411,190.52,90.32,53.51,165.40,1,-1,-1,-1
105,21412,561.57,92.98,67.56,181.21,1,-1,-1,-1
105,21413,387.93,114.71,45.44,138.62,1,-1,-1,-1
105,21414,466.00,125.00,54.00,139.00,1,-1,-1,-1
106,21395,306.48,87.87,68.97,176.33,1,-1,-1,-1
106,21400,513.59,104.69,73.77,164.35,1,-1,-1,-1
106,21408,497.03,109.11,57.61,159.63,1,-1,-1,-1
106,21411,190.29,90.82,53.18,164.40,1,-1,-1,-1
106,21412,564.20,92.91,65.78,180.99,1,-1,-1,-1
106,21413,387.37,115.71,45.55,137.36,1,-1,-1,-1
106,21414,466.00,125.00,54.00,139.00,1,-1,-1,-1
107,21395,305.04,87.13,68.69,176.89,1,-1,-1,-1
107,21400,513.65,104.97,70.91,163.99,1,-1,-1,-1
107,21408,496.65,109.13,57.09,159.41,1,-1,-1,-1
107,21411,190.19,91.00,53.06,164.04,1,-1,-1,-1
107,21412,565.50,92.88,64.51,180.92,1,-1,-1,-1
107,21413,387.02,116.06,45.91,136.93,1,-1,-1,-1
107,21414,466.00,125.00,54.00,139.00,1,-1,-1,-1
108,21395,304.71,86.86,68.32,177.09,1,-1,-1,-1
108,21400,514.41,105.06,68.43,163.87,1,-1,-1,-1
108,21408,496.69,109.13,56.74,159.37,1,-1,-1,-1
108,21411,190.15,91.06,53.01,163.91,1,-1,-1,-1
108,21412,566.11,92.87,63.56,180.90,1,-1,-1,-1
108,21413,386.74,116.17,46.35,136.79,1,-1,-1,-1
108,21414,466.00,125.00,54.00,139.00,1,-1,-1,-1
109,21395,304.78,86.77,67.93,177.16,1,-1,-1,-1
109,21400,515.37,105.09,66.24,163.83,1,-1,-1,-1
109,21408,496.87,109.13,56.49,159.40,1,-1,-1,-1
109,21411,190.12,91.08,53.00,163.87,1,-1,-1,-1
109,21412,566.41,92.88,62.81,180.90,1,-1,-1,-1
109,21413,386.50,116.20,46.79,136.76,1,-1,-1,-1
109,21414,466.00,125.00,54.00,139.00,1,-1,-1,-1
110,21395,305.00,86.76,67.57,177.17,1,-1,-1,-1
110,21400,516.33,105.10,64.28,163.83,1,-1,-1,-1
110,21408,497.09,109.11,56.30,159.45,1,-1,-1,-1
110,21411,190.11,91.08,52.99,163.87,1,-1,-1,-1
110,21412,566.57,92.89,62.20,180.90,1,-1,-1,-1
110,21413,386.29,116.19,47.23,136.76,1,-1,-1,-1
110,21414,466.00,125.00,54.00,139.00,1,-1,-1,-1
111,21395,305.25,86.77,67.23,177.16,1,-1,-1,-1
111,21400,517.24,105.09,62.52,163.84,1,-1,-1,-1
111,21408,497.29,109.10,56.14,159.51,1,-1,-1,-1
111,21411,190.09,91.07,52.99,163.87,1,-1,-1,-1
111,21412,566.66,92.90,61.70,180.91,1,-1,-1,-1
111,21413,386.09,116.18,47.64,136.78,1,-1,-1,-1
111,21414,466.00,125.00,54.00,139.00,1,-1,-1,-1
112,21395,305.50,86.78,66.92,177.15,1,-1,-1,-1
112,21400,518.07,105.09,60.93,163.85,1,-1,-1,-1
112,21408,497.47,109.09,56.00,159.56,1,-1,-1,-1
112,21411,190.08,91.07,52.99,163.88,1,-1,-1,-1
112,21412,566.73,92.91,61.27,180.92,1,-1,-1,-1
112,21413,385.91,116.16,48.02,136.80,1,-1,-1,-1
112,21414,466.00,125.00,54.00,139.00,1,-1,-1,-1
113,21395,302.41,93.97,64.16,170.62,1,-1,-1,-1
113,21400,517.35,105.23,60.84,163.62,1,-1,-1,-1
113,21408,499.63,113.69,53.87,149.08,1,-1,-1,-1
113,21411,190.36,89.76,53.72,165.85,1,-1,-1,-1
113,21412,579.32,98.16,58.75,177.65,1,-1,-1,-1
113,21413,386.36,112.85,49.78,141.43,1,-1,-1,-1
113,21414,463.52,124.32,56.26,140.35,1,-1,-1,-1
114,21395,301.38,96.74,62.94,168.11,1,-1,-1,-1
114,21408,500.21,115.44,53.74,145.10,1,-1,-1,-1
114,21411,190.44,89.26,54.05,166.60,1,-1,-1,-1
114,21412,584.35,100.16,57.13,176.42,1,-1,-1,-1
114,21413,386.49,111.61,50.50,143.16,1,-1,-1,-1
114,21414,462.06,124.08,58.18,140.85,1,-1,-1,-1
115,21395,301.12,97.76,62.36,167.19,1,-1,-1,-1
115,21408,500.13,116.05,54.35,143.73,1,-1,-1,-1
115,21411,190.44,89.07,54.22,166.89,1,-1,-1,-1
115,21412,586.42,100.89,55.93,175.97,1,-1,-1,-1
115,21413,386.51,111.14,50.85,143.82,1,-1,-1,-1
115,21414,461.01,123.99,59.93,141.03,1,-1,-1,-1
116,21395,301.15,98.12,62.02,166.86,1,-1,-1,-1
116,21408,499.83,116.25,55.17,143.29,1,-1,-1,-1
116,21411,190.41,89.00,54.33,166.99,1,-1,-1,-1
116,21412,587.36,101.15,54.96,175.82,1,-1,-1,-1
116,21413,386.49,110.97,51.03,144.06,1,-1,-1,-1
116,21414,460.14,123.96,61.56,141.09,1,-1,-1,-1
117,21395,301.26,98.23,61.78,166.76,1,-1,-1,-1
117,21408,499.50,116.30,56.00,143.19,1,-1,-1,-1
117,21411,190.38,88.97,54.41,167.03,1,-1,-1,-1
117,21412,587.85,101.23,54.13,175.78,1,-1,-1,-1
117,21413,386.45,110.91,51.15,144.14,1,-1,-1,-1
117,21414,459.36,123.95,63.09,141.10,1,-1,-1,-1
118,21395,301.41,98.26,61.59,166.74,1,-1,-1,-1
118,21408,499.17,116.30,56.78,143.20,1,-1,-1,-1
118,21411,190.35,88.97,54.47,167.04,1,-1,-1,-1
118,21412,588.15,101.24,53.41,175.78,1,-1,-1,-1
118,21413,386.41,110.89,51.24,144.16,1,-1,-1,-1
118,21414,458.64,123.95,64.53,141.10,1,-1,-1,-1
119,21395,301.55,98.25,61.44,166.75,1,-1,-1,-1
119,21408,498.86,116.28,57.48,143.26,1,-1,-1,-1
119,21411,190.31,88.97,54.52,167.04,1,-1,-1,-1
119,21412,588.37,101.23,52.77,175.79,1,-1,-1,-1
119,21413,386.38,110.90,51.32,144.16,1,-1,-1,-1
119,21414,457.98,123.95,65.87,141.09,1,-1,-1,-1
120,21395,301.69,98.23,61.30,166.77,1,-1,-1,-1
120,21408,498.58,116.25,58.12,143.33,1,-1,-1,-1
120,21411,190.28,88.97,54.57,167.04,1,-1,-1,-1
120,21412,588.54,101.22,52.19,175.81,1,-1,-1,-1
120,21413,386.34,110.90,51.38,144.15,1,-1,-1,-1
120,21414,457.36,123.96,67.11,141.08,1,-1,-1,-1
121,21395,297.35,95.60,60.28,165.48,1,-1,-1,-1
121,21408,499.64,117.55,56.74,141.42,1,-1,-1,-1
121,21411,192.78,88.32,54.79,167.69,1,-1,-1,-1
121,21412,590.43,101.57,52.10,175.49,1,-1,-1,-1
121,21413,390.03,112.21,51.17,144.79,1,-1,-1,-1
121,21414,437.63,118.06,67.23,145.01,1,-1,-1,-1
122,21395,295.88,94.58,59.62,165.00,1,-1,-1,-1
122,21408,500.21,118.02,55.93,140.74,1,-1,-1,-1
122,21411,193.71,88.07,54.88,167.93,1,-1,-1,-1
122,21413,391.54,112.72,50.85,145.02,1,-1,-1,-1
122,21414,430.74,115.85,66.27,146.48,1,-1,-1,-1
123,21395,295.50,94.20,59.12,164.84,1,-1,-1,-1
123,21408,500.57,118.18,55.35,140.53,1,-1,-1,-1
123,21411,194.05,87.98,54.92,168.02,1,-1,-1,-1
123,21413,392.22,112.91,50.52,145.10,1,-1,-1,-1
123,21414,428.61,115.02,65.02,147.03,1,-1,-1,-1
124,21395,295.52,94.06,58.71,164.79,1,-1,-1,-1
124,21408,500.84,118.22,54.90,140.48,1,-1,-1,-1
124,21411,194.17,87.95,54.94,168.05,1,-1,-1,-1
124,21413,392.55,112.98,50.20,145.13,1,-1,-1,-1
124,21414,428.28,114.73,63.72,147.22,1,-1,-1,-1
125,21395,295.67,94.00,58.34,164.79,1,-1,-1,-1
125,21408,501.06,118.22,54.51,140.50,1,-1,-1,-1
125,21411,194.20,87.95,54.95,168.06,1,-1,-1,-1
125,21413,392.75,113.01,49.90,145.13,1,-1,-1,-1
125,21414,428.61,114.65,62.48,147.27,1,-1,-1,-1
126,21395,295.86,93.99,58.02,164.80,1,-1,-1,-1
126,21408,501.25,118.21,54.17,140.53,1,-1,-1,-1
126,21411,194.20,87.95,54.96,168.06,1,-1,-1,-1
126,21413,392.90,113.01,49.63,145.12,1,-1,-1,-1
126,21414,429.16,114.64,61.33,147.27,1,-1,-1,-1
127,21395,296.06,93.98,57.73,164.82,1,-1,-1,-1
127,21408,501.42,118.19,53.86,140.57,1,-1,-1,-1
127,21411,194.19,87.95,54.96,168.05,1,-1,-1,-1
127,21413,393.01,113.02,49.38,145.11,1,-1,-1,-1
127,21414,429.74,114.66,60.27,147.26,1,-1,-1,-1
128,21395,296.24,93.98,57.47,164.83,1,-1,-1,-1
128,21408,501.57,118.17,53.59,140.61,1,-1,-1,-1
128,21411,194.17,87.95,54.97,168.05,1,-1,-1,-1
128,21413,393.11,113.02,49.15,145.10,1,-1,-1,-1
128,21414,430.31,114.68,59.31,147.24,1,-1,-1,-1
129,21395,293.03,93.33,58.09,165.50,1,-1,-1,-1
129,21408,492.02,116.19,55.03,142.62,1,-1,-1,-1
129,21411,195.28,86.00,55.33,170.00,1,-1,-1,-1
129,21413,393.38,113.04,49.21,145.26,1,-1,-1,-1
129,21414,411.71,116.01,60.82,147.87,1,-1,-1,-1
130,21395,291.74,93.08,58.54,165.76,1,-1,-1,-1
130,21408,488.26,115.44,55.94,143.38,1,-1,-1,-1
130,21411,195.77,85.27,55.32,170.74,1,-1,-1,-1
130,21414,404.39,116.53,62.06,148.10,1,-1,-1,-1
131,21395,291.20,92.99,58.90,165.87,1,-1,-1,-1
131,21408,486.70,115.15,56.61,143.69,1,-1,-1,-1
131,21411,196.01,84.99,55.18,171.01,1,-1,-1,-1
131,21414,401.40,116.74,63.13,148.17,1,-1,-1,-1
132,21395,290.94,92.96,59.20,165.91,1,-1,-1,-1
132,21408,485.99,115.04,57.16,143.81,1,-1,-1,-1
132,21411,196.15,84.90,55.00,171.10,1,-1,-1,-1
132,21414,400.11,116.83,64.07,148.18,1,-1,-1,-1
133,21395,290.79,92.95,59.47,165.93,1,-1,-1,-1
133,21408,485.63,115.00,57.64,143.87,1,-1,-1,-1
133,21411,196.25,84.87,54.82,171.13,1,-1,-1,-1
133,21414,399.48,116.87,64.92,148.18,1,-1,-1,-1
134,21395,290.69,92.95,59.71,165.94,1,-1,-1,-1
134,21408,485.41,114.99,58.06,143.89,1,-1,-1,-1
134,21411,196.33,84.87,54.65,171.13,1,-1,-1,-1
134,21414,399.11,116.89,65.69,148.17,1,-1,-1,-1
135,21395,290.62,92.96,59.93,165.95,1,-1,-1,-1
135,21408,485.25,114.98,58.44,143.91,1,-1,-1,-1
135,21411,196.40,84.88,54.50,171.13,1,-1,-1,-1
135,21414,398.86,116.91,66.39,148.15,1,-1,-1,-1
136,21395,290.56,92.96,60.13,165.96,1,-1,-1,-1
136,21408,485.12,114.98,58.78,143.92,1,-1,-1,-1
136,21411,196.46,84.89,54.36,171.12,1,-1,-1,-1
136,21414,398.67,116.92,67.01,148.14,1,-1,-1,-1
137,21395,283.48,94.27,61.94,167.27,1,-1,-1,-1
137,21408,472.89,116.29,57.86,140.66,1,-1,-1,-1
137,21411,195.78,83.59,54.38,173.06,1,-1,-1,-1
137,21414,390.33,113.66,67.62,151.39,1,-1,-1,-1
138,21395,280.47,94.76,63.34,167.76,1,-1,-1,-1
138,21408,468.16,116.79,57.72,139.43,1,-1,-1,-1
138,21411,195.68,83.11,54.07,173.79,1,-1,-1,-1
138,21414,387.48,112.44,67.37,152.61,1,-1,-1,-1
139,21395,279.04,94.95,64.51,167.95,1,-1,-1,-1
139,21408,466.36,116.97,57.86,138.98,1,-1,-1,-1
139,21411,195.78,82.93,53.66,174.06,1,-1,-1,-1
139,21414,386.68,111.99,66.86,153.06,1,-1,-1,-1
140,21395,278.25,95.02,65.54,168.02,1,-1,-1,-1
140,21408,465.66,117.04,58.10,138.83,1,-1,-1,-1
140,21411,195.94,82.87,53.25,174.15,1,-1,-1,-1
140,21414,386.65,111.83,66.27,153.21,1,-1,-1,-1
141,21395,277.72,95.04,66.45,168.04,1,-1,-1,-1
141,21408,465.38,117.06,58.35,138.79,1,-1,-1,-1
141,21411,196.12,82.86,52.86,174.17,1,-1,-1,-1
141,21414,386.90,111.78,65.70,153.25,1,-1,-1,-1
142,21395,277.32,95.05,67.27,168.05,1,-1,-1,-1
142,21408,465.26,117.06,58.59,138.78,1,-1,-1,-1
142,21411,196.29,82.87,52.49,174.17,1,-1,-1,-1
142,21414,387.22,111.78,65.17,153.25,1,-1,-1,-1
143,21395,276.99,95.05,68.00,168.05,1,-1,-1,-1
143,21408,465.21,117.06,58.82,138.80,1,-1,-1,-1
143,21411,196.45,82.87,52.16,174.16,1,-1,-1,-1
143,21414,387.56,111.79,64.68,153.24,1,-1,-1,-1
144,21395,276.70,95.04,68.67,168.04,1,-1,-1,-1
144,21408,465.18,117.05,59.02,138.81,1,-1,-1,-1
144,21411,196.60,82.89,51.86,174.15,1,-1,-1,-1
144,21414,387.87,111.81,64.24,153.22,1,-1,-1,-1
145,21395,265.30,92.43,68.06,166.73,1,-1,-1,-1
145,21408,459.17,112.47,61.37,146.03,1,-1,-1,-1
145,21411,193.44,84.20,50.99,172.18,1,-1,-1,-1
145,21414,385.41,110.52,64.13,151.90,1,-1,-1,-1
145,21415,28.00,113.00,47.00,171.00,1,-1,-1,-1
146,21395,261.02,91.44,67.78,166.23,1,-1,-1,-1
146,21408,457.16,110.76,61.84,148.71,1,-1,-1,-1
146,21411,192.31,84.71,50.52,171.42,1,-1,-1,-1
146,21414,384.42,110.04,64.32,151.38,1,-1,-1,-1
146,21415,28.00,113.00,47.00,171.00,1,-1,-1,-1
147,21395,259.48,91.07,67.64,166.05,1,-1,-1,-1
147,21408,456.61,110.11,61.66,149.75,1,-1,-1,-1
147,21411,191.97,84.90,50.21,171.13,1,-1,-1,-1
147,21414,383.99,109.87,64.60,151.18,1,-1,-1,-1
147,21415,28.00,113.00,47.00,171.00,1,-1,-1,-1
148,21395,258.98,90.93,67.55,165.98,1,-1,-1,-1
148,21408,456.61,109.87,61.27,150.13,1,-1,-1,-1
148,21411,191.91,84.97,49.97,171.03,1,-1,-1,-1
148,21414,383.78,109.82,64.90,151.10,1,-1,-1,-1
148,21415,28.00,113.00,47.00,171.00,1,-1,-1,-1
149,21395,258.87,90.89,67.49,165.96,1,-1,-1,-1
149,21408,456.81,109.79,60.82,150.26,1,-1,-1,-1
149,21411,191.95,85.00,49.77,170.99,1,-1,-1,-1
149,21414,383.66,109.81,65.18,151.07,1,-1,-1,-1
149,21415,28.00,113.00,47.00,171.00,1,-1,-1,-1
150,21395,258.89,90.88,67.44,165.95,1,-1,-1,-1
150,21408,457.07,109.78,60.38,150.29,1,-1,-1,-1
150,21411,192.03,85.01,49.60,170.98,1,-1,-1,-1
150,21414,383.58,109.82,65.45,151.05,1,-1,-1,-1
150,21415,28.00,113.00,47.00,171.00,1,-1,-1,-1
151,21395,258.97,90.89,67.40,165.95,1,-1,-1,-1
151,21408,457.33,109.79,59.98,150.28,1,-1,-1,-1
151,21411,192.11,85.01,49.44,170.97,1,-1,-1,-1
151,21414,383.52,109.84,65.69,151.04,1,-1,-1,-1
151,21415,28.00,113.00,47.00,171.00,1,-1,-1,-1
152,21395,259.06,90.90,67.36,165.96,1,-1,-1,-1
152,21408,457.57,109.80,59.60,150.26,1,-1,-1,-1
152,21411,192.19,85.01,49.31,170.97,1,-1,-1,-1
152,21414,383.47,109.85,65.91,151.04,1,-1,-1,-1
152,21415,28.00,113.00,47.00,171.00,1,-1,-1,-1
153,21395,255.18,90.25,66.11,164.65,1,-1,-1,-1
153,21408,454.59,116.32,55.91,141.79,1,-1,-1,-1
153,21411,190.65,85.01,48.51,169.02,1,-1,-1,-1
153,21413,434.21,109.03,51.09,153.97,1,-1,-1,-1
153,21414,392.46,111.17,63.71,149.73,1,-1,-1,-1
153,21415,28.00,113.00,47.00,171.00,1,-1,-1,-1
153,21416,356.00,109.00,45.00,155.00,1,-1,-1,-1
153,21417,48.00,116.00,67.00,158.00,1,-1,-1,-1
154,21395,253.94,90.01,65.26,164.16,1,-1,-1,-1
154,21408,453.58,118.86,54.32,138.49,1,-1,-1,-1
154,21411,190.13,85.01,48.08,168.27,1,-1,-1,-1
154,21413,435.22,108.96,50.48,154.10,1,-1,-1,-1
154,21414,396.33,111.68,62.03,149.23,1,-1,-1,-1
154,21415,52.36,115.39,46.02,160.66,1,-1,-1,-1
154,21416,356.00,109.00,45.00,155.00,1,-1,-1,-1
155,21395,253.69,89.93,64.60,163.98,1,-1,-1,-1
155,21408,453.32,119.78,53.59,137.29,1,-1,-1,-1
155,21411,190.00,85.01,47.81,168.00,1,-1,-1,-1
155,21413,435.68,108.93,50.05,154.15,1,-1,-1,-1
155,21414,398.17,111.87,60.63,149.04,1,-1,-1,-1
155,21415,57.02,115.91,47.13,158.40,1,-1,-1,-1
155,21416,356.00,109.00,45.00,155.00,1,-1,-1,-1
156,21395,253.80,89.91,64.04,163.92,1,-1,-1,-1
156,21408,453.33,120.10,53.19,136.87,1,-1,-1,-1
156,21411,190.02,85.01,47.61,167.91,1,-1,-1,-1
156,21413,435.89,108.93,49.73,154.16,1,-1,-1,-1
156,21414,399.21,111.95,59.40,148.98,1,-1,-1,-1
156,21415,58.00,116.08,48.57,157.66,1,-1,-1,-1
156,21416,356.00,109.00,45.00,155.00,1,-1,-1,-1
157,21395,254.03,89.90,63.55,163.91,1,-1,-1,-1
157,21408,453.43,120.21,52.92,136.74,1,-1,-1,-1
157,21411,190.08,85.01,47.45,167.88,1,-1,-1,-1
157,21413,435.98,108.93,49.49,154.15,1,-1,-1,-1
157,21414,399.91,111.98,58.30,148.95,1,-1,-1,-1
157,21415,57.77,116.13,50.05,157.44,1,-1,-1,-1
157,21416,356.00,109.00,45.00,155.00,1,-1,-1,-1
158,21395,254.28,89.91,63.11,163.91,1,-1,-1,-1
158,21408,453.56,120.23,52.72,136.71,1,-1,-1,-1
158,21411,190.16,85.01,47.31,167.88,1,-1,-1,-1
158,21413,436.02,108.94,49.29,154.14,1,-1,-1,-1
158,21414,400.45,111.99,57.32,148.95,1,-1,-1,-1
158,21415,57.12,116.14,51.50,157.41,1,-1,-1,-1
158,21416,356.00,109.00,45.00,155.00,1,-1,-1,-1
159,21395,254.53,89.91,62.72,163.91,1,-1,-1,-1
159,21408,453.69,120.22,52.55,136.71,1,-1,-1,-1
159,21411,190.23,85.01,47.18,167.89,1,-1,-1,-1
159,21413,436.04,108.94,49.13,154.13,1,-1,-1,-1
159,21414,400.90,111.99,56.43,148.95,1,-1,-1,-1
159,21415,56.37,116.13,52.85,157.44,1,-1,-1,-1
159,21416,356.00,109.00,45.00,155.00,1,-1,-1,-1
160,21395,254.76,89.92,62.36,163.92,1,-1,-1,-1
160,21408,453.82,120.21,52.40,136.73,1,-1,-1,-1
160,21411,190.30,85.00,47.07,167.89,1,-1,-1,-1
160,21413,436.05,108.95,48.99,154.12,1,-1,-1,-1
160,21414,401.30,112.00,55.63,148.95,1,-1,-1,-1
160,21415,55.63,116.12,54.12,157.49,1,-1,-1,-1
160,21416,356.00,109.00,45.00,155.00,1,-1,-1,-1
161,21395,254.38,91.24,60.61,161.31,1,-1,-1,-1
161,21408,454.51,124.78,50.45,131.51,1,-1,-1,-1
161,21411,192.41,85.66,46.81,167.25,1,-1,-1,-1
161,21413,438.46,111.57,48.65,152.80,1,-1,-1,-1
161,21414,398.96,114.61,54.41,148.31,1,-1,-1,-1
161,21415,57.74,116.32,53.82,156.63,1,-1,-1,-1
161,21416,346.65,112.38,44.08,149.59,1,-1,-1,-1
161,21418,89.00,110.00,69.00,172.00,1,-1,-1,-1
162,21395,254.46,91.74,59.56,160.33,1,-1,-1,-1
162,21408,454.79,126.50,49.74,129.54,1,-1,-1,-1
162,21411,193.23,85.90,46.67,167.01,1,-1,-1,-1
162,21413,439.32,112.57,48.56,152.29,1,-1,-1,-1
162,21414,398.33,115.60,53.43,148.06,1,-1,-1,-1
162,21416,342.98,113.64,44.13,147.58,1,-1,-1,-1
162,21418,89.00,110.00,69.00,172.00,1,-1,-1,-1
163,21395,254.70,91.93,58.82,159.97,1,-1,-1,-1
163,21408,454.90,127.11,49.52,128.85,1,-1,-1,-1
163,21411,193.56,86.00,46.59,166.93,1,-1,-1,-1
163,21413,439.60,112.94,48.55,152.10,1,-1,-1,-1
163,21414,398.33,115.97,52.60,147.97,1,-1,-1,-1
163,21415,88.46,111.04,59.23,169.35,1,-1,-1,-1
163,21416,341.51,114.07,44.54,146.88,1,-1,-1,-1
164,21395,254.97,92.00,58.21,159.85,1,-1,-1,-1
164,21408,454.94,127.32,49.47,128.62,1,-1,-1,-1
164,21411,193.70,86.03,46.52,166.90,1,-1,-1,-1
164,21413,439.66,113.07,48.58,152.03,1,-1,-1,-1
164,21414,398.54,116.09,51.87,147.94,1,-1,-1,-1
164,21415,92.85,110.24,60.82,171.26,1,-1,-1,-1
164,21416,340.85,114.21,45.07,146.66,1,-1,-1,-1
165,21395,255.25,92.02,57.70,159.82,1,-1,-1,-1
165,21408,454.96,127.36,49.49,128.57,1,-1,-1,-1
165,21411,193.77,86.04,46.47,166.90,1,-1,-1,-1
165,21413,439.64,113.11,48.62,152.00,1,-1,-1,-1
165,21414,398.82,116.13,51.21,147.94,1,-1,-1,-1
165,21415,94.14,109.95,61.88,171.96,1,-1,-1,-1
165,21416,340.49,114.24,45.61,146.61,1,-1,-1,-1
166,21395,255.51,92.03,57.24,159.82,1,-1,-1,-1
166,21408,454.97,127.36,49.52,128.57,1,-1,-1,-1
166,21411,193.81,86.04,46.42,166.91,1,-1,-1,-1
166,21413,439.59,113.12,48.65,151.99,1,-1,-1,-1
166,21414,399.10,116.14,50.62,147.94,1,-1,-1,-1
166,21415,94.29,109.86,62.69,172.20,1,-1,-1,-1
166,21416,340.24,114.24,46.15,146.62,1,-1,-1,-1
167,21395,255.74,92.03,56.84,159.83,1,-1,-1,-1
167,21408,454.97,127.33,49.56,128.60,1,-1,-1,-1
167,21411,193.83,86.04,46.38,166.91,1,-1,-1,-1
167,21413,439.54,113.11,48.69,151.99,1,-1,-1,-1
167,21414,399.37,116.13,50.08,147.94,1,-1,-1,-1
167,21415,94.03,109.83,63.36,172.28,1,-1,-1,-1
167,21416,340.04,114.22,46.65,146.65,1,-1,-1,-1
168,21395,255.96,92.03,56.47,159.84,1,-1,-1,-1
168,21408,454.98,127.31,49.60,128.64,1,-1,-1,-1
168,21411,193.85,86.03,46.34,166.92,1,-1,-1,-1
168,21413,439.49,113.10,48.72,151.99,1,-1,-1,-1
168,21414,399.62,116.12,49.60,147.95,1,-1,-1,-1
168,21415,93.64,109.83,63.94,172.29,1,-1,-1,-1
168,21416,339.87,114.20,47.12,146.69,1,-1,-1,-1
169,21395,256.73,91.37,55.64,157.89,1,-1,-1,-1
169,21408,454.74,127.81,49.38,128.05,1,-1,-1,-1
169,21411,193.55,87.99,46.29,165.62,1,-1,-1,-1
169,21413,438.70,118.98,46.96,143.49,1,-1,-1,-1
169,21414,392.93,115.46,49.91,149.26,1,-1,-1,-1
169,21415,112.62,102.68,64.69,176.18,1,-1,-1,-1
169,21416,334.15,114.18,47.47,146.72,1,-1,-1,-1
170,21395,257.07,91.12,55.25,157.16,1,-1,-1,-1
170,21411,193.35,88.73,46.43,165.13,1,-1,-1,-1
170,21413,438.14,121.23,46.73,140.22,1,-1,-1,-1
170,21414,390.45,115.20,49.97,149.76,1,-1,-1,-1
170,21415,119.89,99.99,64.60,177.64,1,-1,-1,-1
170,21416,331.94,114.16,47.79,146.75,1,-1,-1,-1
171,21395,257.25,91.03,55.05,156.90,1,-1,-1,-1
171,21411,193.21,89.00,46.62,164.96,1,-1,-1,-1
171,21413,437.71,122.02,47.10,139.06,1,-1,-1,-1
171,21414,389.55,115.10,49.93,149.94,1,-1,-1,-1
171,21415,122.70,98.98,64.24,178.17,1,-1,-1,-1
171,21416,331.07,114.14,48.08,146.77,1,-1,-1,-1
172,21395,257.35,90.99,54.91,156.82,1,-1,-1,-1
172,21411,193.09,89.10,46.83,164.90,1,-1,-1,-1
172,21413,437.34,122.29,47.63,138.67,1,-1,-1,-1
172,21414,389.27,115.06,49.86,150.01,1,-1,-1,-1
172,21415,123.77,98.63,63.80,178.35,1,-1,-1,-1
172,21416,330.71,114.13,48.35,146.80,1,-1,-1,-1
173,21395,257.43,90.98,54.81,156.80,1,-1,-1,-1
173,21411,192.98,89.12,47.03,164.89,1,-1,-1,-1
173,21413,437.02,122.36,48.20,138.55,1,-1,-1,-1
173,21414,389.21,115.04,49.79,150.04,1,-1,-1,-1
173,21415,124.16,98.53,63.36,178.39,1,-1,-1,-1
173,21416,330.55,114.11,48.59,146.82,1,-1,-1,-1
174,21395,257.49,90.98,54.73,156.81,1,-1,-1,-1
174,21411,192.89,89.12,47.22,164.89,1,-1,-1,-1
174,21413,436.72,122.37,48.74,138.54,1,-1,-1,-1
174,21414,389.24,115.03,49.72,150.04,1,-1,-1,-1
174,21415,124.29,98.52,62.95,178.39,1,-1,-1,-1
174,21416,330.47,114.10,48.82,146.83,1,-1,-1,-1
175,21395,257.54,90.98,54.66,156.82,1,-1,-1,-1
175,21411,192.80,89.12,47.39,164.89,1,-1,-1,-1
175,21413,436.46,122.34,49.24,138.57,1,-1,-1,-1
175,21414,389.29,115.03,49.65,150.04,1,-1,-1,-1
175,21415,124.33,98.54,62.58,178.36,1,-1,-1,-1
175,21416,330.41,114.09,49.02,146.85,1,-1,-1,-1
176,21395,257.58,90.98,54.59,156.84,1,-1,-1,-1
176,21411,192.73,89.11,47.54,164.90,1,-1,-1,-1
176,21413,436.22,122.32,49.69,138.60,1,-1,-1,-1
176,21414,389.35,115.03,49.59,150.04,1,-1,-1,-1
176,21415,124.32,98.58,62.24,178.33,1,-1,-1,-1
176,21416,330.37,114.08,49.21,146.87,1,-1,-1,-1
177,21395,252.09,89.02,55.13,160.12,1,-1,-1,-1
177,21411,192.17,87.14,49.96,173.41,1,-1,-1,-1
177,21413,429.76,119.00,52.10,144.55,1,-1,-1,-1
177,21414,378.13,114.37,49.90,150.69,1,-1,-1,-1
177,21415,145.17,99.92,60.57,175.70,1,-1,-1,-1
177,21416,324.73,112.77,49.47,148.19,1,-1,-1,-1
178,21395,250.20,88.29,55.01,161.36,1,-1,-1,-1
178,21411,191.97,86.40,50.85,176.58,1,-1,-1,-1
178,21413,427.28,117.76,53.15,146.77,1,-1,-1,-1
178,21414,373.88,114.12,50.08,150.93,1,-1,-1,-1
178,21415,153.20,100.45,59.55,174.67,1,-1,-1,-1
178,21416,322.67,112.27,49.48,148.69,1,-1,-1,-1
179,21395,249.64,88.01,54.67,161.83,1,-1,-1,-1
179,21411,191.90,86.11,51.17,177.80,1,-1,-1,-1
179,21413,426.26,117.28,53.69,147.63,1,-1,-1,-1
179,21414,372.29,114.03,50.19,151.02,1,-1,-1,-1
179,21415,156.25,100.67,58.81,174.28,1,-1,-1,-1
179,21416,321.98,112.08,49.39,148.89,1,-1,-1,-1
