1,30251,81.63,129.22,76.36,228.39,1,-1,-1,-1
1,30261,140.98,145.51,65.30,192.40,1,-1,-1,-1
1,30264,382.17,116.31,99.23,260.12,1,-1,-1,-1
1,30265,286.80,163.57,27.78,113.70,1,-1,-1,-1
1,30266,257.27,184.57,34.04,121.43,1,-1,-1,-1
1,30267,60.00,202.00,44.00,130.00,1,-1,-1,-1
2,30263,174.46,192.40,37.30,119.00,1,-1,-1,-1
2,30266,259.41,188.00,33.64,118.46,1,-1,-1,-1
2,30267,59.16,203.71,43.96,130.00,1,-1,-1,-1
2,30268,292.00,192.00,38.00,110.00,1,-1,-1,-1
3,30254,43.64,200.33,41.71,138.79,1,-1,-1,-1
3,30263,170.43,196.65,34.43,112.44,1,-1,-1,-1
3,30266,261.41,193.38,31.98,110.03,1,-1,-1,-1
3,30267,60.33,211.51,41.35,122.49,1,-1,-1,-1
3,30268,291.78,193.71,36.72,106.57,1,-1,-1,-1
4,30254,38.17,200.42,41.56,137.97,1,-1,-1,-1
4,30263,168.63,196.54,33.30,110.50,1,-1,-1,-1
4,30266,262.34,194.82,31.99,107.51,1,-1,-1,-1
4,30267,60.61,214.31,40.50,119.98,1,-1,-1,-1
4,30268,293.61,192.48,37.35,109.04,1,-1,-1,-1
5,30254,35.47,199.26,43.45,143.21,1,-1,-1,-1
5,30263,165.76,195.12,33.52,112.55,1,-1,-1,-1
5,30266,263.90,196.57,32.23,105.43,1,-1,-1,-1
5,30268,294.16,192.24,37.51,109.51,1,-1,-1,-1
6,30254,34.56,198.83,44.25,145.05,1,-1,-1,-1
6,30263,164.93,194.59,33.37,113.32,1,-1,-1,-1
6,30266,264.00,196.99,32.98,104.92,1,-1,-1,-1
7,30254,34.40,198.61,44.66,145.76,1,-1,-1,-1
7,30263,164.86,194.36,33.13,113.63,1,-1,-1,-1
7,30266,263.63,197.02,33.90,104.87,1,-1,-1,-1
8,30254,34.49,198.48,44.89,146.01,1,-1,-1,-1
8,30263,165.04,194.26,32.86,113.76,1,-1,-1,-1
8,30266,263.12,196.93,34.87,104.96,1,-1,-1,-1
9,30254,34.64,198.40,45.05,146.10,1,-1,-1,-1
9,30263,165.29,194.21,32.60,113.82,1,-1,-1,-1
9,30266,262.58,196.82,35.84,105.08,1,-1,-1,-1
10,30254,34.79,198.35,45.17,146.12,1,-1,-1,-1
10,30263,165.54,194.18,32.36,113.85,1,-1,-1,-1
10,30266,262.05,196.72,36.78,105.20,1,-1,-1,-1
11,30254,34.93,198.31,45.27,146.12,1,-1,-1,-1
11,30263,165.78,194.16,32.14,113.87,1,-1,-1,-1
11,30266,261.54,196.63,37.68,105.30,1,-1,-1,-1
12,30254,32.59,198.79,45.33,146.32,1,-1,-1,-1
12,30263,163.94,194.40,32.08,113.68,1,-1,-1,-1
12,30266,267.94,193.89,40.82,114.72,1,-1,-1,-1
12,30268,307.79,191.97,41.96,123.78,1,-1,-1,-1
13,30266,269.41,194.49,40.85,114.80,1,-1,-1,-1
13,30268,310.55,193.30,40.62,120.42,1,-1,-1,-1
14,30268,311.55,193.78,40.03,119.19,1,-1,-1,-1
15,30268,311.93,193.95,39.71,118.71,1,-1,-1,-1
16,30268,312.06,194.02,39.50,118.50,1,-1,-1,-1
17,30268,312.10,194.04,39.34,118.40,1,-1,-1,-1
18,30268,312.11,194.04,39.20,118.34,1,-1,-1,-1
19,30268,312.10,194.04,39.08,118.30,1,-1,-1,-1
20,30268,312.09,194.04,38.98,118.26,1,-1,-1,-1
21,30268,312.08,194.03,38.88,118.24,1,-1,-1,-1
22,30268,312.07,194.03,38.80,118.21,1,-1,-1,-1
23,30246,51.79,145.39,73.81,211.74,1,-1,-1,-1
23,30268,316.92,190.11,38.16,116.89,1,-1,-1,-1
23,30269,218.00,200.00,36.00,98.00,1,-1,-1,-1
24,30246,51.64,152.66,69.94,198.39,1,-1,-1,-1
24,30268,319.54,189.93,37.62,116.37,1,-1,-1,-1
25,30246,51.54,154.15,69.48,195.61,1,-1,-1,-1
25,30268,320.58,189.87,37.22,116.17,1,-1,-1,-1
26,30246,51.37,154.58,69.58,194.81,1,-1,-1,-1
26,30268,321.03,189.86,36.90,116.09,1,-1,-1,-1
27,30246,51.19,154.65,69.83,194.70,1,-1,-1,-1
27,30268,321.24,189.86,36.61,116.06,1,-1,-1,-1
28,30246,51.03,154.61,70.09,194.79,1,-1,-1,-1
28,30268,321.36,189.87,36.36,116.04,1,-1,-1,-1
29,30246,50.90,154.54,70.33,194.93,1,-1,-1,-1
29,30268,321.43,189.88,36.13,116.03,1,-1,-1,-1
30,30246,50.79,154.48,70.53,195.06,1,-1,-1,-1
30,30268,321.49,189.89,35.93,116.03,1,-1,-1,-1
31,30246,50.69,154.42,70.70,195.18,1,-1,-1,-1
31,30268,321.54,189.90,35.75,116.03,1,-1,-1,-1
32,30246,50.61,154.37,70.85,195.28,1,-1,-1,-1
32,30268,321.59,189.91,35.58,116.02,1,-1,-1,-1
33,30246,50.54,154.32,70.98,195.36,1,-1,-1,-1
33,30268,321.63,189.92,35.43,116.02,1,-1,-1,-1
34,30246,50.79,154.85,70.60,194.33,1,-1,-1,-1
34,30266,269.55,180.24,47.39,137.81,1,-1,-1,-1
34,30268,320.96,189.93,36.70,119.94,1,-1,-1,-1
34,30270,140.00,194.00,36.00,120.00,1,-1,-1,-1
35,30266,270.03,186.35,45.02,130.53,1,-1,-1,-1
35,30268,318.72,189.93,38.56,126.56,1,-1,-1,-1
35,30271,78.00,218.00,24.00,62.00,1,-1,-1,-1
36,30266,270.19,188.71,44.14,127.71,1,-1,-1,-1
36,30268,317.90,189.94,39.18,129.09,1,-1,-1,-1
36,30271,78.00,218.00,24.00,62.00,1,-1,-1,-1
37,30266,270.23,189.58,43.85,126.66,1,-1,-1,-1
37,30268,317.60,189.94,39.33,130.06,1,-1,-1,-1
37,30271,78.00,218.00,24.00,62.00,1,-1,-1,-1
38,30266,270.23,189.90,43.76,126.26,1,-1,-1,-1
38,30268,317.52,189.95,39.31,130.40,1,-1,-1,-1
38,30271,78.00,218.00,24.00,62.00,1,-1,-1,-1
39,30266,270.21,190.02,43.75,126.11,1,-1,-1,-1
39,30268,317.52,189.95,39.22,130.49,1,-1,-1,-1
39,30271,78.00,218.00,24.00,62.00,1,-1,-1,-1
40,30266,270.19,190.06,43.77,126.05,1,-1,-1,-1
40,30268,317.55,189.96,39.12,130.50,1,-1,-1,-1
40,30271,78.00,218.00,24.00,62.00,1,-1,-1,-1
41,30266,270.17,190.07,43.79,126.03,1,-1,-1,-1
41,30268,317.59,189.96,39.02,130.48,1,-1,-1,-1
41,30271,78.00,218.00,24.00,62.00,1,-1,-1,-1
42,30266,270.15,190.07,43.81,126.02,1,-1,-1,-1
42,30268,317.62,189.97,38.93,130.44,1,-1,-1,-1
42,30271,78.00,218.00,24.00,62.00,1,-1,-1,-1
43,30266,270.14,190.06,43.83,126.01,1,-1,-1,-1
43,30268,317.66,189.97,38.84,130.40,1,-1,-1,-1
43,30271,78.00,218.00,24.00,62.00,1,-1,-1,-1
44,30266,270.12,190.06,43.85,126.01,1,-1,-1,-1
44,30268,317.69,189.97,38.76,130.37,1,-1,-1,-1
44,30271,78.00,218.00,24.00,62.00,1,-1,-1,-1
45,30246,160.12,169.79,39.45,115.56,1,-1,-1,-1
45,30266,270.11,186.13,43.86,126.01,1,-1,-1,-1
45,30268,317.72,189.93,38.94,130.96,1,-1,-1,-1
45,30271,78.00,218.00,24.00,62.00,1,-1,-1,-1
46,30246,166.74,170.87,37.70,110.41,1,-1,-1,-1
46,30266,270.18,185.86,43.87,126.02,1,-1,-1,-1
56,30266,281.41,191.72,40.58,114.39,1,-1,-1,-1
56,30268,313.22,189.98,36.02,116.66,1,-1,-1,-1
57,30266,283.54,191.99,39.95,112.48,1,-1,-1,-1
57,30268,312.01,189.99,36.48,116.01,1,-1,-1,-1
58,30266,281.91,189.40,41.65,118.59,1,-1,-1,-1
58,30268,312.18,188.65,38.24,121.16,1,-1,-1,-1
58,30272,16.00,74.00,122.00,342.00,1,-1,-1,-1
59,30266,282.65,189.78,42.21,119.47,1,-1,-1,-1
59,30268,309.64,186.87,40.18,126.91,1,-1,-1,-1
59,30272,-0.57,92.86,125.99,354.00,1,-1,-1,-1
60,30266,280.71,188.62,42.91,123.73,1,-1,-1,-1
60,30268,311.03,187.49,40.08,126.54,1,-1,-1,-1
60,30272,-11.81,63.45,133.26,378.20,1,-1,-1,-1
61,30266,279.88,192.06,42.05,120.17,1,-1,-1,-1
61,30268,311.96,187.74,40.61,127.67,1,-1,-1,-1
61,30272,-20.81,38.87,144.87,416.35,1,-1,-1,-1
62,30266,280.56,189.46,43.62,124.03,1,-1,-1,-1
62,30268,311.77,186.54,41.91,131.99,1,-1,-1,-1
62,30272,-27.70,26.55,150.92,433.76,1,-1,-1,-1
63,30266,281.29,188.50,44.52,125.44,1,-1,-1,-1
63,30268,312.08,184.81,42.93,134.90,1,-1,-1,-1
64,30266,282.00,185.54,45.28,125.98,1,-1,-1,-1
64,30268,312.91,185.43,41.90,132.13,1,-1,-1,-1
65,30266,282.94,187.01,44.22,123.57,1,-1,-1,-1
65,30268,314.93,187.00,40.72,128.39,1,-1,-1,-1
66,30266,283.72,187.58,42.92,120.00,1,-1,-1,-1
66,30268,317.54,190.24,39.21,123.00,1,-1,-1,-1
67,30266,284.19,187.44,42.88,119.90,1,-1,-1,-1
67,30268,318.46,191.46,38.74,120.95,1,-1,-1,-1
68,30268,318.74,191.90,38.66,120.21,1,-1,-1,-1
69,30268,318.79,192.06,38.71,119.94,1,-1,-1,-1
70,30268,318.76,192.11,38.81,119.86,1,-1,-1,-1
71,30268,318.71,192.12,38.92,119.84,1,-1,-1,-1
72,30268,318.64,192.12,39.02,119.84,1,-1,-1,-1
73,30268,318.58,192.11,39.11,119.85,1,-1,-1,-1
74,30268,318.53,192.10,39.20,119.86,1,-1,-1,-1
75,30268,318.48,192.09,39.27,119.88,1,-1,-1,-1
76,30268,318.43,192.08,39.34,119.89,1,-1,-1,-1
77,30268,318.39,192.07,39.41,119.90,1,-1,-1,-1
78,30266,246.16,222.99,20.63,53.77,1,-1,-1,-1
78,30268,334.06,192.07,40.75,125.14,1,-1,-1,-1
78,30273,196.00,230.00,22.00,46.00,1,-1,-1,-1
78,30274,404.00,210.00,44.00,96.00,1,-1,-1,-1
78,30275,126.00,218.00,22.00,52.00,1,-1,-1,-1
79,30266,244.17,225.04,19.12,49.83,1,-1,-1,-1
79,30268,339.48,188.20,43.38,134.82,1,-1,-1,-1
79,30275,127.71,218.00,22.00,52.00,1,-1,-1,-1
79,30276,294.00,194.00,42.00,114.00,1,-1,-1,-1
80,30268,341.38,187.96,43.75,135.97,1,-1,-1,-1
80,30275,128.00,218.00,22.00,52.00,1,-1,-1,-1
80,30276,297.04,185.43,49.64,134.57,1,-1,-1,-1
80,30277,194.00,224.00,22.00,50.00,1,-1,-1,-1
80,30278,224.00,224.00,22.00,58.00,1,-1,-1,-1
81,30275,127.48,216.52,23.19,54.97,1,-1,-1,-1
81,30276,298.00,185.40,50.01,135.20,1,-1,-1,-1
81,30278,224.64,224.00,20.73,54.57,1,-1,-1,-1
81,30279,404.00,202.00,40.00,106.00,1,-1,-1,-1
82,30268,355.41,196.10,36.45,111.84,1,-1,-1,-1
82,30275,127.60,216.02,22.98,54.55,1,-1,-1,-1
82,30276,299.34,191.28,46.54,125.03,1,-1,-1,-1
82,30279,407.22,202.00,38.70,102.57,1,-1,-1,-1
83,30268,358.30,196.13,38.40,117.53,1,-1,-1,-1
83,30275,128.78,215.87,23.40,55.74,1,-1,-1,-1
83,30276,299.31,192.02,47.56,127.01,1,-1,-1,-1
83,30279,405.97,200.48,39.02,103.52,1,-1,-1,-1
83,30280,222.00,224.00,24.00,58.00,1,-1,-1,-1
84,30268,359.25,194.86,38.99,119.08,1,-1,-1,-1
84,30275,126.98,215.83,23.89,57.51,1,-1,-1,-1
84,30276,298.44,189.44,49.58,131.88,1,-1,-1,-1
84,30279,405.01,198.50,40.17,106.84,1,-1,-1,-1
84,30280,220.82,224.00,24.65,59.71,1,-1,-1,-1
85,30268,362.64,200.90,36.90,111.84,1,-1,-1,-1
85,30275,125.91,215.83,23.51,56.80,1,-1,-1,-1
85,30276,297.57,188.50,51.37,136.32,1,-1,-1,-1
85,30279,407.85,200.72,39.97,106.52,1,-1,-1,-1
85,30281,182.00,222.00,18.00,58.00,1,-1,-1,-1
86,30268,362.20,201.89,36.63,109.02,1,-1,-1,-1
86,30275,126.88,219.88,21.95,52.45,1,-1,-1,-1
86,30276,296.43,184.14,54.97,145.94,1,-1,-1,-1
86,30279,408.42,200.16,40.79,109.17,1,-1,-1,-1
86,30281,181.22,223.71,19.56,63.14,1,-1,-1,-1
86,30282,222.00,224.00,22.00,62.00,1,-1,-1,-1
87,30266,219.62,222.04,24.75,67.91,1,-1,-1,-1
87,30268,361.60,198.22,38.59,113.37,1,-1,-1,-1
87,30275,125.92,220.05,22.64,53.51,1,-1,-1,-1
87,30276,294.71,181.21,56.28,149.51,1,-1,-1,-1
87,30279,408.44,198.60,41.42,111.45,1,-1,-1,-1
87,30281,181.81,224.00,19.83,64.00,1,-1,-1,-1
88,30266,217.54,220.03,24.25,69.28,1,-1,-1,-1
88,30268,359.16,191.67,42.40,125.38,1,-1,-1,-1
88,30275,124.67,217.45,23.39,55.21,1,-1,-1,-1
88,30276,294.91,181.39,54.99,145.60,1,-1,-1,-1
88,30279,409.01,196.69,41.80,113.58,1,-1,-1,-1
88,30281,178.44,222.63,19.83,64.24,1,-1,-1,-1
89,30266,217.13,221.30,23.43,68.72,1,-1,-1,-1
89,30268,359.03,186.69,44.75,133.66,1,-1,-1,-1
89,30275,122.56,217.78,23.03,54.53,1,-1,-1,-1
89,30276,297.14,185.47,52.79,138.63,1,-1,-1,-1
89,30279,409.94,196.00,41.81,114.34,1,-1,-1,-1
89,30281,177.35,223.55,18.21,58.56,1,-1,-1,-1
90,30266,217.21,221.83,22.87,68.45,1,-1,-1,-1
90,30268,359.05,184.71,45.44,136.96,1,-1,-1,-1
90,30275,121.78,217.91,22.84,54.25,1,-1,-1,-1
90,30276,297.88,187.06,52.15,135.90,1,-1,-1,-1
90,30279,410.36,195.76,41.62,114.56,1,-1,-1,-1
90,30281,176.99,223.90,17.70,56.47,1,-1,-1,-1
91,30266,217.42,222.02,22.46,68.34,1,-1,-1,-1
91,30268,359.11,183.94,45.49,138.22,1,-1,-1,-1
91,30275,121.53,217.96,22.73,54.14,1,-1,-1,-1
91,30276,298.03,187.65,52.14,134.86,1,-1,-1,-1
91,30279,410.58,195.70,41.37,114.60,1,-1,-1,-1
91,30281,176.86,224.01,17.64,55.83,1,-1,-1,-1
92,30266,217.64,222.09,22.14,68.28,1,-1,-1,-1
92,30268,359.18,183.67,45.30,138.67,1,-1,-1,-1
92,30275,121.47,217.98,22.65,54.09,1,-1,-1,-1
92,30276,297.97,187.87,52.34,134.46,1,-1,-1,-1
92,30279,410.73,195.70,41.10,114.57,1,-1,-1,-1
92,30281,176.80,224.04,17.73,55.65,1,-1,-1,-1
93,30266,217.86,222.11,21.88,68.24,1,-1,-1,-1
93,30268,359.26,183.59,45.04,138.79,1,-1,-1,-1
93,30275,121.48,217.99,22.59,54.07,1,-1,-1,-1
93,30276,297.84,187.95,52.60,134.29,1,-1,-1,-1
93,30279,410.84,195.72,40.84,114.52,1,-1,-1,-1
93,30281,176.75,224.05,17.87,55.62,1,-1,-1,-1
94,30266,218.06,222.11,21.66,68.22,1,-1,-1,-1
94,30268,359.33,183.58,44.77,138.79,1,-1,-1,-1
94,30275,121.51,217.99,22.53,54.06,1,-1,-1,-1
94,30276,297.69,187.98,52.88,134.21,1,-1,-1,-1
94,30279,410.94,195.75,40.60,114.47,1,-1,-1,-1
94,30281,176.71,224.05,18.02,55.65,1,-1,-1,-1
95,30266,218.25,222.11,21.48,68.20,1,-1,-1,-1
95,30268,359.40,183.60,44.51,138.75,1,-1,-1,-1
95,30275,121.56,218.00,22.49,54.05,1,-1,-1,-1
95,30276,297.55,188.00,53.15,134.17,1,-1,-1,-1
95,30279,411.03,195.77,40.37,114.42,1,-1,-1,-1
95,30281,176.67,224.04,18.18,55.69,1,-1,-1,-1
96,30266,218.42,222.10,21.32,68.18,1,-1,-1,-1
96,30268,359.46,183.63,44.28,138.69,1,-1,-1,-1
96,30275,121.60,218.00,22.44,54.04,1,-1,-1,-1
96,30276,297.41,188.00,53.41,134.15,1,-1,-1,-1
96,30279,411.12,195.80,40.16,114.37,1,-1,-1,-1
96,30281,176.62,224.04,18.33,55.72,1,-1,-1,-1
97,30266,218.57,222.09,21.18,68.16,1,-1,-1,-1
97,30268,359.52,183.66,44.06,138.63,1,-1,-1,-1
97,30275,121.63,218.00,22.40,54.04,1,-1,-1,-1
97,30276,297.28,188.00,53.64,134.13,1,-1,-1,-1
97,30279,411.20,195.82,39.96,114.34,1,-1,-1,-1
97,30281,176.58,224.03,18.47,55.75,1,-1,-1,-1
98,30266,218.70,222.08,21.06,68.15,1,-1,-1,-1
98,30268,359.57,183.69,43.86,138.58,1,-1,-1,-1
98,30275,121.67,218.00,22.36,54.03,1,-1,-1,-1
98,30276,297.16,188.00,53.86,134.12,1,-1,-1,-1
98,30279,411.27,195.84,39.79,114.30,1,-1,-1,-1
98,30281,176.53,224.03,18.60,55.78,1,-1,-1,-1
99,30266,218.83,222.08,20.95,68.14,1,-1,-1,-1
99,30268,359.61,183.72,43.69,138.52,1,-1,-1,-1
99,30275,121.70,218.00,22.33,54.03,1,-1,-1,-1
99,30276,297.05,188.00,54.06,134.10,1,-1,-1,-1
99,30279,411.33,195.85,39.62,114.27,1,-1,-1,-1
99,30281,176.49,224.03,18.72,55.81,1,-1,-1,-1
100,30266,217.68,222.19,21.02,68.35,1,-1,-1,-1
100,30268,365.14,185.04,41.63,130.68,1,-1,-1,-1
100,30275,121.47,217.99,22.35,54.08,1,-1,-1,-1
100,30276,304.03,184.08,51.87,128.86,1,-1,-1,-1
100,30279,411.49,195.62,39.77,114.70,1,-1,-1,-1
100,30281,176.30,224.07,18.62,55.49,1,-1,-1,-1
101,30268,367.16,185.58,41.03,127.60,1,-1,-1,-1
101,30276,306.71,182.57,50.99,126.84,1,-1,-1,-1
102,30268,367.76,185.79,41.00,126.47,1,-1,-1,-1
102,30276,307.69,182.03,50.63,126.11,1,-1,-1,-1
103,30268,367.87,185.87,41.17,126.06,1,-1,-1,-1
103,30276,308.05,181.85,50.48,125.86,1,-1,-1,-1
104,30268,367.79,185.90,41.39,125.91,1,-1,-1,-1
104,30276,308.16,181.79,50.40,125.78,1,-1,-1,-1
105,30268,367.66,185.92,41.62,125.87,1,-1,-1,-1
105,30276,308.19,181.79,50.34,125.77,1,-1,-1,-1
106,30268,367.51,185.93,41.84,125.86,1,-1,-1,-1
106,30276,308.19,181.80,50.31,125.78,1,-1,-1,-1
107,30268,367.37,185.94,42.05,125.87,1,-1,-1,-1
107,30276,308.18,181.81,50.28,125.79,1,-1,-1,-1
108,30268,367.24,185.95,42.23,125.88,1,-1,-1,-1
108,30276,308.16,181.83,50.25,125.81,1,-1,-1,-1
109,30268,367.12,185.95,42.40,125.89,1,-1,-1,-1
109,30276,308.14,181.85,50.23,125.83,1,-1,-1,-1
110,30268,367.02,185.96,42.55,125.90,1,-1,-1,-1
110,30276,308.13,181.86,50.21,125.85,1,-1,-1,-1
111,30266,149.72,196.83,31.67,103.00,1,-1,-1,-1
111,30268,357.93,180.73,44.96,132.45,1,-1,-1,-1
111,30276,302.43,181.88,51.08,128.48,1,-1,-1,-1
111,30283,86.00,202.00,34.00,98.00,1,-1,-1,-1
112,30266,144.59,190.96,34.46,109.23,1,-1,-1,-1
112,30268,354.12,177.50,46.70,137.46,1,-1,-1,-1
112,30276,299.11,179.29,52.46,133.37,1,-1,-1,-1
112,30283,84.79,200.29,34.70,99.71,1,-1,-1,-1
112,30284,194.00,200.00,28.00,102.00,1,-1,-1,-1
112,30285,246.00,204.00,30.00,90.00,1,-1,-1,-1
113,30266,140.60,187.28,37.12,114.27,1,-1,-1,-1
113,30268,353.37,173.70,47.21,139.39,1,-1,-1,-1
113,30276,297.25,177.03,52.92,136.51,1,-1,-1,-1
114,30266,138.88,185.83,38.62,116.26,1,-1,-1,-1
114,30268,353.14,172.24,47.32,140.12,1,-1,-1,-1
114,30276,296.75,176.16,52.67,137.71,1,-1,-1,-1
115,30266,138.13,185.29,39.56,116.99,1,-1,-1,-1
115,30268,353.11,171.71,47.28,140.37,1,-1,-1,-1
115,30276,296.76,175.85,52.20,138.16,1,-1,-1,-1
116,30266,137.79,185.13,40.22,117.22,1,-1,-1,-1
116,30268,353.15,171.54,47.20,140.44,1,-1,-1,-1
116,30276,296.95,175.74,51.67,138.30,1,-1,-1,-1
117,30266,137.63,185.10,40.72,117.24,1,-1,-1,-1
117,30268,353.21,171.50,47.10,140.44,1,-1,-1,-1
117,30276,297.20,175.72,51.15,138.34,1,-1,-1,-1
118,30266,137.55,185.14,41.12,117.20,1,-1,-1,-1
118,30268,353.28,171.52,47.00,140.41,1,-1,-1,-1
118,30276,297.44,175.73,50.67,138.33,1,-1,-1,-1
119,30266,137.52,185.19,41.45,117.12,1,-1,-1,-1
119,30268,353.35,171.55,46.90,140.38,1,-1,-1,-1
119,30276,297.68,175.75,50.23,138.31,1,-1,-1,-1
120,30266,137.51,185.25,41.74,117.04,1,-1,-1,-1
120,30268,353.41,171.59,46.82,140.35,1,-1,-1,-1
120,30276,297.90,175.77,49.83,138.29,1,-1,-1,-1
121,30266,137.52,185.31,41.98,116.96,1,-1,-1,-1
121,30268,353.46,171.62,46.74,140.32,1,-1,-1,-1
121,30276,298.10,175.79,49.46,138.26,1,-1,-1,-1
122,30266,134.91,184.22,42.53,118.47,1,-1,-1,-1
122,30268,337.90,179.47,45.35,137.69,1,-1,-1,-1
122,30276,297.75,175.45,49.61,138.68,1,-1,-1,-1
122,30279,484.57,178.11,47.55,149.77,1,-1,-1,-1
122,30286,80.00,176.00,50.00,150.00,1,-1,-1,-1
122,30287,212.00,196.00,34.00,120.00,1,-1,-1,-1
123,30266,113.31,200.44,43.45,123.03,1,-1,-1,-1
123,30268,336.20,179.60,45.43,137.92,1,-1,-1,-1
123,30279,487.56,177.36,48.03,151.27,1,-1,-1,-1
123,30286,63.38,169.14,54.10,162.00,1,-1,-1,-1
124,30266,109.22,200.68,44.07,124.77,1,-1,-1,-1
124,30268,316.23,186.10,43.12,130.33,1,-1,-1,-1
124,30276,261.85,175.79,52.11,146.57,1,-1,-1,-1
124,30288,190.00,196.00,34.00,122.00,1,-1,-1,-1
125,30266,92.18,207.82,44.03,126.12,1,-1,-1,-1
125,30268,311.22,186.25,43.10,129.96,1,-1,-1,-1
125,30276,255.04,177.16,51.89,146.53,1,-1,-1,-1
125,30288,186.71,192.57,35.44,127.14,1,-1,-1,-1
126,30266,87.12,208.56,44.63,127.84,1,-1,-1,-1
126,30268,310.07,188.94,42.00,127.20,1,-1,-1,-1
126,30276,252.48,176.36,52.09,147.80,1,-1,-1,-1
126,30289,560.00,228.00,30.00,96.00,1,-1,-1,-1
127,30268,309.81,189.93,41.51,126.18,1,-1,-1,-1
127,30276,251.66,176.06,52.02,148.26,1,-1,-1,-1
127,30289,560.00,228.00,30.00,96.00,1,-1,-1,-1
128,30268,309.85,190.26,41.25,125.82,1,-1,-1,-1
128,30276,251.50,175.96,51.88,148.41,1,-1,-1,-1
128,30289,560.00,228.00,30.00,96.00,1,-1,-1,-1
129,30268,310.00,190.36,41.08,125.71,1,-1,-1,-1
129,30276,251.60,175.92,51.71,148.44,1,-1,-1,-1
129,30289,560.00,228.00,30.00,96.00,1,-1,-1,-1
130,30268,310.17,190.37,40.96,125.69,1,-1,-1,-1
130,30276,251.77,175.91,51.55,148.42,1,-1,-1,-1
130,30289,560.00,228.00,30.00,96.00,1,-1,-1,-1
131,30268,310.34,190.35,40.86,125.71,1,-1,-1,-1
131,30276,251.96,175.91,51.40,148.39,1,-1,-1,-1
131,30289,560.00,228.00,30.00,96.00,1,-1,-1,-1
132,30268,310.50,190.33,40.78,125.73,1,-1,-1,-1
132,30276,252.14,175.92,51.27,148.36,1,-1,-1,-1
132,30289,560.00,228.00,30.00,96.00,1,-1,-1,-1
133,30268,307.11,182.43,42.53,132.31,1,-1,-1,-1
133,30276,253.63,177.23,49.80,144.43,1,-1,-1,-1
133,30289,560.00,228.00,30.00,96.00,1,-1,-1,-1
134,30268,305.99,179.49,42.96,134.76,1,-1,-1,-1
134,30276,254.32,177.73,49.18,142.89,1,-1,-1,-1
135,30268,305.71,178.35,42.94,135.71,1,-1,-1,-1
135,30276,254.65,177.92,48.89,142.32,1,-1,-1,-1
136,30268,305.75,177.93,42.76,136.06,1,-1,-1,-1
136,30276,254.84,177.99,48.74,142.10,1,-1,-1,-1
137,30268,305.89,177.78,42.54,136.18,1,-1,-1,-1
137,30276,254.98,178.02,48.65,142.02,1,-1,-1,-1
138,30268,306.07,177.75,42.31,136.21,1,-1,-1,-1
138,30276,255.08,178.02,48.58,141.99,1,-1,-1,-1
139,30268,306.24,177.75,42.09,136.21,1,-1,-1,-1
139,30276,255.18,178.03,48.52,141.98,1,-1,-1,-1
140,30268,306.40,177.76,41.89,136.20,1,-1,-1,-1
140,30276,255.26,178.02,48.47,141.98,1,-1,-1,-1
141,30268,306.55,177.78,41.71,136.18,1,-1,-1,-1
141,30276,255.33,178.02,48.42,141.98,1,-1,-1,-1
142,30268,306.69,177.80,41.55,136.17,1,-1,-1,-1
142,30276,255.40,178.02,48.38,141.98,1,-1,-1,-1
143,30268,306.81,177.82,41.40,136.15,1,-1,-1,-1
143,30276,255.45,178.02,48.34,141.98,1,-1,-1,-1
144,30268,308.37,180.44,40.98,133.53,1,-1,-1,-1
144,30276,252.89,176.71,48.31,141.98,1,-1,-1,-1
144,30290,98.00,160.00,80.00,234.00,1,-1,-1,-1
145,30268,308.52,184.08,40.47,131.21,1,-1,-1,-1
145,30276,252.70,177.52,48.09,140.68,1,-1,-1,-1
146,30268,308.54,185.45,40.38,130.34,1,-1,-1,-1
146,30276,252.59,177.83,48.13,140.19,1,-1,-1,-1
147,30268,308.51,185.95,40.45,130.02,1,-1,-1,-1
147,30276,252.52,177.95,48.25,140.00,1,-1,-1,-1
148,30268,308.47,186.12,40.56,129.91,1,-1,-1,-1
148,30276,252.47,177.99,48.39,139.94,1,-1,-1,-1
149,30268,308.43,186.18,40.68,129.88,1,-1,-1,-1
149,30276,252.42,178.01,48.54,139.92,1,-1,-1,-1
150,30268,308.39,186.18,40.80,129.87,1,-1,-1,-1
150,30276,252.38,178.01,48.68,139.92,1,-1,-1,-1
151,30268,308.36,186.17,40.92,129.88,1,-1,-1,-1
151,30276,252.34,178.01,48.80,139.93,1,-1,-1,-1
152,30268,308.32,186.16,41.02,129.89,1,-1,-1,-1
152,30276,252.31,178.01,48.91,139.93,1,-1,-1,-1
153,30268,308.29,186.15,41.11,129.90,1,-1,-1,-1
153,30276,252.28,178.01,49.02,139.94,1,-1,-1,-1
154,30268,308.27,186.13,41.20,129.91,1,-1,-1,-1
154,30276,252.26,178.01,49.11,139.94,1,-1,-1,-1
155,30268,302.58,173.04,47.36,152.15,1,-1,-1,-1
155,30276,251.12,179.32,48.80,138.64,1,-1,-1,-1
156,30268,300.81,168.32,49.02,160.18,1,-1,-1,-1
156,30276,250.66,179.81,48.77,138.15,1,-1,-1,-1
157,30268,300.32,166.39,49.25,163.46,1,-1,-1,-1
157,30276,250.46,179.99,48.83,137.97,1,-1,-1,-1
158,30268,300.35,165.65,48.91,164.69,1,-1,-1,-1
158,30276,250.37,180.06,48.92,137.91,1,-1,-1,-1
159,30268,300.58,165.41,48.39,165.10,1,-1,-1,-1
159,30276,250.31,180.07,49.01,137.90,1,-1,-1,-1
160,30268,300.85,165.35,47.83,165.19,1,-1,-1,-1
160,30276,250.28,180.08,49.10,137.90,1,-1,-1,-1
161,30268,301.13,165.36,47.30,165.16,1,-1,-1,-1
161,30276,250.25,180.07,49.19,137.91,1,-1,-1,-1
162,30268,301.39,165.40,46.80,165.09,1,-1,-1,-1
162,30276,250.22,180.07,49.26,137.91,1,-1,-1,-1
163,30268,301.64,165.45,46.34,165.01,1,-1,-1,-1
163,30276,250.20,180.06,49.33,137.92,1,-1,-1,-1
164,30268,301.86,165.49,45.93,164.92,1,-1,-1,-1
164,30276,250.18,180.06,49.40,137.93,1,-1,-1,-1
165,30268,302.06,165.54,45.56,164.84,1,-1,-1,-1
165,30276,250.17,180.05,49.45,137.94,1,-1,-1,-1
166,30268,273.69,164.28,47.88,171.25,1,-1,-1,-1
166,30276,250.01,180.13,49.42,137.83,1,-1,-1,-1
166,30291,316.00,196.00,44.00,116.00,1,-1,-1,-1
166,30292,180.00,200.00,44.00,94.00,1,-1,-1,-1
166,30293,100.00,192.00,34.00,106.00,1,-1,-1,-1
166,30294,140.00,194.00,36.00,106.00,1,-1,-1,-1
166,30295,108.00,190.00,44.00,114.00,1,-1,-1,-1
167,30268,265.50,167.66,47.58,169.81,1,-1,-1,-1
167,30292,180.05,196.57,45.61,97.43,1,-1,-1,-1
167,30294,141.12,192.29,35.47,104.29,1,-1,-1,-1
168,30268,262.36,169.02,47.48,169.17,1,-1,-1,-1
168,30292,180.06,196.00,45.88,98.00,1,-1,-1,-1
168,30294,141.28,192.00,35.45,104.00,1,-1,-1,-1
169,30268,261.24,169.55,47.48,168.88,1,-1,-1,-1
169,30292,180.06,195.85,45.95,98.15,1,-1,-1,-1
169,30294,141.28,191.93,35.52,103.93,1,-1,-1,-1
170,30268,260.88,169.77,47.51,168.72,1,-1,-1,-1
170,30292,180.06,195.83,45.97,98.17,1,-1,-1,-1
170,30294,141.23,191.92,35.63,103.92,1,-1,-1,-1
171,30268,260.82,169.85,47.55,168.63,1,-1,-1,-1
171,30292,180.06,195.85,45.96,98.15,1,-1,-1,-1
171,30294,141.16,191.93,35.75,103.93,1,-1,-1,-1
172,30268,260.87,169.89,47.59,168.56,1,-1,-1,-1
172,30292,180.05,195.87,45.96,98.13,1,-1,-1,-1
172,30294,141.09,191.94,35.89,103.94,1,-1,-1,-1
173,30268,260.95,169.91,47.63,168.50,1,-1,-1,-1
173,30292,180.05,195.89,45.96,98.11,1,-1,-1,-1
173,30294,141.01,191.95,36.02,103.95,1,-1,-1,-1
174,30268,261.04,169.92,47.66,168.46,1,-1,-1,-1
174,30292,180.04,195.91,45.96,98.09,1,-1,-1,-1
174,30294,140.94,191.96,36.16,103.96,1,-1,-1,-1
175,30268,261.13,169.93,47.69,168.41,1,-1,-1,-1
175,30292,180.04,195.92,45.96,98.08,1,-1,-1,-1
175,30294,140.87,191.96,36.30,103.96,1,-1,-1,-1
176,30268,261.21,169.94,47.72,168.37,1,-1,-1,-1
176,30292,180.04,195.93,45.96,98.07,1,-1,-1,-1
176,30294,140.80,191.97,36.43,103.97,1,-1,-1,-1
177,30268,259.76,163.43,48.20,167.03,1,-1,-1,-1
177,30292,180.04,195.81,46.01,98.19,1,-1,-1,-1
177,30294,152.11,185.32,41.74,117.26,1,-1,-1,-1
177,30296,116.00,178.00,36.00,130.00,1,-1,-1,-1
178,30268,261.01,168.80,44.86,153.43,1,-1,-1,-1
178,30294,156.20,185.45,42.37,117.02,1,-1,-1,-1
179,30268,261.46,170.92,43.83,148.14,1,-1,-1,-1
179,30294,157.61,185.55,42.99,116.83,1,-1,-1,-1
180,30268,261.52,171.68,43.74,146.28,1,-1,-1,-1
180,30294,157.91,185.61,43.58,116.71,1,-1,-1,-1
181,30268,261.44,171.95,43.96,145.65,1,-1,-1,-1
181,30294,157.80,185.66,44.14,116.62,1,-1,-1,-1
182,30268,261.34,172.04,44.27,145.45,1,-1,-1,-1
182,30294,157.55,185.70,44.66,116.56,1,-1,-1,-1
183,30268,261.22,172.07,44.60,145.42,1,-1,-1,-1
183,30294,157.26,185.73,45.14,116.50,1,-1,-1,-1
184,30268,261.11,172.08,44.92,145.45,1,-1,-1,-1
184,30294,156.97,185.75,45.59,116.45,1,-1,-1,-1
185,30268,261.01,172.07,45.21,145.49,1,-1,-1,-1
185,30294,156.70,185.78,45.99,116.41,1,-1,-1,-1
186,30268,260.92,172.07,45.47,145.54,1,-1,-1,-1
186,30294,156.45,185.80,46.36,116.37,1,-1,-1,-1
187,30268,260.83,172.06,45.71,145.59,1,-1,-1,-1
187,30294,156.22,185.82,46.70,116.33,1,-1,-1,-1
188,30268,264.88,174.68,45.55,145.63,1,-1,-1,-1
188,30292,118.08,166.70,80.11,172.18,1,-1,-1,-1
188,30294,157.02,185.53,46.91,116.86,1,-1,-1,-1
188,30297,86.00,148.00,78.00,204.00,1,-1,-1,-1
188,30298,314.00,174.00,42.00,144.00,1,-1,-1,-1
189,30268,264.19,176.97,44.70,143.04,1,-1,-1,-1
189,30292,112.40,156.38,87.82,191.17,1,-1,-1,-1
189,30298,315.11,174.00,43.21,147.43,1,-1,-1,-1
190,30268,264.23,172.55,47.76,152.65,1,-1,-1,-1
190,30292,110.86,154.08,89.55,196.13,1,-1,-1,-1
190,30298,315.01,175.49,43.99,149.49,1,-1,-1,-1
190,30299,218.00,214.00,18.00,60.00,1,-1,-1,-1
191,30268,264.22,170.94,48.91,156.15,1,-1,-1,-1
191,30292,110.48,153.20,89.97,198.03,1,-1,-1,-1
191,30298,314.88,175.99,44.40,150.15,1,-1,-1,-1
191,30299,218.00,214.00,18.00,60.00,1,-1,-1,-1
192,30268,264.21,170.30,49.39,157.51,1,-1,-1,-1
192,30292,110.53,152.90,89.88,198.66,1,-1,-1,-1
192,30298,314.73,176.14,44.70,150.31,1,-1,-1,-1
192,30299,218.00,214.00,18.00,60.00,1,-1,-1,-1
193,30268,264.19,170.06,49.59,158.03,1,-1,-1,-1
193,30292,110.72,152.83,89.62,198.79,1,-1,-1,-1
193,30298,314.58,176.16,44.99,150.31,1,-1,-1,-1
193,30299,218.00,214.00,18.00,60.00,1,-1,-1,-1
194,30268,264.17,169.97,49.69,158.21,1,-1,-1,-1
194,30292,110.95,152.85,89.32,198.73,1,-1,-1,-1
194,30298,314.43,176.15,45.28,150.28,1,-1,-1,-1
194,30299,218.00,214.00,18.00,60.00,1,-1,-1,-1
195,30268,264.16,169.94,49.74,158.26,1,-1,-1,-1
195,30292,111.19,152.91,89.03,198.59,1,-1,-1,-1
195,30298,314.27,176.14,45.58,150.25,1,-1,-1,-1
195,30299,218.00,214.00,18.00,60.00,1,-1,-1,-1
196,30268,264.14,169.93,49.77,158.26,1,-1,-1,-1
196,30292,111.42,152.98,88.75,198.42,1,-1,-1,-1
196,30298,314.11,176.12,45.88,150.21,1,-1,-1,-1
196,30299,218.00,214.00,18.00,60.00,1,-1,-1,-1
197,30268,264.13,169.93,49.80,158.25,1,-1,-1,-1
197,30292,111.63,153.05,88.50,198.24,1,-1,-1,-1
197,30298,313.95,176.10,46.18,150.18,1,-1,-1,-1
197,30299,218.00,214.00,18.00,60.00,1,-1,-1,-1
198,30268,264.12,169.94,49.82,158.23,1,-1,-1,-1
198,30292,111.84,153.12,88.27,198.07,1,-1,-1,-1
198,30298,313.80,176.09,46.47,150.16,1,-1,-1,-1
198,30299,218.00,214.00,18.00,60.00,1,-1,-1,-1
199,30268,264.10,169.84,49.93,158.60,1,-1,-1,-1
199,30292,109.50,151.75,89.71,201.31,1,-1,-1,-1
199,30298,313.82,176.23,46.55,150.42,1,-1,-1,-1
199,30299,218.24,216.69,18.86,62.69,1,-1,-1,-1
199,30300,22.00,36.00,164.00,422.00,1,-1,-1,-1
200,30299,218.31,217.67,19.22,63.67,1,-1,-1,-1
200,30300,22.00,36.00,164.00,422.00,1,-1,-1,-1
201,30299,218.32,218.03,19.38,64.03,1,-1,-1,-1
201,30300,22.00,36.00,164.00,422.00,1,-1,-1,-1
202,30299,218.30,218.16,19.47,64.16,1,-1,-1,-1
202,30300,22.00,36.00,164.00,422.00,1,-1,-1,-1
203,30299,218.28,218.19,19.53,64.19,1,-1,-1,-1
203,30300,22.00,36.00,164.00,422.00,1,-1,-1,-1
204,30299,218.26,218.19,19.57,64.19,1,-1,-1,-1
204,30300,22.00,36.00,164.00,422.00,1,-1,-1,-1
205,30299,218.24,218.18,19.61,64.18,1,-1,-1,-1
205,30300,22.00,36.00,164.00,422.00,1,-1,-1,-1
206,30299,218.22,218.16,19.65,64.16,1,-1,-1,-1
206,30300,22.00,36.00,164.00,422.00,1,-1,-1,-1
207,30299,218.20,218.15,19.68,64.15,1,-1,-1,-1
207,30300,22.00,36.00,164.00,422.00,1,-1,-1,-1
208,30299,218.18,218.13,19.71,64.13,1,-1,-1,-1
208,30300,22.00,36.00,164.00,422.00,1,-1,-1,-1
209,30299,218.16,218.12,19.74,64.12,1,-1,-1,-1
209,30300,22.00,36.00,164.00,422.00,1,-1,-1,-1
210,30268,277.90,187.43,41.64,129.02,1,-1,-1,-1
210,30298,326.65,174.09,48.04,153.98,1,-1,-1,-1
210,30299,219.84,219.41,20.29,65.41,1,-1,-1,-1
210,30300,22.00,36.00,164.00,422.00,1,-1,-1,-1
211,30268,278.07,188.10,42.01,127.86,1,-1,-1,-1
211,30298,326.98,174.00,48.36,154.09,1,-1,-1,-1
211,30299,220.43,219.90,20.58,65.90,1,-1,-1,-1
212,30268,277.98,188.34,42.44,127.46,1,-1,-1,-1
212,30298,327.04,173.97,48.60,154.13,1,-1,-1,-1
212,30299,220.61,220.07,20.76,66.07,1,-1,-1,-1
213,30268,277.80,188.40,42.86,127.36,1,-1,-1,-1
213,30298,326.99,173.96,48.79,154.14,1,-1,-1,-1
213,30299,220.64,220.13,20.90,66.13,1,-1,-1,-1
214,30268,277.61,188.39,43.23,127.37,1,-1,-1,-1
214,30298,326.91,173.96,48.94,154.13,1,-1,-1,-1
214,30299,220.62,220.14,21.01,66.14,1,-1,-1,-1
215,30268,277.43,188.36,43.55,127.42,1,-1,-1,-1
215,30298,326.82,173.96,49.06,154.12,1,-1,-1,-1
215,30299,220.57,220.14,21.11,66.14,1,-1,-1,-1
216,30268,277.27,188.32,43.83,127.48,1,-1,-1,-1
216,30298,326.73,173.97,49.17,154.11,1,-1,-1,-1
216,30299,220.52,220.13,21.19,66.13,1,-1,-1,-1
217,30268,277.13,188.29,44.07,127.54,1,-1,-1,-1
217,30298,326.66,173.97,49.26,154.10,1,-1,-1,-1
217,30299,220.47,220.12,21.27,66.12,1,-1,-1,-1
218,30268,277.01,188.26,44.28,127.59,1,-1,-1,-1
218,30298,326.59,173.97,49.34,154.09,1,-1,-1,-1
218,30299,220.43,220.11,21.34,66.11,1,-1,-1,-1
219,30268,276.90,188.23,44.46,127.63,1,-1,-1,-1
219,30298,326.53,173.98,49.41,154.08,1,-1,-1,-1
219,30299,220.39,220.10,21.40,66.10,1,-1,-1,-1
220,30268,276.81,188.21,44.62,127.67,1,-1,-1,-1
220,30298,326.48,173.98,49.47,154.07,1,-1,-1,-1
220,30299,220.35,220.09,21.46,66.09,1,-1,-1,-1
221,30268,281.12,175.04,50.43,144.78,1,-1,-1,-1
221,30298,333.76,170.06,49.23,156.68,1,-1,-1,-1
221,30299,220.59,210.95,27.49,83.04,1,-1,-1,-1
222,30268,286.05,175.28,43.30,122.22,1,-1,-1,-1
222,30298,338.02,171.18,47.39,152.47,1,-1,-1,-1
222,30299,217.77,206.50,30.66,91.47,1,-1,-1,-1
223,30268,283.15,165.87,52.83,150.70,1,-1,-1,-1
223,30298,339.23,169.00,47.47,154.77,1,-1,-1,-1
223,30299,219.05,205.83,31.88,93.84,1,-1,-1,-1
224,30268,282.72,165.30,53.77,154.71,1,-1,-1,-1
224,30298,340.34,166.90,42.22,137.41,1,-1,-1,-1
224,30299,216.96,204.33,33.86,97.24,1,-1,-1,-1
224,30301,190.00,196.00,36.00,106.00,1,-1,-1,-1
224,30302,144.00,206.00,30.00,90.00,1,-1,-1,-1
225,30268,283.82,162.62,56.55,163.91,1,-1,-1,-1
225,30298,338.40,164.73,47.44,156.50,1,-1,-1,-1
225,30299,215.77,205.01,34.11,98.54,1,-1,-1,-1
225,30301,190.02,201.14,34.25,100.86,1,-1,-1,-1
226,30268,284.15,160.35,59.06,172.50,1,-1,-1,-1
226,30298,337.44,167.78,47.36,158.95,1,-1,-1,-1
226,30299,216.79,205.31,33.71,97.73,1,-1,-1,-1
226,30301,187.48,198.94,35.97,106.13,1,-1,-1,-1
227,30268,284.39,162.00,58.54,170.83,1,-1,-1,-1
227,30298,337.54,169.07,46.25,157.34,1,-1,-1,-1
227,30299,216.67,202.91,34.60,99.89,1,-1,-1,-1
227,30301,188.65,201.11,35.51,104.92,1,-1,-1,-1
227,30303,170.00,202.00,36.00,98.00,1,-1,-1,-1
228,30268,283.38,164.02,56.60,166.18,1,-1,-1,-1
228,30298,338.52,166.98,46.47,160.59,1,-1,-1,-1
228,30299,216.40,202.00,35.37,103.22,1,-1,-1,-1
228,30301,188.78,201.90,36.02,107.29,1,-1,-1,-1
228,30303,166.87,200.29,37.11,101.43,1,-1,-1,-1
229,30268,284.53,166.15,55.28,161.68,1,-1,-1,-1
229,30298,338.84,168.78,45.33,159.21,1,-1,-1,-1
229,30299,216.21,199.14,35.82,105.74,1,-1,-1,-1
229,30301,190.88,200.75,36.29,109.48,1,-1,-1,-1
229,30303,163.03,200.00,36.53,100.52,1,-1,-1,-1
230,30268,284.89,161.80,56.19,165.11,1,-1,-1,-1
230,30298,339.46,168.20,43.85,156.04,1,-1,-1,-1
230,30299,216.61,198.04,36.32,107.94,1,-1,-1,-1
230,30301,188.95,200.31,36.28,110.22,1,-1,-1,-1
230,30303,162.95,198.44,38.36,106.08,1,-1,-1,-1
231,30268,284.54,160.19,56.18,166.36,1,-1,-1,-1
231,30298,343.90,165.36,40.08,144.33,1,-1,-1,-1
231,30299,218.45,193.83,36.93,110.02,1,-1,-1,-1
231,30301,188.53,196.08,37.01,113.15,1,-1,-1,-1
231,30303,162.35,193.72,40.24,112.16,1,-1,-1,-1
231,30304,120.00,194.00,32.00,108.00,1,-1,-1,-1
232,30268,285.07,162.18,54.80,164.20,1,-1,-1,-1
232,30298,345.27,164.29,37.89,138.48,1,-1,-1,-1
232,30299,221.03,194.75,35.98,108.24,1,-1,-1,-1
232,30301,185.35,193.19,38.03,118.17,1,-1,-1,-1
232,30303,162.87,194.75,39.53,111.57,1,-1,-1,-1
232,30304,117.45,197.43,31.96,108.00,1,-1,-1,-1
233,30268,286.17,166.90,51.13,154.20,1,-1,-1,-1
233,30298,345.88,165.26,36.83,136.41,1,-1,-1,-1
233,30299,219.92,191.30,37.25,112.60,1,-1,-1,-1
233,30301,184.40,192.12,37.91,118.72,1,-1,-1,-1
233,30303,161.61,192.52,39.54,112.54,1,-1,-1,-1
233,30304,114.40,193.50,32.70,111.00,1,-1,-1,-1
234,30268,289.88,171.43,48.39,146.28,1,-1,-1,-1
234,30298,344.83,168.29,37.62,141.02,1,-1,-1,-1
234,30299,219.71,193.81,37.30,111.69,1,-1,-1,-1
234,30301,171.42,189.11,38.19,120.16,1,-1,-1,-1
234,30303,147.18,190.40,40.65,115.50,1,-1,-1,-1
234,30304,118.05,193.61,32.44,109.08,1,-1,-1,-1
235,30268,290.87,174.46,46.76,142.01,1,-1,-1,-1
235,30298,344.15,172.01,37.16,141.42,1,-1,-1,-1
235,30299,219.92,193.57,37.99,115.11,1,-1,-1,-1
235,30301,165.07,189.30,38.54,121.95,1,-1,-1,-1
235,30303,140.12,187.01,43.17,121.82,1,-1,-1,-1
235,30304,102.06,195.18,32.18,106.88,1,-1,-1,-1
236,30268,291.07,176.89,45.10,137.79,1,-1,-1,-1
236,30298,343.23,172.13,38.27,146.85,1,-1,-1,-1
236,30299,220.48,193.50,38.55,117.65,1,-1,-1,-1
236,30301,164.03,190.71,37.31,119.99,1,-1,-1,-1
236,30303,138.64,185.77,43.16,122.86,1,-1,-1,-1
236,30304,94.25,191.46,33.96,111.83,1,-1,-1,-1
237,30268,288.54,172.44,48.33,149.63,1,-1,-1,-1
237,30298,340.78,165.69,41.60,161.83,1,-1,-1,-1
237,30299,218.96,192.23,40.94,126.23,1,-1,-1,-1
237,30301,163.41,189.99,38.77,125.71,1,-1,-1,-1
237,30303,138.40,187.95,41.43,117.95,1,-1,-1,-1
237,30304,91.82,192.92,34.27,110.81,1,-1,-1,-1
238,30268,287.64,169.57,49.46,153.85,1,-1,-1,-1
238,30298,339.85,164.52,41.60,162.45,1,-1,-1,-1
238,30299,221.33,196.75,38.46,119.50,1,-1,-1,-1
238,30301,164.63,187.16,40.33,132.95,1,-1,-1,-1
238,30303,135.54,186.25,42.60,122.53,1,-1,-1,-1
238,30304,86.42,189.42,37.06,117.21,1,-1,-1,-1
239,30268,291.11,174.88,40.95,123.25,1,-1,-1,-1
239,30298,343.14,165.34,38.10,145.92,1,-1,-1,-1
239,30299,220.35,192.17,38.69,121.76,1,-1,-1,-1
239,30301,161.92,186.08,41.04,136.99,1,-1,-1,-1
239,30303,136.06,184.34,43.84,129.35,1,-1,-1,-1
239,30304,84.37,185.54,38.44,120.82,1,-1,-1,-1
240,30268,290.32,175.73,44.65,134.54,1,-1,-1,-1
240,30298,340.54,165.70,40.47,154.02,1,-1,-1,-1
240,30299,220.10,194.33,37.25,118.74,1,-1,-1,-1
240,30301,162.80,188.23,40.07,133.42,1,-1,-1,-1
240,30303,135.40,184.91,43.60,130.66,1,-1,-1,-1
240,30304,71.19,177.53,44.43,136.56,1,-1,-1,-1
241,30268,288.45,169.50,50.34,152.15,1,-1,-1,-1
241,30298,338.02,161.96,43.28,165.81,1,-1,-1,-1
241,30299,218.66,195.20,38.06,121.37,1,-1,-1,-1
241,30301,161.77,189.14,40.00,134.48,1,-1,-1,-1
241,30303,135.06,186.48,42.55,129.79,1,-1,-1,-1
241,30304,66.36,177.04,45.21,138.69,1,-1,-1,-1
241,30305,88.00,186.00,38.00,126.00,1,-1,-1,-1
242,30268,289.03,170.90,51.18,153.80,1,-1,-1,-1
242,30298,337.64,166.85,43.16,164.00,1,-1,-1,-1
242,30299,217.96,192.98,38.68,123.62,1,-1,-1,-1
242,30301,157.83,181.75,43.28,146.45,1,-1,-1,-1
242,30303,132.10,181.96,45.36,139.73,1,-1,-1,-1
242,30304,60.05,174.39,45.68,139.39,1,-1,-1,-1
242,30306,120.00,176.00,42.00,146.00,1,-1,-1,-1
243,30268,287.17,171.51,53.11,158.27,1,-1,-1,-1
243,30298,337.42,168.86,43.27,163.18,1,-1,-1,-1
243,30299,213.41,188.28,42.33,135.99,1,-1,-1,-1
243,30301,155.90,180.62,44.08,149.16,1,-1,-1,-1
243,30303,121.60,180.26,46.32,143.44,1,-1,-1,-1
243,30304,57.11,179.86,45.83,140.84,1,-1,-1,-1
243,30307,44.00,188.00,42.00,126.00,1,-1,-1,-1
244,30268,288.89,180.72,48.96,144.58,1,-1,-1,-1
244,30298,338.32,176.11,41.33,155.04,1,-1,-1,-1
244,30299,212.83,202.70,38.94,124.48,1,-1,-1,-1
244,30303,114.27,178.36,47.96,149.91,1,-1,-1,-1
244,30304,44.83,179.46,46.58,143.88,1,-1,-1,-1
244,30307,54.96,179.43,47.51,143.14,1,-1,-1,-1
245,30268,288.13,179.09,50.15,146.99,1,-1,-1,-1
245,30298,338.18,176.78,41.44,155.45,1,-1,-1,-1
245,30299,209.38,210.22,37.31,119.38,1,-1,-1,-1
245,30303,110.54,176.38,49.19,156.17,1,-1,-1,-1
245,30304,37.90,180.63,45.10,139.86,1,-1,-1,-1
246,30268,287.76,178.51,50.77,147.84,1,-1,-1,-1
246,30299,208.14,212.98,36.69,117.47,1,-1,-1,-1
246,30303,109.37,175.63,49.23,158.56,1,-1,-1,-1
246,30304,35.46,181.14,44.38,138.14,1,-1,-1,-1
247,30268,287.53,178.28,51.18,148.14,1,-1,-1,-1
247,30299,207.71,213.97,36.44,116.74,1,-1,-1,-1
247,30303,109.20,175.38,48.83,159.40,1,-1,-1,-1
247,30304,34.75,181.37,44.00,137.42,1,-1,-1,-1
248,30268,287.35,178.18,51.49,148.24,1,-1,-1,-1
248,30299,207.57,214.32,36.33,116.45,1,-1,-1,-1
248,30303,109.41,175.32,48.30,159.63,1,-1,-1,-1
248,30304,34.69,181.49,43.75,137.09,1,-1,-1,-1
249,30268,287.21,178.13,51.74,148.26,1,-1,-1,-1
249,30299,207.55,214.42,36.27,116.32,1,-1,-1,-1
249,30303,109.74,175.34,47.75,159.63,1,-1,-1,-1
249,30304,34.86,181.56,43.56,136.91,1,-1,-1,-1
250,30268,287.09,178.11,51.97,148.25,1,-1,-1,-1
250,30299,207.57,214.43,36.24,116.26,1,-1,-1,-1
250,30303,110.09,175.38,47.23,159.54,1,-1,-1,-1
250,30304,35.10,181.61,43.41,136.79,1,-1,-1,-1
251,30268,286.99,178.09,52.16,148.23,1,-1,-1,-1
251,30299,207.61,214.41,36.21,116.22,1,-1,-1,-1
251,30303,110.44,175.43,46.74,159.43,1,-1,-1,-1
251,30304,35.36,181.65,43.27,136.71,1,-1,-1,-1
252,30268,286.89,178.08,52.34,148.21,1,-1,-1,-1
252,30299,207.64,214.37,36.19,116.19,1,-1,-1,-1
252,30303,110.76,175.47,46.30,159.31,1,-1,-1,-1
252,30304,35.60,181.69,43.15,136.63,1,-1,-1,-1
253,30268,286.81,178.08,52.50,148.20,1,-1,-1,-1
253,30299,207.67,214.34,36.17,116.17,1,-1,-1,-1
253,30303,111.06,175.52,45.89,159.19,1,-1,-1,-1
253,30304,35.83,181.72,43.04,136.57,1,-1,-1,-1
254,30268,285.45,178.07,51.28,145.57,1,-1,-1,-1
254,30298,331.67,170.49,41.13,158.04,1,-1,-1,-1
254,30299,207.25,214.89,36.25,116.44,1,-1,-1,-1
254,30303,109.23,174.76,46.43,161.08,1,-1,-1,-1
254,30304,33.07,181.27,43.33,137.47,1,-1,-1,-1
254,30308,184.00,176.00,46.00,160.00,1,-1,-1,-1
255,30268,285.01,178.06,50.66,144.55,1,-1,-1,-1
255,30298,331.74,170.12,40.39,158.12,1,-1,-1,-1
255,30308,184.00,176.00,46.00,160.00,1,-1,-1,-1
256,30268,284.92,178.05,50.30,144.17,1,-1,-1,-1
256,30298,331.92,170.00,39.80,158.15,1,-1,-1,-1
256,30308,184.00,176.00,46.00,160.00,1,-1,-1,-1
257,30268,284.95,178.05,50.03,144.03,1,-1,-1,-1
257,30298,332.13,169.96,39.32,158.15,1,-1,-1,-1
257,30308,184.00,176.00,46.00,160.00,1,-1,-1,-1
258,30268,285.02,178.04,49.82,143.98,1,-1,-1,-1
258,30298,332.34,169.95,38.92,158.15,1,-1,-1,-1
258,30308,184.00,176.00,46.00,160.00,1,-1,-1,-1
259,30268,285.10,178.04,49.64,143.97,1,-1,-1,-1
259,30298,332.52,169.95,38.59,158.13,1,-1,-1,-1
259,30308,184.00,176.00,46.00,160.00,1,-1,-1,-1
260,30268,285.18,178.04,49.49,143.96,1,-1,-1,-1
260,30298,332.68,169.95,38.30,158.12,1,-1,-1,-1
260,30308,184.00,176.00,46.00,160.00,1,-1,-1,-1
261,30268,285.26,178.03,49.34,143.96,1,-1,-1,-1
261,30298,332.82,169.95,38.05,158.11,1,-1,-1,-1
261,30308,184.00,176.00,46.00,160.00,1,-1,-1,-1
262,30268,285.33,178.03,49.22,143.97,1,-1,-1,-1
262,30298,332.94,169.96,37.83,158.10,1,-1,-1,-1
262,30308,184.00,176.00,46.00,160.00,1,-1,-1,-1
263,30268,285.39,178.03,49.10,143.97,1,-1,-1,-1
263,30298,333.05,169.96,37.64,158.09,1,-1,-1,-1
263,30308,184.00,176.00,46.00,160.00,1,-1,-1,-1
264,30268,285.45,178.02,49.00,143.97,1,-1,-1,-1
264,30298,333.15,169.96,37.47,158.08,1,-1,-1,-1
264,30308,184.00,176.00,46.00,160.00,1,-1,-1,-1
265,30268,280.45,175.41,49.85,146.59,1,-1,-1,-1
265,30298,332.21,173.89,35.45,147.63,1,-1,-1,-1
265,30299,150.10,153.97,64.10,199.64,1,-1,-1,-1
265,30308,184.00,176.00,46.00,160.00,1,-1,-1,-1
266,30268,278.22,178.32,49.60,144.98,1,-1,-1,-1
266,30298,331.62,175.40,35.14,144.92,1,-1,-1,-1
266,30299,142.33,147.95,69.13,211.17,1,-1,-1,-1
267,30268,277.30,179.44,49.64,144.35,1,-1,-1,-1
267,30298,331.33,175.94,35.22,143.97,1,-1,-1,-1
267,30299,138.75,145.41,71.81,216.15,1,-1,-1,-1
268,30268,276.91,179.87,49.80,144.11,1,-1,-1,-1
268,30298,331.15,176.13,35.41,143.65,1,-1,-1,-1
268,30299,137.18,144.47,73.28,218.04,1,-1,-1,-1
269,30268,276.72,180.02,49.98,144.02,1,-1,-1,-1
269,30298,331.02,176.18,35.63,143.56,1,-1,-1,-1
269,30299,136.47,144.18,74.18,218.66,1,-1,-1,-1
270,30268,276.61,180.07,50.17,143.99,1,-1,-1,-1
270,30298,330.91,176.19,35.85,143.56,1,-1,-1,-1
270,30299,136.13,144.15,74.79,218.79,1,-1,-1,-1
271,30268,276.54,180.09,50.34,143.98,1,-1,-1,-1
271,30298,330.82,176.18,36.05,143.59,1,-1,-1,-1
271,30299,135.95,144.22,75.25,218.71,1,-1,-1,-1
272,30268,276.48,180.09,50.50,143.98,1,-1,-1,-1
272,30298,330.74,176.17,36.24,143.62,1,-1,-1,-1
272,30299,135.85,144.32,75.61,218.57,1,-1,-1,-1
273,30268,276.43,180.08,50.64,143.98,1,-1,-1,-1
273,30298,330.67,176.15,36.41,143.66,1,-1,-1,-1
273,30299,135.79,144.43,75.91,218.40,1,-1,-1,-1
274,30268,276.39,180.07,50.77,143.98,1,-1,-1,-1
274,30298,330.61,176.14,36.56,143.69,1,-1,-1,-1
274,30299,135.76,144.55,76.16,218.22,1,-1,-1,-1
275,30268,276.35,180.07,50.89,143.98,1,-1,-1,-1
275,30298,330.55,176.12,36.70,143.72,1,-1,-1,-1
275,30299,135.75,144.67,76.37,218.04,1,-1,-1,-1
276,30268,269.19,174.84,52.18,147.90,1,-1,-1,-1
276,30298,330.44,176.32,36.58,143.27,1,-1,-1,-1
276,30299,133.50,142.57,77.49,221.25,1,-1,-1,-1
276,30309,62.00,100.00,132.00,354.00,1,-1,-1,-1
277,30268,265.79,171.58,52.81,150.67,1,-1,-1,-1
277,30298,320.26,176.12,38.75,146.82,1,-1,-1,-1
277,30309,47.21,86.29,139.30,372.86,1,-1,-1,-1
278,30268,264.58,169.04,54.22,155.60,1,-1,-1,-1
278,30298,318.79,176.09,38.86,144.92,1,-1,-1,-1
278,30309,39.49,61.97,146.60,392.16,1,-1,-1,-1
279,30268,264.42,169.37,54.20,156.18,1,-1,-1,-1
279,30298,324.58,177.40,38.13,140.28,1,-1,-1,-1
279,30309,31.96,50.72,149.04,397.29,1,-1,-1,-1
280,30268,264.46,169.53,54.07,156.38,1,-1,-1,-1
280,30298,326.67,177.88,38.11,138.55,1,-1,-1,-1
280,30309,29.31,47.30,150.13,398.56,1,-1,-1,-1
281,30268,264.56,169.61,53.90,156.43,1,-1,-1,-1
281,30298,327.33,178.05,38.34,137.93,1,-1,-1,-1
281,30309,28.40,46.61,150.83,398.62,1,-1,-1,-1
282,30268,264.68,169.66,53.73,156.42,1,-1,-1,-1
282,30298,327.48,178.11,38.64,137.73,1,-1,-1,-1
282,30309,28.03,46.74,151.45,398.37,1,-1,-1,-1
283,30268,264.79,169.70,53.57,156.39,1,-1,-1,-1
283,30298,327.44,178.12,38.95,137.67,1,-1,-1,-1
283,30309,27.82,47.09,152.08,398.06,1,-1,-1,-1
284,30268,264.90,169.73,53.42,156.36,1,-1,-1,-1
284,30298,327.34,178.12,39.23,137.67,1,-1,-1,-1
284,30309,27.63,47.46,152.71,397.79,1,-1,-1,-1
285,30268,265.01,169.76,53.29,156.33,1,-1,-1,-1
285,30298,327.22,178.11,39.50,137.69,1,-1,-1,-1
285,30309,27.43,47.78,153.36,397.55,1,-1,-1,-1
286,30268,265.10,169.78,53.17,156.30,1,-1,-1,-1
286,30298,327.11,178.10,39.74,137.72,1,-1,-1,-1
286,30309,27.22,48.06,153.99,397.35,1,-1,-1,-1
287,30268,272.07,182.82,47.09,135.44,1,-1,-1,-1
287,30298,329.14,180.71,40.92,141.67,1,-1,-1,-1
287,30309,25.56,44.95,154.83,399.52,1,-1,-1,-1
288,30268,275.64,182.51,47.31,134.02,1,-1,-1,-1
288,30298,331.81,176.50,42.73,147.05,1,-1,-1,-1
288,30299,194.77,214.58,22.65,64.86,1,-1,-1,-1
289,30268,278.50,178.40,49.39,138.89,1,-1,-1,-1
289,30298,334.46,174.89,44.00,151.67,1,-1,-1,-1
289,30299,197.54,221.83,20.87,57.99,1,-1,-1,-1
290,30268,279.43,176.90,50.36,140.67,1,-1,-1,-1
290,30298,335.49,174.26,44.45,153.45,1,-1,-1,-1
290,30299,197.76,222.57,20.91,56.80,1,-1,-1,-1
291,30268,279.66,176.31,50.91,141.38,1,-1,-1,-1
291,30298,335.89,174.02,44.59,154.11,1,-1,-1,-1
291,30299,197.57,222.59,21.28,56.85,1,-1,-1,-1
292,30268,279.64,176.09,51.29,141.67,1,-1,-1,-1
292,30298,336.04,173.94,44.60,154.34,1,-1,-1,-1
292,30299,197.34,222.48,21.66,57.08,1,-1,-1,-1
293,30268,279.54,176.01,51.58,141.79,1,-1,-1,-1
293,30298,336.09,173.91,44.57,154.41,1,-1,-1,-1
293,30299,197.15,222.38,21.97,57.28,1,-1,-1,-1
294,30268,279.41,175.98,51.82,141.84,1,-1,-1,-1
294,30298,336.10,173.91,44.53,154.40,1,-1,-1,-1
294,30299,196.99,222.30,22.23,57.42,1,-1,-1,-1
295,30268,279.28,175.97,52.04,141.87,1,-1,-1,-1
295,30298,336.10,173.91,44.48,154.38,1,-1,-1,-1
295,30299,196.87,222.25,22.44,57.52,1,-1,-1,-1
296,30268,279.16,175.97,52.23,141.89,1,-1,-1,-1
296,30298,336.10,173.92,44.44,154.35,1,-1,-1,-1
296,30299,196.76,222.21,22.62,57.60,1,-1,-1,-1
297,30268,279.05,175.97,52.40,141.90,1,-1,-1,-1
297,30298,336.09,173.92,44.40,154.32,1,-1,-1,-1
297,30299,196.68,222.18,22.77,57.66,1,-1,-1,-1
298,30268,302.59,179.90,49.72,135.37,1,-1,-1,-1
298,30298,336.47,173.80,44.54,154.84,1,-1,-1,-1
298,30299,199.39,227.53,21.35,52.33,1,-1,-1,-1
298,30310,374.00,170.00,50.00,150.00,1,-1,-1,-1
298,30311,222.00,216.00,22.00,62.00,1,-1,-1,-1
299,30268,310.94,176.08,51.34,142.20,1,-1,-1,-1
299,30298,367.03,169.33,45.33,157.38,1,-1,-1,-1
299,30299,199.98,228.47,20.88,51.16,1,-1,-1,-1
299,30311,219.99,221.14,22.59,63.71,1,-1,-1,-1
299,30312,252.00,214.00,18.00,60.00,1,-1,-1,-1
300,30268,320.10,174.71,51.17,142.07,1,-1,-1,-1
300,30298,374.54,166.96,46.01,160.67,1,-1,-1,-1
300,30312,248.82,215.71,17.50,58.29,1,-1,-1,-1
301,30268,323.43,178.09,50.03,138.10,1,-1,-1,-1
301,30298,380.19,167.40,45.48,159.26,1,-1,-1,-1
301,30312,246.99,216.00,16.99,56.48,1,-1,-1,-1
301,30313,220.00,222.00,28.00,60.00,1,-1,-1,-1
301,30314,540.00,232.00,26.00,50.00,1,-1,-1,-1
302,30268,328.53,184.68,46.92,128.66,1,-1,-1,-1
302,30298,384.57,171.50,43.23,152.18,1,-1,-1,-1
302,30312,247.72,216.07,17.30,57.44,1,-1,-1,-1
302,30313,217.54,218.57,29.49,63.43,1,-1,-1,-1
302,30314,541.25,226.86,30.36,58.57,1,-1,-1,-1
303,30268,330.65,183.11,49.04,134.56,1,-1,-1,-1
303,30298,388.31,173.10,43.21,153.40,1,-1,-1,-1
303,30312,247.37,213.18,18.66,62.13,1,-1,-1,-1
303,30314,541.52,224.60,30.95,60.00,1,-1,-1,-1
303,30315,148.00,222.00,22.00,52.00,1,-1,-1,-1
304,30268,333.85,182.56,48.77,134.02,1,-1,-1,-1
304,30298,392.63,180.21,39.79,142.10,1,-1,-1,-1
304,30312,247.73,212.19,19.56,65.10,1,-1,-1,-1
304,30314,550.61,223.80,31.60,61.84,1,-1,-1,-1
304,30315,146.94,218.57,24.13,57.14,1,-1,-1,-1
304,30316,584.00,180.00,46.00,148.00,1,-1,-1,-1
304,30317,546.00,226.00,24.00,60.00,1,-1,-1,-1
305,30268,337.86,181.02,50.68,140.39,1,-1,-1,-1
305,30298,400.28,178.94,40.87,145.78,1,-1,-1,-1
305,30312,246.97,211.84,20.37,67.51,1,-1,-1,-1
305,30314,553.10,222.65,32.39,63.37,1,-1,-1,-1
305,30315,146.79,219.44,24.42,58.00,1,-1,-1,-1
306,30268,345.76,179.15,48.78,135.04,1,-1,-1,-1
306,30298,404.60,168.02,45.80,162.77,1,-1,-1,-1
306,30312,246.63,211.22,20.85,69.10,1,-1,-1,-1
306,30315,150.55,215.47,25.58,61.13,1,-1,-1,-1
307,30268,350.46,175.75,51.06,140.84,1,-1,-1,-1
307,30298,411.80,171.54,45.24,157.73,1,-1,-1,-1
307,30315,151.44,214.28,26.21,62.62,1,-1,-1,-1
308,30268,352.09,174.52,52.00,142.96,1,-1,-1,-1
308,30298,414.31,173.04,45.38,155.55,1,-1,-1,-1
309,30268,360.90,176.64,51.24,138.59,1,-1,-1,-1
309,30298,421.78,167.08,47.81,161.24,1,-1,-1,-1
309,30312,225.68,215.20,20.39,66.95,1,-1,-1,-1
309,30318,250.00,206.00,24.00,80.00,1,-1,-1,-1
310,30268,365.20,176.48,51.24,138.57,1,-1,-1,-1
310,30298,427.95,166.15,50.80,164.64,1,-1,-1,-1
310,30312,223.37,215.16,20.67,67.85,1,-1,-1,-1
310,30318,247.49,202.57,25.59,85.14,1,-1,-1,-1
311,30298,429.67,165.81,53.00,165.92,1,-1,-1,-1
311,30318,247.05,202.00,25.91,86.00,1,-1,-1,-1
312,30298,429.72,165.70,54.77,166.38,1,-1,-1,-1
312,30318,246.90,201.85,26.05,86.23,1,-1,-1,-1
313,30298,429.16,165.68,56.30,166.52,1,-1,-1,-1
313,30318,246.84,201.83,26.15,86.26,1,-1,-1,-1
314,30298,428.44,165.69,57.63,166.54,1,-1,-1,-1
314,30318,246.80,201.84,26.25,86.23,1,-1,-1,-1
315,30298,427.69,165.71,58.83,166.52,1,-1,-1,-1
315,30318,246.76,201.87,26.34,86.20,1,-1,-1,-1
316,30298,426.98,165.74,59.91,166.48,1,-1,-1,-1
316,30318,246.72,201.89,26.45,86.17,1,-1,-1,-1
317,30298,426.33,165.76,60.88,166.44,1,-1,-1,-1
317,30318,246.68,201.90,26.55,86.15,1,-1,-1,-1
318,30298,425.73,165.78,61.75,166.40,1,-1,-1,-1
318,30318,246.63,201.92,26.65,86.13,1,-1,-1,-1
319,30298,425.19,165.80,62.54,166.36,1,-1,-1,-1
319,30318,246.59,201.93,26.75,86.11,1,-1,-1,-1
320,30268,395.17,183.71,50.53,138.01,1,-1,-1,-1
320,30298,440.80,171.03,59.69,162.42,1,-1,-1,-1
320,30312,220.59,200.50,31.12,103.08,1,-1,-1,-1
320,30318,243.42,200.61,30.44,98.03,1,-1,-1,-1
320,30319,274.00,212.00,18.00,74.00,1,-1,-1,-1
320,30320,296.00,212.00,16.00,74.00,1,-1,-1,-1
320,30321,126.00,218.00,24.00,64.00,1,-1,-1,-1
320,30322,46.00,186.00,34.00,124.00,1,-1,-1,-1
321,30268,397.16,186.78,49.51,132.48,1,-1,-1,-1
321,30298,452.15,179.62,52.93,143.80,1,-1,-1,-1
321,30312,220.76,198.62,32.51,108.29,1,-1,-1,-1
321,30318,243.03,198.88,32.77,106.11,1,-1,-1,-1
321,30322,45.04,179.14,35.92,130.86,1,-1,-1,-1
322,30268,395.83,183.79,51.83,137.34,1,-1,-1,-1
322,30298,455.40,181.55,52.08,142.09,1,-1,-1,-1
322,30312,219.75,197.65,33.31,110.94,1,-1,-1,-1
322,30318,243.15,198.18,34.45,110.61,1,-1,-1,-1
322,30322,42.49,176.53,36.61,133.47,1,-1,-1,-1
322,30323,292.00,212.00,18.00,78.00,1,-1,-1,-1
323,30268,397.75,181.42,51.72,137.77,1,-1,-1,-1
323,30298,455.81,178.18,54.46,150.88,1,-1,-1,-1
323,30318,242.96,196.65,35.59,114.88,1,-1,-1,-1
323,30322,40.09,178.61,36.96,134.30,1,-1,-1,-1
323,30323,292.39,213.71,17.23,74.57,1,-1,-1,-1
324,30268,398.44,180.50,51.57,137.94,1,-1,-1,-1
324,30298,456.18,176.97,54.82,154.04,1,-1,-1,-1
324,30299,287.46,214.04,26.92,73.95,1,-1,-1,-1
324,30318,242.95,196.05,35.93,116.50,1,-1,-1,-1
324,30322,39.26,179.44,37.15,134.48,1,-1,-1,-1
325,30268,398.69,180.15,53.94,143.23,1,-1,-1,-1
325,30298,457.40,172.57,57.72,164.40,1,-1,-1,-1
325,30299,290.78,213.53,27.22,74.77,1,-1,-1,-1
325,30312,214.32,194.12,36.20,118.14,1,-1,-1,-1
325,30318,242.66,195.83,36.64,118.34,1,-1,-1,-1
325,30322,39.34,181.16,36.59,131.68,1,-1,-1,-1
326,30268,400.66,181.30,54.86,143.92,1,-1,-1,-1
326,30298,459.00,173.46,56.46,161.93,1,-1,-1,-1
326,30312,213.19,193.13,37.00,120.75,1,-1,-1,-1
326,30318,242.15,194.49,37.70,118.99,1,-1,-1,-1
326,30322,38.41,181.32,36.68,132.00,1,-1,-1,-1
327,30268,402.26,180.46,55.92,145.47,1,-1,-1,-1
327,30298,465.93,173.81,54.76,158.29,1,-1,-1,-1
327,30318,240.28,193.98,38.89,120.45,1,-1,-1,-1
328,30268,402.69,180.14,56.56,146.04,1,-1,-1,-1
328,30298,468.58,173.95,53.90,156.88,1,-1,-1,-1
328,30318,239.37,193.79,39.73,120.96,1,-1,-1,-1
329,30268,402.67,180.02,57.00,146.24,1,-1,-1,-1
329,30298,469.57,174.00,53.37,156.34,1,-1,-1,-1
329,30318,238.85,193.74,40.38,121.09,1,-1,-1,-1
330,30268,402.50,179.98,57.35,146.29,1,-1,-1,-1
330,30298,469.94,174.02,52.99,156.14,1,-1,-1,-1
330,30318,238.51,193.73,40.94,121.07,1,-1,-1,-1
331,30268,407.47,179.96,55.08,138.50,1,-1,-1,-1
331,30298,469.88,168.79,54.39,159.98,1,-1,-1,-1
331,30318,229.72,182.14,46.87,140.35,1,-1,-1,-1
332,30268,409.56,182.62,53.67,132.79,1,-1,-1,-1
332,30298,469.76,168.13,54.97,161.43,1,-1,-1,-1
332,30312,184.25,186.10,41.75,136.04,1,-1,-1,-1
332,30318,229.81,183.98,43.60,131.58,1,-1,-1,-1
333,30268,410.04,183.60,53.57,130.71,1,-1,-1,-1
333,30298,469.62,167.88,55.24,161.97,1,-1,-1,-1
333,30312,182.03,185.68,42.05,136.87,1,-1,-1,-1
333,30318,230.02,184.90,41.95,127.48,1,-1,-1,-1
334,30268,409.96,183.95,53.93,129.96,1,-1,-1,-1
334,30298,469.47,167.81,55.37,162.16,1,-1,-1,-1
334,30312,181.22,185.53,42.18,137.19,1,-1,-1,-1
334,30318,230.20,185.28,41.15,125.87,1,-1,-1,-1
335,30268,409.69,184.07,54.43,129.71,1,-1,-1,-1
335,30298,469.33,167.79,55.46,162.22,1,-1,-1,-1
335,30312,180.96,185.49,42.23,137.26,1,-1,-1,-1
335,30318,230.36,185.44,40.69,125.21,1,-1,-1,-1
336,30268,409.37,184.11,54.93,129.65,1,-1,-1,-1
336,30298,469.21,167.80,55.52,162.22,1,-1,-1,-1
336,30312,180.92,185.50,42.23,137.22,1,-1,-1,-1
336,30318,230.51,185.53,40.38,124.92,1,-1,-1,-1
337,30268,409.06,184.11,55.41,129.65,1,-1,-1,-1
337,30298,469.09,167.81,55.57,162.21,1,-1,-1,-1
337,30312,180.97,185.53,42.23,137.14,1,-1,-1,-1
337,30318,230.65,185.59,40.13,124.76,1,-1,-1,-1
338,30268,408.77,184.11,55.85,129.67,1,-1,-1,-1
338,30298,468.99,167.83,55.62,162.20,1,-1,-1,-1
338,30312,181.04,185.57,42.21,137.05,1,-1,-1,-1
338,30318,230.78,185.63,39.92,124.67,1,-1,-1,-1
339,30268,408.50,184.10,56.26,129.70,1,-1,-1,-1
339,30298,468.89,167.84,55.65,162.18,1,-1,-1,-1
339,30312,181.12,185.61,42.20,136.96,1,-1,-1,-1
339,30318,230.89,185.67,39.73,124.59,1,-1,-1,-1
340,30268,408.25,184.09,56.62,129.72,1,-1,-1,-1
340,30298,468.81,167.86,55.69,162.16,1,-1,-1,-1
340,30312,181.19,185.64,42.18,136.87,1,-1,-1,-1
340,30318,231.00,185.70,39.57,124.53,1,-1,-1,-1
341,30268,408.03,184.08,56.95,129.75,1,-1,-1,-1
341,30298,468.73,167.87,55.72,162.15,1,-1,-1,-1
341,30312,181.27,185.67,42.17,136.79,1,-1,-1,-1
341,30318,231.10,185.73,39.42,124.48,1,-1,-1,-1
342,30268,405.02,182.76,57.63,129.78,1,-1,-1,-1
342,30298,472.74,170.49,56.71,159.53,1,-1,-1,-1
342,30312,180.04,185.16,42.55,138.05,1,-1,-1,-1
342,30318,235.50,193.57,33.24,104.90,1,-1,-1,-1
342,30324,96.00,160.00,78.00,196.00,1,-1,-1,-1
342,30325,270.00,198.00,28.00,98.00,1,-1,-1,-1
342,30326,136.00,160.00,94.00,216.00,1,-1,-1,-1
343,30268,403.51,177.03,63.82,141.58,1,-1,-1,-1
343,30298,474.90,176.75,57.08,154.58,1,-1,-1,-1
343,30318,235.91,196.75,30.75,96.98,1,-1,-1,-1
343,30326,120.49,137.71,104.44,240.00,1,-1,-1,-1
343,30327,564.00,210.00,44.00,94.00,1,-1,-1,-1
344,30268,402.68,171.12,67.92,149.72,1,-1,-1,-1
344,30298,475.09,175.14,59.69,155.36,1,-1,-1,-1
344,30318,235.10,193.67,31.83,99.89,1,-1,-1,-1
344,30326,115.57,128.26,110.86,255.48,1,-1,-1,-1
344,30327,562.34,206.57,45.61,97.43,1,-1,-1,-1
344,30328,70.00,140.00,88.00,224.00,1,-1,-1,-1
345,30268,407.37,181.44,59.47,128.89,1,-1,-1,-1
345,30298,472.96,174.53,62.37,158.28,1,-1,-1,-1
345,30318,232.34,191.29,33.19,104.86,1,-1,-1,-1
345,30326,118.32,116.59,119.85,279.22,1,-1,-1,-1
345,30327,562.74,211.92,43.04,92.08,1,-1,-1,-1
346,30268,408.07,181.33,59.33,128.56,1,-1,-1,-1
346,30298,474.13,174.83,62.36,158.24,1,-1,-1,-1
346,30318,234.13,195.62,31.97,101.52,1,-1,-1,-1
346,30322,268.27,193.94,28.30,98.26,1,-1,-1,-1
346,30326,117.53,111.17,121.53,284.96,1,-1,-1,-1
346,30327,561.92,210.79,44.10,94.72,1,-1,-1,-1
346,30329,40.00,138.00,106.00,262.00,1,-1,-1,-1
347,30268,408.83,189.69,53.78,113.90,1,-1,-1,-1
347,30312,221.80,198.52,32.63,105.59,1,-1,-1,-1
347,30318,236.08,195.99,33.08,104.24,1,-1,-1,-1
347,30322,268.80,194.12,29.50,102.39,1,-1,-1,-1
347,30326,109.81,108.17,124.80,294.51,1,-1,-1,-1
347,30327,561.60,211.40,44.03,94.59,1,-1,-1,-1
347,30329,32.01,139.71,106.56,263.71,1,-1,-1,-1
348,30268,406.73,185.87,58.60,123.37,1,-1,-1,-1
348,30298,474.84,185.93,54.52,137.99,1,-1,-1,-1
348,30312,223.96,199.13,32.17,104.11,1,-1,-1,-1
348,30318,229.03,200.05,31.98,101.32,1,-1,-1,-1
348,30322,268.90,198.26,29.14,100.47,1,-1,-1,-1
348,30326,78.52,105.98,135.12,324.16,1,-1,-1,-1
348,30327,558.82,227.14,38.35,82.29,1,-1,-1,-1
348,30329,16.50,128.02,118.53,293.94,1,-1,-1,-1
349,30268,402.41,186.01,61.00,127.51,1,-1,-1,-1
349,30298,475.92,189.17,49.76,124.65,1,-1,-1,-1
349,30318,221.82,198.93,32.58,102.87,1,-1,-1,-1
349,30322,263.26,194.34,31.28,109.32,1,-1,-1,-1
349,30326,58.30,102.69,140.57,339.04,1,-1,-1,-1
349,30327,557.99,230.85,37.13,79.67,1,-1,-1,-1
349,30329,10.39,124.31,122.68,304.23,1,-1,-1,-1
350,30268,397.98,183.47,63.53,133.02,1,-1,-1,-1
350,30298,477.00,190.57,48.61,121.76,1,-1,-1,-1
350,30318,212.67,191.95,35.37,112.63,1,-1,-1,-1
350,30322,255.26,192.93,30.90,105.97,1,-1,-1,-1
350,30326,49.72,97.38,146.12,352.42,1,-1,-1,-1
350,30330,544.00,204.00,32.00,106.00,1,-1,-1,-1
351,30268,394.23,183.78,66.01,138.98,1,-1,-1,-1
351,30318,207.58,188.11,36.03,116.24,1,-1,-1,-1
351,30322,250.97,193.69,30.71,104.61,1,-1,-1,-1
351,30326,10.76,89.02,155.44,377.96,1,-1,-1,-1
351,30330,543.08,205.71,32.12,106.00,1,-1,-1,-1
352,30268,392.89,183.90,66.77,141.28,1,-1,-1,-1
352,30318,205.75,186.57,36.03,117.66,1,-1,-1,-1
352,30322,249.18,193.96,30.74,104.11,1,-1,-1,-1
352,30326,0.66,86.36,157.42,385.76,1,-1,-1,-1
352,30327,536.02,208.10,47.51,104.00,1,-1,-1,-1
353,30268,389.33,185.24,65.46,139.57,1,-1,-1,-1
353,30318,202.04,191.14,34.45,113.04,1,-1,-1,-1
353,30322,246.71,195.38,31.49,106.59,1,-1,-1,-1
353,30326,-10.69,81.01,163.12,399.71,1,-1,-1,-1
353,30327,534.39,207.69,46.18,102.20,1,-1,-1,-1
354,30268,388.11,185.76,64.67,138.87,1,-1,-1,-1
354,30318,200.74,192.95,33.74,111.19,1,-1,-1,-1
354,30322,245.72,195.90,31.77,107.52,1,-1,-1,-1
354,30327,534.10,207.59,45.29,101.27,1,-1,-1,-1
