7,2441,310.00,136.00,64.00,202.00,1,-1,-1,-1
8,2441,310.00,136.00,64.00,202.00,1,-1,-1,-1
9,2441,310.00,136.00,64.00,202.00,1,-1,-1,-1
10,2441,310.00,136.00,64.00,202.00,1,-1,-1,-1
11,2441,310.00,136.00,64.00,202.00,1,-1,-1,-1
12,2441,310.00,136.00,64.00,202.00,1,-1,-1,-1
13,2441,310.00,136.00,64.00,202.00,1,-1,-1,-1
13,2442,352.00,128.00,78.00,236.00,1,-1,-1,-1
14,2441,345.36,129.50,72.97,229.64,1,-1,-1,-1
15,2441,357.42,125.54,78.24,249.72,1,-1,-1,-1
16,2441,371.32,107.52,91.95,291.63,1,-1,-1,-1
17,2441,378.41,104.41,95.10,301.60,1,-1,-1,-1
25,2441,449.78,35.40,131.35,413.53,1,-1,-1,-1
25,2443,190.00,164.00,60.00,168.00,1,-1,-1,-1
26,2441,452.92,31.24,133.96,419.27,1,-1,-1,-1
26,2443,190.00,164.00,60.00,168.00,1,-1,-1,-1
27,2441,453.91,29.71,135.28,421.39,1,-1,-1,-1
27,2443,190.00,164.00,60.00,168.00,1,-1,-1,-1
28,2441,453.97,29.24,135.99,421.95,1,-1,-1,-1
28,2443,190.00,164.00,60.00,168.00,1,-1,-1,-1
29,2441,453.67,29.20,136.42,421.87,1,-1,-1,-1
29,2443,190.00,164.00,60.00,168.00,1,-1,-1,-1
30,2441,453.26,29.33,136.70,421.55,1,-1,-1,-1
30,2443,190.00,164.00,60.00,168.00,1,-1,-1,-1
31,2441,459.11,25.08,139.55,430.32,1,-1,-1,-1
31,2443,167.28,137.64,73.52,205.46,1,-1,-1,-1
32,2443,159.42,128.58,78.29,218.33,1,-1,-1,-1
33,2443,156.26,125.01,80.28,223.41,1,-1,-1,-1
34,2443,155.14,123.80,81.06,225.13,1,-1,-1,-1
35,2443,154.82,123.52,81.37,225.52,1,-1,-1,-1
36,2443,154.79,123.58,81.49,225.45,1,-1,-1,-1
37,2443,151.38,119.63,83.52,231.05,1,-1,-1,-1
37,2444,78.00,70.00,128.00,348.00,1,-1,-1,-1
38,2444,78.00,70.00,128.00,348.00,1,-1,-1,-1
39,2444,78.00,70.00,128.00,348.00,1,-1,-1,-1
40,2444,78.00,70.00,128.00,348.00,1,-1,-1,-1
41,2444,78.00,70.00,128.00,348.00,1,-1,-1,-1
42,2444,78.00,70.00,128.00,348.00,1,-1,-1,-1
43,2444,78.00,70.00,128.00,348.00,1,-1,-1,-1
43,2445,4.00,10.00,132.00,462.00,1,-1,-1,-1
44,2445,4.00,10.00,132.00,462.00,1,-1,-1,-1
45,2444,-1.93,17.51,161.89,447.72,1,-1,-1,-1
46,2444,-13.03,10.32,166.83,461.39,1,-1,-1,-1
67,2446,90.00,166.00,60.00,164.00,1,-1,-1,-1
68,2446,89.63,179.71,55.59,152.00,1,-1,-1,-1
69,2446,86.81,174.26,58.83,160.84,1,-1,-1,-1
70,2446,80.04,163.72,62.90,172.40,1,-1,-1,-1
71,2446,77.20,160.15,64.66,177.25,1,-1,-1,-1
91,2447,382.00,178.00,36.00,150.00,1,-1,-1,-1
92,2447,384.08,181.43,35.27,146.57,1,-1,-1,-1
92,2448,402.00,178.00,42.00,154.00,1,-1,-1,-1
93,2447,385.00,175.94,37.03,153.58,1,-1,-1,-1
93,2448,399.14,171.14,44.28,162.57,1,-1,-1,-1
93,2449,464.00,182.00,38.00,150.00,1,-1,-1,-1
94,2447,399.13,169.76,39.01,161.71,1,-1,-1,-1
95,2447,405.23,167.66,40.19,165.87,1,-1,-1,-1
95,2450,498.00,196.00,46.00,142.00,1,-1,-1,-1
96,2447,409.91,168.42,42.04,172.68,1,-1,-1,-1
96,2450,501.34,196.00,47.90,147.14,1,-1,-1,-1
97,2447,414.08,167.46,44.13,180.40,1,-1,-1,-1
97,2450,504.01,194.52,49.91,152.44,1,-1,-1,-1
98,2447,421.89,167.17,46.51,185.79,1,-1,-1,-1
98,2450,504.77,194.01,52.27,160.00,1,-1,-1,-1
99,2447,424.39,167.14,48.06,187.68,1,-1,-1,-1
99,2450,505.02,193.85,52.97,162.55,1,-1,-1,-1
100,2447,424.81,167.19,49.26,188.21,1,-1,-1,-1
100,2450,505.09,193.83,53.06,163.27,1,-1,-1,-1
101,2447,424.48,167.27,50.30,188.23,1,-1,-1,-1
101,2450,505.13,193.83,52.93,163.37,1,-1,-1,-1
102,2447,423.88,167.34,51.26,188.09,1,-1,-1,-1
102,2450,505.16,193.85,52.74,163.27,1,-1,-1,-1
103,2447,427.55,166.31,52.18,191.48,1,-1,-1,-1
103,2450,505.68,193.61,53.43,165.42,1,-1,-1,-1
121,2451,452.00,184.00,48.00,136.00,1,-1,-1,-1
122,2451,454.98,166.86,54.03,153.14,1,-1,-1,-1
123,2451,455.17,156.86,58.51,165.99,1,-1,-1,-1
124,2451,453.03,156.12,60.30,171.98,1,-1,-1,-1
125,2451,452.31,156.19,60.57,173.84,1,-1,-1,-1
126,2451,452.20,156.44,60.28,174.21,1,-1,-1,-1
127,2451,456.52,158.02,62.21,179.51,1,-1,-1,-1
128,2451,458.09,158.69,62.95,181.33,1,-1,-1,-1
129,2451,458.65,159.03,63.23,181.84,1,-1,-1,-1
130,2451,458.81,159.22,63.35,181.88,1,-1,-1,-1
131,2451,458.82,159.34,63.41,181.75,1,-1,-1,-1
132,2451,458.78,159.43,63.45,181.59,1,-1,-1,-1
133,2451,459.17,158.54,64.33,184.13,1,-1,-1,-1
133,2452,490.00,148.00,78.00,214.00,1,-1,-1,-1
134,2451,484.06,150.23,72.85,207.68,1,-1,-1,-1
135,2451,486.82,148.63,74.45,212.24,1,-1,-1,-1
157,2453,136.00,182.00,52.00,146.00,1,-1,-1,-1
158,2453,136.00,182.00,52.00,146.00,1,-1,-1,-1
159,2453,136.00,182.00,52.00,146.00,1,-1,-1,-1
160,2453,136.00,182.00,52.00,146.00,1,-1,-1,-1
161,2453,136.00,182.00,52.00,146.00,1,-1,-1,-1
162,2453,136.00,182.00,52.00,146.00,1,-1,-1,-1
163,2453,129.75,173.68,57.56,161.26,1,-1,-1,-1
163,2454,96.00,166.00,52.00,176.00,1,-1,-1,-1
164,2453,126.76,172.06,59.81,169.23,1,-1,-1,-1
164,2454,94.29,171.14,52.00,176.00,1,-1,-1,-1
165,2453,123.55,170.19,62.20,177.46,1,-1,-1,-1
165,2454,92.52,169.00,53.45,180.50,1,-1,-1,-1
166,2453,120.50,165.65,65.49,186.99,1,-1,-1,-1
166,2454,89.47,162.37,57.44,192.26,1,-1,-1,-1
167,2453,119.17,161.37,67.11,191.87,1,-1,-1,-1
167,2454,85.70,155.90,60.11,199.04,1,-1,-1,-1
168,2453,117.85,159.73,66.85,191.08,1,-1,-1,-1
168,2454,85.21,152.25,62.10,202.67,1,-1,-1,-1
169,2453,94.07,155.30,70.74,202.20,1,-1,-1,-1
169,2454,51.49,151.03,62.59,205.14,1,-1,-1,-1
169,2455,544.00,180.00,50.00,152.00,1,-1,-1,-1
170,2453,85.36,152.38,74.16,213.96,1,-1,-1,-1
170,2454,44.80,148.14,63.94,209.57,1,-1,-1,-1
171,2453,79.63,144.99,78.96,228.54,1,-1,-1,-1
172,2453,77.51,142.11,80.67,234.23,1,-1,-1,-1
173,2453,76.87,141.03,81.16,236.32,1,-1,-1,-1
174,2453,76.81,140.69,81.16,236.96,1,-1,-1,-1
175,2453,73.23,138.25,83.01,242.37,1,-1,-1,-1
193,2453,41.79,148.71,64.09,189.55,1,-1,-1,-1
194,2453,37.84,133.23,66.48,202.93,1,-1,-1,-1
195,2453,35.45,131.76,66.51,203.02,1,-1,-1,-1
199,2453,0.36,144.54,69.07,213.23,1,-1,-1,-1
200,2453,-2.39,145.71,68.80,214.12,1,-1,-1,-1
201,2453,-3.21,146.11,68.48,214.42,1,-1,-1,-1
202,2453,-3.27,146.25,68.18,214.50,1,-1,-1,-1
203,2453,-3.08,146.27,67.92,214.50,1,-1,-1,-1
204,2453,-2.80,146.27,67.69,214.46,1,-1,-1,-1
205,2453,-6.12,146.72,67.93,215.23,1,-1,-1,-1
247,2456,358.00,186.00,44.00,146.00,1,-1,-1,-1
248,2456,358.00,186.00,44.00,146.00,1,-1,-1,-1
249,2456,358.00,186.00,44.00,146.00,1,-1,-1,-1
250,2456,358.00,186.00,44.00,146.00,1,-1,-1,-1
251,2456,358.00,186.00,44.00,146.00,1,-1,-1,-1
252,2456,358.00,186.00,44.00,146.00,1,-1,-1,-1
253,2456,358.00,186.00,44.00,146.00,1,-1,-1,-1
253,2457,400.00,170.00,56.00,180.00,1,-1,-1,-1
254,2457,400.00,170.00,56.00,180.00,1,-1,-1,-1
255,2456,395.44,172.00,53.09,175.74,1,-1,-1,-1
256,2456,426.18,168.74,56.23,179.94,1,-1,-1,-1
256,2458,214.00,178.00,46.00,150.00,1,-1,-1,-1
257,2456,439.74,161.09,63.20,199.47,1,-1,-1,-1
257,2458,214.84,179.71,46.04,150.00,1,-1,-1,-1
258,2456,451.23,153.21,68.07,210.61,1,-1,-1,-1
259,2456,459.70,148.82,69.39,211.23,1,-1,-1,-1
259,2459,194.00,158.00,54.00,182.00,1,-1,-1,-1
260,2456,462.47,147.16,70.42,211.22,1,-1,-1,-1
260,2459,194.00,158.00,54.00,182.00,1,-1,-1,-1
261,2456,463.01,146.61,71.33,211.04,1,-1,-1,-1
261,2459,194.00,158.00,54.00,182.00,1,-1,-1,-1
262,2456,462.72,146.48,72.13,210.82,1,-1,-1,-1
262,2459,194.00,158.00,54.00,182.00,1,-1,-1,-1
263,2456,462.13,146.52,72.87,210.59,1,-1,-1,-1
263,2459,194.00,158.00,54.00,182.00,1,-1,-1,-1
264,2456,461.47,146.61,73.54,210.36,1,-1,-1,-1
264,2459,194.00,158.00,54.00,182.00,1,-1,-1,-1
265,2456,467.54,144.40,74.83,214.06,1,-1,-1,-1
265,2459,194.00,158.00,54.00,182.00,1,-1,-1,-1
271,2460,4.00,56.00,114.00,414.00,1,-1,-1,-1
272,2460,4.00,56.00,114.00,414.00,1,-1,-1,-1
273,2460,4.00,56.00,114.00,414.00,1,-1,-1,-1
274,2460,4.00,56.00,114.00,414.00,1,-1,-1,-1
275,2460,4.00,56.00,114.00,414.00,1,-1,-1,-1
276,2460,4.00,56.00,114.00,414.00,1,-1,-1,-1
277,2460,4.00,56.00,114.00,414.00,1,-1,-1,-1
313,2461,32.00,160.00,56.00,170.00,1,-1,-1,-1
314,2461,32.00,160.00,56.00,170.00,1,-1,-1,-1
315,2461,32.00,160.00,56.00,170.00,1,-1,-1,-1
316,2461,32.00,160.00,56.00,170.00,1,-1,-1,-1
317,2461,32.00,160.00,56.00,170.00,1,-1,-1,-1
318,2461,32.00,160.00,56.00,170.00,1,-1,-1,-1
319,2461,32.00,160.00,56.00,170.00,1,-1,-1,-1
331,2461,38.64,173.80,56.52,164.09,1,-1,-1,-1
332,2461,37.92,174.20,58.36,163.91,1,-1,-1,-1
333,2461,37.24,174.35,59.86,163.85,1,-1,-1,-1
334,2461,36.64,174.38,61.10,163.84,1,-1,-1,-1
335,2461,36.11,174.37,62.15,163.84,1,-1,-1,-1
336,2461,35.65,174.34,63.03,163.85,1,-1,-1,-1
337,2461,23.52,167.75,68.90,184.86,1,-1,-1,-1
338,2461,22.55,167.62,69.57,186.68,1,-1,-1,-1
343,2462,124.00,184.00,80.00,152.00,1,-1,-1,-1
344,2462,124.00,184.00,80.00,152.00,1,-1,-1,-1
345,2462,124.00,184.00,80.00,152.00,1,-1,-1,-1
346,2462,124.00,184.00,80.00,152.00,1,-1,-1,-1
347,2462,124.00,184.00,80.00,152.00,1,-1,-1,-1
348,2462,124.00,184.00,80.00,152.00,1,-1,-1,-1
349,2462,124.00,184.00,80.00,152.00,1,-1,-1,-1
355,2463,0.00,74.00,138.00,386.00,1,-1,-1,-1
356,2461,-3.17,71.62,135.70,369.40,1,-1,-1,-1
357,2461,-4.54,67.20,138.89,378.08,1,-1,-1,-1
391,2464,90.00,180.00,68.00,146.00,1,-1,-1,-1
392,2464,90.00,180.00,68.00,146.00,1,-1,-1,-1
393,2464,90.00,180.00,68.00,146.00,1,-1,-1,-1
394,2464,90.00,180.00,68.00,146.00,1,-1,-1,-1
395,2464,90.00,180.00,68.00,146.00,1,-1,-1,-1
396,2464,90.00,180.00,68.00,146.00,1,-1,-1,-1
397,2464,90.00,180.00,68.00,146.00,1,-1,-1,-1
397,2465,46.00,170.00,64.00,170.00,1,-1,-1,-1
398,2465,46.00,170.00,64.00,170.00,1,-1,-1,-1
399,2464,45.44,171.25,76.64,166.99,1,-1,-1,-1
400,2464,28.34,148.98,90.29,201.51,1,-1,-1,-1
401,2464,22.76,140.89,93.69,214.08,1,-1,-1,-1
402,2464,16.38,132.62,100.01,234.08,1,-1,-1,-1
403,2464,11.23,128.13,103.00,248.15,1,-1,-1,-1
404,2464,5.57,122.70,104.23,258.66,1,-1,-1,-1
405,2464,-1.65,118.33,107.64,267.12,1,-1,-1,-1
487,2466,386.00,152.00,72.00,198.00,1,-1,-1,-1
487,2467,328.00,238.00,16.00,54.00,1,-1,-1,-1
488,2466,386.00,152.00,72.00,198.00,1,-1,-1,-1
488,2467,328.00,238.00,16.00,54.00,1,-1,-1,-1
489,2466,386.00,152.00,72.00,198.00,1,-1,-1,-1
489,2467,328.00,238.00,16.00,54.00,1,-1,-1,-1
490,2466,386.00,152.00,72.00,198.00,1,-1,-1,-1
490,2467,328.00,238.00,16.00,54.00,1,-1,-1,-1
491,2466,386.00,152.00,72.00,198.00,1,-1,-1,-1
491,2467,328.00,238.00,16.00,54.00,1,-1,-1,-1
492,2466,386.00,152.00,72.00,198.00,1,-1,-1,-1
492,2467,328.00,238.00,16.00,54.00,1,-1,-1,-1
493,2466,386.00,152.00,72.00,198.00,1,-1,-1,-1
493,2467,327.18,236.61,16.26,55.39,1,-1,-1,-1
494,2467,326.93,236.12,16.25,55.88,1,-1,-1,-1
495,2467,326.90,235.94,16.14,56.06,1,-1,-1,-1
496,2467,326.94,235.89,16.00,56.11,1,-1,-1,-1
497,2467,327.01,235.88,15.85,56.12,1,-1,-1,-1
498,2467,327.09,235.89,15.71,56.11,1,-1,-1,-1
499,2467,326.97,235.69,15.76,56.31,1,-1,-1,-1
511,2466,145.32,189.73,48.95,132.47,1,-1,-1,-1
511,2468,44.00,192.00,42.00,150.00,1,-1,-1,-1
512,2466,141.43,191.91,48.88,128.26,1,-1,-1,-1
512,2468,41.31,186.86,43.95,156.86,1,-1,-1,-1
513,2466,139.22,192.53,49.53,127.10,1,-1,-1,-1
513,2468,40.84,186.00,44.32,158.00,1,-1,-1,-1
514,2466,132.25,185.76,51.88,133.73,1,-1,-1,-1
514,2468,40.39,185.14,44.64,159.14,1,-1,-1,-1
515,2466,127.33,181.99,54.05,141.50,1,-1,-1,-1
516,2466,123.38,179.26,54.40,145.76,1,-1,-1,-1
517,2466,115.46,178.64,54.60,146.28,1,-1,-1,-1
523,2466,82.44,162.77,59.08,163.13,1,-1,-1,-1
524,2466,81.38,161.74,58.10,164.23,1,-1,-1,-1
525,2466,81.33,161.38,57.15,164.62,1,-1,-1,-1
526,2466,81.72,161.28,56.30,164.73,1,-1,-1,-1
527,2466,82.24,161.28,55.57,164.73,1,-1,-1,-1
528,2466,82.78,161.33,54.94,164.69,1,-1,-1,-1
529,2466,78.18,160.23,55.31,165.80,1,-1,-1,-1
529,2469,38.00,136.00,58.00,208.00,1,-1,-1,-1
530,2469,38.00,136.00,58.00,208.00,1,-1,-1,-1
531,2466,39.31,139.79,65.69,201.13,1,-1,-1,-1
532,2466,32.32,137.25,66.91,204.86,1,-1,-1,-1
547,2470,130.00,174.00,58.00,152.00,1,-1,-1,-1
548,2470,125.17,162.00,65.94,172.57,1,-1,-1,-1
548,2471,350.00,184.00,58.00,144.00,1,-1,-1,-1
549,2470,120.10,154.31,70.11,183.11,1,-1,-1,-1
549,2471,348.75,182.29,58.79,145.71,1,-1,-1,-1
550,2470,114.07,158.61,70.10,182.59,1,-1,-1,-1
550,2471,346.75,182.00,59.52,147.49,1,-1,-1,-1
551,2470,111.90,160.51,70.08,181.95,1,-1,-1,-1
551,2471,346.08,181.92,59.76,148.07,1,-1,-1,-1
552,2470,111.20,161.28,70.16,181.51,1,-1,-1,-1
552,2471,345.90,181.92,59.83,148.22,1,-1,-1,-1
553,2470,87.08,127.40,88.03,230.45,1,-1,-1,-1
553,2471,351.03,180.52,60.80,149.65,1,-1,-1,-1
554,2470,76.12,115.66,95.62,253.59,1,-1,-1,-1
554,2471,354.25,184.16,61.13,148.75,1,-1,-1,-1
555,2470,69.45,108.97,99.96,265.10,1,-1,-1,-1
555,2471,356.52,185.51,61.72,147.02,1,-1,-1,-1
556,2471,355.16,183.27,63.48,149.08,1,-1,-1,-1
557,2471,354.34,182.45,64.68,149.83,1,-1,-1,-1
558,2471,353.73,182.14,65.66,150.09,1,-1,-1,-1
559,2470,-7.18,54.24,141.79,384.83,1,-1,-1,-1
559,2471,357.82,179.37,65.25,150.17,1,-1,-1,-1
560,2470,-16.17,41.00,146.09,406.60,1,-1,-1,-1
560,2471,358.15,182.30,63.49,148.87,1,-1,-1,-1
560,2472,230.00,202.00,20.00,72.00,1,-1,-1,-1
561,2470,-26.20,32.19,152.11,423.33,1,-1,-1,-1
561,2471,359.64,182.09,62.66,149.68,1,-1,-1,-1
561,2473,398.00,186.00,54.00,152.00,1,-1,-1,-1
562,2471,363.37,183.33,61.20,148.67,1,-1,-1,-1
562,2473,397.46,189.43,53.37,150.29,1,-1,-1,-1
563,2471,365.36,185.12,60.72,149.59,1,-1,-1,-1
563,2473,395.83,190.00,54.83,154.52,1,-1,-1,-1
564,2471,365.72,184.48,61.24,151.24,1,-1,-1,-1
564,2473,393.81,188.69,56.84,160.34,1,-1,-1,-1
564,2474,548.00,170.00,48.00,166.00,1,-1,-1,-1
565,2471,370.28,186.84,60.35,147.95,1,-1,-1,-1
565,2473,392.76,188.69,57.77,162.95,1,-1,-1,-1
566,2471,370.29,186.41,63.37,154.58,1,-1,-1,-1
566,2473,394.28,194.75,58.44,162.61,1,-1,-1,-1
567,2471,369.68,190.12,64.40,155.72,1,-1,-1,-1
567,2473,393.80,195.93,59.17,164.65,1,-1,-1,-1
568,2471,368.32,186.37,66.92,161.34,1,-1,-1,-1
568,2473,395.21,192.96,60.56,166.13,1,-1,-1,-1
569,2471,367.77,184.93,67.89,162.17,1,-1,-1,-1
569,2473,395.07,193.54,61.27,168.09,1,-1,-1,-1
570,2471,368.97,181.77,67.93,163.74,1,-1,-1,-1
571,2471,367.58,177.97,68.99,168.19,1,-1,-1,-1
572,2471,367.25,176.53,68.95,169.86,1,-1,-1,-1
573,2471,367.29,175.99,68.53,170.46,1,-1,-1,-1
574,2471,367.46,175.79,68.01,170.65,1,-1,-1,-1
575,2471,367.67,175.74,67.47,170.68,1,-1,-1,-1
576,2471,367.88,175.73,66.97,170.65,1,-1,-1,-1
577,2471,368.24,175.28,67.39,171.72,1,-1,-1,-1
583,2471,398.45,185.07,76.47,191.04,1,-1,-1,-1
583,2473,495.04,209.84,66.15,180.29,1,-1,-1,-1
584,2471,399.19,172.55,82.52,204.27,1,-1,-1,-1
584,2473,499.60,208.85,67.23,181.83,1,-1,-1,-1
585,2471,397.99,165.69,85.14,215.22,1,-1,-1,-1
585,2473,504.94,209.72,67.66,183.00,1,-1,-1,-1
586,2471,399.91,164.70,86.46,218.56,1,-1,-1,-1
589,2475,366.00,170.00,46.00,150.00,1,-1,-1,-1
590,2475,369.84,170.00,43.47,141.43,1,-1,-1,-1
595,2471,359.29,174.92,61.99,159.05,1,-1,-1,-1
595,2476,464.00,118.00,110.00,300.00,1,-1,-1,-1
595,2477,434.00,132.00,76.00,254.00,1,-1,-1,-1
596,2471,356.23,172.61,60.63,157.89,1,-1,-1,-1
596,2476,467.50,114.57,113.30,310.29,1,-1,-1,-1
596,2477,442.53,130.29,76.08,254.00,1,-1,-1,-1
597,2471,352.46,168.02,60.79,158.85,1,-1,-1,-1
597,2476,470.62,116.96,114.68,316.44,1,-1,-1,-1
597,2477,457.17,136.00,64.68,213.47,1,-1,-1,-1
598,2471,349.46,163.72,62.94,161.92,1,-1,-1,-1
598,2476,468.12,114.91,114.89,319.90,1,-1,-1,-1
598,2477,463.18,137.73,60.56,199.87,1,-1,-1,-1
599,2471,348.20,162.16,64.18,163.10,1,-1,-1,-1
599,2476,467.60,114.17,114.03,320.90,1,-1,-1,-1
600,2471,347.63,161.62,65.02,163.57,1,-1,-1,-1
600,2476,467.88,113.93,112.75,321.08,1,-1,-1,-1
601,2471,336.20,160.14,75.96,190.30,1,-1,-1,-1
601,2476,471.26,116.61,109.84,316.89,1,-1,-1,-1
602,2471,331.97,159.59,80.08,199.90,1,-1,-1,-1
602,2476,472.97,117.61,107.80,315.26,1,-1,-1,-1
603,2471,330.28,159.42,81.87,203.77,1,-1,-1,-1
603,2476,474.06,117.96,106.11,314.63,1,-1,-1,-1
604,2471,329.65,159.40,82.66,205.18,1,-1,-1,-1
604,2476,474.90,118.08,104.56,314.37,1,-1,-1,-1
605,2471,329.44,159.43,83.02,205.62,1,-1,-1,-1
605,2476,475.64,118.12,103.10,314.25,1,-1,-1,-1
606,2471,329.39,159.47,83.22,205.68,1,-1,-1,-1
606,2476,476.32,118.12,101.72,314.20,1,-1,-1,-1
607,2471,289.56,118.25,114.03,280.41,1,-1,-1,-1
607,2476,475.31,85.01,105.01,327.40,1,-1,-1,-1
608,2471,265.74,98.98,131.41,318.62,1,-1,-1,-1
608,2476,475.38,81.51,105.57,329.13,1,-1,-1,-1
609,2471,246.97,80.87,144.80,347.49,1,-1,-1,-1
610,2471,223.84,53.94,161.66,387.32,1,-1,-1,-1
611,2471,193.72,30.92,184.67,449.24,1,-1,-1,-1
612,2471,172.78,15.58,197.08,491.20,1,-1,-1,-1
613,2471,165.26,6.82,195.05,493.06,1,-1,-1,-1
614,2471,163.12,3.44,192.59,493.17,1,-1,-1,-1
615,2471,163.11,2.27,190.20,492.84,1,-1,-1,-1
616,2471,163.88,1.98,187.99,492.38,1,-1,-1,-1
617,2471,164.90,2.04,185.96,491.87,1,-1,-1,-1
618,2471,165.97,2.24,184.11,491.33,1,-1,-1,-1
619,2471,159.13,-3.68,188.37,502.71,1,-1,-1,-1
631,2478,230.00,182.00,44.00,144.00,1,-1,-1,-1
632,2478,232.12,190.57,41.48,135.43,1,-1,-1,-1
633,2476,449.40,172.69,50.10,153.60,1,-1,-1,-1
633,2478,231.95,190.46,42.09,137.08,1,-1,-1,-1
634,2476,445.99,172.42,52.09,156.86,1,-1,-1,-1
634,2478,230.70,191.84,41.69,134.69,1,-1,-1,-1
635,2476,445.20,172.90,52.51,156.22,1,-1,-1,-1
635,2478,230.13,192.23,41.84,133.92,1,-1,-1,-1
636,2476,444.88,172.87,53.02,156.37,1,-1,-1,-1
636,2478,229.80,192.32,42.20,133.71,1,-1,-1,-1
637,2476,449.50,172.73,52.50,155.22,1,-1,-1,-1
637,2478,225.34,183.92,45.46,143.46,1,-1,-1,-1
638,2476,452.46,171.19,52.56,157.80,1,-1,-1,-1
638,2478,222.80,180.97,47.25,148.22,1,-1,-1,-1
638,2479,182.00,182.00,56.00,148.00,1,-1,-1,-1
639,2476,456.23,171.98,51.23,156.05,1,-1,-1,-1
639,2478,220.07,179.89,48.86,152.63,1,-1,-1,-1
639,2479,181.37,180.29,57.27,151.43,1,-1,-1,-1
640,2476,460.05,170.86,51.27,156.86,1,-1,-1,-1
640,2478,218.47,179.52,49.35,152.94,1,-1,-1,-1
640,2479,180.18,178.51,58.15,153.49,1,-1,-1,-1
641,2476,462.75,171.78,52.61,159.91,1,-1,-1,-1
641,2478,216.51,178.12,51.02,156.91,1,-1,-1,-1
641,2479,178.43,176.46,59.67,157.08,1,-1,-1,-1
642,2476,461.75,170.77,58.33,177.03,1,-1,-1,-1
642,2478,215.06,176.92,51.71,159.03,1,-1,-1,-1
642,2479,179.87,175.80,61.85,161.10,1,-1,-1,-1
643,2476,463.21,171.11,58.83,178.54,1,-1,-1,-1
643,2479,175.03,171.47,65.04,167.98,1,-1,-1,-1
644,2479,173.08,169.93,66.58,170.40,1,-1,-1,-1
645,2479,172.19,169.42,67.49,171.16,1,-1,-1,-1
646,2479,171.71,169.31,68.18,171.32,1,-1,-1,-1
647,2479,171.38,169.32,68.78,171.27,1,-1,-1,-1
648,2479,171.11,169.37,69.33,171.16,1,-1,-1,-1
649,2479,145.02,162.85,75.47,185.52,1,-1,-1,-1
650,2479,134.40,166.81,75.88,184.46,1,-1,-1,-1
651,2479,124.62,158.11,79.52,191.64,1,-1,-1,-1
652,2479,120.79,154.84,81.28,194.31,1,-1,-1,-1
653,2479,119.27,153.61,82.27,195.25,1,-1,-1,-1
654,2479,118.67,153.20,82.94,195.50,1,-1,-1,-1
655,2476,536.44,172.09,64.00,182.40,1,-1,-1,-1
655,2479,114.73,151.46,84.11,198.26,1,-1,-1,-1
656,2476,508.28,173.48,64.97,179.52,1,-1,-1,-1
657,2476,500.32,176.56,62.87,174.68,1,-1,-1,-1
657,2478,77.14,126.70,96.06,280.05,1,-1,-1,-1
658,2476,501.57,177.08,62.85,174.63,1,-1,-1,-1
658,2478,69.31,123.95,101.82,287.46,1,-1,-1,-1
659,2478,65.76,122.91,105.27,290.33,1,-1,-1,-1
660,2478,64.08,122.57,107.52,291.29,1,-1,-1,-1
661,2478,57.35,119.95,109.81,297.49,1,-1,-1,-1
679,2480,0.00,70.00,98.00,376.00,1,-1,-1,-1
680,2480,-4.33,71.71,96.38,370.86,1,-1,-1,-1
709,2481,178.00,182.00,56.00,158.00,1,-1,-1,-1
710,2481,178.00,182.00,56.00,158.00,1,-1,-1,-1
711,2481,178.00,182.00,56.00,158.00,1,-1,-1,-1
712,2481,178.00,182.00,56.00,158.00,1,-1,-1,-1
713,2481,178.00,182.00,56.00,158.00,1,-1,-1,-1
714,2481,178.00,182.00,56.00,158.00,1,-1,-1,-1
715,2481,178.00,182.00,56.00,158.00,1,-1,-1,-1
721,2482,30.00,44.00,124.00,414.00,1,-1,-1,-1
722,2482,30.00,44.00,124.00,414.00,1,-1,-1,-1
723,2482,30.00,44.00,124.00,414.00,1,-1,-1,-1
724,2482,30.00,44.00,124.00,414.00,1,-1,-1,-1
725,2482,30.00,44.00,124.00,414.00,1,-1,-1,-1
726,2482,30.00,44.00,124.00,414.00,1,-1,-1,-1
727,2482,30.00,44.00,124.00,414.00,1,-1,-1,-1
733,2483,366.00,194.00,56.00,134.00,1,-1,-1,-1
734,2483,368.20,194.00,56.74,135.71,1,-1,-1,-1
735,2483,371.24,191.01,57.49,137.49,1,-1,-1,-1
736,2483,372.21,188.53,59.28,142.49,1,-1,-1,-1
737,2483,372.60,187.74,59.61,144.15,1,-1,-1,-1
738,2483,372.82,187.53,59.42,144.64,1,-1,-1,-1
739,2482,88.54,185.91,46.34,147.92,1,-1,-1,-1
739,2483,386.31,184.77,62.54,151.58,1,-1,-1,-1
740,2482,91.79,190.34,46.15,141.25,1,-1,-1,-1
740,2483,399.92,186.46,62.11,150.06,1,-1,-1,-1
740,2484,184.00,192.00,52.00,136.00,1,-1,-1,-1
741,2482,90.25,185.62,48.53,147.89,1,-1,-1,-1
741,2483,408.90,179.16,66.15,158.70,1,-1,-1,-1
741,2484,179.72,186.86,57.13,149.71,1,-1,-1,-1
742,2481,183.75,182.00,56.47,156.01,1,-1,-1,-1
742,2482,87.56,173.69,58.03,175.32,1,-1,-1,-1
742,2483,412.35,171.30,69.76,168.33,1,-1,-1,-1
743,2481,183.47,182.00,57.19,155.98,1,-1,-1,-1
743,2482,86.51,169.66,61.53,184.59,1,-1,-1,-1
743,2483,413.68,168.30,70.87,171.98,1,-1,-1,-1
744,2481,183.25,182.00,57.68,155.97,1,-1,-1,-1
744,2482,85.91,168.07,63.11,188.17,1,-1,-1,-1
744,2483,414.12,167.21,71.01,173.29,1,-1,-1,-1
745,2481,184.39,185.95,56.73,154.65,1,-1,-1,-1
745,2482,78.80,160.88,68.05,206.65,1,-1,-1,-1
745,2483,429.11,172.04,70.76,174.96,1,-1,-1,-1
745,2485,42.00,172.00,56.00,164.00,1,-1,-1,-1
746,2481,185.75,187.45,57.14,155.48,1,-1,-1,-1
746,2482,76.17,148.00,71.11,221.14,1,-1,-1,-1
746,2483,441.69,171.40,70.95,179.36,1,-1,-1,-1
746,2485,33.67,149.71,62.37,182.86,1,-1,-1,-1
747,2481,182.36,185.36,59.80,162.37,1,-1,-1,-1
747,2482,75.10,144.52,73.33,228.05,1,-1,-1,-1
747,2483,449.91,164.79,71.67,183.54,1,-1,-1,-1
748,2481,181.06,184.57,60.86,164.94,1,-1,-1,-1
748,2483,453.20,162.26,71.40,185.07,1,-1,-1,-1
749,2481,180.53,184.26,61.31,165.92,1,-1,-1,-1
749,2483,454.53,161.34,70.78,185.55,1,-1,-1,-1
750,2481,180.31,184.13,61.51,166.26,1,-1,-1,-1
750,2483,455.07,161.06,70.06,185.63,1,-1,-1,-1
751,2481,180.16,184.22,61.80,167.06,1,-1,-1,-1
751,2483,479.61,173.92,67.25,179.11,1,-1,-1,-1
752,2483,486.08,173.30,68.01,181.12,1,-1,-1,-1
757,2483,533.53,171.85,73.96,201.09,1,-1,-1,-1
758,2483,537.56,171.78,73.24,202.60,1,-1,-1,-1
759,2483,539.31,171.75,72.36,203.15,1,-1,-1,-1
760,2483,540.05,171.76,71.50,203.29,1,-1,-1,-1
761,2483,540.34,171.77,70.72,203.27,1,-1,-1,-1
762,2483,540.46,171.79,70.01,203.19,1,-1,-1,-1
763,2483,545.70,171.45,70.67,205.11,1,-1,-1,-1
775,2481,179.86,193.94,50.38,136.41,1,-1,-1,-1
776,2481,179.90,194.08,50.11,135.82,1,-1,-1,-1
777,2481,179.92,194.14,49.99,135.59,1,-1,-1,-1
778,2481,179.93,194.15,49.95,135.54,1,-1,-1,-1
779,2481,179.94,194.14,49.95,135.57,1,-1,-1,-1
780,2481,179.95,194.13,49.95,135.61,1,-1,-1,-1
781,2481,179.94,194.33,49.71,134.97,1,-1,-1,-1
781,2486,136.00,176.00,64.00,170.00,1,-1,-1,-1
782,2486,136.00,176.00,64.00,170.00,1,-1,-1,-1
783,2481,143.00,178.78,60.82,164.62,1,-1,-1,-1
784,2481,122.09,170.17,68.07,184.12,1,-1,-1,-1
785,2481,116.82,168.12,69.55,188.11,1,-1,-1,-1
799,2487,550.00,188.00,62.00,178.00,1,-1,-1,-1
800,2487,550.00,188.00,62.00,178.00,1,-1,-1,-1
801,2487,550.00,188.00,62.00,178.00,1,-1,-1,-1
802,2487,550.00,188.00,62.00,178.00,1,-1,-1,-1
803,2487,550.00,188.00,62.00,178.00,1,-1,-1,-1
804,2487,550.00,188.00,62.00,178.00,1,-1,-1,-1
805,2487,550.00,188.00,62.00,178.00,1,-1,-1,-1
841,2488,44.00,146.00,58.00,194.00,1,-1,-1,-1
842,2488,44.00,146.00,58.00,194.00,1,-1,-1,-1
843,2488,44.00,146.00,58.00,194.00,1,-1,-1,-1
844,2488,44.00,146.00,58.00,194.00,1,-1,-1,-1
845,2488,44.00,146.00,58.00,194.00,1,-1,-1,-1
846,2488,44.00,146.00,58.00,194.00,1,-1,-1,-1
847,2488,44.00,146.00,58.00,194.00,1,-1,-1,-1
847,2489,318.00,180.00,54.00,148.00,1,-1,-1,-1
847,2490,140.00,158.00,60.00,178.00,1,-1,-1,-1
848,2489,318.00,180.00,54.00,148.00,1,-1,-1,-1
848,2490,140.00,158.00,60.00,178.00,1,-1,-1,-1
849,2489,318.00,180.00,54.00,148.00,1,-1,-1,-1
849,2490,140.00,158.00,60.00,178.00,1,-1,-1,-1
850,2489,318.00,180.00,54.00,148.00,1,-1,-1,-1
850,2490,140.00,158.00,60.00,178.00,1,-1,-1,-1
851,2489,318.00,180.00,54.00,148.00,1,-1,-1,-1
851,2490,140.00,158.00,60.00,178.00,1,-1,-1,-1
852,2489,318.00,180.00,54.00,148.00,1,-1,-1,-1
852,2490,140.00,158.00,60.00,178.00,1,-1,-1,-1
853,2489,318.00,180.00,54.00,148.00,1,-1,-1,-1
853,2490,131.14,152.45,62.46,186.32,1,-1,-1,-1
853,2491,272.00,174.00,54.00,162.00,1,-1,-1,-1
854,2490,125.51,149.14,64.28,191.96,1,-1,-1,-1
854,2491,266.45,170.57,56.52,170.57,1,-1,-1,-1
855,2489,270.41,171.25,59.96,168.99,1,-1,-1,-1
855,2490,123.47,147.93,64.91,194.03,1,-1,-1,-1
856,2489,263.78,170.05,60.98,171.87,1,-1,-1,-1
856,2490,117.80,147.52,67.15,202.66,1,-1,-1,-1
857,2490,115.93,147.40,67.57,205.85,1,-1,-1,-1
858,2490,115.49,147.40,67.33,206.97,1,-1,-1,-1
859,2489,221.03,176.54,57.48,160.84,1,-1,-1,-1
859,2490,98.76,133.13,73.20,225.52,1,-1,-1,-1
860,2489,212.43,176.22,57.90,162.00,1,-1,-1,-1
860,2490,88.05,126.54,78.00,243.79,1,-1,-1,-1
861,2489,189.57,168.01,61.33,170.21,1,-1,-1,-1
861,2490,82.09,115.21,80.94,255.98,1,-1,-1,-1
862,2489,179.35,163.68,61.74,173.33,1,-1,-1,-1
862,2490,75.42,114.47,82.08,260.74,1,-1,-1,-1
863,2489,175.93,162.11,61.50,174.45,1,-1,-1,-1
863,2490,73.01,114.29,82.26,262.44,1,-1,-1,-1
864,2489,175.10,161.56,61.08,174.81,1,-1,-1,-1
864,2490,72.30,114.32,82.10,262.92,1,-1,-1,-1
865,2489,145.65,153.60,65.26,189.17,1,-1,-1,-1
865,2490,67.98,111.61,83.73,268.17,1,-1,-1,-1
866,2489,134.16,144.33,67.85,198.31,1,-1,-1,-1
867,2489,130.04,140.68,68.57,201.88,1,-1,-1,-1
868,2489,128.91,139.31,68.55,203.18,1,-1,-1,-1
869,2489,128.91,138.86,68.28,203.58,1,-1,-1,-1
870,2489,129.30,138.76,67.93,203.64,1,-1,-1,-1
871,2489,121.20,136.59,68.86,206.43,1,-1,-1,-1
871,2490,6.63,44.55,118.84,377.07,1,-1,-1,-1
872,2490,-0.94,37.03,123.99,395.07,1,-1,-1,-1
873,2490,-3.73,34.14,125.76,402.10,1,-1,-1,-1
874,2490,-4.56,33.14,126.19,404.63,1,-1,-1,-1
875,2490,-4.63,32.91,126.10,405.35,1,-1,-1,-1
876,2490,-4.43,32.96,125.84,405.37,1,-1,-1,-1
877,2489,31.89,153.54,65.64,196.21,1,-1,-1,-1
877,2490,-9.78,28.09,128.55,414.11,1,-1,-1,-1
878,2489,21.18,153.30,65.99,197.26,1,-1,-1,-1
925,2492,218.00,174.00,50.00,150.00,1,-1,-1,-1
925,2493,94.00,164.00,50.00,166.00,1,-1,-1,-1
926,2492,218.00,174.00,50.00,150.00,1,-1,-1,-1
926,2493,94.00,164.00,50.00,166.00,1,-1,-1,-1
927,2492,218.00,174.00,50.00,150.00,1,-1,-1,-1
927,2493,94.00,164.00,50.00,166.00,1,-1,-1,-1
928,2492,218.00,174.00,50.00,150.00,1,-1,-1,-1
928,2493,94.00,164.00,50.00,166.00,1,-1,-1,-1
929,2492,218.00,174.00,50.00,150.00,1,-1,-1,-1
929,2493,94.00,164.00,50.00,166.00,1,-1,-1,-1
930,2492,218.00,174.00,50.00,150.00,1,-1,-1,-1
930,2493,94.00,164.00,50.00,166.00,1,-1,-1,-1
931,2492,196.96,178.16,57.40,169.42,1,-1,-1,-1
931,2493,94.00,164.00,50.00,166.00,1,-1,-1,-1
932,2492,189.25,179.62,60.70,176.21,1,-1,-1,-1
933,2492,186.02,180.16,62.60,178.76,1,-1,-1,-1
934,2492,184.63,180.34,63.90,179.59,1,-1,-1,-1
935,2492,183.96,180.38,64.94,179.76,1,-1,-1,-1
936,2492,183.54,180.37,65.87,179.70,1,-1,-1,-1
937,2492,180.51,180.97,66.90,182.52,1,-1,-1,-1
937,2494,412.00,186.00,48.00,148.00,1,-1,-1,-1
937,2495,318.00,190.00,48.00,138.00,1,-1,-1,-1
938,2494,412.00,186.00,48.00,148.00,1,-1,-1,-1
938,2495,318.00,190.00,48.00,138.00,1,-1,-1,-1
939,2494,412.00,186.00,48.00,148.00,1,-1,-1,-1
939,2495,318.00,190.00,48.00,138.00,1,-1,-1,-1
940,2494,412.00,186.00,48.00,148.00,1,-1,-1,-1
940,2495,318.00,190.00,48.00,138.00,1,-1,-1,-1
941,2494,412.00,186.00,48.00,148.00,1,-1,-1,-1
941,2495,318.00,190.00,48.00,138.00,1,-1,-1,-1
942,2494,412.00,186.00,48.00,148.00,1,-1,-1,-1
942,2495,318.00,190.00,48.00,138.00,1,-1,-1,-1
943,2494,412.00,186.00,48.00,148.00,1,-1,-1,-1
943,2495,326.88,185.84,52.44,150.49,1,-1,-1,-1
943,2496,20.00,10.00,190.00,440.00,1,-1,-1,-1
943,2497,454.00,174.00,52.00,166.00,1,-1,-1,-1
944,2495,339.01,172.54,59.66,173.29,1,-1,-1,-1
944,2496,1.51,20.29,206.41,479.43,1,-1,-1,-1
944,2497,457.10,172.29,54.37,172.86,1,-1,-1,-1
945,2495,346.90,167.47,62.12,183.22,1,-1,-1,-1
945,2496,-0.96,13.31,213.71,497.58,1,-1,-1,-1
945,2497,462.87,170.52,56.06,176.95,1,-1,-1,-1
946,2495,354.39,165.49,63.21,187.10,1,-1,-1,-1
946,2496,-23.68,3.48,204.38,482.15,1,-1,-1,-1
946,2497,478.01,167.02,57.93,182.65,1,-1,-1,-1
947,2495,362.23,166.09,66.40,197.36,1,-1,-1,-1
947,2496,-32.47,0.03,205.73,485.32,1,-1,-1,-1
947,2497,488.29,165.84,62.42,194.41,1,-1,-1,-1
948,2495,376.62,161.33,69.99,208.81,1,-1,-1,-1
948,2497,496.45,160.06,69.49,216.10,1,-1,-1,-1
949,2495,380.21,157.00,75.44,223.24,1,-1,-1,-1
949,2497,502.14,156.64,73.00,224.11,1,-1,-1,-1
950,2495,381.35,155.32,77.94,228.87,1,-1,-1,-1
950,2497,503.75,155.37,74.90,226.92,1,-1,-1,-1
951,2495,381.47,154.74,79.19,230.91,1,-1,-1,-1
951,2497,503.77,154.98,76.13,227.66,1,-1,-1,-1
952,2495,381.22,154.60,79.91,231.49,1,-1,-1,-1
952,2497,503.22,154.91,77.10,227.66,1,-1,-1,-1
953,2495,380.85,154.62,80.40,231.52,1,-1,-1,-1
953,2497,502.52,154.96,77.97,227.41,1,-1,-1,-1
954,2495,380.45,154.70,80.78,231.35,1,-1,-1,-1
954,2497,501.79,155.05,78.77,227.10,1,-1,-1,-1
955,2495,383.97,152.64,82.64,236.67,1,-1,-1,-1
955,2497,505.94,153.54,80.46,231.98,1,-1,-1,-1
955,2498,432.00,92.00,128.00,330.00,1,-1,-1,-1
955,2499,198.00,174.00,80.00,176.00,1,-1,-1,-1
956,2492,201.04,178.23,71.63,188.77,1,-1,-1,-1
956,2496,426.70,119.09,135.31,319.77,1,-1,-1,-1
957,2492,201.56,178.20,71.89,189.47,1,-1,-1,-1
957,2496,448.33,113.14,138.86,330.90,1,-1,-1,-1
958,2496,456.82,113.03,138.14,331.55,1,-1,-1,-1
959,2492,180.73,183.20,78.50,197.03,1,-1,-1,-1
959,2496,485.39,118.69,134.88,323.71,1,-1,-1,-1
960,2492,179.44,183.62,79.00,198.28,1,-1,-1,-1
967,2500,10.00,20.00,176.00,476.00,1,-1,-1,-1
968,2500,10.00,20.00,176.00,476.00,1,-1,-1,-1
969,2500,10.00,20.00,176.00,476.00,1,-1,-1,-1
970,2500,10.00,20.00,176.00,476.00,1,-1,-1,-1
971,2500,10.00,20.00,176.00,476.00,1,-1,-1,-1
972,2500,10.00,20.00,176.00,476.00,1,-1,-1,-1
973,2500,10.00,20.00,176.00,476.00,1,-1,-1,-1
973,2501,34.00,160.00,70.00,172.00,1,-1,-1,-1
974,2501,26.92,158.29,70.45,173.71,1,-1,-1,-1
975,2501,28.15,153.51,68.68,169.51,1,-1,-1,-1
976,2501,26.28,156.43,66.87,165.08,1,-1,-1,-1
977,2501,25.70,157.50,66.29,163.70,1,-1,-1,-1
978,2501,25.55,157.86,66.13,163.35,1,-1,-1,-1
979,2501,24.91,157.96,65.47,161.73,1,-1,-1,-1
