1,1700,329.61,116.98,106.19,242.15,1,-1,-1,-1
1,1702,417.68,140.74,114.15,204.87,1,-1,-1,-1
1,1705,508.00,110.00,46.00,130.00,1,-1,-1,-1
1,1706,182.00,94.00,70.00,222.00,1,-1,-1,-1
1,1707,104.00,94.00,66.00,218.00,1,-1,-1,-1
1,1708,570.00,82.00,64.00,198.00,1,-1,-1,-1
2,1695,165.74,96.67,100.89,216.34,1,-1,-1,-1
2,1700,334.53,91.00,106.75,245.15,1,-1,-1,-1
2,1702,423.64,111.74,116.42,215.73,1,-1,-1,-1
2,1707,95.29,90.57,69.71,230.00,1,-1,-1,-1
2,1708,569.19,78.57,65.62,203.14,1,-1,-1,-1
3,1695,172.27,90.83,97.24,226.26,1,-1,-1,-1
3,1700,343.46,79.62,111.62,255.29,1,-1,-1,-1
3,1702,427.99,100.07,114.66,219.15,1,-1,-1,-1
3,1707,87.68,92.94,69.43,227.60,1,-1,-1,-1
3,1708,569.69,83.94,63.14,195.09,1,-1,-1,-1
4,1695,184.51,94.25,86.84,207.92,1,-1,-1,-1
4,1700,350.04,77.99,111.91,255.32,1,-1,-1,-1
4,1702,432.11,91.54,117.36,224.31,1,-1,-1,-1
4,1707,81.20,92.34,69.75,226.57,1,-1,-1,-1
4,1708,570.77,87.34,61.98,190.74,1,-1,-1,-1
5,1695,191.32,89.03,87.26,215.74,1,-1,-1,-1
5,1700,350.13,80.27,113.79,261.68,1,-1,-1,-1
5,1707,73.35,99.35,68.58,218.96,1,-1,-1,-1
5,1708,568.22,86.88,63.01,192.41,1,-1,-1,-1
6,1695,194.25,87.23,86.18,218.47,1,-1,-1,-1
6,1700,350.25,81.31,113.99,264.06,1,-1,-1,-1
6,1707,70.47,101.76,69.03,216.33,1,-1,-1,-1
6,1708,567.17,86.65,63.77,193.07,1,-1,-1,-1
7,1695,205.06,88.00,84.29,214.24,1,-1,-1,-1
7,1700,356.08,84.52,105.86,244.33,1,-1,-1,-1
7,1702,448.82,101.35,104.64,204.61,1,-1,-1,-1
7,1707,68.50,108.11,65.99,202.89,1,-1,-1,-1
7,1708,566.37,90.68,63.55,189.20,1,-1,-1,-1
7,1709,180.00,98.00,40.00,158.00,1,-1,-1,-1
8,1695,209.54,92.42,84.91,213.96,1,-1,-1,-1
8,1700,359.15,87.53,101.57,233.71,1,-1,-1,-1
8,1702,447.90,97.03,106.59,214.93,1,-1,-1,-1
8,1707,57.02,101.75,70.07,213.82,1,-1,-1,-1
8,1708,565.97,94.85,63.76,186.48,1,-1,-1,-1
8,1709,179.58,94.57,40.85,161.43,1,-1,-1,-1
9,1695,213.89,94.14,85.97,220.47,1,-1,-1,-1
9,1700,363.28,87.46,98.90,228.50,1,-1,-1,-1
9,1702,452.76,94.07,107.73,220.79,1,-1,-1,-1
9,1707,50.88,99.61,72.07,218.83,1,-1,-1,-1
9,1708,564.86,94.90,64.45,185.58,1,-1,-1,-1
9,1709,181.73,96.98,39.52,156.05,1,-1,-1,-1
10,1695,215.73,94.83,85.61,222.90,1,-1,-1,-1
10,1700,364.73,87.58,97.72,226.60,1,-1,-1,-1
10,1702,455.00,93.07,107.24,222.96,1,-1,-1,-1
10,1707,48.67,98.76,73.07,220.78,1,-1,-1,-1
10,1708,564.16,94.84,65.34,185.33,1,-1,-1,-1
10,1709,182.46,97.85,39.08,154.16,1,-1,-1,-1
11,1695,224.17,97.75,83.88,217.29,1,-1,-1,-1
11,1700,368.87,83.80,100.27,236.49,1,-1,-1,-1
11,1702,454.60,85.20,109.27,235.22,1,-1,-1,-1
11,1707,35.59,98.41,71.81,216.21,1,-1,-1,-1
11,1708,560.88,93.41,66.39,186.64,1,-1,-1,-1
11,1709,182.46,95.18,40.82,160.95,1,-1,-1,-1
12,1695,230.13,98.93,82.54,215.11,1,-1,-1,-1
12,1700,372.22,78.59,103.86,250.49,1,-1,-1,-1
12,1702,457.79,86.05,107.02,234.81,1,-1,-1,-1
12,1707,27.26,94.24,74.53,226.54,1,-1,-1,-1
12,1708,559.09,88.83,67.98,189.84,1,-1,-1,-1
12,1709,181.61,90.10,43.06,170.21,1,-1,-1,-1
13,1695,233.90,102.04,79.87,209.03,1,-1,-1,-1
13,1700,377.65,77.96,100.53,246.90,1,-1,-1,-1
13,1702,462.81,89.21,103.39,228.05,1,-1,-1,-1
13,1707,19.16,92.72,74.12,226.39,1,-1,-1,-1
13,1708,558.33,89.24,67.77,189.24,1,-1,-1,-1
13,1709,180.14,89.62,43.47,172.20,1,-1,-1,-1
14,1695,235.16,103.23,78.72,206.75,1,-1,-1,-1
14,1700,380.02,77.92,98.26,245.39,1,-1,-1,-1
14,1702,464.77,90.67,101.64,225.24,1,-1,-1,-1
14,1707,16.39,92.14,73.75,226.30,1,-1,-1,-1
14,1709,179.59,89.50,43.54,172.83,1,-1,-1,-1
15,1695,237.97,95.75,81.18,216.51,1,-1,-1,-1
15,1700,383.17,74.12,97.79,247.40,1,-1,-1,-1
15,1702,467.24,93.95,101.21,222.79,1,-1,-1,-1
15,1707,5.34,81.43,79.63,248.57,1,-1,-1,-1
15,1709,178.97,90.84,43.04,171.64,1,-1,-1,-1
16,1695,243.02,94.30,80.39,218.81,1,-1,-1,-1
16,1700,385.75,75.38,95.87,245.53,1,-1,-1,-1
16,1702,473.91,94.02,102.35,224.38,1,-1,-1,-1
16,1707,-0.28,76.23,81.09,256.75,1,-1,-1,-1
16,1709,178.95,91.38,42.41,169.77,1,-1,-1,-1
17,1695,247.40,91.17,80.05,222.30,1,-1,-1,-1
17,1700,387.52,79.90,93.24,242.17,1,-1,-1,-1
17,1702,474.53,90.26,103.81,230.10,1,-1,-1,-1
17,1707,-2.75,80.57,78.78,249.73,1,-1,-1,-1
17,1709,178.71,90.28,42.66,171.66,1,-1,-1,-1
18,1695,249.35,90.01,79.08,223.62,1,-1,-1,-1
18,1700,388.38,81.72,91.55,240.88,1,-1,-1,-1
18,1702,474.99,88.90,103.73,232.23,1,-1,-1,-1
18,1707,-3.39,82.39,77.76,246.78,1,-1,-1,-1
18,1709,178.69,89.89,42.61,172.33,1,-1,-1,-1
19,1695,250.78,83.10,80.90,231.90,1,-1,-1,-1
19,1700,392.74,86.41,89.13,233.83,1,-1,-1,-1
19,1702,481.57,91.07,99.67,226.52,1,-1,-1,-1
19,1707,1.22,106.57,71.94,223.44,1,-1,-1,-1
19,1709,178.04,87.14,43.87,179.10,1,-1,-1,-1
20,1695,257.78,85.65,80.05,228.60,1,-1,-1,-1
20,1700,402.46,90.92,86.34,223.22,1,-1,-1,-1
20,1702,499.99,97.28,92.24,208.50,1,-1,-1,-1
20,1707,-0.38,106.58,74.44,230.47,1,-1,-1,-1
20,1709,177.64,87.41,43.38,179.03,1,-1,-1,-1
21,1695,262.84,85.42,81.21,229.84,1,-1,-1,-1
21,1700,406.51,92.67,86.81,221.94,1,-1,-1,-1
21,1702,505.70,94.44,93.06,212.22,1,-1,-1,-1
21,1707,-1.23,110.49,73.28,226.38,1,-1,-1,-1
21,1709,178.46,87.55,42.53,176.32,1,-1,-1,-1
22,1695,264.44,85.37,82.02,230.29,1,-1,-1,-1
22,1700,407.62,93.33,87.51,221.51,1,-1,-1,-1
22,1702,507.92,93.45,92.88,213.53,1,-1,-1,-1
22,1707,-1.39,111.95,72.90,224.79,1,-1,-1,-1
22,1709,178.84,87.63,42.09,175.22,1,-1,-1,-1
23,1695,266.08,87.99,81.29,226.53,1,-1,-1,-1
23,1700,407.75,92.27,89.40,225.35,1,-1,-1,-1
23,1702,510.81,93.15,92.32,215.32,1,-1,-1,-1
23,1707,-5.11,113.32,72.83,224.59,1,-1,-1,-1
23,1709,178.76,86.37,42.37,177.38,1,-1,-1,-1
24,1695,266.39,89.03,81.30,225.06,1,-1,-1,-1
24,1700,407.59,91.89,90.31,226.81,1,-1,-1,-1
24,1702,512.12,93.09,91.39,215.99,1,-1,-1,-1
24,1709,178.81,85.91,42.33,178.17,1,-1,-1,-1
25,1695,275.38,95.98,76.40,210.11,1,-1,-1,-1
25,1700,415.31,89.15,90.54,228.70,1,-1,-1,-1
25,1702,513.68,90.52,91.25,217.52,1,-1,-1,-1
25,1709,179.02,87.06,41.92,177.13,1,-1,-1,-1
26,1695,278.51,98.69,74.74,204.34,1,-1,-1,-1
26,1700,418.27,88.14,90.35,229.43,1,-1,-1,-1
26,1702,514.37,89.59,90.78,218.09,1,-1,-1,-1
26,1709,179.16,87.52,41.66,176.70,1,-1,-1,-1
27,1695,283.22,99.67,73.42,202.29,1,-1,-1,-1
27,1700,423.20,83.86,88.96,227.11,1,-1,-1,-1
27,1702,518.50,97.11,86.52,203.94,1,-1,-1,-1
27,1709,180.13,87.71,41.03,175.20,1,-1,-1,-1
28,1695,284.97,100.01,72.65,201.58,1,-1,-1,-1
28,1700,425.06,82.26,88.18,226.24,1,-1,-1,-1
28,1702,519.53,100.12,85.61,198.42,1,-1,-1,-1
28,1709,180.58,87.79,40.63,174.61,1,-1,-1,-1
29,1695,292.80,98.81,72.31,201.37,1,-1,-1,-1
29,1700,428.87,77.76,90.63,236.41,1,-1,-1,-1
29,1702,518.79,103.89,84.68,193.77,1,-1,-1,-1
29,1709,180.85,91.76,38.97,166.51,1,-1,-1,-1
30,1695,295.66,98.35,72.05,201.33,1,-1,-1,-1
30,1700,430.66,76.11,90.69,240.19,1,-1,-1,-1
30,1702,518.12,105.29,84.91,192.10,1,-1,-1,-1
30,1709,180.89,93.29,38.43,163.39,1,-1,-1,-1
31,1695,303.14,98.17,69.42,192.15,1,-1,-1,-1
31,1700,436.31,76.81,88.29,236.47,1,-1,-1,-1
31,1702,519.37,105.81,85.84,192.86,1,-1,-1,-1
31,1709,180.29,93.85,38.16,162.26,1,-1,-1,-1
32,1695,305.61,98.09,68.76,188.71,1,-1,-1,-1
32,1700,438.62,77.14,86.84,235.00,1,-1,-1,-1
32,1702,519.59,106.00,86.52,193.18,1,-1,-1,-1
32,1709,180.07,94.05,38.06,161.86,1,-1,-1,-1
33,1695,311.38,95.40,74.54,202.19,1,-1,-1,-1
33,1700,442.25,77.30,85.79,233.13,1,-1,-1,-1
33,1702,522.51,100.80,88.85,199.93,1,-1,-1,-1
33,1709,180.55,94.11,38.21,161.73,1,-1,-1,-1
34,1695,315.06,97.00,75.94,204.46,1,-1,-1,-1
34,1700,450.57,78.71,84.36,228.49,1,-1,-1,-1
34,1702,527.94,96.26,91.33,207.65,1,-1,-1,-1
34,1709,181.44,94.13,38.17,161.71,1,-1,-1,-1
35,1695,317.03,97.64,77.66,209.28,1,-1,-1,-1
35,1700,455.05,81.91,83.54,225.41,1,-1,-1,-1
35,1702,534.81,97.11,90.30,206.75,1,-1,-1,-1
35,1709,182.04,95.44,37.62,159.09,1,-1,-1,-1
36,1695,317.68,97.89,78.28,211.12,1,-1,-1,-1
36,1700,456.53,83.13,83.40,224.28,1,-1,-1,-1
36,1702,537.55,97.48,89.56,206.37,1,-1,-1,-1
36,1709,182.25,95.92,37.45,158.12,1,-1,-1,-1
37,1695,326.61,100.57,76.43,205.33,1,-1,-1,-1
37,1700,455.67,77.03,89.88,240.95,1,-1,-1,-1
37,1702,547.68,96.33,90.48,212.74,1,-1,-1,-1
37,1709,181.42,96.09,37.88,159.10,1,-1,-1,-1
38,1695,329.81,101.61,75.86,203.08,1,-1,-1,-1
38,1700,455.25,74.79,92.42,247.08,1,-1,-1,-1
38,1702,551.93,95.91,89.79,215.13,1,-1,-1,-1
38,1709,181.05,96.15,38.16,159.49,1,-1,-1,-1
39,1695,333.13,101.98,73.77,198.31,1,-1,-1,-1
39,1700,458.12,76.51,90.96,244.33,1,-1,-1,-1
39,1702,555.11,99.65,86.23,208.27,1,-1,-1,-1
39,1709,181.88,97.47,37.63,157.03,1,-1,-1,-1
40,1695,334.31,102.11,72.82,196.53,1,-1,-1,-1
40,1700,459.23,77.22,90.15,243.19,1,-1,-1,-1
40,1702,556.36,101.12,84.49,205.56,1,-1,-1,-1
40,1709,182.17,97.96,37.47,156.12,1,-1,-1,-1
41,1695,336.59,98.20,72.49,194.57,1,-1,-1,-1
41,1700,464.73,80.11,88.61,240.13,1,-1,-1,-1
41,1702,555.17,97.74,85.65,211.10,1,-1,-1,-1
41,1709,182.83,98.13,37.64,155.80,1,-1,-1,-1
42,1695,337.21,96.72,72.58,193.87,1,-1,-1,-1
42,1700,466.83,81.24,87.80,238.93,1,-1,-1,-1
42,1702,554.98,96.49,85.45,213.16,1,-1,-1,-1
42,1709,183.00,98.18,37.83,155.70,1,-1,-1,-1
43,1695,344.57,94.86,72.62,193.64,1,-1,-1,-1
43,1700,471.69,86.89,84.40,226.71,1,-1,-1,-1
43,1702,553.48,84.35,91.93,235.98,1,-1,-1,-1
43,1709,182.44,98.18,37.84,155.69,1,-1,-1,-1
44,1695,350.31,99.42,70.39,185.70,1,-1,-1,-1
44,1700,474.70,90.40,83.17,219.34,1,-1,-1,-1
44,1702,554.06,82.34,90.83,238.21,1,-1,-1,-1
44,1709,182.36,98.17,37.58,154.39,1,-1,-1,-1
45,1695,357.81,95.84,74.57,194.72,1,-1,-1,-1
45,1700,475.73,90.34,82.69,215.34,1,-1,-1,-1
45,1702,556.37,82.86,88.53,237.72,1,-1,-1,-1
45,1709,182.17,98.16,37.79,155.23,1,-1,-1,-1
46,1695,360.26,94.56,76.51,197.97,1,-1,-1,-1
46,1700,475.73,90.30,83.08,213.91,1,-1,-1,-1
46,1702,557.76,83.12,86.52,237.44,1,-1,-1,-1
46,1709,182.10,98.15,37.87,155.57,1,-1,-1,-1
47,1695,360.53,91.47,79.59,205.73,1,-1,-1,-1
47,1700,480.36,92.92,83.05,210.79,1,-1,-1,-1
47,1702,558.37,89.71,80.28,223.06,1,-1,-1,-1
47,1709,174.79,95.52,39.37,160.94,1,-1,-1,-1
48,1695,360.52,90.31,80.80,208.68,1,-1,-1,-1
48,1700,481.68,93.88,83.69,209.68,1,-1,-1,-1
48,1702,558.75,92.35,77.35,217.34,1,-1,-1,-1
48,1709,172.01,94.53,40.04,162.96,1,-1,-1,-1
49,1695,366.35,92.46,79.64,205.93,1,-1,-1,-1
49,1700,484.02,92.88,85.34,210.65,1,-1,-1,-1
49,1702,564.20,93.32,74.82,212.59,1,-1,-1,-1
49,1709,177.84,94.15,39.47,161.14,1,-1,-1,-1
49,1710,446.00,100.00,54.00,162.00,1,-1,-1,-1
50,1695,368.49,93.32,79.13,204.84,1,-1,-1,-1
50,1700,484.47,92.49,86.65,211.05,1,-1,-1,-1
50,1702,566.39,93.70,73.43,210.81,1,-1,-1,-1
50,1709,180.15,94.00,39.18,160.43,1,-1,-1,-1
50,1710,446.00,100.00,54.00,162.00,1,-1,-1,-1
51,1695,377.20,98.87,73.34,187.46,1,-1,-1,-1
51,1700,486.56,89.70,91.00,220.46,1,-1,-1,-1
51,1702,568.15,93.55,73.31,210.47,1,-1,-1,-1
51,1709,175.37,95.26,39.94,162.78,1,-1,-1,-1
51,1710,441.66,89.49,61.17,184.52,1,-1,-1,-1
52,1695,385.82,95.65,75.00,192.83,1,-1,-1,-1
52,1700,497.22,97.70,88.27,208.47,1,-1,-1,-1
52,1709,172.23,94.44,40.32,163.65,1,-1,-1,-1
52,1710,441.69,90.15,60.61,183.71,1,-1,-1,-1
53,1695,391.33,94.53,75.76,196.01,1,-1,-1,-1
53,1700,504.18,100.85,88.04,203.73,1,-1,-1,-1
53,1709,170.86,94.12,40.83,165.28,1,-1,-1,-1
53,1710,440.58,87.77,62.35,188.96,1,-1,-1,-1
54,1695,396.86,91.50,76.73,201.14,1,-1,-1,-1
54,1700,508.92,101.98,87.36,199.39,1,-1,-1,-1
54,1709,170.60,95.30,40.53,163.30,1,-1,-1,-1
55,1695,404.38,89.06,78.94,206.98,1,-1,-1,-1
55,1700,515.52,102.36,86.46,193.85,1,-1,-1,-1
55,1709,170.62,95.76,40.23,161.21,1,-1,-1,-1
56,1695,407.14,88.14,79.78,209.21,1,-1,-1,-1
56,1700,517.42,102.46,86.94,191.87,1,-1,-1,-1
56,1709,170.59,95.93,40.23,160.42,1,-1,-1,-1
57,1695,413.76,94.27,73.84,189.35,1,-1,-1,-1
57,1700,519.57,98.48,87.96,193.87,1,-1,-1,-1
57,1709,169.98,93.38,41.46,165.36,1,-1,-1,-1
58,1695,416.69,99.45,71.52,180.07,1,-1,-1,-1
58,1700,521.84,94.36,89.13,195.98,1,-1,-1,-1
58,1709,170.05,95.01,41.35,164.62,1,-1,-1,-1
59,1695,416.88,102.63,72.14,176.80,1,-1,-1,-1
59,1700,524.93,92.80,91.42,200.76,1,-1,-1,-1
59,1709,170.63,95.65,41.55,164.32,1,-1,-1,-1
60,1695,416.31,103.77,73.41,175.67,1,-1,-1,-1
60,1700,525.96,92.21,92.36,202.60,1,-1,-1,-1
60,1709,170.79,95.89,41.76,164.19,1,-1,-1,-1
61,1695,414.70,104.16,75.10,176.64,1,-1,-1,-1
61,1700,529.04,92.00,93.61,205.93,1,-1,-1,-1
61,1709,170.80,94.68,41.96,164.14,1,-1,-1,-1
62,1695,413.63,104.29,76.44,177.05,1,-1,-1,-1
62,1700,530.18,91.92,93.95,207.21,1,-1,-1,-1
62,1709,170.76,94.22,42.15,164.11,1,-1,-1,-1
63,1695,415.77,102.99,76.93,178.57,1,-1,-1,-1
63,1700,531.44,88.00,93.52,209.00,1,-1,-1,-1
63,1709,170.84,95.35,42.04,162.79,1,-1,-1,-1
64,1695,416.52,102.49,77.04,179.17,1,-1,-1,-1
64,1700,532.15,86.51,92.69,209.69,1,-1,-1,-1
64,1709,170.82,95.78,42.12,162.28,1,-1,-1,-1
65,1695,417.41,102.29,75.68,176.81,1,-1,-1,-1
65,1700,537.07,88.56,90.67,206.04,1,-1,-1,-1
65,1709,170.91,95.94,41.96,160.78,1,-1,-1,-1
65,1710,395.18,97.24,55.48,169.66,1,-1,-1,-1
66,1695,421.10,103.52,73.54,171.99,1,-1,-1,-1
66,1700,538.46,89.37,90.69,207.27,1,-1,-1,-1
66,1709,176.19,92.07,43.23,168.09,1,-1,-1,-1
66,1710,393.97,96.27,55.09,169.94,1,-1,-1,-1
67,1695,430.89,98.65,71.68,171.55,1,-1,-1,-1
67,1700,541.32,90.99,88.47,202.51,1,-1,-1,-1
67,1709,178.47,90.63,43.05,169.51,1,-1,-1,-1
67,1710,392.45,90.63,58.24,182.23,1,-1,-1,-1
68,1695,434.85,96.86,70.12,171.42,1,-1,-1,-1
68,1700,542.34,91.61,87.54,200.70,1,-1,-1,-1
68,1709,179.49,90.08,42.69,170.04,1,-1,-1,-1
68,1710,392.14,88.65,58.90,186.55,1,-1,-1,-1
69,1695,437.77,97.51,71.74,176.68,1,-1,-1,-1
69,1700,551.41,97.11,84.11,193.47,1,-1,-1,-1
69,1709,179.25,89.88,42.49,170.23,1,-1,-1,-1
69,1710,391.36,87.91,58.11,185.55,1,-1,-1,-1
70,1695,438.93,97.76,72.06,178.66,1,-1,-1,-1
70,1700,554.80,99.19,82.68,190.76,1,-1,-1,-1
70,1709,179.21,89.82,42.27,170.28,1,-1,-1,-1
70,1710,391.28,87.66,57.56,185.08,1,-1,-1,-1
71,1695,443.18,93.95,73.48,183.34,1,-1,-1,-1
71,1700,556.84,97.29,83.03,192.45,1,-1,-1,-1
71,1709,180.41,88.51,42.33,171.58,1,-1,-1,-1
71,1710,385.69,83.66,59.42,192.73,1,-1,-1,-1
72,1695,444.84,92.52,73.76,185.12,1,-1,-1,-1
72,1700,557.62,96.57,82.97,193.10,1,-1,-1,-1
72,1709,180.92,88.02,42.22,172.06,1,-1,-1,-1
72,1710,383.79,82.18,59.83,195.56,1,-1,-1,-1
73,1695,450.19,94.57,69.44,178.02,1,-1,-1,-1
73,1700,558.32,92.35,84.56,201.26,1,-1,-1,-1
73,1709,181.58,86.55,42.51,173.52,1,-1,-1,-1
73,1710,381.50,85.53,58.06,190.11,1,-1,-1,-1
74,1695,452.48,95.40,67.03,175.25,1,-1,-1,-1
74,1700,559.07,90.78,84.09,204.31,1,-1,-1,-1
74,1709,181.84,86.00,42.59,174.06,1,-1,-1,-1
74,1710,380.75,86.89,57.30,187.89,1,-1,-1,-1
75,1695,455.44,95.15,66.82,174.71,1,-1,-1,-1
75,1700,559.22,83.69,87.89,219.75,1,-1,-1,-1
75,1709,181.20,83.22,44.04,179.44,1,-1,-1,-1
75,1710,375.58,86.11,59.06,193.58,1,-1,-1,-1
76,1695,468.13,100.40,67.74,174.04,1,-1,-1,-1
76,1700,562.36,89.89,81.85,204.03,1,-1,-1,-1
76,1709,181.47,82.17,44.85,181.46,1,-1,-1,-1
76,1710,373.94,89.71,57.93,187.92,1,-1,-1,-1
77,1695,468.34,100.21,69.79,176.52,1,-1,-1,-1
77,1700,564.77,93.84,79.42,197.44,1,-1,-1,-1
77,1709,181.20,80.50,45.87,184.79,1,-1,-1,-1
77,1710,373.63,91.15,57.06,182.99,1,-1,-1,-1
78,1695,468.11,100.15,71.10,177.39,1,-1,-1,-1
78,1700,565.55,95.28,78.64,195.04,1,-1,-1,-1
78,1709,181.04,79.88,46.35,186.04,1,-1,-1,-1
78,1710,373.44,91.70,57.06,181.12,1,-1,-1,-1
79,1695,475.07,100.11,72.93,179.03,1,-1,-1,-1
79,1700,563.51,94.50,77.62,192.84,1,-1,-1,-1
79,1709,182.90,79.67,46.54,185.19,1,-1,-1,-1
79,1710,373.39,97.17,54.50,171.19,1,-1,-1,-1
80,1695,477.30,100.10,74.23,179.66,1,-1,-1,-1
80,1700,562.71,94.20,77.17,192.04,1,-1,-1,-1
80,1709,183.50,79.61,46.80,184.82,1,-1,-1,-1
80,1710,373.34,99.25,53.81,167.41,1,-1,-1,-1
81,1695,481.12,98.78,75.08,179.90,1,-1,-1,-1
81,1700,560.64,100.66,75.21,187.82,1,-1,-1,-1
81,1709,181.58,79.62,47.27,184.64,1,-1,-1,-1
81,1710,373.62,95.98,53.07,164.74,1,-1,-1,-1
82,1695,482.26,98.28,75.79,179.99,1,-1,-1,-1
82,1700,559.87,103.10,74.35,186.26,1,-1,-1,-1
82,1709,180.70,79.64,47.72,184.54,1,-1,-1,-1
82,1710,373.74,94.76,52.88,163.80,1,-1,-1,-1
83,1695,487.22,96.78,75.90,181.32,1,-1,-1,-1
83,1700,563.15,105.30,72.12,180.43,1,-1,-1,-1
83,1709,182.25,82.27,46.70,177.98,1,-1,-1,-1
83,1710,363.78,94.30,54.35,168.80,1,-1,-1,-1
84,1695,489.12,96.22,75.71,181.83,1,-1,-1,-1
84,1700,564.33,106.09,71.34,178.28,1,-1,-1,-1
84,1709,182.67,83.30,46.64,175.42,1,-1,-1,-1
84,1710,360.18,94.12,54.82,170.67,1,-1,-1,-1
85,1695,492.57,97.31,76.46,183.31,1,-1,-1,-1
85,1700,560.17,114.31,57.64,144.38,1,-1,-1,-1
85,1709,183.85,87.64,45.85,170.52,1,-1,-1,-1
85,1710,356.48,92.75,54.58,170.10,1,-1,-1,-1
85,1711,612.00,106.00,28.00,148.00,1,-1,-1,-1
86,1695,493.74,97.73,76.81,183.87,1,-1,-1,-1
86,1700,558.43,117.44,52.28,131.22,1,-1,-1,-1
86,1709,184.15,89.28,45.82,168.68,1,-1,-1,-1
86,1710,355.17,92.22,54.46,169.89,1,-1,-1,-1
86,1711,612.00,106.00,28.00,148.00,1,-1,-1,-1
87,1695,496.46,97.89,77.39,184.07,1,-1,-1,-1
87,1700,557.84,116.96,50.70,128.63,1,-1,-1,-1
87,1709,185.97,91.20,46.32,166.69,1,-1,-1,-1
87,1710,351.04,92.03,55.30,172.45,1,-1,-1,-1
88,1695,497.26,97.96,77.86,184.14,1,-1,-1,-1
88,1700,557.80,116.77,49.92,127.90,1,-1,-1,-1
88,1709,186.36,91.91,47.06,165.97,1,-1,-1,-1
88,1710,349.54,91.96,55.63,173.42,1,-1,-1,-1
89,1695,506.46,96.68,76.99,178.95,1,-1,-1,-1
89,1700,557.84,118.06,48.06,123.12,1,-1,-1,-1
89,1709,186.52,89.52,48.60,169.68,1,-1,-1,-1
89,1710,347.37,90.64,55.22,172.49,1,-1,-1,-1
89,1712,390.00,104.00,38.00,142.00,1,-1,-1,-1
90,1695,509.53,96.19,77.31,176.94,1,-1,-1,-1
90,1709,186.42,88.62,49.45,171.08,1,-1,-1,-1
90,1710,346.66,90.14,55.01,172.14,1,-1,-1,-1
90,1712,390.00,104.00,38.00,142.00,1,-1,-1,-1
91,1695,513.56,98.64,76.69,173.58,1,-1,-1,-1
91,1709,188.19,90.87,48.74,166.40,1,-1,-1,-1
91,1710,344.62,92.57,54.68,172.01,1,-1,-1,-1
91,1712,390.39,102.50,38.72,145.00,1,-1,-1,-1
92,1695,514.73,99.57,76.90,172.32,1,-1,-1,-1
92,1709,188.68,91.73,48.79,164.62,1,-1,-1,-1
92,1710,344.00,93.50,54.41,171.96,1,-1,-1,-1
92,1712,390.56,102.00,38.87,146.00,1,-1,-1,-1
93,1695,517.23,98.59,77.89,173.19,1,-1,-1,-1
93,1709,188.53,92.04,49.44,165.29,1,-1,-1,-1
93,1710,338.28,95.15,56.27,171.95,1,-1,-1,-1
93,1712,391.16,100.42,39.27,147.72,1,-1,-1,-1
94,1695,517.90,98.22,78.59,173.54,1,-1,-1,-1
94,1709,188.32,92.14,49.94,165.56,1,-1,-1,-1
94,1710,335.69,95.78,57.96,171.95,1,-1,-1,-1
94,1712,391.38,99.90,39.34,148.27,1,-1,-1,-1
95,1695,516.03,95.46,78.97,173.69,1,-1,-1,-1
95,1709,189.37,93.48,49.15,161.75,1,-1,-1,-1
95,1710,330.04,89.48,61.55,183.71,1,-1,-1,-1
95,1712,390.56,101.12,39.76,149.79,1,-1,-1,-1
96,1695,515.14,94.42,79.27,173.76,1,-1,-1,-1
96,1709,189.65,93.98,49.04,160.32,1,-1,-1,-1
96,1710,328.07,87.14,62.67,188.07,1,-1,-1,-1
96,1712,390.25,101.59,39.90,150.30,1,-1,-1,-1
97,1695,516.53,97.96,78.40,169.87,1,-1,-1,-1
97,1709,188.96,92.83,50.55,165.09,1,-1,-1,-1
97,1710,324.18,83.66,64.39,193.61,1,-1,-1,-1
97,1712,388.65,100.44,40.23,150.44,1,-1,-1,-1
98,1695,516.73,99.32,78.53,168.40,1,-1,-1,-1
98,1709,188.68,92.39,51.15,166.87,1,-1,-1,-1
98,1710,322.77,82.33,64.98,195.72,1,-1,-1,-1
98,1712,387.96,100.02,40.52,150.45,1,-1,-1,-1
99,1695,517.65,102.46,79.40,167.88,1,-1,-1,-1
99,1709,188.02,90.92,52.44,171.47,1,-1,-1,-1
99,1710,321.07,79.26,65.12,197.77,1,-1,-1,-1
99,1712,388.10,102.54,39.85,146.43,1,-1,-1,-1
100,1695,517.63,103.62,80.32,167.71,1,-1,-1,-1
100,1709,187.80,90.35,52.86,173.21,1,-1,-1,-1
100,1710,320.63,78.10,64.87,198.52,1,-1,-1,-1
100,1712,388.05,103.50,39.81,144.88,1,-1,-1,-1
101,1695,519.54,104.05,80.64,167.67,1,-1,-1,-1
101,1700,501.56,102.18,59.33,157.49,1,-1,-1,-1
101,1709,188.45,90.13,52.81,172.58,1,-1,-1,-1
101,1710,322.44,88.00,59.65,181.99,1,-1,-1,-1
101,1712,386.76,105.19,39.70,142.97,1,-1,-1,-1
102,1695,518.82,102.88,82.21,170.30,1,-1,-1,-1
102,1700,498.71,105.05,57.26,152.79,1,-1,-1,-1
102,1709,187.35,90.04,52.86,172.32,1,-1,-1,-1
102,1710,323.26,93.31,56.32,171.35,1,-1,-1,-1
102,1712,386.48,105.82,39.25,139.60,1,-1,-1,-1
103,1695,520.56,103.23,82.06,169.99,1,-1,-1,-1
103,1700,493.66,100.41,59.32,161.40,1,-1,-1,-1
103,1709,186.55,88.71,53.63,174.82,1,-1,-1,-1
103,1710,315.53,95.23,53.86,164.82,1,-1,-1,-1
103,1712,384.18,104.71,39.50,139.68,1,-1,-1,-1
104,1700,491.99,98.62,59.60,164.74,1,-1,-1,-1
104,1709,186.24,88.21,53.92,175.75,1,-1,-1,-1
104,1710,312.87,95.91,52.81,162.49,1,-1,-1,-1
104,1712,383.28,104.29,39.73,139.73,1,-1,-1,-1
105,1695,551.60,92.29,81.94,176.58,1,-1,-1,-1
105,1700,490.21,106.74,62.16,163.52,1,-1,-1,-1
105,1709,185.37,86.72,54.21,176.10,1,-1,-1,-1
105,1710,310.55,94.81,53.98,167.00,1,-1,-1,-1
105,1712,383.31,104.13,40.43,141.08,1,-1,-1,-1
106,1695,558.05,86.55,82.94,185.62,1,-1,-1,-1
106,1700,486.17,112.52,63.67,157.89,1,-1,-1,-1
106,1709,185.50,87.46,53.40,172.31,1,-1,-1,-1
106,1710,310.03,93.09,55.15,172.61,1,-1,-1,-1
106,1712,383.81,105.38,41.06,141.60,1,-1,-1,-1
106,1713,536.00,116.00,40.00,128.00,1,-1,-1,-1
107,1695,563.79,84.54,81.53,188.80,1,-1,-1,-1
107,1700,483.36,114.78,65.69,153.07,1,-1,-1,-1
107,1709,186.77,87.75,53.26,170.84,1,-1,-1,-1
107,1710,308.61,91.14,55.60,176.05,1,-1,-1,-1
107,1712,383.32,105.85,41.38,141.81,1,-1,-1,-1
107,1713,535.12,114.29,40.04,128.00,1,-1,-1,-1
108,1695,570.77,90.21,75.09,178.44,1,-1,-1,-1
108,1700,477.49,118.24,67.15,146.02,1,-1,-1,-1
108,1709,187.16,87.86,53.38,170.29,1,-1,-1,-1
108,1710,309.39,90.38,54.57,173.49,1,-1,-1,-1
108,1712,384.22,104.71,41.96,143.20,1,-1,-1,-1
109,1695,576.77,93.83,69.53,169.00,1,-1,-1,-1
109,1700,471.47,120.85,70.26,145.98,1,-1,-1,-1
109,1709,185.95,86.60,54.81,174.01,1,-1,-1,-1
109,1710,307.82,87.46,55.47,177.74,1,-1,-1,-1
109,1712,385.27,104.27,42.10,143.73,1,-1,-1,-1
109,1714,532.00,116.00,40.00,132.00,1,-1,-1,-1
110,1695,579.65,96.53,65.84,164.16,1,-1,-1,-1
110,1700,468.58,121.80,72.89,144.66,1,-1,-1,-1
110,1709,185.60,86.13,55.15,174.10,1,-1,-1,-1
110,1710,307.00,87.68,55.07,176.73,1,-1,-1,-1
110,1712,386.07,102.80,42.66,145.24,1,-1,-1,-1
111,1695,583.85,104.16,59.29,149.12,1,-1,-1,-1
111,1700,464.67,119.53,77.13,148.08,1,-1,-1,-1
111,1709,184.65,85.96,55.59,175.43,1,-1,-1,-1
111,1710,305.52,85.16,56.07,181.55,1,-1,-1,-1
111,1712,387.65,103.54,42.93,145.80,1,-1,-1,-1
112,1695,587.91,104.94,58.36,146.80,1,-1,-1,-1
112,1700,461.44,116.08,79.78,150.66,1,-1,-1,-1
112,1709,184.10,85.90,56.12,177.23,1,-1,-1,-1
112,1710,303.17,81.65,57.54,188.51,1,-1,-1,-1
112,1712,388.22,103.83,43.08,146.01,1,-1,-1,-1
113,1695,589.10,101.16,58.90,155.26,1,-1,-1,-1
113,1700,459.71,117.33,80.69,150.35,1,-1,-1,-1
113,1709,184.28,84.59,56.84,179.20,1,-1,-1,-1
113,1710,303.00,82.87,56.72,187.32,1,-1,-1,-1
113,1712,388.24,103.94,43.52,147.39,1,-1,-1,-1
114,1695,591.27,101.82,56.08,154.03,1,-1,-1,-1
114,1700,462.16,117.81,80.22,146.32,1,-1,-1,-1
114,1709,185.42,85.39,56.27,177.34,1,-1,-1,-1
114,1710,300.94,82.09,56.63,189.40,1,-1,-1,-1
114,1712,389.86,105.28,43.05,145.30,1,-1,-1,-1
115,1695,593.05,99.40,55.53,158.90,1,-1,-1,-1
115,1700,459.75,117.97,80.18,146.23,1,-1,-1,-1
115,1709,185.33,84.41,57.12,180.52,1,-1,-1,-1
115,1710,300.34,84.39,55.02,186.29,1,-1,-1,-1
115,1712,390.11,104.49,43.60,147.11,1,-1,-1,-1
115,1715,508.00,112.00,50.00,134.00,1,-1,-1,-1
116,1695,595.22,98.51,53.49,159.42,1,-1,-1,-1
116,1700,488.96,114.94,73.38,138.31,1,-1,-1,-1
116,1709,186.25,85.34,56.80,180.41,1,-1,-1,-1
116,1710,300.52,86.61,53.72,183.74,1,-1,-1,-1
116,1712,391.26,106.78,42.96,145.18,1,-1,-1,-1
116,1716,448.00,130.00,58.00,130.00,1,-1,-1,-1
117,1695,596.30,94.24,53.29,166.17,1,-1,-1,-1
117,1700,495.59,114.26,71.54,139.23,1,-1,-1,-1
117,1709,186.48,87.00,55.63,177.75,1,-1,-1,-1
117,1710,300.06,86.16,53.07,184.06,1,-1,-1,-1
117,1712,391.81,110.29,41.16,139.19,1,-1,-1,-1
117,1716,443.49,126.57,60.16,135.14,1,-1,-1,-1
118,1695,597.68,93.93,51.16,166.13,1,-1,-1,-1
118,1700,495.97,110.08,71.98,144.80,1,-1,-1,-1
118,1709,186.47,86.34,55.37,178.02,1,-1,-1,-1
118,1710,299.41,84.68,52.56,185.47,1,-1,-1,-1
118,1712,393.34,111.60,40.47,136.91,1,-1,-1,-1
118,1716,441.22,123.05,62.09,140.43,1,-1,-1,-1
119,1695,599.61,93.83,49.96,168.71,1,-1,-1,-1
119,1700,495.94,107.25,71.19,148.16,1,-1,-1,-1
119,1709,188.21,87.39,54.38,175.50,1,-1,-1,-1
119,1710,298.89,84.13,51.69,186.00,1,-1,-1,-1
119,1712,394.06,113.40,39.87,134.77,1,-1,-1,-1
119,1716,439.90,121.51,63.10,142.74,1,-1,-1,-1
120,1695,599.48,86.03,51.07,181.33,1,-1,-1,-1
120,1700,493.42,103.59,70.68,152.04,1,-1,-1,-1
120,1709,190.00,89.11,53.05,170.60,1,-1,-1,-1
120,1710,299.64,83.93,49.57,180.98,1,-1,-1,-1
120,1712,394.87,114.04,39.87,133.99,1,-1,-1,-1
120,1716,434.24,114.93,59.90,137.40,1,-1,-1,-1
121,1695,601.85,83.11,50.43,188.61,1,-1,-1,-1
121,1700,494.36,104.78,66.65,147.08,1,-1,-1,-1
121,1709,190.62,89.76,52.64,168.75,1,-1,-1,-1
121,1710,299.88,85.19,47.65,175.08,1,-1,-1,-1
121,1712,397.92,114.26,39.61,133.73,1,-1,-1,-1
121,1716,430.95,110.61,62.04,145.27,1,-1,-1,-1
122,1695,602.74,79.44,50.13,199.07,1,-1,-1,-1
122,1700,493.25,103.98,65.39,149.05,1,-1,-1,-1
122,1709,190.79,89.99,52.58,168.07,1,-1,-1,-1
122,1710,299.93,84.34,47.09,174.19,1,-1,-1,-1
122,1712,399.90,111.68,40.44,137.61,1,-1,-1,-1
122,1716,429.04,109.22,61.72,147.77,1,-1,-1,-1
123,1695,605.88,81.81,45.61,191.77,1,-1,-1,-1
123,1700,491.67,103.71,64.65,151.07,1,-1,-1,-1
123,1709,191.94,90.07,53.00,169.15,1,-1,-1,-1
123,1710,299.46,84.04,47.94,179.14,1,-1,-1,-1
123,1712,400.32,112.01,40.05,137.76,1,-1,-1,-1
123,1716,428.75,122.24,55.60,133.88,1,-1,-1,-1
124,1695,610.74,102.33,40.26,180.88,1,-1,-1,-1
124,1700,491.79,103.62,62.95,149.24,1,-1,-1,-1
124,1709,192.14,90.10,52.31,166.95,1,-1,-1,-1
124,1710,298.29,83.93,47.69,179.69,1,-1,-1,-1
124,1712,400.51,108.20,42.39,145.68,1,-1,-1,-1
124,1716,424.15,112.18,59.80,146.44,1,-1,-1,-1
125,1695,612.62,102.85,40.45,181.76,1,-1,-1,-1
125,1700,490.96,104.93,61.43,148.52,1,-1,-1,-1
125,1709,191.98,91.41,51.16,163.50,1,-1,-1,-1
125,1710,298.13,83.90,47.09,178.60,1,-1,-1,-1
125,1712,401.29,108.17,42.54,146.19,1,-1,-1,-1
125,1716,421.40,110.34,60.46,148.07,1,-1,-1,-1
126,1700,490.98,105.44,60.23,148.24,1,-1,-1,-1
126,1709,191.92,91.90,50.69,162.22,1,-1,-1,-1
126,1710,298.19,83.89,46.70,178.18,1,-1,-1,-1
127,1700,490.52,104.99,60.28,148.36,1,-1,-1,-1
127,1709,193.37,93.39,48.89,156.50,1,-1,-1,-1
127,1710,298.87,85.20,46.60,178.03,1,-1,-1,-1
127,1712,409.51,111.32,47.28,151.17,1,-1,-1,-1
128,1709,192.78,92.61,49.13,157.05,1,-1,-1,-1
128,1710,299.18,84.40,46.53,177.97,1,-1,-1,-1
128,1712,408.93,110.52,50.61,152.00,1,-1,-1,-1
129,1709,192.54,92.31,49.25,157.28,1,-1,-1,-1
129,1710,293.09,85.40,45.89,175.34,1,-1,-1,-1
129,1712,407.38,111.53,53.18,152.29,1,-1,-1,-1
130,1709,192.43,92.19,49.34,157.40,1,-1,-1,-1
130,1710,290.79,85.79,45.67,174.35,1,-1,-1,-1
130,1712,406.13,111.91,55.39,152.38,1,-1,-1,-1
131,1700,481.40,114.75,55.35,137.26,1,-1,-1,-1
131,1709,193.64,94.77,48.17,153.54,1,-1,-1,-1
131,1710,289.99,84.62,46.86,175.30,1,-1,-1,-1
131,1712,403.78,110.75,57.31,152.39,1,-1,-1,-1
132,1700,480.69,115.76,54.56,136.15,1,-1,-1,-1
132,1709,194.09,95.73,47.75,152.12,1,-1,-1,-1
132,1710,289.47,84.18,47.81,175.66,1,-1,-1,-1
132,1712,402.36,110.30,59.00,152.37,1,-1,-1,-1
133,1700,476.32,112.09,57.24,143.77,1,-1,-1,-1
133,1709,194.23,96.08,47.62,151.63,1,-1,-1,-1
133,1710,288.19,87.94,47.80,170.58,1,-1,-1,-1
133,1712,397.17,104.93,61.09,160.14,1,-1,-1,-1
134,1700,474.85,110.77,58.00,146.51,1,-1,-1,-1
134,1709,194.26,96.19,47.60,151.48,1,-1,-1,-1
134,1710,287.40,89.38,48.50,168.65,1,-1,-1,-1
134,1712,395.47,102.91,61.35,163.04,1,-1,-1,-1
135,1700,471.89,108.96,59.29,143.69,1,-1,-1,-1
135,1709,193.91,94.90,48.33,154.10,1,-1,-1,-1
135,1710,285.18,89.91,50.05,170.60,1,-1,-1,-1
135,1712,394.55,103.42,59.38,160.29,1,-1,-1,-1
136,1700,470.47,108.74,59.29,143.70,1,-1,-1,-1
136,1709,193.44,93.10,49.26,157.71,1,-1,-1,-1
136,1710,281.67,83.56,53.41,181.80,1,-1,-1,-1
136,1712,393.18,106.24,56.68,155.26,1,-1,-1,-1
137,1700,470.86,112.75,56.13,137.76,1,-1,-1,-1
137,1709,193.14,91.12,49.85,160.39,1,-1,-1,-1
137,1710,278.99,78.63,56.18,191.09,1,-1,-1,-1
137,1712,392.79,103.39,56.69,158.56,1,-1,-1,-1
138,1700,471.04,113.65,54.98,136.40,1,-1,-1,-1
138,1709,193.08,90.35,49.95,161.43,1,-1,-1,-1
138,1710,277.96,76.71,57.28,194.71,1,-1,-1,-1
138,1712,392.98,102.34,56.04,159.76,1,-1,-1,-1
139,1700,461.72,107.34,57.48,146.52,1,-1,-1,-1
139,1709,193.08,92.66,48.65,157.93,1,-1,-1,-1
139,1710,277.52,82.39,54.02,181.98,1,-1,-1,-1
139,1712,388.68,100.66,56.77,164.09,1,-1,-1,-1
139,1717,4.00,112.00,42.00,180.00,1,-1,-1,-1
140,1700,458.80,106.34,57.49,148.90,1,-1,-1,-1
140,1709,192.20,92.24,48.58,157.89,1,-1,-1,-1
140,1710,275.83,83.36,53.24,178.16,1,-1,-1,-1
140,1712,386.10,109.04,55.09,151.56,1,-1,-1,-1
140,1717,3.45,108.57,43.09,185.14,1,-1,-1,-1
141,1700,458.16,107.25,56.60,148.54,1,-1,-1,-1
141,1709,192.24,93.39,47.83,155.27,1,-1,-1,-1
141,1710,274.92,86.36,52.29,174.13,1,-1,-1,-1
141,1712,385.39,109.21,55.08,151.53,1,-1,-1,-1
142,1700,458.18,107.62,55.89,148.37,1,-1,-1,-1
142,1709,192.23,93.83,47.58,154.29,1,-1,-1,-1
142,1710,274.55,87.48,52.06,172.62,1,-1,-1,-1
143,1700,457.19,107.77,53.83,145.69,1,-1,-1,-1
143,1709,191.87,93.99,48.21,156.56,1,-1,-1,-1
143,1710,272.93,86.58,52.40,174.70,1,-1,-1,-1
143,1718,8.00,100.00,46.00,194.00,1,-1,-1,-1
144,1700,457.14,107.84,52.53,144.65,1,-1,-1,-1
144,1709,191.76,94.05,48.42,157.42,1,-1,-1,-1
144,1710,272.43,86.24,52.37,175.48,1,-1,-1,-1
144,1718,8.00,100.00,46.00,194.00,1,-1,-1,-1
145,1700,457.06,109.18,50.96,142.95,1,-1,-1,-1
145,1709,191.39,91.45,49.15,160.36,1,-1,-1,-1
145,1710,265.97,86.10,51.93,173.18,1,-1,-1,-1
145,1712,402.30,108.18,53.48,150.13,1,-1,-1,-1
145,1718,19.41,116.51,39.69,165.48,1,-1,-1,-1
146,1700,457.33,109.69,49.88,142.30,1,-1,-1,-1
146,1709,191.30,90.47,49.34,161.48,1,-1,-1,-1
146,1710,263.48,86.05,51.90,172.30,1,-1,-1,-1
146,1712,404.36,108.07,52.54,150.00,1,-1,-1,-1
146,1718,23.03,122.01,37.96,155.98,1,-1,-1,-1
147,1700,456.39,109.89,49.03,142.06,1,-1,-1,-1
147,1709,189.67,90.10,50.00,164.50,1,-1,-1,-1
147,1710,263.04,88.66,51.01,168.04,1,-1,-1,-1
147,1712,405.55,110.67,49.91,146.01,1,-1,-1,-1
147,1718,33.62,120.19,41.13,163.04,1,-1,-1,-1
148,1700,454.42,109.96,48.12,141.97,1,-1,-1,-1
148,1709,188.90,89.96,49.25,163.05,1,-1,-1,-1
148,1710,262.33,88.32,51.90,170.42,1,-1,-1,-1
148,1712,405.11,112.96,47.99,143.19,1,-1,-1,-1
148,1716,362.17,129.43,51.80,126.54,1,-1,-1,-1
148,1718,35.59,121.00,44.39,168.14,1,-1,-1,-1
149,1700,453.38,109.99,48.47,145.87,1,-1,-1,-1
149,1709,189.09,88.61,49.33,163.78,1,-1,-1,-1
149,1710,261.55,86.88,53.34,175.23,1,-1,-1,-1
149,1712,404.96,113.80,47.19,143.49,1,-1,-1,-1
149,1716,357.17,117.51,54.24,136.90,1,-1,-1,-1
149,1718,38.90,123.92,46.73,167.35,1,-1,-1,-1
150,1700,452.36,110.00,47.34,144.75,1,-1,-1,-1
150,1709,188.87,88.11,49.94,166.64,1,-1,-1,-1
150,1710,261.08,87.63,53.01,174.46,1,-1,-1,-1
150,1712,405.48,115.42,45.73,140.99,1,-1,-1,-1
150,1716,354.62,115.02,53.07,137.71,1,-1,-1,-1
150,1718,37.80,123.45,48.89,168.57,1,-1,-1,-1
151,1700,451.30,108.70,47.05,146.91,1,-1,-1,-1
151,1709,189.19,87.93,49.38,165.13,1,-1,-1,-1
151,1710,261.48,90.53,51.82,170.24,1,-1,-1,-1
151,1712,405.26,116.01,44.66,140.06,1,-1,-1,-1
151,1716,353.03,114.09,52.79,139.34,1,-1,-1,-1
151,1718,44.79,128.61,48.11,158.20,1,-1,-1,-1
152,1700,451.03,106.91,46.76,149.02,1,-1,-1,-1
152,1709,188.51,85.26,50.77,171.05,1,-1,-1,-1
152,1710,261.28,91.62,50.88,167.31,1,-1,-1,-1
152,1712,405.93,114.89,44.03,141.07,1,-1,-1,-1
152,1716,351.13,109.79,54.19,145.25,1,-1,-1,-1
152,1718,48.76,124.84,51.47,162.76,1,-1,-1,-1
153,1700,451.22,107.53,46.14,149.82,1,-1,-1,-1
153,1709,188.53,84.27,50.76,171.97,1,-1,-1,-1
153,1710,260.51,90.70,50.66,167.56,1,-1,-1,-1
153,1712,405.66,114.45,43.52,141.46,1,-1,-1,-1
153,1716,350.23,110.81,52.62,143.54,1,-1,-1,-1
153,1718,50.50,124.85,53.09,163.02,1,-1,-1,-1
154,1700,451.58,107.77,45.44,150.11,1,-1,-1,-1
154,1709,188.63,83.90,50.59,172.30,1,-1,-1,-1
154,1710,260.34,90.35,50.43,167.66,1,-1,-1,-1
154,1712,405.71,114.28,43.01,141.63,1,-1,-1,-1
154,1716,350.22,111.27,51.60,142.81,1,-1,-1,-1
154,1718,50.49,124.79,54.63,163.19,1,-1,-1,-1
155,1700,450.66,107.87,44.76,150.20,1,-1,-1,-1
155,1709,188.41,82.48,51.03,174.99,1,-1,-1,-1
155,1710,258.22,86.27,51.90,174.27,1,-1,-1,-1
155,1712,404.73,114.20,42.19,140.40,1,-1,-1,-1
155,1716,347.02,106.20,53.81,153.05,1,-1,-1,-1
155,1718,58.76,110.06,59.63,181.95,1,-1,-1,-1
156,1700,449.79,106.61,44.31,150.23,1,-1,-1,-1
156,1709,188.43,81.95,51.01,175.99,1,-1,-1,-1
156,1710,257.42,83.46,52.49,178.04,1,-1,-1,-1
156,1712,404.12,112.84,42.33,142.58,1,-1,-1,-1
156,1716,345.58,108.18,51.35,149.15,1,-1,-1,-1
156,1718,66.35,113.64,56.06,173.47,1,-1,-1,-1
157,1700,449.29,106.14,44.56,152.82,1,-1,-1,-1
157,1709,188.37,81.77,51.14,177.64,1,-1,-1,-1
157,1710,257.46,83.67,52.11,178.19,1,-1,-1,-1
157,1712,403.53,111.03,43.11,147.32,1,-1,-1,-1
157,1716,343.12,107.23,51.75,150.30,1,-1,-1,-1
157,1718,71.78,115.16,54.58,172.53,1,-1,-1,-1
158,1700,449.27,105.96,44.37,153.79,1,-1,-1,-1
158,1709,188.44,81.72,51.01,178.24,1,-1,-1,-1
158,1710,257.62,83.76,51.74,178.24,1,-1,-1,-1
158,1712,403.48,110.34,43.06,149.11,1,-1,-1,-1
158,1718,73.99,115.72,53.38,172.19,1,-1,-1,-1
159,1700,449.32,108.50,42.96,148.96,1,-1,-1,-1
159,1709,188.72,83.01,50.47,177.14,1,-1,-1,-1
159,1710,257.59,85.11,50.55,175.64,1,-1,-1,-1
159,1712,404.80,112.67,41.66,144.62,1,-1,-1,-1
159,1716,338.91,109.22,50.34,148.77,1,-1,-1,-1
159,1718,79.93,108.06,55.52,181.24,1,-1,-1,-1
159,1719,96.00,94.00,76.00,188.00,1,-1,-1,-1
160,1700,449.68,112.12,41.83,143.12,1,-1,-1,-1
160,1709,188.73,83.52,50.45,177.99,1,-1,-1,-1
160,1710,257.40,84.33,50.52,177.25,1,-1,-1,-1
160,1712,404.94,114.89,40.55,141.55,1,-1,-1,-1
160,1716,338.54,110.91,48.14,144.43,1,-1,-1,-1
160,1718,86.75,111.64,53.39,174.32,1,-1,-1,-1
161,1700,448.81,112.44,41.71,142.75,1,-1,-1,-1
161,1709,189.21,82.43,50.81,179.58,1,-1,-1,-1
161,1710,257.32,84.04,50.55,179.14,1,-1,-1,-1
161,1712,404.30,114.40,40.21,140.41,1,-1,-1,-1
161,1716,338.79,110.17,48.00,145.59,1,-1,-1,-1
161,1718,100.70,110.46,54.58,170.20,1,-1,-1,-1
162,1709,189.10,80.73,51.51,182.76,1,-1,-1,-1
162,1710,258.04,82.64,50.42,181.15,1,-1,-1,-1
162,1712,404.25,114.61,40.09,139.98,1,-1,-1,-1
162,1716,338.33,111.21,47.82,147.32,1,-1,-1,-1
162,1718,106.66,103.43,58.47,173.95,1,-1,-1,-1
163,1709,189.12,80.09,51.67,183.95,1,-1,-1,-1
163,1710,256.91,80.81,50.62,184.50,1,-1,-1,-1
163,1712,402.85,117.28,39.29,136.80,1,-1,-1,-1
163,1716,337.10,110.32,47.37,147.96,1,-1,-1,-1
163,1718,108.18,99.55,62.32,179.23,1,-1,-1,-1
164,1709,189.18,79.86,51.63,184.37,1,-1,-1,-1
164,1710,256.70,80.13,50.30,185.76,1,-1,-1,-1
164,1712,402.49,117.91,39.17,136.04,1,-1,-1,-1
164,1716,336.85,109.99,46.88,148.18,1,-1,-1,-1
164,1718,108.03,98.10,64.94,181.24,1,-1,-1,-1
165,1709,189.56,81.08,50.90,181.90,1,-1,-1,-1
165,1710,258.01,79.88,48.72,182.33,1,-1,-1,-1
165,1712,402.32,118.35,38.97,135.36,1,-1,-1,-1
165,1716,335.51,107.26,48.00,153.47,1,-1,-1,-1
165,1718,108.20,98.88,66.38,180.70,1,-1,-1,-1
166,1709,189.72,81.57,50.59,180.92,1,-1,-1,-1
166,1710,258.71,79.80,47.77,180.98,1,-1,-1,-1
166,1716,335.18,106.25,48.14,155.44,1,-1,-1,-1
166,1718,107.66,99.23,67.79,180.46,1,-1,-1,-1
167,1700,436.01,108.38,44.71,151.32,1,-1,-1,-1
167,1709,189.39,84.37,49.94,179.22,1,-1,-1,-1
167,1710,259.88,83.70,45.63,173.92,1,-1,-1,-1
167,1712,392.23,109.78,42.47,150.84,1,-1,-1,-1
167,1716,332.96,109.75,46.03,149.72,1,-1,-1,-1
167,1718,108.05,100.69,68.12,179.05,1,-1,-1,-1
168,1700,434.87,106.75,45.61,153.25,1,-1,-1,-1
168,1709,189.77,86.75,48.67,174.64,1,-1,-1,-1
168,1710,258.95,83.89,44.97,172.54,1,-1,-1,-1
168,1712,388.74,105.89,44.28,159.67,1,-1,-1,-1
168,1716,331.17,107.19,45.87,151.38,1,-1,-1,-1
168,1718,109.11,98.67,68.74,179.80,1,-1,-1,-1
169,1700,434.08,107.48,45.40,150.03,1,-1,-1,-1
169,1709,190.24,90.29,47.56,170.24,1,-1,-1,-1
169,1710,258.36,83.95,45.24,173.36,1,-1,-1,-1
169,1712,388.42,108.25,43.00,154.07,1,-1,-1,-1
169,1716,329.98,106.26,45.66,151.99,1,-1,-1,-1
169,1718,108.97,103.14,68.53,178.77,1,-1,-1,-1
170,1700,433.67,107.77,45.64,148.78,1,-1,-1,-1
170,1709,190.38,91.60,47.20,168.61,1,-1,-1,-1
170,1710,258.13,83.98,45.38,173.68,1,-1,-1,-1
170,1712,388.31,109.24,42.58,151.74,1,-1,-1,-1
170,1716,329.68,105.91,45.36,152.20,1,-1,-1,-1
170,1718,108.73,104.87,68.54,178.37,1,-1,-1,-1
171,1700,431.66,110.49,45.59,145.69,1,-1,-1,-1
171,1709,189.94,90.75,48.08,171.97,1,-1,-1,-1
171,1710,259.09,85.30,44.69,171.19,1,-1,-1,-1
171,1712,384.85,110.92,41.49,148.23,1,-1,-1,-1
171,1716,325.44,99.29,48.39,165.28,1,-1,-1,-1
171,1718,123.29,112.07,63.85,167.75,1,-1,-1,-1
172,1700,429.08,108.90,46.67,147.15,1,-1,-1,-1
172,1709,189.79,89.12,48.37,173.23,1,-1,-1,-1
172,1710,258.58,84.48,44.89,171.57,1,-1,-1,-1
172,1712,382.69,110.26,41.54,148.19,1,-1,-1,-1
172,1716,325.29,98.09,47.94,165.09,1,-1,-1,-1
172,1718,129.33,113.51,63.51,169.01,1,-1,-1,-1
173,1700,428.50,109.61,46.36,143.78,1,-1,-1,-1
173,1709,189.59,87.18,48.76,175.02,1,-1,-1,-1
173,1710,258.37,84.18,45.03,171.72,1,-1,-1,-1
173,1712,380.99,108.71,42.09,149.47,1,-1,-1,-1
173,1716,325.74,98.95,46.90,162.35,1,-1,-1,-1
173,1718,133.45,117.96,60.66,164.21,1,-1,-1,-1
174,1700,428.16,109.88,46.60,142.49,1,-1,-1,-1
174,1709,189.55,86.43,48.85,175.70,1,-1,-1,-1
174,1710,258.28,84.06,45.13,171.79,1,-1,-1,-1
174,1712,380.34,108.14,42.40,149.95,1,-1,-1,-1
174,1716,326.04,99.32,46.36,161.23,1,-1,-1,-1
174,1718,135.09,119.63,59.06,162.42,1,-1,-1,-1
175,1700,426.75,112.61,45.37,136.76,1,-1,-1,-1
175,1709,190.55,84.84,49.46,178.56,1,-1,-1,-1
175,1710,258.37,85.32,44.92,170.52,1,-1,-1,-1
175,1712,379.85,110.53,41.79,147.52,1,-1,-1,-1
175,1716,325.35,99.49,46.55,162.07,1,-1,-1,-1
175,1718,139.01,120.64,58.68,161.36,1,-1,-1,-1
176,1700,426.12,113.64,45.23,134.61,1,-1,-1,-1
176,1709,190.99,84.24,49.58,179.64,1,-1,-1,-1
176,1710,258.39,85.80,44.91,170.05,1,-1,-1,-1
176,1712,379.70,111.46,41.58,146.57,1,-1,-1,-1
176,1716,325.14,99.57,46.58,162.37,1,-1,-1,-1
177,1700,425.21,115.34,45.27,133.86,1,-1,-1,-1
177,1709,192.02,89.21,46.59,168.35,1,-1,-1,-1
177,1710,257.21,87.29,44.68,168.57,1,-1,-1,-1
177,1712,378.87,117.05,41.81,144.90,1,-1,-1,-1
177,1716,324.99,98.33,46.81,165.05,1,-1,-1,-1
177,1718,148.07,127.17,54.11,151.44,1,-1,-1,-1
178,1700,424.82,115.95,45.45,133.61,1,-1,-1,-1
178,1709,192.39,91.16,45.48,163.93,1,-1,-1,-1
178,1710,256.73,87.85,44.67,168.03,1,-1,-1,-1
178,1712,378.41,119.16,42.26,144.27,1,-1,-1,-1
178,1716,325.11,97.87,46.61,166.04,1,-1,-1,-1
178,1718,149.78,128.18,52.74,149.90,1,-1,-1,-1
179,1700,421.60,110.89,49.12,145.42,1,-1,-1,-1
179,1709,191.73,94.51,45.33,162.34,1,-1,-1,-1
179,1710,257.23,86.74,44.64,166.53,1,-1,-1,-1
179,1712,377.41,119.80,42.21,144.11,1,-1,-1,-1
179,1716,320.80,104.19,42.36,148.26,1,-1,-1,-1
179,1718,151.35,116.49,59.69,165.43,1,-1,-1,-1
