1,1016,414.26,112.24,50.19,156.14,1,-1,-1,-1
1,1019,364.93,118.21,41.04,139.88,1,-1,-1,-1
1,1022,168.82,95.95,59.15,177.13,1,-1,-1,-1
1,1025,322.99,111.56,44.01,142.78,1,-1,-1,-1
1,1027,1358.00,426.00,174.00,340.00,1,-1,-1,-1
2,1027,1358.00,426.00,174.00,340.00,1,-1,-1,-1
3,1027,1358.00,426.00,174.00,340.00,1,-1,-1,-1
4,1027,1366.15,423.03,178.48,348.90,1,-1,-1,-1
5,1027,1368.92,422.04,179.91,351.89,1,-1,-1,-1
6,1027,1369.80,421.73,180.27,352.80,1,-1,-1,-1
7,1027,1377.58,417.54,185.82,369.52,1,-1,-1,-1
8,1027,1381.38,416.05,185.66,375.47,1,-1,-1,-1
9,1027,1383.70,415.54,183.49,377.52,1,-1,-1,-1
10,1027,1397.17,414.09,179.64,372.80,1,-1,-1,-1
11,1027,1402.62,413.59,177.18,370.81,1,-1,-1,-1
12,1027,1404.97,413.45,175.33,369.94,1,-1,-1,-1
13,1027,1450.26,425.30,165.89,355.01,1,-1,-1,-1
14,1027,1467.98,429.87,160.98,349.19,1,-1,-1,-1
15,1027,1474.83,431.54,157.95,347.04,1,-1,-1,-1
16,1027,1489.81,430.81,161.82,356.84,1,-1,-1,-1
17,1027,1495.33,430.52,162.92,360.48,1,-1,-1,-1
18,1027,1497.26,430.38,163.03,361.84,1,-1,-1,-1
19,1027,1505.63,435.54,161.54,355.79,1,-1,-1,-1
20,1027,1508.18,437.48,161.60,353.44,1,-1,-1,-1
21,1027,1508.58,438.18,162.21,352.55,1,-1,-1,-1
22,1027,1513.33,433.17,169.81,365.32,1,-1,-1,-1
23,1027,1514.49,431.28,173.61,370.08,1,-1,-1,-1
24,1027,1514.27,430.53,175.90,371.88,1,-1,-1,-1
25,1027,1568.12,412.05,180.14,379.02,1,-1,-1,-1
26,1027,1588.25,403.74,183.37,386.85,1,-1,-1,-1
27,1027,1595.82,400.60,184.31,389.80,1,-1,-1,-1
28,1027,1604.67,394.28,191.45,405.07,1,-1,-1,-1
28,1028,536.00,434.00,162.00,296.00,1,-1,-1,-1
29,1027,1607.85,391.92,194.10,410.82,1,-1,-1,-1
29,1028,536.00,434.00,162.00,296.00,1,-1,-1,-1
30,1027,1608.76,391.08,195.04,412.95,1,-1,-1,-1
30,1028,536.00,434.00,162.00,296.00,1,-1,-1,-1
31,1027,1616.52,395.99,196.65,413.65,1,-1,-1,-1
31,1028,536.00,434.00,162.00,296.00,1,-1,-1,-1
32,1027,1618.89,397.95,197.88,413.81,1,-1,-1,-1
33,1027,1619.22,398.75,198.91,413.76,1,-1,-1,-1
34,1027,1621.04,404.29,207.02,434.39,1,-1,-1,-1
35,1027,1622.12,406.39,209.03,442.11,1,-1,-1,-1
36,1027,1622.73,407.24,208.88,445.00,1,-1,-1,-1
37,1027,1628.56,403.73,212.55,449.83,1,-1,-1,-1
37,1028,534.94,428.14,166.06,303.82,1,-1,-1,-1
38,1027,1630.26,402.39,214.65,451.56,1,-1,-1,-1
38,1028,534.98,427.84,166.08,304.21,1,-1,-1,-1
39,1027,1630.39,401.89,216.05,452.09,1,-1,-1,-1
39,1028,535.05,427.74,165.98,304.35,1,-1,-1,-1
40,1027,1643.36,381.04,234.26,492.24,1,-1,-1,-1
40,1028,534.94,427.17,166.39,305.10,1,-1,-1,-1
41,1027,1648.49,373.25,240.49,507.23,1,-1,-1,-1
42,1027,1650.57,370.19,242.40,513.03,1,-1,-1,-1
43,1027,1656.30,367.43,245.92,520.47,1,-1,-1,-1
61,1028,532.08,427.89,169.90,316.04,1,-1,-1,-1
62,1028,532.79,427.96,168.41,316.18,1,-1,-1,-1
63,1028,533.31,427.98,167.35,316.24,1,-1,-1,-1
64,1028,529.21,424.06,168.99,321.49,1,-1,-1,-1
65,1028,527.91,422.58,169.13,323.45,1,-1,-1,-1
66,1028,527.61,422.03,168.79,324.17,1,-1,-1,-1
67,1028,526.13,421.83,168.83,324.41,1,-1,-1,-1
68,1028,525.61,421.78,168.79,324.47,1,-1,-1,-1
69,1028,525.45,421.77,168.72,324.46,1,-1,-1,-1
70,1028,527.59,421.78,166.96,320.51,1,-1,-1,-1
71,1028,528.35,421.80,166.42,318.98,1,-1,-1,-1
72,1028,528.59,421.82,166.33,318.40,1,-1,-1,-1
73,1028,529.26,427.07,163.85,309.01,1,-1,-1,-1
74,1028,528.94,429.09,164.08,305.43,1,-1,-1,-1
75,1028,528.28,429.82,165.26,304.13,1,-1,-1,-1
76,1028,525.64,427.45,173.13,316.84,1,-1,-1,-1
77,1028,524.40,426.57,176.58,321.56,1,-1,-1,-1
78,1028,523.69,426.22,178.37,323.38,1,-1,-1,-1
79,1028,524.25,427.39,178.70,325.35,1,-1,-1,-1
80,1028,524.67,427.83,178.42,326.08,1,-1,-1,-1
81,1028,525.01,427.99,177.94,326.33,1,-1,-1,-1
82,1028,527.99,428.05,174.66,323.80,1,-1,-1,-1
83,1028,529.62,428.07,172.42,322.80,1,-1,-1,-1
84,1028,530.68,428.07,170.67,322.41,1,-1,-1,-1
85,1028,531.51,430.68,167.82,319.64,1,-1,-1,-1
86,1028,532.18,431.66,166.02,318.58,1,-1,-1,-1
87,1028,532.76,432.02,164.69,318.18,1,-1,-1,-1
88,1028,533.72,433.45,163.99,319.34,1,-1,-1,-1
89,1028,534.43,433.98,163.04,319.78,1,-1,-1,-1
90,1028,535.00,434.17,162.06,319.95,1,-1,-1,-1
91,1028,539.03,438.14,160.60,314.78,1,-1,-1,-1
92,1028,540.26,439.63,160.63,312.82,1,-1,-1,-1
93,1028,540.43,440.17,161.19,312.09,1,-1,-1,-1
94,1028,541.07,440.99,160.90,311.53,1,-1,-1,-1
106,1028,532.66,442.20,163.30,317.70,1,-1,-1,-1
107,1028,532.58,442.17,162.87,317.96,1,-1,-1,-1
108,1028,532.67,442.16,162.49,318.05,1,-1,-1,-1
109,1028,532.23,434.33,167.22,327.21,1,-1,-1,-1
110,1028,532.06,431.37,169.02,330.65,1,-1,-1,-1
111,1028,532.00,430.25,169.72,331.94,1,-1,-1,-1
112,1028,533.97,433.73,168.59,332.40,1,-1,-1,-1
113,1028,535.05,435.09,167.50,332.54,1,-1,-1,-1
114,1028,535.74,435.61,166.51,332.55,1,-1,-1,-1
115,1028,535.07,434.51,170.59,340.34,1,-1,-1,-1
116,1028,534.77,434.10,172.21,343.25,1,-1,-1,-1
117,1028,534.62,433.95,172.89,344.33,1,-1,-1,-1
118,1028,531.77,427.42,180.02,360.25,1,-1,-1,-1
119,1028,530.93,424.96,182.22,366.22,1,-1,-1,-1
120,1028,530.82,424.02,182.63,368.47,1,-1,-1,-1
121,1028,537.55,437.87,180.81,364.08,1,-1,-1,-1
122,1028,540.08,443.25,180.23,362.28,1,-1,-1,-1
123,1028,540.96,445.28,180.14,361.53,1,-1,-1,-1
124,1028,540.60,438.23,173.62,352.08,1,-1,-1,-1
125,1028,540.91,435.50,170.18,348.39,1,-1,-1,-1
126,1028,541.43,434.47,168.04,346.98,1,-1,-1,-1
127,1028,541.40,431.47,170.29,355.61,1,-1,-1,-1
128,1028,541.92,430.36,170.07,358.83,1,-1,-1,-1
129,1028,542.58,429.94,169.04,360.03,1,-1,-1,-1
130,1028,549.39,459.71,162.01,343.55,1,-1,-1,-1
131,1028,551.85,471.23,159.60,337.12,1,-1,-1,-1
132,1028,552.57,475.40,159.05,334.76,1,-1,-1,-1
133,1028,553.56,472.91,161.32,337.87,1,-1,-1,-1
134,1028,553.68,471.90,162.62,339.05,1,-1,-1,-1
135,1028,553.51,471.43,163.50,339.52,1,-1,-1,-1
136,1028,554.31,473.42,163.33,339.16,1,-1,-1,-1
139,1028,550.36,472.90,173.56,357.31,1,-1,-1,-1
140,1028,549.31,472.79,175.90,359.51,1,-1,-1,-1
141,1028,548.61,472.74,177.37,360.28,1,-1,-1,-1
142,1028,545.14,466.19,184.31,374.82,1,-1,-1,-1
143,1028,543.89,463.71,186.79,380.27,1,-1,-1,-1
144,1028,543.45,462.72,187.63,382.32,1,-1,-1,-1
145,1028,541.93,463.62,190.63,390.77,1,-1,-1,-1
146,1028,541.65,463.96,191.14,393.94,1,-1,-1,-1
147,1028,541.82,464.08,190.77,395.06,1,-1,-1,-1
148,1028,538.48,461.53,192.24,400.57,1,-1,-1,-1
149,1028,537.53,460.56,192.14,402.60,1,-1,-1,-1
150,1028,537.46,460.18,191.50,403.28,1,-1,-1,-1
151,1028,534.38,460.04,190.90,403.45,1,-1,-1,-1
152,1028,533.39,459.98,190.29,403.43,1,-1,-1,-1
153,1028,533.20,459.97,189.70,403.34,1,-1,-1,-1
154,1028,527.45,459.96,193.05,411.03,1,-1,-1,-1
155,1028,525.37,459.96,194.16,413.89,1,-1,-1,-1
156,1028,524.67,459.96,194.42,414.90,1,-1,-1,-1
157,1028,522.17,456.08,193.85,413.91,1,-1,-1,-1
158,1028,521.28,454.59,193.54,413.45,1,-1,-1,-1
159,1028,521.02,454.04,193.34,413.21,1,-1,-1,-1
160,1028,525.39,462.95,189.58,407.85,1,-1,-1,-1
161,1028,527.43,466.37,187.47,405.74,1,-1,-1,-1
162,1028,528.52,467.65,186.06,404.91,1,-1,-1,-1
163,1028,526.30,468.11,188.21,413.72,1,-1,-1,-1
164,1028,526.00,468.27,187.97,417.01,1,-1,-1,-1
165,1028,526.36,468.31,186.95,418.22,1,-1,-1,-1
166,1028,524.36,465.70,194.77,436.83,1,-1,-1,-1
167,1028,523.76,464.72,197.41,443.81,1,-1,-1,-1
168,1028,523.68,464.32,198.16,446.43,1,-1,-1,-1
169,1028,525.13,461.58,201.95,453.79,1,-1,-1,-1
169,1029,816.00,430.00,148.00,334.00,1,-1,-1,-1
170,1028,525.56,460.52,203.65,456.52,1,-1,-1,-1
170,1029,816.00,430.00,148.00,334.00,1,-1,-1,-1
171,1028,525.63,460.12,204.50,457.46,1,-1,-1,-1
171,1029,816.00,430.00,148.00,334.00,1,-1,-1,-1
172,1028,525.67,457.39,206.07,459.00,1,-1,-1,-1
172,1029,819.66,428.52,149.58,338.45,1,-1,-1,-1
173,1028,525.47,456.35,207.09,459.49,1,-1,-1,-1
173,1029,821.06,428.02,149.77,339.95,1,-1,-1,-1
174,1028,525.19,455.96,207.85,459.58,1,-1,-1,-1
174,1029,821.67,427.87,149.46,340.40,1,-1,-1,-1
175,1028,533.71,459.72,198.67,440.06,1,-1,-1,-1
175,1029,822.60,426.45,150.54,343.26,1,-1,-1,-1
176,1028,537.10,461.19,194.89,432.39,1,-1,-1,-1
176,1029,822.97,425.96,150.78,344.24,1,-1,-1,-1
177,1028,538.42,461.74,193.32,429.53,1,-1,-1,-1
177,1029,823.12,425.80,150.73,344.54,1,-1,-1,-1
178,1028,537.75,456.69,197.66,441.60,1,-1,-1,-1
178,1029,823.06,420.42,153.53,349.94,1,-1,-1,-1
179,1028,537.78,454.81,198.67,446.09,1,-1,-1,-1
179,1029,822.88,418.43,154.82,351.91,1,-1,-1,-1
180,1028,538.04,454.10,198.52,447.79,1,-1,-1,-1
180,1029,822.66,417.73,155.53,352.59,1,-1,-1,-1
181,1028,544.73,452.54,200.85,451.00,1,-1,-1,-1
181,1029,823.16,416.55,156.27,354.27,1,-1,-1,-1
182,1028,547.02,451.97,202.20,452.18,1,-1,-1,-1
183,1028,547.64,451.77,203.13,452.58,1,-1,-1,-1
184,1028,546.22,454.31,206.71,467.00,1,-1,-1,-1
184,1030,652.00,440.00,164.00,474.00,1,-1,-1,-1
185,1028,545.59,450.14,210.76,482.70,1,-1,-1,-1
185,1030,651.04,445.14,162.50,468.86,1,-1,-1,-1
186,1028,546.12,448.54,210.72,488.69,1,-1,-1,-1
186,1030,650.70,446.00,162.60,468.00,1,-1,-1,-1
187,1028,546.57,447.81,212.37,492.53,1,-1,-1,-1
187,1030,652.56,446.22,164.69,473.73,1,-1,-1,-1
188,1030,653.15,446.25,165.48,475.69,1,-1,-1,-1
189,1030,653.28,446.22,165.82,476.31,1,-1,-1,-1
190,1029,935.36,406.00,155.36,352.64,1,-1,-1,-1
190,1030,663.56,458.64,155.10,443.25,1,-1,-1,-1
191,1029,940.56,405.64,155.09,352.37,1,-1,-1,-1
191,1030,667.05,463.17,151.62,431.05,1,-1,-1,-1
192,1029,942.43,405.50,154.94,352.31,1,-1,-1,-1
192,1030,667.91,464.63,151.01,427.05,1,-1,-1,-1
193,1029,947.67,408.10,154.58,352.27,1,-1,-1,-1
193,1030,677.25,466.40,136.72,383.47,1,-1,-1,-1
194,1029,949.51,409.11,154.28,352.24,1,-1,-1,-1
194,1030,680.23,466.85,132.17,367.78,1,-1,-1,-1
195,1029,950.06,409.51,154.02,352.21,1,-1,-1,-1
195,1030,680.80,466.93,131.40,362.91,1,-1,-1,-1
196,1029,946.44,412.30,153.32,350.88,1,-1,-1,-1
196,1030,673.59,464.13,145.87,401.46,1,-1,-1,-1
197,1029,944.51,413.37,153.80,349.06,1,-1,-1,-1
197,1030,671.94,464.47,150.50,405.66,1,-1,-1,-1
198,1029,943.30,413.78,154.61,348.36,1,-1,-1,-1
198,1030,670.34,464.54,154.11,407.53,1,-1,-1,-1
199,1029,935.62,407.38,159.96,363.82,1,-1,-1,-1
199,1030,666.95,465.84,162.29,426.81,1,-1,-1,-1
200,1029,933.11,405.00,161.12,369.58,1,-1,-1,-1
200,1030,665.41,466.31,165.86,434.00,1,-1,-1,-1
201,1029,932.39,404.09,160.86,371.77,1,-1,-1,-1
201,1030,664.55,466.45,167.70,436.79,1,-1,-1,-1
202,1029,934.63,398.59,167.21,388.11,1,-1,-1,-1
202,1030,665.14,467.36,167.99,437.56,1,-1,-1,-1
203,1029,935.64,396.52,169.21,394.25,1,-1,-1,-1
204,1029,936.15,395.74,169.61,396.55,1,-1,-1,-1
205,1029,941.35,407.09,164.75,384.44,1,-1,-1,-1
205,1030,664.79,461.28,182.99,474.91,1,-1,-1,-1
206,1029,943.23,411.55,162.96,379.61,1,-1,-1,-1
206,1030,664.49,460.51,185.30,479.46,1,-1,-1,-1
207,1029,943.81,413.22,162.41,377.74,1,-1,-1,-1
207,1030,664.23,460.23,186.42,481.08,1,-1,-1,-1
208,1029,950.77,415.15,161.64,378.30,1,-1,-1,-1
208,1030,667.07,447.21,191.23,489.35,1,-1,-1,-1
209,1029,953.61,415.87,160.80,378.48,1,-1,-1,-1
209,1030,667.74,442.24,193.86,492.42,1,-1,-1,-1
210,1029,954.86,416.13,159.99,378.52,1,-1,-1,-1
210,1030,667.62,440.35,195.54,493.49,1,-1,-1,-1
211,1029,961.72,405.78,158.48,375.89,1,-1,-1,-1
211,1030,673.23,452.59,187.36,464.05,1,-1,-1,-1
212,1029,964.36,401.83,157.69,374.86,1,-1,-1,-1
212,1030,674.60,457.43,185.68,452.37,1,-1,-1,-1
213,1029,965.37,400.35,157.20,374.45,1,-1,-1,-1
213,1030,674.29,459.21,186.60,448.09,1,-1,-1,-1
214,1029,956.64,395.90,162.02,383.43,1,-1,-1,-1
214,1030,675.59,462.49,182.72,433.35,1,-1,-1,-1
215,1029,953.02,394.25,164.40,386.80,1,-1,-1,-1
215,1030,675.47,463.71,182.38,427.81,1,-1,-1,-1
216,1029,951.33,393.65,165.80,388.05,1,-1,-1,-1
216,1030,674.86,464.14,183.33,425.83,1,-1,-1,-1
217,1029,952.31,386.97,169.50,406.68,1,-1,-1,-1
217,1030,678.60,464.28,184.93,426.49,1,-1,-1,-1
217,1031,1066.00,378.00,144.00,404.00,1,-1,-1,-1
218,1029,953.86,384.47,168.48,413.67,1,-1,-1,-1
218,1030,679.60,464.31,186.27,426.80,1,-1,-1,-1
218,1031,1066.00,378.00,144.00,404.00,1,-1,-1,-1
219,1029,1022.35,386.12,164.63,408.59,1,-1,-1,-1
219,1030,681.20,464.88,185.50,425.05,1,-1,-1,-1
220,1029,1052.14,397.23,159.43,397.40,1,-1,-1,-1
221,1029,1063.46,401.52,157.05,393.03,1,-1,-1,-1
222,1029,1067.63,403.14,155.83,391.35,1,-1,-1,-1
223,1029,1078.04,405.05,154.17,392.01,1,-1,-1,-1
223,1030,672.26,457.02,198.91,457.97,1,-1,-1,-1
223,1032,804.00,424.00,142.00,466.00,1,-1,-1,-1
224,1029,1082.25,405.77,152.53,392.23,1,-1,-1,-1
224,1030,671.72,456.26,199.47,461.13,1,-1,-1,-1
224,1032,804.00,424.00,142.00,466.00,1,-1,-1,-1
225,1029,1083.85,407.34,147.46,385.77,1,-1,-1,-1
225,1030,669.45,462.48,192.13,444.08,1,-1,-1,-1
225,1032,813.94,427.00,140.13,460.00,1,-1,-1,-1
226,1029,1080.75,405.30,149.75,397.74,1,-1,-1,-1
226,1030,666.93,460.93,188.62,437.47,1,-1,-1,-1
226,1032,819.75,423.52,141.99,465.46,1,-1,-1,-1
227,1029,1080.12,404.53,149.32,402.17,1,-1,-1,-1
227,1030,666.15,460.35,187.00,435.02,1,-1,-1,-1
227,1032,821.40,422.32,142.81,467.37,1,-1,-1,-1
228,1029,1080.23,404.23,148.04,403.84,1,-1,-1,-1
228,1030,666.01,460.13,186.13,434.12,1,-1,-1,-1
228,1032,821.67,421.92,143.27,468.02,1,-1,-1,-1
229,1029,1081.88,395.02,147.87,404.44,1,-1,-1,-1
229,1030,669.27,454.81,187.05,439.04,1,-1,-1,-1
229,1032,814.66,416.27,150.40,490.37,1,-1,-1,-1
230,1029,1082.47,391.50,147.58,404.62,1,-1,-1,-1
230,1030,670.81,452.81,186.80,440.90,1,-1,-1,-1
230,1032,811.99,414.27,153.13,498.32,1,-1,-1,-1
231,1029,1082.64,390.19,147.27,404.65,1,-1,-1,-1
231,1030,671.66,452.07,186.17,441.62,1,-1,-1,-1
231,1032,810.82,413.58,154.30,501.14,1,-1,-1,-1
232,1029,1090.28,394.93,148.68,404.62,1,-1,-1,-1
232,1030,671.75,451.43,186.20,441.69,1,-1,-1,-1
232,1032,810.36,422.66,157.32,498.01,1,-1,-1,-1
233,1029,1092.69,396.76,149.96,404.58,1,-1,-1,-1
233,1032,809.00,426.15,160.75,496.64,1,-1,-1,-1
234,1029,1093.14,397.47,151.11,404.53,1,-1,-1,-1
234,1032,807.35,427.46,164.24,495.99,1,-1,-1,-1
235,1029,1101.00,406.87,154.14,408.39,1,-1,-1,-1
235,1032,799.79,424.00,168.81,500.90,1,-1,-1,-1
236,1029,1103.44,410.43,156.14,409.83,1,-1,-1,-1
236,1032,796.09,422.68,172.19,502.66,1,-1,-1,-1
237,1029,1103.86,411.77,157.65,410.34,1,-1,-1,-1
237,1032,793.92,422.18,174.99,503.23,1,-1,-1,-1
238,1029,1107.06,407.04,158.37,411.80,1,-1,-1,-1
238,1032,788.73,422.00,186.10,528.20,1,-1,-1,-1
239,1029,1108.12,405.22,158.72,412.32,1,-1,-1,-1
239,1032,786.08,421.93,191.67,537.50,1,-1,-1,-1
240,1029,1108.37,404.51,158.91,412.49,1,-1,-1,-1
240,1032,784.45,421.91,195.02,540.97,1,-1,-1,-1
241,1029,1110.94,432.90,149.89,383.86,1,-1,-1,-1
241,1032,781.24,416.74,200.20,544.73,1,-1,-1,-1
242,1029,1111.28,443.89,147.30,372.69,1,-1,-1,-1
242,1032,779.01,414.76,204.18,546.01,1,-1,-1,-1
243,1029,1110.86,447.78,147.30,368.72,1,-1,-1,-1
243,1032,777.25,414.01,207.52,546.35,1,-1,-1,-1
244,1029,1166.47,419.94,153.59,385.90,1,-1,-1,-1
244,1032,792.51,428.03,201.58,521.68,1,-1,-1,-1
245,1029,1174.65,420.24,153.33,385.24,1,-1,-1,-1
245,1030,909.69,414.62,186.28,461.59,1,-1,-1,-1
245,1032,798.09,433.48,193.35,500.02,1,-1,-1,-1
246,1030,920.18,413.49,180.69,462.22,1,-1,-1,-1
246,1032,800.10,435.49,190.34,491.91,1,-1,-1,-1
247,1029,1201.29,410.11,154.96,392.35,1,-1,-1,-1
247,1030,932.57,411.38,181.11,463.29,1,-1,-1,-1
247,1032,802.29,432.23,191.56,488.95,1,-1,-1,-1
248,1029,1206.05,408.48,154.37,393.48,1,-1,-1,-1
248,1032,802.43,430.98,193.29,487.89,1,-1,-1,-1
249,1029,1207.95,407.92,153.62,393.88,1,-1,-1,-1
249,1032,801.87,430.50,195.10,487.53,1,-1,-1,-1
250,1029,1220.26,423.38,149.23,380.98,1,-1,-1,-1
250,1030,926.19,421.59,178.84,464.32,1,-1,-1,-1
250,1032,807.64,435.56,185.06,462.47,1,-1,-1,-1
251,1029,1227.37,434.61,147.34,369.43,1,-1,-1,-1
251,1030,925.40,425.68,171.81,449.44,1,-1,-1,-1
251,1032,810.69,440.15,179.41,447.59,1,-1,-1,-1
252,1029,1229.21,433.45,152.99,371.81,1,-1,-1,-1
252,1030,927.40,425.76,172.74,449.67,1,-1,-1,-1
252,1032,805.08,433.75,184.03,458.38,1,-1,-1,-1
253,1029,1229.60,442.17,155.26,364.85,1,-1,-1,-1
253,1030,925.56,425.79,172.68,452.38,1,-1,-1,-1
253,1032,808.39,434.06,182.88,455.77,1,-1,-1,-1
254,1029,1233.18,449.39,156.58,359.62,1,-1,-1,-1
254,1030,924.12,427.12,175.03,458.63,1,-1,-1,-1
254,1032,809.44,432.84,184.15,461.50,1,-1,-1,-1
255,1029,1229.58,446.71,161.15,361.72,1,-1,-1,-1
255,1030,925.80,426.33,175.00,464.90,1,-1,-1,-1
255,1032,810.64,436.30,182.96,463.72,1,-1,-1,-1
256,1029,1237.70,457.47,158.03,353.36,1,-1,-1,-1
256,1030,927.50,428.63,182.88,493.24,1,-1,-1,-1
256,1032,806.16,434.98,191.01,492.14,1,-1,-1,-1
257,1029,1240.36,461.47,157.18,350.27,1,-1,-1,-1
257,1030,928.80,429.50,184.39,503.90,1,-1,-1,-1
257,1032,805.39,434.49,192.19,502.72,1,-1,-1,-1
258,1029,1247.90,452.28,164.53,362.43,1,-1,-1,-1
258,1030,934.32,433.69,182.26,500.29,1,-1,-1,-1
258,1032,803.00,439.43,192.92,510.70,1,-1,-1,-1
259,1029,1253.08,456.64,166.12,361.75,1,-1,-1,-1
259,1030,936.13,439.22,181.73,503.91,1,-1,-1,-1
259,1032,804.19,440.04,194.10,521.45,1,-1,-1,-1
260,1029,1259.54,458.71,165.62,360.65,1,-1,-1,-1
260,1030,934.87,429.67,187.73,521.99,1,-1,-1,-1
260,1032,804.10,440.73,195.28,524.64,1,-1,-1,-1
261,1030,936.24,423.48,189.95,526.24,1,-1,-1,-1
262,1030,933.82,418.48,193.84,538.03,1,-1,-1,-1
263,1030,932.90,416.57,195.10,542.44,1,-1,-1,-1
264,1030,932.52,415.86,195.37,543.99,1,-1,-1,-1
265,1030,934.59,424.65,194.68,540.55,1,-1,-1,-1
266,1030,935.17,428.06,194.63,539.08,1,-1,-1,-1
267,1030,935.19,429.37,194.82,538.39,1,-1,-1,-1
268,1029,1340.58,443.39,168.02,369.24,1,-1,-1,-1
268,1030,938.21,425.96,193.87,532.82,1,-1,-1,-1
268,1032,791.56,434.62,187.09,515.83,1,-1,-1,-1
269,1029,1344.72,442.44,167.06,369.77,1,-1,-1,-1
269,1030,939.02,424.65,194.01,530.58,1,-1,-1,-1
269,1032,792.61,434.18,182.97,514.87,1,-1,-1,-1
270,1029,1346.46,442.11,166.19,369.95,1,-1,-1,-1
270,1030,939.00,424.16,194.53,529.65,1,-1,-1,-1
270,1032,793.83,434.04,179.88,514.61,1,-1,-1,-1
271,1029,1363.01,457.64,159.70,356.98,1,-1,-1,-1
271,1030,937.26,414.86,198.04,539.67,1,-1,-1,-1
271,1032,793.13,424.83,179.75,518.41,1,-1,-1,-1
272,1029,1369.16,463.59,156.93,352.01,1,-1,-1,-1
272,1030,936.60,411.35,199.25,543.40,1,-1,-1,-1
272,1032,793.23,421.36,179.01,519.83,1,-1,-1,-1
273,1029,1371.33,465.75,155.66,350.21,1,-1,-1,-1
273,1030,936.33,410.04,199.60,544.74,1,-1,-1,-1
273,1032,793.59,420.07,178.15,520.33,1,-1,-1,-1
274,1029,1379.12,453.35,163.13,362.73,1,-1,-1,-1
274,1030,936.03,409.58,196.12,526.99,1,-1,-1,-1
274,1032,792.76,418.90,178.51,521.39,1,-1,-1,-1
275,1029,1381.38,448.72,166.90,367.40,1,-1,-1,-1
275,1030,935.11,409.45,196.22,520.03,1,-1,-1,-1
276,1029,1381.57,446.93,169.18,369.20,1,-1,-1,-1
276,1030,934.02,409.44,197.66,517.43,1,-1,-1,-1
277,1029,1388.14,446.69,169.39,369.66,1,-1,-1,-1
277,1030,937.44,412.09,195.73,507.27,1,-1,-1,-1
277,1032,795.09,424.67,173.33,508.32,1,-1,-1,-1
277,1033,1478.00,444.00,170.00,336.00,1,-1,-1,-1
278,1029,1463.84,444.57,159.44,343.94,1,-1,-1,-1
278,1030,938.19,413.13,196.00,503.43,1,-1,-1,-1
278,1032,795.67,425.45,172.19,506.65,1,-1,-1,-1
279,1029,1470.16,446.80,163.23,350.29,1,-1,-1,-1
279,1030,940.56,424.07,190.51,487.55,1,-1,-1,-1
279,1032,803.83,434.93,166.41,492.91,1,-1,-1,-1
280,1029,1470.22,442.29,162.30,353.69,1,-1,-1,-1
280,1030,939.86,429.55,190.21,482.95,1,-1,-1,-1
280,1032,806.22,437.16,166.93,491.76,1,-1,-1,-1
281,1029,1470.54,440.60,160.69,354.99,1,-1,-1,-1
281,1030,939.16,431.54,190.92,481.33,1,-1,-1,-1
281,1032,806.87,437.97,167.57,491.38,1,-1,-1,-1
282,1029,1470.87,439.98,158.97,355.51,1,-1,-1,-1
282,1030,938.50,432.25,191.94,480.82,1,-1,-1,-1
282,1032,806.91,438.25,168.21,491.29,1,-1,-1,-1
283,1029,1457.95,425.39,174.64,392.31,1,-1,-1,-1
283,1030,935.45,427.21,195.24,487.31,1,-1,-1,-1
283,1032,814.80,442.26,168.42,489.99,1,-1,-1,-1
284,1029,1453.46,420.02,179.93,405.84,1,-1,-1,-1
284,1030,934.08,425.30,196.89,489.80,1,-1,-1,-1
284,1032,817.59,443.75,168.84,489.54,1,-1,-1,-1
285,1029,1451.56,417.93,181.65,411.19,1,-1,-1,-1
285,1030,933.36,424.55,197.89,490.80,1,-1,-1,-1
285,1032,818.45,444.28,169.31,489.42,1,-1,-1,-1
286,1029,1460.24,427.43,179.67,411.87,1,-1,-1,-1
286,1030,933.88,424.75,197.46,489.74,1,-1,-1,-1
286,1032,816.74,440.52,180.02,513.00,1,-1,-1,-1
287,1029,1464.02,431.19,177.68,412.01,1,-1,-1,-1
287,1032,815.38,439.10,185.42,521.78,1,-1,-1,-1
288,1029,1465.84,432.67,175.82,411.95,1,-1,-1,-1
288,1032,814.20,438.53,188.70,525.16,1,-1,-1,-1
289,1029,1478.43,419.05,178.13,417.00,1,-1,-1,-1
289,1030,931.00,425.92,197.11,491.33,1,-1,-1,-1
289,1032,812.75,443.48,186.68,517.34,1,-1,-1,-1
290,1029,1487.74,424.18,174.86,407.24,1,-1,-1,-1
290,1030,927.59,427.41,197.73,501.08,1,-1,-1,-1
290,1032,812.76,442.76,189.90,527.32,1,-1,-1,-1
291,1029,1492.93,415.81,180.38,412.45,1,-1,-1,-1
291,1030,934.33,429.22,196.49,497.85,1,-1,-1,-1
291,1032,813.52,443.34,190.59,529.24,1,-1,-1,-1
292,1029,1501.57,428.23,179.13,402.71,1,-1,-1,-1
292,1030,934.81,432.51,193.66,491.39,1,-1,-1,-1
292,1032,817.53,450.09,181.85,507.36,1,-1,-1,-1
293,1029,1499.98,439.66,176.18,390.97,1,-1,-1,-1
293,1030,930.51,435.05,196.30,495.50,1,-1,-1,-1
293,1032,818.53,451.18,181.84,507.32,1,-1,-1,-1
294,1029,1505.09,445.31,175.03,379.89,1,-1,-1,-1
294,1030,928.79,433.37,200.09,508.79,1,-1,-1,-1
295,1029,1505.65,447.40,174.25,375.75,1,-1,-1,-1
295,1030,925.72,430.14,203.80,524.14,1,-1,-1,-1
296,1029,1505.40,448.15,174.56,374.24,1,-1,-1,-1
296,1030,925.16,428.88,203.99,530.00,1,-1,-1,-1
297,1029,1504.87,448.40,175.23,373.71,1,-1,-1,-1
297,1030,925.50,428.38,202.96,532.20,1,-1,-1,-1
298,1029,1552.08,435.32,196.00,416.91,1,-1,-1,-1
298,1030,931.32,432.06,195.08,512.25,1,-1,-1,-1
299,1029,1569.16,430.56,203.88,432.65,1,-1,-1,-1
299,1030,933.67,433.48,191.86,504.41,1,-1,-1,-1
300,1029,1575.60,428.64,207.27,438.90,1,-1,-1,-1
300,1030,934.61,434.00,190.53,501.49,1,-1,-1,-1
301,1029,1590.20,421.50,209.40,439.93,1,-1,-1,-1
301,1030,933.04,435.49,196.48,513.51,1,-1,-1,-1
302,1029,1595.15,418.76,211.01,440.18,1,-1,-1,-1
302,1030,932.08,436.03,199.46,518.00,1,-1,-1,-1
303,1029,1596.38,417.75,212.35,440.16,1,-1,-1,-1
303,1030,931.38,436.22,201.25,519.70,1,-1,-1,-1
304,1029,1601.21,403.18,219.04,451.67,1,-1,-1,-1
304,1030,929.86,433.67,203.13,532.02,1,-1,-1,-1
305,1029,1602.56,397.68,222.16,455.97,1,-1,-1,-1
305,1030,930.07,432.69,202.27,536.65,1,-1,-1,-1
306,1029,1602.54,395.62,223.85,457.50,1,-1,-1,-1
306,1030,930.84,432.31,200.54,538.36,1,-1,-1,-1
307,1029,1608.08,396.20,232.21,481.20,1,-1,-1,-1
307,1030,935.82,433.45,199.59,540.24,1,-1,-1,-1
308,1029,1610.99,396.46,233.53,490.11,1,-1,-1,-1
308,1030,938.15,433.88,198.34,540.89,1,-1,-1,-1
309,1029,1612.68,396.65,232.40,493.44,1,-1,-1,-1
309,1030,939.43,434.04,197.06,541.06,1,-1,-1,-1
310,1029,1623.75,405.78,220.88,463.72,1,-1,-1,-1
310,1030,940.70,434.09,197.58,551.47,1,-1,-1,-1
311,1029,1627.22,409.49,217.35,451.70,1,-1,-1,-1
311,1030,942.06,434.11,195.99,555.35,1,-1,-1,-1
312,1029,1627.75,410.88,217.14,447.21,1,-1,-1,-1
312,1030,943.35,434.11,193.79,556.76,1,-1,-1,-1
313,1029,1636.78,415.35,213.46,446.81,1,-1,-1,-1
313,1030,941.36,445.78,184.92,537.75,1,-1,-1,-1
313,1032,1055.18,501.72,185.46,476.29,1,-1,-1,-1
314,1029,1640.92,417.05,210.22,446.62,1,-1,-1,-1
314,1030,941.13,450.27,180.35,530.30,1,-1,-1,-1
314,1032,1055.25,502.62,194.55,475.68,1,-1,-1,-1
315,1029,1643.11,417.69,207.32,446.52,1,-1,-1,-1
315,1030,941.58,451.90,177.59,527.51,1,-1,-1,-1
315,1032,1053.80,502.96,200.93,475.45,1,-1,-1,-1
316,1029,1648.39,410.09,213.95,463.45,1,-1,-1,-1
316,1030,941.33,453.37,177.54,527.35,1,-1,-1,-1
316,1032,1062.31,493.78,209.66,492.57,1,-1,-1,-1
316,1034,0.00,424.00,192.00,416.00,1,-1,-1,-1
317,1029,1650.60,407.24,215.74,469.77,1,-1,-1,-1
317,1032,1064.95,490.32,213.56,498.96,1,-1,-1,-1
317,1034,0.00,424.00,192.00,416.00,1,-1,-1,-1
318,1029,1651.58,406.16,215.81,472.15,1,-1,-1,-1
318,1032,1065.36,488.95,215.55,501.40,1,-1,-1,-1
318,1034,0.00,424.00,192.00,416.00,1,-1,-1,-1
319,1029,1656.13,405.34,217.01,474.77,1,-1,-1,-1
319,1032,1066.03,447.93,217.24,519.26,1,-1,-1,-1
319,1034,0.00,424.00,192.00,416.00,1,-1,-1,-1
320,1032,1067.55,432.49,214.99,525.96,1,-1,-1,-1
321,1032,1069.08,426.62,211.71,528.45,1,-1,-1,-1
322,1032,1072.60,425.82,214.48,535.78,1,-1,-1,-1
323,1032,1073.82,425.64,215.41,538.49,1,-1,-1,-1
324,1032,1074.15,425.72,215.66,539.41,1,-1,-1,-1
325,1032,1078.71,460.91,209.09,511.11,1,-1,-1,-1
325,1034,84.78,398.59,196.38,427.73,1,-1,-1,-1
326,1032,1079.16,474.75,208.64,499.97,1,-1,-1,-1
326,1034,89.53,397.31,195.69,428.32,1,-1,-1,-1
327,1032,1078.15,479.83,210.55,495.87,1,-1,-1,-1
327,1034,91.43,396.87,194.91,428.52,1,-1,-1,-1
328,1032,1072.22,440.88,223.40,535.17,1,-1,-1,-1
328,1034,101.61,398.10,197.56,431.20,1,-1,-1,-1
329,1032,1071.15,426.63,225.88,549.55,1,-1,-1,-1
329,1034,104.78,398.65,199.31,432.17,1,-1,-1,-1
330,1032,1071.51,421.07,225.00,555.15,1,-1,-1,-1
330,1034,105.34,398.92,200.65,432.49,1,-1,-1,-1
331,1032,1072.47,428.05,224.07,550.74,1,-1,-1,-1
331,1034,112.58,388.60,204.89,440.44,1,-1,-1,-1
332,1032,1072.53,430.89,224.09,548.88,1,-1,-1,-1
332,1034,114.96,384.76,206.78,443.40,1,-1,-1,-1
333,1032,1072.29,432.06,224.45,548.07,1,-1,-1,-1
333,1034,115.49,383.37,207.74,444.47,1,-1,-1,-1
334,1032,1073.16,427.37,223.81,545.08,1,-1,-1,-1
334,1034,117.40,388.14,201.60,431.78,1,-1,-1,-1
335,1032,1073.27,425.66,223.83,543.85,1,-1,-1,-1
335,1034,117.91,390.07,199.10,426.83,1,-1,-1,-1
336,1032,1073.12,425.08,224.09,543.31,1,-1,-1,-1
336,1034,117.98,390.85,198.07,424.97,1,-1,-1,-1
337,1032,1074.99,421.02,225.40,546.96,1,-1,-1,-1
337,1034,185.69,414.81,193.29,400.64,1,-1,-1,-1
338,1032,1075.71,419.55,225.78,548.29,1,-1,-1,-1
338,1034,209.75,424.04,194.62,391.35,1,-1,-1,-1
339,1032,1075.97,419.06,225.80,548.74,1,-1,-1,-1
339,1034,216.59,427.34,198.20,388.06,1,-1,-1,-1
340,1032,1077.80,422.85,226.14,546.25,1,-1,-1,-1
340,1034,229.63,405.94,209.57,409.51,1,-1,-1,-1
341,1032,1078.10,424.36,226.95,545.24,1,-1,-1,-1
341,1034,234.13,398.10,213.97,417.37,1,-1,-1,-1
342,1032,1077.85,424.98,227.88,544.82,1,-1,-1,-1
342,1034,235.30,395.07,215.90,420.45,1,-1,-1,-1
343,1032,1081.15,443.53,223.95,527.66,1,-1,-1,-1
343,1034,246.90,392.64,214.34,420.33,1,-1,-1,-1
344,1032,1081.54,450.67,224.04,521.06,1,-1,-1,-1
344,1034,251.35,391.75,212.96,420.26,1,-1,-1,-1
345,1032,1080.88,453.29,225.60,518.63,1,-1,-1,-1
345,1034,253.05,391.46,211.73,420.22,1,-1,-1,-1
346,1032,1079.10,448.97,223.90,509.88,1,-1,-1,-1
346,1034,266.83,386.17,213.06,424.11,1,-1,-1,-1
347,1032,1077.83,447.30,224.37,506.63,1,-1,-1,-1
347,1034,271.94,384.21,213.22,425.57,1,-1,-1,-1
348,1032,1076.81,446.65,225.57,505.48,1,-1,-1,-1
348,1034,273.72,383.51,212.97,426.11,1,-1,-1,-1
349,1032,1074.70,450.33,225.50,503.80,1,-1,-1,-1
349,1034,282.36,381.97,213.33,426.82,1,-1,-1,-1
350,1032,1073.69,451.70,225.86,503.24,1,-1,-1,-1
351,1032,1073.12,452.18,226.35,503.10,1,-1,-1,-1
352,1032,1075.94,451.03,224.39,499.17,1,-1,-1,-1
353,1032,1077.04,450.57,223.58,497.74,1,-1,-1,-1
354,1032,1077.47,450.37,223.21,497.27,1,-1,-1,-1
355,1032,1075.66,451.60,217.79,484.03,1,-1,-1,-1
355,1035,920.00,458.00,180.00,482.00,1,-1,-1,-1
356,1032,1074.81,452.04,216.04,479.08,1,-1,-1,-1
356,1035,920.00,458.00,180.00,482.00,1,-1,-1,-1
357,1032,1074.36,452.19,215.68,477.34,1,-1,-1,-1
357,1035,920.00,458.00,180.00,482.00,1,-1,-1,-1
358,1032,1074.73,452.67,214.37,474.44,1,-1,-1,-1
358,1034,353.51,381.46,202.09,412.83,1,-1,-1,-1
358,1035,920.00,458.00,180.00,482.00,1,-1,-1,-1
359,1034,357.30,381.62,198.52,412.08,1,-1,-1,-1
360,1034,359.47,381.66,195.89,411.83,1,-1,-1,-1
361,1032,1070.62,445.18,224.31,501.28,1,-1,-1,-1
361,1034,366.64,381.68,193.60,405.20,1,-1,-1,-1
361,1035,924.26,458.00,180.93,485.78,1,-1,-1,-1
362,1032,1066.24,440.31,226.62,512.45,1,-1,-1,-1
362,1034,376.42,381.72,189.95,401.39,1,-1,-1,-1
362,1035,924.92,458.00,181.16,486.40,1,-1,-1,-1
363,1032,1065.38,438.58,226.05,516.42,1,-1,-1,-1
363,1034,380.27,381.74,187.75,400.00,1,-1,-1,-1
364,1032,1068.64,432.76,223.87,519.19,1,-1,-1,-1
364,1034,382.58,389.67,184.74,396.89,1,-1,-1,-1
365,1032,1070.74,430.56,221.34,520.21,1,-1,-1,-1
365,1034,383.59,392.66,182.88,395.78,1,-1,-1,-1
366,1032,1072.30,429.75,218.87,520.56,1,-1,-1,-1
366,1034,384.10,393.76,181.55,395.41,1,-1,-1,-1
367,1032,1067.93,426.89,217.47,521.95,1,-1,-1,-1
367,1034,402.99,412.55,174.82,379.55,1,-1,-1,-1
367,1035,934.38,448.56,184.40,501.31,1,-1,-1,-1
368,1032,1066.79,425.83,215.92,522.44,1,-1,-1,-1
368,1034,409.81,419.66,172.55,373.59,1,-1,-1,-1
368,1035,935.94,447.90,182.76,502.33,1,-1,-1,-1
369,1032,1066.83,425.47,214.41,522.58,1,-1,-1,-1
369,1034,411.99,422.19,172.00,371.49,1,-1,-1,-1
369,1035,937.02,447.67,181.14,502.68,1,-1,-1,-1
370,1032,1065.06,421.47,210.94,516.09,1,-1,-1,-1
370,1034,418.13,425.05,170.61,368.49,1,-1,-1,-1
370,1035,937.88,442.37,178.22,498.83,1,-1,-1,-1
370,1036,100.00,430.00,210.00,374.00,1,-1,-1,-1
371,1032,1064.61,419.99,209.20,513.58,1,-1,-1,-1
371,1035,938.55,440.39,176.33,497.32,1,-1,-1,-1
371,1036,100.00,430.00,210.00,374.00,1,-1,-1,-1
372,1032,1064.66,419.48,208.17,512.62,1,-1,-1,-1
372,1035,939.12,439.68,174.92,496.72,1,-1,-1,-1
372,1036,100.00,430.00,210.00,374.00,1,-1,-1,-1
373,1032,1063.74,418.08,208.22,512.73,1,-1,-1,-1
373,1035,943.23,442.08,170.46,483.36,1,-1,-1,-1
373,1036,105.91,440.39,210.05,375.48,1,-1,-1,-1
374,1035,944.71,443.04,168.87,478.26,1,-1,-1,-1
374,1036,108.23,443.87,209.41,375.98,1,-1,-1,-1
375,1035,945.16,443.43,168.40,476.38,1,-1,-1,-1
375,1036,109.29,444.92,208.47,376.13,1,-1,-1,-1
376,1035,952.56,443.60,169.50,474.40,1,-1,-1,-1
376,1036,113.84,435.43,210.71,383.09,1,-1,-1,-1
377,1035,954.84,443.68,170.86,473.70,1,-1,-1,-1
377,1036,115.97,431.94,210.38,385.57,1,-1,-1,-1
378,1035,955.21,443.73,172.24,473.48,1,-1,-1,-1
378,1036,117.23,430.62,209.14,386.42,1,-1,-1,-1
379,1035,957.05,443.30,171.83,472.35,1,-1,-1,-1
379,1036,122.30,448.83,201.96,370.64,1,-1,-1,-1
380,1036,123.75,455.72,199.96,364.59,1,-1,-1,-1
381,1036,123.82,458.14,200.01,362.43,1,-1,-1,-1
382,1036,125.78,460.82,199.24,361.02,1,-1,-1,-1
394,1032,1046.60,439.54,228.58,539.78,1,-1,-1,-1
394,1034,545.27,434.25,147.59,313.92,1,-1,-1,-1
394,1036,258.23,423.33,189.37,359.70,1,-1,-1,-1
395,1032,1045.97,440.33,229.08,540.95,1,-1,-1,-1
395,1034,550.66,434.76,146.50,311.62,1,-1,-1,-1
395,1036,266.40,421.87,189.12,359.22,1,-1,-1,-1
397,1032,1048.72,441.98,230.85,532.16,1,-1,-1,-1
398,1032,1047.75,442.25,233.93,530.78,1,-1,-1,-1
399,1032,1046.71,442.34,236.39,530.32,1,-1,-1,-1
400,1032,1045.03,446.28,235.96,527.52,1,-1,-1,-1
401,1032,1044.23,447.75,236.13,526.46,1,-1,-1,-1
402,1032,1043.79,448.27,236.47,526.06,1,-1,-1,-1
403,1032,1045.73,445.81,233.73,518.06,1,-1,-1,-1
404,1032,1046.28,444.85,233.07,515.04,1,-1,-1,-1
405,1032,1046.31,444.46,233.18,513.94,1,-1,-1,-1
406,1032,1048.14,445.62,234.84,513.57,1,-1,-1,-1
406,1036,243.56,413.78,187.04,363.73,1,-1,-1,-1
407,1032,1048.38,446.04,236.38,513.47,1,-1,-1,-1
407,1036,243.33,413.61,184.24,363.94,1,-1,-1,-1
408,1032,1048.05,446.18,237.77,513.47,1,-1,-1,-1
408,1036,243.82,413.54,182.22,364.02,1,-1,-1,-1
409,1032,1044.03,443.60,240.85,516.12,1,-1,-1,-1
409,1036,244.87,412.69,182.27,364.11,1,-1,-1,-1
410,1032,1042.02,442.61,242.98,517.14,1,-1,-1,-1
411,1032,1040.83,442.23,244.63,517.55,1,-1,-1,-1
412,1032,1040.81,442.26,244.47,517.19,1,-1,-1,-1
412,1036,267.88,418.77,175.59,357.05,1,-1,-1,-1
413,1036,271.61,419.56,172.83,356.17,1,-1,-1,-1
414,1036,273.38,419.83,170.90,355.88,1,-1,-1,-1
415,1032,1037.88,436.78,244.92,516.01,1,-1,-1,-1
415,1036,275.76,419.78,170.65,355.37,1,-1,-1,-1
416,1032,1037.16,436.11,245.70,515.89,1,-1,-1,-1
417,1032,1036.71,435.89,246.39,515.84,1,-1,-1,-1
418,1032,1036.50,435.46,246.24,515.52,1,-1,-1,-1
424,1032,1030.51,437.68,253.10,532.72,1,-1,-1,-1
425,1032,1030.62,437.87,252.58,533.92,1,-1,-1,-1
426,1032,1030.90,437.93,251.91,534.34,1,-1,-1,-1
427,1032,1030.36,437.88,252.39,535.33,1,-1,-1,-1
430,1036,402.83,427.86,149.72,316.50,1,-1,-1,-1
431,1036,406.59,428.08,147.81,315.54,1,-1,-1,-1
432,1036,408.26,428.16,146.62,315.17,1,-1,-1,-1
433,1036,414.36,428.51,145.76,313.32,1,-1,-1,-1
436,1032,1043.30,430.29,192.57,394.12,1,-1,-1,-1
436,1037,1242.00,298.00,464.00,700.00,1,-1,-1,-1
437,1032,1041.84,429.95,194.04,387.51,1,-1,-1,-1
437,1037,1242.00,298.00,464.00,700.00,1,-1,-1,-1
438,1032,1040.37,429.84,196.47,385.32,1,-1,-1,-1
438,1037,1242.00,298.00,464.00,700.00,1,-1,-1,-1
439,1032,1030.70,409.45,210.25,421.42,1,-1,-1,-1
439,1037,1242.00,298.00,464.00,700.00,1,-1,-1,-1
440,1032,1028.44,402.21,212.82,434.29,1,-1,-1,-1
441,1032,1028.46,399.50,212.12,439.42,1,-1,-1,-1
442,1032,1027.13,395.96,212.51,440.22,1,-1,-1,-1
442,1037,987.29,339.54,437.20,664.13,1,-1,-1,-1
443,1037,966.20,343.20,432.09,660.96,1,-1,-1,-1
444,1037,960.48,344.37,428.45,659.95,1,-1,-1,-1
445,1032,1193.29,408.75,191.34,392.90,1,-1,-1,-1
445,1037,883.61,371.67,421.08,634.04,1,-1,-1,-1
446,1032,1192.68,424.90,209.67,429.82,1,-1,-1,-1
446,1037,823.20,384.20,424.65,621.98,1,-1,-1,-1
447,1032,1190.11,435.99,212.35,432.71,1,-1,-1,-1
447,1037,758.25,351.72,441.05,647.81,1,-1,-1,-1
448,1032,1200.64,437.22,212.74,433.48,1,-1,-1,-1
448,1037,713.43,355.45,438.39,643.90,1,-1,-1,-1
454,1037,476.64,357.14,445.88,665.52,1,-1,-1,-1
455,1037,466.80,357.05,441.01,667.08,1,-1,-1,-1
456,1037,464.86,357.02,436.43,667.63,1,-1,-1,-1
457,1037,395.75,360.87,432.73,660.01,1,-1,-1,-1
457,1038,1362.00,428.00,136.00,354.00,1,-1,-1,-1
458,1037,370.51,362.27,431.93,657.12,1,-1,-1,-1
458,1038,1362.00,428.00,136.00,354.00,1,-1,-1,-1
459,1037,361.97,362.74,432.18,656.05,1,-1,-1,-1
459,1038,1362.00,428.00,136.00,354.00,1,-1,-1,-1
460,1037,287.04,355.00,435.44,651.76,1,-1,-1,-1
460,1038,1368.65,422.06,147.94,383.68,1,-1,-1,-1
461,1037,258.40,352.02,439.71,650.17,1,-1,-1,-1
461,1038,1370.63,420.08,152.40,393.61,1,-1,-1,-1
462,1037,247.49,350.88,444.05,649.61,1,-1,-1,-1
462,1038,1371.01,419.45,154.33,396.77,1,-1,-1,-1
463,1037,188.39,346.50,448.07,650.75,1,-1,-1,-1
463,1038,1372.87,417.83,157.47,404.85,1,-1,-1,-1
464,1037,166.36,344.84,451.28,651.21,1,-1,-1,-1
465,1037,158.46,344.22,454.01,651.42,1,-1,-1,-1
466,1037,125.55,343.96,453.46,650.64,1,-1,-1,-1
469,1037,41.07,333.38,472.90,670.83,1,-1,-1,-1
469,1038,1360.00,447.69,171.11,433.17,1,-1,-1,-1
470,1037,30.05,332.11,479.16,673.30,1,-1,-1,-1
470,1038,1357.91,449.84,173.84,434.30,1,-1,-1,-1
471,1037,25.08,331.67,483.63,674.16,1,-1,-1,-1
471,1038,1356.60,450.57,176.04,434.81,1,-1,-1,-1
472,1037,-2.30,330.66,484.44,675.29,1,-1,-1,-1
472,1038,1356.37,452.28,178.22,440.19,1,-1,-1,-1
478,1038,1477.36,430.41,164.93,406.91,1,-1,-1,-1
478,1039,1190.00,412.00,186.00,594.00,1,-1,-1,-1
479,1038,1485.69,429.87,165.25,407.70,1,-1,-1,-1
479,1039,1191.75,420.57,180.79,576.86,1,-1,-1,-1
480,1039,1191.93,422.00,180.13,574.00,1,-1,-1,-1
481,1039,1192.24,423.43,179.24,571.14,1,-1,-1,-1
484,1040,826.00,430.00,148.00,284.00,1,-1,-1,-1
485,1040,826.00,430.00,148.00,284.00,1,-1,-1,-1
486,1040,826.00,430.00,148.00,284.00,1,-1,-1,-1
487,1040,826.00,430.00,148.00,284.00,1,-1,-1,-1
499,1039,1344.07,382.19,232.83,629.68,1,-1,-1,-1
500,1039,1352.55,380.25,233.82,632.36,1,-1,-1,-1
523,1039,1404.52,403.35,257.68,602.87,1,-1,-1,-1
524,1039,1394.94,404.05,276.65,601.95,1,-1,-1,-1
525,1039,1388.92,404.29,288.93,601.64,1,-1,-1,-1
526,1039,1391.74,405.03,288.47,600.70,1,-1,-1,-1
