1,6141,428.90,273.68,39.51,119.69,1,-1,-1,-1
1,6170,199.00,199.00,50.00,157.00,1,-1,-1,-1
1,6171,389.00,173.00,151.00,242.00,1,-1,-1,-1
1,6172,59.00,155.00,91.00,285.00,1,-1,-1,-1
1,6173,261.00,197.00,121.00,199.00,1,-1,-1,-1
1,6174,150.00,195.00,53.00,162.00,1,-1,-1,-1
2,6170,199.00,199.00,50.00,157.00,1,-1,-1,-1
2,6171,389.00,173.00,151.00,242.00,1,-1,-1,-1
2,6172,59.00,155.00,91.00,285.00,1,-1,-1,-1
2,6173,261.00,197.00,121.00,199.00,1,-1,-1,-1
2,6174,150.00,195.00,53.00,162.00,1,-1,-1,-1
3,6170,199.00,199.00,50.00,157.00,1,-1,-1,-1
3,6171,389.00,173.00,151.00,242.00,1,-1,-1,-1
3,6172,59.00,155.00,91.00,285.00,1,-1,-1,-1
3,6173,261.00,197.00,121.00,199.00,1,-1,-1,-1
3,6174,150.00,195.00,53.00,162.00,1,-1,-1,-1
4,6170,199.00,199.00,50.00,157.00,1,-1,-1,-1
4,6171,397.32,172.26,152.17,244.23,1,-1,-1,-1
4,6172,81.11,157.23,91.30,280.55,1,-1,-1,-1
4,6173,259.00,197.00,110.90,183.42,1,-1,-1,-1
4,6174,158.93,189.81,55.92,170.90,1,-1,-1,-1
5,6171,400.20,172.01,152.38,244.97,1,-1,-1,-1
5,6172,87.83,157.97,92.81,279.05,1,-1,-1,-1
5,6173,258.57,197.00,107.02,178.17,1,-1,-1,-1
5,6174,161.92,188.07,56.89,173.89,1,-1,-1,-1
6,6171,401.17,171.93,152.24,245.20,1,-1,-1,-1
6,6172,89.00,158.19,94.87,278.61,1,-1,-1,-1
6,6173,258.73,197.00,105.38,176.73,1,-1,-1,-1
6,6174,162.85,187.52,57.20,174.82,1,-1,-1,-1
7,6171,419.53,171.92,148.41,243.86,1,-1,-1,-1
7,6172,98.54,159.63,98.29,278.52,1,-1,-1,-1
7,6173,236.69,191.33,105.23,180.70,1,-1,-1,-1
7,6174,165.27,186.12,57.99,177.23,1,-1,-1,-1
8,6171,427.06,171.92,145.02,243.35,1,-1,-1,-1
8,6172,100.51,160.12,101.86,278.54,1,-1,-1,-1
8,6173,230.01,189.37,103.49,182.20,1,-1,-1,-1
9,6171,430.58,171.93,141.81,243.16,1,-1,-1,-1
9,6172,99.79,160.27,105.46,278.59,1,-1,-1,-1
9,6173,228.66,188.71,101.21,182.85,1,-1,-1,-1
10,6171,435.15,171.81,141.86,243.24,1,-1,-1,-1
10,6172,114.02,165.00,106.90,277.96,1,-1,-1,-1
10,6173,224.74,187.17,102.33,188.55,1,-1,-1,-1
11,6172,118.55,166.73,108.44,277.76,1,-1,-1,-1
11,6173,224.09,186.64,101.49,190.68,1,-1,-1,-1
12,6172,119.50,167.32,109.97,277.71,1,-1,-1,-1
12,6173,224.63,186.49,100.00,191.50,1,-1,-1,-1
13,6171,482.52,168.37,142.79,248.41,1,-1,-1,-1
13,6172,141.02,162.86,109.52,279.04,1,-1,-1,-1
13,6173,237.20,194.38,91.55,180.61,1,-1,-1,-1
14,6171,488.63,167.98,141.26,249.00,1,-1,-1,-1
14,6172,149.12,161.15,108.80,279.56,1,-1,-1,-1
14,6173,242.97,197.47,86.90,176.44,1,-1,-1,-1
15,6171,491.23,167.85,139.69,249.20,1,-1,-1,-1
15,6172,152.16,160.49,108.02,279.76,1,-1,-1,-1
15,6173,245.83,198.58,83.83,174.97,1,-1,-1,-1
16,6171,500.05,169.12,139.35,248.60,1,-1,-1,-1
16,6172,172.43,151.69,110.37,290.37,1,-1,-1,-1
16,6173,244.34,198.94,83.10,173.46,1,-1,-1,-1
17,6171,503.15,169.62,139.22,248.36,1,-1,-1,-1
17,6172,180.35,148.40,110.23,294.33,1,-1,-1,-1
18,6171,504.08,169.81,139.15,248.25,1,-1,-1,-1
18,6172,183.55,147.16,109.27,295.83,1,-1,-1,-1
19,6170,295.85,200.99,47.34,147.05,1,-1,-1,-1
19,6171,508.96,166.62,140.78,255.40,1,-1,-1,-1
19,6172,202.93,158.42,108.42,284.01,1,-1,-1,-1
19,6174,162.44,191.53,53.74,159.97,1,-1,-1,-1
20,6170,297.65,201.03,47.66,146.85,1,-1,-1,-1
20,6171,511.30,165.42,140.07,258.07,1,-1,-1,-1
20,6172,209.16,162.81,109.83,279.38,1,-1,-1,-1
20,6174,161.55,191.87,54.53,159.14,1,-1,-1,-1
21,6170,298.29,201.05,47.94,146.77,1,-1,-1,-1
21,6171,512.56,164.98,138.64,259.07,1,-1,-1,-1
21,6172,210.36,164.43,112.04,277.68,1,-1,-1,-1
21,6174,161.07,191.96,55.30,158.90,1,-1,-1,-1
22,6170,303.15,201.15,47.78,146.27,1,-1,-1,-1
22,6171,517.67,164.49,139.24,260.18,1,-1,-1,-1
22,6172,221.94,163.70,118.34,282.31,1,-1,-1,-1
22,6174,153.26,187.99,64.84,182.14,1,-1,-1,-1
23,6172,224.85,163.41,123.12,284.06,1,-1,-1,-1
23,6174,150.05,186.57,69.08,190.48,1,-1,-1,-1
24,6172,224.57,163.29,127.10,284.72,1,-1,-1,-1
24,6174,148.46,186.00,71.37,193.80,1,-1,-1,-1
25,6172,238.30,163.23,127.81,285.62,1,-1,-1,-1
25,6173,216.99,188.41,81.69,175.54,1,-1,-1,-1
25,6174,130.42,187.72,77.59,200.14,1,-1,-1,-1
25,6175,285.00,157.00,71.00,205.00,1,-1,-1,-1
26,6172,243.17,163.19,128.25,285.96,1,-1,-1,-1
26,6173,216.79,187.95,79.92,175.70,1,-1,-1,-1
26,6174,122.49,188.41,81.91,202.52,1,-1,-1,-1
26,6175,285.00,157.00,71.00,205.00,1,-1,-1,-1
27,6172,244.68,163.17,128.56,286.08,1,-1,-1,-1
27,6173,217.13,187.79,78.48,175.76,1,-1,-1,-1
27,6174,118.61,188.69,85.23,203.34,1,-1,-1,-1
27,6175,285.00,157.00,71.00,205.00,1,-1,-1,-1
28,6172,269.18,158.58,127.28,293.29,1,-1,-1,-1
28,6173,232.31,206.67,71.49,158.17,1,-1,-1,-1
28,6174,105.05,189.45,89.51,204.20,1,-1,-1,-1
28,6175,285.00,157.00,71.00,205.00,1,-1,-1,-1
29,6172,279.47,156.85,124.32,296.00,1,-1,-1,-1
29,6173,238.23,214.07,69.08,151.33,1,-1,-1,-1
29,6174,98.91,189.75,93.10,204.44,1,-1,-1,-1
30,6172,284.23,156.19,120.98,297.01,1,-1,-1,-1
30,6173,240.16,216.63,68.58,148.99,1,-1,-1,-1
30,6174,95.77,189.87,96.19,204.44,1,-1,-1,-1
31,6172,299.98,155.95,121.13,300.61,1,-1,-1,-1
31,6173,248.63,220.85,66.25,143.53,1,-1,-1,-1
31,6174,85.99,186.04,100.45,210.83,1,-1,-1,-1
31,6176,3.00,176.00,78.00,224.00,1,-1,-1,-1
32,6172,306.09,155.86,120.46,301.95,1,-1,-1,-1
32,6173,251.70,222.32,65.52,141.62,1,-1,-1,-1
32,6174,82.01,184.59,102.72,213.21,1,-1,-1,-1
32,6176,3.00,176.00,78.00,224.00,1,-1,-1,-1
33,6172,308.47,155.84,119.56,302.43,1,-1,-1,-1
33,6173,252.73,222.78,65.38,141.01,1,-1,-1,-1
33,6174,80.29,184.03,104.15,214.05,1,-1,-1,-1
33,6176,3.00,176.00,78.00,224.00,1,-1,-1,-1
34,6172,326.30,157.79,121.18,294.13,1,-1,-1,-1
34,6173,257.23,218.88,67.70,143.54,1,-1,-1,-1
34,6174,76.77,183.53,105.40,216.61,1,-1,-1,-1
34,6176,24.91,171.55,84.64,235.87,1,-1,-1,-1
35,6172,331.59,158.55,124.24,290.89,1,-1,-1,-1
35,6173,258.54,217.41,69.19,144.53,1,-1,-1,-1
35,6176,31.15,170.06,89.04,239.85,1,-1,-1,-1
36,6172,332.15,158.84,127.68,289.67,1,-1,-1,-1
36,6173,258.70,216.81,70.31,144.97,1,-1,-1,-1
36,6176,31.90,169.59,92.81,241.09,1,-1,-1,-1
37,6172,343.64,160.91,129.45,290.52,1,-1,-1,-1
37,6173,270.45,208.65,74.90,155.06,1,-1,-1,-1
37,6176,34.52,174.96,93.53,235.89,1,-1,-1,-1
38,6172,347.35,161.69,130.86,290.84,1,-1,-1,-1
38,6173,274.84,205.65,76.43,158.78,1,-1,-1,-1
38,6176,34.27,177.01,95.49,233.80,1,-1,-1,-1
39,6172,348.14,161.98,132.06,290.97,1,-1,-1,-1
39,6173,276.54,204.47,76.90,160.25,1,-1,-1,-1
39,6176,33.07,177.75,97.94,232.97,1,-1,-1,-1
40,6172,369.76,156.86,131.82,299.50,1,-1,-1,-1
40,6173,286.94,198.20,80.70,168.58,1,-1,-1,-1
40,6176,37.48,178.06,98.32,233.88,1,-1,-1,-1
41,6172,378.84,154.93,129.46,302.70,1,-1,-1,-1
41,6173,290.88,195.84,82.03,171.73,1,-1,-1,-1
42,6172,383.04,154.19,126.55,303.91,1,-1,-1,-1
42,6173,292.36,194.94,82.45,172.93,1,-1,-1,-1
43,6172,397.39,155.22,124.05,304.99,1,-1,-1,-1
43,6173,299.33,191.40,84.40,179.16,1,-1,-1,-1
43,6176,13.66,177.22,94.39,221.82,1,-1,-1,-1
44,6172,403.39,155.62,121.53,305.37,1,-1,-1,-1
44,6173,302.20,190.08,84.57,181.51,1,-1,-1,-1
44,6176,10.22,177.10,94.79,220.37,1,-1,-1,-1
45,6172,406.11,155.79,119.16,305.48,1,-1,-1,-1
45,6173,303.46,189.59,84.13,182.38,1,-1,-1,-1
45,6176,8.85,177.07,95.50,219.90,1,-1,-1,-1
46,6172,424.49,154.56,121.43,304.84,1,-1,-1,-1
46,6173,310.88,197.17,78.86,172.37,1,-1,-1,-1
46,6176,1.04,181.69,89.83,208.48,1,-1,-1,-1
46,6177,104.00,175.00,113.00,235.00,1,-1,-1,-1
47,6172,430.58,154.09,123.60,304.57,1,-1,-1,-1
47,6173,313.78,200.19,76.45,168.38,1,-1,-1,-1
47,6176,-1.76,183.44,87.35,204.19,1,-1,-1,-1
47,6177,104.00,175.00,113.00,235.00,1,-1,-1,-1
48,6172,432.02,153.93,125.61,304.44,1,-1,-1,-1
48,6173,314.90,201.32,75.26,166.89,1,-1,-1,-1
48,6176,-2.58,184.05,86.16,202.70,1,-1,-1,-1
48,6177,104.00,175.00,113.00,235.00,1,-1,-1,-1
49,6172,451.88,151.27,130.24,303.07,1,-1,-1,-1
49,6173,318.62,199.12,77.20,170.27,1,-1,-1,-1
49,6176,-18.50,178.25,85.72,214.89,1,-1,-1,-1
49,6177,118.65,176.48,114.88,237.97,1,-1,-1,-1
50,6172,457.80,150.27,134.70,302.52,1,-1,-1,-1
50,6173,319.83,198.30,78.15,171.53,1,-1,-1,-1
50,6176,-22.64,176.14,82.32,219.34,1,-1,-1,-1
50,6177,123.37,176.98,115.88,238.96,1,-1,-1,-1
51,6172,458.52,149.90,138.84,302.31,1,-1,-1,-1
51,6173,320.08,198.00,78.71,171.99,1,-1,-1,-1
51,6176,-22.77,175.32,78.28,221.09,1,-1,-1,-1
51,6177,124.58,177.13,116.61,239.26,1,-1,-1,-1
52,6172,476.04,151.09,139.27,302.87,1,-1,-1,-1
52,6173,334.99,197.24,78.37,173.46,1,-1,-1,-1
52,6176,-26.04,175.03,78.35,221.29,1,-1,-1,-1
52,6177,137.44,181.31,114.36,235.87,1,-1,-1,-1
52,6178,468.00,209.00,46.00,143.00,1,-1,-1,-1
53,6172,482.36,151.55,139.53,303.07,1,-1,-1,-1
53,6173,340.84,196.96,77.70,174.00,1,-1,-1,-1
53,6177,142.10,182.81,113.14,234.60,1,-1,-1,-1
53,6178,468.00,209.00,46.00,143.00,1,-1,-1,-1
54,6172,484.42,151.74,139.70,303.13,1,-1,-1,-1
54,6173,343.19,196.86,76.96,174.19,1,-1,-1,-1
54,6177,143.76,183.30,112.30,234.14,1,-1,-1,-1
54,6178,468.00,209.00,46.00,143.00,1,-1,-1,-1
55,6172,496.36,156.39,136.43,305.11,1,-1,-1,-1
55,6173,354.08,202.05,73.33,164.49,1,-1,-1,-1
55,6177,148.51,184.35,112.21,233.94,1,-1,-1,-1
55,6178,476.04,212.71,45.51,140.03,1,-1,-1,-1
56,6172,501.74,158.15,132.97,305.84,1,-1,-1,-1
56,6173,357.93,204.07,72.24,160.71,1,-1,-1,-1
56,6178,478.55,213.96,45.72,139.03,1,-1,-1,-1
57,6172,504.51,158.82,129.66,306.11,1,-1,-1,-1
57,6173,359.06,204.80,72.15,159.34,1,-1,-1,-1
57,6178,479.07,214.32,46.21,138.74,1,-1,-1,-1
58,6172,521.51,144.07,130.52,316.63,1,-1,-1,-1
58,6173,359.11,197.80,75.90,168.10,1,-1,-1,-1
58,6177,201.74,185.26,113.16,233.93,1,-1,-1,-1
58,6178,491.91,215.09,48.05,138.68,1,-1,-1,-1
59,6172,528.74,138.52,128.85,320.57,1,-1,-1,-1
59,6173,359.15,195.22,77.15,171.32,1,-1,-1,-1
59,6177,207.26,185.34,114.02,233.93,1,-1,-1,-1
59,6178,495.76,215.33,49.96,138.70,1,-1,-1,-1
60,6172,532.13,136.41,126.46,322.05,1,-1,-1,-1
60,6173,359.07,194.23,77.54,172.57,1,-1,-1,-1
60,6177,208.89,185.36,114.80,233.94,1,-1,-1,-1
60,6178,496.36,215.37,51.90,138.73,1,-1,-1,-1
61,6172,534.32,137.58,123.24,319.33,1,-1,-1,-1
61,6173,373.11,196.47,77.23,174.33,1,-1,-1,-1
61,6177,221.67,189.30,117.90,234.60,1,-1,-1,-1
61,6178,505.78,212.66,54.05,142.13,1,-1,-1,-1
62,6172,535.45,138.08,120.87,318.23,1,-1,-1,-1
62,6173,378.66,197.34,76.51,174.99,1,-1,-1,-1
62,6177,225.48,190.76,120.52,234.85,1,-1,-1,-1
62,6178,508.85,211.65,55.39,143.39,1,-1,-1,-1
63,6172,536.18,138.30,118.94,317.78,1,-1,-1,-1
63,6173,380.92,197.68,75.71,175.22,1,-1,-1,-1
63,6177,225.99,191.28,122.83,234.95,1,-1,-1,-1
63,6178,509.57,211.25,56.40,143.86,1,-1,-1,-1
64,6172,542.01,137.34,119.27,318.66,1,-1,-1,-1
64,6173,387.00,197.82,75.11,172.69,1,-1,-1,-1
64,6177,243.17,188.16,125.22,241.54,1,-1,-1,-1
64,6178,523.95,209.78,57.24,147.33,1,-1,-1,-1
65,6173,389.05,197.88,75.12,171.70,1,-1,-1,-1
65,6177,249.72,186.97,125.54,244.00,1,-1,-1,-1
65,6178,529.37,209.23,57.24,148.62,1,-1,-1,-1
66,6173,389.59,197.91,75.35,171.32,1,-1,-1,-1
66,6177,252.21,186.49,125.16,244.93,1,-1,-1,-1
66,6178,531.40,209.02,56.96,149.09,1,-1,-1,-1
67,6173,400.52,196.62,77.91,174.43,1,-1,-1,-1
67,6177,275.23,177.84,123.23,251.77,1,-1,-1,-1
67,6178,545.92,206.99,59.67,149.25,1,-1,-1,-1
68,6173,404.22,196.13,79.51,175.60,1,-1,-1,-1
68,6177,285.24,174.56,119.55,254.33,1,-1,-1,-1
68,6178,550.55,206.23,62.14,149.29,1,-1,-1,-1
69,6173,405.21,195.96,80.69,176.03,1,-1,-1,-1
69,6177,290.11,173.31,115.52,255.28,1,-1,-1,-1
69,6178,551.45,205.95,64.40,149.29,1,-1,-1,-1
70,6173,422.25,210.86,73.53,159.27,1,-1,-1,-1
70,6177,312.91,177.38,115.58,253.00,1,-1,-1,-1
70,6178,556.71,211.07,64.82,146.01,1,-1,-1,-1
71,6173,428.54,216.72,70.94,152.67,1,-1,-1,-1
71,6177,321.09,178.97,116.15,252.08,1,-1,-1,-1
71,6178,558.02,213.05,65.92,144.73,1,-1,-1,-1
