1,6367,154.00,194.00,48.00,162.00,1,-1,-1,-1
1,6368,388.00,172.00,152.00,242.00,1,-1,-1,-1
1,6369,58.00,154.00,92.00,286.00,1,-1,-1,-1
1,6370,262.00,196.00,120.00,200.00,1,-1,-1,-1
1,6371,200.00,200.00,48.00,156.00,1,-1,-1,-1
2,6367,154.00,194.00,48.00,162.00,1,-1,-1,-1
2,6368,388.00,172.00,152.00,242.00,1,-1,-1,-1
2,6369,58.00,154.00,92.00,286.00,1,-1,-1,-1
2,6370,262.00,196.00,120.00,200.00,1,-1,-1,-1
2,6371,200.00,200.00,48.00,156.00,1,-1,-1,-1
3,6367,154.00,194.00,48.00,162.00,1,-1,-1,-1
3,6368,388.00,172.00,152.00,242.00,1,-1,-1,-1
3,6369,58.00,154.00,92.00,286.00,1,-1,-1,-1
3,6370,262.00,196.00,120.00,200.00,1,-1,-1,-1
3,6371,200.00,200.00,48.00,156.00,1,-1,-1,-1
4,6367,154.00,194.00,48.00,162.00,1,-1,-1,-1
4,6368,388.00,172.00,152.00,242.00,1,-1,-1,-1
4,6369,58.00,154.00,92.00,286.00,1,-1,-1,-1
4,6370,262.00,196.00,120.00,200.00,1,-1,-1,-1
4,6371,200.00,200.00,48.00,156.00,1,-1,-1,-1
5,6367,154.00,194.00,48.00,162.00,1,-1,-1,-1
5,6368,402.33,173.45,152.31,243.45,1,-1,-1,-1
5,6369,83.31,159.80,92.10,278.76,1,-1,-1,-1
5,6370,244.14,191.65,110.81,188.41,1,-1,-1,-1
5,6371,200.00,200.00,48.00,156.00,1,-1,-1,-1
6,6368,415.00,175.35,149.59,241.12,1,-1,-1,-1
6,6369,94.97,160.36,94.79,277.70,1,-1,-1,-1
6,6370,237.15,188.70,104.91,182.95,1,-1,-1,-1
7,6368,425.47,173.23,148.82,244.46,1,-1,-1,-1
7,6369,100.49,161.89,97.72,276.01,1,-1,-1,-1
7,6370,229.69,187.77,102.35,182.70,1,-1,-1,-1
8,6368,431.21,172.45,146.85,248.37,1,-1,-1,-1
8,6369,105.12,165.13,99.63,272.73,1,-1,-1,-1
8,6370,224.77,187.50,99.75,182.73,1,-1,-1,-1
9,6368,436.83,172.48,147.44,249.36,1,-1,-1,-1
9,6369,111.26,166.24,101.64,272.99,1,-1,-1,-1
9,6370,223.18,186.10,101.82,191.08,1,-1,-1,-1
10,6369,112.59,166.58,103.60,273.15,1,-1,-1,-1
10,6370,223.58,185.62,100.94,194.12,1,-1,-1,-1
11,6368,458.35,165.24,144.49,255.32,1,-1,-1,-1
11,6369,124.59,165.31,104.88,273.27,1,-1,-1,-1
11,6370,213.57,186.82,97.57,190.00,1,-1,-1,-1
12,6368,473.84,164.14,140.22,254.88,1,-1,-1,-1
12,6369,130.00,163.45,105.59,274.70,1,-1,-1,-1
12,6370,211.71,187.33,94.22,185.77,1,-1,-1,-1
13,6368,480.32,163.77,136.40,254.72,1,-1,-1,-1
13,6369,131.71,162.73,105.97,275.27,1,-1,-1,-1
13,6370,211.58,187.55,92.34,184.23,1,-1,-1,-1
14,6368,483.54,163.65,132.92,254.62,1,-1,-1,-1
14,6369,132.04,162.43,106.21,275.52,1,-1,-1,-1
14,6370,212.02,187.65,91.04,183.70,1,-1,-1,-1
15,6368,485.45,163.63,129.72,254.55,1,-1,-1,-1
15,6369,131.89,162.30,106.40,275.63,1,-1,-1,-1
15,6370,212.63,187.71,90.00,183.54,1,-1,-1,-1
16,6368,500.81,167.58,128.95,250.55,1,-1,-1,-1
16,6369,163.78,153.02,109.32,287.54,1,-1,-1,-1
16,6370,208.81,187.27,89.53,182.57,1,-1,-1,-1
17,6368,506.09,169.11,129.30,249.00,1,-1,-1,-1
17,6369,176.02,149.57,109.43,291.98,1,-1,-1,-1
18,6368,507.55,169.69,130.03,248.41,1,-1,-1,-1
18,6369,180.90,148.25,108.60,293.67,1,-1,-1,-1
19,6368,507.60,169.90,130.86,248.18,1,-1,-1,-1
19,6369,182.89,147.77,107.49,294.29,1,-1,-1,-1
20,6368,507.17,169.98,131.68,248.09,1,-1,-1,-1
20,6369,183.75,147.62,106.33,294.48,1,-1,-1,-1
21,6368,519.96,160.84,133.23,259.85,1,-1,-1,-1
21,6369,212.87,155.40,110.31,288.01,1,-1,-1,-1
21,6370,143.06,184.07,94.26,198.46,1,-1,-1,-1
22,6368,525.61,160.02,133.84,261.03,1,-1,-1,-1
22,6369,224.92,159.72,114.74,286.81,1,-1,-1,-1
22,6370,137.55,183.85,92.01,197.07,1,-1,-1,-1
23,6369,227.85,161.33,119.01,286.35,1,-1,-1,-1
23,6370,136.04,183.77,90.43,196.55,1,-1,-1,-1
24,6369,227.48,161.93,122.98,286.18,1,-1,-1,-1
24,6370,136.00,183.76,89.19,196.35,1,-1,-1,-1
25,6369,225.98,162.14,126.62,286.10,1,-1,-1,-1
25,6370,136.47,183.77,88.17,196.25,1,-1,-1,-1
26,6367,232.81,190.01,55.79,175.95,1,-1,-1,-1
26,6369,257.63,159.59,125.79,289.99,1,-1,-1,-1
26,6370,116.01,186.39,92.98,200.11,1,-1,-1,-1
27,6367,232.92,189.95,58.37,176.19,1,-1,-1,-1
27,6369,270.03,158.62,124.11,291.46,1,-1,-1,-1
27,6370,107.65,187.38,96.36,201.56,1,-1,-1,-1
28,6367,232.47,189.92,60.24,176.27,1,-1,-1,-1
28,6369,275.06,158.24,122.23,292.00,1,-1,-1,-1
28,6370,103.99,187.77,99.02,202.10,1,-1,-1,-1
29,6367,231.85,189.92,61.66,176.28,1,-1,-1,-1
29,6369,277.21,158.10,120.39,292.19,1,-1,-1,-1
29,6370,102.21,187.92,101.23,202.28,1,-1,-1,-1
30,6367,231.22,189.92,62.78,176.27,1,-1,-1,-1
30,6369,278.24,158.04,118.68,292.24,1,-1,-1,-1
30,6370,101.19,187.98,103.15,202.33,1,-1,-1,-1
31,6367,250.44,210.80,56.70,154.07,1,-1,-1,-1
31,6369,297.83,156.71,119.50,297.46,1,-1,-1,-1
31,6370,83.89,184.10,108.16,211.43,1,-1,-1,-1
31,6372,2.00,174.00,78.00,226.00,1,-1,-1,-1
32,6367,254.38,208.05,59.79,157.65,1,-1,-1,-1
32,6369,310.66,160.10,120.18,294.24,1,-1,-1,-1
32,6370,74.07,181.36,101.51,202.04,1,-1,-1,-1
32,6372,5.87,175.71,80.55,232.86,1,-1,-1,-1
33,6367,255.26,207.14,61.75,158.84,1,-1,-1,-1
33,6369,314.76,161.41,121.44,292.96,1,-1,-1,-1
33,6370,70.97,180.29,97.96,198.21,1,-1,-1,-1
33,6372,6.40,176.00,81.20,234.00,1,-1,-1,-1
34,6367,255.08,206.76,63.24,159.32,1,-1,-1,-1
34,6369,315.56,161.90,122.85,292.46,1,-1,-1,-1
34,6370,70.43,179.90,95.80,196.79,1,-1,-1,-1
34,6372,6.41,176.08,81.64,234.30,1,-1,-1,-1
35,6367,254.55,206.58,64.44,159.53,1,-1,-1,-1
35,6369,315.16,162.07,124.23,292.26,1,-1,-1,-1
35,6370,70.81,179.78,94.24,196.25,1,-1,-1,-1
35,6372,6.24,176.08,82.03,234.33,1,-1,-1,-1
36,6367,270.17,207.79,64.59,157.00,1,-1,-1,-1
36,6369,330.25,158.21,129.00,296.10,1,-1,-1,-1
36,6370,65.10,179.27,94.19,196.15,1,-1,-1,-1
36,6372,23.06,174.67,84.96,234.30,1,-1,-1,-1
37,6367,280.38,208.22,65.01,156.07,1,-1,-1,-1
37,6369,342.12,159.35,129.73,293.64,1,-1,-1,-1
37,6372,32.22,175.54,87.83,234.26,1,-1,-1,-1
38,6367,283.84,208.35,65.59,155.75,1,-1,-1,-1
38,6369,345.90,159.79,130.92,292.67,1,-1,-1,-1
38,6372,34.38,175.86,90.79,234.22,1,-1,-1,-1
39,6367,284.78,208.37,66.19,155.65,1,-1,-1,-1
39,6369,346.63,159.95,132.22,292.30,1,-1,-1,-1
39,6372,34.00,175.98,93.77,234.19,1,-1,-1,-1
40,6367,284.82,208.36,66.74,155.64,1,-1,-1,-1
40,6369,346.26,160.01,133.47,292.15,1,-1,-1,-1
40,6372,32.74,176.02,96.71,234.16,1,-1,-1,-1
41,6367,295.12,208.33,68.40,158.29,1,-1,-1,-1
41,6369,373.50,156.11,133.57,299.93,1,-1,-1,-1
41,6372,22.68,174.70,95.32,227.47,1,-1,-1,-1
42,6367,298.72,208.31,69.31,159.29,1,-1,-1,-1
42,6369,384.52,154.65,131.70,302.85,1,-1,-1,-1
42,6372,18.33,174.20,95.55,224.95,1,-1,-1,-1
43,6367,299.81,208.28,69.91,159.69,1,-1,-1,-1
43,6369,389.31,154.09,129.31,303.94,1,-1,-1,-1
43,6372,16.29,174.02,96.40,224.04,1,-1,-1,-1
44,6367,299.96,208.25,70.36,159.84,1,-1,-1,-1
44,6369,391.61,153.89,126.87,304.33,1,-1,-1,-1
44,6372,15.14,173.96,97.42,223.74,1,-1,-1,-1
45,6367,299.78,208.23,70.74,159.91,1,-1,-1,-1
45,6369,392.90,153.83,124.56,304.45,1,-1,-1,-1
45,6372,14.34,173.94,98.46,223.65,1,-1,-1,-1
46,6367,310.20,201.68,73.15,166.46,1,-1,-1,-1
46,6369,418.68,153.82,125.99,303.16,1,-1,-1,-1
46,6372,1.87,177.90,92.76,213.08,1,-1,-1,-1
46,6373,104.00,174.00,112.00,236.00,1,-1,-1,-1
47,6367,314.17,199.22,73.77,168.91,1,-1,-1,-1
47,6369,427.74,153.82,127.54,302.64,1,-1,-1,-1
47,6372,-2.65,179.41,90.08,209.10,1,-1,-1,-1
47,6373,104.00,174.00,112.00,236.00,1,-1,-1,-1
48,6367,315.68,198.28,73.78,169.85,1,-1,-1,-1
48,6369,430.44,153.83,129.04,302.43,1,-1,-1,-1
48,6372,-4.01,179.95,88.61,207.71,1,-1,-1,-1
48,6373,104.00,174.00,112.00,236.00,1,-1,-1,-1
49,6367,316.24,197.93,73.56,170.19,1,-1,-1,-1
49,6369,430.77,153.85,130.44,302.33,1,-1,-1,-1
49,6372,-4.24,180.13,87.63,207.26,1,-1,-1,-1
49,6373,104.00,174.00,112.00,236.00,1,-1,-1,-1
50,6367,316.42,197.81,73.27,170.30,1,-1,-1,-1
50,6369,430.26,153.86,131.72,302.27,1,-1,-1,-1
50,6372,-4.07,180.19,86.86,207.16,1,-1,-1,-1
50,6373,104.00,174.00,112.00,236.00,1,-1,-1,-1
51,6367,324.39,199.08,72.71,166.42,1,-1,-1,-1
51,6369,460.90,149.96,135.27,303.54,1,-1,-1,-1
51,6372,-5.07,180.56,86.20,205.58,1,-1,-1,-1
51,6373,123.83,176.83,113.35,238.83,1,-1,-1,-1
51,6374,462.00,196.00,50.00,148.00,1,-1,-1,-1
52,6367,327.03,199.58,73.05,164.91,1,-1,-1,-1
52,6369,471.49,148.49,138.19,304.01,1,-1,-1,-1
52,6373,130.79,177.82,113.82,239.82,1,-1,-1,-1
52,6374,462.00,196.00,50.00,148.00,1,-1,-1,-1
53,6367,327.65,199.78,73.69,164.34,1,-1,-1,-1
53,6369,474.51,147.95,140.73,304.17,1,-1,-1,-1
53,6373,133.13,178.16,113.99,240.16,1,-1,-1,-1
53,6374,462.00,196.00,50.00,148.00,1,-1,-1,-1
54,6367,327.53,199.86,74.40,164.13,1,-1,-1,-1
54,6369,474.71,147.77,142.97,304.22,1,-1,-1,-1
54,6373,133.79,178.25,114.04,240.25,1,-1,-1,-1
54,6374,462.00,196.00,50.00,148.00,1,-1,-1,-1
55,6367,327.17,199.89,75.10,164.04,1,-1,-1,-1
55,6369,473.91,147.71,144.99,304.22,1,-1,-1,-1
55,6373,133.87,178.26,114.05,240.26,1,-1,-1,-1
55,6374,462.00,196.00,50.00,148.00,1,-1,-1,-1
56,6367,346.96,198.60,75.81,166.63,1,-1,-1,-1
56,6369,491.46,149.02,142.14,308.12,1,-1,-1,-1
56,6373,137.18,178.73,114.27,240.73,1,-1,-1,-1
56,6374,478.12,207.31,50.28,145.17,1,-1,-1,-1
57,6367,354.77,202.02,75.21,165.00,1,-1,-1,-1
57,6369,513.57,144.33,139.54,313.48,1,-1,-1,-1
57,6373,187.72,186.10,106.68,227.72,1,-1,-1,-1
57,6374,487.37,212.71,50.27,139.97,1,-1,-1,-1
58,6367,357.30,196.80,76.89,169.60,1,-1,-1,-1
58,6369,522.23,136.09,138.89,321.97,1,-1,-1,-1
58,6373,203.69,185.03,110.20,233.14,1,-1,-1,-1
58,6374,493.08,214.49,52.03,139.56,1,-1,-1,-1
59,6367,358.26,194.85,77.29,171.32,1,-1,-1,-1
59,6369,526.50,132.96,136.23,325.19,1,-1,-1,-1
59,6373,208.76,184.68,111.97,234.93,1,-1,-1,-1
59,6374,494.29,215.02,53.90,139.46,1,-1,-1,-1
60,6367,358.58,194.11,77.24,171.96,1,-1,-1,-1
60,6369,528.91,131.79,133.05,326.38,1,-1,-1,-1
60,6373,210.09,184.52,113.14,235.61,1,-1,-1,-1
60,6374,493.93,215.11,55.80,139.47,1,-1,-1,-1
61,6367,373.37,195.14,77.47,174.79,1,-1,-1,-1
61,6369,531.48,136.57,127.99,320.30,1,-1,-1,-1
61,6373,222.85,188.37,116.05,235.87,1,-1,-1,-1
61,6374,503.70,212.36,57.85,143.55,1,-1,-1,-1
62,6367,379.16,195.55,76.98,175.85,1,-1,-1,-1
62,6369,532.82,138.47,124.70,317.89,1,-1,-1,-1
62,6373,226.64,189.80,118.64,235.97,1,-1,-1,-1
62,6374,507.04,211.29,58.88,145.07,1,-1,-1,-1
63,6367,381.49,195.72,76.29,176.23,1,-1,-1,-1
63,6369,533.72,139.21,122.24,316.95,1,-1,-1,-1
63,6373,227.09,190.30,121.00,236.00,1,-1,-1,-1
63,6374,508.00,210.84,59.50,145.66,1,-1,-1,-1
64,6367,382.45,195.79,75.56,176.35,1,-1,-1,-1
64,6369,534.41,139.51,120.20,316.57,1,-1,-1,-1
64,6373,226.35,190.46,123.13,236.02,1,-1,-1,-1
64,6374,508.09,210.62,59.97,145.88,1,-1,-1,-1
65,6367,382.88,195.83,74.86,176.37,1,-1,-1,-1
65,6369,534.98,139.64,118.42,316.41,1,-1,-1,-1
65,6373,225.26,190.48,125.08,236.02,1,-1,-1,-1
65,6374,507.87,210.51,60.34,145.97,1,-1,-1,-1
66,6367,396.69,194.56,75.66,175.06,1,-1,-1,-1
66,6369,540.02,139.17,118.62,316.94,1,-1,-1,-1
66,6373,231.64,191.34,125.10,236.05,1,-1,-1,-1
66,6374,527.57,207.81,62.69,152.56,1,-1,-1,-1
67,6367,404.34,194.08,77.42,177.15,1,-1,-1,-1
67,6374,541.74,206.79,63.94,151.15,1,-1,-1,-1
67,6375,308.00,170.00,72.00,258.00,1,-1,-1,-1
68,6367,406.88,193.91,78.54,177.92,1,-1,-1,-1
68,6373,274.03,173.77,127.84,254.43,1,-1,-1,-1
68,6374,546.59,206.37,65.37,150.57,1,-1,-1,-1
69,6367,419.00,205.54,71.91,161.31,1,-1,-1,-1
69,6373,296.57,174.96,125.85,258.64,1,-1,-1,-1
69,6374,550.46,208.82,66.70,149.02,1,-1,-1,-1
70,6367,423.28,210.14,69.58,154.74,1,-1,-1,-1
70,6373,305.78,175.41,122.98,260.16,1,-1,-1,-1
70,6374,551.19,209.74,68.25,148.43,1,-1,-1,-1
71,6367,436.24,209.06,71.11,159.15,1,-1,-1,-1
71,6373,321.77,176.89,120.91,252.94,1,-1,-1,-1
71,6374,560.18,216.62,65.43,140.34,1,-1,-1,-1
