
vanilla_mobilenetssd[8.92505855754815, 8.88340693719781, 10.582543290548465, 10.239841449823357, 10.232242283886137, 10.271373632269006, 10.208461844114577, 10.24177562270222, 10.293441745894736, 9.96017154013078, 8.769821358862892]
[524, 653, 999, 836, 353, 339, 144, 794, 70, 178, 599]
9.8474409913098
vanilla_down_sample_mobilenetssd[9.486658690239873, 9.286659865194132, 10.906286511270833, 10.272461972924857, 10.357595320890708, 10.85283257080202, 10.74556117850302, 10.533160682324459, 10.605385337735802, 10.184716793784965, 9.138304725358505]
[524, 653, 999, 836, 353, 339, 144, 794, 70, 178, 599]
10.164599991702229
skip2_mobilenetssd[12.474478371934648, 13.79605847845068, 17.552264189306968, 16.630212647765617, 16.979105084282786, 18.23948946943742, 17.145158780793608, 16.866416072601382, 18.39879046444319, 16.88820105916395, 13.883076816258214]
[523, 652, 998, 835, 352, 338, 143, 793, 69, 177, 598]
15.964183221155363
skip2_down_sample_mobilenetssd[13.423277521177608, 14.0382716106991, 17.697282914127836, 16.93514525481811, 17.467845172040576, 17.901363586187454, 17.56641276757102, 17.620233939793643, 18.902942262831434, 15.562742157755665, 13.903604665604952]
[523, 652, 998, 835, 352, 338, 143, 793, 69, 177, 598]
16.252922740164827
skip2_with_prob_mobilenetssd[11.389550031045522, 12.594328681684127, 15.075572668601188, 14.493907412346893, 15.123491428165785, 16.31954301058373, 17.0226884045438, 16.431634808123167, 15.46988680581425, 15.430544438805962, 12.525092090640443]
[523, 652, 998, 835, 352, 338, 143, 793, 69, 177, 598]
14.404656840037314
skip2_with_prob_down_sample_mobilenetssd[11.649174407713973, 13.31808891224765, 16.022527593256402, 14.883159586809532, 15.661057586817835, 17.45609080845525, 16.743627580543603, 16.530761154150706, 16.746467543969846, 14.139850454194379, 12.933908671785414]
[523, 652, 998, 835, 352, 338, 143, 793, 69, 177, 598]
14.878176973130104
skip3_mobilenetssd[15.799342397732923, 16.673886872926566, 22.30590939166277, 22.265543036906156, 22.805534948086915, 23.490927947366565, 22.574028846595183, 23.001680085951335, 24.458946770108895, 21.475048263021417, 17.155404801110926]
[522, 651, 997, 834, 351, 337, 142, 792, 68, 176, 597]
20.658319625464184
skip3_down_sample_mobilenetssd[15.478652533760693, 16.201349364874666, 23.74609832311552, 21.77504866869219, 22.829566373978388, 23.296599046700198, 22.36073498828503, 22.536455755962148, 23.127735815794633, 21.529065926731576, 17.27672578932712]
[522, 651, 997, 834, 351, 337, 142, 792, 68, 176, 597]
20.67430430123686
skip3_with_prob_mobilenetssd[13.124959002987177, 14.513110097172962, 18.98577623981018, 17.96443096121209, 18.8989700977665, 21.612260019557876, 21.416386612215405, 21.567206516293233, 20.29724983772529, 19.047675057227725, 14.818842647560771]
[522, 651, 997, 834, 351, 337, 142, 792, 68, 176, 597]
17.894475042242103
skip3_with_prob_down_sample_mobilenetssd[14.553699551994276, 15.548356183107028, 20.53114042331731, 18.284260430564192, 20.556196113054444, 22.450219352874555, 21.31991824284327, 20.974064959144663, 23.366157721602633, 19.403353637356506, 15.297000818945632]
[522, 651, 997, 834, 351, 337, 142, 792, 68, 176, 597]
18.656240404675874
skip5_mobilenetssd[19.210504673695016, 20.72674780710459, 31.36494499062257, 29.637180423462187, 30.992632503630563, 34.32151184756109, 32.86168514344914, 31.62193290289015, 32.997864027003445, 30.3644945611063, 21.171583098394063]
[520, 649, 995, 832, 349, 335, 140, 790, 66, 174, 595]
27.779953587538593
skip5_down_sample_mobilenetssd[19.440040350437286, 22.02056139218058, 33.488217548064966, 30.525040938800768, 32.01624464320686, 35.0761672248447, 31.961373063744972, 32.330501366286825, 33.843910245634326, 29.998017392801245, 22.468309297346934]
[520, 649, 995, 832, 349, 335, 140, 790, 66, 174, 595]
28.811689015745316
skip5_with_prob_mobilenetssd[15.682468024466178, 17.802167481406467, 24.243051167996462, 22.354834613338163, 25.03424472702834, 29.40074772199901, 30.170421031733472, 26.893008910460576, 28.945652569435296, 25.776079799905464, 17.89651673314868]
[520, 649, 995, 832, 349, 335, 140, 790, 66, 174, 595]
22.686678543601083
skip5_with_prob_down_sample_mobilenetssd[16.70994548707227, 20.271874363712016, 27.363434441834375, 23.532172819698232, 25.269879862376794, 30.508007633147404, 31.52945881358901, 27.58581665335732, 32.03673720308415, 24.850965692396738, 18.750430083673166]
[520, 649, 995, 832, 349, 335, 140, 790, 66, 174, 595]
24.149181226030407
skip7_mobilenetssd[20.64044624605278, 23.5428369998289, 36.79264835346881, 35.92839322340924, 38.55308194784382, 41.77893160388639, 37.90959630658876, 38.17390684968657, 36.56898234635325, 33.92281802570425, 23.40943347108841]
[518, 647, 993, 830, 347, 333, 138, 788, 64, 172, 593]
32.62759230159879
skip7_down_sample_mobilenetssd[22.64943118186046, 24.394166096233526, 39.638106085754224, 36.64220086767333, 38.63697431871974, 42.90954067942233, 38.33081356912529, 39.22090977098135, 37.86731572415978, 35.17161637747999, 24.63483870441203]
[518, 647, 993, 830, 347, 333, 138, 788, 64, 172, 593]
33.97791236616167
skip7_with_prob_mobilenetssd[17.37042583405607, 20.869595090979775, 26.726982580863446, 26.72032172649912, 29.60559025238755, 38.536839361817954, 30.528960673232802, 32.14802509383332, 29.22181248627687, 29.60225673314431, 19.76308390532363]
[518, 647, 993, 830, 347, 333, 138, 788, 64, 172, 593]
26.286393126809276
skip7_with_prob_down_sample_mobilenetssd[16.582475252138938, 21.66635567307183, 30.608203128091752, 27.746515137752027, 31.891277085455147, 40.13511920551096, 35.20176437596768, 32.77201819825763, 29.355851678043837, 30.33302139216748, 21.522392718989206]
[518, 647, 993, 830, 347, 333, 138, 788, 64, 172, 593]
27.845049291724436
