1,7024,415.63,107.45,51.73,156.06,1,-1,-1,-1
1,7025,361.51,112.44,44.75,141.52,1,-1,-1,-1
1,7028,177.53,104.35,54.00,158.30,1,-1,-1,-1
1,7032,321.27,105.13,48.41,147.95,1,-1,-1,-1
1,7033,127.00,91.00,68.00,189.00,1,-1,-1,-1
1,7034,1360.00,428.00,171.00,337.00,1,-1,-1,-1
2,7034,1360.00,428.00,171.00,337.00,1,-1,-1,-1
3,7034,1360.00,428.00,171.00,337.00,1,-1,-1,-1
4,7034,1360.00,428.00,171.00,337.00,1,-1,-1,-1
5,7034,1360.00,428.00,171.00,337.00,1,-1,-1,-1
6,7034,1360.00,428.00,171.00,337.00,1,-1,-1,-1
7,7034,1360.00,428.00,171.00,337.00,1,-1,-1,-1
8,7034,1360.00,428.00,171.00,337.00,1,-1,-1,-1
9,7034,1360.00,428.00,171.00,337.00,1,-1,-1,-1
10,7034,1386.05,416.59,181.33,361.17,1,-1,-1,-1
11,7034,1396.17,412.44,183.81,369.96,1,-1,-1,-1
12,7034,1400.56,410.87,183.60,373.27,1,-1,-1,-1
13,7034,1402.63,410.33,182.38,374.41,1,-1,-1,-1
14,7034,1403.79,410.19,180.85,374.71,1,-1,-1,-1
15,7034,1404.57,410.19,179.28,374.71,1,-1,-1,-1
16,7034,1405.19,410.24,177.78,374.61,1,-1,-1,-1
17,7034,1405.72,410.30,176.37,374.47,1,-1,-1,-1
18,7034,1406.19,410.37,175.06,374.34,1,-1,-1,-1
19,7034,1470.94,427.38,170.44,362.47,1,-1,-1,-1
20,7034,1495.43,433.95,169.10,357.83,1,-1,-1,-1
21,7034,1504.06,436.37,169.04,356.08,1,-1,-1,-1
22,7034,1506.79,437.24,169.42,355.42,1,-1,-1,-1
23,7034,1507.32,437.52,169.93,355.16,1,-1,-1,-1
24,7034,1507.06,437.59,170.46,355.06,1,-1,-1,-1
25,7034,1506.55,437.57,170.96,355.03,1,-1,-1,-1
26,7034,1505.98,437.53,171.43,355.01,1,-1,-1,-1
27,7034,1505.43,437.49,171.86,355.01,1,-1,-1,-1
28,7034,1510.84,438.28,171.86,355.01,1,-1,-1,-1
28,7035,1601.00,390.00,207.00,416.00,1,-1,-1,-1
29,7035,1601.00,390.00,207.00,416.00,1,-1,-1,-1
30,7034,1590.04,398.18,197.15,406.00,1,-1,-1,-1
31,7034,1602.44,391.94,201.56,413.98,1,-1,-1,-1
32,7034,1606.80,389.61,203.47,416.94,1,-1,-1,-1
33,7034,1608.04,388.80,204.38,417.95,1,-1,-1,-1
34,7034,1608.10,388.57,204.87,418.21,1,-1,-1,-1
35,7034,1607.73,388.56,205.18,418.18,1,-1,-1,-1
36,7034,1607.23,388.64,205.41,418.05,1,-1,-1,-1
37,7034,1621.64,395.86,217.78,443.13,1,-1,-1,-1
37,7036,531.00,425.00,173.00,305.00,1,-1,-1,-1
38,7034,1626.97,398.59,222.43,452.52,1,-1,-1,-1
38,7036,531.00,425.00,173.00,305.00,1,-1,-1,-1
39,7034,1628.78,399.73,224.21,456.07,1,-1,-1,-1
39,7036,531.00,425.00,173.00,305.00,1,-1,-1,-1
40,7034,1629.21,400.21,224.83,457.28,1,-1,-1,-1
40,7036,531.00,425.00,173.00,305.00,1,-1,-1,-1
41,7034,1629.13,400.42,225.01,457.59,1,-1,-1,-1
41,7036,531.00,425.00,173.00,305.00,1,-1,-1,-1
42,7034,1628.88,400.53,225.02,457.55,1,-1,-1,-1
42,7036,531.00,425.00,173.00,305.00,1,-1,-1,-1
43,7034,1628.57,400.59,224.97,457.40,1,-1,-1,-1
43,7036,531.00,425.00,173.00,305.00,1,-1,-1,-1
44,7034,1628.27,400.64,224.90,457.22,1,-1,-1,-1
44,7036,531.00,425.00,173.00,305.00,1,-1,-1,-1
45,7034,1627.98,400.67,224.82,457.03,1,-1,-1,-1
45,7036,531.00,425.00,173.00,305.00,1,-1,-1,-1
46,7034,1632.58,400.16,226.42,460.26,1,-1,-1,-1
46,7036,531.00,425.00,173.00,305.00,1,-1,-1,-1
64,7036,519.90,423.02,180.33,320.85,1,-1,-1,-1
65,7036,520.22,422.98,179.38,321.20,1,-1,-1,-1
66,7036,520.54,422.96,178.62,321.32,1,-1,-1,-1
67,7036,520.84,422.96,177.99,321.35,1,-1,-1,-1
68,7036,521.10,422.96,177.48,321.33,1,-1,-1,-1
69,7036,521.33,422.96,177.05,321.31,1,-1,-1,-1
70,7036,521.52,422.96,176.69,321.28,1,-1,-1,-1
71,7036,521.69,422.97,176.39,321.26,1,-1,-1,-1
72,7036,521.83,422.97,176.13,321.23,1,-1,-1,-1
73,7036,525.12,424.28,173.49,314.03,1,-1,-1,-1
74,7036,526.07,424.78,173.10,311.27,1,-1,-1,-1
75,7036,526.14,424.96,173.53,310.25,1,-1,-1,-1
76,7036,525.90,425.03,174.20,309.88,1,-1,-1,-1
77,7036,525.58,425.05,174.91,309.76,1,-1,-1,-1
78,7036,525.25,425.05,175.59,309.74,1,-1,-1,-1
79,7036,524.94,425.05,176.21,309.74,1,-1,-1,-1
80,7036,524.66,425.05,176.77,309.76,1,-1,-1,-1
81,7036,524.40,425.04,177.28,309.78,1,-1,-1,-1
82,7036,528.52,425.69,180.81,319.61,1,-1,-1,-1
83,7036,530.63,425.94,180.98,323.30,1,-1,-1,-1
84,7036,531.93,426.03,180.04,324.70,1,-1,-1,-1
85,7036,532.87,426.06,178.76,325.21,1,-1,-1,-1
86,7036,533.61,426.06,177.44,325.38,1,-1,-1,-1
87,7036,534.25,426.06,176.19,325.41,1,-1,-1,-1
88,7036,534.81,426.06,175.04,325.40,1,-1,-1,-1
89,7036,535.31,426.05,173.99,325.38,1,-1,-1,-1
90,7036,535.76,426.05,173.03,325.35,1,-1,-1,-1
91,7036,538.84,432.56,170.08,318.80,1,-1,-1,-1
92,7036,539.87,435.04,169.21,316.28,1,-1,-1,-1
93,7036,540.12,435.95,169.13,315.34,1,-1,-1,-1
94,7036,540.08,436.27,169.34,315.00,1,-1,-1,-1
95,7036,539.94,436.36,169.62,314.88,1,-1,-1,-1
96,7036,539.78,436.37,169.92,314.84,1,-1,-1,-1
97,7036,539.62,436.35,170.20,314.84,1,-1,-1,-1
98,7036,539.47,436.32,170.46,314.85,1,-1,-1,-1
99,7036,539.33,436.30,170.70,314.86,1,-1,-1,-1
100,7036,539.68,436.77,170.58,314.64,1,-1,-1,-1
109,7036,530.52,436.19,176.62,326.47,1,-1,-1,-1
110,7036,530.20,436.12,176.65,327.04,1,-1,-1,-1
111,7036,530.15,436.09,176.53,327.24,1,-1,-1,-1
112,7036,530.19,436.08,176.38,327.29,1,-1,-1,-1
113,7036,530.26,436.07,176.24,327.30,1,-1,-1,-1
114,7036,530.33,436.06,176.10,327.28,1,-1,-1,-1
115,7036,530.40,436.06,175.98,327.26,1,-1,-1,-1
116,7036,530.46,436.05,175.88,327.24,1,-1,-1,-1
117,7036,530.52,436.05,175.79,327.21,1,-1,-1,-1
118,7036,525.60,425.60,192.16,361.12,1,-1,-1,-1
119,7036,524.33,421.76,197.12,373.60,1,-1,-1,-1
120,7036,524.26,420.24,198.20,378.52,1,-1,-1,-1
121,7036,524.65,419.68,197.80,380.32,1,-1,-1,-1
122,7036,525.17,419.49,196.89,380.89,1,-1,-1,-1
123,7036,525.69,419.46,195.86,380.99,1,-1,-1,-1
124,7036,526.20,419.47,194.86,380.92,1,-1,-1,-1
125,7036,526.66,419.51,193.92,380.79,1,-1,-1,-1
126,7036,527.07,419.54,193.07,380.65,1,-1,-1,-1
127,7036,535.22,439.04,187.77,372.08,1,-1,-1,-1
128,7036,538.61,446.55,185.21,368.68,1,-1,-1,-1
129,7036,540.09,449.34,183.79,367.36,1,-1,-1,-1
130,7036,540.84,450.35,182.84,366.82,1,-1,-1,-1
131,7036,541.28,450.67,182.10,366.59,1,-1,-1,-1
132,7036,541.60,450.75,181.49,366.47,1,-1,-1,-1
133,7036,541.85,450.73,180.95,366.40,1,-1,-1,-1
134,7036,542.06,450.68,180.47,366.36,1,-1,-1,-1
135,7036,542.25,450.62,180.04,366.32,1,-1,-1,-1
136,7036,542.57,451.63,180.29,366.83,1,-1,-1,-1
145,7036,543.94,459.06,188.98,390.25,1,-1,-1,-1
146,7036,544.97,459.32,187.37,391.31,1,-1,-1,-1
147,7036,545.80,459.41,185.87,391.68,1,-1,-1,-1
148,7036,546.47,459.42,184.57,391.78,1,-1,-1,-1
149,7036,547.03,459.40,183.44,391.77,1,-1,-1,-1
150,7036,547.49,459.37,182.48,391.72,1,-1,-1,-1
151,7036,547.89,459.34,181.65,391.66,1,-1,-1,-1
152,7036,548.23,459.31,180.93,391.60,1,-1,-1,-1
153,7036,548.52,459.28,180.30,391.55,1,-1,-1,-1
154,7036,536.71,457.95,185.65,401.93,1,-1,-1,-1
155,7036,532.11,457.44,187.95,405.81,1,-1,-1,-1
156,7036,530.24,457.23,189.07,407.25,1,-1,-1,-1
157,7036,529.44,457.15,189.70,407.75,1,-1,-1,-1
158,7036,529.08,457.11,190.12,407.88,1,-1,-1,-1
159,7036,528.89,457.09,190.44,407.87,1,-1,-1,-1
160,7036,528.76,457.08,190.71,407.82,1,-1,-1,-1
161,7036,528.68,457.07,190.93,407.75,1,-1,-1,-1
162,7036,528.61,457.06,191.14,407.69,1,-1,-1,-1
163,7036,528.11,462.27,190.88,410.88,1,-1,-1,-1
164,7036,528.41,464.23,189.85,412.06,1,-1,-1,-1
165,7036,528.96,464.97,188.60,412.47,1,-1,-1,-1
166,7036,529.57,465.23,187.37,412.58,1,-1,-1,-1
167,7036,530.16,465.30,186.20,412.59,1,-1,-1,-1
168,7036,530.71,465.31,185.14,412.56,1,-1,-1,-1
169,7036,531.22,465.30,184.17,412.51,1,-1,-1,-1
170,7036,531.67,465.27,183.29,412.47,1,-1,-1,-1
171,7036,532.09,465.25,182.49,412.43,1,-1,-1,-1
172,7036,534.17,460.66,191.40,429.34,1,-1,-1,-1
172,7037,825.00,433.00,139.00,334.00,1,-1,-1,-1
173,7036,534.57,458.94,195.52,435.67,1,-1,-1,-1
173,7037,825.00,433.00,139.00,334.00,1,-1,-1,-1
174,7036,534.38,458.27,197.77,438.06,1,-1,-1,-1
174,7037,825.00,433.00,139.00,334.00,1,-1,-1,-1
175,7036,534.00,458.01,199.22,438.90,1,-1,-1,-1
175,7037,825.00,433.00,139.00,334.00,1,-1,-1,-1
176,7036,533.58,457.92,200.31,439.14,1,-1,-1,-1
176,7037,825.00,433.00,139.00,334.00,1,-1,-1,-1
177,7036,533.16,457.90,201.19,439.16,1,-1,-1,-1
177,7037,825.00,433.00,139.00,334.00,1,-1,-1,-1
178,7036,532.77,457.89,201.96,439.11,1,-1,-1,-1
178,7037,825.00,433.00,139.00,334.00,1,-1,-1,-1
179,7036,532.42,457.90,202.64,439.02,1,-1,-1,-1
179,7037,825.00,433.00,139.00,334.00,1,-1,-1,-1
180,7036,532.09,457.91,203.25,438.93,1,-1,-1,-1
180,7037,825.00,433.00,139.00,334.00,1,-1,-1,-1
181,7036,542.53,453.36,207.73,446.66,1,-1,-1,-1
181,7037,825.00,433.00,139.00,334.00,1,-1,-1,-1
182,7036,546.22,451.64,209.90,449.54,1,-1,-1,-1
183,7036,547.39,451.00,211.14,450.58,1,-1,-1,-1
184,7036,547.61,450.78,211.97,450.92,1,-1,-1,-1
185,7036,547.47,450.71,212.61,450.98,1,-1,-1,-1
186,7036,547.22,450.70,213.15,450.94,1,-1,-1,-1
187,7036,546.95,450.72,213.63,450.88,1,-1,-1,-1
188,7036,546.68,450.74,214.05,450.80,1,-1,-1,-1
189,7036,546.43,450.76,214.42,450.73,1,-1,-1,-1
190,7036,609.93,457.95,205.91,440.24,1,-1,-1,-1
190,7037,941.94,406.80,146.72,350.50,1,-1,-1,-1
191,7036,635.05,460.71,200.85,436.18,1,-1,-1,-1
191,7037,946.66,405.67,147.70,351.21,1,-1,-1,-1
192,7036,645.06,461.74,197.30,434.67,1,-1,-1,-1
192,7037,948.17,405.27,148.36,351.46,1,-1,-1,-1
193,7036,649.34,462.10,194.47,434.10,1,-1,-1,-1
193,7037,948.39,405.17,148.84,351.52,1,-1,-1,-1
194,7036,651.38,462.22,192.05,433.90,1,-1,-1,-1
194,7037,948.14,405.19,149.23,351.51,1,-1,-1,-1
195,7036,652.53,462.25,189.91,433.84,1,-1,-1,-1
195,7037,947.74,405.24,149.55,351.48,1,-1,-1,-1
196,7036,653.30,462.25,188.00,433.83,1,-1,-1,-1
196,7037,947.31,405.30,149.82,351.44,1,-1,-1,-1
197,7036,653.90,462.23,186.28,433.83,1,-1,-1,-1
197,7037,946.90,405.36,150.05,351.40,1,-1,-1,-1
198,7036,654.41,462.21,184.72,433.85,1,-1,-1,-1
198,7037,946.53,405.42,150.25,351.36,1,-1,-1,-1
199,7036,656.98,465.46,185.60,433.86,1,-1,-1,-1
199,7037,935.68,395.69,157.09,370.25,1,-1,-1,-1
200,7036,657.58,466.68,186.40,433.87,1,-1,-1,-1
200,7037,931.93,392.07,158.95,377.29,1,-1,-1,-1
201,7036,657.46,467.12,187.11,433.89,1,-1,-1,-1
201,7037,930.64,390.71,159.08,379.97,1,-1,-1,-1
202,7036,657.10,467.26,187.77,433.90,1,-1,-1,-1
202,7037,930.32,390.25,158.58,380.93,1,-1,-1,-1
203,7036,656.67,467.30,188.36,433.91,1,-1,-1,-1
203,7037,930.38,390.13,157.89,381.21,1,-1,-1,-1
204,7036,656.25,467.29,188.89,433.91,1,-1,-1,-1
204,7037,930.56,390.13,157.18,381.24,1,-1,-1,-1
205,7036,655.86,467.27,189.37,433.92,1,-1,-1,-1
205,7037,930.77,390.18,156.51,381.18,1,-1,-1,-1
206,7036,655.49,467.25,189.81,433.93,1,-1,-1,-1
206,7037,930.98,390.25,155.89,381.10,1,-1,-1,-1
207,7036,655.16,467.23,190.20,433.94,1,-1,-1,-1
207,7037,931.17,390.31,155.32,381.00,1,-1,-1,-1
208,7036,659.19,451.53,205.43,470.52,1,-1,-1,-1
208,7037,946.64,402.73,154.13,378.96,1,-1,-1,-1
209,7036,660.90,445.73,210.58,484.03,1,-1,-1,-1
209,7037,952.60,407.50,153.47,378.13,1,-1,-1,-1
210,7036,661.70,443.45,212.19,489.31,1,-1,-1,-1
210,7037,954.87,409.30,153.04,377.78,1,-1,-1,-1
211,7036,662.12,442.61,212.40,491.24,1,-1,-1,-1
211,7037,955.72,409.97,152.71,377.61,1,-1,-1,-1
212,7036,662.39,442.34,212.10,491.86,1,-1,-1,-1
212,7037,956.04,410.20,152.44,377.52,1,-1,-1,-1
213,7036,662.58,442.27,211.64,491.98,1,-1,-1,-1
213,7037,956.14,410.27,152.20,377.45,1,-1,-1,-1
214,7036,662.73,442.29,211.15,491.91,1,-1,-1,-1
214,7037,956.17,410.28,151.99,377.40,1,-1,-1,-1
215,7036,662.87,442.34,210.67,491.78,1,-1,-1,-1
215,7037,956.17,410.26,151.79,377.36,1,-1,-1,-1
216,7036,662.99,442.39,210.23,491.64,1,-1,-1,-1
216,7037,956.16,410.24,151.62,377.33,1,-1,-1,-1
217,7036,678.38,454.13,190.93,440.84,1,-1,-1,-1
217,7037,956.08,390.65,160.74,407.31,1,-1,-1,-1
217,7038,1061.00,377.00,149.00,417.00,1,-1,-1,-1
218,7036,683.84,458.82,184.29,420.66,1,-1,-1,-1
218,7037,956.91,383.38,162.39,418.42,1,-1,-1,-1
218,7038,1061.00,377.00,149.00,417.00,1,-1,-1,-1
219,7036,685.15,460.47,183.07,413.63,1,-1,-1,-1
219,7037,957.91,380.54,161.57,422.73,1,-1,-1,-1
219,7038,1061.00,377.00,149.00,417.00,1,-1,-1,-1
220,7036,685.04,461.04,183.67,411.20,1,-1,-1,-1
220,7037,958.91,379.49,159.91,424.29,1,-1,-1,-1
220,7038,1061.00,377.00,149.00,417.00,1,-1,-1,-1
221,7036,684.47,461.23,184.84,410.43,1,-1,-1,-1
221,7037,959.85,379.15,158.04,424.77,1,-1,-1,-1
221,7038,1061.00,377.00,149.00,417.00,1,-1,-1,-1
222,7036,683.76,461.28,186.14,410.28,1,-1,-1,-1
222,7037,960.72,379.07,156.21,424.84,1,-1,-1,-1
222,7038,1061.00,377.00,149.00,417.00,1,-1,-1,-1
223,7036,683.06,461.28,187.40,410.34,1,-1,-1,-1
223,7037,961.52,379.10,154.51,424.77,1,-1,-1,-1
223,7038,1061.00,377.00,149.00,417.00,1,-1,-1,-1
224,7036,682.40,461.26,188.58,410.46,1,-1,-1,-1
224,7037,962.23,379.15,152.94,424.64,1,-1,-1,-1
224,7038,1061.00,377.00,149.00,417.00,1,-1,-1,-1
225,7036,681.79,461.24,189.66,410.60,1,-1,-1,-1
225,7037,962.88,379.22,151.52,424.51,1,-1,-1,-1
225,7038,1061.00,377.00,149.00,417.00,1,-1,-1,-1
226,7036,666.88,457.93,196.99,429.15,1,-1,-1,-1
226,7037,963.48,377.97,152.38,426.92,1,-1,-1,-1
226,7038,1072.45,393.11,144.89,408.27,1,-1,-1,-1
226,7039,813.00,420.00,158.00,475.00,1,-1,-1,-1
227,7036,661.68,456.70,199.03,436.06,1,-1,-1,-1
227,7038,1077.01,399.12,142.78,405.02,1,-1,-1,-1
227,7039,813.00,420.00,158.00,475.00,1,-1,-1,-1
228,7036,659.97,456.22,199.23,438.75,1,-1,-1,-1
228,7038,1078.91,401.24,141.47,403.87,1,-1,-1,-1
228,7039,813.00,420.00,158.00,475.00,1,-1,-1,-1
229,7036,659.60,456.03,198.76,439.77,1,-1,-1,-1
229,7038,1079.81,401.93,140.47,403.49,1,-1,-1,-1
229,7039,813.00,420.00,158.00,475.00,1,-1,-1,-1
230,7036,659.73,455.97,198.07,440.14,1,-1,-1,-1
230,7038,1080.33,402.10,139.62,403.40,1,-1,-1,-1
230,7039,813.00,420.00,158.00,475.00,1,-1,-1,-1
231,7036,660.03,455.95,197.36,440.26,1,-1,-1,-1
231,7038,1080.70,402.08,138.86,403.41,1,-1,-1,-1
231,7039,813.00,420.00,158.00,475.00,1,-1,-1,-1
232,7036,660.36,455.94,196.68,440.29,1,-1,-1,-1
232,7038,1081.00,402.01,138.17,403.45,1,-1,-1,-1
232,7039,813.00,420.00,158.00,475.00,1,-1,-1,-1
233,7036,660.70,455.95,196.05,440.28,1,-1,-1,-1
233,7038,1081.27,401.91,137.53,403.50,1,-1,-1,-1
233,7039,813.00,420.00,158.00,475.00,1,-1,-1,-1
234,7036,661.01,455.95,195.47,440.26,1,-1,-1,-1
234,7038,1081.51,401.82,136.94,403.55,1,-1,-1,-1
234,7039,813.00,420.00,158.00,475.00,1,-1,-1,-1
235,7036,660.49,455.87,195.66,440.69,1,-1,-1,-1
235,7038,1099.90,407.65,138.14,395.06,1,-1,-1,-1
235,7039,803.37,422.01,165.17,488.43,1,-1,-1,-1
236,7038,1105.77,409.80,140.74,391.87,1,-1,-1,-1
236,7039,798.99,422.75,169.49,493.36,1,-1,-1,-1
237,7038,1106.87,410.55,143.71,390.74,1,-1,-1,-1
237,7039,796.59,423.03,172.67,495.18,1,-1,-1,-1
238,7038,1106.26,410.77,146.65,390.36,1,-1,-1,-1
238,7039,794.99,423.12,175.31,495.78,1,-1,-1,-1
239,7038,1105.11,410.80,149.42,390.28,1,-1,-1,-1
239,7039,793.75,423.14,177.65,495.94,1,-1,-1,-1
240,7038,1103.83,410.76,151.98,390.29,1,-1,-1,-1
240,7039,792.69,423.14,179.79,495.93,1,-1,-1,-1
241,7038,1102.58,410.70,154.32,390.34,1,-1,-1,-1
241,7039,791.73,423.13,181.75,495.87,1,-1,-1,-1
242,7038,1101.41,410.64,156.45,390.40,1,-1,-1,-1
242,7039,790.86,423.12,183.57,495.79,1,-1,-1,-1
243,7038,1100.34,410.58,158.38,390.45,1,-1,-1,-1
243,7039,790.06,423.11,185.23,495.72,1,-1,-1,-1
244,7038,1102.18,411.51,158.02,389.56,1,-1,-1,-1
244,7039,798.85,431.60,191.93,504.15,1,-1,-1,-1
245,7039,801.20,434.79,196.39,507.30,1,-1,-1,-1
246,7039,801.21,435.98,199.83,508.44,1,-1,-1,-1
247,7039,800.40,436.40,202.70,508.81,1,-1,-1,-1
248,7039,799.34,436.52,205.23,508.89,1,-1,-1,-1
249,7039,798.26,436.53,207.48,508.87,1,-1,-1,-1
250,7039,797.23,436.51,209.51,508.81,1,-1,-1,-1
251,7039,796.27,436.47,211.36,508.74,1,-1,-1,-1
252,7039,795.40,436.43,213.02,508.67,1,-1,-1,-1
253,7036,906.06,420.43,193.55,453.93,1,-1,-1,-1
253,7038,1223.57,450.86,153.20,357.87,1,-1,-1,-1
253,7039,801.61,430.52,200.53,481.22,1,-1,-1,-1
254,7036,914.35,419.61,188.45,454.19,1,-1,-1,-1
254,7038,1225.96,452.52,158.69,356.55,1,-1,-1,-1
254,7039,804.21,428.20,195.22,470.58,1,-1,-1,-1
255,7036,918.26,419.31,184.77,454.29,1,-1,-1,-1
255,7038,1225.51,453.11,163.24,356.08,1,-1,-1,-1
255,7039,805.37,427.36,192.85,466.75,1,-1,-1,-1
256,7036,920.12,419.25,181.97,454.31,1,-1,-1,-1
256,7038,1224.06,453.26,167.04,355.96,1,-1,-1,-1
256,7039,805.97,427.05,191.58,465.41,1,-1,-1,-1
257,7036,921.06,419.27,179.78,454.30,1,-1,-1,-1
257,7038,1222.39,453.22,170.24,355.99,1,-1,-1,-1
257,7039,806.36,426.94,190.76,464.98,1,-1,-1,-1
258,7036,921.59,419.33,178.00,454.27,1,-1,-1,-1
258,7038,1220.78,453.14,172.96,356.06,1,-1,-1,-1
258,7039,806.64,426.91,190.14,464.90,1,-1,-1,-1
259,7036,921.92,419.39,176.53,454.25,1,-1,-1,-1
259,7038,1219.32,453.03,175.30,356.15,1,-1,-1,-1
259,7039,806.88,426.90,189.63,464.94,1,-1,-1,-1
260,7036,922.14,419.44,175.30,454.23,1,-1,-1,-1
260,7038,1218.02,452.93,177.32,356.23,1,-1,-1,-1
260,7039,807.08,426.91,189.18,465.02,1,-1,-1,-1
261,7036,922.30,419.50,174.25,454.20,1,-1,-1,-1
261,7038,1216.88,452.84,179.08,356.31,1,-1,-1,-1
261,7039,807.26,426.92,188.78,465.11,1,-1,-1,-1
262,7036,926.08,418.89,190.85,500.59,1,-1,-1,-1
262,7038,1221.07,454.20,178.52,355.19,1,-1,-1,-1
262,7039,807.81,426.78,188.20,463.66,1,-1,-1,-1
263,7036,927.83,418.67,196.28,517.66,1,-1,-1,-1
264,7036,928.59,418.61,197.87,524.37,1,-1,-1,-1
265,7036,928.95,418.61,197.94,526.82,1,-1,-1,-1
266,7036,929.17,418.64,197.48,527.59,1,-1,-1,-1
267,7036,929.31,418.66,196.87,527.73,1,-1,-1,-1
268,7036,929.42,418.69,196.24,527.63,1,-1,-1,-1
269,7036,929.51,418.72,195.64,527.45,1,-1,-1,-1
270,7036,929.58,418.74,195.09,527.25,1,-1,-1,-1
271,7036,933.42,411.63,199.35,540.03,1,-1,-1,-1
271,7038,1357.60,465.05,171.75,349.83,1,-1,-1,-1
271,7039,783.07,418.26,204.23,521.44,1,-1,-1,-1
272,7036,934.94,408.95,200.69,544.79,1,-1,-1,-1
272,7038,1364.76,465.42,168.65,349.69,1,-1,-1,-1
272,7039,784.58,417.88,199.65,524.18,1,-1,-1,-1
273,7036,935.54,407.94,200.94,546.49,1,-1,-1,-1
273,7038,1367.95,465.55,166.27,349.63,1,-1,-1,-1
273,7039,786.34,417.75,195.57,525.15,1,-1,-1,-1
274,7036,935.79,407.59,200.79,547.00,1,-1,-1,-1
274,7038,1369.37,465.57,164.38,349.63,1,-1,-1,-1
274,7039,788.01,417.71,192.08,525.44,1,-1,-1,-1
275,7036,935.89,407.49,200.50,547.07,1,-1,-1,-1
275,7038,1370.03,465.54,162.85,349.65,1,-1,-1,-1
275,7039,789.49,417.72,189.11,525.46,1,-1,-1,-1
276,7036,935.94,407.48,200.19,546.97,1,-1,-1,-1
276,7038,1370.36,465.50,161.57,349.68,1,-1,-1,-1
276,7039,790.78,417.73,186.58,525.39,1,-1,-1,-1
277,7036,935.97,407.51,199.89,546.83,1,-1,-1,-1
277,7038,1370.55,465.46,160.48,349.71,1,-1,-1,-1
277,7039,791.90,417.75,184.41,525.29,1,-1,-1,-1
278,7036,935.99,407.55,199.61,546.67,1,-1,-1,-1
278,7038,1370.66,465.41,159.55,349.74,1,-1,-1,-1
278,7039,792.87,417.78,182.52,525.18,1,-1,-1,-1
279,7036,936.00,407.58,199.35,546.52,1,-1,-1,-1
279,7038,1370.74,465.38,158.74,349.76,1,-1,-1,-1
279,7039,793.73,417.80,180.88,525.08,1,-1,-1,-1
280,7036,945.02,426.49,183.69,494.97,1,-1,-1,-1
280,7038,1375.85,465.98,158.57,349.38,1,-1,-1,-1
280,7039,804.17,436.02,169.81,490.51,1,-1,-1,-1
280,7040,1477.00,441.00,141.00,355.00,1,-1,-1,-1
281,7036,947.78,433.94,178.86,474.62,1,-1,-1,-1
281,7038,1448.36,446.86,158.24,353.62,1,-1,-1,-1
281,7039,808.08,443.11,165.86,477.01,1,-1,-1,-1
282,7036,947.98,436.55,178.59,467.49,1,-1,-1,-1
282,7038,1466.11,442.58,156.70,354.55,1,-1,-1,-1
282,7039,809.31,445.64,164.80,472.17,1,-1,-1,-1
283,7036,947.34,437.44,179.84,465.03,1,-1,-1,-1
283,7038,1472.84,441.06,155.16,354.88,1,-1,-1,-1
283,7039,809.58,446.52,164.77,470.46,1,-1,-1,-1
284,7036,946.45,437.71,181.51,464.27,1,-1,-1,-1
284,7038,1475.47,440.53,153.73,355.00,1,-1,-1,-1
284,7039,809.51,446.78,165.07,469.91,1,-1,-1,-1
285,7036,945.52,437.76,183.23,464.12,1,-1,-1,-1
285,7038,1476.50,440.37,152.44,355.04,1,-1,-1,-1
285,7039,809.34,446.83,165.48,469.79,1,-1,-1,-1
286,7036,944.64,437.73,184.87,464.19,1,-1,-1,-1
286,7038,1476.90,440.35,151.29,355.06,1,-1,-1,-1
286,7039,809.14,446.79,165.89,469.83,1,-1,-1,-1
287,7036,943.83,437.67,186.39,464.33,1,-1,-1,-1
287,7038,1477.06,440.38,150.26,355.06,1,-1,-1,-1
287,7039,808.94,446.73,166.27,469.91,1,-1,-1,-1
288,7036,943.08,437.61,187.77,464.49,1,-1,-1,-1
288,7038,1477.12,440.43,149.34,355.05,1,-1,-1,-1
288,7039,808.76,446.66,166.63,470.01,1,-1,-1,-1
289,7036,933.84,432.29,193.01,481.07,1,-1,-1,-1
289,7038,1483.48,416.98,169.14,402.04,1,-1,-1,-1
289,7039,814.13,449.22,174.23,489.12,1,-1,-1,-1
290,7036,930.78,430.29,194.17,487.28,1,-1,-1,-1
290,7038,1485.87,408.41,176.40,419.21,1,-1,-1,-1
290,7039,815.89,450.15,177.53,496.26,1,-1,-1,-1
291,7036,929.95,429.51,193.92,489.69,1,-1,-1,-1
291,7038,1486.55,405.01,179.32,426.08,1,-1,-1,-1
291,7039,816.35,450.47,179.20,499.01,1,-1,-1,-1
292,7036,929.96,429.20,193.19,490.62,1,-1,-1,-1
292,7038,1486.58,403.78,180.42,428.63,1,-1,-1,-1
292,7039,816.31,450.56,180.18,500.04,1,-1,-1,-1
293,7036,930.26,429.09,192.33,490.96,1,-1,-1,-1
293,7038,1486.40,403.40,180.80,429.46,1,-1,-1,-1
293,7039,816.10,450.55,180.87,500.40,1,-1,-1,-1
294,7036,930.65,429.04,191.48,491.09,1,-1,-1,-1
294,7038,1486.15,403.35,180.89,429.63,1,-1,-1,-1
294,7039,815.85,450.52,181.41,500.50,1,-1,-1,-1
295,7036,931.04,429.02,190.68,491.12,1,-1,-1,-1
295,7038,1485.90,403.42,180.88,429.55,1,-1,-1,-1
295,7039,815.59,450.48,181.87,500.51,1,-1,-1,-1
296,7036,931.41,429.01,189.95,491.13,1,-1,-1,-1
296,7038,1485.66,403.52,180.83,429.39,1,-1,-1,-1
296,7039,815.35,450.44,182.27,500.48,1,-1,-1,-1
297,7036,931.75,429.01,189.28,491.12,1,-1,-1,-1
297,7038,1485.43,403.64,180.77,429.20,1,-1,-1,-1
297,7039,815.13,450.40,182.63,500.44,1,-1,-1,-1
298,7036,933.02,432.92,188.72,489.81,1,-1,-1,-1
298,7038,1551.56,421.89,185.27,431.60,1,-1,-1,-1
298,7039,815.72,451.04,182.90,501.16,1,-1,-1,-1
299,7036,933.52,434.40,188.48,489.31,1,-1,-1,-1
299,7038,1575.76,428.91,188.79,432.42,1,-1,-1,-1
300,7036,933.73,434.95,188.36,489.11,1,-1,-1,-1
300,7038,1583.92,431.61,191.74,432.63,1,-1,-1,-1
301,7036,933.82,435.15,188.29,489.04,1,-1,-1,-1
301,7038,1585.98,432.64,194.32,432.61,1,-1,-1,-1
302,7036,933.86,435.21,188.24,489.01,1,-1,-1,-1
302,7038,1585.77,433.02,196.61,432.51,1,-1,-1,-1
303,7036,933.89,435.21,188.21,489.00,1,-1,-1,-1
303,7038,1584.78,433.16,198.67,432.39,1,-1,-1,-1
304,7036,933.91,435.20,188.18,489.00,1,-1,-1,-1
304,7038,1583.57,433.19,200.52,432.26,1,-1,-1,-1
305,7036,933.92,435.19,188.15,489.00,1,-1,-1,-1
305,7038,1582.35,433.19,202.20,432.15,1,-1,-1,-1
306,7036,933.93,435.17,188.13,489.00,1,-1,-1,-1
306,7038,1581.21,433.18,203.71,432.04,1,-1,-1,-1
307,7036,935.43,435.81,196.23,514.46,1,-1,-1,-1
307,7038,1605.33,398.65,222.44,469.07,1,-1,-1,-1
308,7036,936.47,436.04,198.29,523.95,1,-1,-1,-1
308,7038,1613.89,385.85,230.14,482.79,1,-1,-1,-1
309,7036,937.29,436.12,198.24,527.59,1,-1,-1,-1
309,7038,1616.71,380.81,233.76,488.12,1,-1,-1,-1
310,7036,937.97,436.14,197.45,528.91,1,-1,-1,-1
310,7038,1617.27,378.96,235.66,490.02,1,-1,-1,-1
311,7036,938.57,436.14,196.43,529.32,1,-1,-1,-1
311,7038,1617.00,378.36,236.83,490.59,1,-1,-1,-1
312,7036,939.10,436.14,195.40,529.39,1,-1,-1,-1
312,7038,1616.45,378.23,237.66,490.65,1,-1,-1,-1
313,7036,939.58,436.13,194.42,529.33,1,-1,-1,-1
313,7038,1615.84,378.28,238.33,490.52,1,-1,-1,-1
314,7036,940.01,436.11,193.52,529.24,1,-1,-1,-1
314,7038,1615.23,378.40,238.91,490.34,1,-1,-1,-1
315,7036,940.40,436.10,192.70,529.14,1,-1,-1,-1
315,7038,1614.66,378.52,239.41,490.15,1,-1,-1,-1
316,7036,940.47,436.27,193.35,530.96,1,-1,-1,-1
316,7038,1634.64,393.57,231.94,480.88,1,-1,-1,-1
316,7039,1074.50,499.53,185.69,479.44,1,-1,-1,-1
317,7038,1642.88,399.44,227.51,477.19,1,-1,-1,-1
317,7039,1076.91,500.56,192.54,478.87,1,-1,-1,-1
318,7038,1646.50,401.66,224.43,475.74,1,-1,-1,-1
318,7039,1076.62,500.95,197.49,478.66,1,-1,-1,-1
319,7038,1648.32,402.51,221.99,475.13,1,-1,-1,-1
319,7039,1075.20,501.03,201.26,478.61,1,-1,-1,-1
320,7038,1649.40,402.84,219.91,474.86,1,-1,-1,-1
320,7039,1073.52,500.99,204.23,478.62,1,-1,-1,-1
321,7038,1650.16,402.96,218.08,474.71,1,-1,-1,-1
321,7039,1071.90,500.91,206.63,478.65,1,-1,-1,-1
322,7038,1650.77,403.01,216.44,474.62,1,-1,-1,-1
322,7039,1070.46,500.82,208.62,478.68,1,-1,-1,-1
323,7038,1651.28,403.02,214.96,474.55,1,-1,-1,-1
323,7039,1069.20,500.74,210.30,478.71,1,-1,-1,-1
324,7038,1651.74,403.02,213.63,474.49,1,-1,-1,-1
324,7039,1068.10,500.66,211.72,478.74,1,-1,-1,-1
325,7038,1654.86,403.07,213.98,475.27,1,-1,-1,-1
325,7039,1074.17,490.77,215.94,483.36,1,-1,-1,-1
325,7041,92.00,399.00,185.00,423.00,1,-1,-1,-1
326,7039,1075.74,487.01,218.62,485.10,1,-1,-1,-1
326,7041,92.00,399.00,185.00,423.00,1,-1,-1,-1
327,7039,1075.67,485.58,220.58,485.76,1,-1,-1,-1
327,7041,92.00,399.00,185.00,423.00,1,-1,-1,-1
328,7039,1075.05,485.05,222.16,486.01,1,-1,-1,-1
328,7041,92.00,399.00,185.00,423.00,1,-1,-1,-1
329,7039,1074.28,484.87,223.51,486.09,1,-1,-1,-1
329,7041,92.00,399.00,185.00,423.00,1,-1,-1,-1
330,7039,1073.51,484.81,224.67,486.12,1,-1,-1,-1
330,7041,92.00,399.00,185.00,423.00,1,-1,-1,-1
331,7039,1072.79,484.80,225.71,486.12,1,-1,-1,-1
331,7041,92.00,399.00,185.00,423.00,1,-1,-1,-1
332,7039,1072.14,484.81,226.63,486.11,1,-1,-1,-1
332,7041,92.00,399.00,185.00,423.00,1,-1,-1,-1
333,7039,1071.54,484.82,227.45,486.10,1,-1,-1,-1
333,7041,92.00,399.00,185.00,423.00,1,-1,-1,-1
334,7039,1064.44,446.97,242.63,525.92,1,-1,-1,-1
334,7041,111.90,394.97,185.47,422.33,1,-1,-1,-1
335,7039,1062.80,432.97,246.23,540.65,1,-1,-1,-1
335,7041,119.05,393.48,186.11,422.08,1,-1,-1,-1
336,7039,1062.92,427.51,245.94,546.39,1,-1,-1,-1
336,7041,121.40,392.94,186.78,421.99,1,-1,-1,-1
337,7039,1063.67,425.54,244.25,548.48,1,-1,-1,-1
337,7041,121.95,392.77,187.45,421.96,1,-1,-1,-1
338,7039,1064.60,424.92,242.17,549.14,1,-1,-1,-1
338,7041,121.85,392.72,188.08,421.95,1,-1,-1,-1
339,7039,1065.54,424.81,240.08,549.25,1,-1,-1,-1
339,7041,121.53,392.73,188.68,421.95,1,-1,-1,-1
340,7039,1066.43,424.89,238.12,549.17,1,-1,-1,-1
340,7041,121.16,392.74,189.23,421.96,1,-1,-1,-1
341,7039,1067.25,425.04,236.31,549.02,1,-1,-1,-1
341,7041,120.79,392.77,189.75,421.96,1,-1,-1,-1
342,7039,1067.99,425.20,234.66,548.86,1,-1,-1,-1
342,7041,120.44,392.79,190.22,421.97,1,-1,-1,-1
343,7039,1074.46,438.34,232.61,538.95,1,-1,-1,-1
343,7041,122.14,392.45,190.20,421.91,1,-1,-1,-1
343,7042,254.00,395.00,198.00,418.00,1,-1,-1,-1
344,7039,1076.36,443.48,232.89,535.05,1,-1,-1,-1
344,7041,227.64,394.34,189.78,418.88,1,-1,-1,-1
345,7039,1076.52,445.46,233.99,533.53,1,-1,-1,-1
345,7041,251.52,394.74,190.32,418.18,1,-1,-1,-1
346,7039,1076.08,446.23,235.32,532.91,1,-1,-1,-1
346,7041,259.60,394.88,190.97,417.94,1,-1,-1,-1
347,7039,1075.45,446.55,236.64,532.65,1,-1,-1,-1
347,7041,262.06,394.94,191.61,417.86,1,-1,-1,-1
348,7039,1074.79,446.68,237.89,532.52,1,-1,-1,-1
348,7041,262.43,394.96,192.22,417.84,1,-1,-1,-1
349,7039,1074.16,446.75,239.04,532.44,1,-1,-1,-1
349,7041,262.05,394.97,192.77,417.84,1,-1,-1,-1
350,7039,1073.58,446.79,240.08,532.39,1,-1,-1,-1
350,7041,261.44,394.98,193.27,417.85,1,-1,-1,-1
351,7039,1073.05,446.81,241.03,532.35,1,-1,-1,-1
351,7041,260.78,394.98,193.73,417.86,1,-1,-1,-1
352,7039,1076.11,449.44,228.28,505.54,1,-1,-1,-1
352,7041,268.37,394.95,193.62,417.64,1,-1,-1,-1
353,7039,1077.39,450.47,223.06,495.21,1,-1,-1,-1
354,7039,1077.98,450.85,220.90,491.50,1,-1,-1,-1
355,7039,1078.29,450.98,219.88,490.21,1,-1,-1,-1
356,7039,1078.50,451.03,219.30,489.82,1,-1,-1,-1
357,7039,1078.66,451.04,218.92,489.76,1,-1,-1,-1
358,7039,1078.79,451.05,218.61,489.81,1,-1,-1,-1
359,7039,1078.90,451.04,218.36,489.91,1,-1,-1,-1
360,7039,1079.01,451.04,218.14,490.01,1,-1,-1,-1
361,7039,1074.57,445.79,220.43,498.62,1,-1,-1,-1
361,7041,363.86,377.65,194.14,411.17,1,-1,-1,-1
361,7043,932.00,457.00,178.00,483.00,1,-1,-1,-1
362,7039,1073.32,443.83,220.47,501.89,1,-1,-1,-1
362,7041,366.21,376.86,196.67,410.90,1,-1,-1,-1
362,7043,932.00,457.00,178.00,483.00,1,-1,-1,-1
363,7039,1073.21,443.09,219.76,503.16,1,-1,-1,-1
363,7041,366.54,376.58,198.71,410.80,1,-1,-1,-1
363,7043,932.00,457.00,178.00,483.00,1,-1,-1,-1
364,7039,1073.51,442.83,218.82,503.65,1,-1,-1,-1
364,7041,365.98,376.51,200.39,410.77,1,-1,-1,-1
364,7043,932.00,457.00,178.00,483.00,1,-1,-1,-1
365,7039,1073.94,442.75,217.86,503.84,1,-1,-1,-1
365,7041,365.12,376.51,201.78,410.78,1,-1,-1,-1
365,7043,932.00,457.00,178.00,483.00,1,-1,-1,-1
366,7039,1074.38,442.73,216.95,503.92,1,-1,-1,-1
366,7041,364.23,376.54,202.96,410.80,1,-1,-1,-1
366,7043,932.00,457.00,178.00,483.00,1,-1,-1,-1
367,7039,1074.81,442.74,216.11,503.95,1,-1,-1,-1
367,7041,363.40,376.58,203.97,410.81,1,-1,-1,-1
367,7043,932.00,457.00,178.00,483.00,1,-1,-1,-1
368,7039,1075.20,442.76,215.34,503.96,1,-1,-1,-1
368,7041,362.64,376.62,204.84,410.83,1,-1,-1,-1
368,7043,932.00,457.00,178.00,483.00,1,-1,-1,-1
369,7039,1075.56,442.78,214.65,503.97,1,-1,-1,-1
369,7041,361.97,376.66,205.60,410.85,1,-1,-1,-1
369,7043,932.00,457.00,178.00,483.00,1,-1,-1,-1
370,7039,1066.91,427.79,214.35,507.24,1,-1,-1,-1
370,7041,366.49,376.10,205.48,410.60,1,-1,-1,-1
370,7043,935.92,448.27,178.89,489.04,1,-1,-1,-1
371,7039,1064.09,422.14,213.34,508.47,1,-1,-1,-1
371,7043,937.77,445.05,178.41,491.27,1,-1,-1,-1
372,7039,1063.46,420.04,212.15,508.94,1,-1,-1,-1
372,7043,938.84,443.88,177.45,492.08,1,-1,-1,-1
373,7039,1063.62,419.31,210.97,509.10,1,-1,-1,-1
373,7043,939.58,443.49,176.35,492.35,1,-1,-1,-1
374,7039,1064.05,419.10,209.85,509.15,1,-1,-1,-1
374,7043,940.18,443.39,175.26,492.42,1,-1,-1,-1
375,7039,1064.55,419.07,208.83,509.16,1,-1,-1,-1
375,7043,940.70,443.40,174.21,492.42,1,-1,-1,-1
376,7039,1065.04,419.12,207.90,509.15,1,-1,-1,-1
376,7043,941.17,443.44,173.22,492.39,1,-1,-1,-1
377,7039,1065.50,419.19,207.05,509.14,1,-1,-1,-1
377,7043,941.60,443.49,172.31,492.35,1,-1,-1,-1
378,7039,1065.93,419.26,206.28,509.13,1,-1,-1,-1
378,7043,942.00,443.54,171.47,492.32,1,-1,-1,-1
379,7039,1065.73,433.69,208.07,509.12,1,-1,-1,-1
379,7041,137.62,450.96,188.91,364.67,1,-1,-1,-1
379,7043,954.68,444.24,168.97,483.77,1,-1,-1,-1
380,7039,1065.21,439.18,209.68,509.11,1,-1,-1,-1
380,7041,124.51,454.41,192.59,362.62,1,-1,-1,-1
380,7043,959.37,444.53,168.26,480.51,1,-1,-1,-1
381,7039,1064.60,441.26,211.14,509.10,1,-1,-1,-1
381,7041,119.05,455.59,195.87,361.90,1,-1,-1,-1
381,7043,960.95,444.66,168.23,479.30,1,-1,-1,-1
382,7039,1064.00,442.02,212.46,509.09,1,-1,-1,-1
382,7041,116.59,455.91,198.71,361.72,1,-1,-1,-1
382,7043,961.39,444.73,168.44,478.87,1,-1,-1,-1
383,7039,1063.44,442.29,213.66,509.08,1,-1,-1,-1
383,7041,115.39,455.89,201.13,361.74,1,-1,-1,-1
383,7043,961.39,444.77,168.72,478.73,1,-1,-1,-1
384,7039,1062.93,442.36,214.74,509.07,1,-1,-1,-1
384,7041,114.73,455.76,203.20,361.83,1,-1,-1,-1
384,7043,961.25,444.79,169.00,478.70,1,-1,-1,-1
385,7039,1062.46,442.37,215.72,509.07,1,-1,-1,-1
385,7041,114.31,455.60,204.97,361.94,1,-1,-1,-1
385,7043,961.07,444.82,169.28,478.70,1,-1,-1,-1
386,7039,1062.04,442.35,216.60,509.06,1,-1,-1,-1
386,7041,114.00,455.44,206.50,362.05,1,-1,-1,-1
386,7043,960.89,444.83,169.53,478.72,1,-1,-1,-1
387,7039,1061.65,442.32,217.40,509.05,1,-1,-1,-1
387,7041,113.76,455.30,207.83,362.14,1,-1,-1,-1
387,7043,960.71,444.85,169.76,478.75,1,-1,-1,-1
388,7039,1061.39,442.84,217.44,509.14,1,-1,-1,-1
388,7041,107.97,457.40,207.03,360.75,1,-1,-1,-1
388,7043,961.75,444.61,169.62,478.34,1,-1,-1,-1
397,7039,1052.90,435.47,228.27,529.25,1,-1,-1,-1
397,7044,133.00,412.00,142.00,370.00,1,-1,-1,-1
398,7039,1051.73,435.07,230.36,530.18,1,-1,-1,-1
398,7044,133.00,412.00,142.00,370.00,1,-1,-1,-1
399,7039,1050.95,434.94,231.84,530.50,1,-1,-1,-1
399,7044,133.00,412.00,142.00,370.00,1,-1,-1,-1
400,7039,1050.39,434.90,232.95,530.59,1,-1,-1,-1
400,7044,133.00,412.00,142.00,370.00,1,-1,-1,-1
401,7039,1049.95,434.89,233.84,530.59,1,-1,-1,-1
401,7044,133.00,412.00,142.00,370.00,1,-1,-1,-1
402,7039,1049.59,434.89,234.57,530.55,1,-1,-1,-1
402,7044,133.00,412.00,142.00,370.00,1,-1,-1,-1
403,7039,1049.29,434.90,235.19,530.51,1,-1,-1,-1
403,7044,133.00,412.00,142.00,370.00,1,-1,-1,-1
404,7039,1049.04,434.91,235.72,530.46,1,-1,-1,-1
404,7044,133.00,412.00,142.00,370.00,1,-1,-1,-1
405,7039,1048.82,434.91,236.18,530.42,1,-1,-1,-1
405,7044,133.00,412.00,142.00,370.00,1,-1,-1,-1
406,7039,1051.94,440.79,233.22,519.94,1,-1,-1,-1
406,7041,228.42,410.86,201.47,362.72,1,-1,-1,-1
406,7044,133.00,412.00,142.00,370.00,1,-1,-1,-1
407,7039,1052.73,443.04,232.90,515.92,1,-1,-1,-1
407,7041,233.64,409.67,197.19,362.87,1,-1,-1,-1
408,7039,1052.64,443.87,233.54,514.43,1,-1,-1,-1
408,7041,236.24,409.26,194.13,362.92,1,-1,-1,-1
409,7039,1052.26,444.16,234.47,513.89,1,-1,-1,-1
409,7041,237.66,409.15,191.84,362.94,1,-1,-1,-1
410,7039,1051.81,444.25,235.43,513.72,1,-1,-1,-1
410,7041,238.52,409.17,190.06,362.95,1,-1,-1,-1
411,7039,1051.37,444.27,236.34,513.67,1,-1,-1,-1
411,7041,239.10,409.22,188.62,362.96,1,-1,-1,-1
412,7039,1050.95,444.26,237.18,513.67,1,-1,-1,-1
412,7041,239.53,409.29,187.44,362.96,1,-1,-1,-1
413,7039,1050.57,444.24,237.94,513.70,1,-1,-1,-1
413,7041,239.86,409.36,186.45,362.97,1,-1,-1,-1
414,7039,1050.22,444.22,238.63,513.72,1,-1,-1,-1
414,7041,240.13,409.42,185.61,362.97,1,-1,-1,-1
415,7039,1050.38,444.57,238.42,513.27,1,-1,-1,-1
415,7041,242.46,408.48,185.59,362.93,1,-1,-1,-1
424,7039,1034.38,437.39,245.23,526.35,1,-1,-1,-1
425,7039,1033.39,437.03,246.05,526.99,1,-1,-1,-1
426,7039,1032.93,436.90,246.56,527.22,1,-1,-1,-1
427,7039,1032.69,436.87,246.92,527.28,1,-1,-1,-1
428,7039,1032.55,436.86,247.20,527.29,1,-1,-1,-1
429,7039,1032.46,436.87,247.42,527.28,1,-1,-1,-1
430,7039,1032.39,436.88,247.61,527.25,1,-1,-1,-1
431,7039,1032.34,436.89,247.77,527.23,1,-1,-1,-1
432,7039,1032.30,436.90,247.91,527.21,1,-1,-1,-1
433,7039,994.37,451.92,231.12,501.08,1,-1,-1,-1
434,7039,980.85,457.70,222.59,491.02,1,-1,-1,-1
435,7039,977.02,459.78,217.54,487.41,1,-1,-1,-1
436,7039,976.64,460.49,213.95,486.16,1,-1,-1,-1
437,7039,977.44,460.71,211.08,485.78,1,-1,-1,-1
438,7039,978.60,460.74,208.64,485.73,1,-1,-1,-1
439,7039,979.81,460.70,206.50,485.79,1,-1,-1,-1
440,7039,980.96,460.65,204.60,485.89,1,-1,-1,-1
441,7039,982.02,460.59,202.89,485.99,1,-1,-1,-1
442,7039,1024.68,379.93,261.49,600.77,1,-1,-1,-1
443,7039,1036.11,351.31,289.48,641.48,1,-1,-1,-1
444,7039,1038.29,339.29,306.71,658.59,1,-1,-1,-1
445,7039,1036.64,334.70,318.43,665.14,1,-1,-1,-1
446,7039,1033.68,333.14,327.34,667.37,1,-1,-1,-1
447,7039,1030.42,332.76,334.71,667.92,1,-1,-1,-1
448,7039,1027.26,332.83,341.07,667.82,1,-1,-1,-1
449,7039,1024.31,333.07,346.69,667.49,1,-1,-1,-1
450,7039,1021.62,333.36,351.71,667.10,1,-1,-1,-1
451,7039,1023.42,327.57,355.99,675.18,1,-1,-1,-1
460,7045,245.00,352.00,486.00,652.00,1,-1,-1,-1
460,7046,1362.00,418.00,170.00,395.00,1,-1,-1,-1
461,7045,245.00,352.00,486.00,652.00,1,-1,-1,-1
461,7046,1362.00,418.00,170.00,395.00,1,-1,-1,-1
462,7039,1335.44,412.39,208.39,408.43,1,-1,-1,-1
462,7045,245.00,352.00,486.00,652.00,1,-1,-1,-1
463,7039,1349.80,417.50,196.70,395.29,1,-1,-1,-1
463,7045,245.00,352.00,486.00,652.00,1,-1,-1,-1
464,7039,1355.76,418.63,191.15,391.74,1,-1,-1,-1
464,7045,245.00,352.00,486.00,652.00,1,-1,-1,-1
465,7039,1358.03,418.91,187.76,390.96,1,-1,-1,-1
465,7045,245.00,352.00,486.00,652.00,1,-1,-1,-1
466,7039,1358.85,418.90,185.41,391.16,1,-1,-1,-1
466,7045,245.00,352.00,486.00,652.00,1,-1,-1,-1
467,7039,1359.20,418.80,183.59,391.60,1,-1,-1,-1
467,7045,245.00,352.00,486.00,652.00,1,-1,-1,-1
468,7039,1359.43,418.70,182.07,392.04,1,-1,-1,-1
468,7045,245.00,352.00,486.00,652.00,1,-1,-1,-1
469,7039,1353.02,440.85,191.96,414.67,1,-1,-1,-1
469,7045,101.36,346.63,491.99,658.71,1,-1,-1,-1
470,7039,1350.75,448.85,195.24,422.94,1,-1,-1,-1
470,7045,47.98,344.64,494.81,661.19,1,-1,-1,-1
471,7039,1349.80,451.77,196.26,426.18,1,-1,-1,-1
471,7045,28.36,343.93,496.41,662.09,1,-1,-1,-1
472,7039,1349.40,452.73,196.42,427.43,1,-1,-1,-1
472,7045,21.56,343.69,497.51,662.39,1,-1,-1,-1
473,7039,1349.23,452.94,196.26,427.89,1,-1,-1,-1
473,7045,19.54,343.63,498.40,662.47,1,-1,-1,-1
474,7039,1349.16,452.90,196.00,428.06,1,-1,-1,-1
474,7045,19.26,343.63,499.17,662.46,1,-1,-1,-1
475,7039,1349.12,452.76,195.73,428.11,1,-1,-1,-1
475,7045,19.57,343.66,499.87,662.43,1,-1,-1,-1
476,7039,1349.10,452.61,195.48,428.13,1,-1,-1,-1
476,7045,20.05,343.69,500.50,662.39,1,-1,-1,-1
477,7039,1349.08,452.46,195.24,428.12,1,-1,-1,-1
477,7045,20.55,343.72,501.09,662.35,1,-1,-1,-1
478,7039,1350.97,454.81,195.34,428.33,1,-1,-1,-1
478,7045,8.39,343.26,501.52,662.92,1,-1,-1,-1
478,7047,1479.00,418.00,178.00,437.00,1,-1,-1,-1
479,7039,1442.96,426.99,196.16,435.06,1,-1,-1,-1
480,7039,1464.85,420.91,194.89,436.61,1,-1,-1,-1
481,7039,1473.13,418.72,193.39,437.16,1,-1,-1,-1
482,7039,1476.38,417.92,191.93,437.34,1,-1,-1,-1
483,7039,1477.68,417.64,190.57,437.39,1,-1,-1,-1
484,7039,1478.23,417.57,189.34,437.38,1,-1,-1,-1
485,7039,1478.47,417.57,188.23,437.36,1,-1,-1,-1
486,7039,1478.59,417.59,187.23,437.33,1,-1,-1,-1
487,7039,1485.29,416.93,187.45,437.85,1,-1,-1,-1
505,7039,1612.35,440.55,206.95,485.52,1,-1,-1,-1
506,7039,1615.03,441.18,206.81,486.61,1,-1,-1,-1
507,7039,1616.08,441.40,206.55,486.99,1,-1,-1,-1
508,7039,1616.37,441.46,206.26,487.07,1,-1,-1,-1
509,7039,1616.35,441.45,206.00,487.04,1,-1,-1,-1
510,7039,1616.22,441.42,205.76,486.97,1,-1,-1,-1
511,7039,1616.05,441.39,205.56,486.89,1,-1,-1,-1
512,7039,1615.88,441.35,205.39,486.81,1,-1,-1,-1
513,7039,1615.71,441.32,205.24,486.73,1,-1,-1,-1
514,7039,1619.20,441.84,205.73,487.90,1,-1,-1,-1
523,7039,1405.53,401.81,269.37,602.78,1,-1,-1,-1
524,7039,1389.61,399.83,283.09,608.24,1,-1,-1,-1
525,7039,1381.53,399.13,292.70,610.18,1,-1,-1,-1
526,7039,1376.93,398.91,299.89,610.72,1,-1,-1,-1
527,7039,1373.97,398.89,305.55,610.73,1,-1,-1,-1
528,7039,1371.86,398.94,310.18,610.54,1,-1,-1,-1
529,7039,1370.23,399.01,314.04,610.29,1,-1,-1,-1
530,7039,1368.93,399.09,317.33,610.02,1,-1,-1,-1
531,7039,1367.85,399.17,320.15,609.77,1,-1,-1,-1
532,7039,1360.99,397.84,322.48,614.17,1,-1,-1,-1
