1,5318,156.64,153.61,61.36,191.38,1,-1,-1,-1
1,5327,373.83,109.01,104.67,277.12,1,-1,-1,-1
1,5337,329.44,135.43,50.52,170.08,1,-1,-1,-1
1,5383,66.73,168.73,56.44,174.06,1,-1,-1,-1
1,5386,272.00,182.00,38.00,124.00,1,-1,-1,-1
2,5383,58.37,182.43,51.58,157.63,1,-1,-1,-1
2,5386,270.31,180.29,39.66,129.14,1,-1,-1,-1
3,5383,53.12,185.55,51.18,154.94,1,-1,-1,-1
3,5386,269.55,180.00,39.43,128.52,1,-1,-1,-1
4,5383,48.43,185.22,51.71,155.39,1,-1,-1,-1
4,5386,268.55,178.45,39.37,128.24,1,-1,-1,-1
5,5383,38.44,186.37,51.61,155.58,1,-1,-1,-1
5,5386,269.97,179.39,38.77,126.67,1,-1,-1,-1
5,5387,174.00,206.00,26.00,90.00,1,-1,-1,-1
6,5383,29.74,182.73,54.11,162.34,1,-1,-1,-1
6,5386,269.01,181.16,38.67,126.12,1,-1,-1,-1
6,5388,306.00,190.00,34.00,112.00,1,-1,-1,-1
7,5383,23.64,172.21,58.54,175.29,1,-1,-1,-1
7,5386,271.77,185.97,36.63,118.99,1,-1,-1,-1
7,5388,307.71,191.71,34.00,112.00,1,-1,-1,-1
8,5377,161.32,207.08,33.55,106.65,1,-1,-1,-1
8,5383,15.98,172.07,59.11,177.01,1,-1,-1,-1
8,5386,270.38,189.10,36.51,117.83,1,-1,-1,-1
8,5388,302.66,201.01,34.17,112.00,1,-1,-1,-1
9,5377,156.31,212.53,32.43,103.12,1,-1,-1,-1
9,5386,272.00,188.77,36.40,116.11,1,-1,-1,-1
9,5388,301.52,207.05,33.10,107.55,1,-1,-1,-1
10,5377,156.30,211.37,33.07,104.85,1,-1,-1,-1
10,5383,-3.53,167.01,64.03,194.95,1,-1,-1,-1
10,5386,270.14,187.22,37.16,116.92,1,-1,-1,-1
10,5388,307.03,192.56,35.96,116.40,1,-1,-1,-1
11,5377,152.61,212.79,32.93,104.42,1,-1,-1,-1
11,5383,-11.59,166.47,65.00,197.89,1,-1,-1,-1
11,5386,268.88,182.59,38.60,121.30,1,-1,-1,-1
11,5388,305.74,185.11,37.58,122.02,1,-1,-1,-1
11,5389,240.00,194.00,34.00,104.00,1,-1,-1,-1
12,5377,152.24,210.91,33.49,107.13,1,-1,-1,-1
12,5386,270.26,183.52,38.10,120.29,1,-1,-1,-1
12,5388,303.72,197.11,35.82,116.00,1,-1,-1,-1
13,5377,139.03,202.61,38.94,122.42,1,-1,-1,-1
13,5386,270.29,183.64,37.94,119.78,1,-1,-1,-1
13,5388,303.47,197.37,36.07,116.83,1,-1,-1,-1
14,5377,130.87,196.00,42.80,133.99,1,-1,-1,-1
14,5386,275.02,185.51,37.45,116.71,1,-1,-1,-1
15,5377,125.08,193.32,44.58,137.39,1,-1,-1,-1
15,5386,275.58,185.81,37.20,115.93,1,-1,-1,-1
16,5377,122.75,192.24,45.60,138.68,1,-1,-1,-1
17,5377,118.20,191.54,46.39,141.07,1,-1,-1,-1
19,5377,95.68,168.86,55.13,167.14,1,-1,-1,-1
19,5386,276.21,186.08,37.72,115.74,1,-1,-1,-1
20,5377,86.58,161.23,59.38,177.91,1,-1,-1,-1
20,5386,274.99,186.10,38.93,115.75,1,-1,-1,-1
21,5377,78.32,159.52,61.86,179.58,1,-1,-1,-1
21,5386,274.82,186.10,40.17,115.75,1,-1,-1,-1
22,5377,74.74,158.92,63.69,180.11,1,-1,-1,-1
22,5386,274.45,186.10,41.24,115.76,1,-1,-1,-1
23,5377,58.71,153.68,69.84,194.15,1,-1,-1,-1
23,5386,272.56,183.47,42.50,119.72,1,-1,-1,-1
23,5388,311.35,182.45,38.77,125.98,1,-1,-1,-1
24,5377,52.28,151.68,72.82,199.50,1,-1,-1,-1
24,5386,271.89,182.48,42.89,121.20,1,-1,-1,-1
24,5388,311.72,181.85,38.75,126.27,1,-1,-1,-1
25,5377,46.46,163.50,72.03,194.00,1,-1,-1,-1
25,5386,271.94,182.31,42.94,121.35,1,-1,-1,-1
25,5388,312.16,180.96,39.01,127.11,1,-1,-1,-1
26,5377,44.12,168.38,72.19,191.58,1,-1,-1,-1
27,5377,17.52,149.73,81.53,217.53,1,-1,-1,-1
27,5386,269.48,186.98,43.91,118.61,1,-1,-1,-1
28,5377,3.33,137.91,88.62,239.44,1,-1,-1,-1
28,5386,269.40,187.21,43.87,118.52,1,-1,-1,-1
29,5377,-6.53,125.77,93.77,258.13,1,-1,-1,-1
30,5377,-9.90,120.84,94.87,265.66,1,-1,-1,-1
31,5377,-14.65,121.44,93.80,271.00,1,-1,-1,-1
32,5377,-15.58,121.77,91.78,272.95,1,-1,-1,-1
33,5377,-22.90,118.57,94.01,279.59,1,-1,-1,-1
33,5386,272.86,186.18,45.52,119.85,1,-1,-1,-1
34,5386,272.73,186.08,46.45,119.96,1,-1,-1,-1
35,5383,123.31,203.38,41.83,119.84,1,-1,-1,-1
35,5386,273.67,196.53,46.12,117.38,1,-1,-1,-1
36,5383,120.13,200.59,45.38,128.41,1,-1,-1,-1
36,5386,271.73,201.78,45.30,116.41,1,-1,-1,-1
37,5383,117.02,206.09,40.10,113.55,1,-1,-1,-1
37,5386,271.84,203.13,45.20,116.15,1,-1,-1,-1
38,5383,105.43,199.06,43.20,121.68,1,-1,-1,-1
38,5386,262.93,188.64,49.99,125.26,1,-1,-1,-1
39,5383,104.01,192.74,39.85,110.36,1,-1,-1,-1
39,5386,262.29,188.57,50.22,125.84,1,-1,-1,-1
40,5383,97.97,193.26,44.00,123.60,1,-1,-1,-1
40,5386,260.30,182.00,53.33,132.22,1,-1,-1,-1
41,5383,91.55,194.72,46.31,129.05,1,-1,-1,-1
41,5386,260.58,181.79,53.75,132.44,1,-1,-1,-1
42,5383,89.06,195.34,47.40,131.19,1,-1,-1,-1
42,5386,260.62,181.73,54.06,132.51,1,-1,-1,-1
43,5383,82.82,187.69,50.67,142.54,1,-1,-1,-1
43,5386,262.01,181.72,52.75,129.92,1,-1,-1,-1
43,5390,174.00,166.00,32.00,106.00,1,-1,-1,-1
44,5383,79.83,186.36,51.39,144.57,1,-1,-1,-1
44,5386,264.91,181.73,51.46,127.58,1,-1,-1,-1
44,5390,176.73,169.43,29.98,99.14,1,-1,-1,-1
45,5386,265.66,180.44,51.69,129.30,1,-1,-1,-1
45,5388,298.76,181.77,41.06,128.19,1,-1,-1,-1
46,5383,62.64,172.39,53.33,148.11,1,-1,-1,-1
46,5386,266.27,179.97,51.11,129.93,1,-1,-1,-1
46,5388,298.26,181.70,41.11,128.34,1,-1,-1,-1
47,5383,50.38,166.00,57.66,156.73,1,-1,-1,-1
47,5386,267.05,179.81,51.08,130.16,1,-1,-1,-1
48,5383,45.75,163.76,59.82,159.74,1,-1,-1,-1
48,5386,267.38,179.76,51.01,130.23,1,-1,-1,-1
49,5383,27.59,170.64,65.48,174.91,1,-1,-1,-1
49,5386,267.17,183.67,47.74,123.73,1,-1,-1,-1
50,5383,16.42,158.32,67.46,179.43,1,-1,-1,-1
50,5386,270.56,186.52,44.86,118.54,1,-1,-1,-1
50,5388,301.36,187.43,38.58,120.77,1,-1,-1,-1
50,5391,128.00,142.00,52.00,146.00,1,-1,-1,-1
51,5383,6.63,148.31,67.74,179.88,1,-1,-1,-1
51,5386,270.80,186.73,44.62,117.92,1,-1,-1,-1
51,5388,301.27,187.85,38.42,120.26,1,-1,-1,-1
51,5391,120.85,135.14,57.72,161.43,1,-1,-1,-1
52,5383,0.31,145.16,69.04,183.31,1,-1,-1,-1
52,5388,295.12,196.06,41.87,121.55,1,-1,-1,-1
53,5386,267.58,187.87,44.18,116.10,1,-1,-1,-1
53,5388,299.57,191.01,43.32,123.09,1,-1,-1,-1
53,5392,0.00,184.00,116.00,260.00,1,-1,-1,-1
53,5393,82.00,126.00,88.00,158.00,1,-1,-1,-1
54,5377,-5.85,122.54,99.52,300.44,1,-1,-1,-1
54,5386,269.74,186.68,44.27,115.82,1,-1,-1,-1
54,5388,299.59,191.55,43.27,122.94,1,-1,-1,-1
54,5393,66.14,117.43,107.72,194.00,1,-1,-1,-1
55,5377,32.30,106.82,105.78,315.76,1,-1,-1,-1
55,5386,269.88,186.81,44.03,115.18,1,-1,-1,-1
56,5377,36.93,96.53,117.11,349.88,1,-1,-1,-1
57,5377,28.67,90.21,119.61,354.80,1,-1,-1,-1
58,5377,24.95,87.76,120.84,356.46,1,-1,-1,-1
59,5377,8.42,72.63,126.53,376.35,1,-1,-1,-1
60,5377,2.39,66.94,128.15,383.80,1,-1,-1,-1
61,5377,-10.83,46.89,126.04,392.89,1,-1,-1,-1
61,5386,291.03,184.21,47.21,125.17,1,-1,-1,-1
62,5377,-14.74,39.21,122.71,396.23,1,-1,-1,-1
62,5386,292.62,184.03,46.98,125.85,1,-1,-1,-1
63,5377,-17.13,33.49,124.87,403.19,1,-1,-1,-1
63,5386,294.98,183.97,47.19,128.68,1,-1,-1,-1
64,5386,296.03,183.95,46.88,129.75,1,-1,-1,-1
65,5386,297.07,186.52,45.39,124.98,1,-1,-1,-1
66,5386,297.35,187.53,44.90,123.09,1,-1,-1,-1
67,5386,297.55,186.59,45.76,127.63,1,-1,-1,-1
68,5386,297.81,186.24,45.66,129.31,1,-1,-1,-1
69,5386,298.79,193.85,43.77,123.48,1,-1,-1,-1
70,5386,299.07,196.83,43.11,121.18,1,-1,-1,-1
71,5386,298.34,196.59,43.14,120.33,1,-1,-1,-1
71,5388,329.36,198.03,40.60,120.00,1,-1,-1,-1
72,5386,297.59,197.78,42.73,118.71,1,-1,-1,-1
72,5388,332.54,199.52,39.70,118.57,1,-1,-1,-1
73,5386,296.68,199.52,42.47,118.11,1,-1,-1,-1
73,5388,337.00,202.65,37.89,115.46,1,-1,-1,-1
74,5386,296.33,200.15,42.35,117.89,1,-1,-1,-1
74,5388,338.73,203.79,36.96,114.31,1,-1,-1,-1
75,5386,297.27,193.79,44.05,119.14,1,-1,-1,-1
75,5388,340.47,204.58,36.76,113.71,1,-1,-1,-1
76,5386,297.28,191.38,45.36,119.62,1,-1,-1,-1
77,5386,297.30,186.54,47.09,122.42,1,-1,-1,-1
78,5386,297.11,184.72,48.10,123.48,1,-1,-1,-1
79,5386,295.42,185.34,47.80,122.59,1,-1,-1,-1
79,5388,343.55,184.26,41.15,128.36,1,-1,-1,-1
80,5386,294.73,185.59,47.71,122.24,1,-1,-1,-1
80,5388,343.91,182.37,41.32,129.72,1,-1,-1,-1
81,5386,295.00,185.16,47.73,122.29,1,-1,-1,-1
81,5388,345.22,181.12,41.60,130.60,1,-1,-1,-1
83,5386,295.24,185.72,46.00,117.06,1,-1,-1,-1
84,5386,295.17,185.81,45.93,116.21,1,-1,-1,-1
85,5386,295.41,185.53,45.76,115.78,1,-1,-1,-1
87,5386,297.55,189.20,46.13,112.47,1,-1,-1,-1
88,5386,297.32,189.78,47.32,111.94,1,-1,-1,-1
89,5386,295.97,187.32,50.28,117.06,1,-1,-1,-1
90,5386,295.26,186.43,51.78,118.93,1,-1,-1,-1
91,5386,296.54,186.08,51.82,118.36,1,-1,-1,-1
92,5386,296.96,185.96,51.96,118.14,1,-1,-1,-1
93,5386,297.39,185.92,52.76,118.06,1,-1,-1,-1
94,5386,297.33,185.91,53.48,118.02,1,-1,-1,-1
95,5386,297.74,185.74,53.48,118.03,1,-1,-1,-1
95,5388,363.50,185.47,43.06,124.45,1,-1,-1,-1
96,5388,362.84,185.81,45.12,124.11,1,-1,-1,-1
97,5388,366.08,180.59,45.62,126.67,1,-1,-1,-1
97,5394,410.00,174.00,44.00,132.00,1,-1,-1,-1
98,5388,367.32,178.68,45.64,127.60,1,-1,-1,-1
98,5394,410.00,174.00,44.00,132.00,1,-1,-1,-1
99,5388,365.24,177.98,46.72,129.26,1,-1,-1,-1
99,5395,168.00,208.00,24.00,62.00,1,-1,-1,-1
100,5388,364.30,177.74,47.34,129.88,1,-1,-1,-1
100,5395,168.00,208.00,24.00,62.00,1,-1,-1,-1
101,5386,305.04,182.17,51.41,112.38,1,-1,-1,-1
101,5388,366.14,178.98,45.71,124.88,1,-1,-1,-1
102,5386,305.33,181.95,51.60,112.00,1,-1,-1,-1
102,5388,366.76,179.49,45.16,122.94,1,-1,-1,-1
103,5386,306.07,181.61,51.42,111.60,1,-1,-1,-1
103,5388,364.97,179.69,46.29,124.87,1,-1,-1,-1
103,5396,180.00,210.00,24.00,72.00,1,-1,-1,-1
104,5388,364.18,179.77,46.91,125.59,1,-1,-1,-1
104,5396,180.00,210.00,24.00,72.00,1,-1,-1,-1
105,5386,305.08,183.51,52.50,113.49,1,-1,-1,-1
105,5388,363.70,178.51,48.77,129.79,1,-1,-1,-1
105,5396,184.99,207.00,26.04,78.00,1,-1,-1,-1
106,5386,304.87,183.81,52.80,113.78,1,-1,-1,-1
106,5388,363.44,178.04,49.61,131.36,1,-1,-1,-1
106,5396,186.63,206.00,26.76,80.01,1,-1,-1,-1
107,5386,302.17,182.60,54.22,116.51,1,-1,-1,-1
107,5388,363.89,177.64,49.81,131.89,1,-1,-1,-1
107,5396,179.22,208.51,27.28,80.60,1,-1,-1,-1
107,5397,112.00,210.00,32.00,78.00,1,-1,-1,-1
108,5386,302.36,182.42,54.29,116.65,1,-1,-1,-1
108,5388,343.47,185.47,48.38,125.98,1,-1,-1,-1
108,5396,165.00,205.33,29.54,87.63,1,-1,-1,-1
108,5397,107.39,210.00,32.65,79.71,1,-1,-1,-1
109,5388,342.19,185.77,48.38,125.95,1,-1,-1,-1
109,5396,155.48,189.72,35.27,104.58,1,-1,-1,-1
109,5397,104.82,205.54,33.39,81.49,1,-1,-1,-1
109,5398,398.00,176.00,74.00,146.00,1,-1,-1,-1
110,5396,151.85,183.79,37.46,111.04,1,-1,-1,-1
110,5397,103.99,204.02,33.64,82.07,1,-1,-1,-1
110,5398,398.00,176.00,74.00,146.00,1,-1,-1,-1
111,5386,294.40,181.99,55.54,121.38,1,-1,-1,-1
111,5388,355.20,189.43,44.53,115.86,1,-1,-1,-1
111,5396,155.02,183.92,39.34,116.04,1,-1,-1,-1
111,5397,96.04,209.31,33.45,82.22,1,-1,-1,-1
111,5398,401.51,166.99,77.49,153.51,1,-1,-1,-1
111,5399,240.00,206.00,34.00,90.00,1,-1,-1,-1
111,5400,208.00,200.00,36.00,98.00,1,-1,-1,-1
112,5386,298.72,184.62,51.76,115.26,1,-1,-1,-1
112,5388,355.96,188.59,45.08,117.10,1,-1,-1,-1
112,5396,157.09,181.58,41.30,121.67,1,-1,-1,-1
112,5397,92.89,211.24,34.24,85.05,1,-1,-1,-1
112,5398,402.97,161.10,79.52,158.90,1,-1,-1,-1
112,5399,240.24,202.57,35.23,93.43,1,-1,-1,-1
112,5400,205.36,194.86,37.85,103.14,1,-1,-1,-1
112,5401,340.00,188.00,44.00,120.00,1,-1,-1,-1
113,5386,298.56,184.67,51.74,115.20,1,-1,-1,-1
113,5388,341.65,187.02,47.89,121.44,1,-1,-1,-1
113,5396,158.01,180.73,42.06,123.79,1,-1,-1,-1
113,5397,91.63,210.56,34.98,87.38,1,-1,-1,-1
113,5398,404.37,157.77,79.67,160.67,1,-1,-1,-1
113,5399,240.06,200.52,35.88,95.48,1,-1,-1,-1
113,5400,205.66,194.00,38.16,104.00,1,-1,-1,-1
114,5386,301.04,179.51,50.68,115.81,1,-1,-1,-1
114,5388,338.38,183.84,48.85,125.64,1,-1,-1,-1
114,5396,163.54,184.28,39.77,116.89,1,-1,-1,-1
114,5397,88.94,210.87,35.48,88.64,1,-1,-1,-1
114,5398,405.09,158.17,79.09,161.12,1,-1,-1,-1
114,5399,239.27,195.48,37.54,100.52,1,-1,-1,-1
114,5400,204.77,192.31,38.82,105.69,1,-1,-1,-1
114,5402,134.00,190.00,48.00,110.00,1,-1,-1,-1
114,5403,532.00,182.00,42.00,130.00,1,-1,-1,-1
114,5404,360.00,182.00,42.00,126.00,1,-1,-1,-1
115,5386,301.05,179.12,50.69,115.81,1,-1,-1,-1
115,5388,335.11,181.32,52.02,132.42,1,-1,-1,-1
115,5396,162.96,188.48,38.18,111.21,1,-1,-1,-1
115,5398,406.32,158.49,78.13,161.15,1,-1,-1,-1
115,5399,239.08,197.98,36.52,98.02,1,-1,-1,-1
115,5400,208.81,196.05,37.50,101.95,1,-1,-1,-1
115,5402,132.21,190.00,48.16,110.00,1,-1,-1,-1
115,5403,538.59,182.00,42.54,131.71,1,-1,-1,-1
116,5388,333.76,180.36,53.51,135.01,1,-1,-1,-1
116,5396,162.73,190.16,37.70,108.90,1,-1,-1,-1
116,5398,407.06,158.74,77.07,161.05,1,-1,-1,-1
116,5399,239.07,199.06,36.02,96.94,1,-1,-1,-1
116,5400,210.25,197.45,37.05,100.55,1,-1,-1,-1
116,5402,131.81,190.00,48.38,110.00,1,-1,-1,-1
116,5403,539.69,182.00,42.62,132.00,1,-1,-1,-1
117,5388,334.33,181.28,53.28,134.72,1,-1,-1,-1
117,5396,172.68,194.76,35.78,104.03,1,-1,-1,-1
117,5398,410.15,161.61,76.28,160.92,1,-1,-1,-1
117,5399,238.71,203.65,35.18,95.12,1,-1,-1,-1
117,5400,213.04,203.52,35.05,95.88,1,-1,-1,-1
117,5402,123.56,182.58,52.86,120.39,1,-1,-1,-1
117,5403,538.41,189.39,41.33,127.64,1,-1,-1,-1
118,5388,336.24,182.94,51.21,130.68,1,-1,-1,-1
118,5396,172.09,193.84,36.47,106.03,1,-1,-1,-1
118,5398,413.03,157.42,77.76,166.14,1,-1,-1,-1
118,5399,237.44,201.21,35.79,97.18,1,-1,-1,-1
118,5400,214.19,204.89,34.64,94.76,1,-1,-1,-1
118,5402,118.49,171.80,59.00,134.92,1,-1,-1,-1
118,5403,532.89,187.49,42.08,126.14,1,-1,-1,-1
119,5388,338.12,184.91,49.53,127.78,1,-1,-1,-1
119,5397,41.13,200.86,46.25,116.40,1,-1,-1,-1
119,5398,414.30,155.73,78.69,168.11,1,-1,-1,-1
119,5399,236.88,204.36,34.89,95.23,1,-1,-1,-1
119,5402,115.19,167.55,61.55,140.74,1,-1,-1,-1
119,5403,533.66,188.19,42.85,124.27,1,-1,-1,-1
120,5386,291.81,177.94,53.67,125.23,1,-1,-1,-1
120,5388,336.49,196.16,47.07,120.11,1,-1,-1,-1
120,5396,173.39,216.95,33.16,95.04,1,-1,-1,-1
120,5397,31.54,201.32,47.45,121.10,1,-1,-1,-1
120,5399,236.41,204.63,34.96,95.42,1,-1,-1,-1
120,5400,210.65,209.71,37.78,104.37,1,-1,-1,-1
120,5403,533.25,192.59,43.17,119.46,1,-1,-1,-1
120,5405,96.00,222.00,54.00,96.00,1,-1,-1,-1
121,5386,286.90,175.21,51.63,123.32,1,-1,-1,-1
121,5388,335.38,185.70,48.55,126.56,1,-1,-1,-1
121,5396,169.09,205.32,38.83,112.91,1,-1,-1,-1
121,5397,19.69,197.74,49.21,126.65,1,-1,-1,-1
121,5398,414.39,158.75,76.87,166.98,1,-1,-1,-1
121,5400,211.00,211.36,37.95,104.84,1,-1,-1,-1
121,5402,94.74,195.17,55.80,126.83,1,-1,-1,-1
121,5403,533.04,194.29,42.44,117.45,1,-1,-1,-1
122,5386,280.77,174.24,54.44,133.08,1,-1,-1,-1
122,5388,329.10,180.71,50.51,132.71,1,-1,-1,-1
122,5396,170.49,202.01,40.09,119.47,1,-1,-1,-1
122,5397,13.24,196.91,50.54,130.08,1,-1,-1,-1
122,5398,415.36,157.68,77.55,168.46,1,-1,-1,-1
122,5400,207.09,207.53,39.74,112.10,1,-1,-1,-1
122,5402,74.40,169.84,67.09,154.41,1,-1,-1,-1
123,5386,279.23,173.68,54.95,134.33,1,-1,-1,-1
123,5388,327.56,180.20,50.79,133.44,1,-1,-1,-1
123,5396,169.91,200.64,40.48,122.09,1,-1,-1,-1
123,5400,205.49,208.20,39.11,111.13,1,-1,-1,-1
123,5402,57.35,158.90,70.87,165.03,1,-1,-1,-1
123,5406,122.00,200.00,50.00,122.00,1,-1,-1,-1
124,5396,169.82,200.09,40.35,123.04,1,-1,-1,-1
124,5400,204.96,208.43,38.72,110.73,1,-1,-1,-1
124,5402,50.73,154.41,71.85,169.24,1,-1,-1,-1
124,5406,122.00,200.00,50.00,122.00,1,-1,-1,-1
125,5386,262.51,172.10,56.87,137.78,1,-1,-1,-1
125,5388,304.59,178.20,52.85,135.81,1,-1,-1,-1
125,5396,171.38,196.06,42.22,129.71,1,-1,-1,-1
125,5400,194.37,205.87,39.79,114.47,1,-1,-1,-1
125,5402,42.78,150.56,74.44,175.34,1,-1,-1,-1
125,5407,94.00,204.00,40.00,126.00,1,-1,-1,-1
126,5386,258.20,171.84,57.42,139.70,1,-1,-1,-1
126,5388,301.58,177.87,52.91,134.86,1,-1,-1,-1
126,5396,173.36,194.51,42.71,133.50,1,-1,-1,-1
126,5400,190.62,202.32,41.02,119.71,1,-1,-1,-1
126,5402,24.02,150.64,74.33,178.88,1,-1,-1,-1
126,5403,550.09,207.77,42.00,115.62,1,-1,-1,-1
126,5407,93.47,202.29,41.06,129.43,1,-1,-1,-1
126,5408,136.00,190.00,38.00,142.00,1,-1,-1,-1
127,5386,255.75,170.45,58.19,141.66,1,-1,-1,-1
127,5388,301.30,175.15,54.01,138.45,1,-1,-1,-1
127,5396,175.60,193.92,42.54,133.65,1,-1,-1,-1
127,5400,189.10,202.58,41.53,121.19,1,-1,-1,-1
127,5402,9.05,147.68,76.63,185.57,1,-1,-1,-1
127,5403,551.74,209.98,41.58,114.46,1,-1,-1,-1
127,5407,92.20,203.48,40.64,128.52,1,-1,-1,-1
128,5386,254.88,169.94,58.44,142.38,1,-1,-1,-1
128,5388,301.32,174.14,54.25,139.77,1,-1,-1,-1
128,5396,176.55,193.71,42.33,133.60,1,-1,-1,-1
128,5402,3.67,146.59,77.20,188.04,1,-1,-1,-1
128,5407,91.83,203.92,40.36,128.15,1,-1,-1,-1
129,5386,255.82,172.33,57.44,138.75,1,-1,-1,-1
129,5388,301.25,175.07,52.09,133.79,1,-1,-1,-1
129,5396,174.64,192.36,44.23,139.91,1,-1,-1,-1
129,5402,-2.75,139.93,81.42,198.98,1,-1,-1,-1
129,5407,101.27,185.23,47.26,149.75,1,-1,-1,-1
130,5386,255.62,170.68,57.04,139.90,1,-1,-1,-1
130,5388,302.81,172.83,50.96,134.05,1,-1,-1,-1
130,5396,172.50,191.86,45.23,143.55,1,-1,-1,-1
130,5400,186.09,198.74,43.29,127.67,1,-1,-1,-1
130,5402,-4.18,133.63,81.14,198.15,1,-1,-1,-1
130,5407,103.68,180.27,49.76,156.99,1,-1,-1,-1
131,5386,254.30,171.36,56.87,140.31,1,-1,-1,-1
131,5388,304.73,175.93,49.25,131.53,1,-1,-1,-1
131,5396,171.10,195.49,44.18,139.83,1,-1,-1,-1
131,5400,187.66,200.89,42.41,125.77,1,-1,-1,-1
131,5402,-12.48,129.86,83.43,203.75,1,-1,-1,-1
131,5407,105.77,175.73,51.56,162.67,1,-1,-1,-1
131,5409,50.00,214.00,56.00,140.00,1,-1,-1,-1
132,5386,252.22,171.64,57.50,141.73,1,-1,-1,-1
132,5388,305.86,175.83,49.26,133.19,1,-1,-1,-1
132,5396,167.27,191.80,46.42,145.97,1,-1,-1,-1
132,5400,189.43,200.34,42.28,127.70,1,-1,-1,-1
132,5409,41.89,198.57,63.64,158.86,1,-1,-1,-1
133,5386,252.00,171.75,57.98,143.54,1,-1,-1,-1
133,5388,307.02,174.50,49.18,136.40,1,-1,-1,-1
133,5396,165.74,191.69,47.43,148.25,1,-1,-1,-1
133,5400,189.02,198.85,43.11,132.26,1,-1,-1,-1
133,5407,93.62,152.73,48.48,147.26,1,-1,-1,-1
134,5386,252.15,173.10,56.51,140.33,1,-1,-1,-1
134,5388,318.98,175.30,46.87,131.15,1,-1,-1,-1
134,5396,164.39,190.39,48.06,151.62,1,-1,-1,-1
134,5400,191.25,198.28,42.52,132.70,1,-1,-1,-1
134,5407,86.55,147.61,54.69,159.99,1,-1,-1,-1
135,5386,251.66,171.02,57.17,142.97,1,-1,-1,-1
135,5388,324.18,174.32,46.37,131.71,1,-1,-1,-1
135,5396,162.71,189.90,48.10,151.58,1,-1,-1,-1
135,5400,190.51,198.15,43.02,134.26,1,-1,-1,-1
135,5407,79.91,143.16,54.08,149.76,1,-1,-1,-1
135,5410,312.00,172.00,40.00,140.00,1,-1,-1,-1
136,5386,251.44,170.25,57.56,142.64,1,-1,-1,-1
136,5388,314.29,172.66,47.58,135.84,1,-1,-1,-1
136,5396,160.30,180.74,51.63,161.74,1,-1,-1,-1
136,5402,-4.83,178.24,80.03,197.91,1,-1,-1,-1
136,5407,78.96,137.35,54.92,152.10,1,-1,-1,-1
137,5386,252.00,168.66,57.82,143.79,1,-1,-1,-1
137,5388,313.62,172.12,47.73,136.27,1,-1,-1,-1
137,5396,158.47,173.51,54.81,173.11,1,-1,-1,-1
137,5402,-10.12,178.62,81.45,201.41,1,-1,-1,-1
138,5386,252.31,168.07,57.80,144.20,1,-1,-1,-1
138,5396,157.88,170.66,55.81,177.56,1,-1,-1,-1
139,5386,250.22,173.05,53.18,135.25,1,-1,-1,-1
139,5388,309.61,178.48,46.23,131.21,1,-1,-1,-1
139,5396,155.25,179.67,56.00,177.97,1,-1,-1,-1
139,5411,16.00,128.00,120.00,280.00,1,-1,-1,-1
140,5386,250.10,172.35,54.12,138.39,1,-1,-1,-1
140,5388,320.65,178.17,44.52,126.25,1,-1,-1,-1
140,5396,153.41,175.66,58.96,189.47,1,-1,-1,-1
140,5411,15.91,112.57,125.32,293.71,1,-1,-1,-1
141,5386,248.87,172.10,54.25,138.21,1,-1,-1,-1
141,5388,320.82,178.21,44.35,125.77,1,-1,-1,-1
141,5396,152.22,174.37,60.24,193.56,1,-1,-1,-1
141,5411,-5.23,110.00,130.20,307.77,1,-1,-1,-1
142,5386,249.48,172.00,54.83,139.44,1,-1,-1,-1
142,5388,323.87,181.18,44.54,122.72,1,-1,-1,-1
142,5399,102.15,144.45,93.00,254.94,1,-1,-1,-1
142,5411,-19.96,100.66,140.79,336.95,1,-1,-1,-1
143,5386,248.13,170.67,56.99,143.81,1,-1,-1,-1
143,5388,322.91,177.76,47.86,127.43,1,-1,-1,-1
143,5399,94.63,141.98,93.66,261.83,1,-1,-1,-1
143,5411,-29.41,96.17,146.06,349.57,1,-1,-1,-1
144,5386,247.52,170.17,58.03,145.45,1,-1,-1,-1
144,5388,322.15,176.59,49.88,129.04,1,-1,-1,-1
144,5399,91.52,140.99,93.33,264.61,1,-1,-1,-1
145,5386,246.45,169.98,58.89,147.36,1,-1,-1,-1
145,5388,322.54,176.43,49.87,129.01,1,-1,-1,-1
145,5399,85.88,138.53,95.66,271.21,1,-1,-1,-1
146,5386,246.04,169.91,59.25,148.07,1,-1,-1,-1
147,5386,245.21,168.60,58.21,147.02,1,-1,-1,-1
147,5399,55.16,118.20,112.86,315.52,1,-1,-1,-1
148,5386,245.08,168.10,57.49,146.59,1,-1,-1,-1
148,5399,48.99,114.45,117.01,323.71,1,-1,-1,-1
149,5386,247.37,167.92,57.79,149.01,1,-1,-1,-1
149,5388,328.08,174.17,54.50,138.93,1,-1,-1,-1
149,5399,24.23,99.35,132.38,354.16,1,-1,-1,-1
150,5386,248.43,167.86,57.55,149.91,1,-1,-1,-1
150,5388,328.30,173.96,55.53,139.89,1,-1,-1,-1
150,5399,13.55,93.48,140.45,366.00,1,-1,-1,-1
151,5386,250.06,170.44,55.04,145.05,1,-1,-1,-1
151,5388,333.06,175.18,54.32,138.94,1,-1,-1,-1
151,5399,0.28,70.12,150.70,402.81,1,-1,-1,-1
151,5400,300.81,180.34,43.28,132.58,1,-1,-1,-1
151,5412,178.00,202.00,26.00,72.00,1,-1,-1,-1
152,5386,251.73,172.77,52.04,137.87,1,-1,-1,-1
152,5388,334.36,176.96,52.22,134.65,1,-1,-1,-1
152,5399,-8.18,37.81,161.25,440.39,1,-1,-1,-1
152,5400,305.50,179.85,43.35,130.78,1,-1,-1,-1
152,5412,181.47,200.29,25.92,72.00,1,-1,-1,-1
153,5386,249.91,173.65,51.82,137.82,1,-1,-1,-1
153,5388,333.40,176.33,54.24,138.24,1,-1,-1,-1
153,5396,123.77,192.57,31.55,105.83,1,-1,-1,-1
153,5399,-16.68,21.04,162.45,458.00,1,-1,-1,-1
153,5400,310.63,179.00,43.39,130.89,1,-1,-1,-1
154,5386,246.80,171.33,52.73,141.76,1,-1,-1,-1
154,5388,334.27,176.27,54.45,138.76,1,-1,-1,-1
154,5396,116.51,197.40,26.92,93.31,1,-1,-1,-1
154,5399,-20.32,26.61,156.13,453.83,1,-1,-1,-1
154,5400,307.35,196.81,42.29,120.83,1,-1,-1,-1
154,5413,180.00,198.00,26.00,88.00,1,-1,-1,-1
155,5386,244.71,171.76,52.33,141.94,1,-1,-1,-1
155,5396,116.46,210.15,22.51,76.28,1,-1,-1,-1
155,5399,-27.87,20.82,159.90,464.79,1,-1,-1,-1
155,5400,306.82,199.36,43.82,119.97,1,-1,-1,-1
155,5413,180.11,204.86,24.06,81.14,1,-1,-1,-1
156,5386,243.90,171.79,52.36,142.00,1,-1,-1,-1
156,5396,114.55,213.75,20.48,69.41,1,-1,-1,-1
156,5399,-27.99,73.27,131.98,405.14,1,-1,-1,-1
156,5400,303.79,197.51,46.00,123.71,1,-1,-1,-1
157,5399,-35.28,70.55,134.33,412.37,1,-1,-1,-1
157,5400,303.69,196.82,48.61,129.03,1,-1,-1,-1
157,5414,176.00,206.00,34.00,86.00,1,-1,-1,-1
158,5400,302.78,195.24,51.16,133.64,1,-1,-1,-1
158,5414,174.83,204.29,34.62,87.71,1,-1,-1,-1
159,5386,253.86,189.50,50.97,138.52,1,-1,-1,-1
159,5400,303.64,197.19,52.13,134.12,1,-1,-1,-1
159,5414,173.96,204.00,34.60,88.00,1,-1,-1,-1
160,5386,251.98,180.68,51.60,139.46,1,-1,-1,-1
160,5400,305.51,199.23,50.52,129.07,1,-1,-1,-1
160,5414,172.43,195.07,38.54,98.41,1,-1,-1,-1
161,5386,251.99,181.23,51.55,139.34,1,-1,-1,-1
161,5396,115.59,198.22,28.55,91.62,1,-1,-1,-1
161,5400,307.86,199.97,50.58,129.23,1,-1,-1,-1
161,5414,172.24,192.06,39.24,100.55,1,-1,-1,-1
162,5386,251.41,175.77,51.52,139.82,1,-1,-1,-1
162,5396,115.02,197.68,29.62,91.07,1,-1,-1,-1
162,5414,167.56,189.73,39.21,101.14,1,-1,-1,-1
163,5386,253.30,175.93,50.14,135.90,1,-1,-1,-1
163,5396,112.51,189.96,34.68,103.30,1,-1,-1,-1
163,5414,169.49,190.36,38.59,99.86,1,-1,-1,-1
164,5386,253.33,175.99,50.94,137.15,1,-1,-1,-1
164,5396,111.85,188.21,37.24,109.25,1,-1,-1,-1
164,5414,168.69,197.47,36.09,93.86,1,-1,-1,-1
165,5386,255.53,176.01,50.79,136.31,1,-1,-1,-1
165,5396,108.90,187.54,38.69,110.41,1,-1,-1,-1
165,5414,170.40,196.17,38.05,98.33,1,-1,-1,-1
166,5386,256.32,176.01,50.81,136.00,1,-1,-1,-1
166,5396,107.49,187.32,39.72,110.81,1,-1,-1,-1
166,5414,170.93,195.73,38.89,99.89,1,-1,-1,-1
167,5386,260.57,177.33,49.45,131.96,1,-1,-1,-1
167,5396,104.70,180.90,43.34,119.83,1,-1,-1,-1
167,5414,169.12,187.72,43.25,110.94,1,-1,-1,-1
168,5386,262.13,177.82,49.01,130.43,1,-1,-1,-1
168,5396,103.54,178.47,44.92,123.25,1,-1,-1,-1
168,5414,168.43,184.73,44.92,115.05,1,-1,-1,-1
169,5386,261.75,178.00,48.08,127.25,1,-1,-1,-1
169,5396,103.49,173.77,47.26,128.34,1,-1,-1,-1
169,5414,166.33,183.59,46.68,117.89,1,-1,-1,-1
170,5386,261.51,178.06,47.88,126.09,1,-1,-1,-1
170,5396,103.36,171.95,48.41,130.29,1,-1,-1,-1
170,5414,165.34,183.21,47.71,118.93,1,-1,-1,-1
171,5386,258.98,178.08,50.00,129.66,1,-1,-1,-1
171,5388,317.21,172.05,54.61,144.05,1,-1,-1,-1
171,5396,98.36,171.29,48.67,129.73,1,-1,-1,-1
171,5414,162.85,185.68,47.19,116.68,1,-1,-1,-1
172,5386,257.83,178.08,51.21,131.00,1,-1,-1,-1
172,5388,317.28,171.95,53.37,144.12,1,-1,-1,-1
172,5396,96.30,171.09,48.96,129.43,1,-1,-1,-1
172,5414,161.81,186.72,47.14,115.69,1,-1,-1,-1
173,5386,258.09,178.22,51.07,130.63,1,-1,-1,-1
173,5388,316.06,171.91,52.80,142.84,1,-1,-1,-1
173,5396,95.28,169.39,49.74,131.48,1,-1,-1,-1
173,5414,163.68,188.45,45.19,111.36,1,-1,-1,-1
174,5388,315.65,171.91,52.55,142.35,1,-1,-1,-1
174,5414,164.49,189.17,44.31,109.61,1,-1,-1,-1
175,5388,314.94,171.73,52.59,142.47,1,-1,-1,-1
175,5414,160.95,185.53,46.43,114.16,1,-1,-1,-1
176,5414,159.56,184.18,47.37,115.84,1,-1,-1,-1
177,5396,62.87,163.84,57.11,143.50,1,-1,-1,-1
177,5414,158.77,183.15,47.95,117.25,1,-1,-1,-1
178,5396,49.80,156.77,62.54,155.22,1,-1,-1,-1
178,5399,101.25,165.54,46.33,146.77,1,-1,-1,-1
178,5414,159.09,180.50,48.97,121.20,1,-1,-1,-1
179,5388,265.31,175.53,53.10,136.66,1,-1,-1,-1
179,5396,40.75,149.27,67.12,165.58,1,-1,-1,-1
179,5399,106.08,169.22,43.06,136.41,1,-1,-1,-1
179,5414,159.80,179.77,49.14,123.59,1,-1,-1,-1
180,5388,260.96,175.72,52.95,136.27,1,-1,-1,-1
180,5396,35.48,146.34,69.90,173.37,1,-1,-1,-1
180,5399,109.90,168.14,44.14,143.48,1,-1,-1,-1
180,5414,162.30,179.51,48.60,125.74,1,-1,-1,-1
181,5396,31.53,143.94,71.41,177.10,1,-1,-1,-1
181,5399,106.69,165.63,44.42,149.82,1,-1,-1,-1
181,5414,162.03,180.72,47.03,125.24,1,-1,-1,-1
182,5399,105.75,164.64,43.94,152.32,1,-1,-1,-1
182,5414,162.28,181.24,45.70,124.99,1,-1,-1,-1
183,5388,261.09,174.26,56.05,141.23,1,-1,-1,-1
183,5396,13.22,141.44,74.60,188.93,1,-1,-1,-1
183,5399,101.97,161.36,43.34,154.77,1,-1,-1,-1
183,5414,161.84,180.46,46.21,126.39,1,-1,-1,-1
184,5388,260.77,174.09,57.14,141.79,1,-1,-1,-1
184,5396,10.49,141.01,74.11,191.03,1,-1,-1,-1
184,5399,100.95,160.21,42.55,155.65,1,-1,-1,-1
185,5386,291.14,168.27,54.23,143.60,1,-1,-1,-1
185,5388,261.87,176.65,55.11,136.75,1,-1,-1,-1
185,5396,4.69,138.31,72.10,182.87,1,-1,-1,-1
185,5399,88.07,151.55,48.05,168.39,1,-1,-1,-1
186,5386,292.79,170.54,53.31,142.76,1,-1,-1,-1
186,5388,262.47,176.30,55.55,136.15,1,-1,-1,-1
186,5396,0.11,136.13,73.32,185.96,1,-1,-1,-1
186,5399,81.53,147.16,51.32,167.65,1,-1,-1,-1
187,5386,296.18,168.78,52.53,143.75,1,-1,-1,-1
187,5388,261.93,177.48,54.73,132.00,1,-1,-1,-1
187,5399,77.59,137.57,58.33,191.20,1,-1,-1,-1
188,5386,300.80,170.71,50.63,140.23,1,-1,-1,-1
188,5388,261.30,177.91,54.12,129.11,1,-1,-1,-1
188,5399,74.55,136.58,59.00,190.96,1,-1,-1,-1
189,5386,302.94,170.46,50.71,140.46,1,-1,-1,-1
189,5388,258.76,178.07,56.01,132.05,1,-1,-1,-1
189,5399,71.26,133.44,60.31,195.19,1,-1,-1,-1
189,5414,127.99,146.32,71.20,191.54,1,-1,-1,-1
190,5388,257.86,176.81,59.34,139.68,1,-1,-1,-1
190,5399,59.76,130.07,63.17,199.86,1,-1,-1,-1
190,5414,121.60,140.25,74.86,198.67,1,-1,-1,-1
191,5388,256.15,175.05,59.56,141.27,1,-1,-1,-1
191,5399,51.22,125.00,67.03,207.99,1,-1,-1,-1
191,5414,109.79,137.75,84.80,224.96,1,-1,-1,-1
192,5386,298.36,178.70,54.02,148.88,1,-1,-1,-1
192,5388,256.33,175.65,58.07,139.29,1,-1,-1,-1
192,5399,30.96,120.61,78.51,231.35,1,-1,-1,-1
192,5414,106.19,133.14,92.65,247.37,1,-1,-1,-1
192,5415,318.00,200.00,58.00,122.00,1,-1,-1,-1
193,5386,294.65,174.40,57.94,153.89,1,-1,-1,-1
193,5388,259.57,173.27,60.45,143.74,1,-1,-1,-1
193,5399,12.73,109.04,89.02,258.83,1,-1,-1,-1
193,5414,97.36,131.28,97.36,260.20,1,-1,-1,-1
193,5415,317.28,196.57,61.15,128.86,1,-1,-1,-1
194,5386,291.50,174.17,60.45,154.37,1,-1,-1,-1
194,5388,259.18,174.96,59.43,141.53,1,-1,-1,-1
194,5399,4.24,101.96,95.63,275.98,1,-1,-1,-1
194,5414,91.09,129.37,100.92,270.24,1,-1,-1,-1
195,5386,312.86,185.69,56.17,141.62,1,-1,-1,-1
195,5388,259.94,173.01,59.91,143.26,1,-1,-1,-1
195,5399,-2.56,96.67,99.07,287.81,1,-1,-1,-1
195,5414,87.35,127.43,104.84,284.03,1,-1,-1,-1
196,5386,319.33,186.21,55.60,139.20,1,-1,-1,-1
196,5388,263.56,174.88,54.77,130.93,1,-1,-1,-1
196,5399,-8.06,90.91,97.54,288.67,1,-1,-1,-1
196,5414,81.04,123.00,111.18,302.99,1,-1,-1,-1
197,5386,319.30,183.75,54.71,135.70,1,-1,-1,-1
197,5388,280.05,172.93,56.41,136.82,1,-1,-1,-1
197,5399,-14.60,86.56,100.27,296.74,1,-1,-1,-1
197,5414,72.36,107.75,118.73,322.76,1,-1,-1,-1
198,5386,321.27,185.44,55.51,137.05,1,-1,-1,-1
198,5388,281.03,172.73,56.40,136.79,1,-1,-1,-1
198,5414,48.83,90.58,129.93,349.03,1,-1,-1,-1
199,5386,321.34,189.98,55.71,136.25,1,-1,-1,-1
199,5414,34.87,72.70,142.27,381.50,1,-1,-1,-1
200,5386,321.14,191.68,56.05,135.96,1,-1,-1,-1
200,5414,29.20,65.51,147.36,394.53,1,-1,-1,-1
201,5386,317.21,188.34,57.17,139.80,1,-1,-1,-1
201,5388,265.44,177.27,52.88,129.08,1,-1,-1,-1
201,5414,10.39,42.89,160.35,429.27,1,-1,-1,-1
202,5386,315.83,187.07,57.35,141.24,1,-1,-1,-1
202,5388,263.57,177.84,52.21,128.13,1,-1,-1,-1
202,5414,2.98,33.98,165.47,442.94,1,-1,-1,-1
203,5386,317.02,187.60,57.42,141.40,1,-1,-1,-1
203,5388,264.16,180.68,49.59,122.51,1,-1,-1,-1
203,5414,-12.55,15.61,165.49,454.39,1,-1,-1,-1
204,5388,264.48,181.73,48.47,120.44,1,-1,-1,-1
204,5414,-17.53,8.39,163.19,458.69,1,-1,-1,-1
205,5386,316.65,189.78,54.42,135.29,1,-1,-1,-1
205,5388,263.99,182.28,47.97,119.19,1,-1,-1,-1
205,5414,-24.07,1.78,167.34,470.34,1,-1,-1,-1
206,5386,316.75,190.12,53.58,134.29,1,-1,-1,-1
207,5386,316.66,177.02,56.22,144.53,1,-1,-1,-1
207,5399,32.97,145.90,70.07,202.39,1,-1,-1,-1
207,5416,180.00,204.00,26.00,84.00,1,-1,-1,-1
208,5386,318.27,183.78,53.86,139.30,1,-1,-1,-1
208,5388,266.92,180.43,50.57,123.06,1,-1,-1,-1
208,5399,85.78,159.44,60.66,183.62,1,-1,-1,-1
208,5417,292.00,180.00,58.00,138.00,1,-1,-1,-1
209,5386,319.29,186.54,53.40,138.47,1,-1,-1,-1
209,5388,267.22,180.22,52.27,126.20,1,-1,-1,-1
209,5399,89.37,164.75,61.17,186.07,1,-1,-1,-1
209,5417,296.13,190.29,56.59,134.57,1,-1,-1,-1
209,5418,16.00,146.00,68.00,214.00,1,-1,-1,-1
209,5419,186.00,210.00,22.00,80.00,1,-1,-1,-1
210,5386,321.97,190.19,52.51,135.54,1,-1,-1,-1
210,5388,267.23,180.42,52.18,125.97,1,-1,-1,-1
210,5396,4.15,159.02,75.09,194.85,1,-1,-1,-1
210,5399,89.43,166.42,60.67,186.87,1,-1,-1,-1
210,5419,184.89,206.57,22.50,81.71,1,-1,-1,-1
211,5386,324.09,179.70,53.86,141.02,1,-1,-1,-1
211,5388,268.87,178.60,54.53,132.09,1,-1,-1,-1
211,5396,0.85,135.82,88.18,232.05,1,-1,-1,-1
211,5399,80.94,157.31,67.54,211.92,1,-1,-1,-1
211,5419,184.04,203.02,23.91,86.46,1,-1,-1,-1
211,5420,208.00,204.00,30.00,88.00,1,-1,-1,-1
212,5386,326.70,175.84,54.56,144.33,1,-1,-1,-1
212,5388,269.01,178.63,54.66,132.41,1,-1,-1,-1
212,5396,0.46,134.61,89.54,235.62,1,-1,-1,-1
212,5399,80.30,157.94,66.53,213.08,1,-1,-1,-1
212,5419,181.03,203.29,24.12,86.63,1,-1,-1,-1
212,5420,210.32,205.71,28.78,84.57,1,-1,-1,-1
213,5386,327.26,173.08,54.35,146.89,1,-1,-1,-1
213,5388,277.14,173.54,56.41,139.85,1,-1,-1,-1
213,5399,81.17,158.48,67.42,215.93,1,-1,-1,-1
213,5419,178.96,203.50,24.74,87.98,1,-1,-1,-1
213,5420,210.19,202.95,29.62,87.05,1,-1,-1,-1
214,5386,327.75,172.04,53.65,147.86,1,-1,-1,-1
214,5388,279.40,172.40,55.99,141.56,1,-1,-1,-1
214,5419,178.19,203.62,25.14,88.40,1,-1,-1,-1
214,5420,210.12,202.05,29.91,87.88,1,-1,-1,-1
215,5386,328.03,176.84,51.82,143.03,1,-1,-1,-1
215,5388,281.63,177.14,54.31,137.03,1,-1,-1,-1
215,5419,180.46,206.44,24.39,85.75,1,-1,-1,-1
215,5420,210.24,201.24,30.11,88.46,1,-1,-1,-1
216,5386,328.12,178.75,51.06,141.13,1,-1,-1,-1
216,5388,282.43,179.00,53.70,135.23,1,-1,-1,-1
216,5419,181.36,207.51,24.10,84.71,1,-1,-1,-1
217,5386,329.26,183.41,51.12,140.41,1,-1,-1,-1
217,5388,279.74,178.38,55.47,141.08,1,-1,-1,-1
217,5399,31.49,131.11,86.60,273.17,1,-1,-1,-1
217,5419,182.63,207.89,23.51,82.95,1,-1,-1,-1
218,5386,332.33,175.99,52.37,145.38,1,-1,-1,-1
218,5388,277.28,175.59,55.20,141.96,1,-1,-1,-1
218,5399,12.73,118.28,92.10,292.65,1,-1,-1,-1
218,5419,178.07,203.97,25.24,89.07,1,-1,-1,-1
218,5420,209.35,207.34,29.58,88.16,1,-1,-1,-1
219,5386,333.38,175.46,52.54,145.84,1,-1,-1,-1
219,5388,279.24,175.79,54.36,139.69,1,-1,-1,-1
219,5399,2.27,109.59,94.42,305.11,1,-1,-1,-1
219,5419,175.31,203.86,25.53,89.96,1,-1,-1,-1
219,5420,210.72,206.52,29.45,88.13,1,-1,-1,-1
220,5388,279.97,175.87,54.04,138.78,1,-1,-1,-1
220,5399,-1.44,106.16,94.55,309.93,1,-1,-1,-1
220,5419,174.25,203.84,25.65,90.27,1,-1,-1,-1
220,5420,211.20,206.26,29.34,88.12,1,-1,-1,-1
221,5386,335.95,175.73,50.41,142.81,1,-1,-1,-1
221,5388,282.62,174.60,54.35,139.73,1,-1,-1,-1
221,5399,-10.19,93.54,95.50,324.21,1,-1,-1,-1
221,5419,174.03,205.15,25.39,89.04,1,-1,-1,-1
221,5420,212.54,207.49,29.62,89.44,1,-1,-1,-1
222,5386,336.72,175.78,49.34,142.30,1,-1,-1,-1
222,5388,283.62,174.13,54.44,140.07,1,-1,-1,-1
222,5399,-12.68,88.65,94.14,329.66,1,-1,-1,-1
222,5419,173.96,205.67,25.32,88.55,1,-1,-1,-1
222,5420,213.08,207.94,29.63,89.93,1,-1,-1,-1
223,5386,338.70,171.85,49.49,144.76,1,-1,-1,-1
223,5388,283.12,175.26,53.59,137.59,1,-1,-1,-1
223,5399,-17.96,84.80,96.44,337.72,1,-1,-1,-1
223,5419,172.06,199.29,27.80,97.54,1,-1,-1,-1
223,5420,211.44,197.56,33.30,101.95,1,-1,-1,-1
224,5386,340.90,171.70,49.18,145.67,1,-1,-1,-1
224,5388,283.71,175.12,53.67,137.80,1,-1,-1,-1
224,5419,168.30,199.48,28.51,99.58,1,-1,-1,-1
224,5420,210.21,200.03,33.39,101.34,1,-1,-1,-1
225,5386,342.54,176.87,48.68,142.11,1,-1,-1,-1
225,5388,283.28,177.31,53.99,138.00,1,-1,-1,-1
225,5419,169.27,202.15,27.73,96.50,1,-1,-1,-1
225,5420,208.87,203.70,32.46,97.10,1,-1,-1,-1
226,5386,342.96,178.88,48.82,140.72,1,-1,-1,-1
226,5388,283.16,177.79,54.23,138.07,1,-1,-1,-1
226,5419,169.68,203.24,27.45,95.21,1,-1,-1,-1
226,5420,208.24,205.16,32.30,95.38,1,-1,-1,-1
227,5386,339.52,178.32,50.75,142.83,1,-1,-1,-1
227,5388,282.34,176.66,57.17,143.33,1,-1,-1,-1
227,5419,173.44,201.05,28.03,97.31,1,-1,-1,-1
227,5420,208.64,205.71,32.27,94.71,1,-1,-1,-1
228,5386,337.89,178.11,52.10,143.62,1,-1,-1,-1
228,5388,281.79,176.23,58.73,145.28,1,-1,-1,-1
228,5419,174.87,200.23,28.23,98.08,1,-1,-1,-1
228,5420,208.74,205.91,32.36,94.44,1,-1,-1,-1
229,5386,338.97,174.12,54.38,149.13,1,-1,-1,-1
229,5388,280.80,174.78,59.57,147.31,1,-1,-1,-1
229,5419,174.78,196.05,29.61,102.23,1,-1,-1,-1
229,5420,207.04,202.07,33.26,96.94,1,-1,-1,-1
229,5421,118.00,192.00,30.00,100.00,1,-1,-1,-1
230,5386,339.68,171.34,54.59,149.92,1,-1,-1,-1
230,5388,282.14,172.93,59.01,145.48,1,-1,-1,-1
230,5419,174.15,195.74,30.05,103.79,1,-1,-1,-1
230,5420,206.73,195.44,35.52,104.33,1,-1,-1,-1
230,5421,118.75,200.57,28.49,94.86,1,-1,-1,-1
231,5386,339.60,168.97,54.04,148.90,1,-1,-1,-1
231,5388,282.82,172.22,58.42,143.44,1,-1,-1,-1
231,5419,173.89,196.94,30.27,103.07,1,-1,-1,-1
231,5420,203.26,192.94,36.77,108.39,1,-1,-1,-1
231,5421,114.27,197.40,29.79,98.60,1,-1,-1,-1
232,5386,339.04,169.38,53.53,148.49,1,-1,-1,-1
232,5388,282.79,170.65,58.76,143.95,1,-1,-1,-1
232,5419,170.19,188.36,33.66,114.41,1,-1,-1,-1
232,5420,204.27,189.43,37.55,112.51,1,-1,-1,-1
232,5421,109.90,193.39,31.71,104.23,1,-1,-1,-1
232,5422,136.00,186.00,36.00,116.00,1,-1,-1,-1
233,5386,339.85,170.87,52.54,147.02,1,-1,-1,-1
233,5388,282.18,171.37,58.76,144.13,1,-1,-1,-1
233,5419,170.91,186.43,34.47,117.36,1,-1,-1,-1
233,5420,203.86,188.21,38.13,114.24,1,-1,-1,-1
233,5421,105.44,190.60,32.77,107.55,1,-1,-1,-1
234,5386,340.26,171.45,51.93,146.44,1,-1,-1,-1
234,5388,281.95,171.66,58.71,144.19,1,-1,-1,-1
234,5419,171.26,185.69,34.74,118.49,1,-1,-1,-1
234,5421,103.91,189.66,33.16,108.64,1,-1,-1,-1
235,5386,339.35,171.68,52.49,150.14,1,-1,-1,-1
235,5388,283.15,174.39,58.72,145.50,1,-1,-1,-1
235,5419,165.83,189.27,33.21,112.50,1,-1,-1,-1
235,5421,99.93,185.32,36.30,118.43,1,-1,-1,-1
236,5386,339.21,171.78,52.29,151.52,1,-1,-1,-1
236,5388,283.73,175.43,58.45,145.98,1,-1,-1,-1
236,5419,163.65,190.75,32.68,110.02,1,-1,-1,-1
236,5421,98.46,183.75,37.56,121.97,1,-1,-1,-1
237,5386,340.07,171.83,51.65,150.74,1,-1,-1,-1
237,5388,282.38,174.53,58.86,146.15,1,-1,-1,-1
237,5419,159.55,186.10,33.87,115.59,1,-1,-1,-1
237,5421,92.26,179.33,40.39,131.01,1,-1,-1,-1
238,5386,340.48,171.85,51.22,150.42,1,-1,-1,-1
238,5388,281.77,174.18,59.19,146.21,1,-1,-1,-1
238,5419,158.18,184.39,34.04,117.65,1,-1,-1,-1
238,5421,89.92,177.67,41.49,134.42,1,-1,-1,-1
239,5386,337.90,170.57,52.58,152.89,1,-1,-1,-1
239,5388,281.87,174.14,59.35,146.61,1,-1,-1,-1
239,5419,156.73,182.46,34.69,120.97,1,-1,-1,-1
239,5421,80.43,173.26,43.87,139.45,1,-1,-1,-1
240,5386,336.78,170.09,53.38,153.81,1,-1,-1,-1
240,5419,156.29,181.75,34.76,122.22,1,-1,-1,-1
240,5421,76.55,171.59,45.26,141.32,1,-1,-1,-1
241,5386,334.57,171.21,53.36,152.85,1,-1,-1,-1
241,5388,281.80,170.68,63.69,156.22,1,-1,-1,-1
241,5419,153.64,189.21,37.25,130.35,1,-1,-1,-1
241,5421,67.94,171.01,46.09,144.46,1,-1,-1,-1
241,5423,104.00,180.00,26.00,128.00,1,-1,-1,-1
242,5386,332.32,172.96,54.84,153.76,1,-1,-1,-1
242,5388,283.28,171.44,65.37,157.77,1,-1,-1,-1
242,5419,152.34,181.99,41.30,139.73,1,-1,-1,-1
242,5421,61.47,168.30,47.70,150.68,1,-1,-1,-1
243,5386,332.30,174.92,55.05,152.80,1,-1,-1,-1
243,5388,286.47,176.89,67.13,155.74,1,-1,-1,-1
243,5419,149.51,182.89,43.84,143.39,1,-1,-1,-1
243,5421,55.55,167.29,48.95,154.28,1,-1,-1,-1
244,5386,332.16,175.67,55.41,152.41,1,-1,-1,-1
244,5388,287.06,178.99,69.04,154.92,1,-1,-1,-1
244,5419,148.03,183.29,45.60,144.78,1,-1,-1,-1
244,5421,53.30,166.96,49.46,155.58,1,-1,-1,-1
245,5386,331.90,175.87,55.53,152.72,1,-1,-1,-1
245,5388,287.72,179.37,69.38,155.68,1,-1,-1,-1
245,5419,136.89,179.65,49.65,155.42,1,-1,-1,-1
245,5421,39.91,170.73,48.11,150.86,1,-1,-1,-1
246,5419,132.43,178.27,51.60,159.47,1,-1,-1,-1
246,5421,34.77,172.31,47.59,148.82,1,-1,-1,-1
247,5419,130.03,168.92,54.95,168.57,1,-1,-1,-1
247,5420,206.53,195.29,46.44,138.01,1,-1,-1,-1
247,5421,22.05,165.17,51.01,160.93,1,-1,-1,-1
247,5424,90.00,166.00,56.00,164.00,1,-1,-1,-1
248,5419,126.30,166.53,53.14,162.08,1,-1,-1,-1
248,5420,205.22,197.12,45.52,137.19,1,-1,-1,-1
248,5421,7.43,160.00,51.97,167.94,1,-1,-1,-1
248,5424,89.71,162.57,56.57,165.71,1,-1,-1,-1
249,5419,99.08,159.18,57.54,177.26,1,-1,-1,-1
249,5420,201.65,192.53,47.60,146.06,1,-1,-1,-1
249,5421,-0.40,156.72,54.06,176.96,1,-1,-1,-1
249,5424,70.26,159.01,59.60,174.97,1,-1,-1,-1
250,5386,334.92,174.22,51.79,144.81,1,-1,-1,-1
250,5388,278.68,172.77,67.21,152.62,1,-1,-1,-1
250,5419,93.29,156.46,59.33,185.38,1,-1,-1,-1
250,5420,198.00,185.77,50.49,156.92,1,-1,-1,-1
250,5421,-1.30,160.49,51.99,171.65,1,-1,-1,-1
250,5424,56.37,153.52,65.22,192.47,1,-1,-1,-1
251,5386,335.92,175.47,50.02,141.33,1,-1,-1,-1
251,5388,277.82,172.17,65.65,150.89,1,-1,-1,-1
251,5419,94.51,155.41,59.38,188.55,1,-1,-1,-1
251,5420,195.21,181.87,51.83,161.15,1,-1,-1,-1
251,5421,-3.74,156.98,52.05,173.13,1,-1,-1,-1
251,5424,49.20,148.90,68.01,201.32,1,-1,-1,-1
252,5386,336.01,175.58,49.79,140.69,1,-1,-1,-1
252,5388,277.02,173.29,66.19,152.98,1,-1,-1,-1
252,5419,88.64,147.48,66.03,207.38,1,-1,-1,-1
252,5420,193.27,180.32,52.75,161.49,1,-1,-1,-1
252,5421,-9.54,155.12,53.07,176.51,1,-1,-1,-1
252,5424,40.82,145.77,70.62,209.04,1,-1,-1,-1
253,5388,277.21,173.71,64.13,148.54,1,-1,-1,-1
253,5419,86.01,148.13,65.64,208.45,1,-1,-1,-1
253,5420,190.32,181.02,53.68,161.52,1,-1,-1,-1
253,5425,500.00,368.00,140.00,110.00,1,-1,-1,-1
254,5388,277.34,173.87,63.27,146.81,1,-1,-1,-1
254,5419,85.28,148.51,65.05,208.66,1,-1,-1,-1
254,5420,188.98,181.32,54.44,161.45,1,-1,-1,-1
254,5425,500.00,368.00,140.00,110.00,1,-1,-1,-1
255,5386,327.38,174.22,49.51,141.63,1,-1,-1,-1
255,5388,280.27,172.62,62.46,146.18,1,-1,-1,-1
255,5419,81.09,155.08,63.90,207.33,1,-1,-1,-1
255,5420,182.49,176.32,56.43,167.78,1,-1,-1,-1
255,5424,10.92,144.90,70.41,207.22,1,-1,-1,-1
256,5386,328.13,174.06,48.69,140.39,1,-1,-1,-1
256,5388,279.41,170.84,62.15,147.26,1,-1,-1,-1
256,5419,77.39,153.63,65.16,211.43,1,-1,-1,-1
256,5420,181.87,173.16,57.32,170.16,1,-1,-1,-1
256,5424,5.58,135.15,74.76,220.51,1,-1,-1,-1
257,5386,331.98,176.65,46.52,132.05,1,-1,-1,-1
257,5388,279.45,171.49,60.00,142.45,1,-1,-1,-1
257,5420,171.46,168.11,57.62,172.28,1,-1,-1,-1
257,5424,3.64,135.93,75.97,222.24,1,-1,-1,-1
257,5426,500.00,364.00,150.00,112.00,1,-1,-1,-1
258,5386,333.30,177.62,46.01,128.93,1,-1,-1,-1
258,5388,279.50,171.75,59.13,140.61,1,-1,-1,-1
258,5420,167.55,166.19,57.51,173.03,1,-1,-1,-1
258,5424,3.04,136.35,76.71,222.69,1,-1,-1,-1
258,5426,500.00,364.00,150.00,112.00,1,-1,-1,-1
259,5386,332.06,172.62,49.28,138.53,1,-1,-1,-1
259,5388,278.75,173.17,59.04,141.28,1,-1,-1,-1
259,5420,161.99,164.21,60.52,184.81,1,-1,-1,-1
259,5424,25.74,131.42,74.47,217.47,1,-1,-1,-1
260,5386,330.82,187.57,48.18,136.81,1,-1,-1,-1
260,5388,280.38,182.90,59.15,144.17,1,-1,-1,-1
260,5420,162.07,168.50,59.82,182.96,1,-1,-1,-1
260,5424,36.13,129.60,70.96,207.37,1,-1,-1,-1
261,5386,328.74,192.20,48.30,138.77,1,-1,-1,-1
261,5388,282.68,183.94,59.74,147.87,1,-1,-1,-1
261,5420,156.05,166.46,62.84,193.62,1,-1,-1,-1
261,5424,23.60,130.36,71.05,205.99,1,-1,-1,-1
261,5427,272.00,180.00,50.00,128.00,1,-1,-1,-1
262,5386,325.87,195.20,47.34,135.60,1,-1,-1,-1
262,5388,282.55,180.42,56.79,141.52,1,-1,-1,-1
262,5420,151.26,161.92,66.51,207.72,1,-1,-1,-1
262,5424,16.30,126.75,72.67,206.74,1,-1,-1,-1
263,5386,325.50,196.29,46.87,133.07,1,-1,-1,-1
263,5388,282.62,180.96,56.60,141.04,1,-1,-1,-1
263,5419,2.67,127.25,89.04,290.14,1,-1,-1,-1
263,5420,149.51,160.16,67.78,214.45,1,-1,-1,-1
263,5424,12.25,124.44,73.38,208.75,1,-1,-1,-1
264,5386,325.28,196.64,46.90,132.15,1,-1,-1,-1
264,5419,-1.99,125.57,90.28,295.18,1,-1,-1,-1
264,5420,149.12,159.49,67.79,217.04,1,-1,-1,-1
265,5386,326.37,182.23,49.89,142.36,1,-1,-1,-1
265,5388,281.48,171.91,59.00,150.11,1,-1,-1,-1
265,5419,-8.46,123.22,92.39,302.10,1,-1,-1,-1
265,5420,145.77,156.74,67.98,216.65,1,-1,-1,-1
266,5386,327.36,180.79,48.52,139.71,1,-1,-1,-1
266,5388,282.07,174.50,56.51,144.88,1,-1,-1,-1
266,5420,143.11,155.19,69.20,220.57,1,-1,-1,-1
267,5386,323.75,176.29,49.50,143.86,1,-1,-1,-1
267,5388,273.57,174.14,54.53,141.63,1,-1,-1,-1
267,5420,137.25,147.91,78.84,251.13,1,-1,-1,-1
268,5386,303.72,177.20,49.83,144.12,1,-1,-1,-1
268,5388,269.60,179.28,51.51,135.15,1,-1,-1,-1
268,5420,131.37,145.98,82.03,260.09,1,-1,-1,-1
268,5428,320.00,182.00,46.00,150.00,1,-1,-1,-1
269,5386,296.63,174.97,52.55,150.69,1,-1,-1,-1
269,5388,266.70,177.21,54.63,143.42,1,-1,-1,-1
269,5420,128.83,144.01,83.79,264.77,1,-1,-1,-1
269,5428,320.58,180.29,46.55,151.71,1,-1,-1,-1
270,5386,292.60,175.42,52.55,146.76,1,-1,-1,-1
270,5388,265.89,176.48,55.29,143.78,1,-1,-1,-1
270,5420,125.15,140.76,84.90,267.72,1,-1,-1,-1
270,5428,320.98,184.48,44.54,144.53,1,-1,-1,-1
271,5386,289.87,174.93,52.75,147.33,1,-1,-1,-1
271,5388,264.69,174.88,53.51,138.72,1,-1,-1,-1
271,5420,120.50,135.73,85.52,269.99,1,-1,-1,-1
271,5428,320.18,178.34,42.68,137.53,1,-1,-1,-1
272,5388,265.14,172.94,53.78,139.41,1,-1,-1,-1
272,5420,113.79,130.01,88.05,279.62,1,-1,-1,-1
272,5428,321.01,177.81,41.43,132.46,1,-1,-1,-1
273,5388,262.75,168.30,56.42,146.23,1,-1,-1,-1
273,5420,105.97,125.31,90.71,287.03,1,-1,-1,-1
273,5428,318.88,174.77,44.41,141.29,1,-1,-1,-1
274,5388,261.87,166.58,57.42,148.77,1,-1,-1,-1
274,5420,102.89,123.52,91.88,289.80,1,-1,-1,-1
274,5428,318.11,173.80,45.56,144.19,1,-1,-1,-1
275,5388,260.70,165.81,57.62,149.29,1,-1,-1,-1
275,5420,91.43,107.63,104.10,326.34,1,-1,-1,-1
275,5428,320.21,172.15,46.68,145.32,1,-1,-1,-1
276,5388,260.07,171.88,56.08,143.85,1,-1,-1,-1
276,5420,71.85,97.92,110.96,346.33,1,-1,-1,-1
276,5428,320.57,171.59,47.97,147.10,1,-1,-1,-1
277,5388,257.72,174.59,55.87,142.61,1,-1,-1,-1
277,5420,61.38,96.49,116.23,355.59,1,-1,-1,-1
277,5428,320.28,172.77,49.28,149.09,1,-1,-1,-1
278,5388,256.84,175.53,55.94,142.18,1,-1,-1,-1
278,5420,56.69,96.04,119.47,359.07,1,-1,-1,-1
278,5428,319.97,173.26,50.17,149.83,1,-1,-1,-1
279,5388,259.08,173.26,56.13,143.33,1,-1,-1,-1
279,5420,33.73,75.76,131.62,386.73,1,-1,-1,-1
279,5428,320.59,173.48,50.33,148.78,1,-1,-1,-1
280,5388,260.02,172.41,56.06,143.77,1,-1,-1,-1
280,5420,24.07,67.97,137.96,397.34,1,-1,-1,-1
280,5428,320.67,173.59,50.68,148.36,1,-1,-1,-1
281,5388,264.17,173.39,53.74,136.11,1,-1,-1,-1
281,5420,4.39,44.89,147.30,426.41,1,-1,-1,-1
281,5428,320.15,168.39,50.58,148.19,1,-1,-1,-1
282,5388,265.65,173.78,53.16,133.15,1,-1,-1,-1
282,5420,-3.04,35.90,150.50,437.69,1,-1,-1,-1
282,5428,319.96,166.45,50.51,148.12,1,-1,-1,-1
283,5388,266.46,172.59,55.06,137.40,1,-1,-1,-1
283,5420,-13.42,11.15,158.11,469.48,1,-1,-1,-1
283,5428,321.58,167.07,51.02,149.41,1,-1,-1,-1
284,5388,266.71,172.16,55.87,138.97,1,-1,-1,-1
284,5420,-16.48,1.50,159.18,481.83,1,-1,-1,-1
284,5428,322.17,167.34,51.26,149.88,1,-1,-1,-1
285,5388,266.44,175.91,55.59,136.97,1,-1,-1,-1
285,5420,-23.88,-5.84,163.17,493.92,1,-1,-1,-1
285,5428,322.93,171.39,50.24,147.44,1,-1,-1,-1
285,5429,524.00,186.00,52.00,152.00,1,-1,-1,-1
286,5388,266.21,177.35,55.75,136.21,1,-1,-1,-1
286,5428,323.25,172.97,49.76,146.50,1,-1,-1,-1
286,5429,524.00,186.00,52.00,152.00,1,-1,-1,-1
287,5388,267.41,176.57,57.16,138.57,1,-1,-1,-1
287,5428,323.59,172.77,49.74,146.43,1,-1,-1,-1
287,5429,539.38,193.51,46.77,136.99,1,-1,-1,-1
288,5388,267.74,176.28,57.94,139.45,1,-1,-1,-1
288,5429,544.53,196.01,44.95,131.99,1,-1,-1,-1
289,5388,272.78,168.34,61.41,150.22,1,-1,-1,-1
289,5429,549.66,198.52,43.24,126.96,1,-1,-1,-1
290,5388,274.95,165.38,62.12,154.23,1,-1,-1,-1
291,5388,275.66,164.62,62.60,155.42,1,-1,-1,-1
295,5388,296.89,169.09,63.84,154.67,1,-1,-1,-1
296,5388,298.49,169.64,65.02,154.47,1,-1,-1,-1
297,5388,300.53,169.45,65.33,155.20,1,-1,-1,-1
303,5388,324.30,171.76,58.38,137.59,1,-1,-1,-1
304,5388,325.54,171.95,58.13,136.23,1,-1,-1,-1
305,5388,332.58,174.68,58.31,134.46,1,-1,-1,-1
305,5428,393.60,183.83,49.35,138.08,1,-1,-1,-1
306,5388,338.17,171.68,60.15,139.17,1,-1,-1,-1
306,5428,397.80,177.08,52.36,143.51,1,-1,-1,-1
307,5388,344.48,170.58,62.61,143.52,1,-1,-1,-1
307,5428,402.55,172.43,55.76,149.07,1,-1,-1,-1
308,5388,346.65,170.16,63.84,145.19,1,-1,-1,-1
308,5428,403.99,170.68,57.60,151.17,1,-1,-1,-1
309,5388,352.19,171.30,65.02,147.12,1,-1,-1,-1
309,5428,407.51,170.04,57.88,151.90,1,-1,-1,-1
310,5388,354.12,171.74,65.62,147.85,1,-1,-1,-1
311,5388,360.07,173.21,65.56,148.12,1,-1,-1,-1
311,5428,422.03,173.12,60.48,157.22,1,-1,-1,-1
312,5388,362.27,173.77,65.45,148.20,1,-1,-1,-1
312,5428,424.25,173.61,61.26,158.09,1,-1,-1,-1
313,5388,368.94,170.07,65.19,149.52,1,-1,-1,-1
313,5428,432.34,171.19,59.89,155.79,1,-1,-1,-1
313,5430,254.00,214.00,24.00,76.00,1,-1,-1,-1
314,5388,373.12,166.07,64.18,148.71,1,-1,-1,-1
314,5428,436.69,170.79,60.18,156.55,1,-1,-1,-1
315,5388,375.46,167.15,62.01,144.47,1,-1,-1,-1
315,5431,250.00,212.00,26.00,78.00,1,-1,-1,-1
316,5388,377.12,167.59,61.99,145.47,1,-1,-1,-1
316,5431,247.41,212.00,26.04,78.00,1,-1,-1,-1
317,5388,380.33,166.45,61.81,147.15,1,-1,-1,-1
317,5428,444.02,166.46,59.82,156.36,1,-1,-1,-1
317,5431,245.21,209.00,28.08,84.00,1,-1,-1,-1
318,5388,383.22,166.03,60.81,146.48,1,-1,-1,-1
318,5428,447.91,165.82,60.04,156.92,1,-1,-1,-1
318,5431,242.75,208.00,29.40,87.43,1,-1,-1,-1
319,5388,386.15,169.80,59.13,143.60,1,-1,-1,-1
319,5428,443.93,164.26,62.03,164.14,1,-1,-1,-1
319,5431,241.94,207.70,29.79,88.56,1,-1,-1,-1
320,5388,387.25,171.25,58.25,142.50,1,-1,-1,-1
320,5428,443.84,163.84,62.01,165.75,1,-1,-1,-1
320,5431,241.71,207.64,29.91,88.83,1,-1,-1,-1
321,5388,388.90,174.41,59.19,144.72,1,-1,-1,-1
321,5428,445.72,176.65,58.08,155.96,1,-1,-1,-1
321,5431,240.64,206.95,30.50,90.61,1,-1,-1,-1
321,5432,280.00,212.00,26.00,78.00,1,-1,-1,-1
322,5388,389.44,175.59,59.56,145.56,1,-1,-1,-1
322,5428,446.35,181.67,56.41,152.09,1,-1,-1,-1
322,5432,280.00,212.00,26.00,78.00,1,-1,-1,-1
323,5388,392.33,170.81,59.33,145.88,1,-1,-1,-1
323,5428,448.52,175.56,58.37,158.60,1,-1,-1,-1
323,5431,241.53,212.79,31.90,95.74,1,-1,-1,-1
323,5432,280.24,212.00,25.52,76.50,1,-1,-1,-1
323,5433,208.00,216.00,34.00,96.00,1,-1,-1,-1
324,5388,392.17,171.59,58.98,144.69,1,-1,-1,-1
324,5428,451.60,170.75,59.64,163.55,1,-1,-1,-1
324,5431,240.02,209.62,34.02,103.32,1,-1,-1,-1
324,5432,281.57,210.50,27.35,81.99,1,-1,-1,-1
324,5433,207.69,210.86,36.33,102.86,1,-1,-1,-1
325,5388,393.63,173.20,56.92,139.00,1,-1,-1,-1
325,5428,455.74,166.31,60.49,165.45,1,-1,-1,-1
325,5431,240.37,207.25,35.55,108.53,1,-1,-1,-1
325,5432,284.37,210.01,27.43,82.40,1,-1,-1,-1
325,5433,206.69,210.00,37.16,105.46,1,-1,-1,-1
326,5388,394.01,173.80,56.25,136.83,1,-1,-1,-1
326,5428,457.22,164.59,60.89,166.16,1,-1,-1,-1
326,5431,240.59,206.31,36.03,110.51,1,-1,-1,-1
326,5432,285.40,209.86,27.38,82.46,1,-1,-1,-1
326,5433,206.39,209.76,37.32,106.30,1,-1,-1,-1
327,5388,395.49,176.66,57.17,137.37,1,-1,-1,-1
327,5428,459.31,166.54,61.72,166.40,1,-1,-1,-1
327,5431,238.38,205.95,36.99,113.75,1,-1,-1,-1
327,5432,286.58,209.83,27.00,81.05,1,-1,-1,-1
327,5433,208.21,209.73,37.80,107.91,1,-1,-1,-1
327,5434,24.00,154.00,54.00,158.00,1,-1,-1,-1
328,5388,395.80,177.72,57.89,137.59,1,-1,-1,-1
328,5428,459.83,167.31,62.39,166.46,1,-1,-1,-1
328,5431,237.57,205.83,37.28,114.94,1,-1,-1,-1
328,5432,286.94,209.84,26.90,80.50,1,-1,-1,-1
328,5433,208.90,209.76,37.89,108.41,1,-1,-1,-1
328,5434,24.00,154.00,54.00,158.00,1,-1,-1,-1
329,5388,400.05,179.41,56.30,129.82,1,-1,-1,-1
329,5428,466.48,171.52,62.57,166.45,1,-1,-1,-1
329,5431,234.95,201.95,39.45,120.42,1,-1,-1,-1
329,5432,287.89,209.55,27.01,80.84,1,-1,-1,-1
329,5433,209.13,209.33,38.33,109.68,1,-1,-1,-1
329,5434,21.50,144.99,59.01,171.51,1,-1,-1,-1
330,5388,401.81,178.68,55.23,125.53,1,-1,-1,-1
330,5428,468.55,173.13,62.12,166.43,1,-1,-1,-1
330,5431,231.71,194.15,43.50,131.34,1,-1,-1,-1
330,5434,17.51,147.68,58.45,168.90,1,-1,-1,-1
331,5388,401.85,175.72,55.90,126.69,1,-1,-1,-1
331,5428,470.52,169.84,60.69,163.79,1,-1,-1,-1
331,5431,229.43,183.67,47.10,140.53,1,-1,-1,-1
331,5434,15.86,146.29,59.31,171.39,1,-1,-1,-1
332,5388,401.77,174.64,56.25,127.14,1,-1,-1,-1
332,5428,471.28,168.58,59.91,162.76,1,-1,-1,-1
332,5431,228.38,179.44,48.85,144.18,1,-1,-1,-1
333,5388,399.56,172.91,57.97,131.30,1,-1,-1,-1
333,5428,469.25,170.73,57.56,155.82,1,-1,-1,-1
333,5431,227.25,177.40,50.18,148.09,1,-1,-1,-1
333,5433,169.88,183.97,46.42,132.52,1,-1,-1,-1
334,5388,399.16,173.57,56.41,127.67,1,-1,-1,-1
334,5428,469.07,171.56,56.57,153.16,1,-1,-1,-1
334,5431,225.57,178.79,48.35,143.13,1,-1,-1,-1
334,5433,162.87,177.78,50.12,142.36,1,-1,-1,-1
334,5434,-0.43,154.92,55.34,161.47,1,-1,-1,-1
335,5388,399.49,175.16,56.02,126.29,1,-1,-1,-1
335,5428,468.47,182.45,54.51,145.58,1,-1,-1,-1
335,5431,224.40,176.96,49.48,146.49,1,-1,-1,-1
335,5433,156.02,177.99,53.73,152.32,1,-1,-1,-1
335,5434,-3.73,155.34,55.35,161.49,1,-1,-1,-1
336,5388,399.51,175.74,56.01,125.80,1,-1,-1,-1
336,5428,467.97,186.54,54.12,142.76,1,-1,-1,-1
336,5433,153.35,178.14,55.19,156.20,1,-1,-1,-1
337,5388,398.80,174.64,56.06,126.96,1,-1,-1,-1
337,5428,468.67,186.65,54.82,144.44,1,-1,-1,-1
337,5431,199.10,172.24,55.27,163.66,1,-1,-1,-1
337,5433,149.05,175.44,56.67,160.38,1,-1,-1,-1
338,5388,398.63,174.23,55.83,127.42,1,-1,-1,-1
338,5428,468.87,186.66,55.12,145.09,1,-1,-1,-1
338,5431,194.84,171.41,56.26,166.61,1,-1,-1,-1
339,5388,396.48,174.07,58.56,134.16,1,-1,-1,-1
339,5428,468.90,190.56,55.24,144.06,1,-1,-1,-1
339,5431,187.49,168.58,60.55,181.63,1,-1,-1,-1
339,5433,125.74,174.84,59.64,172.98,1,-1,-1,-1
340,5388,395.74,174.01,59.45,136.68,1,-1,-1,-1
340,5428,468.74,192.00,55.56,143.70,1,-1,-1,-1
340,5431,184.90,167.50,61.76,187.37,1,-1,-1,-1
340,5433,122.11,174.75,59.11,175.21,1,-1,-1,-1
341,5388,395.92,171.41,58.82,136.36,1,-1,-1,-1
341,5428,466.64,181.95,58.36,151.50,1,-1,-1,-1
341,5431,169.43,159.61,66.20,200.82,1,-1,-1,-1
341,5432,248.37,206.00,31.23,91.86,1,-1,-1,-1
341,5433,116.91,172.51,60.57,179.52,1,-1,-1,-1
342,5388,396.10,170.41,58.32,136.23,1,-1,-1,-1
342,5428,465.92,178.22,59.27,154.39,1,-1,-1,-1
342,5431,163.38,156.53,67.94,206.05,1,-1,-1,-1
342,5432,246.80,205.90,31.75,92.21,1,-1,-1,-1
343,5388,398.09,172.63,56.85,132.27,1,-1,-1,-1
343,5428,467.68,176.76,60.67,155.51,1,-1,-1,-1
343,5431,142.02,152.85,75.31,223.03,1,-1,-1,-1
343,5432,244.73,205.62,32.00,92.94,1,-1,-1,-1
343,5433,90.80,155.08,67.02,196.11,1,-1,-1,-1
344,5388,399.78,172.18,55.73,129.43,1,-1,-1,-1
344,5428,470.17,178.80,61.43,153.34,1,-1,-1,-1
344,5431,133.75,145.26,81.78,238.27,1,-1,-1,-1
344,5433,77.72,146.83,70.89,204.21,1,-1,-1,-1
345,5388,401.93,174.65,54.87,127.05,1,-1,-1,-1
345,5428,471.55,179.58,63.42,155.12,1,-1,-1,-1
345,5431,129.32,137.30,86.74,254.18,1,-1,-1,-1
345,5432,242.03,205.84,31.55,89.12,1,-1,-1,-1
345,5433,63.55,145.04,78.41,223.56,1,-1,-1,-1
345,5435,276.00,208.00,30.00,84.00,1,-1,-1,-1
346,5388,402.67,175.58,54.65,126.18,1,-1,-1,-1
346,5428,471.70,179.88,64.86,155.78,1,-1,-1,-1
346,5431,127.77,134.13,88.42,260.48,1,-1,-1,-1
346,5432,241.35,205.88,31.99,88.46,1,-1,-1,-1
346,5433,57.86,144.36,81.75,231.05,1,-1,-1,-1
346,5435,276.00,208.00,30.00,84.00,1,-1,-1,-1
347,5388,404.05,177.24,52.32,120.60,1,-1,-1,-1
347,5428,473.17,185.19,62.50,148.22,1,-1,-1,-1
347,5431,118.79,119.20,97.34,287.79,1,-1,-1,-1
347,5432,240.76,205.89,32.83,89.56,1,-1,-1,-1
347,5433,39.76,134.21,91.35,260.13,1,-1,-1,-1
348,5388,403.67,179.19,50.51,115.84,1,-1,-1,-1
348,5428,472.99,192.55,59.01,138.65,1,-1,-1,-1
348,5431,104.23,114.61,103.39,308.19,1,-1,-1,-1
348,5432,241.69,209.80,32.22,88.66,1,-1,-1,-1
348,5433,19.21,129.04,96.54,271.47,1,-1,-1,-1
348,5436,270.00,210.00,30.00,88.00,1,-1,-1,-1
349,5388,398.87,175.87,53.75,122.19,1,-1,-1,-1
349,5428,470.82,192.56,57.79,135.11,1,-1,-1,-1
349,5431,87.35,106.68,110.67,332.34,1,-1,-1,-1
349,5432,239.86,211.31,32.56,88.30,1,-1,-1,-1
349,5433,1.15,118.34,104.46,298.22,1,-1,-1,-1
349,5437,216.00,208.00,36.00,90.00,1,-1,-1,-1
350,5388,392.48,173.39,59.09,134.84,1,-1,-1,-1
350,5428,465.54,193.87,56.95,133.88,1,-1,-1,-1
350,5431,57.06,94.95,117.80,345.65,1,-1,-1,-1
350,5432,239.97,204.02,35.10,96.01,1,-1,-1,-1
350,5433,-7.75,114.31,107.50,306.90,1,-1,-1,-1
350,5437,207.80,202.86,38.68,96.86,1,-1,-1,-1
351,5388,391.30,174.98,58.63,133.31,1,-1,-1,-1
351,5428,460.27,195.65,56.68,133.48,1,-1,-1,-1
351,5431,29.58,82.82,130.03,375.59,1,-1,-1,-1
351,5432,242.35,206.39,33.88,93.79,1,-1,-1,-1
351,5437,205.02,202.00,39.05,98.00,1,-1,-1,-1
352,5388,390.80,175.64,58.52,132.64,1,-1,-1,-1
352,5428,458.34,196.27,56.55,133.37,1,-1,-1,-1
352,5431,18.17,78.05,136.00,387.38,1,-1,-1,-1
352,5432,243.49,207.39,33.19,92.83,1,-1,-1,-1
352,5437,204.18,201.77,39.06,98.31,1,-1,-1,-1
353,5388,387.80,175.89,60.23,136.27,1,-1,-1,-1
353,5428,457.89,193.82,58.67,137.34,1,-1,-1,-1
353,5431,-4.26,40.25,147.04,427.88,1,-1,-1,-1
353,5432,242.63,207.33,33.35,93.30,1,-1,-1,-1
353,5437,199.50,196.02,42.32,106.92,1,-1,-1,-1
353,5438,530.00,210.00,60.00,110.00,1,-1,-1,-1
354,5388,385.05,174.70,60.25,136.34,1,-1,-1,-1
354,5428,455.61,192.89,59.80,137.53,1,-1,-1,-1
354,5431,-13.60,33.84,151.30,440.28,1,-1,-1,-1
354,5432,240.17,194.03,37.43,107.74,1,-1,-1,-1
354,5437,197.71,194.05,42.50,108.54,1,-1,-1,-1
354,5439,188.00,204.00,28.00,92.00,1,-1,-1,-1
