1,31834,250.45,181.08,40.35,126.03,1,-1,-1,-1
1,31835,395.08,116.62,83.08,263.11,1,-1,-1,-1
1,31837,83.68,132.30,85.44,226.80,1,-1,-1,-1
1,31838,164.98,152.86,58.48,176.05,1,-1,-1,-1
1,31840,289.65,187.71,34.84,112.14,1,-1,-1,-1
1,31841,59.00,203.00,43.00,131.00,1,-1,-1,-1
2,31834,254.51,185.74,42.28,126.89,1,-1,-1,-1
2,31840,290.53,192.00,34.94,112.00,1,-1,-1,-1
2,31841,59.00,203.00,43.00,131.00,1,-1,-1,-1
3,31834,255.64,187.52,43.88,127.20,1,-1,-1,-1
3,31840,290.68,193.10,35.12,111.96,1,-1,-1,-1
3,31841,59.00,203.00,43.00,131.00,1,-1,-1,-1
4,31834,255.65,188.18,45.27,127.30,1,-1,-1,-1
4,31840,290.59,193.21,35.34,111.96,1,-1,-1,-1
4,31841,59.00,203.00,43.00,131.00,1,-1,-1,-1
5,31834,255.26,188.40,46.50,127.32,1,-1,-1,-1
5,31840,290.44,193.08,35.58,111.96,1,-1,-1,-1
5,31841,59.00,203.00,43.00,131.00,1,-1,-1,-1
6,31834,254.77,188.46,47.61,127.31,1,-1,-1,-1
6,31840,290.28,192.93,35.84,111.97,1,-1,-1,-1
6,31841,59.00,203.00,43.00,131.00,1,-1,-1,-1
7,31834,254.26,188.46,48.60,127.29,1,-1,-1,-1
7,31840,290.11,192.79,36.11,111.97,1,-1,-1,-1
7,31841,59.00,203.00,43.00,131.00,1,-1,-1,-1
8,31834,253.77,188.43,49.50,127.27,1,-1,-1,-1
8,31840,289.96,192.67,36.38,111.98,1,-1,-1,-1
8,31841,59.00,203.00,43.00,131.00,1,-1,-1,-1
9,31834,253.32,188.39,50.31,127.24,1,-1,-1,-1
9,31840,289.80,192.58,36.65,111.98,1,-1,-1,-1
9,31841,59.00,203.00,43.00,131.00,1,-1,-1,-1
10,31834,252.91,188.36,51.05,127.22,1,-1,-1,-1
10,31840,289.66,192.50,36.90,111.98,1,-1,-1,-1
10,31841,59.00,203.00,43.00,131.00,1,-1,-1,-1
11,31834,252.54,188.33,51.71,127.20,1,-1,-1,-1
11,31840,289.52,192.44,37.15,111.99,1,-1,-1,-1
11,31841,59.00,203.00,43.00,131.00,1,-1,-1,-1
12,31834,262.38,190.25,49.55,123.93,1,-1,-1,-1
12,31840,289.68,193.15,37.14,111.96,1,-1,-1,-1
12,31841,59.00,203.00,43.00,131.00,1,-1,-1,-1
12,31842,311.00,193.00,39.00,124.00,1,-1,-1,-1
13,31834,266.32,190.96,48.30,122.66,1,-1,-1,-1
13,31840,305.61,193.19,40.07,121.35,1,-1,-1,-1
14,31834,267.95,191.21,47.44,122.19,1,-1,-1,-1
14,31840,309.20,193.29,40.57,123.41,1,-1,-1,-1
15,31834,268.69,191.29,46.77,122.02,1,-1,-1,-1
15,31840,310.56,193.31,40.66,124.17,1,-1,-1,-1
16,31834,269.08,191.29,46.20,121.96,1,-1,-1,-1
16,31840,311.07,193.30,40.59,124.42,1,-1,-1,-1
17,31834,269.33,191.28,45.70,121.94,1,-1,-1,-1
17,31840,311.24,193.28,40.48,124.49,1,-1,-1,-1
18,31834,269.51,191.26,45.25,121.93,1,-1,-1,-1
18,31840,311.29,193.25,40.35,124.48,1,-1,-1,-1
19,31834,269.66,191.23,44.84,121.94,1,-1,-1,-1
19,31840,311.28,193.23,40.23,124.45,1,-1,-1,-1
20,31834,269.79,191.21,44.48,121.94,1,-1,-1,-1
20,31840,311.27,193.21,40.12,124.41,1,-1,-1,-1
21,31834,269.90,191.19,44.15,121.95,1,-1,-1,-1
21,31840,311.25,193.19,40.01,124.38,1,-1,-1,-1
22,31834,270.01,191.17,43.85,121.95,1,-1,-1,-1
22,31840,311.22,193.17,39.92,124.34,1,-1,-1,-1
23,31834,270.72,191.45,43.82,121.88,1,-1,-1,-1
23,31840,317.16,187.94,38.99,123.01,1,-1,-1,-1
23,31843,218.00,201.00,38.00,97.00,1,-1,-1,-1
23,31844,58.00,151.00,70.00,208.00,1,-1,-1,-1
24,31820,60.01,150.67,70.32,208.16,1,-1,-1,-1
24,31840,319.51,185.94,38.38,122.48,1,-1,-1,-1
24,31843,218.00,201.00,38.00,97.00,1,-1,-1,-1
25,31820,55.58,151.24,70.20,207.99,1,-1,-1,-1
25,31840,320.47,185.20,37.91,122.27,1,-1,-1,-1
25,31843,218.00,201.00,38.00,97.00,1,-1,-1,-1
26,31820,53.90,151.45,70.15,207.93,1,-1,-1,-1
26,31840,320.89,184.93,37.52,122.18,1,-1,-1,-1
26,31843,218.00,201.00,38.00,97.00,1,-1,-1,-1
27,31820,53.58,151.49,70.11,207.91,1,-1,-1,-1
27,31840,321.10,184.84,37.18,122.14,1,-1,-1,-1
27,31843,218.00,201.00,38.00,97.00,1,-1,-1,-1
28,31820,53.79,151.47,70.09,207.91,1,-1,-1,-1
28,31840,321.23,184.81,36.88,122.12,1,-1,-1,-1
28,31843,218.00,201.00,38.00,97.00,1,-1,-1,-1
29,31820,54.15,151.43,70.08,207.92,1,-1,-1,-1
29,31840,321.32,184.82,36.60,122.10,1,-1,-1,-1
29,31843,218.00,201.00,38.00,97.00,1,-1,-1,-1
30,31820,54.54,151.39,70.07,207.93,1,-1,-1,-1
30,31840,321.39,184.83,36.35,122.09,1,-1,-1,-1
30,31843,218.00,201.00,38.00,97.00,1,-1,-1,-1
31,31820,54.90,151.35,70.06,207.94,1,-1,-1,-1
31,31840,321.45,184.84,36.13,122.08,1,-1,-1,-1
31,31843,218.00,201.00,38.00,97.00,1,-1,-1,-1
32,31820,55.22,151.31,70.05,207.94,1,-1,-1,-1
32,31840,321.50,184.86,35.93,122.07,1,-1,-1,-1
32,31843,218.00,201.00,38.00,97.00,1,-1,-1,-1
33,31820,55.50,151.28,70.05,207.95,1,-1,-1,-1
33,31840,321.55,184.87,35.74,122.07,1,-1,-1,-1
33,31843,218.00,201.00,38.00,97.00,1,-1,-1,-1
34,31820,51.54,151.73,70.02,207.86,1,-1,-1,-1
34,31834,270.15,182.34,47.07,134.62,1,-1,-1,-1
34,31840,322.55,186.84,36.26,124.02,1,-1,-1,-1
34,31843,218.00,201.00,38.00,97.00,1,-1,-1,-1
34,31845,142.00,196.00,33.00,119.00,1,-1,-1,-1
35,31834,270.53,181.97,46.27,135.11,1,-1,-1,-1
35,31840,322.93,187.59,36.42,124.75,1,-1,-1,-1
35,31845,142.00,196.00,33.00,119.00,1,-1,-1,-1
36,31834,270.87,181.84,45.58,135.29,1,-1,-1,-1
36,31840,323.07,187.88,36.45,125.02,1,-1,-1,-1
36,31845,142.00,196.00,33.00,119.00,1,-1,-1,-1
37,31834,271.15,181.80,44.99,135.34,1,-1,-1,-1
37,31840,323.11,187.98,36.44,125.12,1,-1,-1,-1
37,31845,142.00,196.00,33.00,119.00,1,-1,-1,-1
38,31834,271.38,181.80,44.51,135.33,1,-1,-1,-1
38,31840,323.12,188.02,36.41,125.14,1,-1,-1,-1
38,31845,142.00,196.00,33.00,119.00,1,-1,-1,-1
39,31834,271.58,181.81,44.09,135.31,1,-1,-1,-1
39,31840,323.12,188.04,36.37,125.14,1,-1,-1,-1
39,31845,142.00,196.00,33.00,119.00,1,-1,-1,-1
40,31834,271.74,181.82,43.74,135.29,1,-1,-1,-1
40,31840,323.11,188.04,36.34,125.13,1,-1,-1,-1
40,31845,142.00,196.00,33.00,119.00,1,-1,-1,-1
41,31834,271.88,181.84,43.44,135.27,1,-1,-1,-1
41,31840,323.10,188.04,36.31,125.12,1,-1,-1,-1
41,31845,142.00,196.00,33.00,119.00,1,-1,-1,-1
42,31834,272.00,181.85,43.18,135.24,1,-1,-1,-1
42,31840,323.09,188.03,36.28,125.11,1,-1,-1,-1
42,31845,142.00,196.00,33.00,119.00,1,-1,-1,-1
43,31834,272.11,181.86,42.95,135.22,1,-1,-1,-1
43,31840,323.08,188.03,36.25,125.10,1,-1,-1,-1
43,31845,142.00,196.00,33.00,119.00,1,-1,-1,-1
44,31834,272.20,181.88,42.75,135.20,1,-1,-1,-1
44,31840,323.07,188.03,36.23,125.09,1,-1,-1,-1
44,31845,142.00,196.00,33.00,119.00,1,-1,-1,-1
45,31834,271.76,183.19,41.67,130.62,1,-1,-1,-1
45,31840,318.95,190.63,34.01,118.56,1,-1,-1,-1
45,31843,162.83,170.74,41.93,113.60,1,-1,-1,-1
45,31845,142.00,196.00,33.00,119.00,1,-1,-1,-1
46,31834,271.50,183.70,41.42,128.85,1,-1,-1,-1
46,31840,317.42,191.64,33.00,116.04,1,-1,-1,-1
46,31843,161.70,169.61,40.22,114.22,1,-1,-1,-1
47,31834,271.32,183.90,41.50,128.20,1,-1,-1,-1
47,31840,316.94,191.99,32.49,115.13,1,-1,-1,-1
47,31843,161.74,169.21,38.76,114.43,1,-1,-1,-1
48,31834,271.18,183.97,41.68,127.96,1,-1,-1,-1
48,31840,316.84,192.11,32.16,114.82,1,-1,-1,-1
48,31843,162.17,169.11,37.54,114.49,1,-1,-1,-1
49,31834,271.06,183.99,41.88,127.89,1,-1,-1,-1
49,31840,316.88,192.15,31.93,114.72,1,-1,-1,-1
49,31843,162.70,169.12,36.52,114.48,1,-1,-1,-1
50,31834,270.95,184.00,42.08,127.87,1,-1,-1,-1
50,31840,316.96,192.15,31.73,114.71,1,-1,-1,-1
50,31843,163.22,169.18,35.65,114.45,1,-1,-1,-1
51,31834,270.86,184.01,42.26,127.87,1,-1,-1,-1
51,31840,317.05,192.14,31.56,114.72,1,-1,-1,-1
51,31843,163.71,169.24,34.91,114.42,1,-1,-1,-1
52,31834,270.78,184.01,42.43,127.88,1,-1,-1,-1
52,31840,317.13,192.13,31.41,114.74,1,-1,-1,-1
52,31843,164.14,169.30,34.27,114.38,1,-1,-1,-1
53,31834,270.70,184.01,42.58,127.89,1,-1,-1,-1
53,31840,317.21,192.12,31.28,114.76,1,-1,-1,-1
53,31843,164.53,169.36,33.71,114.35,1,-1,-1,-1
54,31834,270.63,184.01,42.71,127.90,1,-1,-1,-1
54,31840,317.29,192.11,31.16,114.79,1,-1,-1,-1
54,31843,164.87,169.42,33.22,114.32,1,-1,-1,-1
55,31834,270.57,184.01,42.84,127.91,1,-1,-1,-1
55,31840,317.36,192.10,31.05,114.81,1,-1,-1,-1
55,31843,165.18,169.47,32.79,114.29,1,-1,-1,-1
56,31834,278.92,189.24,40.53,120.07,1,-1,-1,-1
56,31840,315.34,190.12,32.49,117.44,1,-1,-1,-1
56,31843,163.64,168.64,32.92,114.75,1,-1,-1,-1
57,31834,282.06,191.25,39.79,117.06,1,-1,-1,-1
57,31840,314.38,189.38,33.44,118.44,1,-1,-1,-1
58,31834,283.10,191.96,39.67,116.00,1,-1,-1,-1
58,31840,313.85,189.10,34.16,118.82,1,-1,-1,-1
59,31834,283.38,192.20,39.77,115.64,1,-1,-1,-1
59,31840,313.49,188.99,34.75,118.97,1,-1,-1,-1
60,31834,283.40,192.27,39.94,115.54,1,-1,-1,-1
60,31840,313.23,188.96,35.26,119.02,1,-1,-1,-1
61,31834,283.32,192.28,40.12,115.54,1,-1,-1,-1
61,31840,313.00,188.95,35.72,119.04,1,-1,-1,-1
62,31834,283.21,192.26,40.29,115.56,1,-1,-1,-1
62,31840,312.81,188.95,36.13,119.04,1,-1,-1,-1
63,31834,283.10,192.24,40.45,115.60,1,-1,-1,-1
63,31840,312.63,188.95,36.50,119.04,1,-1,-1,-1
64,31834,283.00,192.22,40.60,115.64,1,-1,-1,-1
64,31840,312.48,188.95,36.83,119.04,1,-1,-1,-1
65,31834,282.90,192.20,40.73,115.67,1,-1,-1,-1
65,31840,312.34,188.96,37.13,119.03,1,-1,-1,-1
66,31834,282.81,192.18,40.85,115.71,1,-1,-1,-1
66,31840,312.21,188.96,37.41,119.03,1,-1,-1,-1
67,31834,283.29,192.47,40.69,115.23,1,-1,-1,-1
67,31840,317.63,189.62,38.97,123.60,1,-1,-1,-1
67,31843,128.50,212.34,18.63,61.81,1,-1,-1,-1
68,31840,319.63,189.86,39.63,125.30,1,-1,-1,-1
68,31843,127.36,214.08,18.67,59.85,1,-1,-1,-1
69,31840,320.36,189.96,39.95,125.95,1,-1,-1,-1
69,31843,126.69,214.61,18.94,59.20,1,-1,-1,-1
70,31840,320.60,190.00,40.12,126.18,1,-1,-1,-1
70,31843,126.45,214.70,19.28,59.09,1,-1,-1,-1
71,31840,320.65,190.01,40.23,126.25,1,-1,-1,-1
71,31843,126.37,214.65,19.60,59.16,1,-1,-1,-1
72,31840,320.63,190.01,40.32,126.26,1,-1,-1,-1
72,31843,126.34,214.57,19.89,59.27,1,-1,-1,-1
73,31840,320.58,190.01,40.39,126.25,1,-1,-1,-1
73,31843,126.32,214.49,20.14,59.37,1,-1,-1,-1
74,31840,320.53,190.01,40.45,126.23,1,-1,-1,-1
74,31843,126.29,214.42,20.35,59.46,1,-1,-1,-1
75,31840,320.49,190.01,40.50,126.21,1,-1,-1,-1
75,31843,126.27,214.37,20.53,59.53,1,-1,-1,-1
76,31840,320.44,190.01,40.55,126.20,1,-1,-1,-1
76,31843,126.25,214.32,20.69,59.59,1,-1,-1,-1
77,31840,320.40,190.01,40.59,126.18,1,-1,-1,-1
77,31843,126.23,214.28,20.82,59.64,1,-1,-1,-1
78,31834,294.38,192.09,43.81,124.62,1,-1,-1,-1
78,31840,334.34,192.62,40.70,127.46,1,-1,-1,-1
78,31843,128.59,217.57,19.50,54.37,1,-1,-1,-1
78,31846,405.00,208.00,43.00,97.00,1,-1,-1,-1
78,31847,197.00,231.00,24.00,44.00,1,-1,-1,-1
78,31848,242.00,224.00,25.00,52.00,1,-1,-1,-1
79,31834,294.83,192.06,43.79,125.00,1,-1,-1,-1
79,31840,339.68,193.60,40.58,127.94,1,-1,-1,-1
79,31843,129.41,218.79,19.24,52.40,1,-1,-1,-1
79,31846,405.00,208.00,43.00,97.00,1,-1,-1,-1
79,31847,197.00,231.00,24.00,44.00,1,-1,-1,-1
79,31848,242.00,224.00,25.00,52.00,1,-1,-1,-1
80,31834,295.02,192.05,43.73,125.14,1,-1,-1,-1
80,31840,341.74,193.97,40.39,128.11,1,-1,-1,-1
80,31843,129.59,219.20,19.39,51.74,1,-1,-1,-1
80,31846,405.00,208.00,43.00,97.00,1,-1,-1,-1
80,31847,197.00,231.00,24.00,44.00,1,-1,-1,-1
80,31848,242.00,224.00,25.00,52.00,1,-1,-1,-1
81,31834,295.09,192.04,43.65,125.18,1,-1,-1,-1
81,31840,342.54,194.10,40.18,128.17,1,-1,-1,-1
81,31843,129.55,219.32,19.66,51.55,1,-1,-1,-1
81,31846,405.00,208.00,43.00,97.00,1,-1,-1,-1
81,31847,197.00,231.00,24.00,44.00,1,-1,-1,-1
81,31848,242.00,224.00,25.00,52.00,1,-1,-1,-1
82,31834,295.12,192.03,43.58,125.18,1,-1,-1,-1
82,31840,342.84,194.14,39.98,128.18,1,-1,-1,-1
82,31843,129.44,219.33,19.95,51.51,1,-1,-1,-1
82,31846,405.00,208.00,43.00,97.00,1,-1,-1,-1
82,31847,197.00,231.00,24.00,44.00,1,-1,-1,-1
82,31848,242.00,224.00,25.00,52.00,1,-1,-1,-1
83,31834,295.12,192.03,43.51,125.17,1,-1,-1,-1
83,31840,342.96,194.14,39.80,128.17,1,-1,-1,-1
83,31843,129.31,219.32,20.24,51.53,1,-1,-1,-1
83,31846,405.00,208.00,43.00,97.00,1,-1,-1,-1
83,31847,197.00,231.00,24.00,44.00,1,-1,-1,-1
83,31848,242.00,224.00,25.00,52.00,1,-1,-1,-1
84,31834,295.12,192.03,43.46,125.16,1,-1,-1,-1
84,31840,343.00,194.14,39.63,128.16,1,-1,-1,-1
84,31843,129.19,219.29,20.50,51.57,1,-1,-1,-1
84,31846,405.00,208.00,43.00,97.00,1,-1,-1,-1
84,31847,197.00,231.00,24.00,44.00,1,-1,-1,-1
84,31848,242.00,224.00,25.00,52.00,1,-1,-1,-1
85,31834,295.11,192.02,43.41,125.15,1,-1,-1,-1
85,31840,343.02,194.13,39.47,128.14,1,-1,-1,-1
85,31843,129.08,219.26,20.74,51.61,1,-1,-1,-1
85,31846,405.00,208.00,43.00,97.00,1,-1,-1,-1
85,31847,197.00,231.00,24.00,44.00,1,-1,-1,-1
85,31848,242.00,224.00,25.00,52.00,1,-1,-1,-1
86,31834,295.11,192.02,43.37,125.14,1,-1,-1,-1
86,31840,343.02,194.12,39.33,128.13,1,-1,-1,-1
86,31843,128.98,219.24,20.96,51.65,1,-1,-1,-1
86,31846,405.00,208.00,43.00,97.00,1,-1,-1,-1
86,31847,197.00,231.00,24.00,44.00,1,-1,-1,-1
86,31848,242.00,224.00,25.00,52.00,1,-1,-1,-1
87,31834,295.10,192.02,43.33,125.12,1,-1,-1,-1
87,31840,343.02,194.11,39.21,128.12,1,-1,-1,-1
87,31843,128.88,219.21,21.15,51.69,1,-1,-1,-1
87,31846,405.00,208.00,43.00,97.00,1,-1,-1,-1
87,31847,197.00,231.00,24.00,44.00,1,-1,-1,-1
87,31848,242.00,224.00,25.00,52.00,1,-1,-1,-1
88,31834,295.09,192.02,43.30,125.11,1,-1,-1,-1
88,31840,343.02,194.10,39.09,128.11,1,-1,-1,-1
88,31843,128.80,219.19,21.33,51.72,1,-1,-1,-1
88,31846,405.00,208.00,43.00,97.00,1,-1,-1,-1
88,31847,197.00,231.00,24.00,44.00,1,-1,-1,-1
88,31848,242.00,224.00,25.00,52.00,1,-1,-1,-1
89,31834,298.00,188.11,46.56,132.27,1,-1,-1,-1
89,31840,354.77,185.61,41.58,136.58,1,-1,-1,-1
89,31843,124.80,218.51,22.09,53.72,1,-1,-1,-1
89,31846,406.09,200.03,46.79,107.63,1,-1,-1,-1
89,31847,197.00,231.00,24.00,44.00,1,-1,-1,-1
89,31848,242.00,224.00,25.00,52.00,1,-1,-1,-1
89,31849,177.00,225.00,21.00,56.00,1,-1,-1,-1
89,31850,221.00,219.00,21.00,70.00,1,-1,-1,-1
90,31834,298.86,186.65,48.21,134.94,1,-1,-1,-1
90,31840,359.16,182.45,42.45,139.73,1,-1,-1,-1
90,31843,123.34,218.26,22.34,54.47,1,-1,-1,-1
90,31846,406.79,197.13,47.56,111.49,1,-1,-1,-1
90,31849,177.00,225.00,21.00,56.00,1,-1,-1,-1
90,31850,221.00,219.00,21.00,70.00,1,-1,-1,-1
91,31834,299.00,186.08,49.22,135.96,1,-1,-1,-1
91,31840,360.85,181.22,42.74,140.94,1,-1,-1,-1
91,31843,122.80,218.15,22.41,54.77,1,-1,-1,-1
91,31846,407.33,196.00,47.34,113.00,1,-1,-1,-1
91,31849,177.00,225.00,21.00,56.00,1,-1,-1,-1
91,31850,221.00,219.00,21.00,70.00,1,-1,-1,-1
92,31834,298.87,185.88,49.92,136.33,1,-1,-1,-1
92,31840,361.46,180.77,42.80,141.37,1,-1,-1,-1
92,31843,122.63,218.10,22.41,54.88,1,-1,-1,-1
92,31846,407.77,195.60,46.75,113.53,1,-1,-1,-1
92,31849,177.00,225.00,21.00,56.00,1,-1,-1,-1
92,31850,221.00,219.00,21.00,70.00,1,-1,-1,-1
93,31834,298.65,185.81,50.47,136.44,1,-1,-1,-1
93,31840,361.65,180.62,42.77,141.51,1,-1,-1,-1
93,31843,122.59,218.08,22.39,54.93,1,-1,-1,-1
93,31846,408.16,195.48,46.06,113.69,1,-1,-1,-1
93,31849,177.00,225.00,21.00,56.00,1,-1,-1,-1
93,31850,221.00,219.00,21.00,70.00,1,-1,-1,-1
94,31834,298.42,185.80,50.94,136.45,1,-1,-1,-1
94,31840,361.68,180.59,42.72,141.53,1,-1,-1,-1
94,31843,122.60,218.07,22.36,54.95,1,-1,-1,-1
94,31846,408.51,195.47,45.37,113.70,1,-1,-1,-1
94,31849,177.00,225.00,21.00,56.00,1,-1,-1,-1
94,31850,221.00,219.00,21.00,70.00,1,-1,-1,-1
95,31834,298.19,185.81,51.35,136.43,1,-1,-1,-1
95,31840,361.66,180.61,42.66,141.50,1,-1,-1,-1
95,31843,122.63,218.06,22.33,54.96,1,-1,-1,-1
95,31846,408.83,195.50,44.71,113.67,1,-1,-1,-1
95,31849,177.00,225.00,21.00,56.00,1,-1,-1,-1
95,31850,221.00,219.00,21.00,70.00,1,-1,-1,-1
96,31834,297.98,185.82,51.71,136.40,1,-1,-1,-1
96,31840,361.61,180.63,42.60,141.47,1,-1,-1,-1
96,31843,122.66,218.06,22.30,54.97,1,-1,-1,-1
96,31846,409.12,195.54,44.10,113.62,1,-1,-1,-1
96,31849,177.00,225.00,21.00,56.00,1,-1,-1,-1
96,31850,221.00,219.00,21.00,70.00,1,-1,-1,-1
97,31834,297.79,185.83,52.03,136.37,1,-1,-1,-1
97,31840,361.56,180.66,42.55,141.43,1,-1,-1,-1
97,31843,122.69,218.05,22.27,54.97,1,-1,-1,-1
97,31846,409.39,195.58,43.54,113.57,1,-1,-1,-1
97,31849,177.00,225.00,21.00,56.00,1,-1,-1,-1
97,31850,221.00,219.00,21.00,70.00,1,-1,-1,-1
98,31834,297.62,185.85,52.32,136.33,1,-1,-1,-1
98,31840,361.51,180.69,42.49,141.39,1,-1,-1,-1
98,31843,122.72,218.04,22.24,54.98,1,-1,-1,-1
98,31846,409.63,195.61,43.02,113.51,1,-1,-1,-1
98,31849,177.00,225.00,21.00,56.00,1,-1,-1,-1
98,31850,221.00,219.00,21.00,70.00,1,-1,-1,-1
99,31834,297.47,185.86,52.58,136.30,1,-1,-1,-1
99,31840,361.47,180.72,42.45,141.35,1,-1,-1,-1
99,31843,122.74,218.04,22.22,54.98,1,-1,-1,-1
99,31846,409.85,195.65,42.56,113.47,1,-1,-1,-1
99,31849,177.00,225.00,21.00,56.00,1,-1,-1,-1
99,31850,221.00,219.00,21.00,70.00,1,-1,-1,-1
100,31834,305.38,180.67,51.67,133.67,1,-1,-1,-1
100,31840,367.61,184.00,40.45,132.86,1,-1,-1,-1
100,31843,121.78,209.55,22.88,56.94,1,-1,-1,-1
100,31846,409.92,195.09,42.83,114.21,1,-1,-1,-1
100,31849,177.00,225.00,21.00,56.00,1,-1,-1,-1
100,31850,221.00,219.00,21.00,70.00,1,-1,-1,-1
101,31834,308.37,178.69,51.37,132.65,1,-1,-1,-1
101,31840,369.80,185.29,39.92,129.54,1,-1,-1,-1
101,31843,121.45,206.37,23.05,57.67,1,-1,-1,-1
102,31834,309.43,177.97,51.30,132.26,1,-1,-1,-1
102,31840,370.43,185.77,39.99,128.35,1,-1,-1,-1
102,31843,121.37,205.16,23.05,57.95,1,-1,-1,-1
103,31834,309.77,177.72,51.32,132.11,1,-1,-1,-1
103,31840,370.50,185.94,40.25,127.92,1,-1,-1,-1
103,31843,121.38,204.73,22.99,58.05,1,-1,-1,-1
104,31834,309.85,177.65,51.37,132.05,1,-1,-1,-1
104,31840,370.38,186.00,40.56,127.78,1,-1,-1,-1
104,31843,121.42,204.59,22.91,58.09,1,-1,-1,-1
105,31834,309.82,177.65,51.42,132.03,1,-1,-1,-1
105,31840,370.19,186.02,40.87,127.74,1,-1,-1,-1
105,31843,121.47,204.57,22.83,58.09,1,-1,-1,-1
106,31834,309.76,177.67,51.48,132.02,1,-1,-1,-1
106,31840,370.00,186.03,41.16,127.75,1,-1,-1,-1
106,31843,121.51,204.58,22.75,58.09,1,-1,-1,-1
107,31834,309.70,177.70,51.53,132.01,1,-1,-1,-1
107,31840,369.81,186.03,41.43,127.77,1,-1,-1,-1
107,31843,121.56,204.61,22.68,58.08,1,-1,-1,-1
108,31834,309.63,177.72,51.57,132.01,1,-1,-1,-1
108,31840,369.64,186.03,41.67,127.79,1,-1,-1,-1
108,31843,121.60,204.64,22.62,58.08,1,-1,-1,-1
109,31834,309.57,177.75,51.61,132.01,1,-1,-1,-1
109,31840,369.48,186.03,41.89,127.81,1,-1,-1,-1
109,31843,121.64,204.68,22.56,58.07,1,-1,-1,-1
110,31834,309.52,177.77,51.65,132.01,1,-1,-1,-1
110,31840,369.34,186.02,42.09,127.82,1,-1,-1,-1
110,31843,121.67,204.71,22.50,58.06,1,-1,-1,-1
111,31834,302.66,179.76,51.59,132.01,1,-1,-1,-1
111,31840,360.24,180.78,43.85,132.42,1,-1,-1,-1
111,31843,121.53,204.23,22.54,58.16,1,-1,-1,-1
111,31851,149.00,195.00,31.00,106.00,1,-1,-1,-1
111,31852,86.00,204.00,33.00,97.00,1,-1,-1,-1
112,31834,300.06,180.52,51.54,132.01,1,-1,-1,-1
112,31840,356.77,178.83,44.63,134.15,1,-1,-1,-1
112,31851,149.00,195.00,31.00,106.00,1,-1,-1,-1
112,31852,86.00,204.00,33.00,97.00,1,-1,-1,-1
113,31834,299.10,180.81,51.49,132.01,1,-1,-1,-1
113,31840,355.37,178.09,45.05,134.81,1,-1,-1,-1
113,31851,149.00,195.00,31.00,106.00,1,-1,-1,-1
113,31852,86.00,204.00,33.00,97.00,1,-1,-1,-1
114,31834,298.75,180.92,51.44,132.01,1,-1,-1,-1
114,31840,354.80,177.82,45.31,135.05,1,-1,-1,-1
114,31851,149.00,195.00,31.00,106.00,1,-1,-1,-1
114,31852,86.00,204.00,33.00,97.00,1,-1,-1,-1
115,31834,298.65,180.97,51.40,132.00,1,-1,-1,-1
115,31840,354.55,177.74,45.50,135.13,1,-1,-1,-1
115,31851,149.00,195.00,31.00,106.00,1,-1,-1,-1
115,31852,86.00,204.00,33.00,97.00,1,-1,-1,-1
116,31834,298.64,180.98,51.36,132.00,1,-1,-1,-1
116,31840,354.44,177.72,45.66,135.15,1,-1,-1,-1
116,31851,149.00,195.00,31.00,106.00,1,-1,-1,-1
116,31852,86.00,204.00,33.00,97.00,1,-1,-1,-1
117,31834,298.65,180.99,51.33,132.00,1,-1,-1,-1
117,31840,354.37,177.73,45.79,135.15,1,-1,-1,-1
117,31851,149.00,195.00,31.00,106.00,1,-1,-1,-1
117,31852,86.00,204.00,33.00,97.00,1,-1,-1,-1
118,31834,298.68,180.99,51.30,132.00,1,-1,-1,-1
118,31840,354.32,177.75,45.91,135.14,1,-1,-1,-1
118,31851,149.00,195.00,31.00,106.00,1,-1,-1,-1
118,31852,86.00,204.00,33.00,97.00,1,-1,-1,-1
119,31834,298.70,180.99,51.27,132.00,1,-1,-1,-1
119,31840,354.29,177.77,46.01,135.13,1,-1,-1,-1
119,31851,149.00,195.00,31.00,106.00,1,-1,-1,-1
119,31852,86.00,204.00,33.00,97.00,1,-1,-1,-1
120,31834,298.73,181.00,51.25,132.00,1,-1,-1,-1
120,31840,354.26,177.80,46.11,135.12,1,-1,-1,-1
120,31851,149.00,195.00,31.00,106.00,1,-1,-1,-1
120,31852,86.00,204.00,33.00,97.00,1,-1,-1,-1
121,31834,298.76,181.00,51.22,132.00,1,-1,-1,-1
121,31840,354.23,177.81,46.19,135.11,1,-1,-1,-1
121,31851,149.00,195.00,31.00,106.00,1,-1,-1,-1
121,31852,86.00,204.00,33.00,97.00,1,-1,-1,-1
122,31834,283.56,181.65,52.91,136.57,1,-1,-1,-1
122,31840,338.94,182.40,45.51,134.45,1,-1,-1,-1
122,31846,483.07,176.07,51.35,152.77,1,-1,-1,-1
122,31851,149.00,195.00,31.00,106.00,1,-1,-1,-1
122,31852,82.28,188.05,44.43,130.88,1,-1,-1,-1
122,31853,213.00,196.00,33.00,122.00,1,-1,-1,-1
123,31834,277.89,181.89,53.49,138.29,1,-1,-1,-1
123,31840,333.27,184.14,45.01,134.19,1,-1,-1,-1
123,31846,486.46,175.73,47.85,153.51,1,-1,-1,-1
123,31850,211.69,196.15,35.64,121.67,1,-1,-1,-1
123,31852,81.03,182.54,48.31,142.60,1,-1,-1,-1
124,31834,275.77,181.99,53.67,138.93,1,-1,-1,-1
124,31840,331.29,184.80,44.60,134.09,1,-1,-1,-1
124,31846,488.28,175.61,45.34,153.76,1,-1,-1,-1
124,31850,211.77,195.67,35.40,122.75,1,-1,-1,-1
124,31852,80.51,180.16,49.93,147.67,1,-1,-1,-1
125,31834,275.04,182.02,53.70,139.17,1,-1,-1,-1
125,31840,330.70,185.04,44.24,134.05,1,-1,-1,-1
125,31846,489.35,175.59,43.45,153.81,1,-1,-1,-1
125,31850,211.90,195.53,35.11,123.07,1,-1,-1,-1
125,31852,80.35,179.25,50.49,149.60,1,-1,-1,-1
126,31834,274.84,182.03,53.67,139.24,1,-1,-1,-1
126,31840,330.63,185.12,43.93,134.03,1,-1,-1,-1
126,31846,490.04,175.61,41.98,153.79,1,-1,-1,-1
126,31850,212.03,195.50,34.85,123.13,1,-1,-1,-1
126,31852,80.32,178.95,50.62,150.23,1,-1,-1,-1
127,31834,274.84,182.03,53.62,139.25,1,-1,-1,-1
127,31840,330.75,185.14,43.65,134.03,1,-1,-1,-1
127,31846,490.54,175.63,40.79,153.73,1,-1,-1,-1
127,31850,212.15,195.51,34.62,123.11,1,-1,-1,-1
127,31852,80.35,178.89,50.58,150.35,1,-1,-1,-1
128,31834,274.90,182.03,53.56,139.24,1,-1,-1,-1
128,31840,330.92,185.14,43.40,134.02,1,-1,-1,-1
128,31846,490.91,175.66,39.83,153.68,1,-1,-1,-1
128,31850,212.24,195.53,34.43,123.05,1,-1,-1,-1
128,31852,80.39,178.93,50.49,150.28,1,-1,-1,-1
129,31834,274.99,182.03,53.51,139.22,1,-1,-1,-1
129,31840,331.10,185.13,43.17,134.02,1,-1,-1,-1
129,31846,491.20,175.69,39.02,153.62,1,-1,-1,-1
129,31850,212.33,195.56,34.27,122.99,1,-1,-1,-1
129,31852,80.44,178.99,50.37,150.14,1,-1,-1,-1
130,31834,275.07,182.03,53.47,139.20,1,-1,-1,-1
130,31840,331.28,185.12,42.96,134.02,1,-1,-1,-1
130,31846,491.43,175.72,38.33,153.56,1,-1,-1,-1
130,31850,212.40,195.59,34.13,122.92,1,-1,-1,-1
130,31852,80.49,179.07,50.26,149.98,1,-1,-1,-1
131,31834,275.16,182.02,53.42,139.19,1,-1,-1,-1
131,31840,331.44,185.11,42.78,134.01,1,-1,-1,-1
131,31846,491.63,175.74,37.74,153.51,1,-1,-1,-1
131,31850,212.46,195.63,34.01,122.85,1,-1,-1,-1
131,31852,80.53,179.14,50.15,149.82,1,-1,-1,-1
132,31834,275.24,182.02,53.38,139.17,1,-1,-1,-1
132,31840,331.59,185.10,42.61,134.01,1,-1,-1,-1
132,31846,491.79,175.77,37.23,153.46,1,-1,-1,-1
132,31850,212.52,195.66,33.91,122.78,1,-1,-1,-1
132,31852,80.57,179.22,50.05,149.67,1,-1,-1,-1
133,31834,259.47,178.11,54.38,143.72,1,-1,-1,-1
133,31840,315.14,181.17,42.98,136.62,1,-1,-1,-1
133,31846,493.15,175.40,37.41,154.20,1,-1,-1,-1
133,31850,212.30,195.11,34.25,124.01,1,-1,-1,-1
133,31852,80.29,177.99,50.92,152.27,1,-1,-1,-1
134,31834,253.78,176.64,54.34,145.42,1,-1,-1,-1
134,31840,309.09,179.69,42.87,137.61,1,-1,-1,-1
135,31834,251.83,176.08,53.95,146.06,1,-1,-1,-1
135,31840,306.97,179.13,42.60,137.97,1,-1,-1,-1
136,31834,251.33,175.88,53.47,146.28,1,-1,-1,-1
136,31840,306.34,178.93,42.30,138.10,1,-1,-1,-1
137,31834,251.37,175.81,52.98,146.34,1,-1,-1,-1
137,31840,306.28,178.86,42.00,138.14,1,-1,-1,-1
138,31834,251.59,175.80,52.52,146.34,1,-1,-1,-1
138,31840,306.42,178.84,41.72,138.15,1,-1,-1,-1
139,31834,251.87,175.81,52.09,146.32,1,-1,-1,-1
139,31840,306.61,178.85,41.46,138.14,1,-1,-1,-1
140,31834,252.15,175.82,51.70,146.30,1,-1,-1,-1
140,31840,306.82,178.86,41.23,138.13,1,-1,-1,-1
141,31834,252.41,175.84,51.35,146.27,1,-1,-1,-1
141,31840,307.02,178.87,41.02,138.12,1,-1,-1,-1
142,31834,252.65,175.85,51.03,146.25,1,-1,-1,-1
142,31840,307.21,178.88,40.82,138.11,1,-1,-1,-1
143,31834,252.87,175.87,50.74,146.22,1,-1,-1,-1
143,31840,307.38,178.89,40.65,138.10,1,-1,-1,-1
144,31834,251.42,177.18,49.23,141.64,1,-1,-1,-1
144,31840,309.21,182.82,39.73,133.52,1,-1,-1,-1
144,31854,98.00,160.00,80.00,235.00,1,-1,-1,-1
145,31834,250.90,177.69,48.68,139.87,1,-1,-1,-1
145,31840,309.87,184.33,39.60,131.77,1,-1,-1,-1
145,31854,98.00,160.00,80.00,235.00,1,-1,-1,-1
146,31834,250.73,177.89,48.51,139.22,1,-1,-1,-1
146,31840,310.04,184.88,39.75,131.12,1,-1,-1,-1
146,31854,98.00,160.00,80.00,235.00,1,-1,-1,-1
147,31834,250.68,177.96,48.48,138.98,1,-1,-1,-1
147,31840,310.03,185.07,39.99,130.90,1,-1,-1,-1
147,31854,98.00,160.00,80.00,235.00,1,-1,-1,-1
148,31834,250.69,177.99,48.50,138.90,1,-1,-1,-1
148,31840,309.97,185.14,40.25,130.82,1,-1,-1,-1
148,31854,98.00,160.00,80.00,235.00,1,-1,-1,-1
149,31834,250.71,178.00,48.54,138.88,1,-1,-1,-1
149,31840,309.89,185.15,40.51,130.81,1,-1,-1,-1
149,31854,98.00,160.00,80.00,235.00,1,-1,-1,-1
150,31834,250.73,178.00,48.58,138.88,1,-1,-1,-1
150,31840,309.82,185.15,40.74,130.82,1,-1,-1,-1
150,31854,98.00,160.00,80.00,235.00,1,-1,-1,-1
151,31834,250.76,178.00,48.62,138.89,1,-1,-1,-1
151,31840,309.74,185.14,40.95,130.83,1,-1,-1,-1
151,31854,98.00,160.00,80.00,235.00,1,-1,-1,-1
152,31834,250.78,178.00,48.65,138.90,1,-1,-1,-1
152,31840,309.67,185.12,41.15,130.85,1,-1,-1,-1
152,31854,98.00,160.00,80.00,235.00,1,-1,-1,-1
153,31834,250.80,178.00,48.69,138.90,1,-1,-1,-1
153,31840,309.61,185.11,41.32,130.86,1,-1,-1,-1
153,31854,98.00,160.00,80.00,235.00,1,-1,-1,-1
154,31834,250.82,178.00,48.72,138.91,1,-1,-1,-1
154,31840,309.55,185.10,41.48,130.87,1,-1,-1,-1
154,31854,98.00,160.00,80.00,235.00,1,-1,-1,-1
155,31834,250.65,178.66,49.13,139.58,1,-1,-1,-1
155,31840,304.47,175.28,46.45,148.54,1,-1,-1,-1
155,31846,465.57,175.91,38.03,151.19,1,-1,-1,-1
155,31854,98.00,160.00,80.00,235.00,1,-1,-1,-1
156,31834,250.55,178.90,49.38,139.83,1,-1,-1,-1
156,31840,302.82,171.71,47.86,154.98,1,-1,-1,-1
156,31846,464.46,175.97,38.82,151.04,1,-1,-1,-1
157,31834,250.48,178.99,49.57,139.93,1,-1,-1,-1
157,31840,302.32,170.27,48.11,157.56,1,-1,-1,-1
157,31846,463.94,175.99,39.38,150.99,1,-1,-1,-1
158,31834,250.43,179.03,49.72,139.97,1,-1,-1,-1
158,31840,302.30,169.73,47.90,158.52,1,-1,-1,-1
158,31846,463.67,176.00,39.79,150.97,1,-1,-1,-1
159,31834,250.39,179.04,49.84,139.98,1,-1,-1,-1
159,31840,302.45,169.55,47.54,158.84,1,-1,-1,-1
159,31846,463.52,176.00,40.11,150.97,1,-1,-1,-1
160,31834,250.35,179.04,49.95,139.99,1,-1,-1,-1
160,31840,302.65,169.51,47.15,158.91,1,-1,-1,-1
160,31846,463.43,176.00,40.36,150.97,1,-1,-1,-1
161,31834,250.31,179.04,50.06,139.99,1,-1,-1,-1
161,31840,302.85,169.52,46.77,158.89,1,-1,-1,-1
161,31846,463.36,176.00,40.57,150.97,1,-1,-1,-1
162,31834,250.28,179.03,50.15,139.99,1,-1,-1,-1
162,31840,303.05,169.55,46.42,158.83,1,-1,-1,-1
162,31846,463.31,176.00,40.74,150.98,1,-1,-1,-1
163,31834,250.26,179.03,50.23,139.99,1,-1,-1,-1
163,31840,303.23,169.59,46.10,158.77,1,-1,-1,-1
163,31846,463.27,176.00,40.88,150.98,1,-1,-1,-1
164,31834,250.23,179.03,50.30,139.99,1,-1,-1,-1
164,31840,303.40,169.62,45.80,158.70,1,-1,-1,-1
164,31846,463.24,176.00,41.01,150.98,1,-1,-1,-1
165,31834,250.21,179.02,50.37,139.99,1,-1,-1,-1
165,31840,303.55,169.66,45.54,158.64,1,-1,-1,-1
165,31846,463.21,176.00,41.11,150.98,1,-1,-1,-1
166,31834,253.35,172.49,55.87,156.97,1,-1,-1,-1
166,31840,314.60,186.56,39.04,132.62,1,-1,-1,-1
166,31846,462.85,176.00,41.10,150.95,1,-1,-1,-1
166,31854,138.97,195.14,37.12,109.07,1,-1,-1,-1
166,31855,25.00,227.00,29.00,54.00,1,-1,-1,-1
166,31856,108.00,189.00,46.00,116.00,1,-1,-1,-1
167,31834,254.68,170.10,57.51,163.19,1,-1,-1,-1
167,31840,318.92,193.42,36.74,122.04,1,-1,-1,-1
167,31854,140.14,196.15,35.88,105.46,1,-1,-1,-1
167,31855,25.00,227.00,29.00,54.00,1,-1,-1,-1
167,31856,108.00,189.00,46.00,116.00,1,-1,-1,-1
168,31834,255.37,169.15,57.86,165.66,1,-1,-1,-1
168,31840,320.13,195.68,36.41,118.56,1,-1,-1,-1
168,31854,140.62,196.56,35.38,104.01,1,-1,-1,-1
168,31855,25.00,227.00,29.00,54.00,1,-1,-1,-1
168,31856,108.00,189.00,46.00,116.00,1,-1,-1,-1
169,31834,255.77,168.79,57.71,166.58,1,-1,-1,-1
169,31840,320.33,196.42,36.70,117.41,1,-1,-1,-1
169,31854,140.67,196.59,35.32,103.87,1,-1,-1,-1
169,31855,25.00,227.00,29.00,54.00,1,-1,-1,-1
169,31856,108.00,189.00,46.00,116.00,1,-1,-1,-1
170,31834,256.04,168.68,57.38,166.88,1,-1,-1,-1
170,31840,320.19,196.63,37.17,117.08,1,-1,-1,-1
170,31854,140.60,196.53,35.40,104.11,1,-1,-1,-1
170,31855,25.00,227.00,29.00,54.00,1,-1,-1,-1
170,31856,108.00,189.00,46.00,116.00,1,-1,-1,-1
171,31834,256.26,168.65,57.01,166.93,1,-1,-1,-1
171,31840,319.95,196.66,37.68,117.04,1,-1,-1,-1
171,31854,140.51,196.45,35.49,104.38,1,-1,-1,-1
171,31855,25.00,227.00,29.00,54.00,1,-1,-1,-1
171,31856,108.00,189.00,46.00,116.00,1,-1,-1,-1
172,31834,256.43,168.66,56.64,166.91,1,-1,-1,-1
172,31840,319.69,196.62,38.17,117.09,1,-1,-1,-1
172,31854,140.43,196.38,35.56,104.63,1,-1,-1,-1
172,31855,25.00,227.00,29.00,54.00,1,-1,-1,-1
172,31856,108.00,189.00,46.00,116.00,1,-1,-1,-1
173,31834,256.59,168.69,56.31,166.85,1,-1,-1,-1
173,31840,319.44,196.56,38.63,117.17,1,-1,-1,-1
173,31854,140.37,196.33,35.63,104.82,1,-1,-1,-1
173,31855,25.00,227.00,29.00,54.00,1,-1,-1,-1
173,31856,108.00,189.00,46.00,116.00,1,-1,-1,-1
174,31834,256.73,168.71,55.99,166.78,1,-1,-1,-1
174,31840,319.21,196.51,39.04,117.25,1,-1,-1,-1
174,31854,140.32,196.28,35.68,104.98,1,-1,-1,-1
174,31855,25.00,227.00,29.00,54.00,1,-1,-1,-1
174,31856,108.00,189.00,46.00,116.00,1,-1,-1,-1
175,31834,256.85,168.73,55.71,166.71,1,-1,-1,-1
175,31840,318.99,196.46,39.42,117.33,1,-1,-1,-1
175,31854,140.28,196.25,35.72,105.11,1,-1,-1,-1
175,31855,25.00,227.00,29.00,54.00,1,-1,-1,-1
175,31856,108.00,189.00,46.00,116.00,1,-1,-1,-1
176,31834,256.96,168.76,55.45,166.65,1,-1,-1,-1
176,31840,318.80,196.41,39.76,117.40,1,-1,-1,-1
176,31854,140.24,196.22,35.76,105.22,1,-1,-1,-1
176,31855,25.00,227.00,29.00,54.00,1,-1,-1,-1
176,31856,108.00,189.00,46.00,116.00,1,-1,-1,-1
177,31834,257.43,162.29,56.43,169.19,1,-1,-1,-1
177,31840,319.27,197.08,39.43,116.42,1,-1,-1,-1
177,31854,140.66,196.57,35.32,103.94,1,-1,-1,-1
177,31855,25.00,227.00,29.00,54.00,1,-1,-1,-1
177,31856,108.75,183.02,48.49,125.30,1,-1,-1,-1
177,31857,155.00,183.00,52.00,125.00,1,-1,-1,-1
178,31834,257.56,159.84,56.87,170.13,1,-1,-1,-1
178,31856,109.40,180.83,48.64,128.70,1,-1,-1,-1
178,31857,155.00,183.00,52.00,125.00,1,-1,-1,-1
179,31834,257.58,158.93,57.09,170.45,1,-1,-1,-1
179,31856,109.99,179.99,48.02,130.01,1,-1,-1,-1
179,31857,155.00,183.00,52.00,125.00,1,-1,-1,-1
180,31834,257.55,158.62,57.22,170.54,1,-1,-1,-1
180,31856,110.53,179.70,47.15,130.47,1,-1,-1,-1
180,31857,155.00,183.00,52.00,125.00,1,-1,-1,-1
181,31834,257.51,158.53,57.31,170.54,1,-1,-1,-1
181,31856,111.02,179.61,46.22,130.60,1,-1,-1,-1
181,31857,155.00,183.00,52.00,125.00,1,-1,-1,-1
182,31834,257.46,158.52,57.38,170.50,1,-1,-1,-1
182,31856,111.47,179.61,45.33,130.61,1,-1,-1,-1
182,31857,155.00,183.00,52.00,125.00,1,-1,-1,-1
183,31834,257.42,158.55,57.44,170.47,1,-1,-1,-1
183,31856,111.88,179.63,44.49,130.58,1,-1,-1,-1
183,31857,155.00,183.00,52.00,125.00,1,-1,-1,-1
184,31834,257.38,158.58,57.50,170.42,1,-1,-1,-1
184,31856,112.26,179.66,43.72,130.53,1,-1,-1,-1
184,31857,155.00,183.00,52.00,125.00,1,-1,-1,-1
185,31834,257.35,158.62,57.55,170.39,1,-1,-1,-1
185,31856,112.60,179.69,43.00,130.49,1,-1,-1,-1
185,31857,155.00,183.00,52.00,125.00,1,-1,-1,-1
186,31834,257.31,158.65,57.59,170.35,1,-1,-1,-1
186,31856,112.92,179.72,42.36,130.44,1,-1,-1,-1
186,31857,155.00,183.00,52.00,125.00,1,-1,-1,-1
187,31834,257.28,158.69,57.63,170.32,1,-1,-1,-1
187,31856,113.20,179.74,41.76,130.40,1,-1,-1,-1
187,31857,155.00,183.00,52.00,125.00,1,-1,-1,-1
188,31834,263.09,171.10,51.22,152.69,1,-1,-1,-1
188,31840,312.21,173.70,48.83,148.03,1,-1,-1,-1
188,31856,100.78,160.88,58.12,177.91,1,-1,-1,-1
188,31857,131.71,172.37,66.02,157.56,1,-1,-1,-1
189,31834,265.45,176.00,48.50,145.74,1,-1,-1,-1
189,31840,312.41,172.81,48.25,149.24,1,-1,-1,-1
189,31856,96.02,154.26,64.70,194.56,1,-1,-1,-1
189,31857,123.35,168.63,71.30,169.00,1,-1,-1,-1
190,31834,266.37,177.70,47.36,143.34,1,-1,-1,-1
190,31840,312.67,172.50,47.64,149.66,1,-1,-1,-1
190,31856,93.61,151.36,68.21,201.87,1,-1,-1,-1
190,31857,119.71,167.07,73.80,173.79,1,-1,-1,-1
191,31834,266.77,178.28,46.78,142.53,1,-1,-1,-1
191,31840,312.94,172.41,47.09,149.78,1,-1,-1,-1
191,31856,92.37,150.23,70.16,204.73,1,-1,-1,-1
191,31857,118.21,166.49,75.00,175.57,1,-1,-1,-1
192,31834,266.97,178.45,46.42,142.29,1,-1,-1,-1
192,31840,313.18,172.41,46.60,149.79,1,-1,-1,-1
192,31856,91.65,149.85,71.40,205.71,1,-1,-1,-1
192,31857,117.60,166.30,75.66,176.14,1,-1,-1,-1
193,31834,267.10,178.48,46.16,142.25,1,-1,-1,-1
193,31840,313.38,172.44,46.19,149.75,1,-1,-1,-1
193,31856,91.17,149.76,72.30,205.95,1,-1,-1,-1
193,31857,117.34,166.27,76.09,176.23,1,-1,-1,-1
194,31834,267.20,178.46,45.94,142.29,1,-1,-1,-1
194,31840,313.56,172.48,45.83,149.70,1,-1,-1,-1
194,31856,90.81,149.78,73.02,205.90,1,-1,-1,-1
194,31857,117.22,166.30,76.41,176.15,1,-1,-1,-1
195,31834,267.27,178.42,45.76,142.35,1,-1,-1,-1
195,31840,313.72,172.52,45.53,149.65,1,-1,-1,-1
195,31856,90.51,149.85,73.64,205.75,1,-1,-1,-1
195,31857,117.16,166.34,76.67,176.01,1,-1,-1,-1
196,31834,267.34,178.38,45.59,142.41,1,-1,-1,-1
196,31840,313.85,172.56,45.26,149.59,1,-1,-1,-1
196,31856,90.25,149.93,74.18,205.56,1,-1,-1,-1
196,31857,117.12,166.40,76.90,175.85,1,-1,-1,-1
197,31834,267.40,178.35,45.44,142.47,1,-1,-1,-1
197,31840,313.97,172.59,45.02,149.54,1,-1,-1,-1
197,31856,90.02,150.01,74.66,205.37,1,-1,-1,-1
197,31857,117.10,166.45,77.10,175.70,1,-1,-1,-1
198,31834,267.46,178.31,45.30,142.52,1,-1,-1,-1
198,31840,314.08,172.63,44.81,149.49,1,-1,-1,-1
198,31856,89.82,150.09,75.09,205.17,1,-1,-1,-1
198,31857,117.08,166.50,77.28,175.55,1,-1,-1,-1
199,31834,268.63,178.28,44.90,141.91,1,-1,-1,-1
199,31840,316.34,172.01,44.18,150.10,1,-1,-1,-1
199,31856,88.98,148.67,76.34,208.58,1,-1,-1,-1
199,31857,115.33,165.70,78.36,177.98,1,-1,-1,-1
199,31858,26.00,36.00,158.00,426.00,1,-1,-1,-1
199,31859,218.00,216.00,19.00,67.00,1,-1,-1,-1
199,31860,200.00,220.00,21.00,65.00,1,-1,-1,-1
200,31834,269.12,178.25,44.66,141.71,1,-1,-1,-1
200,31840,317.41,171.80,43.52,150.31,1,-1,-1,-1
200,31858,26.00,36.00,158.00,426.00,1,-1,-1,-1
200,31859,218.00,216.00,19.00,67.00,1,-1,-1,-1
200,31860,200.00,220.00,21.00,65.00,1,-1,-1,-1
201,31834,269.34,178.23,44.47,141.66,1,-1,-1,-1
201,31840,318.01,171.73,42.89,150.36,1,-1,-1,-1
201,31858,26.00,36.00,158.00,426.00,1,-1,-1,-1
201,31859,218.00,216.00,19.00,67.00,1,-1,-1,-1
201,31860,200.00,220.00,21.00,65.00,1,-1,-1,-1
202,31834,269.45,178.21,44.32,141.66,1,-1,-1,-1
202,31840,318.39,171.72,42.32,150.36,1,-1,-1,-1
202,31858,26.00,36.00,158.00,426.00,1,-1,-1,-1
202,31859,218.00,216.00,19.00,67.00,1,-1,-1,-1
202,31860,200.00,220.00,21.00,65.00,1,-1,-1,-1
203,31834,269.52,178.19,44.19,141.68,1,-1,-1,-1
203,31840,318.69,171.74,41.80,150.34,1,-1,-1,-1
203,31858,26.00,36.00,158.00,426.00,1,-1,-1,-1
203,31859,218.00,216.00,19.00,67.00,1,-1,-1,-1
203,31860,200.00,220.00,21.00,65.00,1,-1,-1,-1
204,31834,269.58,178.17,44.08,141.71,1,-1,-1,-1
204,31840,318.93,171.76,41.33,150.31,1,-1,-1,-1
204,31858,26.00,36.00,158.00,426.00,1,-1,-1,-1
204,31859,218.00,216.00,19.00,67.00,1,-1,-1,-1
204,31860,200.00,220.00,21.00,65.00,1,-1,-1,-1
205,31834,269.62,178.15,43.97,141.73,1,-1,-1,-1
205,31840,319.14,171.78,40.91,150.28,1,-1,-1,-1
205,31858,26.00,36.00,158.00,426.00,1,-1,-1,-1
205,31859,218.00,216.00,19.00,67.00,1,-1,-1,-1
205,31860,200.00,220.00,21.00,65.00,1,-1,-1,-1
206,31834,269.66,178.14,43.88,141.76,1,-1,-1,-1
206,31840,319.32,171.80,40.53,150.26,1,-1,-1,-1
206,31858,26.00,36.00,158.00,426.00,1,-1,-1,-1
206,31859,218.00,216.00,19.00,67.00,1,-1,-1,-1
206,31860,200.00,220.00,21.00,65.00,1,-1,-1,-1
207,31834,269.69,178.12,43.79,141.78,1,-1,-1,-1
207,31840,319.48,171.82,40.19,150.23,1,-1,-1,-1
207,31858,26.00,36.00,158.00,426.00,1,-1,-1,-1
207,31859,218.00,216.00,19.00,67.00,1,-1,-1,-1
207,31860,200.00,220.00,21.00,65.00,1,-1,-1,-1
208,31834,269.72,178.11,43.72,141.80,1,-1,-1,-1
208,31840,319.63,171.83,39.88,150.21,1,-1,-1,-1
208,31858,26.00,36.00,158.00,426.00,1,-1,-1,-1
208,31859,218.00,216.00,19.00,67.00,1,-1,-1,-1
208,31860,200.00,220.00,21.00,65.00,1,-1,-1,-1
209,31834,269.75,178.10,43.65,141.82,1,-1,-1,-1
209,31840,319.76,171.85,39.60,150.19,1,-1,-1,-1
209,31858,26.00,36.00,158.00,426.00,1,-1,-1,-1
209,31859,218.00,216.00,19.00,67.00,1,-1,-1,-1
209,31860,200.00,220.00,21.00,65.00,1,-1,-1,-1
210,31834,275.12,183.32,42.70,136.61,1,-1,-1,-1
210,31840,327.19,175.78,41.03,152.13,1,-1,-1,-1
210,31856,24.42,162.80,71.39,186.41,1,-1,-1,-1
210,31858,26.00,36.00,158.00,426.00,1,-1,-1,-1
210,31859,221.16,217.99,19.32,67.66,1,-1,-1,-1
210,31860,200.00,220.00,21.00,65.00,1,-1,-1,-1
211,31834,277.00,185.31,42.67,134.63,1,-1,-1,-1
211,31840,329.75,177.27,42.06,152.85,1,-1,-1,-1
211,31856,20.71,163.75,73.01,184.63,1,-1,-1,-1
211,31859,222.30,218.74,19.53,67.91,1,-1,-1,-1
212,31834,277.52,186.02,42.97,133.92,1,-1,-1,-1
212,31840,330.49,177.83,42.89,153.12,1,-1,-1,-1
212,31856,18.91,164.01,74.60,184.20,1,-1,-1,-1
212,31859,222.68,219.01,19.67,68.00,1,-1,-1,-1
213,31834,277.55,186.26,43.37,133.69,1,-1,-1,-1
213,31840,330.54,178.04,43.60,153.20,1,-1,-1,-1
213,31856,17.97,164.09,75.93,184.05,1,-1,-1,-1
213,31859,222.77,219.10,19.80,68.03,1,-1,-1,-1
214,31834,277.40,186.33,43.78,133.63,1,-1,-1,-1
214,31840,330.35,178.11,44.22,153.22,1,-1,-1,-1
214,31856,17.44,164.11,77.04,183.99,1,-1,-1,-1
214,31859,222.76,219.13,19.91,68.04,1,-1,-1,-1
215,31834,277.21,186.33,44.17,133.63,1,-1,-1,-1
215,31840,330.08,178.13,44.78,153.21,1,-1,-1,-1
215,31856,17.09,164.11,77.98,183.97,1,-1,-1,-1
215,31859,222.71,219.13,20.01,68.04,1,-1,-1,-1
216,31834,277.02,186.31,44.53,133.65,1,-1,-1,-1
216,31840,329.81,178.13,45.28,153.20,1,-1,-1,-1
216,31856,16.83,164.10,78.78,183.97,1,-1,-1,-1
216,31859,222.65,219.12,20.10,68.04,1,-1,-1,-1
217,31834,276.83,186.29,44.86,133.68,1,-1,-1,-1
217,31840,329.55,178.12,45.73,153.18,1,-1,-1,-1
217,31856,16.62,164.09,79.47,183.97,1,-1,-1,-1
217,31859,222.59,219.11,20.18,68.04,1,-1,-1,-1
218,31834,276.66,186.26,45.16,133.71,1,-1,-1,-1
218,31840,329.31,178.11,46.14,153.16,1,-1,-1,-1
218,31856,16.44,164.09,80.06,183.97,1,-1,-1,-1
218,31859,222.54,219.10,20.25,68.03,1,-1,-1,-1
219,31834,276.50,186.24,45.43,133.74,1,-1,-1,-1
219,31840,329.09,178.10,46.51,153.15,1,-1,-1,-1
219,31856,16.29,164.08,80.58,183.97,1,-1,-1,-1
219,31859,222.49,219.09,20.32,68.03,1,-1,-1,-1
220,31834,276.36,186.21,45.67,133.76,1,-1,-1,-1
220,31840,328.89,178.09,46.84,153.14,1,-1,-1,-1
220,31856,16.16,164.07,81.04,183.98,1,-1,-1,-1
220,31859,222.44,219.08,20.39,68.03,1,-1,-1,-1
221,31834,283.11,176.38,49.14,143.60,1,-1,-1,-1
221,31840,335.10,171.56,47.41,157.04,1,-1,-1,-1
221,31856,14.84,164.18,81.02,183.94,1,-1,-1,-1
221,31859,222.83,212.54,25.47,82.41,1,-1,-1,-1
222,31834,285.58,172.74,50.48,147.24,1,-1,-1,-1
222,31840,337.60,169.10,47.28,158.50,1,-1,-1,-1
222,31859,222.72,210.19,27.81,87.56,1,-1,-1,-1
223,31834,286.49,171.32,51.05,148.66,1,-1,-1,-1
223,31840,338.68,168.17,46.92,159.04,1,-1,-1,-1
223,31859,222.46,209.22,29.18,89.70,1,-1,-1,-1
224,31834,286.79,170.80,51.31,149.19,1,-1,-1,-1
224,31840,339.19,167.83,46.51,159.23,1,-1,-1,-1
224,31859,222.16,208.84,30.08,90.51,1,-1,-1,-1
225,31834,286.85,170.62,51.44,149.36,1,-1,-1,-1
225,31840,339.48,167.72,46.10,159.29,1,-1,-1,-1
225,31859,221.88,208.71,30.75,90.78,1,-1,-1,-1
226,31834,286.82,170.58,51.52,149.40,1,-1,-1,-1
226,31840,339.67,167.70,45.72,159.29,1,-1,-1,-1
226,31859,221.61,208.68,31.29,90.84,1,-1,-1,-1
227,31834,286.77,170.59,51.58,149.40,1,-1,-1,-1
227,31840,339.82,167.71,45.36,159.27,1,-1,-1,-1
227,31859,221.36,208.68,31.76,90.82,1,-1,-1,-1
228,31834,286.70,170.62,51.63,149.37,1,-1,-1,-1
228,31840,339.94,167.73,45.04,159.25,1,-1,-1,-1
228,31859,221.14,208.70,32.18,90.77,1,-1,-1,-1
229,31834,286.64,170.65,51.66,149.34,1,-1,-1,-1
229,31840,340.04,167.75,44.75,159.23,1,-1,-1,-1
229,31859,220.93,208.72,32.55,90.71,1,-1,-1,-1
230,31834,286.58,170.68,51.70,149.31,1,-1,-1,-1
230,31840,340.14,167.77,44.49,159.21,1,-1,-1,-1
230,31859,220.75,208.75,32.88,90.65,1,-1,-1,-1
231,31834,286.53,170.71,51.73,149.28,1,-1,-1,-1
231,31840,340.22,167.79,44.25,159.19,1,-1,-1,-1
231,31859,220.58,208.77,33.18,90.59,1,-1,-1,-1
232,31834,284.55,164.22,54.96,160.98,1,-1,-1,-1
232,31840,343.49,166.51,39.59,144.18,1,-1,-1,-1
232,31859,221.42,202.97,36.02,99.60,1,-1,-1,-1
232,31860,167.14,197.16,35.09,110.68,1,-1,-1,-1
232,31861,187.00,194.00,32.00,119.00,1,-1,-1,-1
232,31862,117.00,197.00,33.00,108.00,1,-1,-1,-1
233,31834,284.05,161.82,55.69,165.32,1,-1,-1,-1
233,31840,344.84,166.03,37.55,138.29,1,-1,-1,-1
233,31859,221.86,200.80,36.80,102.96,1,-1,-1,-1
233,31860,166.63,196.66,34.97,111.67,1,-1,-1,-1
233,31861,187.00,194.00,32.00,119.00,1,-1,-1,-1
233,31862,117.00,197.00,33.00,108.00,1,-1,-1,-1
234,31834,284.04,160.89,55.56,167.00,1,-1,-1,-1
234,31840,345.41,165.87,36.62,136.25,1,-1,-1,-1
234,31859,222.15,199.96,36.87,104.26,1,-1,-1,-1
234,31860,166.57,196.52,34.76,111.97,1,-1,-1,-1
234,31861,187.00,194.00,32.00,119.00,1,-1,-1,-1
234,31862,117.00,197.00,33.00,108.00,1,-1,-1,-1
235,31834,284.20,160.57,55.13,167.60,1,-1,-1,-1
235,31840,345.70,165.83,36.10,135.55,1,-1,-1,-1
235,31859,222.36,199.65,36.67,104.71,1,-1,-1,-1
235,31860,166.64,196.49,34.55,112.03,1,-1,-1,-1
235,31861,187.00,194.00,32.00,119.00,1,-1,-1,-1
235,31862,117.00,197.00,33.00,108.00,1,-1,-1,-1
236,31834,284.43,160.48,54.62,167.78,1,-1,-1,-1
236,31840,345.87,165.82,35.74,135.35,1,-1,-1,-1
236,31859,222.54,199.56,36.38,104.84,1,-1,-1,-1
236,31860,166.75,196.50,34.37,112.01,1,-1,-1,-1
236,31861,187.00,194.00,32.00,119.00,1,-1,-1,-1
236,31862,117.00,197.00,33.00,108.00,1,-1,-1,-1
237,31834,284.66,160.47,54.12,167.80,1,-1,-1,-1
237,31840,345.99,165.83,35.45,135.32,1,-1,-1,-1
237,31859,222.68,199.55,36.09,104.84,1,-1,-1,-1
237,31860,166.85,196.52,34.21,111.96,1,-1,-1,-1
237,31861,187.00,194.00,32.00,119.00,1,-1,-1,-1
237,31862,117.00,197.00,33.00,108.00,1,-1,-1,-1
238,31834,284.88,160.50,53.64,167.76,1,-1,-1,-1
238,31840,346.09,165.85,35.21,135.36,1,-1,-1,-1
238,31859,222.81,199.57,35.80,104.80,1,-1,-1,-1
238,31860,166.95,196.55,34.08,111.89,1,-1,-1,-1
238,31861,187.00,194.00,32.00,119.00,1,-1,-1,-1
238,31862,117.00,197.00,33.00,108.00,1,-1,-1,-1
239,31834,285.08,160.54,53.20,167.71,1,-1,-1,-1
239,31840,346.18,165.86,35.00,135.41,1,-1,-1,-1
239,31859,222.93,199.60,35.54,104.74,1,-1,-1,-1
239,31860,167.05,196.58,33.96,111.83,1,-1,-1,-1
239,31861,187.00,194.00,32.00,119.00,1,-1,-1,-1
239,31862,117.00,197.00,33.00,108.00,1,-1,-1,-1
240,31834,285.26,160.58,52.80,167.65,1,-1,-1,-1
240,31840,346.26,165.88,34.81,135.47,1,-1,-1,-1
240,31859,223.03,199.64,35.30,104.68,1,-1,-1,-1
240,31860,167.13,196.62,33.86,111.77,1,-1,-1,-1
240,31861,187.00,194.00,32.00,119.00,1,-1,-1,-1
240,31862,117.00,197.00,33.00,108.00,1,-1,-1,-1
241,31834,285.43,160.61,52.44,167.59,1,-1,-1,-1
241,31840,346.33,165.89,34.63,135.52,1,-1,-1,-1
241,31859,223.12,199.67,35.08,104.62,1,-1,-1,-1
241,31860,167.21,196.65,33.78,111.70,1,-1,-1,-1
241,31861,187.00,194.00,32.00,119.00,1,-1,-1,-1
241,31862,117.00,197.00,33.00,108.00,1,-1,-1,-1
242,31834,285.58,160.65,52.11,167.54,1,-1,-1,-1
242,31840,346.39,165.90,34.48,135.57,1,-1,-1,-1
242,31859,223.21,199.70,34.89,104.56,1,-1,-1,-1
242,31860,167.29,196.68,33.70,111.65,1,-1,-1,-1
242,31861,187.00,194.00,32.00,119.00,1,-1,-1,-1
242,31862,117.00,197.00,33.00,108.00,1,-1,-1,-1
243,31834,287.34,168.48,51.82,164.24,1,-1,-1,-1
243,31840,341.25,169.19,39.49,153.33,1,-1,-1,-1
243,31859,214.18,191.94,42.53,128.51,1,-1,-1,-1
243,31860,166.55,196.17,34.01,112.67,1,-1,-1,-1
243,31861,187.00,194.00,32.00,119.00,1,-1,-1,-1
243,31862,118.32,188.36,39.66,129.26,1,-1,-1,-1
243,31863,61.00,185.00,43.00,139.00,1,-1,-1,-1
243,31864,45.00,189.00,43.00,126.00,1,-1,-1,-1
244,31834,287.82,171.50,52.07,162.94,1,-1,-1,-1
244,31840,339.23,170.38,41.62,159.77,1,-1,-1,-1
244,31859,211.06,189.13,45.05,137.17,1,-1,-1,-1
244,31862,118.73,185.29,42.15,136.83,1,-1,-1,-1
244,31863,61.00,185.00,43.00,139.00,1,-1,-1,-1
244,31864,45.00,189.00,43.00,126.00,1,-1,-1,-1
245,31834,287.82,172.63,52.50,162.44,1,-1,-1,-1
245,31840,338.29,170.86,42.72,162.36,1,-1,-1,-1
245,31859,209.82,187.96,45.93,140.79,1,-1,-1,-1
245,31862,118.85,184.04,43.26,139.91,1,-1,-1,-1
245,31863,61.00,185.00,43.00,139.00,1,-1,-1,-1
245,31864,45.00,189.00,43.00,126.00,1,-1,-1,-1
246,31834,287.66,173.04,52.98,162.24,1,-1,-1,-1
246,31840,337.81,171.05,43.37,163.33,1,-1,-1,-1
246,31859,209.43,187.53,46.08,142.15,1,-1,-1,-1
246,31862,118.85,183.58,43.76,141.04,1,-1,-1,-1
246,31863,61.00,185.00,43.00,139.00,1,-1,-1,-1
246,31864,45.00,189.00,43.00,126.00,1,-1,-1,-1
247,31834,287.44,173.18,53.44,162.16,1,-1,-1,-1
247,31840,337.54,171.11,43.81,163.66,1,-1,-1,-1
247,31859,209.37,187.40,45.96,142.59,1,-1,-1,-1
247,31862,118.80,183.43,44.00,141.39,1,-1,-1,-1
247,31863,61.00,185.00,43.00,139.00,1,-1,-1,-1
247,31864,45.00,189.00,43.00,126.00,1,-1,-1,-1
248,31834,287.23,173.22,53.86,162.12,1,-1,-1,-1
248,31840,337.35,171.13,44.15,163.75,1,-1,-1,-1
248,31859,209.44,187.38,45.76,142.67,1,-1,-1,-1
248,31862,118.74,183.41,44.15,141.44,1,-1,-1,-1
248,31863,61.00,185.00,43.00,139.00,1,-1,-1,-1
248,31864,45.00,189.00,43.00,126.00,1,-1,-1,-1
249,31834,287.02,173.22,54.26,162.10,1,-1,-1,-1
249,31840,337.21,171.12,44.44,163.74,1,-1,-1,-1
249,31859,209.55,187.40,45.53,142.62,1,-1,-1,-1
249,31862,118.68,183.44,44.25,141.38,1,-1,-1,-1
249,31863,61.00,185.00,43.00,139.00,1,-1,-1,-1
249,31864,45.00,189.00,43.00,126.00,1,-1,-1,-1
250,31834,286.83,173.21,54.61,162.09,1,-1,-1,-1
250,31840,337.08,171.12,44.69,163.69,1,-1,-1,-1
250,31859,209.67,187.44,45.30,142.52,1,-1,-1,-1
250,31862,118.62,183.48,44.33,141.28,1,-1,-1,-1
250,31863,61.00,185.00,43.00,139.00,1,-1,-1,-1
250,31864,45.00,189.00,43.00,126.00,1,-1,-1,-1
251,31834,286.65,173.19,54.93,162.08,1,-1,-1,-1
251,31840,336.98,171.11,44.92,163.64,1,-1,-1,-1
251,31859,209.79,187.48,45.09,142.41,1,-1,-1,-1
251,31862,118.56,183.52,44.39,141.18,1,-1,-1,-1
251,31863,61.00,185.00,43.00,139.00,1,-1,-1,-1
251,31864,45.00,189.00,43.00,126.00,1,-1,-1,-1
252,31834,286.50,173.17,55.23,162.07,1,-1,-1,-1
252,31840,336.88,171.10,45.12,163.59,1,-1,-1,-1
252,31859,209.90,187.52,44.90,142.30,1,-1,-1,-1
252,31862,118.51,183.56,44.45,141.08,1,-1,-1,-1
252,31863,61.00,185.00,43.00,139.00,1,-1,-1,-1
252,31864,45.00,189.00,43.00,126.00,1,-1,-1,-1
253,31834,286.35,173.16,55.49,162.06,1,-1,-1,-1
253,31840,336.80,171.09,45.30,163.53,1,-1,-1,-1
253,31859,210.00,187.56,44.72,142.18,1,-1,-1,-1
253,31862,118.46,183.60,44.50,140.98,1,-1,-1,-1
253,31863,61.00,185.00,43.00,139.00,1,-1,-1,-1
253,31864,45.00,189.00,43.00,126.00,1,-1,-1,-1
254,31834,286.18,177.06,51.26,149.00,1,-1,-1,-1
254,31840,333.61,171.08,43.88,160.89,1,-1,-1,-1
254,31859,209.49,186.88,45.31,144.05,1,-1,-1,-1
254,31862,118.56,182.97,44.99,142.53,1,-1,-1,-1
254,31863,61.00,185.00,43.00,139.00,1,-1,-1,-1
254,31864,45.00,189.00,43.00,126.00,1,-1,-1,-1
254,31865,183.00,175.00,50.00,164.00,1,-1,-1,-1
255,31834,286.05,178.56,49.72,143.92,1,-1,-1,-1
255,31840,332.57,171.07,42.99,159.84,1,-1,-1,-1
255,31859,188.74,177.70,50.05,159.64,1,-1,-1,-1
256,31834,285.94,179.08,49.29,142.14,1,-1,-1,-1
256,31840,332.36,171.07,42.33,159.43,1,-1,-1,-1
256,31859,183.93,175.48,51.11,163.49,1,-1,-1,-1
257,31834,285.85,179.25,49.25,141.54,1,-1,-1,-1
257,31840,332.44,171.06,41.78,159.27,1,-1,-1,-1
257,31859,182.15,174.66,51.43,164.92,1,-1,-1,-1
258,31834,285.77,179.29,49.34,141.37,1,-1,-1,-1
258,31840,332.62,171.06,41.31,159.19,1,-1,-1,-1
258,31859,181.55,174.37,51.46,165.39,1,-1,-1,-1
259,31834,285.69,179.28,49.47,141.35,1,-1,-1,-1
259,31840,332.82,171.05,40.89,159.16,1,-1,-1,-1
259,31859,181.42,174.31,51.39,165.48,1,-1,-1,-1
260,31834,285.63,179.26,49.61,141.38,1,-1,-1,-1
260,31840,333.02,171.05,40.52,159.13,1,-1,-1,-1
260,31859,181.46,174.32,51.28,165.44,1,-1,-1,-1
261,31834,285.57,179.24,49.74,141.44,1,-1,-1,-1
261,31840,333.21,171.04,40.18,159.12,1,-1,-1,-1
261,31859,181.56,174.36,51.17,165.35,1,-1,-1,-1
262,31834,285.51,179.22,49.86,141.49,1,-1,-1,-1
262,31840,333.38,171.04,39.88,159.11,1,-1,-1,-1
262,31859,181.67,174.41,51.07,165.24,1,-1,-1,-1
263,31834,285.46,179.19,49.97,141.54,1,-1,-1,-1
263,31840,333.53,171.03,39.60,159.10,1,-1,-1,-1
263,31859,181.78,174.46,50.97,165.14,1,-1,-1,-1
264,31834,285.42,179.18,50.07,141.58,1,-1,-1,-1
264,31840,333.67,171.03,39.35,159.09,1,-1,-1,-1
264,31859,181.89,174.51,50.88,165.04,1,-1,-1,-1
265,31834,280.87,179.16,50.65,142.94,1,-1,-1,-1
265,31840,332.71,174.29,37.39,149.94,1,-1,-1,-1
265,31859,159.55,157.70,60.69,194.10,1,-1,-1,-1
266,31834,279.13,179.14,50.93,143.46,1,-1,-1,-1
266,31840,332.28,175.55,36.78,146.41,1,-1,-1,-1
266,31859,151.09,151.55,64.83,204.75,1,-1,-1,-1
267,31834,278.46,179.13,51.09,143.68,1,-1,-1,-1
267,31840,332.06,175.99,36.71,145.14,1,-1,-1,-1
267,31859,147.44,149.05,66.95,209.07,1,-1,-1,-1
268,31834,278.20,179.12,51.20,143.77,1,-1,-1,-1
268,31840,331.92,176.14,36.82,144.71,1,-1,-1,-1
268,31859,145.89,148.12,68.15,210.67,1,-1,-1,-1
269,31834,278.10,179.11,51.28,143.82,1,-1,-1,-1
269,31840,331.82,176.18,36.99,144.58,1,-1,-1,-1
269,31859,145.21,147.82,68.92,211.16,1,-1,-1,-1
270,31834,278.06,179.10,51.36,143.84,1,-1,-1,-1
270,31840,331.74,176.19,37.16,144.56,1,-1,-1,-1
270,31859,144.88,147.78,69.51,211.23,1,-1,-1,-1
271,31834,278.04,179.09,51.42,143.86,1,-1,-1,-1
271,31840,331.67,176.18,37.33,144.58,1,-1,-1,-1
271,31859,144.69,147.82,69.98,211.14,1,-1,-1,-1
272,31834,278.03,179.08,51.48,143.88,1,-1,-1,-1
272,31840,331.60,176.16,37.49,144.62,1,-1,-1,-1
272,31859,144.58,147.90,70.39,211.00,1,-1,-1,-1
273,31834,278.03,179.07,51.53,143.89,1,-1,-1,-1
273,31840,331.55,176.15,37.63,144.65,1,-1,-1,-1
273,31859,144.49,147.98,70.75,210.85,1,-1,-1,-1
274,31834,278.02,179.06,51.57,143.90,1,-1,-1,-1
274,31840,331.50,176.13,37.76,144.68,1,-1,-1,-1
274,31859,144.43,148.07,71.07,210.69,1,-1,-1,-1
275,31834,278.02,179.06,51.61,143.91,1,-1,-1,-1
275,31840,331.45,176.12,37.87,144.72,1,-1,-1,-1
275,31859,144.37,148.15,71.36,210.55,1,-1,-1,-1
276,31834,268.03,170.56,54.65,153.06,1,-1,-1,-1
276,31840,331.33,176.31,37.75,144.25,1,-1,-1,-1
276,31859,142.46,146.81,72.19,212.99,1,-1,-1,-1
276,31866,63.00,100.00,130.00,354.00,1,-1,-1,-1
277,31834,264.39,167.40,55.64,156.46,1,-1,-1,-1
277,31866,63.00,100.00,130.00,354.00,1,-1,-1,-1
278,31834,263.06,166.18,55.90,157.78,1,-1,-1,-1
278,31866,63.00,100.00,130.00,354.00,1,-1,-1,-1
279,31834,262.64,165.74,55.88,158.26,1,-1,-1,-1
279,31866,63.00,100.00,130.00,354.00,1,-1,-1,-1
280,31834,262.57,165.60,55.77,158.42,1,-1,-1,-1
280,31866,63.00,100.00,130.00,354.00,1,-1,-1,-1
281,31834,262.62,165.57,55.62,158.45,1,-1,-1,-1
281,31866,63.00,100.00,130.00,354.00,1,-1,-1,-1
282,31834,262.72,165.58,55.48,158.43,1,-1,-1,-1
282,31866,63.00,100.00,130.00,354.00,1,-1,-1,-1
283,31834,262.83,165.61,55.34,158.40,1,-1,-1,-1
283,31866,63.00,100.00,130.00,354.00,1,-1,-1,-1
284,31834,262.94,165.64,55.22,158.37,1,-1,-1,-1
284,31866,63.00,100.00,130.00,354.00,1,-1,-1,-1
285,31834,263.03,165.68,55.10,158.34,1,-1,-1,-1
285,31866,63.00,100.00,130.00,354.00,1,-1,-1,-1
286,31834,263.12,165.70,55.00,158.31,1,-1,-1,-1
286,31866,63.00,100.00,130.00,354.00,1,-1,-1,-1
287,31834,262.43,165.23,55.17,158.80,1,-1,-1,-1
287,31840,331.91,182.88,39.00,145.83,1,-1,-1,-1
287,31866,63.00,100.00,130.00,354.00,1,-1,-1,-1
288,31840,331.65,183.11,39.65,145.92,1,-1,-1,-1
289,31840,331.43,183.19,40.14,145.95,1,-1,-1,-1
290,31840,331.24,183.21,40.52,145.97,1,-1,-1,-1
291,31840,331.09,183.20,40.83,145.97,1,-1,-1,-1
292,31840,330.96,183.19,41.09,145.98,1,-1,-1,-1
293,31840,330.85,183.17,41.31,145.98,1,-1,-1,-1
294,31840,330.76,183.16,41.50,145.98,1,-1,-1,-1
295,31840,330.68,183.14,41.66,145.98,1,-1,-1,-1
296,31840,330.60,183.13,41.80,145.99,1,-1,-1,-1
297,31840,330.54,183.12,41.92,145.99,1,-1,-1,-1
298,31840,323.01,179.19,41.97,142.72,1,-1,-1,-1
298,31867,221.00,216.00,22.00,64.00,1,-1,-1,-1
298,31868,373.00,170.00,52.00,151.00,1,-1,-1,-1
298,31869,199.00,229.00,24.00,50.00,1,-1,-1,-1
299,31834,221.77,214.53,23.10,66.63,1,-1,-1,-1
299,31840,319.90,177.68,42.47,141.48,1,-1,-1,-1
299,31868,373.00,170.00,52.00,151.00,1,-1,-1,-1
299,31869,199.00,229.00,24.00,50.00,1,-1,-1,-1
300,31834,220.77,216.10,22.08,63.78,1,-1,-1,-1
300,31840,318.54,177.13,43.10,141.03,1,-1,-1,-1
300,31868,373.00,170.00,52.00,151.00,1,-1,-1,-1
300,31869,199.00,229.00,24.00,50.00,1,-1,-1,-1
301,31834,220.33,216.62,21.72,62.80,1,-1,-1,-1
301,31840,317.86,176.93,43.73,140.87,1,-1,-1,-1
301,31868,373.00,170.00,52.00,151.00,1,-1,-1,-1
301,31869,199.00,229.00,24.00,50.00,1,-1,-1,-1
302,31834,220.32,216.66,21.68,62.74,1,-1,-1,-1
302,31840,317.45,176.87,44.33,140.82,1,-1,-1,-1
302,31868,373.00,170.00,52.00,151.00,1,-1,-1,-1
302,31869,199.00,229.00,24.00,50.00,1,-1,-1,-1
303,31834,220.41,216.58,21.72,62.90,1,-1,-1,-1
303,31840,317.16,176.85,44.88,140.82,1,-1,-1,-1
303,31868,373.00,170.00,52.00,151.00,1,-1,-1,-1
303,31869,199.00,229.00,24.00,50.00,1,-1,-1,-1
304,31834,220.50,216.48,21.77,63.08,1,-1,-1,-1
304,31840,316.93,176.86,45.37,140.83,1,-1,-1,-1
304,31868,373.00,170.00,52.00,151.00,1,-1,-1,-1
304,31869,199.00,229.00,24.00,50.00,1,-1,-1,-1
305,31834,220.58,216.41,21.81,63.23,1,-1,-1,-1
305,31840,316.74,176.87,45.82,140.84,1,-1,-1,-1
305,31868,373.00,170.00,52.00,151.00,1,-1,-1,-1
305,31869,199.00,229.00,24.00,50.00,1,-1,-1,-1
306,31834,220.64,216.34,21.85,63.34,1,-1,-1,-1
306,31840,316.57,176.88,46.23,140.86,1,-1,-1,-1
306,31868,373.00,170.00,52.00,151.00,1,-1,-1,-1
306,31869,199.00,229.00,24.00,50.00,1,-1,-1,-1
307,31834,220.69,216.30,21.87,63.44,1,-1,-1,-1
307,31840,316.42,176.89,46.59,140.87,1,-1,-1,-1
307,31868,373.00,170.00,52.00,151.00,1,-1,-1,-1
307,31869,199.00,229.00,24.00,50.00,1,-1,-1,-1
308,31834,220.73,216.26,21.89,63.51,1,-1,-1,-1
308,31840,316.28,176.90,46.92,140.88,1,-1,-1,-1
308,31868,373.00,170.00,52.00,151.00,1,-1,-1,-1
308,31869,199.00,229.00,24.00,50.00,1,-1,-1,-1
309,31834,222.09,216.22,22.59,65.58,1,-1,-1,-1
309,31840,315.89,176.74,46.86,140.69,1,-1,-1,-1
309,31868,367.70,175.98,49.97,142.36,1,-1,-1,-1
309,31869,199.00,229.00,24.00,50.00,1,-1,-1,-1
309,31870,420.00,164.00,55.00,166.00,1,-1,-1,-1
309,31871,245.00,204.00,31.00,81.00,1,-1,-1,-1
310,31834,222.60,216.20,22.85,66.36,1,-1,-1,-1
310,31868,365.44,178.25,49.70,139.08,1,-1,-1,-1
310,31870,420.00,164.00,55.00,166.00,1,-1,-1,-1
310,31871,245.00,204.00,31.00,81.00,1,-1,-1,-1
311,31834,222.81,216.18,22.95,66.67,1,-1,-1,-1
311,31868,364.40,179.04,50.11,137.94,1,-1,-1,-1
311,31870,420.00,164.00,55.00,166.00,1,-1,-1,-1
311,31871,245.00,204.00,31.00,81.00,1,-1,-1,-1
312,31834,222.89,216.16,22.99,66.80,1,-1,-1,-1
312,31868,363.81,179.30,50.74,137.56,1,-1,-1,-1
312,31870,420.00,164.00,55.00,166.00,1,-1,-1,-1
312,31871,245.00,204.00,31.00,81.00,1,-1,-1,-1
313,31834,222.92,216.14,23.00,66.85,1,-1,-1,-1
313,31868,363.40,179.37,51.41,137.47,1,-1,-1,-1
313,31870,420.00,164.00,55.00,166.00,1,-1,-1,-1
313,31871,245.00,204.00,31.00,81.00,1,-1,-1,-1
314,31834,222.94,216.13,23.01,66.88,1,-1,-1,-1
314,31868,363.08,179.37,52.07,137.47,1,-1,-1,-1
314,31870,420.00,164.00,55.00,166.00,1,-1,-1,-1
314,31871,245.00,204.00,31.00,81.00,1,-1,-1,-1
315,31834,222.95,216.12,23.01,66.90,1,-1,-1,-1
315,31868,362.79,179.34,52.69,137.51,1,-1,-1,-1
315,31870,420.00,164.00,55.00,166.00,1,-1,-1,-1
315,31871,245.00,204.00,31.00,81.00,1,-1,-1,-1
316,31834,222.96,216.10,23.01,66.91,1,-1,-1,-1
316,31868,362.54,179.31,53.26,137.55,1,-1,-1,-1
316,31870,420.00,164.00,55.00,166.00,1,-1,-1,-1
316,31871,245.00,204.00,31.00,81.00,1,-1,-1,-1
317,31834,222.96,216.09,23.01,66.92,1,-1,-1,-1
317,31868,362.31,179.28,53.79,137.60,1,-1,-1,-1
317,31870,420.00,164.00,55.00,166.00,1,-1,-1,-1
317,31871,245.00,204.00,31.00,81.00,1,-1,-1,-1
318,31834,222.97,216.09,23.01,66.93,1,-1,-1,-1
318,31868,362.10,179.25,54.27,137.64,1,-1,-1,-1
318,31870,420.00,164.00,55.00,166.00,1,-1,-1,-1
318,31871,245.00,204.00,31.00,81.00,1,-1,-1,-1
319,31834,222.97,216.08,23.01,66.94,1,-1,-1,-1
319,31868,361.91,179.23,54.71,137.67,1,-1,-1,-1
319,31870,420.00,164.00,55.00,166.00,1,-1,-1,-1
319,31871,245.00,204.00,31.00,81.00,1,-1,-1,-1
320,31834,222.94,216.20,22.97,66.83,1,-1,-1,-1
320,31840,224.41,200.30,34.31,102.98,1,-1,-1,-1
320,31868,379.63,181.83,54.09,137.71,1,-1,-1,-1
320,31870,440.27,169.32,54.33,165.34,1,-1,-1,-1
320,31871,241.88,202.67,36.57,96.28,1,-1,-1,-1
320,31872,273.00,214.00,20.00,71.00,1,-1,-1,-1
320,31873,296.00,214.00,18.00,72.00,1,-1,-1,-1
320,31874,127.00,218.00,25.00,65.00,1,-1,-1,-1
320,31875,47.00,188.00,33.00,121.00,1,-1,-1,-1
321,31840,221.29,201.14,33.89,101.70,1,-1,-1,-1
321,31868,386.48,182.80,53.52,137.73,1,-1,-1,-1
321,31870,447.98,171.30,53.81,165.09,1,-1,-1,-1
321,31871,240.87,202.20,38.35,101.73,1,-1,-1,-1
321,31872,273.00,214.00,20.00,71.00,1,-1,-1,-1
321,31873,296.00,214.00,18.00,72.00,1,-1,-1,-1
321,31874,127.00,218.00,25.00,65.00,1,-1,-1,-1
321,31875,47.00,188.00,33.00,121.00,1,-1,-1,-1
322,31840,220.13,201.44,33.73,101.22,1,-1,-1,-1
322,31868,389.17,183.14,53.00,137.76,1,-1,-1,-1
322,31870,450.91,172.03,53.38,165.00,1,-1,-1,-1
322,31871,240.54,202.01,38.92,103.94,1,-1,-1,-1
322,31872,273.00,214.00,20.00,71.00,1,-1,-1,-1
322,31873,296.00,214.00,18.00,72.00,1,-1,-1,-1
322,31874,127.00,218.00,25.00,65.00,1,-1,-1,-1
322,31875,47.00,188.00,33.00,121.00,1,-1,-1,-1
323,31840,219.88,201.51,33.70,101.12,1,-1,-1,-1
323,31868,390.26,183.25,52.53,137.78,1,-1,-1,-1
323,31870,452.01,172.27,52.99,164.97,1,-1,-1,-1
323,31871,240.50,201.93,38.96,104.75,1,-1,-1,-1
323,31872,273.00,214.00,20.00,71.00,1,-1,-1,-1
323,31873,296.00,214.00,18.00,72.00,1,-1,-1,-1
323,31874,127.00,218.00,25.00,65.00,1,-1,-1,-1
323,31875,47.00,188.00,33.00,121.00,1,-1,-1,-1
324,31840,219.97,201.49,33.72,101.16,1,-1,-1,-1
324,31868,390.74,183.28,52.11,137.81,1,-1,-1,-1
324,31870,452.44,172.34,52.64,164.96,1,-1,-1,-1
324,31871,240.57,201.91,38.82,105.00,1,-1,-1,-1
324,31872,273.00,214.00,20.00,71.00,1,-1,-1,-1
324,31873,296.00,214.00,18.00,72.00,1,-1,-1,-1
324,31874,127.00,218.00,25.00,65.00,1,-1,-1,-1
324,31875,47.00,188.00,33.00,121.00,1,-1,-1,-1
325,31840,220.16,201.45,33.74,101.24,1,-1,-1,-1
325,31868,390.98,183.27,51.72,137.82,1,-1,-1,-1
325,31870,452.61,172.34,52.31,164.96,1,-1,-1,-1
325,31871,240.67,201.91,38.61,105.03,1,-1,-1,-1
325,31872,273.00,214.00,20.00,71.00,1,-1,-1,-1
325,31873,296.00,214.00,18.00,72.00,1,-1,-1,-1
325,31874,127.00,218.00,25.00,65.00,1,-1,-1,-1
325,31875,47.00,188.00,33.00,121.00,1,-1,-1,-1
326,31840,220.36,201.40,33.77,101.32,1,-1,-1,-1
326,31868,391.12,183.25,51.37,137.84,1,-1,-1,-1
326,31870,452.68,172.32,52.01,164.96,1,-1,-1,-1
326,31871,240.78,201.91,38.39,104.99,1,-1,-1,-1
326,31872,273.00,214.00,20.00,71.00,1,-1,-1,-1
326,31873,296.00,214.00,18.00,72.00,1,-1,-1,-1
326,31874,127.00,218.00,25.00,65.00,1,-1,-1,-1
326,31875,47.00,188.00,33.00,121.00,1,-1,-1,-1
327,31840,220.54,201.35,33.80,101.40,1,-1,-1,-1
327,31868,391.22,183.23,51.05,137.86,1,-1,-1,-1
327,31870,452.71,172.29,51.74,164.96,1,-1,-1,-1
327,31871,240.89,201.92,38.18,104.92,1,-1,-1,-1
327,31872,273.00,214.00,20.00,71.00,1,-1,-1,-1
327,31873,296.00,214.00,18.00,72.00,1,-1,-1,-1
327,31874,127.00,218.00,25.00,65.00,1,-1,-1,-1
327,31875,47.00,188.00,33.00,121.00,1,-1,-1,-1
328,31840,220.70,201.32,33.82,101.46,1,-1,-1,-1
328,31868,391.30,183.21,50.76,137.87,1,-1,-1,-1
328,31870,452.74,172.26,51.48,164.97,1,-1,-1,-1
328,31871,240.99,201.93,37.98,104.85,1,-1,-1,-1
328,31872,273.00,214.00,20.00,71.00,1,-1,-1,-1
328,31873,296.00,214.00,18.00,72.00,1,-1,-1,-1
328,31874,127.00,218.00,25.00,65.00,1,-1,-1,-1
328,31875,47.00,188.00,33.00,121.00,1,-1,-1,-1
329,31840,220.84,201.28,33.84,101.52,1,-1,-1,-1
329,31868,391.37,183.19,50.50,137.88,1,-1,-1,-1
329,31870,452.76,172.24,51.26,164.97,1,-1,-1,-1
329,31871,241.08,201.93,37.80,104.77,1,-1,-1,-1
329,31872,273.00,214.00,20.00,71.00,1,-1,-1,-1
329,31873,296.00,214.00,18.00,72.00,1,-1,-1,-1
329,31874,127.00,218.00,25.00,65.00,1,-1,-1,-1
329,31875,47.00,188.00,33.00,121.00,1,-1,-1,-1
330,31840,220.97,201.25,33.86,101.57,1,-1,-1,-1
330,31868,391.43,183.17,50.26,137.89,1,-1,-1,-1
330,31870,452.77,172.21,51.05,164.97,1,-1,-1,-1
330,31871,241.17,201.94,37.63,104.70,1,-1,-1,-1
330,31872,273.00,214.00,20.00,71.00,1,-1,-1,-1
330,31873,296.00,214.00,18.00,72.00,1,-1,-1,-1
330,31874,127.00,218.00,25.00,65.00,1,-1,-1,-1
330,31875,47.00,188.00,33.00,121.00,1,-1,-1,-1
331,31840,219.29,201.66,33.63,100.88,1,-1,-1,-1
331,31868,404.26,179.89,51.28,137.90,1,-1,-1,-1
331,31870,465.76,168.27,51.08,163.01,1,-1,-1,-1
331,31871,230.45,186.39,46.76,131.86,1,-1,-1,-1
331,31872,273.00,214.00,20.00,71.00,1,-1,-1,-1
331,31873,296.00,214.00,18.00,72.00,1,-1,-1,-1
331,31874,127.00,218.00,25.00,65.00,1,-1,-1,-1
331,31875,47.00,188.00,33.00,121.00,1,-1,-1,-1
332,31868,408.81,178.64,52.20,137.91,1,-1,-1,-1
332,31870,470.47,166.76,51.44,162.27,1,-1,-1,-1
332,31871,226.81,180.81,49.62,141.65,1,-1,-1,-1
333,31868,410.23,178.17,53.04,137.92,1,-1,-1,-1
333,31870,472.01,166.19,51.88,162.00,1,-1,-1,-1
333,31871,225.43,178.42,50.49,145.78,1,-1,-1,-1
334,31868,410.47,177.99,53.80,137.93,1,-1,-1,-1
334,31870,472.36,165.99,52.33,161.91,1,-1,-1,-1
334,31871,225.06,177.50,50.50,147.35,1,-1,-1,-1
335,31868,410.29,177.93,54.48,137.94,1,-1,-1,-1
335,31870,472.28,165.92,52.76,161.88,1,-1,-1,-1
335,31871,225.09,177.19,50.19,147.86,1,-1,-1,-1
336,31868,409.98,177.92,55.10,137.94,1,-1,-1,-1
336,31870,472.06,165.90,53.16,161.88,1,-1,-1,-1
336,31871,225.26,177.11,49.79,147.95,1,-1,-1,-1
337,31868,409.64,177.92,55.66,137.95,1,-1,-1,-1
337,31870,471.80,165.90,53.52,161.89,1,-1,-1,-1
337,31871,225.47,177.13,49.38,147.90,1,-1,-1,-1
338,31868,409.30,177.92,56.17,137.95,1,-1,-1,-1
338,31870,471.55,165.90,53.85,161.89,1,-1,-1,-1
338,31871,225.69,177.17,48.98,147.78,1,-1,-1,-1
339,31868,408.99,177.93,56.63,137.96,1,-1,-1,-1
339,31870,471.31,165.91,54.15,161.90,1,-1,-1,-1
339,31871,225.90,177.23,48.61,147.65,1,-1,-1,-1
340,31868,408.71,177.93,57.04,137.96,1,-1,-1,-1
340,31870,471.09,165.92,54.42,161.91,1,-1,-1,-1
340,31871,226.09,177.29,48.27,147.52,1,-1,-1,-1
341,31868,408.45,177.94,57.42,137.97,1,-1,-1,-1
341,31870,470.89,165.93,54.66,161.92,1,-1,-1,-1
341,31871,226.27,177.35,47.97,147.39,1,-1,-1,-1
342,31868,407.31,181.21,55.65,131.44,1,-1,-1,-1
342,31870,474.43,171.16,55.30,158.01,1,-1,-1,-1
342,31871,225.51,176.34,48.68,149.58,1,-1,-1,-1
342,31872,242.17,200.33,27.00,92.48,1,-1,-1,-1
342,31873,274.10,196.43,25.69,100.31,1,-1,-1,-1
342,31876,137.00,163.00,94.00,211.00,1,-1,-1,-1
342,31877,97.00,160.00,79.00,199.00,1,-1,-1,-1
343,31868,406.59,182.47,55.44,128.94,1,-1,-1,-1
343,31870,475.23,173.16,56.53,156.52,1,-1,-1,-1
343,31872,240.64,199.81,27.96,93.30,1,-1,-1,-1
343,31873,273.02,195.75,26.44,101.41,1,-1,-1,-1
343,31876,137.00,163.00,94.00,211.00,1,-1,-1,-1
343,31877,97.00,160.00,79.00,199.00,1,-1,-1,-1
344,31868,406.08,182.92,55.81,128.04,1,-1,-1,-1
344,31870,475.02,173.89,57.92,155.99,1,-1,-1,-1
344,31872,239.95,199.63,28.61,93.58,1,-1,-1,-1
344,31873,272.55,195.51,26.90,101.78,1,-1,-1,-1
344,31876,137.00,163.00,94.00,211.00,1,-1,-1,-1
344,31877,97.00,160.00,79.00,199.00,1,-1,-1,-1
345,31868,405.67,183.08,56.36,127.73,1,-1,-1,-1
345,31870,474.48,174.15,59.28,155.80,1,-1,-1,-1
345,31872,239.62,199.58,29.10,93.65,1,-1,-1,-1
345,31873,272.32,195.45,27.23,101.88,1,-1,-1,-1
345,31876,137.00,163.00,94.00,211.00,1,-1,-1,-1
345,31877,97.00,160.00,79.00,199.00,1,-1,-1,-1
346,31868,405.31,183.13,56.94,127.65,1,-1,-1,-1
346,31870,473.85,174.23,60.56,155.75,1,-1,-1,-1
346,31872,239.44,199.59,29.47,93.65,1,-1,-1,-1
346,31873,272.21,195.46,27.47,101.88,1,-1,-1,-1
346,31876,137.00,163.00,94.00,211.00,1,-1,-1,-1
346,31877,97.00,160.00,79.00,199.00,1,-1,-1,-1
347,31868,404.99,183.14,57.50,127.64,1,-1,-1,-1
347,31870,473.23,174.24,61.73,155.75,1,-1,-1,-1
347,31872,239.33,199.61,29.78,93.61,1,-1,-1,-1
347,31873,272.13,195.48,27.67,101.83,1,-1,-1,-1
347,31876,137.00,163.00,94.00,211.00,1,-1,-1,-1
347,31877,97.00,160.00,79.00,199.00,1,-1,-1,-1
348,31868,404.70,183.14,58.01,127.66,1,-1,-1,-1
348,31870,472.65,174.23,62.80,155.76,1,-1,-1,-1
348,31872,239.25,199.64,30.04,93.57,1,-1,-1,-1
348,31873,272.09,195.52,27.83,101.78,1,-1,-1,-1
348,31876,137.00,163.00,94.00,211.00,1,-1,-1,-1
348,31877,97.00,160.00,79.00,199.00,1,-1,-1,-1
349,31868,404.45,183.12,58.49,127.68,1,-1,-1,-1
349,31870,472.12,174.21,63.76,155.78,1,-1,-1,-1
349,31872,239.20,199.67,30.26,93.53,1,-1,-1,-1
349,31873,272.06,195.55,27.96,101.72,1,-1,-1,-1
349,31876,137.00,163.00,94.00,211.00,1,-1,-1,-1
349,31877,97.00,160.00,79.00,199.00,1,-1,-1,-1
350,31868,404.21,183.11,58.91,127.71,1,-1,-1,-1
350,31870,471.63,174.20,64.64,155.80,1,-1,-1,-1
350,31872,239.16,199.69,30.45,93.48,1,-1,-1,-1
350,31873,272.04,195.59,28.08,101.66,1,-1,-1,-1
350,31876,137.00,163.00,94.00,211.00,1,-1,-1,-1
350,31877,97.00,160.00,79.00,199.00,1,-1,-1,-1
351,31868,404.00,183.10,59.30,127.74,1,-1,-1,-1
351,31870,471.19,174.18,65.44,155.82,1,-1,-1,-1
351,31872,239.13,199.72,30.62,93.44,1,-1,-1,-1
351,31873,272.03,195.63,28.18,101.60,1,-1,-1,-1
351,31876,137.00,163.00,94.00,211.00,1,-1,-1,-1
351,31877,97.00,160.00,79.00,199.00,1,-1,-1,-1
352,31868,403.81,183.09,59.65,127.77,1,-1,-1,-1
352,31870,470.79,174.16,66.15,155.84,1,-1,-1,-1
352,31872,239.11,199.74,30.76,93.40,1,-1,-1,-1
352,31873,272.02,195.66,28.27,101.55,1,-1,-1,-1
352,31876,137.00,163.00,94.00,211.00,1,-1,-1,-1
352,31877,97.00,160.00,79.00,199.00,1,-1,-1,-1
353,31868,394.47,185.70,62.59,134.34,1,-1,-1,-1
353,31870,471.44,174.42,66.04,155.57,1,-1,-1,-1
353,31871,200.95,193.89,35.19,110.45,1,-1,-1,-1
353,31872,241.43,198.47,33.34,101.80,1,-1,-1,-1
353,31873,271.34,195.12,28.51,102.42,1,-1,-1,-1
353,31876,137.00,163.00,94.00,211.00,1,-1,-1,-1
353,31877,97.00,160.00,79.00,199.00,1,-1,-1,-1
353,31878,540.00,208.00,39.00,101.00,1,-1,-1,-1
354,31868,391.04,186.67,63.61,136.78,1,-1,-1,-1
354,31871,200.36,194.89,33.95,108.23,1,-1,-1,-1
354,31872,242.35,198.00,34.19,104.92,1,-1,-1,-1
354,31878,540.00,208.00,39.00,101.00,1,-1,-1,-1
