9,6893,314.00,142.00,76.00,206.00,1,-1,-1,-1
10,6893,314.00,142.00,76.00,206.00,1,-1,-1,-1
11,6893,314.00,142.00,76.00,206.00,1,-1,-1,-1
12,6893,314.00,142.00,76.00,206.00,1,-1,-1,-1
13,6893,314.00,142.00,76.00,206.00,1,-1,-1,-1
14,6893,314.00,142.00,76.00,206.00,1,-1,-1,-1
15,6893,314.00,142.00,76.00,206.00,1,-1,-1,-1
16,6893,314.00,142.00,76.00,206.00,1,-1,-1,-1
17,6893,314.00,142.00,76.00,206.00,1,-1,-1,-1
25,6894,190.00,164.00,60.00,168.00,1,-1,-1,-1
25,6895,448.00,32.00,138.00,416.00,1,-1,-1,-1
26,6894,188.03,167.43,60.52,169.71,1,-1,-1,-1
27,6894,183.73,166.51,61.06,171.49,1,-1,-1,-1
28,6894,181.41,167.63,61.57,173.55,1,-1,-1,-1
29,6894,180.81,168.00,61.54,174.20,1,-1,-1,-1
30,6894,180.79,168.12,61.31,174.37,1,-1,-1,-1
31,6894,180.96,168.14,61.01,174.38,1,-1,-1,-1
32,6894,181.18,168.13,60.69,174.35,1,-1,-1,-1
33,6894,180.28,168.36,60.90,174.94,1,-1,-1,-1
41,6896,20.00,18.00,150.00,442.00,1,-1,-1,-1
42,6896,3.81,7.71,154.96,457.43,1,-1,-1,-1
43,6896,-5.47,8.96,155.63,461.48,1,-1,-1,-1
44,6896,-10.46,8.22,156.66,464.54,1,-1,-1,-1
97,6897,412.00,168.00,48.00,182.00,1,-1,-1,-1
97,6898,500.00,194.00,60.00,154.00,1,-1,-1,-1
98,6897,412.00,168.00,48.00,182.00,1,-1,-1,-1
98,6898,500.00,194.00,60.00,154.00,1,-1,-1,-1
99,6897,412.00,168.00,48.00,182.00,1,-1,-1,-1
99,6898,500.00,194.00,60.00,154.00,1,-1,-1,-1
100,6897,412.00,168.00,48.00,182.00,1,-1,-1,-1
100,6898,500.00,194.00,60.00,154.00,1,-1,-1,-1
101,6897,412.00,168.00,48.00,182.00,1,-1,-1,-1
101,6898,500.00,194.00,60.00,154.00,1,-1,-1,-1
102,6897,412.00,168.00,48.00,182.00,1,-1,-1,-1
102,6898,500.00,194.00,60.00,154.00,1,-1,-1,-1
103,6897,412.00,168.00,48.00,182.00,1,-1,-1,-1
103,6898,500.00,194.00,60.00,154.00,1,-1,-1,-1
104,6897,412.00,168.00,48.00,182.00,1,-1,-1,-1
104,6898,500.00,194.00,60.00,154.00,1,-1,-1,-1
105,6897,412.00,168.00,48.00,182.00,1,-1,-1,-1
105,6898,500.00,194.00,60.00,154.00,1,-1,-1,-1
121,6897,456.41,183.83,38.31,136.50,1,-1,-1,-1
122,6897,456.54,184.15,39.68,135.57,1,-1,-1,-1
123,6897,456.33,184.29,40.79,135.17,1,-1,-1,-1
124,6897,455.93,184.32,41.72,135.09,1,-1,-1,-1
125,6897,455.49,184.30,42.50,135.15,1,-1,-1,-1
126,6897,455.09,184.27,43.16,135.23,1,-1,-1,-1
127,6897,454.73,184.24,43.72,135.32,1,-1,-1,-1
128,6897,454.42,184.21,44.20,135.40,1,-1,-1,-1
129,6897,458.43,172.26,53.30,163.29,1,-1,-1,-1
129,6899,486.00,150.00,64.00,204.00,1,-1,-1,-1
130,6897,459.89,168.03,56.51,173.15,1,-1,-1,-1
130,6899,486.00,150.00,64.00,204.00,1,-1,-1,-1
131,6897,460.44,166.29,57.83,177.23,1,-1,-1,-1
131,6899,486.00,150.00,64.00,204.00,1,-1,-1,-1
132,6897,461.73,164.99,58.77,180.11,1,-1,-1,-1
132,6899,485.97,155.94,65.55,208.45,1,-1,-1,-1
132,6900,544.00,142.00,58.00,230.00,1,-1,-1,-1
133,6899,492.46,150.76,67.40,212.81,1,-1,-1,-1
134,6899,494.54,148.86,68.40,214.28,1,-1,-1,-1
135,6899,495.03,148.17,69.11,214.70,1,-1,-1,-1
136,6899,494.94,147.93,69.72,214.77,1,-1,-1,-1
137,6899,496.35,147.57,70.19,216.23,1,-1,-1,-1
137,6901,84.00,178.00,46.00,154.00,1,-1,-1,-1
138,6901,84.00,178.00,46.00,154.00,1,-1,-1,-1
139,6901,84.00,178.00,46.00,154.00,1,-1,-1,-1
140,6901,84.00,178.00,46.00,154.00,1,-1,-1,-1
141,6901,84.00,178.00,46.00,154.00,1,-1,-1,-1
142,6901,84.00,178.00,46.00,154.00,1,-1,-1,-1
143,6901,84.00,178.00,46.00,154.00,1,-1,-1,-1
144,6901,84.00,178.00,46.00,154.00,1,-1,-1,-1
145,6901,84.00,178.00,46.00,154.00,1,-1,-1,-1
161,6902,124.00,170.00,62.00,162.00,1,-1,-1,-1
162,6899,130.33,171.79,56.56,162.57,1,-1,-1,-1
163,6899,125.13,170.55,58.64,166.50,1,-1,-1,-1
163,6901,95.67,166.10,52.40,175.81,1,-1,-1,-1
164,6899,122.35,170.39,59.34,167.08,1,-1,-1,-1
164,6901,95.97,165.84,52.46,176.29,1,-1,-1,-1
165,6899,119.09,170.31,61.13,175.52,1,-1,-1,-1
165,6901,93.24,167.04,54.26,180.34,1,-1,-1,-1
166,6899,116.21,166.28,64.50,185.27,1,-1,-1,-1
166,6901,89.41,162.37,59.23,190.83,1,-1,-1,-1
167,6899,115.28,162.12,66.13,190.26,1,-1,-1,-1
167,6901,85.20,156.80,62.81,197.36,1,-1,-1,-1
168,6899,114.39,160.51,65.95,189.52,1,-1,-1,-1
168,6901,84.04,153.34,65.72,201.16,1,-1,-1,-1
169,6899,90.66,155.97,69.97,200.97,1,-1,-1,-1
169,6901,52.33,152.02,65.58,203.85,1,-1,-1,-1
169,6903,544.00,180.00,50.00,152.00,1,-1,-1,-1
170,6899,82.32,153.01,73.24,212.89,1,-1,-1,-1
170,6901,49.74,150.72,66.37,206.30,1,-1,-1,-1
171,6899,76.88,145.54,78.05,227.63,1,-1,-1,-1
172,6899,75.01,142.62,79.77,233.36,1,-1,-1,-1
173,6899,74.65,141.52,80.29,235.49,1,-1,-1,-1
174,6899,74.83,141.15,80.34,236.18,1,-1,-1,-1
175,6899,75.18,141.06,80.22,236.30,1,-1,-1,-1
176,6899,75.57,141.08,80.04,236.23,1,-1,-1,-1
177,6899,69.62,139.57,81.27,239.84,1,-1,-1,-1
177,6901,-1.55,106.47,105.40,332.36,1,-1,-1,-1
178,6901,-7.02,97.71,107.64,348.85,1,-1,-1,-1
179,6901,-8.63,94.01,107.36,355.65,1,-1,-1,-1
180,6901,-8.65,92.61,106.18,358.15,1,-1,-1,-1
181,6901,-8.13,92.15,104.80,358.90,1,-1,-1,-1
182,6901,-7.46,92.05,103.48,358.97,1,-1,-1,-1
183,6901,-6.78,92.10,102.29,358.79,1,-1,-1,-1
184,6901,-6.15,92.21,101.22,358.50,1,-1,-1,-1
185,6901,-9.55,89.38,103.22,365.58,1,-1,-1,-1
193,6901,41.82,144.83,58.00,200.68,1,-1,-1,-1
194,6901,41.58,132.23,58.88,204.52,1,-1,-1,-1
195,6901,41.79,130.69,58.62,204.22,1,-1,-1,-1
196,6901,41.86,130.16,58.50,204.32,1,-1,-1,-1
197,6901,41.88,129.97,58.44,204.54,1,-1,-1,-1
198,6901,41.89,129.92,58.41,204.75,1,-1,-1,-1
199,6901,41.89,129.91,58.37,204.93,1,-1,-1,-1
200,6901,41.90,129.91,58.34,205.08,1,-1,-1,-1
201,6901,42.22,129.75,57.91,203.58,1,-1,-1,-1
249,6904,366.00,200.00,46.00,132.00,1,-1,-1,-1
250,6904,366.00,200.00,46.00,132.00,1,-1,-1,-1
251,6904,366.00,200.00,46.00,132.00,1,-1,-1,-1
252,6904,366.00,200.00,46.00,132.00,1,-1,-1,-1
253,6904,366.00,200.00,46.00,132.00,1,-1,-1,-1
254,6904,366.00,200.00,46.00,132.00,1,-1,-1,-1
255,6904,366.00,200.00,46.00,132.00,1,-1,-1,-1
256,6904,366.00,200.00,46.00,132.00,1,-1,-1,-1
257,6904,366.00,200.00,46.00,132.00,1,-1,-1,-1
257,6905,438.00,158.00,76.00,208.00,1,-1,-1,-1
257,6906,214.00,180.00,48.00,150.00,1,-1,-1,-1
258,6905,438.00,158.00,76.00,208.00,1,-1,-1,-1
258,6906,214.00,180.00,48.00,150.00,1,-1,-1,-1
259,6905,438.00,158.00,76.00,208.00,1,-1,-1,-1
259,6906,214.00,180.00,48.00,150.00,1,-1,-1,-1
260,6905,438.00,158.00,76.00,208.00,1,-1,-1,-1
260,6906,214.00,180.00,48.00,150.00,1,-1,-1,-1
261,6905,438.00,158.00,76.00,208.00,1,-1,-1,-1
261,6906,214.00,180.00,48.00,150.00,1,-1,-1,-1
262,6905,438.00,158.00,76.00,208.00,1,-1,-1,-1
262,6906,214.00,180.00,48.00,150.00,1,-1,-1,-1
263,6905,438.00,158.00,76.00,208.00,1,-1,-1,-1
263,6906,214.00,180.00,48.00,150.00,1,-1,-1,-1
264,6905,438.00,158.00,76.00,208.00,1,-1,-1,-1
264,6906,214.00,180.00,48.00,150.00,1,-1,-1,-1
265,6905,438.00,158.00,76.00,208.00,1,-1,-1,-1
265,6906,214.00,180.00,48.00,150.00,1,-1,-1,-1
313,6907,32.00,160.00,56.00,170.00,1,-1,-1,-1
314,6907,32.00,160.00,56.00,170.00,1,-1,-1,-1
315,6907,32.00,160.00,56.00,170.00,1,-1,-1,-1
316,6907,32.00,160.00,56.00,170.00,1,-1,-1,-1
317,6907,32.00,160.00,56.00,170.00,1,-1,-1,-1
318,6907,32.00,160.00,56.00,170.00,1,-1,-1,-1
319,6907,32.00,160.00,56.00,170.00,1,-1,-1,-1
320,6907,32.00,160.00,56.00,170.00,1,-1,-1,-1
321,6907,32.00,160.00,56.00,170.00,1,-1,-1,-1
329,6907,34.26,169.67,59.21,170.00,1,-1,-1,-1
330,6907,33.14,170.12,61.82,170.00,1,-1,-1,-1
331,6907,32.12,170.28,63.99,170.00,1,-1,-1,-1
332,6907,31.22,170.32,65.82,170.00,1,-1,-1,-1
333,6907,30.43,170.32,67.39,170.00,1,-1,-1,-1
334,6907,29.74,170.29,68.75,170.00,1,-1,-1,-1
335,6907,29.14,170.27,69.94,170.00,1,-1,-1,-1
336,6907,28.61,170.24,70.98,170.00,1,-1,-1,-1
337,6907,19.21,166.30,75.37,187.00,1,-1,-1,-1
338,6907,18.37,166.29,76.01,188.58,1,-1,-1,-1
345,6908,122.00,160.00,72.00,190.00,1,-1,-1,-1
346,6908,113.68,149.71,78.35,207.14,1,-1,-1,-1
347,6908,108.05,149.45,79.22,210.00,1,-1,-1,-1
348,6908,93.97,158.20,79.10,209.33,1,-1,-1,-1
349,6908,89.15,161.36,79.09,208.91,1,-1,-1,-1
350,6908,87.71,162.38,79.17,208.67,1,-1,-1,-1
351,6908,87.39,162.66,79.30,208.53,1,-1,-1,-1
352,6908,87.42,162.69,79.45,208.43,1,-1,-1,-1
353,6908,84.05,163.95,79.71,209.11,1,-1,-1,-1
393,6909,82.00,164.00,72.00,162.00,1,-1,-1,-1
394,6909,82.00,164.00,72.00,162.00,1,-1,-1,-1
395,6909,82.00,164.00,72.00,162.00,1,-1,-1,-1
396,6909,82.00,164.00,72.00,162.00,1,-1,-1,-1
397,6909,82.00,164.00,72.00,162.00,1,-1,-1,-1
398,6909,82.00,164.00,72.00,162.00,1,-1,-1,-1
399,6909,82.00,164.00,72.00,162.00,1,-1,-1,-1
400,6909,82.00,164.00,72.00,162.00,1,-1,-1,-1
401,6909,82.00,164.00,72.00,162.00,1,-1,-1,-1
401,6910,40.00,138.00,62.00,228.00,1,-1,-1,-1
402,6910,40.00,138.00,62.00,228.00,1,-1,-1,-1
403,6910,40.00,138.00,62.00,228.00,1,-1,-1,-1
404,6910,40.00,138.00,62.00,228.00,1,-1,-1,-1
405,6910,40.00,138.00,62.00,228.00,1,-1,-1,-1
406,6910,40.00,138.00,62.00,228.00,1,-1,-1,-1
407,6910,40.00,138.00,62.00,228.00,1,-1,-1,-1
408,6910,40.00,138.00,62.00,228.00,1,-1,-1,-1
409,6910,40.00,138.00,62.00,228.00,1,-1,-1,-1
489,6911,410.00,162.00,60.00,198.00,1,-1,-1,-1
489,6912,326.00,234.00,22.00,60.00,1,-1,-1,-1
490,6911,410.00,162.00,60.00,198.00,1,-1,-1,-1
490,6912,326.00,234.00,22.00,60.00,1,-1,-1,-1
491,6911,410.00,162.00,60.00,198.00,1,-1,-1,-1
491,6912,326.00,234.00,22.00,60.00,1,-1,-1,-1
492,6911,410.00,162.00,60.00,198.00,1,-1,-1,-1
492,6912,326.00,234.00,22.00,60.00,1,-1,-1,-1
493,6911,410.00,162.00,60.00,198.00,1,-1,-1,-1
493,6912,326.00,234.00,22.00,60.00,1,-1,-1,-1
494,6911,410.00,162.00,60.00,198.00,1,-1,-1,-1
494,6912,326.00,234.00,22.00,60.00,1,-1,-1,-1
495,6911,410.00,162.00,60.00,198.00,1,-1,-1,-1
495,6912,326.00,234.00,22.00,60.00,1,-1,-1,-1
496,6911,410.00,162.00,60.00,198.00,1,-1,-1,-1
496,6912,326.00,234.00,22.00,60.00,1,-1,-1,-1
497,6911,410.00,162.00,60.00,198.00,1,-1,-1,-1
497,6912,326.00,234.00,22.00,60.00,1,-1,-1,-1
513,6913,30.00,184.00,54.00,168.00,1,-1,-1,-1
514,6913,30.00,184.00,54.00,168.00,1,-1,-1,-1
515,6913,30.00,184.00,54.00,168.00,1,-1,-1,-1
516,6913,30.00,184.00,54.00,168.00,1,-1,-1,-1
517,6913,30.00,184.00,54.00,168.00,1,-1,-1,-1
518,6913,30.00,184.00,54.00,168.00,1,-1,-1,-1
519,6913,30.00,184.00,54.00,168.00,1,-1,-1,-1
520,6913,30.00,184.00,54.00,168.00,1,-1,-1,-1
521,6911,99.35,169.96,48.47,156.21,1,-1,-1,-1
521,6913,30.00,184.00,54.00,168.00,1,-1,-1,-1
522,6911,92.78,179.07,46.99,146.64,1,-1,-1,-1
522,6912,295.24,232.01,25.79,71.94,1,-1,-1,-1
523,6911,90.23,181.45,47.18,144.08,1,-1,-1,-1
523,6912,294.91,231.98,25.49,72.14,1,-1,-1,-1
524,6911,89.49,182.24,47.66,143.26,1,-1,-1,-1
524,6912,294.86,231.97,25.26,72.21,1,-1,-1,-1
525,6911,89.49,182.47,48.17,143.07,1,-1,-1,-1
525,6912,294.93,231.96,25.08,72.22,1,-1,-1,-1
526,6911,89.71,182.50,48.64,143.09,1,-1,-1,-1
526,6912,295.02,231.96,24.93,72.21,1,-1,-1,-1
527,6911,89.97,182.48,49.04,143.16,1,-1,-1,-1
527,6912,295.12,231.97,24.81,72.20,1,-1,-1,-1
528,6911,90.21,182.43,49.38,143.25,1,-1,-1,-1
528,6912,295.21,231.97,24.71,72.18,1,-1,-1,-1
529,6911,85.36,183.15,48.96,142.01,1,-1,-1,-1
529,6912,294.46,231.92,24.81,72.47,1,-1,-1,-1
529,6913,34.04,137.59,65.25,206.67,1,-1,-1,-1
530,6913,34.70,135.32,64.89,208.57,1,-1,-1,-1
531,6913,35.16,134.53,64.29,209.23,1,-1,-1,-1
532,6913,35.52,134.32,63.66,209.40,1,-1,-1,-1
533,6913,35.81,134.33,63.07,209.39,1,-1,-1,-1
534,6913,36.06,134.42,62.54,209.32,1,-1,-1,-1
535,6913,36.27,134.54,62.07,209.22,1,-1,-1,-1
536,6913,36.45,134.66,61.66,209.12,1,-1,-1,-1
537,6913,36.63,132.52,62.18,210.90,1,-1,-1,-1
545,6913,140.29,172.91,49.36,159.52,1,-1,-1,-1
546,6913,140.98,169.43,52.40,160.92,1,-1,-1,-1
546,6914,342.00,188.00,70.00,142.00,1,-1,-1,-1
547,6913,141.02,168.77,54.49,161.03,1,-1,-1,-1
547,6914,342.00,188.00,70.00,142.00,1,-1,-1,-1
548,6913,140.39,168.50,56.19,161.13,1,-1,-1,-1
548,6914,342.00,188.00,70.00,142.00,1,-1,-1,-1
549,6913,139.55,168.37,57.60,161.23,1,-1,-1,-1
549,6914,342.00,188.00,70.00,142.00,1,-1,-1,-1
550,6913,138.73,168.30,58.80,161.32,1,-1,-1,-1
550,6914,342.00,188.00,70.00,142.00,1,-1,-1,-1
551,6913,137.99,168.26,59.82,161.40,1,-1,-1,-1
551,6914,342.00,188.00,70.00,142.00,1,-1,-1,-1
552,6913,137.34,168.22,60.71,161.47,1,-1,-1,-1
552,6914,342.00,188.00,70.00,142.00,1,-1,-1,-1
553,6913,140.25,168.58,60.39,160.61,1,-1,-1,-1
553,6914,345.63,182.53,72.32,147.47,1,-1,-1,-1
553,6915,86.00,112.00,78.00,252.00,1,-1,-1,-1
554,6914,348.55,184.55,72.60,148.11,1,-1,-1,-1
554,6915,82.11,112.00,80.63,260.57,1,-1,-1,-1
555,6914,350.97,185.36,72.67,146.99,1,-1,-1,-1
556,6914,351.66,185.68,73.04,146.53,1,-1,-1,-1
557,6914,351.71,185.81,73.53,146.34,1,-1,-1,-1
558,6914,351.52,185.87,74.03,146.25,1,-1,-1,-1
559,6914,351.26,185.90,74.52,146.20,1,-1,-1,-1
560,6914,350.98,185.92,74.99,146.17,1,-1,-1,-1
561,6914,353.42,183.30,73.98,148.78,1,-1,-1,-1
561,6916,398.00,186.00,54.00,152.00,1,-1,-1,-1
562,6914,354.97,182.32,72.27,149.75,1,-1,-1,-1
562,6916,398.00,186.00,54.00,152.00,1,-1,-1,-1
563,6914,359.31,184.57,70.60,150.10,1,-1,-1,-1
563,6916,395.99,189.00,55.03,155.00,1,-1,-1,-1
564,6914,360.80,184.13,70.22,151.52,1,-1,-1,-1
564,6916,393.82,188.53,56.89,160.41,1,-1,-1,-1
564,6917,548.00,170.00,48.00,166.00,1,-1,-1,-1
565,6914,366.11,186.58,68.31,148.14,1,-1,-1,-1
565,6916,392.68,189.10,57.72,162.74,1,-1,-1,-1
566,6914,366.45,186.21,70.90,154.71,1,-1,-1,-1
566,6916,394.24,194.92,58.43,162.52,1,-1,-1,-1
567,6914,366.20,189.93,71.28,155.84,1,-1,-1,-1
567,6916,393.71,196.51,59.09,164.35,1,-1,-1,-1
568,6914,365.07,186.21,73.38,161.43,1,-1,-1,-1
568,6916,395.18,193.14,60.54,166.03,1,-1,-1,-1
569,6914,364.81,184.78,73.78,162.25,1,-1,-1,-1
569,6916,394.99,194.01,61.20,167.84,1,-1,-1,-1
570,6914,366.27,181.64,73.32,163.82,1,-1,-1,-1
571,6914,367.12,180.44,72.49,164.38,1,-1,-1,-1
572,6914,367.70,180.00,71.59,164.56,1,-1,-1,-1
573,6914,368.16,179.84,70.72,164.59,1,-1,-1,-1
574,6914,368.54,179.79,69.91,164.57,1,-1,-1,-1
575,6914,368.88,179.79,69.16,164.53,1,-1,-1,-1
576,6914,369.18,179.80,68.48,164.48,1,-1,-1,-1
577,6914,369.69,179.47,68.81,165.26,1,-1,-1,-1
585,6914,393.64,162.70,87.92,217.69,1,-1,-1,-1
586,6914,395.93,161.80,86.94,220.53,1,-1,-1,-1
587,6914,397.21,161.48,85.65,221.54,1,-1,-1,-1
588,6914,398.03,161.39,84.37,221.84,1,-1,-1,-1
589,6914,398.62,161.39,83.22,221.86,1,-1,-1,-1
590,6914,399.07,161.41,82.21,221.78,1,-1,-1,-1
591,6914,399.43,161.45,81.33,221.66,1,-1,-1,-1
592,6914,399.73,161.50,80.56,221.53,1,-1,-1,-1
593,6914,415.36,140.89,87.85,249.79,1,-1,-1,-1
593,6918,408.00,152.00,58.00,196.00,1,-1,-1,-1
593,6919,366.00,176.00,46.00,138.00,1,-1,-1,-1
594,6914,417.57,138.53,89.42,254.26,1,-1,-1,-1
594,6919,364.56,176.00,47.16,141.43,1,-1,-1,-1
594,6920,456.00,104.00,114.00,308.00,1,-1,-1,-1
595,6914,448.35,112.39,104.40,295.15,1,-1,-1,-1
595,6919,364.32,176.00,47.37,142.00,1,-1,-1,-1
596,6914,464.33,111.87,106.86,308.23,1,-1,-1,-1
596,6919,360.75,173.05,51.47,153.95,1,-1,-1,-1
596,6921,442.00,130.00,80.00,254.00,1,-1,-1,-1
597,6914,473.37,114.26,107.37,317.07,1,-1,-1,-1
597,6919,356.43,167.90,53.57,159.35,1,-1,-1,-1
597,6921,457.65,136.86,65.85,207.71,1,-1,-1,-1
598,6914,477.50,115.32,106.24,320.42,1,-1,-1,-1
598,6919,354.76,166.01,54.50,161.16,1,-1,-1,-1
598,6921,460.00,138.00,64.00,200.00,1,-1,-1,-1
599,6914,479.56,115.84,104.60,321.54,1,-1,-1,-1
599,6919,354.11,165.40,55.01,161.62,1,-1,-1,-1
599,6921,460.21,138.25,64.20,198.33,1,-1,-1,-1
600,6914,480.73,116.14,102.90,321.78,1,-1,-1,-1
600,6919,353.84,165.25,55.37,161.62,1,-1,-1,-1
600,6921,459.82,138.26,65.03,198.21,1,-1,-1,-1
601,6914,480.57,116.33,100.59,319.14,1,-1,-1,-1
601,6919,341.74,161.27,66.27,190.78,1,-1,-1,-1
601,6921,461.18,138.84,63.75,194.31,1,-1,-1,-1
602,6914,480.73,116.49,98.91,317.91,1,-1,-1,-1
602,6919,337.02,159.80,70.89,201.34,1,-1,-1,-1
603,6914,481.01,116.62,97.55,317.28,1,-1,-1,-1
603,6919,334.88,159.28,73.29,205.49,1,-1,-1,-1
604,6914,481.31,116.74,96.39,316.88,1,-1,-1,-1
604,6919,333.87,159.14,74.70,206.89,1,-1,-1,-1
605,6914,481.58,116.85,95.36,316.59,1,-1,-1,-1
605,6919,333.31,159.14,75.69,207.22,1,-1,-1,-1
606,6914,481.83,116.95,94.45,316.34,1,-1,-1,-1
606,6919,332.94,159.19,76.48,207.16,1,-1,-1,-1
607,6914,482.05,117.05,93.63,316.13,1,-1,-1,-1
607,6919,332.65,159.25,77.17,206.95,1,-1,-1,-1
608,6914,482.25,117.13,92.89,315.93,1,-1,-1,-1
608,6919,332.41,159.32,77.79,206.72,1,-1,-1,-1
609,6914,484.48,115.76,93.79,318.98,1,-1,-1,-1
609,6919,330.51,158.26,79.39,210.97,1,-1,-1,-1
609,6922,232.00,72.00,164.00,360.00,1,-1,-1,-1
610,6922,232.00,72.00,164.00,360.00,1,-1,-1,-1
611,6922,232.00,72.00,164.00,360.00,1,-1,-1,-1
612,6922,232.00,72.00,164.00,360.00,1,-1,-1,-1
613,6922,232.00,72.00,164.00,360.00,1,-1,-1,-1
614,6922,232.00,72.00,164.00,360.00,1,-1,-1,-1
615,6922,232.00,72.00,164.00,360.00,1,-1,-1,-1
616,6922,232.00,72.00,164.00,360.00,1,-1,-1,-1
617,6922,232.00,72.00,164.00,360.00,1,-1,-1,-1
617,6923,12.00,0.00,258.00,510.00,1,-1,-1,-1
618,6923,12.00,0.00,258.00,510.00,1,-1,-1,-1
619,6923,12.00,0.00,258.00,510.00,1,-1,-1,-1
620,6923,12.00,0.00,258.00,510.00,1,-1,-1,-1
621,6923,12.00,0.00,258.00,510.00,1,-1,-1,-1
622,6923,12.00,0.00,258.00,510.00,1,-1,-1,-1
623,6923,12.00,0.00,258.00,510.00,1,-1,-1,-1
624,6923,12.00,0.00,258.00,510.00,1,-1,-1,-1
625,6923,12.00,0.00,258.00,510.00,1,-1,-1,-1
633,6922,438.80,172.90,66.95,154.25,1,-1,-1,-1
633,6924,230.00,190.00,46.00,138.00,1,-1,-1,-1
634,6922,439.93,172.62,65.86,156.53,1,-1,-1,-1
634,6924,228.80,191.71,44.96,134.57,1,-1,-1,-1
635,6922,445.01,176.30,61.18,149.35,1,-1,-1,-1
635,6924,228.35,190.48,45.29,135.52,1,-1,-1,-1
636,6922,448.59,175.70,60.70,152.09,1,-1,-1,-1
636,6924,224.22,184.12,48.95,146.26,1,-1,-1,-1
637,6922,449.87,175.35,59.87,153.27,1,-1,-1,-1
637,6924,222.82,182.00,50.24,149.86,1,-1,-1,-1
638,6922,450.32,175.09,59.06,153.95,1,-1,-1,-1
638,6924,222.35,181.34,50.71,151.00,1,-1,-1,-1
639,6922,450.52,174.90,58.32,154.37,1,-1,-1,-1
639,6924,222.22,181.20,50.89,151.26,1,-1,-1,-1
640,6922,450.64,174.76,57.65,154.65,1,-1,-1,-1
640,6924,222.19,181.23,50.98,151.22,1,-1,-1,-1
641,6922,458.00,173.30,58.77,158.90,1,-1,-1,-1
641,6924,217.24,178.63,52.93,156.46,1,-1,-1,-1
641,6925,176.00,176.00,64.00,158.00,1,-1,-1,-1
642,6922,458.58,171.41,64.57,176.44,1,-1,-1,-1
642,6924,194.58,176.39,56.00,160.96,1,-1,-1,-1
643,6922,461.64,171.95,64.91,177.39,1,-1,-1,-1
643,6924,180.77,171.68,59.66,167.81,1,-1,-1,-1
644,6924,175.18,169.91,61.82,170.37,1,-1,-1,-1
645,6924,172.82,169.29,63.33,171.25,1,-1,-1,-1
646,6924,171.75,169.12,64.53,171.48,1,-1,-1,-1
647,6924,171.19,169.11,65.58,171.47,1,-1,-1,-1
648,6924,170.82,169.16,66.52,171.37,1,-1,-1,-1
649,6924,145.18,162.74,72.66,185.54,1,-1,-1,-1
650,6924,134.48,166.64,73.43,184.53,1,-1,-1,-1
651,6924,130.11,168.33,74.27,183.95,1,-1,-1,-1
652,6924,128.34,169.02,75.11,183.63,1,-1,-1,-1
653,6924,127.57,169.32,75.92,183.42,1,-1,-1,-1
654,6924,127.21,169.46,76.67,183.27,1,-1,-1,-1
655,6924,127.01,169.54,77.35,183.15,1,-1,-1,-1
656,6924,126.88,169.60,77.98,183.04,1,-1,-1,-1
657,6922,495.04,178.03,62.48,172.39,1,-1,-1,-1
657,6924,123.12,168.98,78.68,184.68,1,-1,-1,-1
657,6926,64.00,126.00,118.00,282.00,1,-1,-1,-1
658,6922,495.83,178.14,61.97,172.11,1,-1,-1,-1
658,6926,64.00,126.00,118.00,282.00,1,-1,-1,-1
659,6922,496.26,178.20,61.63,172.03,1,-1,-1,-1
659,6926,64.00,126.00,118.00,282.00,1,-1,-1,-1
660,6922,496.42,178.20,61.39,172.00,1,-1,-1,-1
660,6926,64.00,126.00,118.00,282.00,1,-1,-1,-1
661,6922,496.45,178.19,61.20,171.99,1,-1,-1,-1
661,6926,64.00,126.00,118.00,282.00,1,-1,-1,-1
662,6922,496.44,178.18,61.05,171.98,1,-1,-1,-1
662,6926,64.00,126.00,118.00,282.00,1,-1,-1,-1
663,6922,496.41,178.16,60.92,171.98,1,-1,-1,-1
663,6926,64.00,126.00,118.00,282.00,1,-1,-1,-1
664,6922,496.37,178.14,60.82,171.98,1,-1,-1,-1
664,6926,64.00,126.00,118.00,282.00,1,-1,-1,-1
665,6922,518.40,168.95,67.72,187.72,1,-1,-1,-1
665,6926,16.41,94.88,141.46,342.90,1,-1,-1,-1
666,6922,525.19,163.04,72.90,199.84,1,-1,-1,-1
666,6926,-8.36,87.68,147.32,365.47,1,-1,-1,-1
667,6922,527.59,160.71,75.36,204.61,1,-1,-1,-1
667,6926,-17.53,84.86,147.56,374.62,1,-1,-1,-1
668,6922,528.23,159.81,76.66,206.44,1,-1,-1,-1
668,6926,-19.89,83.92,145.52,377.90,1,-1,-1,-1
669,6922,528.21,159.50,77.46,207.06,1,-1,-1,-1
669,6926,-19.57,83.71,142.70,378.85,1,-1,-1,-1
670,6922,527.96,159.42,78.02,207.23,1,-1,-1,-1
670,6926,-18.29,83.77,139.73,378.90,1,-1,-1,-1
671,6922,527.64,159.42,78.46,207.23,1,-1,-1,-1
671,6926,-16.72,83.91,136.84,378.65,1,-1,-1,-1
672,6922,527.32,159.45,78.83,207.16,1,-1,-1,-1
672,6926,-15.13,84.08,134.12,378.30,1,-1,-1,-1
673,6922,529.75,158.57,79.55,209.03,1,-1,-1,-1
673,6926,-21.22,81.06,136.52,385.08,1,-1,-1,-1
713,6927,176.00,154.00,54.00,224.00,1,-1,-1,-1
714,6927,176.00,154.00,54.00,224.00,1,-1,-1,-1
715,6927,176.00,154.00,54.00,224.00,1,-1,-1,-1
716,6927,176.00,154.00,54.00,224.00,1,-1,-1,-1
717,6927,176.00,154.00,54.00,224.00,1,-1,-1,-1
718,6927,176.00,154.00,54.00,224.00,1,-1,-1,-1
719,6927,176.00,154.00,54.00,224.00,1,-1,-1,-1
720,6927,176.00,154.00,54.00,224.00,1,-1,-1,-1
721,6927,176.00,154.00,54.00,224.00,1,-1,-1,-1
721,6928,30.00,44.00,124.00,414.00,1,-1,-1,-1
722,6928,30.00,44.00,124.00,414.00,1,-1,-1,-1
723,6928,30.00,44.00,124.00,414.00,1,-1,-1,-1
724,6928,30.00,44.00,124.00,414.00,1,-1,-1,-1
725,6928,30.00,44.00,124.00,414.00,1,-1,-1,-1
726,6928,30.00,44.00,124.00,414.00,1,-1,-1,-1
727,6928,30.00,44.00,124.00,414.00,1,-1,-1,-1
728,6928,30.00,44.00,124.00,414.00,1,-1,-1,-1
729,6928,30.00,44.00,124.00,414.00,1,-1,-1,-1
729,6929,348.00,190.00,54.00,138.00,1,-1,-1,-1
730,6929,348.00,190.00,54.00,138.00,1,-1,-1,-1
731,6929,348.00,190.00,54.00,138.00,1,-1,-1,-1
732,6929,359.22,195.94,52.35,133.55,1,-1,-1,-1
733,6929,362.95,197.93,51.86,132.05,1,-1,-1,-1
734,6929,363.99,198.51,51.80,131.62,1,-1,-1,-1
735,6929,364.15,198.62,51.89,131.53,1,-1,-1,-1
736,6929,364.04,198.60,52.02,131.55,1,-1,-1,-1
737,6928,177.82,181.29,46.86,151.02,1,-1,-1,-1
737,6929,381.71,189.01,57.28,145.20,1,-1,-1,-1
737,6930,552.00,180.00,56.00,162.00,1,-1,-1,-1
738,6927,95.10,189.65,37.54,142.79,1,-1,-1,-1
738,6928,189.09,191.60,40.74,131.27,1,-1,-1,-1
738,6929,386.99,183.01,61.16,155.24,1,-1,-1,-1
739,6927,92.66,190.27,39.32,141.38,1,-1,-1,-1
739,6929,388.95,180.66,62.62,159.15,1,-1,-1,-1
740,6927,91.20,190.57,40.73,140.69,1,-1,-1,-1
740,6929,389.56,179.78,63.12,160.60,1,-1,-1,-1
741,6927,90.49,190.62,41.93,140.59,1,-1,-1,-1
741,6929,389.67,179.48,63.23,161.08,1,-1,-1,-1
742,6927,90.10,190.57,42.96,140.70,1,-1,-1,-1
742,6929,389.60,179.40,63.20,161.18,1,-1,-1,-1
743,6927,89.84,190.50,43.82,140.86,1,-1,-1,-1
743,6929,389.48,179.41,63.12,161.14,1,-1,-1,-1
744,6927,89.63,190.44,44.54,141.00,1,-1,-1,-1
744,6929,389.34,179.45,63.03,161.06,1,-1,-1,-1
745,6927,80.49,168.92,59.07,189.41,1,-1,-1,-1
745,6928,188.56,188.00,48.88,154.00,1,-1,-1,-1
745,6929,391.97,178.57,63.70,162.78,1,-1,-1,-1
745,6931,440.00,176.00,60.00,174.00,1,-1,-1,-1
745,6932,42.00,172.00,56.00,164.00,1,-1,-1,-1
746,6927,77.30,152.10,65.14,213.00,1,-1,-1,-1
746,6928,190.29,189.18,50.05,153.56,1,-1,-1,-1
746,6931,448.62,172.57,61.62,179.14,1,-1,-1,-1
746,6932,33.67,149.71,62.37,182.86,1,-1,-1,-1
747,6927,74.67,148.85,67.01,219.12,1,-1,-1,-1
747,6928,186.76,186.69,53.42,160.54,1,-1,-1,-1
747,6929,442.26,164.55,69.77,180.94,1,-1,-1,-1
748,6928,183.98,185.62,54.73,163.39,1,-1,-1,-1
748,6929,453.28,166.12,67.89,177.47,1,-1,-1,-1
749,6928,182.73,185.13,55.42,164.56,1,-1,-1,-1
749,6929,457.42,166.77,66.89,176.07,1,-1,-1,-1
750,6928,182.12,184.89,55.83,165.06,1,-1,-1,-1
750,6929,458.93,167.06,66.25,175.48,1,-1,-1,-1
751,6928,181.77,184.76,56.12,165.29,1,-1,-1,-1
751,6929,459.43,167.21,65.77,175.19,1,-1,-1,-1
752,6928,181.55,184.67,56.34,165.41,1,-1,-1,-1
752,6929,459.54,167.31,65.38,175.03,1,-1,-1,-1
753,6927,117.24,158.88,75.49,245.13,1,-1,-1,-1
753,6928,182.81,185.72,56.04,164.52,1,-1,-1,-1
753,6929,464.59,166.23,65.96,176.59,1,-1,-1,-1
753,6933,528.00,204.00,66.00,166.00,1,-1,-1,-1
754,6927,121.41,160.46,76.21,246.16,1,-1,-1,-1
754,6933,528.00,204.00,66.00,166.00,1,-1,-1,-1
755,6927,122.71,160.94,76.68,246.64,1,-1,-1,-1
755,6929,520.22,197.11,63.35,168.37,1,-1,-1,-1
756,6927,92.04,129.11,91.70,292.85,1,-1,-1,-1
756,6929,528.91,198.66,63.60,169.03,1,-1,-1,-1
757,6927,80.57,117.35,97.66,310.02,1,-1,-1,-1
758,6927,75.58,112.47,100.37,317.01,1,-1,-1,-1
759,6927,73.50,110.62,101.61,319.56,1,-1,-1,-1
760,6927,72.63,110.00,102.24,320.32,1,-1,-1,-1
761,6927,70.45,106.19,104.69,328.01,1,-1,-1,-1
761,6934,2.00,20.00,120.00,440.00,1,-1,-1,-1
762,6934,2.00,20.00,120.00,440.00,1,-1,-1,-1
763,6927,7.27,35.13,132.14,421.39,1,-1,-1,-1
764,6927,1.28,27.25,136.12,434.09,1,-1,-1,-1
777,6935,168.00,194.00,62.00,142.00,1,-1,-1,-1
778,6928,173.17,194.09,52.06,142.00,1,-1,-1,-1
779,6928,171.87,194.14,54.13,141.72,1,-1,-1,-1
780,6928,171.08,194.16,55.53,141.62,1,-1,-1,-1
781,6928,170.54,194.15,56.57,141.61,1,-1,-1,-1
782,6928,170.15,194.14,57.36,141.64,1,-1,-1,-1
783,6928,169.85,194.13,57.98,141.67,1,-1,-1,-1
784,6928,169.61,194.11,58.49,141.70,1,-1,-1,-1
785,6928,169.48,194.30,58.30,141.22,1,-1,-1,-1
825,6936,558.00,182.00,56.00,172.00,1,-1,-1,-1
826,6936,558.00,182.00,56.00,172.00,1,-1,-1,-1
827,6936,558.00,182.00,56.00,172.00,1,-1,-1,-1
828,6936,558.00,182.00,56.00,172.00,1,-1,-1,-1
829,6936,558.00,182.00,56.00,172.00,1,-1,-1,-1
830,6936,558.00,182.00,56.00,172.00,1,-1,-1,-1
831,6936,558.00,182.00,56.00,172.00,1,-1,-1,-1
832,6936,558.00,182.00,56.00,172.00,1,-1,-1,-1
833,6936,558.00,182.00,56.00,172.00,1,-1,-1,-1
833,6937,392.00,200.00,74.00,130.00,1,-1,-1,-1
834,6937,392.00,200.00,74.00,130.00,1,-1,-1,-1
835,6937,392.00,200.00,74.00,130.00,1,-1,-1,-1
836,6937,392.00,200.00,74.00,130.00,1,-1,-1,-1
837,6937,392.00,200.00,74.00,130.00,1,-1,-1,-1
838,6937,392.00,200.00,74.00,130.00,1,-1,-1,-1
839,6937,392.00,200.00,74.00,130.00,1,-1,-1,-1
840,6937,392.00,200.00,74.00,130.00,1,-1,-1,-1
841,6937,392.00,200.00,74.00,130.00,1,-1,-1,-1
841,6938,44.00,146.00,58.00,194.00,1,-1,-1,-1
842,6938,44.00,146.00,58.00,194.00,1,-1,-1,-1
843,6938,44.00,146.00,58.00,194.00,1,-1,-1,-1
844,6938,44.00,146.00,58.00,194.00,1,-1,-1,-1
845,6938,44.00,146.00,58.00,194.00,1,-1,-1,-1
846,6938,44.00,146.00,58.00,194.00,1,-1,-1,-1
847,6938,44.00,146.00,58.00,194.00,1,-1,-1,-1
848,6938,44.00,146.00,58.00,194.00,1,-1,-1,-1
849,6938,44.00,146.00,58.00,194.00,1,-1,-1,-1
849,6939,138.00,158.00,58.00,178.00,1,-1,-1,-1
850,6939,138.00,158.00,58.00,178.00,1,-1,-1,-1
851,6939,138.00,158.00,58.00,178.00,1,-1,-1,-1
852,6939,138.00,158.00,58.00,178.00,1,-1,-1,-1
853,6939,138.00,158.00,58.00,178.00,1,-1,-1,-1
854,6939,138.00,158.00,58.00,178.00,1,-1,-1,-1
855,6939,138.00,158.00,58.00,178.00,1,-1,-1,-1
856,6939,138.00,158.00,58.00,178.00,1,-1,-1,-1
857,6937,225.36,188.13,78.86,143.85,1,-1,-1,-1
857,6939,118.66,149.88,65.56,202.36,1,-1,-1,-1
858,6937,216.00,183.86,77.57,148.17,1,-1,-1,-1
858,6939,102.89,140.63,70.76,218.66,1,-1,-1,-1
859,6937,213.42,182.35,75.59,149.69,1,-1,-1,-1
859,6939,96.64,136.93,72.76,225.13,1,-1,-1,-1
860,6937,213.25,181.80,73.70,150.25,1,-1,-1,-1
860,6939,94.32,135.52,73.46,227.53,1,-1,-1,-1
861,6937,213.91,181.61,72.03,150.43,1,-1,-1,-1
861,6939,93.59,135.05,73.62,228.29,1,-1,-1,-1
862,6937,214.79,181.57,70.60,150.47,1,-1,-1,-1
862,6939,93.47,134.94,73.59,228.43,1,-1,-1,-1
863,6937,215.68,181.58,69.38,150.46,1,-1,-1,-1
863,6939,93.57,134.96,73.49,228.34,1,-1,-1,-1
864,6937,216.51,181.61,68.34,150.43,1,-1,-1,-1
864,6939,93.75,135.03,73.37,228.17,1,-1,-1,-1
865,6937,211.01,180.97,68.65,151.13,1,-1,-1,-1
865,6939,120.47,144.16,66.78,208.57,1,-1,-1,-1
866,6939,130.52,141.16,65.46,204.65,1,-1,-1,-1
867,6939,134.14,140.10,64.95,203.22,1,-1,-1,-1
868,6939,135.48,139.73,64.72,202.66,1,-1,-1,-1
869,6939,135.98,139.62,64.60,202.43,1,-1,-1,-1
870,6939,136.15,139.61,64.52,202.32,1,-1,-1,-1
871,6939,136.19,139.63,64.46,202.26,1,-1,-1,-1
872,6939,136.20,139.66,64.42,202.23,1,-1,-1,-1
873,6939,136.82,139.11,64.53,202.58,1,-1,-1,-1
873,6940,0.00,28.00,118.00,400.00,1,-1,-1,-1
874,6940,0.00,28.00,118.00,400.00,1,-1,-1,-1
875,6940,0.00,28.00,118.00,400.00,1,-1,-1,-1
876,6940,0.00,28.00,118.00,400.00,1,-1,-1,-1
877,6940,0.00,28.00,118.00,400.00,1,-1,-1,-1
878,6940,0.00,28.00,118.00,400.00,1,-1,-1,-1
879,6940,0.00,28.00,118.00,400.00,1,-1,-1,-1
880,6940,0.00,28.00,118.00,400.00,1,-1,-1,-1
881,6940,0.00,28.00,118.00,400.00,1,-1,-1,-1
921,6941,536.00,160.00,86.00,224.00,1,-1,-1,-1
921,6942,220.00,182.00,56.00,136.00,1,-1,-1,-1
922,6941,536.00,160.00,86.00,224.00,1,-1,-1,-1
922,6942,220.00,182.00,56.00,136.00,1,-1,-1,-1
923,6941,536.00,160.00,86.00,224.00,1,-1,-1,-1
923,6942,220.00,182.00,56.00,136.00,1,-1,-1,-1
924,6941,536.00,160.00,86.00,224.00,1,-1,-1,-1
924,6942,220.00,182.00,56.00,136.00,1,-1,-1,-1
925,6941,536.00,160.00,86.00,224.00,1,-1,-1,-1
925,6942,220.00,182.00,56.00,136.00,1,-1,-1,-1
926,6941,536.00,160.00,86.00,224.00,1,-1,-1,-1
926,6942,220.00,182.00,56.00,136.00,1,-1,-1,-1
927,6941,536.00,160.00,86.00,224.00,1,-1,-1,-1
927,6942,220.00,182.00,56.00,136.00,1,-1,-1,-1
928,6941,536.00,160.00,86.00,224.00,1,-1,-1,-1
928,6942,220.00,182.00,56.00,136.00,1,-1,-1,-1
929,6941,536.00,160.00,86.00,224.00,1,-1,-1,-1
929,6942,197.22,179.29,66.38,159.01,1,-1,-1,-1
930,6942,188.83,178.34,70.71,167.14,1,-1,-1,-1
931,6942,185.23,177.96,73.00,170.36,1,-1,-1,-1
932,6942,183.67,177.83,74.39,171.48,1,-1,-1,-1
933,6942,182.95,177.79,75.37,171.79,1,-1,-1,-1
934,6942,182.54,177.79,76.18,171.79,1,-1,-1,-1
935,6942,182.27,177.80,76.89,171.69,1,-1,-1,-1
936,6942,182.05,177.82,77.53,171.55,1,-1,-1,-1
937,6942,179.61,177.53,78.64,174.02,1,-1,-1,-1
937,6943,412.00,186.00,48.00,148.00,1,-1,-1,-1
937,6944,318.00,190.00,48.00,138.00,1,-1,-1,-1
938,6943,412.33,179.14,49.05,151.43,1,-1,-1,-1
938,6944,318.59,188.29,48.54,139.71,1,-1,-1,-1
939,6943,414.34,178.00,49.78,153.49,1,-1,-1,-1
939,6944,319.19,189.49,49.12,141.49,1,-1,-1,-1
940,6943,417.22,180.63,48.56,149.74,1,-1,-1,-1
940,6944,320.66,192.86,48.23,139.13,1,-1,-1,-1
940,6945,104.00,66.00,124.00,374.00,1,-1,-1,-1
941,6943,418.15,181.62,48.12,148.38,1,-1,-1,-1
941,6944,321.17,194.00,47.85,138.27,1,-1,-1,-1
941,6945,104.00,66.00,124.00,374.00,1,-1,-1,-1
942,6943,418.41,181.96,47.97,147.93,1,-1,-1,-1
942,6944,321.35,194.34,47.66,137.98,1,-1,-1,-1
942,6945,104.00,66.00,124.00,374.00,1,-1,-1,-1
943,6943,418.44,182.06,47.93,147.81,1,-1,-1,-1
943,6944,321.42,194.40,47.53,137.90,1,-1,-1,-1
943,6945,104.00,66.00,124.00,374.00,1,-1,-1,-1
944,6943,418.41,182.09,47.93,147.78,1,-1,-1,-1
944,6944,321.46,194.38,47.42,137.88,1,-1,-1,-1
944,6945,104.00,66.00,124.00,374.00,1,-1,-1,-1
945,6941,349.39,165.94,67.50,186.41,1,-1,-1,-1
945,6943,419.12,182.28,47.79,147.37,1,-1,-1,-1
945,6944,321.79,195.06,47.34,137.64,1,-1,-1,-1
945,6945,46.52,26.40,155.53,464.50,1,-1,-1,-1
945,6946,458.00,170.00,70.00,178.00,1,-1,-1,-1
946,6941,351.08,166.06,65.98,185.60,1,-1,-1,-1
946,6945,6.77,6.75,157.94,476.30,1,-1,-1,-1
946,6946,473.40,166.57,71.78,183.14,1,-1,-1,-1
947,6941,351.28,166.12,64.95,185.27,1,-1,-1,-1
947,6945,-9.12,-1.13,157.52,479.84,1,-1,-1,-1
947,6946,476.12,166.00,71.77,184.00,1,-1,-1,-1
948,6941,351.81,166.13,64.21,185.21,1,-1,-1,-1
948,6945,-14.18,-3.79,156.09,480.41,1,-1,-1,-1
948,6946,477.01,165.85,71.42,184.23,1,-1,-1,-1
949,6941,352.45,166.12,63.65,185.25,1,-1,-1,-1
949,6945,-15.03,-4.45,154.36,480.00,1,-1,-1,-1
949,6946,477.34,165.83,70.91,184.25,1,-1,-1,-1
950,6941,353.07,166.11,63.20,185.31,1,-1,-1,-1
950,6945,-14.36,-4.38,152.60,479.32,1,-1,-1,-1
950,6946,477.54,165.85,70.34,184.23,1,-1,-1,-1
951,6941,353.62,166.10,62.82,185.39,1,-1,-1,-1
951,6945,-13.18,-4.07,150.89,478.60,1,-1,-1,-1
951,6946,477.75,165.87,69.72,184.19,1,-1,-1,-1
952,6941,354.10,166.09,62.51,185.45,1,-1,-1,-1
952,6945,-11.89,-3.70,149.27,477.93,1,-1,-1,-1
952,6946,477.97,165.89,69.09,184.16,1,-1,-1,-1
953,6941,349.97,166.23,62.20,184.56,1,-1,-1,-1
953,6944,223.51,180.66,55.38,157.29,1,-1,-1,-1
953,6945,-21.68,-9.53,152.17,487.21,1,-1,-1,-1
953,6946,478.78,165.71,69.19,184.43,1,-1,-1,-1
954,6944,214.49,174.71,60.46,168.70,1,-1,-1,-1
954,6947,432.00,96.00,110.00,320.00,1,-1,-1,-1
955,6944,210.90,172.55,62.85,172.84,1,-1,-1,-1
955,6947,432.00,96.00,110.00,320.00,1,-1,-1,-1
956,6944,209.51,171.74,64.20,174.42,1,-1,-1,-1
956,6947,432.00,96.00,110.00,320.00,1,-1,-1,-1
957,6944,209.00,171.45,65.06,174.96,1,-1,-1,-1
957,6947,432.00,96.00,110.00,320.00,1,-1,-1,-1
958,6944,208.85,171.38,65.69,175.11,1,-1,-1,-1
958,6947,432.00,96.00,110.00,320.00,1,-1,-1,-1
959,6944,208.83,171.39,66.19,175.10,1,-1,-1,-1
959,6947,432.00,96.00,110.00,320.00,1,-1,-1,-1
960,6944,208.86,171.42,66.61,175.04,1,-1,-1,-1
960,6947,432.00,96.00,110.00,320.00,1,-1,-1,-1
961,6944,204.05,170.49,67.25,176.72,1,-1,-1,-1
961,6947,432.00,96.00,110.00,320.00,1,-1,-1,-1
969,6948,74.00,164.00,68.00,166.00,1,-1,-1,-1
970,6948,74.38,160.57,68.96,167.71,1,-1,-1,-1
971,6948,76.83,165.98,67.33,163.52,1,-1,-1,-1
971,6949,38.00,166.00,64.00,170.00,1,-1,-1,-1
972,6948,77.70,169.35,65.16,159.08,1,-1,-1,-1
972,6949,35.69,164.29,65.18,173.43,1,-1,-1,-1
973,6948,45.53,162.99,68.81,168.03,1,-1,-1,-1
974,6948,29.51,159.48,69.91,172.39,1,-1,-1,-1
975,6948,24.25,158.20,69.81,173.95,1,-1,-1,-1
976,6948,22.99,157.76,69.25,174.47,1,-1,-1,-1
977,6948,19.29,150.94,70.88,182.64,1,-1,-1,-1
978,6948,18.62,148.44,70.41,185.62,1,-1,-1,-1
979,6948,19.15,147.54,69.23,186.68,1,-1,-1,-1
980,6948,20.07,147.26,67.82,187.00,1,-1,-1,-1
981,6948,21.06,147.22,66.39,187.04,1,-1,-1,-1
982,6948,22.02,147.25,65.01,186.99,1,-1,-1,-1
983,6948,22.92,147.31,63.70,186.91,1,-1,-1,-1
984,6948,23.76,147.37,62.49,186.82,1,-1,-1,-1
985,6948,20.36,146.37,62.93,188.14,1,-1,-1,-1
