529,7020,378.00,396.00,82.00,162.00,1,-1,-1,-1
530,7020,378.00,396.00,82.00,162.00,1,-1,-1,-1
531,7020,378.00,396.00,82.00,162.00,1,-1,-1,-1
532,7020,378.00,396.00,82.00,162.00,1,-1,-1,-1
533,7020,378.00,396.00,82.00,162.00,1,-1,-1,-1
534,7020,378.00,396.00,82.00,162.00,1,-1,-1,-1
535,7020,378.00,396.00,82.00,162.00,1,-1,-1,-1
536,7020,378.00,396.00,82.00,162.00,1,-1,-1,-1
537,7020,378.00,396.00,82.00,162.00,1,-1,-1,-1
537,7021,270.00,382.00,82.00,150.00,1,-1,-1,-1
538,7021,270.00,382.00,82.00,150.00,1,-1,-1,-1
539,7021,270.00,382.00,82.00,150.00,1,-1,-1,-1
540,7021,270.00,382.00,82.00,150.00,1,-1,-1,-1
541,7021,270.00,382.00,82.00,150.00,1,-1,-1,-1
542,7021,270.00,382.00,82.00,150.00,1,-1,-1,-1
543,7021,270.00,382.00,82.00,150.00,1,-1,-1,-1
544,7021,270.00,382.00,82.00,150.00,1,-1,-1,-1
545,7021,270.00,382.00,82.00,150.00,1,-1,-1,-1
561,7021,159.06,348.37,90.22,173.74,1,-1,-1,-1
562,7021,156.59,348.83,88.50,176.94,1,-1,-1,-1
563,7021,156.40,349.01,86.52,178.11,1,-1,-1,-1
564,7021,157.00,349.13,84.72,178.52,1,-1,-1,-1
565,7021,157.82,349.22,83.16,178.63,1,-1,-1,-1
566,7021,158.64,349.29,81.83,178.64,1,-1,-1,-1
567,7021,159.40,349.36,80.70,178.61,1,-1,-1,-1
568,7021,160.08,349.42,79.73,178.56,1,-1,-1,-1
569,7021,160.04,344.28,84.06,192.80,1,-1,-1,-1
570,7021,160.60,342.36,84.56,198.10,1,-1,-1,-1
571,7021,161.39,341.65,83.83,200.14,1,-1,-1,-1
572,7021,162.20,341.41,82.71,200.87,1,-1,-1,-1
573,7021,162.96,341.36,81.54,201.08,1,-1,-1,-1
574,7021,163.64,341.37,80.43,201.10,1,-1,-1,-1
575,7021,164.26,341.41,79.42,201.04,1,-1,-1,-1
576,7021,164.81,341.46,78.49,200.97,1,-1,-1,-1
577,7021,163.02,340.60,79.10,202.52,1,-1,-1,-1
769,7022,266.00,188.00,58.00,148.00,1,-1,-1,-1
770,7022,266.00,188.00,58.00,148.00,1,-1,-1,-1
771,7022,266.00,188.00,58.00,148.00,1,-1,-1,-1
772,7022,266.00,188.00,58.00,148.00,1,-1,-1,-1
773,7022,266.00,188.00,58.00,148.00,1,-1,-1,-1
774,7022,266.00,188.00,58.00,148.00,1,-1,-1,-1
775,7022,266.00,188.00,58.00,148.00,1,-1,-1,-1
776,7022,266.00,188.00,58.00,148.00,1,-1,-1,-1
777,7022,266.00,188.00,58.00,148.00,1,-1,-1,-1
