1,1594,430.37,130.32,98.28,221.61,1,-1,-1,-1
1,1601,306.66,103.71,161.39,254.86,1,-1,-1,-1
1,1602,180.00,86.00,70.00,259.00,1,-1,-1,-1
1,1603,98.00,76.00,64.00,246.00,1,-1,-1,-1
1,1604,549.00,97.00,60.00,184.00,1,-1,-1,-1
2,1594,435.44,110.39,101.80,234.24,1,-1,-1,-1
2,1601,304.09,90.00,161.83,259.00,1,-1,-1,-1
2,1602,180.00,86.00,70.00,259.00,1,-1,-1,-1
2,1603,98.00,76.00,64.00,246.00,1,-1,-1,-1
2,1604,549.00,97.00,60.00,184.00,1,-1,-1,-1
3,1594,439.82,98.44,102.64,240.06,1,-1,-1,-1
3,1601,305.74,80.41,160.83,261.60,1,-1,-1,-1
3,1602,186.35,87.50,64.80,238.73,1,-1,-1,-1
3,1603,92.10,80.50,63.78,243.75,1,-1,-1,-1
4,1594,441.85,93.82,102.05,242.26,1,-1,-1,-1
4,1601,307.62,77.88,158.17,262.26,1,-1,-1,-1
4,1602,188.35,88.00,63.30,231.98,1,-1,-1,-1
4,1603,89.97,82.00,64.05,243.00,1,-1,-1,-1
5,1594,445.35,90.29,99.89,241.09,1,-1,-1,-1
5,1601,318.28,85.97,149.90,253.95,1,-1,-1,-1
5,1602,202.91,94.10,63.95,233.27,1,-1,-1,-1
5,1603,83.46,97.68,62.17,231.89,1,-1,-1,-1
5,1605,548.00,98.00,67.00,179.00,1,-1,-1,-1
6,1594,446.99,89.11,98.15,240.50,1,-1,-1,-1
6,1601,323.36,89.51,144.59,250.76,1,-1,-1,-1
6,1602,207.38,96.04,64.46,233.94,1,-1,-1,-1
6,1603,80.97,102.94,62.31,228.14,1,-1,-1,-1
6,1605,548.00,98.00,67.00,179.00,1,-1,-1,-1
7,1594,450.23,87.55,93.90,233.11,1,-1,-1,-1
7,1601,330.89,93.09,138.76,246.85,1,-1,-1,-1
7,1602,211.95,96.61,67.93,244.90,1,-1,-1,-1
7,1603,75.71,115.09,59.47,213.59,1,-1,-1,-1
7,1605,546.77,95.75,68.71,183.50,1,-1,-1,-1
8,1594,451.63,87.17,91.58,230.11,1,-1,-1,-1
8,1601,334.71,94.60,134.39,245.43,1,-1,-1,-1
8,1602,213.25,96.76,69.49,248.82,1,-1,-1,-1
8,1603,73.68,119.03,59.26,208.71,1,-1,-1,-1
8,1605,546.35,95.00,69.30,185.00,1,-1,-1,-1
9,1594,451.71,87.83,90.04,231.50,1,-1,-1,-1
9,1601,336.33,91.72,134.04,244.80,1,-1,-1,-1
9,1602,219.34,92.04,66.45,232.20,1,-1,-1,-1
9,1603,59.22,107.54,61.15,216.35,1,-1,-1,-1
9,1605,545.80,98.38,66.74,178.25,1,-1,-1,-1
10,1594,452.20,88.20,88.33,231.96,1,-1,-1,-1
10,1602,220.88,90.14,66.18,225.86,1,-1,-1,-1
10,1603,54.37,103.46,61.66,219.10,1,-1,-1,-1
10,1605,545.64,99.61,65.79,175.78,1,-1,-1,-1
11,1594,470.56,91.73,86.05,231.43,1,-1,-1,-1
11,1602,228.52,99.67,64.55,215.52,1,-1,-1,-1
11,1603,43.09,97.12,63.14,225.62,1,-1,-1,-1
11,1605,542.38,97.92,66.31,179.16,1,-1,-1,-1
11,1606,391.00,83.00,66.00,237.00,1,-1,-1,-1
12,1594,478.03,93.23,84.08,231.15,1,-1,-1,-1
12,1602,230.67,103.11,64.79,211.91,1,-1,-1,-1
12,1603,39.18,94.72,63.49,228.10,1,-1,-1,-1
12,1605,541.51,97.31,66.00,180.37,1,-1,-1,-1
12,1606,391.00,83.00,66.00,237.00,1,-1,-1,-1
13,1594,482.44,96.51,80.56,221.25,1,-1,-1,-1
13,1601,360.82,80.94,124.03,236.49,1,-1,-1,-1
13,1602,233.09,107.00,63.95,207.37,1,-1,-1,-1
13,1603,34.58,96.41,61.74,222.49,1,-1,-1,-1
13,1605,541.22,98.44,63.87,174.75,1,-1,-1,-1
14,1594,483.91,97.92,79.20,217.34,1,-1,-1,-1
14,1601,365.04,80.14,118.89,235.79,1,-1,-1,-1
14,1602,233.62,108.33,64.01,205.87,1,-1,-1,-1
14,1603,33.13,97.03,60.98,220.39,1,-1,-1,-1
14,1605,541.19,98.86,63.04,172.65,1,-1,-1,-1
15,1594,489.16,99.18,77.59,211.27,1,-1,-1,-1
15,1601,369.15,85.17,117.13,239.55,1,-1,-1,-1
15,1602,243.88,102.69,64.49,207.48,1,-1,-1,-1
15,1603,30.20,95.91,61.88,226.30,1,-1,-1,-1
15,1605,537.33,96.99,65.12,179.33,1,-1,-1,-1
16,1594,490.81,99.74,77.29,208.98,1,-1,-1,-1
16,1601,371.56,87.07,114.55,240.94,1,-1,-1,-1
16,1602,247.50,100.58,64.68,208.18,1,-1,-1,-1
16,1603,29.44,95.48,61.79,228.50,1,-1,-1,-1
16,1605,536.06,96.30,65.65,181.76,1,-1,-1,-1
17,1594,494.52,98.02,78.64,209.47,1,-1,-1,-1
17,1601,371.90,86.53,114.53,247.40,1,-1,-1,-1
17,1602,255.42,95.77,67.88,217.17,1,-1,-1,-1
17,1603,25.02,95.87,61.70,228.16,1,-1,-1,-1
17,1605,533.20,98.68,66.76,184.66,1,-1,-1,-1
18,1594,495.47,97.43,79.77,209.67,1,-1,-1,-1
18,1601,372.79,86.37,112.88,249.83,1,-1,-1,-1
18,1602,258.12,93.99,69.32,220.52,1,-1,-1,-1
18,1605,532.14,99.58,67.22,185.75,1,-1,-1,-1
19,1594,496.13,96.60,81.30,216.32,1,-1,-1,-1
19,1601,376.54,84.40,112.41,254.66,1,-1,-1,-1
19,1602,260.40,93.96,71.59,226.43,1,-1,-1,-1
19,1603,7.33,114.54,56.68,204.45,1,-1,-1,-1
19,1605,529.05,98.61,70.23,193.99,1,-1,-1,-1
19,1607,177.00,97.00,53.00,155.00,1,-1,-1,-1
20,1594,496.56,96.33,81.32,218.81,1,-1,-1,-1
20,1601,378.61,83.69,110.83,256.48,1,-1,-1,-1
20,1602,261.02,93.95,72.70,228.69,1,-1,-1,-1
20,1603,4.13,117.56,56.82,200.61,1,-1,-1,-1
20,1605,527.91,98.25,71.38,197.08,1,-1,-1,-1
20,1607,177.00,97.00,53.00,155.00,1,-1,-1,-1
21,1594,497.99,96.28,80.50,217.81,1,-1,-1,-1
21,1601,388.17,84.75,104.87,247.42,1,-1,-1,-1
21,1602,266.01,92.00,73.70,229.56,1,-1,-1,-1
21,1603,2.05,123.91,56.15,195.34,1,-1,-1,-1
21,1605,527.97,97.45,70.90,197.58,1,-1,-1,-1
21,1607,177.61,99.25,52.54,153.50,1,-1,-1,-1
22,1594,498.54,96.31,79.95,217.41,1,-1,-1,-1
22,1601,392.28,85.22,101.55,243.87,1,-1,-1,-1
22,1602,267.58,91.26,74.47,229.89,1,-1,-1,-1
22,1603,1.25,126.14,56.36,193.52,1,-1,-1,-1
22,1605,528.23,97.15,70.34,197.72,1,-1,-1,-1
22,1607,177.79,100.00,52.43,153.00,1,-1,-1,-1
23,1594,499.51,99.62,76.72,211.37,1,-1,-1,-1
23,1601,397.19,91.35,97.34,237.95,1,-1,-1,-1
23,1602,272.66,96.84,72.68,222.20,1,-1,-1,-1
23,1603,-2.81,128.63,55.57,190.83,1,-1,-1,-1
23,1605,528.69,97.03,70.12,199.68,1,-1,-1,-1
23,1607,176.60,101.66,51.24,149.23,1,-1,-1,-1
24,1594,500.02,100.94,74.97,209.06,1,-1,-1,-1
24,1601,399.38,93.68,94.87,235.73,1,-1,-1,-1
24,1602,274.25,99.00,72.35,219.24,1,-1,-1,-1
24,1605,529.16,96.99,69.51,200.38,1,-1,-1,-1
24,1607,176.14,102.18,50.92,147.97,1,-1,-1,-1
25,1594,499.38,98.81,72.54,204.92,1,-1,-1,-1
25,1601,416.88,91.91,88.12,224.39,1,-1,-1,-1
25,1602,280.36,103.74,68.85,206.97,1,-1,-1,-1
25,1605,531.09,98.27,69.08,199.31,1,-1,-1,-1
25,1607,175.35,102.32,51.41,149.00,1,-1,-1,-1
26,1594,499.29,98.04,71.15,203.38,1,-1,-1,-1
26,1601,423.91,91.25,84.53,220.14,1,-1,-1,-1
26,1602,282.34,105.52,67.80,202.36,1,-1,-1,-1
26,1605,531.88,98.76,68.86,198.85,1,-1,-1,-1
26,1607,175.03,102.33,51.70,149.41,1,-1,-1,-1
27,1594,501.07,97.32,70.84,202.50,1,-1,-1,-1
27,1601,425.19,88.34,84.89,224.65,1,-1,-1,-1
27,1602,288.59,98.13,70.14,212.09,1,-1,-1,-1
27,1605,533.53,97.65,68.72,196.69,1,-1,-1,-1
27,1607,172.47,98.91,54.02,156.38,1,-1,-1,-1
28,1601,425.95,87.29,84.28,226.34,1,-1,-1,-1
28,1602,291.07,95.46,70.45,215.61,1,-1,-1,-1
28,1605,534.02,97.22,68.97,195.84,1,-1,-1,-1
28,1607,171.57,97.66,54.80,158.93,1,-1,-1,-1
29,1601,427.41,82.97,84.74,230.31,1,-1,-1,-1
29,1602,295.03,103.55,68.81,209.20,1,-1,-1,-1
29,1605,537.47,99.67,67.79,190.92,1,-1,-1,-1
29,1607,171.48,97.18,55.32,160.54,1,-1,-1,-1
30,1601,428.14,81.36,84.37,231.84,1,-1,-1,-1
30,1602,296.26,106.68,68.40,206.74,1,-1,-1,-1
30,1605,538.65,100.61,67.62,189.02,1,-1,-1,-1
30,1607,171.48,97.00,55.48,161.13,1,-1,-1,-1
31,1601,430.97,84.70,84.80,232.44,1,-1,-1,-1
31,1602,302.52,107.16,67.64,202.56,1,-1,-1,-1
31,1605,538.78,104.24,68.18,187.66,1,-1,-1,-1
31,1607,171.60,96.28,55.99,162.63,1,-1,-1,-1
32,1601,431.89,86.00,85.08,232.69,1,-1,-1,-1
32,1602,304.56,107.31,67.69,201.04,1,-1,-1,-1
32,1605,538.54,105.59,68.95,187.15,1,-1,-1,-1
32,1607,171.66,96.02,56.17,163.18,1,-1,-1,-1
33,1601,437.87,86.51,85.51,234.10,1,-1,-1,-1
33,1602,307.68,104.70,70.01,205.14,1,-1,-1,-1
33,1605,540.08,107.39,69.25,186.31,1,-1,-1,-1
33,1607,171.33,96.58,56.33,164.01,1,-1,-1,-1
34,1601,440.07,86.71,85.63,234.64,1,-1,-1,-1
34,1602,308.49,103.72,71.39,206.69,1,-1,-1,-1
34,1605,540.49,108.05,69.69,186.00,1,-1,-1,-1
34,1607,171.25,96.80,56.31,164.29,1,-1,-1,-1
35,1601,447.72,88.10,83.58,227.02,1,-1,-1,-1
35,1602,313.21,105.30,71.32,204.05,1,-1,-1,-1
35,1605,542.53,108.27,70.01,187.21,1,-1,-1,-1
35,1607,170.86,96.68,56.58,165.08,1,-1,-1,-1
36,1601,450.34,88.65,83.17,224.11,1,-1,-1,-1
36,1602,314.65,105.89,71.74,203.07,1,-1,-1,-1
36,1605,543.32,108.34,70.06,187.67,1,-1,-1,-1
37,1601,454.12,93.47,82.48,217.78,1,-1,-1,-1
37,1602,321.70,108.07,69.17,192.87,1,-1,-1,-1
37,1605,543.68,106.38,70.57,190.46,1,-1,-1,-1
38,1601,454.99,95.28,83.08,215.44,1,-1,-1,-1
38,1602,323.95,108.88,68.71,189.04,1,-1,-1,-1
38,1605,543.95,105.62,70.47,191.52,1,-1,-1,-1
39,1601,456.54,99.90,81.30,208.67,1,-1,-1,-1
39,1602,335.31,105.16,70.55,197.01,1,-1,-1,-1
39,1605,545.97,103.37,71.11,195.17,1,-1,-1,-1
40,1601,456.78,101.61,81.07,206.20,1,-1,-1,-1
40,1602,339.68,103.81,70.62,199.92,1,-1,-1,-1
40,1605,546.91,102.50,70.97,196.55,1,-1,-1,-1
41,1601,456.72,101.55,81.13,207.35,1,-1,-1,-1
41,1602,345.49,100.03,69.23,195.22,1,-1,-1,-1
41,1605,546.16,106.71,69.22,195.76,1,-1,-1,-1
42,1601,456.72,101.49,80.96,207.84,1,-1,-1,-1
42,1602,347.46,98.57,68.84,193.43,1,-1,-1,-1
42,1605,546.23,108.32,67.77,195.44,1,-1,-1,-1
43,1601,458.64,100.79,77.57,198.86,1,-1,-1,-1
43,1602,350.54,96.07,68.35,192.14,1,-1,-1,-1
43,1605,545.86,110.23,66.03,192.70,1,-1,-1,-1
44,1601,459.23,100.48,76.35,195.52,1,-1,-1,-1
44,1602,351.55,95.14,68.16,191.69,1,-1,-1,-1
44,1605,545.91,110.93,64.96,191.64,1,-1,-1,-1
45,1601,469.25,97.02,80.85,206.37,1,-1,-1,-1
45,1602,356.42,96.79,68.07,190.24,1,-1,-1,-1
45,1605,545.74,109.87,64.27,190.58,1,-1,-1,-1
46,1601,472.77,95.76,82.63,210.30,1,-1,-1,-1
46,1602,358.00,97.43,68.27,189.72,1,-1,-1,-1
46,1605,545.75,109.46,63.85,190.18,1,-1,-1,-1
47,1601,474.53,99.17,82.32,207.32,1,-1,-1,-1
47,1602,363.24,99.00,68.67,190.88,1,-1,-1,-1
47,1605,545.86,109.82,63.82,190.09,1,-1,-1,-1
48,1601,474.86,100.48,82.66,206.19,1,-1,-1,-1
48,1602,365.09,99.60,68.83,191.34,1,-1,-1,-1
49,1601,477.73,100.96,83.68,207.76,1,-1,-1,-1
49,1602,381.95,99.83,67.72,189.58,1,-1,-1,-1
49,1605,542.15,108.42,65.84,195.84,1,-1,-1,-1
50,1601,478.62,101.13,84.29,208.37,1,-1,-1,-1
50,1602,388.33,99.92,67.06,188.93,1,-1,-1,-1
50,1605,541.52,108.20,66.23,196.75,1,-1,-1,-1
51,1594,456.08,98.90,64.77,189.96,1,-1,-1,-1
51,1601,481.76,102.49,80.05,200.13,1,-1,-1,-1
51,1602,390.80,96.02,69.64,195.93,1,-1,-1,-1
51,1605,540.98,106.82,65.71,193.81,1,-1,-1,-1
52,1594,455.71,98.98,63.71,189.81,1,-1,-1,-1
52,1601,483.07,102.99,78.00,196.99,1,-1,-1,-1
52,1602,391.60,94.57,70.66,198.55,1,-1,-1,-1
52,1605,540.67,106.29,65.73,192.68,1,-1,-1,-1
53,1594,454.04,99.01,63.54,189.30,1,-1,-1,-1
53,1601,485.52,103.47,77.46,195.63,1,-1,-1,-1
53,1602,397.06,91.43,72.73,202.15,1,-1,-1,-1
53,1605,533.14,102.16,67.51,194.87,1,-1,-1,-1
54,1602,398.80,90.25,73.95,203.52,1,-1,-1,-1
54,1605,530.05,100.62,68.71,195.69,1,-1,-1,-1
55,1602,403.32,89.17,74.85,201.44,1,-1,-1,-1
55,1605,527.37,98.74,69.62,197.30,1,-1,-1,-1
56,1602,404.46,88.78,76.05,200.62,1,-1,-1,-1
56,1605,526.29,98.04,70.14,197.90,1,-1,-1,-1
57,1602,407.77,91.27,75.69,198.34,1,-1,-1,-1
57,1605,528.46,97.14,69.81,195.51,1,-1,-1,-1
58,1602,408.75,92.24,75.82,197.47,1,-1,-1,-1
58,1605,529.19,96.82,69.94,194.58,1,-1,-1,-1
59,1602,409.95,95.23,75.91,193.88,1,-1,-1,-1
59,1605,531.24,94.11,70.43,194.23,1,-1,-1,-1
60,1602,409.89,96.38,76.70,192.51,1,-1,-1,-1
60,1605,531.87,93.10,70.92,194.09,1,-1,-1,-1
61,1602,408.20,97.46,77.47,191.36,1,-1,-1,-1
61,1605,535.75,98.63,70.38,190.12,1,-1,-1,-1
62,1602,407.14,97.87,78.41,190.94,1,-1,-1,-1
62,1605,537.01,100.76,70.63,188.61,1,-1,-1,-1
63,1602,406.12,98.02,77.85,189.49,1,-1,-1,-1
63,1605,540.86,100.91,70.53,186.08,1,-1,-1,-1
64,1602,405.63,98.07,77.67,188.96,1,-1,-1,-1
64,1605,542.08,100.96,70.93,185.15,1,-1,-1,-1
65,1594,439.25,98.03,59.33,178.11,1,-1,-1,-1
65,1602,404.31,95.46,77.76,189.44,1,-1,-1,-1
65,1605,546.67,102.96,70.68,183.51,1,-1,-1,-1
66,1594,439.04,97.99,58.95,177.79,1,-1,-1,-1
66,1602,403.78,94.47,77.75,189.63,1,-1,-1,-1
66,1605,548.27,103.71,70.78,182.91,1,-1,-1,-1
67,1594,444.04,97.98,57.88,175.69,1,-1,-1,-1
67,1602,400.15,91.48,74.69,185.80,1,-1,-1,-1
67,1605,550.13,109.90,69.54,179.43,1,-1,-1,-1
68,1594,446.00,97.98,57.37,174.93,1,-1,-1,-1
68,1602,399.09,90.35,72.78,184.36,1,-1,-1,-1
68,1605,550.76,112.22,69.14,178.14,1,-1,-1,-1
69,1594,450.19,99.30,57.57,176.00,1,-1,-1,-1
69,1602,395.16,93.24,68.56,177.26,1,-1,-1,-1
69,1605,551.76,108.44,70.03,182.31,1,-1,-1,-1
70,1594,451.81,99.79,57.58,176.42,1,-1,-1,-1
70,1602,393.99,94.35,66.26,174.62,1,-1,-1,-1
70,1605,552.31,107.02,69.96,183.88,1,-1,-1,-1
71,1594,454.74,96.69,59.51,181.20,1,-1,-1,-1
71,1602,391.73,88.79,66.46,177.67,1,-1,-1,-1
71,1605,550.91,97.33,73.07,196.23,1,-1,-1,-1
71,1608,169.00,92.00,56.00,162.00,1,-1,-1,-1
72,1594,455.75,95.53,60.40,183.00,1,-1,-1,-1
72,1602,391.17,86.75,66.01,178.83,1,-1,-1,-1
72,1605,550.84,93.71,73.32,200.85,1,-1,-1,-1
72,1608,169.00,92.00,56.00,162.00,1,-1,-1,-1
73,1594,457.72,96.39,59.50,182.39,1,-1,-1,-1
73,1602,380.19,93.86,64.47,177.34,1,-1,-1,-1
73,1605,552.21,91.66,71.83,200.08,1,-1,-1,-1
73,1608,170.65,93.50,55.69,161.25,1,-1,-1,-1
74,1594,458.62,96.73,58.83,182.15,1,-1,-1,-1
74,1602,376.29,96.59,63.39,176.80,1,-1,-1,-1
74,1605,553.03,90.90,70.61,199.73,1,-1,-1,-1
74,1608,171.23,94.00,55.55,161.00,1,-1,-1,-1
75,1594,462.27,97.52,60.41,187.94,1,-1,-1,-1
75,1602,372.67,98.26,63.47,176.63,1,-1,-1,-1
75,1605,552.55,89.98,70.39,204.76,1,-1,-1,-1
75,1608,172.86,97.77,55.45,160.93,1,-1,-1,-1
76,1594,463.69,97.81,60.85,190.11,1,-1,-1,-1
76,1602,371.32,98.88,63.59,176.59,1,-1,-1,-1
76,1605,552.90,89.66,69.22,206.64,1,-1,-1,-1
76,1608,173.42,99.03,55.37,160.92,1,-1,-1,-1
77,1594,465.42,100.52,60.54,187.69,1,-1,-1,-1
77,1602,369.82,99.10,63.80,175.95,1,-1,-1,-1
77,1605,552.60,99.24,63.13,191.84,1,-1,-1,-1
77,1608,175.26,98.02,55.45,161.62,1,-1,-1,-1
78,1594,465.94,101.56,60.64,186.73,1,-1,-1,-1
78,1602,369.19,99.17,64.12,175.73,1,-1,-1,-1
78,1605,552.71,103.07,60.20,185.94,1,-1,-1,-1
78,1608,175.95,97.61,55.37,161.88,1,-1,-1,-1
79,1594,466.09,105.87,59.41,182.44,1,-1,-1,-1
79,1602,367.09,103.78,62.84,171.08,1,-1,-1,-1
79,1605,551.65,110.42,56.04,174.52,1,-1,-1,-1
79,1608,176.62,96.74,55.10,161.30,1,-1,-1,-1
80,1594,466.07,107.49,59.01,180.80,1,-1,-1,-1
80,1602,366.26,105.51,62.58,169.35,1,-1,-1,-1
80,1605,551.35,113.15,54.27,170.29,1,-1,-1,-1
80,1608,176.85,96.40,54.95,161.08,1,-1,-1,-1
81,1594,478.12,102.17,60.31,184.79,1,-1,-1,-1
81,1602,364.45,106.12,60.96,164.78,1,-1,-1,-1
81,1605,548.34,110.09,56.11,177.51,1,-1,-1,-1
81,1608,177.04,98.25,53.97,158.33,1,-1,-1,-1
82,1594,482.59,100.17,60.79,186.28,1,-1,-1,-1
82,1602,363.82,106.32,60.41,163.11,1,-1,-1,-1
82,1605,547.39,108.97,56.51,180.13,1,-1,-1,-1
82,1608,177.09,98.93,53.58,157.31,1,-1,-1,-1
83,1594,486.18,100.70,59.03,181.64,1,-1,-1,-1
83,1602,360.95,103.72,58.97,157.24,1,-1,-1,-1
83,1605,549.55,113.74,52.31,166.80,1,-1,-1,-1
83,1608,177.49,101.16,52.62,154.28,1,-1,-1,-1
84,1594,487.53,100.91,58.24,179.85,1,-1,-1,-1
84,1602,359.75,102.71,58.83,155.11,1,-1,-1,-1
84,1605,550.42,115.57,50.67,161.63,1,-1,-1,-1
84,1608,177.60,101.97,52.31,153.17,1,-1,-1,-1
85,1594,493.07,102.30,60.22,180.50,1,-1,-1,-1
85,1602,357.24,103.00,58.38,151.73,1,-1,-1,-1
85,1605,543.04,111.50,52.75,165.88,1,-1,-1,-1
85,1608,177.97,102.91,52.16,152.79,1,-1,-1,-1
86,1594,494.61,102.81,61.91,180.75,1,-1,-1,-1
86,1602,356.15,103.09,58.68,150.55,1,-1,-1,-1
86,1605,540.18,110.02,53.93,167.44,1,-1,-1,-1
86,1608,178.10,103.23,52.10,152.67,1,-1,-1,-1
87,1594,501.30,103.66,64.55,180.20,1,-1,-1,-1
87,1602,353.50,103.79,58.77,150.85,1,-1,-1,-1
87,1605,539.20,110.30,53.56,166.31,1,-1,-1,-1
87,1608,179.85,104.65,51.96,151.33,1,-1,-1,-1
88,1594,503.01,103.97,67.03,179.99,1,-1,-1,-1
88,1602,352.57,104.03,58.82,151.02,1,-1,-1,-1
88,1608,180.40,105.15,52.08,150.86,1,-1,-1,-1
89,1594,518.66,99.50,66.55,177.31,1,-1,-1,-1
89,1602,353.09,102.79,59.19,152.46,1,-1,-1,-1
89,1608,180.60,103.99,52.77,152.02,1,-1,-1,-1
90,1594,524.35,97.80,66.65,176.30,1,-1,-1,-1
90,1602,353.39,102.32,59.25,153.04,1,-1,-1,-1
90,1608,180.57,103.54,53.19,152.48,1,-1,-1,-1
91,1594,527.48,100.45,66.38,173.30,1,-1,-1,-1
91,1602,352.57,103.45,60.57,156.58,1,-1,-1,-1
91,1608,181.13,104.01,53.04,152.04,1,-1,-1,-1
92,1594,528.28,101.46,66.73,172.20,1,-1,-1,-1
92,1602,352.31,103.88,61.04,157.93,1,-1,-1,-1
93,1594,530.82,106.45,65.42,165.22,1,-1,-1,-1
93,1602,350.89,100.12,62.63,161.08,1,-1,-1,-1
93,1608,181.70,104.15,52.79,150.19,1,-1,-1,-1
93,1609,322.00,104.00,61.00,156.00,1,-1,-1,-1
94,1594,531.25,108.33,65.62,162.62,1,-1,-1,-1
94,1602,350.29,98.69,63.44,162.28,1,-1,-1,-1
94,1608,181.65,104.18,53.03,149.89,1,-1,-1,-1
94,1609,322.00,104.00,61.00,156.00,1,-1,-1,-1
95,1594,530.00,102.36,68.97,169.02,1,-1,-1,-1
95,1602,350.13,99.45,63.03,161.44,1,-1,-1,-1
95,1608,181.73,104.19,53.59,151.11,1,-1,-1,-1
95,1609,322.02,104.75,61.71,157.50,1,-1,-1,-1
96,1594,529.28,100.17,70.63,171.37,1,-1,-1,-1
96,1602,350.13,99.75,62.82,161.12,1,-1,-1,-1
96,1608,181.71,104.18,53.87,151.57,1,-1,-1,-1
96,1609,321.97,105.00,62.06,158.00,1,-1,-1,-1
97,1594,528.05,101.29,70.99,169.04,1,-1,-1,-1
97,1602,352.82,101.17,61.98,159.70,1,-1,-1,-1
97,1608,181.38,104.17,53.94,151.11,1,-1,-1,-1
97,1609,319.14,104.35,62.02,158.14,1,-1,-1,-1
98,1594,527.13,101.73,71.81,168.16,1,-1,-1,-1
98,1602,353.94,101.72,61.52,159.17,1,-1,-1,-1
98,1608,181.19,104.15,54.09,150.94,1,-1,-1,-1
98,1609,318.19,104.11,61.92,158.16,1,-1,-1,-1
99,1594,529.58,102.55,71.61,165.22,1,-1,-1,-1
99,1602,356.59,105.84,57.59,152.43,1,-1,-1,-1
99,1605,508.06,111.05,55.54,158.88,1,-1,-1,-1
99,1608,183.01,101.52,54.25,150.23,1,-1,-1,-1
99,1609,315.01,103.33,61.41,158.84,1,-1,-1,-1
100,1594,530.16,102.86,72.09,164.14,1,-1,-1,-1
100,1602,357.94,107.42,55.45,149.87,1,-1,-1,-1
100,1605,505.62,111.06,58.63,158.72,1,-1,-1,-1
100,1608,183.58,100.52,54.54,149.97,1,-1,-1,-1
100,1609,314.16,103.05,60.70,159.08,1,-1,-1,-1
101,1594,533.48,102.97,71.85,165.08,1,-1,-1,-1
101,1602,358.81,107.32,54.59,150.94,1,-1,-1,-1
101,1605,500.62,115.66,56.81,152.74,1,-1,-1,-1
101,1608,183.13,101.45,54.64,149.23,1,-1,-1,-1
101,1609,312.55,97.56,61.11,163.19,1,-1,-1,-1
102,1594,534.83,103.02,71.42,165.45,1,-1,-1,-1
102,1602,359.48,107.27,53.61,151.36,1,-1,-1,-1
102,1605,498.75,117.39,56.29,150.51,1,-1,-1,-1
102,1608,182.84,101.81,54.88,148.96,1,-1,-1,-1
102,1609,312.36,95.55,60.52,164.69,1,-1,-1,-1
103,1594,537.73,107.61,68.29,159.72,1,-1,-1,-1
103,1602,358.59,105.27,53.56,154.83,1,-1,-1,-1
103,1605,496.69,118.68,54.98,146.42,1,-1,-1,-1
103,1608,182.26,101.29,55.24,148.87,1,-1,-1,-1
103,1609,311.52,92.84,61.27,169.19,1,-1,-1,-1
104,1594,538.90,109.36,66.78,157.56,1,-1,-1,-1
104,1602,358.61,104.51,52.85,156.14,1,-1,-1,-1
104,1605,495.96,119.13,54.62,144.95,1,-1,-1,-1
104,1608,181.92,101.09,55.59,148.84,1,-1,-1,-1
104,1609,311.52,91.85,61.00,170.85,1,-1,-1,-1
105,1594,542.07,110.65,63.28,152.16,1,-1,-1,-1
105,1602,359.89,106.17,50.06,150.79,1,-1,-1,-1
105,1605,493.55,119.27,54.27,143.79,1,-1,-1,-1
105,1608,180.52,99.71,56.95,152.12,1,-1,-1,-1
105,1609,310.31,96.75,58.82,166.21,1,-1,-1,-1
106,1594,543.48,111.11,61.37,150.20,1,-1,-1,-1
106,1602,360.63,106.80,48.50,148.74,1,-1,-1,-1
106,1605,492.70,119.30,54.20,143.42,1,-1,-1,-1
106,1608,179.95,99.19,57.54,153.35,1,-1,-1,-1
106,1609,310.03,98.69,57.68,164.36,1,-1,-1,-1
107,1594,547.07,110.59,60.41,149.52,1,-1,-1,-1
107,1602,361.62,105.05,48.50,151.30,1,-1,-1,-1
107,1605,489.73,115.99,56.98,146.63,1,-1,-1,-1
107,1608,180.28,100.95,57.31,151.87,1,-1,-1,-1
107,1609,307.92,95.48,58.71,167.60,1,-1,-1,-1
108,1594,548.51,110.38,59.70,149.33,1,-1,-1,-1
108,1602,362.21,104.39,48.04,152.26,1,-1,-1,-1
108,1605,488.27,114.75,58.84,147.85,1,-1,-1,-1
108,1608,180.32,101.63,57.39,151.30,1,-1,-1,-1
108,1609,307.20,94.29,59.02,168.79,1,-1,-1,-1
109,1594,547.38,110.95,58.04,148.64,1,-1,-1,-1
109,1602,362.55,102.18,47.66,152.64,1,-1,-1,-1
109,1605,490.68,116.89,57.68,143.77,1,-1,-1,-1
109,1608,179.98,102.54,57.47,151.09,1,-1,-1,-1
109,1609,306.42,92.56,58.91,169.87,1,-1,-1,-1
110,1594,547.26,111.14,56.71,148.43,1,-1,-1,-1
110,1602,362.81,101.35,47.26,152.79,1,-1,-1,-1
110,1605,491.56,117.70,57.48,142.25,1,-1,-1,-1
110,1608,179.80,102.88,57.59,151.01,1,-1,-1,-1
110,1609,306.30,91.92,58.60,170.26,1,-1,-1,-1
111,1594,548.43,111.86,56.32,148.39,1,-1,-1,-1
111,1602,366.30,106.26,44.89,145.02,1,-1,-1,-1
111,1605,489.10,116.68,59.11,143.69,1,-1,-1,-1
111,1608,179.75,103.01,58.26,152.94,1,-1,-1,-1
111,1609,306.43,93.66,56.87,165.81,1,-1,-1,-1
112,1594,548.92,112.11,56.00,148.42,1,-1,-1,-1
112,1602,367.64,108.16,44.00,142.04,1,-1,-1,-1
112,1605,487.95,116.29,60.27,144.26,1,-1,-1,-1
112,1608,179.75,103.05,58.47,153.67,1,-1,-1,-1
112,1609,306.58,94.36,56.10,164.07,1,-1,-1,-1
113,1594,546.97,114.82,54.82,144.52,1,-1,-1,-1
113,1602,368.04,108.54,43.67,140.96,1,-1,-1,-1
113,1605,490.06,112.86,61.60,146.46,1,-1,-1,-1
113,1608,180.78,102.41,58.42,153.94,1,-1,-1,-1
113,1609,306.44,95.29,54.95,162.10,1,-1,-1,-1
113,1610,453.00,120.00,62.00,138.00,1,-1,-1,-1
114,1594,546.10,115.83,54.54,143.09,1,-1,-1,-1
114,1605,490.77,111.57,62.33,147.31,1,-1,-1,-1
114,1608,181.22,102.16,58.32,154.04,1,-1,-1,-1
114,1609,306.54,95.66,54.28,161.36,1,-1,-1,-1
114,1610,453.00,120.00,62.00,138.00,1,-1,-1,-1
115,1594,546.17,117.50,54.28,141.94,1,-1,-1,-1
115,1602,404.07,114.96,42.13,134.74,1,-1,-1,-1
115,1605,493.22,111.74,60.92,145.69,1,-1,-1,-1
115,1608,181.73,104.02,57.58,152.12,1,-1,-1,-1
115,1609,305.12,96.46,53.70,161.08,1,-1,-1,-1
115,1610,450.56,116.25,63.87,143.25,1,-1,-1,-1
116,1594,546.13,118.10,54.29,141.55,1,-1,-1,-1
116,1602,409.50,115.96,42.16,133.78,1,-1,-1,-1
116,1605,494.36,111.81,60.02,145.09,1,-1,-1,-1
116,1608,181.92,104.73,57.29,151.38,1,-1,-1,-1
116,1609,304.74,96.77,53.23,160.98,1,-1,-1,-1
116,1610,449.98,115.00,64.03,145.00,1,-1,-1,-1
117,1594,546.79,118.87,53.84,140.37,1,-1,-1,-1
117,1602,412.85,118.28,41.75,132.79,1,-1,-1,-1
117,1605,497.00,115.13,56.61,137.67,1,-1,-1,-1
117,1608,181.61,103.68,57.28,151.76,1,-1,-1,-1
117,1609,303.90,96.68,53.18,160.84,1,-1,-1,-1
117,1610,448.79,117.50,61.13,140.50,1,-1,-1,-1
118,1602,413.99,119.11,41.57,132.47,1,-1,-1,-1
118,1605,498.10,116.41,55.16,134.86,1,-1,-1,-1
118,1608,181.52,103.28,57.21,151.90,1,-1,-1,-1
118,1610,448.76,118.47,59.38,138.79,1,-1,-1,-1
119,1602,414.72,115.42,41.97,135.04,1,-1,-1,-1
119,1605,498.42,115.54,55.47,135.86,1,-1,-1,-1
119,1608,180.37,97.90,57.46,153.92,1,-1,-1,-1
119,1609,285.07,88.54,56.78,172.66,1,-1,-1,-1
119,1610,447.84,114.63,59.29,140.98,1,-1,-1,-1
120,1602,415.02,114.03,41.92,136.02,1,-1,-1,-1
120,1605,498.56,115.21,55.54,136.26,1,-1,-1,-1
120,1608,180.07,95.87,57.28,154.68,1,-1,-1,-1
120,1609,282.20,87.26,57.12,174.51,1,-1,-1,-1
120,1610,447.91,113.28,58.54,141.76,1,-1,-1,-1
121,1602,414.36,114.13,41.92,136.42,1,-1,-1,-1
121,1605,498.94,115.09,53.62,133.16,1,-1,-1,-1
121,1608,181.63,93.15,57.11,156.92,1,-1,-1,-1
121,1609,278.43,85.50,57.57,178.42,1,-1,-1,-1
121,1610,448.76,112.81,57.37,142.04,1,-1,-1,-1
122,1602,414.04,114.16,41.86,136.60,1,-1,-1,-1
122,1605,499.24,115.04,52.57,132.02,1,-1,-1,-1
122,1608,182.49,92.14,56.52,157.76,1,-1,-1,-1
122,1609,277.26,84.86,57.31,179.87,1,-1,-1,-1
122,1610,449.51,112.67,56.13,142.12,1,-1,-1,-1
123,1602,415.29,115.47,42.23,137.99,1,-1,-1,-1
123,1605,499.45,111.06,53.99,136.92,1,-1,-1,-1
123,1608,184.52,89.83,56.12,159.37,1,-1,-1,-1
123,1609,276.72,82.06,58.18,184.27,1,-1,-1,-1
123,1610,448.85,111.96,56.25,142.43,1,-1,-1,-1
124,1602,415.71,115.96,42.34,138.53,1,-1,-1,-1
124,1605,499.68,109.59,54.21,138.74,1,-1,-1,-1
124,1608,185.56,88.97,55.44,159.97,1,-1,-1,-1
124,1609,276.71,81.01,58.23,185.92,1,-1,-1,-1
125,1602,414.87,117.43,42.94,138.75,1,-1,-1,-1
125,1605,498.87,109.04,55.45,143.36,1,-1,-1,-1
125,1608,186.46,88.02,54.80,160.18,1,-1,-1,-1
125,1609,276.83,81.28,58.14,187.80,1,-1,-1,-1
126,1602,414.35,117.98,43.45,138.84,1,-1,-1,-1
126,1605,498.72,108.84,55.61,145.12,1,-1,-1,-1
126,1608,186.98,87.69,54.18,160.24,1,-1,-1,-1
126,1609,277.12,81.41,57.73,188.48,1,-1,-1,-1
127,1602,413.79,119.47,44.27,139.53,1,-1,-1,-1
127,1605,499.25,111.37,54.49,141.26,1,-1,-1,-1
127,1608,187.89,86.29,54.45,162.20,1,-1,-1,-1
127,1609,277.63,82.78,57.52,189.34,1,-1,-1,-1
128,1602,413.37,120.02,44.89,139.80,1,-1,-1,-1
128,1605,499.37,112.37,54.24,139.76,1,-1,-1,-1
128,1608,188.33,85.78,54.34,162.93,1,-1,-1,-1
128,1609,278.01,83.33,57.17,189.62,1,-1,-1,-1
129,1602,411.07,120.21,44.76,138.60,1,-1,-1,-1
129,1605,497.50,112.75,54.68,141.16,1,-1,-1,-1
129,1608,188.96,86.92,52.71,159.30,1,-1,-1,-1
129,1609,279.84,84.21,55.71,185.81,1,-1,-1,-1
130,1602,410.08,120.27,44.85,138.15,1,-1,-1,-1
130,1605,496.84,112.89,54.79,141.69,1,-1,-1,-1
130,1608,189.29,87.39,51.86,157.88,1,-1,-1,-1
130,1609,280.67,84.57,54.97,184.29,1,-1,-1,-1
131,1602,407.19,118.96,45.27,139.29,1,-1,-1,-1
131,1605,496.62,112.85,54.79,141.70,1,-1,-1,-1
131,1608,189.32,88.24,51.07,156.03,1,-1,-1,-1
131,1609,281.77,84.72,54.49,180.42,1,-1,-1,-1
132,1602,406.07,118.46,45.46,139.72,1,-1,-1,-1
132,1608,189.37,88.58,50.68,155.33,1,-1,-1,-1
132,1609,282.06,84.79,54.65,178.93,1,-1,-1,-1
133,1602,403.48,115.65,45.27,139.89,1,-1,-1,-1
133,1605,464.62,106.29,57.76,151.12,1,-1,-1,-1
133,1608,188.57,90.69,50.17,153.76,1,-1,-1,-1
133,1609,282.63,89.42,53.83,173.78,1,-1,-1,-1
134,1602,402.55,114.57,45.07,139.96,1,-1,-1,-1
134,1605,459.75,105.25,57.74,152.63,1,-1,-1,-1
134,1608,188.26,91.49,49.99,153.17,1,-1,-1,-1
134,1609,282.68,91.18,53.90,171.82,1,-1,-1,-1
135,1602,401.98,113.51,44.77,140.63,1,-1,-1,-1
135,1605,457.84,104.22,56.80,152.52,1,-1,-1,-1
135,1608,187.94,94.43,49.01,149.68,1,-1,-1,-1
135,1609,281.23,90.51,54.27,171.76,1,-1,-1,-1
136,1602,401.90,113.11,44.39,140.89,1,-1,-1,-1
136,1605,457.42,103.85,55.98,152.45,1,-1,-1,-1
136,1608,187.78,95.54,48.73,148.37,1,-1,-1,-1
136,1609,280.60,90.25,54.62,171.76,1,-1,-1,-1
137,1602,400.70,112.32,44.65,141.64,1,-1,-1,-1
137,1605,457.92,103.08,55.18,150.46,1,-1,-1,-1
137,1608,186.45,95.29,49.17,149.88,1,-1,-1,-1
137,1609,280.16,94.08,53.89,167.18,1,-1,-1,-1
138,1602,400.23,112.02,44.76,141.92,1,-1,-1,-1
138,1605,458.22,102.81,54.82,149.67,1,-1,-1,-1
138,1608,185.98,95.18,49.31,150.45,1,-1,-1,-1
138,1609,279.83,95.53,53.99,165.46,1,-1,-1,-1
139,1602,398.99,108.01,46.94,148.54,1,-1,-1,-1
139,1605,457.44,99.46,55.97,153.93,1,-1,-1,-1
139,1608,185.53,98.41,48.60,148.73,1,-1,-1,-1
139,1609,276.83,91.42,55.19,169.47,1,-1,-1,-1
140,1602,398.51,106.51,47.82,151.01,1,-1,-1,-1
140,1605,457.30,98.22,56.18,155.51,1,-1,-1,-1
140,1608,185.40,99.63,48.26,148.08,1,-1,-1,-1
140,1609,275.76,89.90,55.58,170.97,1,-1,-1,-1
141,1602,398.17,107.87,47.82,148.74,1,-1,-1,-1
141,1605,458.18,99.06,55.17,152.87,1,-1,-1,-1
141,1608,183.34,97.44,49.54,152.45,1,-1,-1,-1
141,1609,273.82,87.35,56.25,172.21,1,-1,-1,-1
142,1602,397.87,108.43,48.17,147.82,1,-1,-1,-1
142,1605,458.62,99.42,54.74,151.82,1,-1,-1,-1
142,1608,182.62,96.61,49.94,154.09,1,-1,-1,-1
142,1609,273.03,86.38,56.64,172.69,1,-1,-1,-1
143,1602,396.87,106.70,48.78,150.06,1,-1,-1,-1
143,1605,459.22,101.54,54.47,152.71,1,-1,-1,-1
143,1608,180.91,93.04,51.02,157.97,1,-1,-1,-1
143,1609,270.94,81.46,58.47,178.09,1,-1,-1,-1
144,1602,396.54,106.06,48.95,150.89,1,-1,-1,-1
144,1605,459.64,102.35,54.04,153.04,1,-1,-1,-1
144,1608,180.32,91.68,51.34,159.44,1,-1,-1,-1
144,1609,270.16,79.61,59.20,180.13,1,-1,-1,-1
145,1602,399.02,109.08,47.03,146.00,1,-1,-1,-1
145,1605,459.28,105.28,52.42,149.25,1,-1,-1,-1
145,1608,179.31,93.74,50.48,156.75,1,-1,-1,-1
145,1609,268.85,82.16,58.30,177.66,1,-1,-1,-1
145,1610,374.78,120.82,54.35,137.09,1,-1,-1,-1
146,1602,400.08,110.26,46.12,144.09,1,-1,-1,-1
146,1605,459.26,106.41,51.65,147.78,1,-1,-1,-1
146,1608,178.93,94.55,50.15,155.70,1,-1,-1,-1
146,1609,268.40,83.18,57.91,176.69,1,-1,-1,-1
146,1610,373.48,121.04,54.43,136.97,1,-1,-1,-1
147,1602,401.96,112.68,44.78,142.71,1,-1,-1,-1
147,1605,458.71,107.49,50.54,145.92,1,-1,-1,-1
147,1608,178.81,95.51,50.03,155.29,1,-1,-1,-1
147,1609,268.46,88.14,55.40,170.43,1,-1,-1,-1
147,1610,371.57,119.79,52.64,136.92,1,-1,-1,-1
148,1602,402.91,113.59,43.80,142.20,1,-1,-1,-1
148,1605,458.66,107.89,49.90,145.22,1,-1,-1,-1
148,1608,178.77,95.87,49.98,155.14,1,-1,-1,-1
148,1609,268.64,90.06,54.21,168.04,1,-1,-1,-1
148,1610,371.29,119.32,51.31,136.91,1,-1,-1,-1
149,1602,405.89,114.58,42.75,140.70,1,-1,-1,-1
149,1605,457.08,106.06,50.22,148.25,1,-1,-1,-1
149,1608,181.27,98.61,49.54,152.46,1,-1,-1,-1
149,1609,267.89,94.06,52.82,165.19,1,-1,-1,-1
149,1610,368.41,121.12,48.65,134.28,1,-1,-1,-1
150,1602,407.17,114.95,42.05,140.14,1,-1,-1,-1
150,1605,456.70,105.38,49.96,149.39,1,-1,-1,-1
150,1608,182.14,99.65,49.58,151.44,1,-1,-1,-1
150,1609,267.76,95.54,52.07,164.14,1,-1,-1,-1
150,1610,367.78,121.79,46.96,133.29,1,-1,-1,-1
151,1602,409.90,114.42,40.55,137.31,1,-1,-1,-1
151,1605,456.12,104.46,49.52,149.17,1,-1,-1,-1
151,1608,182.46,100.68,49.62,150.41,1,-1,-1,-1
151,1609,268.37,98.71,50.51,159.17,1,-1,-1,-1
151,1610,366.49,120.05,45.99,132.93,1,-1,-1,-1
152,1602,411.08,114.21,39.65,136.26,1,-1,-1,-1
152,1605,456.02,104.12,49.16,149.09,1,-1,-1,-1
152,1608,182.48,101.06,49.83,150.03,1,-1,-1,-1
152,1609,268.63,99.88,49.94,157.32,1,-1,-1,-1
152,1610,366.30,119.39,45.24,132.82,1,-1,-1,-1
153,1602,412.74,112.81,40.14,138.52,1,-1,-1,-1
153,1605,454.52,104.64,48.76,148.40,1,-1,-1,-1
153,1608,178.66,99.22,50.36,151.87,1,-1,-1,-1
153,1609,267.96,103.59,48.66,153.37,1,-1,-1,-1
153,1610,364.77,119.14,44.75,132.79,1,-1,-1,-1
153,1611,46.00,127.00,58.00,154.00,1,-1,-1,-1
154,1602,413.38,112.29,40.24,139.37,1,-1,-1,-1
154,1605,454.03,104.85,48.52,148.14,1,-1,-1,-1
154,1608,177.25,98.51,50.52,152.56,1,-1,-1,-1
154,1609,267.74,104.94,48.19,151.95,1,-1,-1,-1
154,1610,364.40,119.04,44.33,132.79,1,-1,-1,-1
154,1611,46.00,127.00,58.00,154.00,1,-1,-1,-1
155,1602,414.19,113.39,39.75,139.05,1,-1,-1,-1
155,1605,453.16,107.54,47.89,146.08,1,-1,-1,-1
155,1608,180.65,98.89,51.20,153.48,1,-1,-1,-1
155,1609,267.87,107.39,47.64,150.81,1,-1,-1,-1
155,1610,363.41,118.35,44.05,133.46,1,-1,-1,-1
155,1612,322.00,116.00,44.00,138.00,1,-1,-1,-1
155,1613,80.00,87.00,53.00,199.00,1,-1,-1,-1
156,1602,414.58,113.81,39.36,138.94,1,-1,-1,-1
156,1605,452.85,108.56,47.68,145.30,1,-1,-1,-1
156,1608,181.85,99.03,51.67,153.83,1,-1,-1,-1
156,1609,267.98,108.25,47.37,150.43,1,-1,-1,-1
156,1610,363.23,118.09,43.70,133.73,1,-1,-1,-1
156,1612,322.00,116.00,44.00,138.00,1,-1,-1,-1
156,1613,80.00,87.00,53.00,199.00,1,-1,-1,-1
157,1602,414.33,112.66,40.61,143.49,1,-1,-1,-1
157,1605,450.99,106.32,49.20,148.95,1,-1,-1,-1
157,1608,182.69,99.07,51.74,153.31,1,-1,-1,-1
157,1609,267.57,109.56,46.93,149.06,1,-1,-1,-1
157,1610,363.98,118.65,42.72,131.22,1,-1,-1,-1
157,1612,322.98,116.00,43.54,136.50,1,-1,-1,-1
157,1613,84.59,90.00,51.33,192.24,1,-1,-1,-1
158,1602,414.23,112.23,41.06,145.19,1,-1,-1,-1
158,1605,450.22,105.48,49.95,150.31,1,-1,-1,-1
158,1608,182.94,99.09,51.90,153.11,1,-1,-1,-1
158,1610,364.38,118.87,42.28,130.27,1,-1,-1,-1
158,1612,323.30,116.00,43.40,136.00,1,-1,-1,-1
158,1613,86.06,91.00,50.89,189.99,1,-1,-1,-1
159,1602,414.66,112.06,41.57,146.49,1,-1,-1,-1
159,1605,449.88,106.45,50.40,150.19,1,-1,-1,-1
159,1608,182.79,101.04,51.79,152.38,1,-1,-1,-1
159,1610,362.75,117.63,43.14,133.88,1,-1,-1,-1
159,1612,324.44,114.55,44.17,138.77,1,-1,-1,-1
159,1613,88.47,94.20,50.40,187.20,1,-1,-1,-1
160,1602,414.77,112.00,41.82,146.97,1,-1,-1,-1
160,1605,449.65,106.82,50.82,150.13,1,-1,-1,-1
160,1608,182.69,101.78,51.83,152.11,1,-1,-1,-1
160,1610,362.26,117.18,43.30,135.23,1,-1,-1,-1
160,1612,324.86,114.05,44.34,139.73,1,-1,-1,-1
160,1613,89.09,95.22,50.48,186.38,1,-1,-1,-1
161,1602,415.55,113.28,41.70,145.20,1,-1,-1,-1
161,1605,449.84,107.62,51.13,148.15,1,-1,-1,-1
161,1608,182.04,99.43,53.05,155.93,1,-1,-1,-1
161,1610,362.28,119.61,43.03,135.10,1,-1,-1,-1
161,1612,324.66,117.34,44.36,140.06,1,-1,-1,-1
161,1613,96.36,95.50,50.98,185.50,1,-1,-1,-1
162,1602,415.74,113.77,41.85,144.50,1,-1,-1,-1
162,1605,449.69,107.92,51.76,147.39,1,-1,-1,-1
162,1608,181.82,98.54,53.47,157.36,1,-1,-1,-1
162,1610,362.40,120.54,42.82,135.05,1,-1,-1,-1
162,1612,324.59,118.55,44.31,140.16,1,-1,-1,-1
162,1613,98.61,95.54,51.68,185.28,1,-1,-1,-1
163,1602,417.45,115.26,42.50,143.58,1,-1,-1,-1
163,1605,446.72,110.64,51.97,145.14,1,-1,-1,-1
163,1608,181.83,98.57,53.59,157.73,1,-1,-1,-1
163,1610,362.15,120.89,42.76,134.37,1,-1,-1,-1
163,1612,325.17,117.64,43.72,138.15,1,-1,-1,-1
163,1613,101.33,96.57,51.24,183.72,1,-1,-1,-1
164,1602,417.84,115.82,43.22,143.23,1,-1,-1,-1
164,1605,445.35,111.67,52.57,144.29,1,-1,-1,-1
164,1610,362.05,121.02,42.81,134.12,1,-1,-1,-1
164,1612,325.36,117.28,43.53,137.39,1,-1,-1,-1
165,1602,415.67,112.10,44.18,147.01,1,-1,-1,-1
165,1605,445.91,109.41,53.34,147.27,1,-1,-1,-1
165,1608,179.59,95.61,54.59,160.57,1,-1,-1,-1
165,1610,362.79,118.45,43.31,137.29,1,-1,-1,-1
165,1612,324.04,115.80,43.52,137.78,1,-1,-1,-1
166,1602,414.89,110.70,44.44,148.43,1,-1,-1,-1
166,1605,446.21,108.56,53.46,148.38,1,-1,-1,-1
166,1608,179.21,95.13,54.78,161.04,1,-1,-1,-1
166,1610,363.23,117.48,43.22,138.48,1,-1,-1,-1
166,1612,323.59,115.25,43.44,137.93,1,-1,-1,-1
167,1602,415.23,111.46,44.52,147.02,1,-1,-1,-1
167,1605,444.94,109.53,53.73,148.16,1,-1,-1,-1
167,1608,181.52,98.22,53.87,159.24,1,-1,-1,-1
167,1610,362.46,117.32,43.32,138.80,1,-1,-1,-1
167,1612,321.78,113.72,44.01,138.64,1,-1,-1,-1
167,1613,123.87,96.33,52.26,182.61,1,-1,-1,-1
168,1602,415.22,111.77,44.81,146.46,1,-1,-1,-1
168,1605,444.38,109.90,54.02,148.07,1,-1,-1,-1
168,1608,182.47,99.40,53.38,158.55,1,-1,-1,-1
168,1612,321.01,113.15,44.42,138.91,1,-1,-1,-1
168,1613,125.17,96.29,53.42,182.56,1,-1,-1,-1
169,1602,414.36,113.84,45.95,148.20,1,-1,-1,-1
169,1605,444.20,113.30,54.10,148.04,1,-1,-1,-1
169,1608,181.30,101.15,52.98,157.62,1,-1,-1,-1
169,1610,366.54,118.66,42.80,138.24,1,-1,-1,-1
169,1612,320.06,113.61,44.59,139.01,1,-1,-1,-1
169,1613,127.21,92.29,55.93,188.51,1,-1,-1,-1
170,1602,413.87,114.63,46.70,148.84,1,-1,-1,-1
170,1605,444.13,114.58,54.18,148.02,1,-1,-1,-1
170,1608,180.88,101.80,52.78,157.27,1,-1,-1,-1
170,1610,367.32,118.88,42.47,138.15,1,-1,-1,-1
170,1612,319.67,113.79,44.72,139.04,1,-1,-1,-1
170,1613,127.68,90.81,57.27,190.71,1,-1,-1,-1
171,1602,414.66,111.67,47.60,151.03,1,-1,-1,-1
171,1605,443.61,115.13,54.19,148.05,1,-1,-1,-1
171,1608,180.64,102.69,52.88,156.47,1,-1,-1,-1
171,1610,365.18,114.37,43.26,141.39,1,-1,-1,-1
171,1612,319.81,109.93,46.84,145.61,1,-1,-1,-1
171,1613,128.74,89.60,58.38,190.91,1,-1,-1,-1
172,1602,414.90,110.55,48.06,151.85,1,-1,-1,-1
172,1608,180.45,103.02,53.10,156.17,1,-1,-1,-1
172,1610,364.44,112.70,43.45,142.60,1,-1,-1,-1
172,1612,319.87,108.49,47.64,148.06,1,-1,-1,-1
172,1613,128.75,89.14,59.34,190.98,1,-1,-1,-1
173,1602,415.86,110.77,48.43,152.15,1,-1,-1,-1
173,1608,178.43,101.17,54.48,160.63,1,-1,-1,-1
173,1610,363.79,114.01,42.32,139.16,1,-1,-1,-1
173,1612,321.54,107.30,46.59,145.10,1,-1,-1,-1
173,1613,129.88,88.31,59.87,189.05,1,-1,-1,-1
174,1602,416.14,110.86,48.71,152.24,1,-1,-1,-1
174,1608,177.71,100.47,54.93,162.30,1,-1,-1,-1
174,1610,363.58,114.54,41.84,137.81,1,-1,-1,-1
174,1612,322.22,106.87,46.13,143.92,1,-1,-1,-1
174,1613,129.91,88.01,60.65,188.31,1,-1,-1,-1
175,1602,415.71,112.20,47.92,150.96,1,-1,-1,-1
175,1608,177.02,99.55,54.64,162.93,1,-1,-1,-1
175,1610,364.13,116.06,41.74,139.26,1,-1,-1,-1
175,1612,321.11,108.04,46.07,146.73,1,-1,-1,-1
175,1613,133.50,88.56,60.83,186.73,1,-1,-1,-1
176,1602,415.64,112.72,47.41,150.46,1,-1,-1,-1
176,1608,176.90,99.19,54.26,163.16,1,-1,-1,-1
176,1610,364.50,116.63,41.41,139.80,1,-1,-1,-1
176,1612,320.96,108.49,45.52,147.77,1,-1,-1,-1
176,1613,134.59,88.78,61.26,186.14,1,-1,-1,-1
177,1602,415.51,112.91,48.04,152.21,1,-1,-1,-1
177,1608,173.07,101.01,55.84,167.78,1,-1,-1,-1
177,1610,366.06,118.16,41.06,139.35,1,-1,-1,-1
177,1612,321.87,109.33,44.66,147.50,1,-1,-1,-1
177,1613,139.16,92.80,62.12,186.58,1,-1,-1,-1
178,1602,415.44,112.98,48.31,152.87,1,-1,-1,-1
178,1608,171.62,101.69,56.46,169.51,1,-1,-1,-1
178,1610,366.72,118.74,40.82,139.18,1,-1,-1,-1
178,1612,322.43,109.66,43.92,147.38,1,-1,-1,-1
178,1613,140.60,94.32,62.82,186.76,1,-1,-1,-1
179,1602,413.83,111.06,48.97,155.05,1,-1,-1,-1
179,1608,169.02,101.95,58.22,171.45,1,-1,-1,-1
179,1610,366.83,115.69,41.67,143.67,1,-1,-1,-1
179,1612,322.67,111.75,42.28,142.75,1,-1,-1,-1
179,1613,143.33,94.66,62.75,186.53,1,-1,-1,-1
