1,13607,383.74,174.59,61.81,136.90,1,-1,-1,-1
1,13618,453.94,193.29,62.60,136.97,1,-1,-1,-1
1,13652,237.79,193.51,39.29,108.44,1,-1,-1,-1
1,13657,197.77,192.29,42.04,110.44,1,-1,-1,-1
28,13659,1036.00,148.00,72.00,132.00,1,-1,-1,-1
29,13659,1036.00,148.00,72.00,132.00,1,-1,-1,-1
30,13659,1036.00,148.00,72.00,132.00,1,-1,-1,-1
31,13659,1036.00,148.00,72.00,132.00,1,-1,-1,-1
32,13659,1036.00,148.00,72.00,132.00,1,-1,-1,-1
33,13659,1036.00,148.00,72.00,132.00,1,-1,-1,-1
34,13659,1036.00,148.00,72.00,132.00,1,-1,-1,-1
35,13659,1036.00,148.00,72.00,132.00,1,-1,-1,-1
36,13659,1036.00,148.00,72.00,132.00,1,-1,-1,-1
37,13659,1036.00,148.00,72.00,132.00,1,-1,-1,-1
46,13660,242.00,176.00,50.00,92.00,1,-1,-1,-1
47,13660,242.00,176.00,50.00,92.00,1,-1,-1,-1
48,13660,242.00,176.00,50.00,92.00,1,-1,-1,-1
49,13660,242.00,176.00,50.00,92.00,1,-1,-1,-1
50,13660,242.00,176.00,50.00,92.00,1,-1,-1,-1
51,13660,242.00,176.00,50.00,92.00,1,-1,-1,-1
52,13660,242.00,176.00,50.00,92.00,1,-1,-1,-1
53,13660,242.00,176.00,50.00,92.00,1,-1,-1,-1
54,13660,242.00,176.00,50.00,92.00,1,-1,-1,-1
55,13660,242.00,176.00,50.00,92.00,1,-1,-1,-1
64,13659,897.16,159.95,37.00,72.25,1,-1,-1,-1
65,13659,892.01,160.39,35.88,70.07,1,-1,-1,-1
65,13661,26.00,182.00,56.00,88.00,1,-1,-1,-1
65,13662,910.00,186.00,26.00,62.00,1,-1,-1,-1
65,13663,94.00,184.00,50.00,92.00,1,-1,-1,-1
66,13661,26.00,182.00,56.00,88.00,1,-1,-1,-1
66,13662,910.00,186.00,26.00,62.00,1,-1,-1,-1
66,13663,94.00,184.00,50.00,92.00,1,-1,-1,-1
67,13662,913.77,167.99,34.98,83.02,1,-1,-1,-1
67,13664,810.00,162.00,52.00,84.00,1,-1,-1,-1
68,13662,914.93,161.98,38.16,90.03,1,-1,-1,-1
68,13664,810.00,162.00,52.00,84.00,1,-1,-1,-1
69,13662,915.23,159.89,39.46,92.46,1,-1,-1,-1
69,13664,810.00,162.00,52.00,84.00,1,-1,-1,-1
70,13662,915.16,167.32,36.09,83.80,1,-1,-1,-1
70,13664,810.00,162.00,52.00,84.00,1,-1,-1,-1
70,13665,1038.00,214.00,68.00,96.00,1,-1,-1,-1
71,13660,364.54,179.95,26.35,48.51,1,-1,-1,-1
71,13662,916.11,163.89,37.81,87.79,1,-1,-1,-1
72,13660,370.80,180.16,25.14,46.28,1,-1,-1,-1
72,13666,918.00,174.00,62.00,102.00,1,-1,-1,-1
73,13666,924.82,168.86,67.21,110.57,1,-1,-1,-1
73,13667,226.00,184.00,44.00,62.00,1,-1,-1,-1
74,13666,925.96,168.00,68.07,112.00,1,-1,-1,-1
74,13667,226.00,184.00,44.00,62.00,1,-1,-1,-1
75,13666,927.10,167.14,68.94,113.43,1,-1,-1,-1
75,13667,211.54,173.49,53.40,75.51,1,-1,-1,-1
75,13668,976.00,156.00,80.00,148.00,1,-1,-1,-1
76,13667,206.82,169.99,56.34,80.01,1,-1,-1,-1
76,13668,976.00,156.00,80.00,148.00,1,-1,-1,-1
77,13667,205.39,168.85,57.08,81.48,1,-1,-1,-1
77,13668,976.00,156.00,80.00,148.00,1,-1,-1,-1
78,13667,204.20,165.94,61.73,88.49,1,-1,-1,-1
78,13668,976.00,156.00,80.00,148.00,1,-1,-1,-1
79,13667,203.75,168.78,67.45,97.48,1,-1,-1,-1
79,13669,920.00,190.00,48.00,66.00,1,-1,-1,-1
79,13670,102.00,180.00,56.00,90.00,1,-1,-1,-1
79,13671,954.00,194.00,36.00,56.00,1,-1,-1,-1
80,13659,821.23,177.98,47.45,93.89,1,-1,-1,-1
80,13667,200.74,168.72,71.73,104.71,1,-1,-1,-1
80,13669,914.32,188.29,57.64,79.71,1,-1,-1,-1
80,13670,95.18,181.71,55.92,90.00,1,-1,-1,-1
80,13671,945.57,190.57,39.15,61.14,1,-1,-1,-1
80,13672,878.00,176.00,38.00,100.00,1,-1,-1,-1
80,13673,1170.00,160.00,62.00,154.00,1,-1,-1,-1
81,13659,816.45,179.05,48.00,94.98,1,-1,-1,-1
81,13667,186.20,173.78,68.94,101.25,1,-1,-1,-1
81,13670,88.97,180.50,58.56,94.50,1,-1,-1,-1
81,13674,142.00,178.00,60.00,102.00,1,-1,-1,-1
82,13667,181.86,172.45,71.98,105.71,1,-1,-1,-1
82,13670,76.89,178.63,60.77,98.90,1,-1,-1,-1
82,13674,141.55,176.29,60.91,103.71,1,-1,-1,-1
82,13675,34.00,182.00,50.00,94.00,1,-1,-1,-1
83,13670,74.32,176.58,65.38,107.38,1,-1,-1,-1
83,13675,23.52,171.71,58.95,111.14,1,-1,-1,-1
84,13670,64.96,175.85,69.52,114.40,1,-1,-1,-1
84,13675,17.10,170.00,65.60,123.78,1,-1,-1,-1
85,13670,61.59,175.62,70.92,116.95,1,-1,-1,-1
85,13675,14.76,169.45,68.03,128.49,1,-1,-1,-1
86,13670,60.60,175.57,71.25,117.75,1,-1,-1,-1
86,13675,14.09,169.37,68.71,129.92,1,-1,-1,-1
87,13670,60.49,175.59,71.18,117.88,1,-1,-1,-1
87,13675,14.04,169.41,68.74,130.15,1,-1,-1,-1
88,13670,60.68,175.63,70.97,117.79,1,-1,-1,-1
88,13675,14.16,169.49,68.57,130.02,1,-1,-1,-1
89,13670,60.96,175.67,70.73,117.63,1,-1,-1,-1
89,13675,14.33,169.56,68.36,129.80,1,-1,-1,-1
90,13670,61.25,175.70,70.49,117.47,1,-1,-1,-1
90,13675,14.50,169.61,68.15,129.58,1,-1,-1,-1
91,13670,58.19,175.23,71.88,119.78,1,-1,-1,-1
91,13675,14.62,173.62,56.12,106.94,1,-1,-1,-1
91,13676,1134.00,206.00,24.00,28.00,1,-1,-1,-1
91,13677,1048.00,200.00,52.00,92.00,1,-1,-1,-1
91,13678,310.00,170.00,50.00,82.00,1,-1,-1,-1
92,13675,13.46,173.56,55.88,106.49,1,-1,-1,-1
92,13677,1042.94,200.00,51.84,92.00,1,-1,-1,-1
92,13679,244.00,182.00,48.00,86.00,1,-1,-1,-1
92,13680,264.00,182.00,60.00,90.00,1,-1,-1,-1
93,13667,212.50,178.88,64.79,97.09,1,-1,-1,-1
93,13677,1048.40,203.00,49.70,87.50,1,-1,-1,-1
93,13681,90.00,182.00,56.00,70.00,1,-1,-1,-1
93,13682,1138.00,210.00,92.00,108.00,1,-1,-1,-1
93,13683,206.00,176.00,50.00,76.00,1,-1,-1,-1
94,13667,206.21,176.56,68.15,102.85,1,-1,-1,-1
94,13677,1064.05,205.52,48.89,86.00,1,-1,-1,-1
95,13667,200.56,176.05,67.06,104.22,1,-1,-1,-1
95,13677,1069.89,207.01,48.04,84.49,1,-1,-1,-1
96,13667,180.43,177.19,64.59,102.05,1,-1,-1,-1
96,13684,942.00,172.00,30.00,56.00,1,-1,-1,-1
97,13667,176.73,176.97,65.40,103.33,1,-1,-1,-1
97,13675,14.11,172.07,62.58,121.03,1,-1,-1,-1
97,13685,130.00,176.00,72.00,112.00,1,-1,-1,-1
98,13675,16.67,170.65,61.96,120.74,1,-1,-1,-1
98,13686,76.00,170.00,78.00,126.00,1,-1,-1,-1
99,13675,18.04,174.03,64.82,125.81,1,-1,-1,-1
100,13675,17.85,174.07,65.51,127.15,1,-1,-1,-1
100,13687,926.00,174.00,32.00,54.00,1,-1,-1,-1
101,13688,1058.00,170.00,38.00,80.00,1,-1,-1,-1
102,13688,1064.86,171.71,38.00,80.00,1,-1,-1,-1
118,13689,912.00,200.00,234.00,168.00,1,-1,-1,-1
119,13689,912.00,200.00,234.00,168.00,1,-1,-1,-1
120,13689,912.00,200.00,234.00,168.00,1,-1,-1,-1
121,13689,912.00,200.00,234.00,168.00,1,-1,-1,-1
122,13689,912.00,200.00,234.00,168.00,1,-1,-1,-1
123,13689,912.00,200.00,234.00,168.00,1,-1,-1,-1
124,13689,912.00,200.00,234.00,168.00,1,-1,-1,-1
125,13689,912.00,200.00,234.00,168.00,1,-1,-1,-1
126,13689,912.00,200.00,234.00,168.00,1,-1,-1,-1
127,13689,912.00,200.00,234.00,168.00,1,-1,-1,-1
127,13690,780.00,202.00,184.00,120.00,1,-1,-1,-1
128,13690,780.00,202.00,184.00,120.00,1,-1,-1,-1
129,13690,780.00,202.00,184.00,120.00,1,-1,-1,-1
130,13690,780.00,202.00,184.00,120.00,1,-1,-1,-1
131,13690,780.00,202.00,184.00,120.00,1,-1,-1,-1
132,13690,780.00,202.00,184.00,120.00,1,-1,-1,-1
133,13690,780.00,202.00,184.00,120.00,1,-1,-1,-1
134,13690,780.00,202.00,184.00,120.00,1,-1,-1,-1
135,13690,780.00,202.00,184.00,120.00,1,-1,-1,-1
136,13690,780.00,202.00,184.00,120.00,1,-1,-1,-1
163,13691,888.00,184.00,52.00,88.00,1,-1,-1,-1
164,13691,888.00,184.00,52.00,88.00,1,-1,-1,-1
165,13691,888.00,184.00,52.00,88.00,1,-1,-1,-1
166,13691,888.00,184.00,52.00,88.00,1,-1,-1,-1
167,13691,888.00,184.00,52.00,88.00,1,-1,-1,-1
168,13691,888.00,184.00,52.00,88.00,1,-1,-1,-1
169,13691,888.00,184.00,52.00,88.00,1,-1,-1,-1
170,13691,888.00,184.00,52.00,88.00,1,-1,-1,-1
171,13691,888.00,184.00,52.00,88.00,1,-1,-1,-1
172,13691,888.00,184.00,52.00,88.00,1,-1,-1,-1
172,13692,1114.00,192.00,76.00,104.00,1,-1,-1,-1
173,13692,1114.00,192.00,76.00,104.00,1,-1,-1,-1
174,13692,1114.00,192.00,76.00,104.00,1,-1,-1,-1
175,13692,1114.00,192.00,76.00,104.00,1,-1,-1,-1
176,13692,1114.00,192.00,76.00,104.00,1,-1,-1,-1
177,13692,1114.00,192.00,76.00,104.00,1,-1,-1,-1
178,13692,1114.00,192.00,76.00,104.00,1,-1,-1,-1
179,13692,1114.00,192.00,76.00,104.00,1,-1,-1,-1
180,13692,1114.00,192.00,76.00,104.00,1,-1,-1,-1
181,13692,1114.00,192.00,76.00,104.00,1,-1,-1,-1
235,13693,1004.00,152.00,150.00,218.00,1,-1,-1,-1
236,13693,1004.00,152.00,150.00,218.00,1,-1,-1,-1
237,13693,1004.00,152.00,150.00,218.00,1,-1,-1,-1
238,13693,1004.00,152.00,150.00,218.00,1,-1,-1,-1
239,13693,1004.00,152.00,150.00,218.00,1,-1,-1,-1
240,13693,1004.00,152.00,150.00,218.00,1,-1,-1,-1
241,13693,1004.00,152.00,150.00,218.00,1,-1,-1,-1
242,13693,1004.00,152.00,150.00,218.00,1,-1,-1,-1
243,13693,1004.00,152.00,150.00,218.00,1,-1,-1,-1
244,13693,1004.00,152.00,150.00,218.00,1,-1,-1,-1
244,13694,1170.00,158.00,54.00,120.00,1,-1,-1,-1
245,13694,1170.00,158.00,54.00,120.00,1,-1,-1,-1
246,13694,1170.00,158.00,54.00,120.00,1,-1,-1,-1
247,13694,1170.00,158.00,54.00,120.00,1,-1,-1,-1
248,13694,1170.00,158.00,54.00,120.00,1,-1,-1,-1
249,13694,1170.00,158.00,54.00,120.00,1,-1,-1,-1
250,13694,1170.00,158.00,54.00,120.00,1,-1,-1,-1
251,13694,1170.00,158.00,54.00,120.00,1,-1,-1,-1
252,13694,1170.00,158.00,54.00,120.00,1,-1,-1,-1
253,13694,1170.00,158.00,54.00,120.00,1,-1,-1,-1
253,13695,452.00,176.00,36.00,74.00,1,-1,-1,-1
253,13696,354.00,178.00,54.00,96.00,1,-1,-1,-1
254,13695,452.00,176.00,36.00,74.00,1,-1,-1,-1
254,13696,354.00,178.00,54.00,96.00,1,-1,-1,-1
255,13695,452.00,176.00,36.00,74.00,1,-1,-1,-1
255,13696,354.00,178.00,54.00,96.00,1,-1,-1,-1
256,13695,452.00,176.00,36.00,74.00,1,-1,-1,-1
256,13696,354.00,178.00,54.00,96.00,1,-1,-1,-1
257,13695,452.00,176.00,36.00,74.00,1,-1,-1,-1
257,13696,354.00,178.00,54.00,96.00,1,-1,-1,-1
258,13695,452.00,176.00,36.00,74.00,1,-1,-1,-1
258,13696,354.00,178.00,54.00,96.00,1,-1,-1,-1
259,13695,452.00,176.00,36.00,74.00,1,-1,-1,-1
259,13696,354.00,178.00,54.00,96.00,1,-1,-1,-1
260,13695,452.00,176.00,36.00,74.00,1,-1,-1,-1
260,13696,354.00,178.00,54.00,96.00,1,-1,-1,-1
261,13695,452.00,176.00,36.00,74.00,1,-1,-1,-1
261,13696,354.00,178.00,54.00,96.00,1,-1,-1,-1
262,13695,452.00,176.00,36.00,74.00,1,-1,-1,-1
262,13696,351.93,176.66,55.45,100.03,1,-1,-1,-1
263,13696,346.74,178.79,53.03,96.26,1,-1,-1,-1
264,13696,342.88,176.95,55.80,101.45,1,-1,-1,-1
264,13697,176.00,172.00,112.00,172.00,1,-1,-1,-1
265,13696,341.53,176.29,56.73,103.32,1,-1,-1,-1
265,13697,176.00,172.00,112.00,172.00,1,-1,-1,-1
266,13696,341.08,176.04,57.02,104.03,1,-1,-1,-1
266,13697,176.00,172.00,112.00,172.00,1,-1,-1,-1
267,13696,340.98,175.95,57.06,104.27,1,-1,-1,-1
267,13697,176.00,172.00,112.00,172.00,1,-1,-1,-1
268,13696,341.00,175.92,57.02,104.34,1,-1,-1,-1
268,13697,176.00,172.00,112.00,172.00,1,-1,-1,-1
269,13696,341.07,175.91,56.95,104.34,1,-1,-1,-1
269,13697,176.00,172.00,112.00,172.00,1,-1,-1,-1
270,13696,341.15,175.92,56.87,104.32,1,-1,-1,-1
270,13697,176.00,172.00,112.00,172.00,1,-1,-1,-1
271,13696,340.33,175.78,57.15,104.84,1,-1,-1,-1
271,13697,176.00,172.00,112.00,172.00,1,-1,-1,-1
280,13697,315.40,179.79,51.45,78.47,1,-1,-1,-1
280,13698,342.00,178.00,54.00,74.00,1,-1,-1,-1
281,13696,347.77,177.88,41.98,75.25,1,-1,-1,-1
281,13697,322.49,178.25,54.83,84.46,1,-1,-1,-1
282,13696,334.33,179.56,47.09,86.53,1,-1,-1,-1
282,13697,332.20,178.54,51.52,79.36,1,-1,-1,-1
283,13696,334.72,181.23,48.13,88.69,1,-1,-1,-1
284,13696,334.97,181.87,48.49,89.55,1,-1,-1,-1
285,13696,335.13,182.10,48.58,89.88,1,-1,-1,-1
286,13696,335.25,182.17,48.57,90.01,1,-1,-1,-1
287,13696,335.34,182.19,48.53,90.05,1,-1,-1,-1
288,13696,335.42,182.18,48.48,90.06,1,-1,-1,-1
289,13696,334.84,182.48,48.54,90.17,1,-1,-1,-1
