1,539,168.00,196.00,68.00,156.00,1,-1,-1,-1
1,540,272.00,184.00,76.00,192.00,1,-1,-1,-1
2,539,168.00,196.00,68.00,156.00,1,-1,-1,-1
2,540,272.00,184.00,76.00,192.00,1,-1,-1,-1
3,539,165.87,191.50,70.75,163.51,1,-1,-1,-1
3,540,264.16,182.50,79.66,202.51,1,-1,-1,-1
3,541,66.00,158.00,126.00,274.00,1,-1,-1,-1
4,539,165.41,190.00,71.17,166.01,1,-1,-1,-1
4,540,261.79,182.00,80.41,206.01,1,-1,-1,-1
4,541,66.00,158.00,126.00,274.00,1,-1,-1,-1
5,539,164.62,188.49,72.25,168.52,1,-1,-1,-1
5,540,254.25,177.59,81.55,209.86,1,-1,-1,-1
5,541,74.99,170.01,123.03,266.49,1,-1,-1,-1
5,542,116.00,154.00,76.00,238.00,1,-1,-1,-1
6,540,251.83,176.05,81.62,211.06,1,-1,-1,-1
6,541,77.77,174.01,122.48,263.99,1,-1,-1,-1
6,542,116.00,154.00,76.00,238.00,1,-1,-1,-1
7,539,209.61,185.94,80.33,188.16,1,-1,-1,-1
7,540,248.23,179.65,76.46,199.04,1,-1,-1,-1
7,541,92.38,169.22,123.86,264.79,1,-1,-1,-1
8,539,215.61,182.82,84.56,200.44,1,-1,-1,-1
8,540,244.56,179.05,76.69,199.62,1,-1,-1,-1
8,541,98.60,170.96,123.09,263.13,1,-1,-1,-1
8,543,476.00,172.00,72.00,226.00,1,-1,-1,-1
9,539,214.26,172.67,89.15,215.16,1,-1,-1,-1
9,543,478.59,172.00,73.68,231.14,1,-1,-1,-1
10,539,214.09,168.75,89.85,220.76,1,-1,-1,-1
10,543,478.99,172.00,74.01,232.00,1,-1,-1,-1
11,539,182.43,166.00,104.24,246.97,1,-1,-1,-1
11,543,484.54,170.52,79.45,249.93,1,-1,-1,-1
12,539,169.05,164.95,112.18,257.04,1,-1,-1,-1
12,543,486.52,170.03,81.04,255.96,1,-1,-1,-1
13,539,166.45,157.12,120.45,269.63,1,-1,-1,-1
13,543,488.42,169.57,82.92,261.92,1,-1,-1,-1
14,539,164.60,154.05,125.26,274.46,1,-1,-1,-1
15,539,170.97,159.21,125.37,273.59,1,-1,-1,-1
16,539,173.37,161.37,125.55,272.94,1,-1,-1,-1
17,539,172.99,169.94,124.25,273.73,1,-1,-1,-1
18,539,173.26,173.33,122.77,273.84,1,-1,-1,-1
19,539,174.04,172.36,125.63,280.22,1,-1,-1,-1
21,539,152.91,170.08,104.59,241.68,1,-1,-1,-1
22,539,151.29,174.00,94.51,221.35,1,-1,-1,-1
23,539,137.99,176.56,86.92,206.94,1,-1,-1,-1
24,539,133.73,177.47,83.56,201.88,1,-1,-1,-1
25,539,123.01,171.05,86.09,209.58,1,-1,-1,-1
25,540,220.43,185.84,72.49,190.19,1,-1,-1,-1
25,544,306.00,172.00,66.00,204.00,1,-1,-1,-1
25,545,2.00,172.00,48.00,238.00,1,-1,-1,-1
26,539,116.94,174.01,83.67,208.42,1,-1,-1,-1
26,540,218.65,186.08,72.34,189.81,1,-1,-1,-1
26,544,306.09,166.86,69.25,214.29,1,-1,-1,-1
26,545,1.49,165.14,50.74,251.71,1,-1,-1,-1
27,539,110.31,172.53,83.75,207.99,1,-1,-1,-1
27,540,221.95,176.44,73.31,197.91,1,-1,-1,-1
27,545,4.39,169.86,46.69,230.54,1,-1,-1,-1
28,539,106.48,178.61,82.81,205.20,1,-1,-1,-1
28,540,227.66,183.92,69.48,186.12,1,-1,-1,-1
28,545,8.34,174.75,42.43,207.41,1,-1,-1,-1
29,539,102.12,178.77,82.53,204.50,1,-1,-1,-1
29,540,241.29,182.68,70.74,191.16,1,-1,-1,-1
29,545,6.32,174.63,47.54,230.09,1,-1,-1,-1
30,539,83.12,175.09,85.18,216.44,1,-1,-1,-1
30,540,246.53,182.24,70.38,192.95,1,-1,-1,-1
30,545,7.10,173.26,49.08,233.73,1,-1,-1,-1
31,539,76.96,171.66,86.01,222.93,1,-1,-1,-1
31,540,247.14,187.31,67.72,183.17,1,-1,-1,-1
31,545,28.15,182.28,46.60,217.30,1,-1,-1,-1
32,539,75.25,170.40,85.38,225.31,1,-1,-1,-1
32,540,247.12,189.27,67.06,179.39,1,-1,-1,-1
32,545,35.63,185.58,46.26,211.21,1,-1,-1,-1
33,539,66.61,168.64,82.03,217.12,1,-1,-1,-1
33,540,254.04,185.97,68.91,180.71,1,-1,-1,-1
33,545,40.85,188.04,45.45,207.51,1,-1,-1,-1
34,539,60.64,167.95,82.19,217.54,1,-1,-1,-1
34,540,257.46,180.79,71.72,186.50,1,-1,-1,-1
34,541,325.91,172.09,127.87,267.90,1,-1,-1,-1
35,539,32.51,184.82,88.30,216.44,1,-1,-1,-1
35,540,265.18,186.66,70.21,178.27,1,-1,-1,-1
35,541,337.66,161.73,130.11,275.76,1,-1,-1,-1
36,539,24.89,185.66,88.41,216.73,1,-1,-1,-1
36,540,268.70,191.64,69.73,173.74,1,-1,-1,-1
36,541,347.66,161.68,129.76,278.72,1,-1,-1,-1
37,540,271.69,188.13,72.66,178.77,1,-1,-1,-1
37,541,358.95,164.26,127.13,279.84,1,-1,-1,-1
38,540,272.48,186.84,74.22,180.62,1,-1,-1,-1
38,541,363.61,165.28,124.88,280.25,1,-1,-1,-1
39,539,53.79,166.94,95.20,244.30,1,-1,-1,-1
39,540,275.17,186.99,74.02,180.12,1,-1,-1,-1
39,541,383.65,168.27,103.81,241.40,1,-1,-1,-1
40,539,59.28,164.73,91.90,244.95,1,-1,-1,-1
40,540,288.72,193.98,72.52,175.28,1,-1,-1,-1
40,541,398.17,163.97,91.85,216.20,1,-1,-1,-1
41,539,63.25,166.50,90.83,250.31,1,-1,-1,-1
41,540,294.63,191.53,75.19,179.55,1,-1,-1,-1
41,541,407.92,163.60,89.80,211.37,1,-1,-1,-1
42,539,65.56,167.19,88.92,252.30,1,-1,-1,-1
42,540,296.42,190.69,76.61,181.01,1,-1,-1,-1
43,539,63.22,166.55,89.79,254.77,1,-1,-1,-1
43,540,301.44,187.75,77.36,181.57,1,-1,-1,-1
43,541,425.50,162.11,94.29,229.79,1,-1,-1,-1
44,540,303.09,186.62,77.90,181.80,1,-1,-1,-1
44,541,429.68,161.89,92.45,231.98,1,-1,-1,-1
45,539,95.11,162.58,90.17,259.95,1,-1,-1,-1
45,540,306.49,186.19,80.15,185.80,1,-1,-1,-1
45,541,438.36,161.46,91.89,230.59,1,-1,-1,-1
45,546,0.00,178.00,66.00,220.00,1,-1,-1,-1
46,539,95.39,161.75,91.03,262.45,1,-1,-1,-1
46,540,309.54,189.92,79.88,183.43,1,-1,-1,-1
46,546,-0.75,179.71,67.51,225.14,1,-1,-1,-1
47,540,312.12,192.67,79.26,181.19,1,-1,-1,-1
47,541,437.56,163.46,110.09,268.36,1,-1,-1,-1
47,546,-3.29,174.05,66.63,223.03,1,-1,-1,-1
48,540,312.89,193.70,79.21,180.35,1,-1,-1,-1
48,541,436.83,163.74,115.02,274.03,1,-1,-1,-1
48,546,-4.03,172.10,66.08,222.23,1,-1,-1,-1
49,540,317.13,199.31,77.61,174.80,1,-1,-1,-1
49,541,443.50,163.60,116.06,276.50,1,-1,-1,-1
49,546,-4.97,170.33,65.98,221.91,1,-1,-1,-1
50,540,318.39,201.42,77.42,172.70,1,-1,-1,-1
51,539,149.18,185.37,84.72,248.50,1,-1,-1,-1
51,540,332.52,199.53,76.24,167.99,1,-1,-1,-1
52,539,154.28,187.52,83.07,246.96,1,-1,-1,-1
52,540,337.44,198.78,76.29,166.26,1,-1,-1,-1
53,539,158.07,188.63,83.26,247.51,1,-1,-1,-1
53,540,341.34,193.19,78.51,169.63,1,-1,-1,-1
54,540,342.49,191.11,79.71,170.90,1,-1,-1,-1
55,539,187.58,178.41,82.54,249.77,1,-1,-1,-1
55,540,348.75,191.63,81.30,175.33,1,-1,-1,-1
55,541,517.47,165.76,93.84,227.24,1,-1,-1,-1
56,539,192.77,176.79,81.49,250.14,1,-1,-1,-1
56,540,351.14,191.83,81.65,177.01,1,-1,-1,-1
56,541,522.28,165.95,90.92,222.95,1,-1,-1,-1
57,539,206.70,185.41,79.12,239.77,1,-1,-1,-1
57,540,358.26,194.51,82.08,178.97,1,-1,-1,-1
57,541,530.62,166.01,90.19,221.16,1,-1,-1,-1
58,539,211.54,188.69,78.64,235.81,1,-1,-1,-1
58,540,360.97,195.53,81.98,179.71,1,-1,-1,-1
59,539,217.78,189.62,78.40,235.09,1,-1,-1,-1
59,540,364.14,193.32,82.60,181.28,1,-1,-1,-1
60,540,365.24,192.47,82.79,181.88,1,-1,-1,-1
61,540,374.05,193.45,81.41,179.49,1,-1,-1,-1
61,547,534.00,188.00,74.00,218.00,1,-1,-1,-1
62,540,380.90,196.44,80.18,174.64,1,-1,-1,-1
63,540,385.42,196.25,79.49,171.48,1,-1,-1,-1
63,548,540.00,194.00,78.00,200.00,1,-1,-1,-1
64,540,386.76,196.17,79.64,170.32,1,-1,-1,-1
64,548,540.00,194.00,78.00,200.00,1,-1,-1,-1
65,539,290.96,184.65,77.64,233.81,1,-1,-1,-1
65,540,392.99,196.13,81.11,172.53,1,-1,-1,-1
65,548,542.42,201.51,65.66,168.47,1,-1,-1,-1
66,539,295.38,184.25,77.39,233.78,1,-1,-1,-1
66,540,395.08,196.11,81.91,173.37,1,-1,-1,-1
66,548,543.24,204.00,61.51,157.98,1,-1,-1,-1
67,539,307.97,181.49,78.92,244.29,1,-1,-1,-1
67,540,400.13,194.79,83.85,176.31,1,-1,-1,-1
67,548,544.04,206.52,57.40,147.43,1,-1,-1,-1
68,539,312.96,180.47,78.57,248.16,1,-1,-1,-1
68,540,401.77,194.29,84.89,177.43,1,-1,-1,-1
69,539,321.34,180.24,78.83,248.98,1,-1,-1,-1
69,540,405.95,194.28,84.97,177.59,1,-1,-1,-1
69,548,549.06,208.20,60.79,154.34,1,-1,-1,-1
70,548,549.34,208.62,61.37,154.01,1,-1,-1,-1
71,539,353.93,183.28,84.55,236.84,1,-1,-1,-1
71,540,423.82,192.38,84.64,181.31,1,-1,-1,-1
71,548,550.75,210.21,59.75,149.94,1,-1,-1,-1
