8,5612,312.00,142.00,68.00,198.00,1,-1,-1,-1
9,5612,312.00,142.00,68.00,198.00,1,-1,-1,-1
10,5612,312.00,142.00,68.00,198.00,1,-1,-1,-1
11,5612,312.00,142.00,68.00,198.00,1,-1,-1,-1
12,5612,312.00,142.00,68.00,198.00,1,-1,-1,-1
13,5612,312.00,142.00,68.00,198.00,1,-1,-1,-1
14,5612,312.00,142.00,68.00,198.00,1,-1,-1,-1
15,5612,312.00,142.00,68.00,198.00,1,-1,-1,-1
15,5613,368.00,124.00,66.00,258.00,1,-1,-1,-1
16,5613,368.00,124.00,66.00,258.00,1,-1,-1,-1
17,5613,368.00,124.00,66.00,258.00,1,-1,-1,-1
18,5613,368.00,124.00,66.00,258.00,1,-1,-1,-1
19,5613,368.00,124.00,66.00,258.00,1,-1,-1,-1
20,5613,368.00,124.00,66.00,258.00,1,-1,-1,-1
21,5613,368.00,124.00,66.00,258.00,1,-1,-1,-1
22,5613,368.00,124.00,66.00,258.00,1,-1,-1,-1
22,5614,438.00,42.00,120.00,368.00,1,-1,-1,-1
23,5614,438.00,42.00,120.00,368.00,1,-1,-1,-1
24,5614,438.00,42.00,120.00,368.00,1,-1,-1,-1
25,5614,438.00,42.00,120.00,368.00,1,-1,-1,-1
26,5614,438.00,42.00,120.00,368.00,1,-1,-1,-1
27,5614,438.00,42.00,120.00,368.00,1,-1,-1,-1
28,5614,438.00,42.00,120.00,368.00,1,-1,-1,-1
29,5614,438.00,42.00,120.00,368.00,1,-1,-1,-1
29,5615,180.00,158.00,58.00,190.00,1,-1,-1,-1
30,5615,180.00,158.00,58.00,190.00,1,-1,-1,-1
31,5615,180.00,158.00,58.00,190.00,1,-1,-1,-1
32,5615,180.00,158.00,58.00,190.00,1,-1,-1,-1
33,5615,180.00,158.00,58.00,190.00,1,-1,-1,-1
34,5615,180.00,158.00,58.00,190.00,1,-1,-1,-1
35,5615,180.00,158.00,58.00,190.00,1,-1,-1,-1
36,5615,180.00,158.00,58.00,190.00,1,-1,-1,-1
36,5616,100.00,74.00,114.00,342.00,1,-1,-1,-1
37,5616,100.00,74.00,114.00,342.00,1,-1,-1,-1
38,5616,100.00,74.00,114.00,342.00,1,-1,-1,-1
39,5616,100.00,74.00,114.00,342.00,1,-1,-1,-1
40,5616,100.00,74.00,114.00,342.00,1,-1,-1,-1
41,5616,100.00,74.00,114.00,342.00,1,-1,-1,-1
42,5616,100.00,74.00,114.00,342.00,1,-1,-1,-1
43,5616,100.00,74.00,114.00,342.00,1,-1,-1,-1
43,5617,4.00,10.00,132.00,462.00,1,-1,-1,-1
44,5617,4.00,10.00,132.00,462.00,1,-1,-1,-1
45,5614,0.79,10.32,146.88,461.07,1,-1,-1,-1
46,5614,-9.07,9.51,145.14,463.43,1,-1,-1,-1
47,5614,-11.80,9.25,143.49,464.21,1,-1,-1,-1
48,5614,-11.85,9.19,142.06,464.38,1,-1,-1,-1
49,5614,-10.96,9.21,140.84,464.32,1,-1,-1,-1
50,5614,-28.86,7.92,142.00,468.12,1,-1,-1,-1
92,5618,402.00,178.00,42.00,154.00,1,-1,-1,-1
92,5619,382.00,182.00,40.00,146.00,1,-1,-1,-1
93,5618,402.00,178.00,42.00,154.00,1,-1,-1,-1
93,5619,382.00,182.00,40.00,146.00,1,-1,-1,-1
94,5618,402.00,178.00,42.00,154.00,1,-1,-1,-1
94,5619,382.00,182.00,40.00,146.00,1,-1,-1,-1
95,5618,402.00,178.00,42.00,154.00,1,-1,-1,-1
95,5619,382.00,182.00,40.00,146.00,1,-1,-1,-1
96,5618,402.00,178.00,42.00,154.00,1,-1,-1,-1
96,5619,382.00,182.00,40.00,146.00,1,-1,-1,-1
97,5618,402.00,178.00,42.00,154.00,1,-1,-1,-1
97,5619,382.00,182.00,40.00,146.00,1,-1,-1,-1
98,5618,402.00,178.00,42.00,154.00,1,-1,-1,-1
98,5619,382.00,182.00,40.00,146.00,1,-1,-1,-1
99,5618,402.00,178.00,42.00,154.00,1,-1,-1,-1
99,5619,382.00,182.00,40.00,146.00,1,-1,-1,-1
99,5620,506.00,170.00,56.00,188.00,1,-1,-1,-1
99,5621,420.00,162.00,52.00,198.00,1,-1,-1,-1
100,5618,415.72,165.15,51.50,189.34,1,-1,-1,-1
100,5620,506.00,170.00,56.00,188.00,1,-1,-1,-1
101,5618,418.61,162.50,53.34,196.63,1,-1,-1,-1
101,5620,506.00,170.00,56.00,188.00,1,-1,-1,-1
102,5618,419.75,161.49,53.95,199.39,1,-1,-1,-1
102,5620,506.00,170.00,56.00,188.00,1,-1,-1,-1
103,5618,420.16,161.17,54.06,200.29,1,-1,-1,-1
103,5620,506.00,170.00,56.00,188.00,1,-1,-1,-1
104,5618,420.30,161.10,53.99,200.47,1,-1,-1,-1
104,5620,506.00,170.00,56.00,188.00,1,-1,-1,-1
105,5618,420.32,161.13,53.85,200.39,1,-1,-1,-1
105,5620,506.00,170.00,56.00,188.00,1,-1,-1,-1
106,5618,421.83,159.72,54.90,204.28,1,-1,-1,-1
106,5620,506.00,170.00,56.00,188.00,1,-1,-1,-1
127,5618,463.77,159.52,52.53,181.69,1,-1,-1,-1
128,5618,463.17,159.87,54.46,180.24,1,-1,-1,-1
129,5618,462.69,159.92,56.00,179.88,1,-1,-1,-1
130,5618,462.14,159.94,57.19,179.78,1,-1,-1,-1
131,5618,461.61,159.96,58.13,179.77,1,-1,-1,-1
132,5618,461.16,159.96,58.89,179.78,1,-1,-1,-1
133,5618,460.77,159.97,59.52,179.81,1,-1,-1,-1
134,5618,461.68,159.92,59.41,179.48,1,-1,-1,-1
134,5622,226.00,206.00,36.00,88.00,1,-1,-1,-1
135,5622,226.00,206.00,36.00,88.00,1,-1,-1,-1
136,5622,226.00,206.00,36.00,88.00,1,-1,-1,-1
137,5622,226.00,206.00,36.00,88.00,1,-1,-1,-1
138,5622,226.00,206.00,36.00,88.00,1,-1,-1,-1
139,5622,226.00,206.00,36.00,88.00,1,-1,-1,-1
140,5622,226.00,206.00,36.00,88.00,1,-1,-1,-1
141,5622,226.00,206.00,36.00,88.00,1,-1,-1,-1
162,5622,123.29,172.20,66.47,161.56,1,-1,-1,-1
163,5622,120.89,171.45,67.39,163.19,1,-1,-1,-1
164,5622,120.14,171.24,67.77,163.66,1,-1,-1,-1
165,5622,119.95,171.20,67.94,163.75,1,-1,-1,-1
166,5622,119.95,171.21,68.03,163.71,1,-1,-1,-1
167,5622,120.02,171.25,68.09,163.63,1,-1,-1,-1
168,5622,120.12,171.30,68.12,163.53,1,-1,-1,-1
169,5622,90.89,159.85,78.29,191.52,1,-1,-1,-1
169,5623,544.00,180.00,50.00,152.00,1,-1,-1,-1
169,5624,38.00,152.00,58.00,204.00,1,-1,-1,-1
170,5622,80.45,155.60,81.20,201.92,1,-1,-1,-1
170,5623,544.00,180.00,50.00,152.00,1,-1,-1,-1
170,5624,38.00,152.00,58.00,204.00,1,-1,-1,-1
171,5622,76.56,153.87,81.73,206.15,1,-1,-1,-1
171,5623,544.00,180.00,50.00,152.00,1,-1,-1,-1
171,5624,38.00,152.00,58.00,204.00,1,-1,-1,-1
172,5622,75.45,153.23,81.32,207.72,1,-1,-1,-1
172,5623,544.00,180.00,50.00,152.00,1,-1,-1,-1
172,5624,38.00,152.00,58.00,204.00,1,-1,-1,-1
173,5622,75.41,153.03,80.60,208.22,1,-1,-1,-1
173,5623,544.00,180.00,50.00,152.00,1,-1,-1,-1
173,5624,38.00,152.00,58.00,204.00,1,-1,-1,-1
174,5622,75.76,153.01,79.83,208.30,1,-1,-1,-1
174,5623,544.00,180.00,50.00,152.00,1,-1,-1,-1
174,5624,38.00,152.00,58.00,204.00,1,-1,-1,-1
175,5622,76.23,153.05,79.09,208.21,1,-1,-1,-1
175,5623,544.00,180.00,50.00,152.00,1,-1,-1,-1
175,5624,38.00,152.00,58.00,204.00,1,-1,-1,-1
176,5622,71.99,151.51,80.44,211.77,1,-1,-1,-1
176,5623,544.00,180.00,50.00,152.00,1,-1,-1,-1
176,5624,24.45,121.91,79.63,276.48,1,-1,-1,-1
177,5624,19.42,111.70,87.84,301.09,1,-1,-1,-1
178,5624,16.93,107.37,92.03,311.52,1,-1,-1,-1
179,5624,15.66,105.80,94.27,315.30,1,-1,-1,-1
180,5624,14.92,105.36,95.68,316.37,1,-1,-1,-1
181,5624,14.40,105.34,96.72,316.41,1,-1,-1,-1
182,5624,13.97,105.48,97.59,316.08,1,-1,-1,-1
183,5624,12.14,101.51,100.54,325.63,1,-1,-1,-1
246,5625,332.00,192.00,46.00,132.00,1,-1,-1,-1
247,5625,332.00,192.00,46.00,132.00,1,-1,-1,-1
248,5625,332.00,192.00,46.00,132.00,1,-1,-1,-1
249,5625,332.00,192.00,46.00,132.00,1,-1,-1,-1
250,5625,332.00,192.00,46.00,132.00,1,-1,-1,-1
251,5625,332.00,192.00,46.00,132.00,1,-1,-1,-1
252,5625,332.00,192.00,46.00,132.00,1,-1,-1,-1
253,5625,332.00,192.00,46.00,132.00,1,-1,-1,-1
253,5626,400.00,170.00,56.00,180.00,1,-1,-1,-1
254,5626,400.00,170.00,56.00,180.00,1,-1,-1,-1
255,5626,400.00,170.00,56.00,180.00,1,-1,-1,-1
256,5626,400.00,170.00,56.00,180.00,1,-1,-1,-1
257,5626,400.00,170.00,56.00,180.00,1,-1,-1,-1
258,5626,400.00,170.00,56.00,180.00,1,-1,-1,-1
259,5626,400.00,170.00,56.00,180.00,1,-1,-1,-1
260,5626,400.00,170.00,56.00,180.00,1,-1,-1,-1
260,5627,190.00,150.00,58.00,194.00,1,-1,-1,-1
260,5628,476.00,136.00,80.00,228.00,1,-1,-1,-1
261,5627,190.00,150.00,58.00,194.00,1,-1,-1,-1
261,5628,476.00,136.00,80.00,228.00,1,-1,-1,-1
262,5627,190.00,150.00,58.00,194.00,1,-1,-1,-1
262,5628,476.00,136.00,80.00,228.00,1,-1,-1,-1
263,5627,190.00,150.00,58.00,194.00,1,-1,-1,-1
263,5628,476.00,136.00,80.00,228.00,1,-1,-1,-1
264,5627,190.00,150.00,58.00,194.00,1,-1,-1,-1
264,5628,476.00,136.00,80.00,228.00,1,-1,-1,-1
265,5627,190.00,150.00,58.00,194.00,1,-1,-1,-1
265,5628,476.00,136.00,80.00,228.00,1,-1,-1,-1
266,5627,190.00,150.00,58.00,194.00,1,-1,-1,-1
266,5628,476.00,136.00,80.00,228.00,1,-1,-1,-1
267,5627,190.00,150.00,58.00,194.00,1,-1,-1,-1
267,5628,476.00,136.00,80.00,228.00,1,-1,-1,-1
267,5629,84.00,106.00,108.00,318.00,1,-1,-1,-1
268,5629,84.00,106.00,108.00,318.00,1,-1,-1,-1
269,5629,84.00,106.00,108.00,318.00,1,-1,-1,-1
270,5629,84.00,106.00,108.00,318.00,1,-1,-1,-1
271,5629,84.00,106.00,108.00,318.00,1,-1,-1,-1
272,5629,84.00,106.00,108.00,318.00,1,-1,-1,-1
273,5629,84.00,106.00,108.00,318.00,1,-1,-1,-1
274,5629,84.00,106.00,108.00,318.00,1,-1,-1,-1
330,5630,28.00,174.00,72.00,164.00,1,-1,-1,-1
331,5630,28.00,174.00,72.00,164.00,1,-1,-1,-1
332,5630,28.00,174.00,72.00,164.00,1,-1,-1,-1
333,5630,28.00,174.00,72.00,164.00,1,-1,-1,-1
334,5630,28.00,174.00,72.00,164.00,1,-1,-1,-1
335,5630,28.00,174.00,72.00,164.00,1,-1,-1,-1
336,5630,28.00,174.00,72.00,164.00,1,-1,-1,-1
337,5630,16.65,167.16,79.65,185.88,1,-1,-1,-1
338,5630,13.36,164.75,80.92,193.61,1,-1,-1,-1
339,5630,12.75,163.82,80.11,196.58,1,-1,-1,-1
340,5630,13.20,163.51,78.51,197.58,1,-1,-1,-1
341,5630,14.04,163.43,76.68,197.82,1,-1,-1,-1
342,5630,14.97,163.44,74.84,197.79,1,-1,-1,-1
343,5630,15.89,163.48,73.07,197.67,1,-1,-1,-1
344,5630,14.47,162.64,74.06,200.36,1,-1,-1,-1
344,5631,122.00,178.00,82.00,166.00,1,-1,-1,-1
345,5631,122.00,178.00,82.00,166.00,1,-1,-1,-1
346,5631,122.00,178.00,82.00,166.00,1,-1,-1,-1
347,5631,122.00,178.00,82.00,166.00,1,-1,-1,-1
348,5631,122.00,178.00,82.00,166.00,1,-1,-1,-1
349,5631,122.00,178.00,82.00,166.00,1,-1,-1,-1
350,5631,122.00,178.00,82.00,166.00,1,-1,-1,-1
351,5631,122.00,178.00,82.00,166.00,1,-1,-1,-1
393,5632,82.00,164.00,72.00,162.00,1,-1,-1,-1
394,5632,82.00,164.00,72.00,162.00,1,-1,-1,-1
395,5632,82.00,164.00,72.00,162.00,1,-1,-1,-1
396,5632,82.00,164.00,72.00,162.00,1,-1,-1,-1
397,5632,82.00,164.00,72.00,162.00,1,-1,-1,-1
398,5632,82.00,164.00,72.00,162.00,1,-1,-1,-1
399,5632,82.00,164.00,72.00,162.00,1,-1,-1,-1
400,5632,82.00,164.00,72.00,162.00,1,-1,-1,-1
400,5633,36.00,138.00,70.00,218.00,1,-1,-1,-1
401,5633,36.00,138.00,70.00,218.00,1,-1,-1,-1
402,5633,36.00,138.00,70.00,218.00,1,-1,-1,-1
403,5633,36.00,138.00,70.00,218.00,1,-1,-1,-1
404,5633,36.00,138.00,70.00,218.00,1,-1,-1,-1
405,5633,36.00,138.00,70.00,218.00,1,-1,-1,-1
406,5633,36.00,138.00,70.00,218.00,1,-1,-1,-1
407,5633,36.00,138.00,70.00,218.00,1,-1,-1,-1
491,5634,446.00,154.00,68.00,232.00,1,-1,-1,-1
491,5635,328.00,236.00,18.00,58.00,1,-1,-1,-1
491,5636,340.00,232.00,16.00,60.00,1,-1,-1,-1
492,5634,446.00,154.00,68.00,232.00,1,-1,-1,-1
492,5635,328.00,236.00,18.00,58.00,1,-1,-1,-1
492,5636,340.00,232.00,16.00,60.00,1,-1,-1,-1
493,5634,446.00,154.00,68.00,232.00,1,-1,-1,-1
493,5635,328.00,236.00,18.00,58.00,1,-1,-1,-1
493,5636,340.00,232.00,16.00,60.00,1,-1,-1,-1
494,5634,446.00,154.00,68.00,232.00,1,-1,-1,-1
494,5635,328.00,236.00,18.00,58.00,1,-1,-1,-1
494,5636,340.00,232.00,16.00,60.00,1,-1,-1,-1
495,5634,446.00,154.00,68.00,232.00,1,-1,-1,-1
495,5635,328.00,236.00,18.00,58.00,1,-1,-1,-1
495,5636,340.00,232.00,16.00,60.00,1,-1,-1,-1
496,5634,446.00,154.00,68.00,232.00,1,-1,-1,-1
496,5635,328.00,236.00,18.00,58.00,1,-1,-1,-1
496,5636,340.00,232.00,16.00,60.00,1,-1,-1,-1
497,5634,446.00,154.00,68.00,232.00,1,-1,-1,-1
497,5635,328.00,236.00,18.00,58.00,1,-1,-1,-1
497,5636,340.00,232.00,16.00,60.00,1,-1,-1,-1
498,5634,446.00,154.00,68.00,232.00,1,-1,-1,-1
498,5635,328.00,236.00,18.00,58.00,1,-1,-1,-1
498,5636,340.00,232.00,16.00,60.00,1,-1,-1,-1
512,5637,140.00,192.00,56.00,128.00,1,-1,-1,-1
512,5638,40.00,186.00,46.00,158.00,1,-1,-1,-1
513,5637,140.00,192.00,56.00,128.00,1,-1,-1,-1
513,5638,40.00,186.00,46.00,158.00,1,-1,-1,-1
514,5637,140.00,192.00,56.00,128.00,1,-1,-1,-1
514,5638,40.00,186.00,46.00,158.00,1,-1,-1,-1
515,5637,140.00,192.00,56.00,128.00,1,-1,-1,-1
515,5638,40.00,186.00,46.00,158.00,1,-1,-1,-1
516,5637,140.00,192.00,56.00,128.00,1,-1,-1,-1
516,5638,40.00,186.00,46.00,158.00,1,-1,-1,-1
517,5637,140.00,192.00,56.00,128.00,1,-1,-1,-1
517,5638,40.00,186.00,46.00,158.00,1,-1,-1,-1
518,5637,140.00,192.00,56.00,128.00,1,-1,-1,-1
518,5638,40.00,186.00,46.00,158.00,1,-1,-1,-1
519,5637,140.00,192.00,56.00,128.00,1,-1,-1,-1
519,5638,40.00,186.00,46.00,158.00,1,-1,-1,-1
519,5639,94.00,178.00,56.00,150.00,1,-1,-1,-1
520,5639,94.00,178.00,56.00,150.00,1,-1,-1,-1
521,5637,96.38,179.88,63.57,147.05,1,-1,-1,-1
522,5637,90.40,178.12,64.02,149.81,1,-1,-1,-1
523,5637,88.48,177.50,63.74,150.79,1,-1,-1,-1
524,5637,88.13,177.31,63.21,151.08,1,-1,-1,-1
525,5637,88.34,177.29,62.62,151.12,1,-1,-1,-1
526,5637,83.93,176.06,63.42,153.04,1,-1,-1,-1
526,5640,44.00,148.00,54.00,192.00,1,-1,-1,-1
527,5640,44.00,148.00,54.00,192.00,1,-1,-1,-1
528,5637,40.13,152.44,74.42,185.92,1,-1,-1,-1
529,5637,33.84,148.55,74.21,191.33,1,-1,-1,-1
530,5637,32.13,147.09,72.89,193.37,1,-1,-1,-1
531,5637,32.21,146.60,71.27,194.04,1,-1,-1,-1
532,5637,32.90,146.49,69.65,194.19,1,-1,-1,-1
533,5637,26.79,143.92,70.99,197.90,1,-1,-1,-1
547,5641,130.00,174.00,58.00,152.00,1,-1,-1,-1
548,5641,130.00,174.00,58.00,152.00,1,-1,-1,-1
549,5641,130.00,174.00,58.00,152.00,1,-1,-1,-1
550,5641,130.00,174.00,58.00,152.00,1,-1,-1,-1
551,5641,130.00,174.00,58.00,152.00,1,-1,-1,-1
552,5641,130.00,174.00,58.00,152.00,1,-1,-1,-1
553,5641,130.00,174.00,58.00,152.00,1,-1,-1,-1
554,5641,130.00,174.00,58.00,152.00,1,-1,-1,-1
554,5642,82.00,112.00,80.00,262.00,1,-1,-1,-1
554,5643,350.00,186.00,72.00,148.00,1,-1,-1,-1
555,5642,82.00,112.00,80.00,262.00,1,-1,-1,-1
555,5643,350.00,186.00,72.00,148.00,1,-1,-1,-1
556,5637,73.99,111.60,90.54,262.32,1,-1,-1,-1
556,5643,350.00,186.00,72.00,148.00,1,-1,-1,-1
557,5637,77.47,111.43,88.57,262.96,1,-1,-1,-1
557,5643,350.00,186.00,72.00,148.00,1,-1,-1,-1
558,5637,79.00,111.32,87.19,263.27,1,-1,-1,-1
558,5643,350.00,186.00,72.00,148.00,1,-1,-1,-1
559,5637,79.80,111.32,86.12,263.31,1,-1,-1,-1
559,5643,350.00,186.00,72.00,148.00,1,-1,-1,-1
560,5637,80.26,111.36,85.27,263.24,1,-1,-1,-1
560,5643,350.00,186.00,72.00,148.00,1,-1,-1,-1
561,5637,81.49,110.32,85.93,265.28,1,-1,-1,-1
561,5643,353.82,183.26,71.20,149.37,1,-1,-1,-1
561,5644,398.00,186.00,54.00,152.00,1,-1,-1,-1
562,5643,355.69,182.27,69.95,149.86,1,-1,-1,-1
562,5644,398.00,186.00,54.00,152.00,1,-1,-1,-1
563,5643,356.82,181.92,68.56,150.04,1,-1,-1,-1
563,5644,398.00,186.00,54.00,152.00,1,-1,-1,-1
564,5643,357.66,181.81,67.16,150.10,1,-1,-1,-1
564,5644,398.00,186.00,54.00,152.00,1,-1,-1,-1
565,5643,358.37,181.78,65.80,150.11,1,-1,-1,-1
565,5644,398.00,186.00,54.00,152.00,1,-1,-1,-1
566,5643,359.01,181.79,64.50,150.10,1,-1,-1,-1
566,5644,398.00,186.00,54.00,152.00,1,-1,-1,-1
567,5643,359.61,181.81,63.27,150.10,1,-1,-1,-1
567,5644,398.00,186.00,54.00,152.00,1,-1,-1,-1
568,5643,364.19,183.14,67.22,159.30,1,-1,-1,-1
568,5644,396.58,190.10,58.22,161.57,1,-1,-1,-1
569,5643,365.86,183.64,68.73,162.71,1,-1,-1,-1
569,5644,395.78,191.58,60.29,165.01,1,-1,-1,-1
570,5643,366.46,183.84,69.34,164.00,1,-1,-1,-1
570,5644,395.23,192.12,61.58,166.27,1,-1,-1,-1
571,5643,366.65,183.92,69.59,164.46,1,-1,-1,-1
571,5644,394.77,192.29,62.55,166.68,1,-1,-1,-1
572,5643,366.68,183.96,69.70,164.60,1,-1,-1,-1
572,5644,394.37,192.33,63.36,166.77,1,-1,-1,-1
573,5643,366.65,183.97,69.76,164.61,1,-1,-1,-1
573,5644,394.01,192.32,64.10,166.75,1,-1,-1,-1
574,5643,366.60,183.98,69.79,164.58,1,-1,-1,-1
574,5644,393.66,192.30,64.77,166.70,1,-1,-1,-1
575,5643,368.26,174.88,74.21,177.54,1,-1,-1,-1
575,5644,393.52,192.79,65.21,167.83,1,-1,-1,-1
575,5645,456.00,204.00,62.00,158.00,1,-1,-1,-1
576,5643,369.19,171.49,75.22,182.36,1,-1,-1,-1
576,5645,456.00,204.00,62.00,158.00,1,-1,-1,-1
577,5643,369.80,170.17,75.05,184.21,1,-1,-1,-1
577,5644,445.84,202.31,62.23,160.00,1,-1,-1,-1
578,5643,370.26,169.68,74.47,184.86,1,-1,-1,-1
578,5644,454.40,203.86,61.78,158.70,1,-1,-1,-1
579,5643,370.64,169.53,73.78,185.05,1,-1,-1,-1
579,5644,457.24,204.38,61.66,158.27,1,-1,-1,-1
580,5643,370.97,169.50,73.08,185.06,1,-1,-1,-1
580,5644,458.15,204.54,61.65,158.11,1,-1,-1,-1
581,5643,371.27,169.51,72.43,185.00,1,-1,-1,-1
581,5644,458.33,204.56,61.66,158.05,1,-1,-1,-1
582,5643,371.72,168.71,73.07,186.63,1,-1,-1,-1
582,5644,462.23,205.55,61.67,158.07,1,-1,-1,-1
589,5643,361.52,169.59,57.93,152.89,1,-1,-1,-1
590,5643,361.44,169.80,55.50,150.40,1,-1,-1,-1
591,5643,361.79,169.83,54.04,149.68,1,-1,-1,-1
592,5643,362.21,169.85,52.97,149.46,1,-1,-1,-1
593,5643,362.62,169.87,52.13,149.43,1,-1,-1,-1
594,5643,362.98,169.88,51.44,149.46,1,-1,-1,-1
595,5643,363.31,169.89,50.84,149.51,1,-1,-1,-1
596,5643,360.32,171.23,52.89,154.84,1,-1,-1,-1
596,5644,468.22,115.89,114.39,309.24,1,-1,-1,-1
596,5646,442.00,130.00,80.00,254.00,1,-1,-1,-1
597,5643,359.16,171.73,53.78,156.84,1,-1,-1,-1
597,5644,470.46,112.83,111.85,314.35,1,-1,-1,-1
597,5646,442.00,130.00,80.00,254.00,1,-1,-1,-1
598,5643,358.69,171.92,54.23,157.61,1,-1,-1,-1
598,5644,472.00,111.80,109.15,316.02,1,-1,-1,-1
598,5646,442.00,130.00,80.00,254.00,1,-1,-1,-1
599,5643,358.48,171.99,54.50,157.90,1,-1,-1,-1
599,5644,473.19,111.52,106.75,316.45,1,-1,-1,-1
599,5646,442.00,130.00,80.00,254.00,1,-1,-1,-1
600,5643,358.38,172.02,54.68,158.01,1,-1,-1,-1
600,5644,474.15,111.51,104.71,316.44,1,-1,-1,-1
600,5646,442.00,130.00,80.00,254.00,1,-1,-1,-1
601,5643,358.32,172.02,54.83,158.05,1,-1,-1,-1
601,5644,474.93,111.60,102.99,316.27,1,-1,-1,-1
601,5646,442.00,130.00,80.00,254.00,1,-1,-1,-1
602,5643,358.28,172.02,54.95,158.06,1,-1,-1,-1
602,5644,475.58,111.73,101.53,316.03,1,-1,-1,-1
602,5646,442.00,130.00,80.00,254.00,1,-1,-1,-1
603,5643,357.86,172.07,54.98,158.17,1,-1,-1,-1
603,5644,476.73,111.88,102.86,324.67,1,-1,-1,-1
603,5646,442.00,130.00,80.00,254.00,1,-1,-1,-1
604,5644,477.50,111.99,102.63,327.89,1,-1,-1,-1
605,5644,478.08,112.14,101.88,328.97,1,-1,-1,-1
606,5644,478.54,112.29,101.01,329.21,1,-1,-1,-1
607,5644,478.92,112.43,100.15,329.13,1,-1,-1,-1
608,5644,479.25,112.56,99.35,328.94,1,-1,-1,-1
609,5644,479.54,112.68,98.63,328.71,1,-1,-1,-1
610,5644,480.24,110.61,99.92,333.01,1,-1,-1,-1
610,5647,212.00,40.00,172.00,406.00,1,-1,-1,-1
611,5647,212.00,40.00,172.00,406.00,1,-1,-1,-1
612,5647,212.00,40.00,172.00,406.00,1,-1,-1,-1
613,5647,212.00,40.00,172.00,406.00,1,-1,-1,-1
614,5647,212.00,40.00,172.00,406.00,1,-1,-1,-1
615,5647,212.00,40.00,172.00,406.00,1,-1,-1,-1
616,5647,212.00,40.00,172.00,406.00,1,-1,-1,-1
617,5647,212.00,40.00,172.00,406.00,1,-1,-1,-1
617,5648,12.00,0.00,258.00,510.00,1,-1,-1,-1
618,5648,12.00,0.00,258.00,510.00,1,-1,-1,-1
619,5648,12.00,0.00,258.00,510.00,1,-1,-1,-1
620,5648,12.00,0.00,258.00,510.00,1,-1,-1,-1
621,5648,12.00,0.00,258.00,510.00,1,-1,-1,-1
622,5648,12.00,0.00,258.00,510.00,1,-1,-1,-1
623,5648,12.00,0.00,258.00,510.00,1,-1,-1,-1
624,5648,12.00,0.00,258.00,510.00,1,-1,-1,-1
631,5649,230.00,182.00,44.00,144.00,1,-1,-1,-1
632,5649,230.00,182.00,44.00,144.00,1,-1,-1,-1
633,5649,230.00,182.00,44.00,144.00,1,-1,-1,-1
634,5649,230.00,182.00,44.00,144.00,1,-1,-1,-1
635,5649,230.00,182.00,44.00,144.00,1,-1,-1,-1
636,5649,230.00,182.00,44.00,144.00,1,-1,-1,-1
637,5649,230.00,182.00,44.00,144.00,1,-1,-1,-1
638,5647,446.89,169.23,64.05,161.46,1,-1,-1,-1
638,5649,225.07,180.63,45.64,148.10,1,-1,-1,-1
638,5650,182.00,182.00,56.00,148.00,1,-1,-1,-1
639,5647,450.48,170.44,60.28,159.16,1,-1,-1,-1
639,5649,223.16,180.14,46.50,149.59,1,-1,-1,-1
639,5650,182.00,182.00,56.00,148.00,1,-1,-1,-1
640,5647,453.08,171.35,57.61,157.45,1,-1,-1,-1
640,5649,222.35,179.96,47.06,150.12,1,-1,-1,-1
640,5650,182.00,182.00,56.00,148.00,1,-1,-1,-1
641,5647,453.82,171.33,56.08,157.49,1,-1,-1,-1
641,5649,221.96,179.90,47.50,150.29,1,-1,-1,-1
641,5650,182.00,182.00,56.00,148.00,1,-1,-1,-1
642,5647,454.06,171.12,55.02,157.89,1,-1,-1,-1
642,5649,221.74,179.89,47.88,150.33,1,-1,-1,-1
642,5650,182.00,182.00,56.00,148.00,1,-1,-1,-1
643,5647,454.20,170.92,54.17,158.26,1,-1,-1,-1
643,5649,221.57,179.89,48.22,150.32,1,-1,-1,-1
643,5650,182.00,182.00,56.00,148.00,1,-1,-1,-1
644,5647,454.34,170.76,53.46,158.56,1,-1,-1,-1
644,5649,221.44,179.90,48.54,150.29,1,-1,-1,-1
644,5650,182.00,182.00,56.00,148.00,1,-1,-1,-1
645,5647,456.52,172.03,52.65,156.16,1,-1,-1,-1
645,5648,459.63,159.05,102.31,219.74,1,-1,-1,-1
645,5649,220.88,179.74,48.70,150.77,1,-1,-1,-1
645,5650,173.37,173.79,63.70,167.15,1,-1,-1,-1
646,5648,466.89,160.63,95.15,216.85,1,-1,-1,-1
646,5650,170.15,170.89,66.75,173.92,1,-1,-1,-1
647,5648,472.02,161.75,90.11,214.80,1,-1,-1,-1
647,5650,168.76,169.78,68.22,176.51,1,-1,-1,-1
648,5648,473.61,161.76,86.98,214.78,1,-1,-1,-1
648,5650,168.15,169.41,69.02,177.38,1,-1,-1,-1
649,5648,474.15,161.51,84.70,215.25,1,-1,-1,-1
649,5650,167.83,169.32,69.55,177.59,1,-1,-1,-1
650,5648,474.47,161.25,82.89,215.71,1,-1,-1,-1
650,5650,167.63,169.33,69.96,177.56,1,-1,-1,-1
651,5648,474.74,161.05,81.38,216.09,1,-1,-1,-1
651,5650,167.48,169.38,70.31,177.46,1,-1,-1,-1
652,5648,482.18,167.71,72.59,193.17,1,-1,-1,-1
652,5650,166.43,168.37,71.24,179.80,1,-1,-1,-1
652,5651,108.00,140.00,88.00,230.00,1,-1,-1,-1
653,5648,484.59,170.06,69.35,184.87,1,-1,-1,-1
653,5651,108.00,140.00,88.00,230.00,1,-1,-1,-1
654,5648,485.27,170.76,68.28,182.32,1,-1,-1,-1
654,5650,116.54,144.53,87.72,222.18,1,-1,-1,-1
655,5648,485.39,170.92,67.93,181.64,1,-1,-1,-1
655,5650,108.58,140.64,90.18,229.13,1,-1,-1,-1
656,5648,485.32,170.90,67.83,181.61,1,-1,-1,-1
656,5650,105.59,139.16,90.96,231.76,1,-1,-1,-1
657,5648,485.19,170.83,67.82,181.78,1,-1,-1,-1
657,5650,104.63,138.66,91.08,232.63,1,-1,-1,-1
658,5648,485.05,170.74,67.84,182.00,1,-1,-1,-1
658,5650,104.46,138.54,90.94,232.82,1,-1,-1,-1
659,5648,487.31,171.99,66.58,178.62,1,-1,-1,-1
659,5650,71.25,125.80,107.59,274.89,1,-1,-1,-1
660,5650,58.77,121.02,113.94,290.58,1,-1,-1,-1
661,5650,53.67,119.12,116.63,296.96,1,-1,-1,-1
662,5650,51.79,118.46,117.72,299.29,1,-1,-1,-1
663,5650,51.19,118.30,118.15,299.99,1,-1,-1,-1
664,5650,51.10,118.32,118.31,300.06,1,-1,-1,-1
665,5650,51.20,118.40,118.37,299.89,1,-1,-1,-1
666,5648,525.36,160.75,76.89,204.16,1,-1,-1,-1
666,5650,6.38,96.78,134.22,349.48,1,-1,-1,-1
667,5648,527.06,160.17,78.00,205.46,1,-1,-1,-1
667,5650,-9.19,88.71,137.80,368.02,1,-1,-1,-1
668,5648,527.44,159.95,78.69,205.97,1,-1,-1,-1
668,5650,-14.52,85.45,137.32,375.49,1,-1,-1,-1
669,5648,527.36,159.88,79.16,206.15,1,-1,-1,-1
669,5650,-15.55,84.26,135.34,378.19,1,-1,-1,-1
670,5648,527.14,159.86,79.53,206.21,1,-1,-1,-1
670,5650,-14.95,83.92,132.93,378.97,1,-1,-1,-1
671,5648,526.88,159.86,79.82,206.22,1,-1,-1,-1
671,5650,-13.79,83.89,130.51,379.02,1,-1,-1,-1
672,5648,526.62,159.87,80.06,206.21,1,-1,-1,-1
672,5650,-12.50,83.98,128.23,378.79,1,-1,-1,-1
673,5648,529.21,159.65,80.20,206.55,1,-1,-1,-1
673,5650,-19.17,80.77,130.81,386.40,1,-1,-1,-1
680,5650,-19.62,71.03,120.38,374.92,1,-1,-1,-1
681,5650,-15.94,71.02,114.50,372.47,1,-1,-1,-1
682,5650,-13.76,70.90,110.24,371.95,1,-1,-1,-1
683,5650,-11.94,70.91,106.78,371.68,1,-1,-1,-1
684,5650,-10.37,70.98,103.89,371.48,1,-1,-1,-1
685,5650,-9.00,71.07,101.42,371.32,1,-1,-1,-1
686,5650,-7.81,71.16,99.30,371.18,1,-1,-1,-1
687,5650,-9.92,69.81,99.80,373.06,1,-1,-1,-1
708,5652,224.00,178.00,40.00,160.00,1,-1,-1,-1
709,5652,224.00,178.00,40.00,160.00,1,-1,-1,-1
710,5652,224.00,178.00,40.00,160.00,1,-1,-1,-1
711,5652,224.00,178.00,40.00,160.00,1,-1,-1,-1
712,5652,224.00,178.00,40.00,160.00,1,-1,-1,-1
713,5652,224.00,178.00,40.00,160.00,1,-1,-1,-1
714,5652,224.00,178.00,40.00,160.00,1,-1,-1,-1
715,5652,224.00,178.00,40.00,160.00,1,-1,-1,-1
722,5653,322.00,196.00,50.00,126.00,1,-1,-1,-1
722,5654,8.00,26.00,140.00,444.00,1,-1,-1,-1
723,5653,322.00,196.00,50.00,126.00,1,-1,-1,-1
723,5654,8.00,26.00,140.00,444.00,1,-1,-1,-1
724,5653,322.00,196.00,50.00,126.00,1,-1,-1,-1
724,5654,8.00,26.00,140.00,444.00,1,-1,-1,-1
725,5653,322.00,196.00,50.00,126.00,1,-1,-1,-1
725,5654,8.00,26.00,140.00,444.00,1,-1,-1,-1
726,5653,322.00,196.00,50.00,126.00,1,-1,-1,-1
726,5654,8.00,26.00,140.00,444.00,1,-1,-1,-1
727,5653,322.00,196.00,50.00,126.00,1,-1,-1,-1
727,5654,8.00,26.00,140.00,444.00,1,-1,-1,-1
728,5653,322.00,196.00,50.00,126.00,1,-1,-1,-1
728,5654,8.00,26.00,140.00,444.00,1,-1,-1,-1
729,5653,339.54,191.90,53.21,134.21,1,-1,-1,-1
729,5654,8.00,26.00,140.00,444.00,1,-1,-1,-1
730,5653,345.85,190.43,54.33,137.15,1,-1,-1,-1
731,5653,348.18,189.88,54.71,138.23,1,-1,-1,-1
732,5653,348.96,189.71,54.80,138.58,1,-1,-1,-1
733,5653,349.16,189.67,54.78,138.66,1,-1,-1,-1
734,5653,349.14,189.68,54.73,138.65,1,-1,-1,-1
735,5653,349.06,189.70,54.67,138.60,1,-1,-1,-1
736,5653,366.04,188.42,55.79,142.47,1,-1,-1,-1
737,5653,372.50,187.95,55.97,143.90,1,-1,-1,-1
738,5653,374.98,187.79,55.81,144.41,1,-1,-1,-1
739,5653,375.90,187.74,55.54,144.57,1,-1,-1,-1
740,5653,376.23,187.74,55.24,144.59,1,-1,-1,-1
741,5653,376.32,187.76,54.95,144.56,1,-1,-1,-1
742,5653,376.33,187.78,54.68,144.52,1,-1,-1,-1
743,5653,378.90,187.42,55.00,145.35,1,-1,-1,-1
743,5654,186.93,176.09,52.71,165.53,1,-1,-1,-1
743,5655,418.00,174.00,62.00,166.00,1,-1,-1,-1
743,5656,82.00,152.00,76.00,218.00,1,-1,-1,-1
744,5653,409.19,177.05,60.98,161.37,1,-1,-1,-1
744,5654,189.63,178.51,51.66,161.06,1,-1,-1,-1
744,5656,82.00,152.00,76.00,218.00,1,-1,-1,-1
745,5653,416.41,174.66,62.32,165.11,1,-1,-1,-1
745,5654,191.15,179.89,51.11,158.48,1,-1,-1,-1
745,5656,82.00,152.00,76.00,218.00,1,-1,-1,-1
746,5653,419.10,173.76,62.78,166.50,1,-1,-1,-1
746,5654,191.02,179.88,51.35,158.51,1,-1,-1,-1
746,5656,82.00,152.00,76.00,218.00,1,-1,-1,-1
747,5653,420.01,173.46,62.90,166.97,1,-1,-1,-1
747,5654,190.58,179.59,51.71,159.05,1,-1,-1,-1
747,5656,82.00,152.00,76.00,218.00,1,-1,-1,-1
748,5653,420.23,173.37,62.89,167.08,1,-1,-1,-1
748,5654,190.17,179.31,52.03,159.57,1,-1,-1,-1
748,5656,82.00,152.00,76.00,218.00,1,-1,-1,-1
749,5653,420.19,173.38,62.83,167.07,1,-1,-1,-1
749,5654,189.83,179.09,52.30,159.98,1,-1,-1,-1
749,5656,82.00,152.00,76.00,218.00,1,-1,-1,-1
750,5653,424.13,172.35,63.50,168.84,1,-1,-1,-1
750,5654,173.32,176.17,60.27,182.29,1,-1,-1,-1
750,5656,82.00,152.00,76.00,218.00,1,-1,-1,-1
751,5654,167.39,175.16,63.44,190.03,1,-1,-1,-1
752,5654,164.87,174.70,65.02,193.13,1,-1,-1,-1
753,5654,163.80,174.49,65.89,194.28,1,-1,-1,-1
754,5654,163.32,174.38,66.45,194.66,1,-1,-1,-1
755,5654,163.07,174.32,66.86,194.75,1,-1,-1,-1
756,5654,162.92,174.28,67.20,194.74,1,-1,-1,-1
757,5653,529.81,171.57,73.70,200.71,1,-1,-1,-1
757,5654,161.89,174.72,67.63,195.98,1,-1,-1,-1
758,5653,536.92,171.64,72.98,202.59,1,-1,-1,-1
759,5653,539.78,171.66,72.08,203.27,1,-1,-1,-1
760,5653,540.91,171.69,71.20,203.45,1,-1,-1,-1
761,5653,541.32,171.71,70.41,203.44,1,-1,-1,-1
762,5653,541.44,171.73,69.72,203.36,1,-1,-1,-1
763,5653,541.43,171.76,69.10,203.26,1,-1,-1,-1
764,5653,547.45,171.37,69.79,205.27,1,-1,-1,-1
778,5657,166.00,196.00,62.00,138.00,1,-1,-1,-1
779,5657,166.00,196.00,62.00,138.00,1,-1,-1,-1
780,5657,166.00,196.00,62.00,138.00,1,-1,-1,-1
781,5657,166.00,196.00,62.00,138.00,1,-1,-1,-1
782,5657,166.00,196.00,62.00,138.00,1,-1,-1,-1
783,5657,166.00,196.00,62.00,138.00,1,-1,-1,-1
784,5657,166.00,196.00,62.00,138.00,1,-1,-1,-1
785,5657,166.00,196.00,62.00,138.00,1,-1,-1,-1
799,5658,550.00,188.00,62.00,178.00,1,-1,-1,-1
800,5658,550.00,188.00,62.00,178.00,1,-1,-1,-1
801,5658,550.00,188.00,62.00,178.00,1,-1,-1,-1
802,5658,550.00,188.00,62.00,178.00,1,-1,-1,-1
803,5658,550.00,188.00,62.00,178.00,1,-1,-1,-1
804,5658,550.00,188.00,62.00,178.00,1,-1,-1,-1
805,5658,550.00,188.00,62.00,178.00,1,-1,-1,-1
806,5658,550.00,188.00,62.00,178.00,1,-1,-1,-1
834,5658,404.37,209.93,52.27,122.19,1,-1,-1,-1
835,5658,400.02,210.15,57.90,121.62,1,-1,-1,-1
836,5658,397.32,210.27,61.72,121.32,1,-1,-1,-1
837,5658,395.82,210.28,64.57,121.30,1,-1,-1,-1
838,5658,394.88,210.25,66.79,121.36,1,-1,-1,-1
839,5658,394.20,210.22,68.56,121.44,1,-1,-1,-1
840,5658,393.68,210.19,70.00,121.51,1,-1,-1,-1
841,5658,391.74,210.51,69.54,120.71,1,-1,-1,-1
841,5659,44.00,146.00,58.00,194.00,1,-1,-1,-1
842,5659,44.00,146.00,58.00,194.00,1,-1,-1,-1
843,5659,44.00,146.00,58.00,194.00,1,-1,-1,-1
844,5659,44.00,146.00,58.00,194.00,1,-1,-1,-1
845,5659,44.00,146.00,58.00,194.00,1,-1,-1,-1
846,5659,44.00,146.00,58.00,194.00,1,-1,-1,-1
847,5659,44.00,146.00,58.00,194.00,1,-1,-1,-1
848,5659,44.00,146.00,58.00,194.00,1,-1,-1,-1
848,5660,312.00,182.00,46.00,152.00,1,-1,-1,-1
848,5661,144.00,164.00,54.00,172.00,1,-1,-1,-1
849,5660,312.00,182.00,46.00,152.00,1,-1,-1,-1
849,5661,144.00,164.00,54.00,172.00,1,-1,-1,-1
850,5660,312.00,182.00,46.00,152.00,1,-1,-1,-1
850,5661,144.00,164.00,54.00,172.00,1,-1,-1,-1
851,5660,312.00,182.00,46.00,152.00,1,-1,-1,-1
851,5661,144.00,164.00,54.00,172.00,1,-1,-1,-1
852,5660,312.00,182.00,46.00,152.00,1,-1,-1,-1
852,5661,144.00,164.00,54.00,172.00,1,-1,-1,-1
853,5660,312.00,182.00,46.00,152.00,1,-1,-1,-1
853,5661,144.00,164.00,54.00,172.00,1,-1,-1,-1
854,5660,312.00,182.00,46.00,152.00,1,-1,-1,-1
854,5661,144.00,164.00,54.00,172.00,1,-1,-1,-1
855,5660,312.00,182.00,46.00,152.00,1,-1,-1,-1
855,5661,130.63,150.32,60.23,192.51,1,-1,-1,-1
855,5662,266.00,172.00,42.00,166.00,1,-1,-1,-1
856,5660,272.05,173.97,48.81,163.24,1,-1,-1,-1
856,5661,125.96,145.48,62.29,199.78,1,-1,-1,-1
857,5660,263.88,172.28,48.94,165.61,1,-1,-1,-1
857,5661,124.26,143.63,62.93,202.55,1,-1,-1,-1
858,5660,261.19,171.69,48.62,166.44,1,-1,-1,-1
858,5661,123.76,143.02,63.00,203.47,1,-1,-1,-1
859,5660,260.54,171.50,48.16,166.70,1,-1,-1,-1
859,5661,123.72,142.87,62.87,203.70,1,-1,-1,-1
860,5660,260.64,171.47,47.66,166.74,1,-1,-1,-1
860,5661,123.84,142.89,62.66,203.67,1,-1,-1,-1
861,5660,261.00,171.50,47.18,166.70,1,-1,-1,-1
861,5661,124.00,142.97,62.44,203.55,1,-1,-1,-1
862,5660,256.82,170.66,47.51,167.87,1,-1,-1,-1
862,5661,122.37,141.30,63.21,206.06,1,-1,-1,-1
862,5663,76.00,116.00,78.00,260.00,1,-1,-1,-1
862,5664,182.00,162.00,56.00,174.00,1,-1,-1,-1
863,5661,85.92,121.55,75.89,247.91,1,-1,-1,-1
863,5664,182.00,162.00,56.00,174.00,1,-1,-1,-1
864,5660,195.51,163.16,49.77,173.37,1,-1,-1,-1
864,5661,77.55,116.86,78.74,257.69,1,-1,-1,-1
865,5660,185.29,161.94,50.65,174.27,1,-1,-1,-1
865,5661,74.33,115.06,79.76,261.48,1,-1,-1,-1
866,5660,181.55,161.51,51.29,174.58,1,-1,-1,-1
866,5661,73.24,114.45,80.03,262.79,1,-1,-1,-1
867,5660,180.24,161.39,51.80,174.66,1,-1,-1,-1
867,5661,72.99,114.31,80.02,263.12,1,-1,-1,-1
868,5660,179.88,161.38,52.24,174.65,1,-1,-1,-1
868,5661,73.06,114.35,79.90,263.08,1,-1,-1,-1
869,5660,172.79,160.33,52.56,175.74,1,-1,-1,-1
869,5661,33.28,76.00,100.72,330.82,1,-1,-1,-1
869,5665,128.00,142.00,48.00,200.00,1,-1,-1,-1
870,5660,132.93,146.05,56.97,194.57,1,-1,-1,-1
870,5661,18.59,61.97,108.51,355.63,1,-1,-1,-1
871,5660,123.37,142.67,57.17,198.98,1,-1,-1,-1
871,5661,12.38,56.05,111.92,366.08,1,-1,-1,-1
872,5660,120.20,141.42,56.66,200.62,1,-1,-1,-1
872,5661,10.01,53.80,113.33,370.04,1,-1,-1,-1
873,5660,119.52,141.00,55.96,201.18,1,-1,-1,-1
873,5661,9.22,53.07,113.91,371.31,1,-1,-1,-1
874,5660,119.76,140.91,55.23,201.31,1,-1,-1,-1
874,5661,9.04,52.94,114.14,371.54,1,-1,-1,-1
875,5660,120.30,140.93,54.54,201.29,1,-1,-1,-1
875,5661,9.10,53.03,114.24,371.37,1,-1,-1,-1
876,5660,112.82,139.17,55.11,203.42,1,-1,-1,-1
876,5661,24.11,122.00,80.74,253.85,1,-1,-1,-1
877,5661,31.61,153.07,65.78,200.81,1,-1,-1,-1
878,5661,33.46,162.06,62.33,185.46,1,-1,-1,-1
879,5661,33.59,164.66,62.24,181.01,1,-1,-1,-1
880,5661,33.30,165.38,63.08,179.77,1,-1,-1,-1
881,5661,32.91,165.47,64.16,179.60,1,-1,-1,-1
882,5661,32.50,165.37,65.24,179.75,1,-1,-1,-1
883,5661,31.73,167.81,63.79,175.74,1,-1,-1,-1
925,5666,218.00,174.00,50.00,150.00,1,-1,-1,-1
925,5667,94.00,164.00,50.00,166.00,1,-1,-1,-1
926,5666,218.00,174.00,50.00,150.00,1,-1,-1,-1
926,5667,94.00,164.00,50.00,166.00,1,-1,-1,-1
927,5666,218.00,174.00,50.00,150.00,1,-1,-1,-1
927,5667,94.00,164.00,50.00,166.00,1,-1,-1,-1
928,5666,218.00,174.00,50.00,150.00,1,-1,-1,-1
928,5667,94.00,164.00,50.00,166.00,1,-1,-1,-1
929,5666,218.00,174.00,50.00,150.00,1,-1,-1,-1
929,5667,94.00,164.00,50.00,166.00,1,-1,-1,-1
930,5666,218.00,174.00,50.00,150.00,1,-1,-1,-1
930,5667,94.00,164.00,50.00,166.00,1,-1,-1,-1
931,5666,218.00,174.00,50.00,150.00,1,-1,-1,-1
931,5667,94.00,164.00,50.00,166.00,1,-1,-1,-1
932,5666,194.68,176.74,58.35,171.88,1,-1,-1,-1
932,5667,94.00,164.00,50.00,166.00,1,-1,-1,-1
933,5666,186.07,177.70,62.07,179.59,1,-1,-1,-1
934,5666,182.40,178.07,64.21,182.57,1,-1,-1,-1
935,5666,180.79,178.20,65.65,183.58,1,-1,-1,-1
936,5666,180.01,178.23,66.78,183.83,1,-1,-1,-1
937,5666,179.54,178.23,67.76,183.80,1,-1,-1,-1
938,5666,179.21,178.21,68.65,183.68,1,-1,-1,-1
939,5666,176.34,178.55,69.66,186.38,1,-1,-1,-1
939,5668,414.00,178.00,52.00,154.00,1,-1,-1,-1
939,5669,320.00,190.00,48.00,142.00,1,-1,-1,-1
940,5668,414.00,178.00,52.00,154.00,1,-1,-1,-1
940,5669,320.00,190.00,48.00,142.00,1,-1,-1,-1
941,5668,414.00,178.00,52.00,154.00,1,-1,-1,-1
941,5669,320.00,190.00,48.00,142.00,1,-1,-1,-1
942,5668,414.00,178.00,52.00,154.00,1,-1,-1,-1
942,5669,320.00,190.00,48.00,142.00,1,-1,-1,-1
943,5668,414.00,178.00,52.00,154.00,1,-1,-1,-1
943,5669,320.00,190.00,48.00,142.00,1,-1,-1,-1
944,5668,414.00,178.00,52.00,154.00,1,-1,-1,-1
944,5669,320.00,190.00,48.00,142.00,1,-1,-1,-1
945,5668,414.00,178.00,52.00,154.00,1,-1,-1,-1
945,5669,320.00,190.00,48.00,142.00,1,-1,-1,-1
946,5668,414.00,178.00,52.00,154.00,1,-1,-1,-1
946,5669,320.00,190.00,48.00,142.00,1,-1,-1,-1
946,5670,358.00,166.00,60.00,186.00,1,-1,-1,-1
946,5671,482.00,166.00,60.00,184.00,1,-1,-1,-1
946,5672,2.00,0.00,132.00,472.00,1,-1,-1,-1
947,5670,358.00,166.00,60.00,186.00,1,-1,-1,-1
947,5671,482.00,166.00,60.00,184.00,1,-1,-1,-1
947,5672,2.00,0.00,132.00,472.00,1,-1,-1,-1
948,5670,358.00,166.00,60.00,186.00,1,-1,-1,-1
948,5671,482.00,166.00,60.00,184.00,1,-1,-1,-1
948,5672,2.00,0.00,132.00,472.00,1,-1,-1,-1
949,5670,358.00,166.00,60.00,186.00,1,-1,-1,-1
949,5671,482.00,166.00,60.00,184.00,1,-1,-1,-1
949,5672,2.00,0.00,132.00,472.00,1,-1,-1,-1
950,5670,358.00,166.00,60.00,186.00,1,-1,-1,-1
950,5671,482.00,166.00,60.00,184.00,1,-1,-1,-1
950,5672,2.00,0.00,132.00,472.00,1,-1,-1,-1
951,5670,358.00,166.00,60.00,186.00,1,-1,-1,-1
951,5671,482.00,166.00,60.00,184.00,1,-1,-1,-1
951,5672,2.00,0.00,132.00,472.00,1,-1,-1,-1
952,5670,358.00,166.00,60.00,186.00,1,-1,-1,-1
952,5671,482.00,166.00,60.00,184.00,1,-1,-1,-1
952,5672,2.00,0.00,132.00,472.00,1,-1,-1,-1
953,5669,224.30,180.37,54.49,157.41,1,-1,-1,-1
953,5670,358.00,166.00,60.00,186.00,1,-1,-1,-1
953,5671,482.00,166.00,60.00,184.00,1,-1,-1,-1
953,5672,2.00,0.00,132.00,472.00,1,-1,-1,-1
954,5669,218.70,179.86,55.86,158.23,1,-1,-1,-1
955,5669,216.48,179.68,56.89,158.51,1,-1,-1,-1
956,5669,215.63,179.63,57.71,158.59,1,-1,-1,-1
957,5669,215.33,179.64,58.40,158.58,1,-1,-1,-1
958,5669,215.25,179.66,59.00,158.54,1,-1,-1,-1
959,5669,215.25,179.69,59.52,158.50,1,-1,-1,-1
960,5669,210.29,179.19,59.82,159.30,1,-1,-1,-1
967,5672,27.37,19.75,140.51,475.95,1,-1,-1,-1
968,5672,25.40,20.27,146.02,476.05,1,-1,-1,-1
969,5672,23.56,20.46,150.27,476.09,1,-1,-1,-1
970,5672,21.93,20.50,153.65,476.10,1,-1,-1,-1
971,5672,20.51,20.48,156.43,476.10,1,-1,-1,-1
972,5672,19.30,20.45,158.74,476.09,1,-1,-1,-1
973,5672,18.26,20.41,160.70,476.08,1,-1,-1,-1
974,5672,19.24,21.07,160.74,476.21,1,-1,-1,-1
974,5673,32.00,158.00,58.00,174.00,1,-1,-1,-1
975,5673,32.00,158.00,58.00,174.00,1,-1,-1,-1
976,5673,32.00,158.00,58.00,174.00,1,-1,-1,-1
977,5673,32.00,158.00,58.00,174.00,1,-1,-1,-1
978,5673,32.00,158.00,58.00,174.00,1,-1,-1,-1
979,5673,32.00,158.00,58.00,174.00,1,-1,-1,-1
980,5673,32.00,158.00,58.00,174.00,1,-1,-1,-1
981,5673,32.00,158.00,58.00,174.00,1,-1,-1,-1
