1,3205,200.00,200.00,48.00,156.00,1,-1,-1,-1
1,3206,154.00,194.00,48.00,162.00,1,-1,-1,-1
1,3207,388.00,172.00,152.00,242.00,1,-1,-1,-1
1,3208,58.00,154.00,92.00,286.00,1,-1,-1,-1
1,3209,262.00,196.00,120.00,200.00,1,-1,-1,-1
2,3205,198.09,196.57,50.10,162.86,1,-1,-1,-1
2,3206,156.44,194.00,49.99,168.86,1,-1,-1,-1
2,3207,389.93,172.00,149.86,238.57,1,-1,-1,-1
2,3208,65.79,145.43,95.27,296.29,1,-1,-1,-1
2,3209,265.80,199.43,110.68,184.57,1,-1,-1,-1
3,3205,199.64,196.00,48.20,156.63,1,-1,-1,-1
3,3206,160.45,192.52,49.00,165.57,1,-1,-1,-1
3,3207,391.17,170.49,152.19,242.53,1,-1,-1,-1
3,3208,76.08,155.83,91.16,281.73,1,-1,-1,-1
3,3209,261.94,196.90,108.82,182.00,1,-1,-1,-1
4,3205,199.93,195.43,47.82,155.37,1,-1,-1,-1
4,3206,162.03,192.04,48.91,165.27,1,-1,-1,-1
4,3207,397.53,171.47,152.84,243.87,1,-1,-1,-1
4,3208,87.32,159.58,90.68,275.00,1,-1,-1,-1
4,3209,258.42,196.09,106.88,179.86,1,-1,-1,-1
5,3207,399.74,171.84,152.87,244.26,1,-1,-1,-1
5,3208,89.95,160.64,92.00,273.06,1,-1,-1,-1
5,3209,257.63,195.86,105.80,179.33,1,-1,-1,-1
6,3207,400.47,171.97,152.67,244.35,1,-1,-1,-1
6,3208,89.75,160.86,94.03,272.63,1,-1,-1,-1
6,3209,257.75,195.82,104.92,179.27,1,-1,-1,-1
7,3207,419.60,172.01,150.62,245.72,1,-1,-1,-1
7,3208,97.65,162.23,97.94,274.05,1,-1,-1,-1
7,3209,236.46,190.22,104.06,182.13,1,-1,-1,-1
8,3207,428.62,172.02,148.14,248.90,1,-1,-1,-1
8,3208,103.27,165.38,100.19,271.93,1,-1,-1,-1
8,3209,226.52,188.26,101.91,183.20,1,-1,-1,-1
9,3207,433.70,172.08,148.87,250.12,1,-1,-1,-1
9,3208,109.87,166.45,102.31,272.63,1,-1,-1,-1
9,3209,223.03,186.25,104.03,191.74,1,-1,-1,-1
10,3208,117.75,168.11,103.83,272.97,1,-1,-1,-1
10,3209,222.54,185.55,102.22,192.22,1,-1,-1,-1
11,3208,119.99,168.65,105.27,273.16,1,-1,-1,-1
11,3209,223.25,185.36,100.29,192.37,1,-1,-1,-1
12,3208,120.18,168.78,106.62,273.28,1,-1,-1,-1
12,3209,224.31,185.34,98.37,192.39,1,-1,-1,-1
13,3205,261.09,199.90,54.50,175.67,1,-1,-1,-1
13,3207,482.92,168.35,145.52,248.57,1,-1,-1,-1
13,3208,142.00,163.46,107.00,276.03,1,-1,-1,-1
13,3209,217.72,195.92,92.20,183.15,1,-1,-1,-1
14,3205,263.18,200.06,55.10,176.40,1,-1,-1,-1
14,3207,488.08,168.01,143.25,248.36,1,-1,-1,-1
14,3208,150.16,161.43,106.76,277.09,1,-1,-1,-1
14,3209,215.81,200.02,89.07,179.58,1,-1,-1,-1
15,3205,263.73,200.11,55.50,176.64,1,-1,-1,-1
15,3207,490.46,167.89,141.31,248.30,1,-1,-1,-1
15,3208,153.16,160.64,106.31,277.52,1,-1,-1,-1
15,3209,215.63,201.51,87.19,178.29,1,-1,-1,-1
16,3205,268.46,200.34,55.91,177.95,1,-1,-1,-1
16,3207,498.74,169.17,141.17,248.26,1,-1,-1,-1
16,3208,171.78,152.44,108.80,288.21,1,-1,-1,-1
16,3209,211.55,202.14,86.81,177.52,1,-1,-1,-1
17,3207,501.66,169.67,141.05,248.23,1,-1,-1,-1
17,3208,179.05,149.38,108.80,292.20,1,-1,-1,-1
18,3207,502.55,169.86,140.95,248.21,1,-1,-1,-1
18,3208,181.98,148.21,107.97,293.72,1,-1,-1,-1
19,3205,295.71,210.55,46.26,145.53,1,-1,-1,-1
19,3206,168.25,187.98,35.72,110.25,1,-1,-1,-1
19,3207,507.32,166.00,142.11,254.74,1,-1,-1,-1
19,3208,201.79,159.49,107.47,282.57,1,-1,-1,-1
20,3205,298.51,211.87,45.28,141.09,1,-1,-1,-1
20,3206,167.16,187.94,37.79,109.39,1,-1,-1,-1
20,3207,509.66,164.56,141.16,257.18,1,-1,-1,-1
20,3208,208.18,163.89,109.05,278.22,1,-1,-1,-1
21,3205,299.42,212.27,45.22,139.80,1,-1,-1,-1
21,3206,166.32,187.90,39.48,108.91,1,-1,-1,-1
21,3207,510.96,164.01,139.57,258.09,1,-1,-1,-1
21,3208,209.44,165.50,111.37,276.61,1,-1,-1,-1
22,3205,304.40,213.19,44.68,138.13,1,-1,-1,-1
22,3206,166.92,187.66,38.54,106.32,1,-1,-1,-1
22,3207,515.82,163.49,140.14,259.14,1,-1,-1,-1
22,3208,221.85,163.45,118.09,282.60,1,-1,-1,-1
22,3209,139.94,185.20,93.10,194.73,1,-1,-1,-1
23,3208,225.10,162.67,122.97,284.84,1,-1,-1,-1
23,3209,136.32,184.08,91.91,195.88,1,-1,-1,-1
24,3208,224.99,162.36,126.95,285.69,1,-1,-1,-1
24,3209,135.49,183.68,90.66,196.28,1,-1,-1,-1
25,3208,238.02,162.23,127.86,287.31,1,-1,-1,-1
25,3209,117.83,187.45,94.19,200.30,1,-1,-1,-1
25,3210,224.00,188.00,68.00,176.00,1,-1,-1,-1
25,3211,284.00,156.00,72.00,206.00,1,-1,-1,-1
26,3208,242.68,162.17,128.30,287.92,1,-1,-1,-1
26,3209,110.88,188.89,96.35,201.80,1,-1,-1,-1
26,3210,224.00,188.00,68.00,176.00,1,-1,-1,-1
26,3211,284.00,156.00,72.00,206.00,1,-1,-1,-1
27,3208,244.14,162.14,128.55,288.13,1,-1,-1,-1
27,3209,108.10,189.47,97.86,202.34,1,-1,-1,-1
27,3210,224.00,188.00,68.00,176.00,1,-1,-1,-1
27,3211,284.00,156.00,72.00,206.00,1,-1,-1,-1
28,3208,268.19,159.51,126.78,293.42,1,-1,-1,-1
28,3209,95.72,188.41,100.82,203.81,1,-1,-1,-1
28,3210,240.30,208.78,60.63,155.22,1,-1,-1,-1
28,3211,284.00,156.00,72.00,206.00,1,-1,-1,-1
29,3208,278.20,158.52,123.87,295.40,1,-1,-1,-1
29,3209,90.63,188.01,103.07,204.34,1,-1,-1,-1
29,3210,245.56,215.79,58.62,148.21,1,-1,-1,-1
30,3208,282.76,158.14,120.76,296.13,1,-1,-1,-1
30,3209,88.42,187.87,104.90,204.51,1,-1,-1,-1
30,3210,246.64,217.62,58.70,146.38,1,-1,-1,-1
31,3208,299.31,156.69,120.56,298.98,1,-1,-1,-1
31,3209,78.85,183.94,109.23,212.32,1,-1,-1,-1
31,3210,255.47,222.28,57.24,141.72,1,-1,-1,-1
31,3212,2.00,174.00,78.00,226.00,1,-1,-1,-1
32,3208,305.74,156.15,119.76,300.03,1,-1,-1,-1
32,3209,75.27,182.46,111.02,215.25,1,-1,-1,-1
32,3210,258.12,223.58,57.14,140.42,1,-1,-1,-1
32,3212,2.00,174.00,78.00,226.00,1,-1,-1,-1
33,3208,308.24,155.95,118.79,300.40,1,-1,-1,-1
33,3209,74.04,181.91,111.84,216.34,1,-1,-1,-1
33,3210,258.67,223.83,57.46,140.17,1,-1,-1,-1
33,3212,2.00,174.00,78.00,226.00,1,-1,-1,-1
34,3208,325.48,158.49,120.39,292.71,1,-1,-1,-1
34,3209,67.74,181.20,112.70,217.99,1,-1,-1,-1
34,3210,261.86,216.87,60.93,145.75,1,-1,-1,-1
34,3212,24.20,171.03,84.05,236.39,1,-1,-1,-1
35,3208,330.61,159.47,123.32,289.71,1,-1,-1,-1
35,3210,262.51,214.32,62.95,147.81,1,-1,-1,-1
35,3212,30.57,170.04,88.21,239.87,1,-1,-1,-1
36,3208,335.99,157.21,128.75,295.15,1,-1,-1,-1
36,3210,272.31,210.62,65.61,152.68,1,-1,-1,-1
36,3212,31.00,172.51,89.82,236.77,1,-1,-1,-1
37,3208,344.18,158.97,129.71,293.28,1,-1,-1,-1
37,3210,280.34,209.20,66.81,154.53,1,-1,-1,-1
37,3212,34.07,174.84,91.99,235.47,1,-1,-1,-1
38,3208,346.54,159.65,130.99,292.54,1,-1,-1,-1
38,3210,283.11,208.63,67.52,155.27,1,-1,-1,-1
38,3212,34.03,175.70,94.52,234.92,1,-1,-1,-1
39,3208,346.74,159.90,132.32,292.25,1,-1,-1,-1
39,3210,283.88,208.39,68.01,155.58,1,-1,-1,-1
39,3212,32.90,176.00,97.18,234.66,1,-1,-1,-1
40,3208,368.31,154.77,132.42,301.28,1,-1,-1,-1
40,3210,291.34,200.41,73.23,166.20,1,-1,-1,-1
40,3212,37.35,176.30,97.56,235.57,1,-1,-1,-1
41,3208,377.35,152.85,130.26,304.67,1,-1,-1,-1
41,3210,293.88,197.45,75.52,170.14,1,-1,-1,-1
42,3208,381.50,152.12,127.50,305.94,1,-1,-1,-1
42,3210,294.56,196.30,76.71,171.67,1,-1,-1,-1
43,3208,396.67,154.45,124.68,306.39,1,-1,-1,-1
43,3210,301.40,192.00,79.19,178.69,1,-1,-1,-1
43,3212,12.77,177.91,92.57,220.23,1,-1,-1,-1
44,3208,402.99,155.35,122.02,306.53,1,-1,-1,-1
44,3210,304.11,190.38,79.75,181.34,1,-1,-1,-1
44,3212,9.13,178.08,93.01,218.39,1,-1,-1,-1
45,3208,405.85,155.71,119.57,306.54,1,-1,-1,-1
45,3210,305.19,189.77,79.63,182.33,1,-1,-1,-1
45,3212,7.65,178.14,93.84,217.80,1,-1,-1,-1
46,3208,424.99,154.55,121.05,303.92,1,-1,-1,-1
46,3210,312.41,194.73,75.99,174.93,1,-1,-1,-1
46,3212,-0.09,179.48,89.95,210.97,1,-1,-1,-1
46,3213,104.00,174.00,112.00,236.00,1,-1,-1,-1
47,3208,435.93,154.11,122.93,298.96,1,-1,-1,-1
47,3210,316.50,198.01,74.23,170.66,1,-1,-1,-1
47,3212,-14.27,175.95,88.27,217.83,1,-1,-1,-1
47,3213,110.66,174.00,112.39,236.00,1,-1,-1,-1
48,3208,438.78,153.95,125.62,297.07,1,-1,-1,-1
48,3210,317.88,199.25,73.62,169.05,1,-1,-1,-1
48,3212,-18.08,174.67,85.08,220.33,1,-1,-1,-1
48,3213,111.52,174.00,112.96,236.00,1,-1,-1,-1
49,3208,453.30,151.28,131.92,300.28,1,-1,-1,-1
49,3210,321.80,198.41,74.18,168.44,1,-1,-1,-1
49,3212,-20.94,174.53,84.95,220.00,1,-1,-1,-1
49,3213,121.25,175.48,114.86,238.97,1,-1,-1,-1
50,3208,457.19,150.28,136.95,301.49,1,-1,-1,-1
50,3210,322.94,198.10,74.84,168.20,1,-1,-1,-1
50,3213,124.25,175.98,115.91,239.96,1,-1,-1,-1
51,3208,457.18,149.92,141.23,301.94,1,-1,-1,-1
51,3210,323.04,197.98,75.48,168.11,1,-1,-1,-1
51,3213,124.87,176.13,116.69,240.26,1,-1,-1,-1
52,3208,473.36,151.10,141.18,302.10,1,-1,-1,-1
52,3210,336.42,196.63,76.28,171.99,1,-1,-1,-1
52,3213,136.76,181.69,114.02,236.18,1,-1,-1,-1
52,3214,468.00,210.00,46.00,142.00,1,-1,-1,-1
53,3208,479.26,151.57,141.10,302.15,1,-1,-1,-1
53,3210,341.61,196.13,76.06,173.45,1,-1,-1,-1
53,3213,141.14,183.69,112.58,234.66,1,-1,-1,-1
53,3214,468.00,210.00,46.00,142.00,1,-1,-1,-1
54,3208,481.24,151.75,141.01,302.16,1,-1,-1,-1
54,3210,343.69,195.95,75.51,173.99,1,-1,-1,-1
54,3213,142.76,184.36,111.61,234.11,1,-1,-1,-1
54,3214,468.00,210.00,46.00,142.00,1,-1,-1,-1
55,3208,494.03,155.75,138.51,306.07,1,-1,-1,-1
55,3210,353.89,201.09,71.81,163.78,1,-1,-1,-1
55,3213,146.81,185.67,111.45,233.78,1,-1,-1,-1
55,3214,468.00,210.00,46.00,142.00,1,-1,-1,-1
56,3208,499.80,157.26,135.24,307.54,1,-1,-1,-1
56,3210,357.45,203.10,70.70,159.79,1,-1,-1,-1
57,3208,502.76,157.84,131.91,308.08,1,-1,-1,-1
57,3210,358.45,203.82,70.65,158.35,1,-1,-1,-1
58,3208,519.32,141.12,133.13,319.98,1,-1,-1,-1
58,3210,358.84,197.47,74.29,167.09,1,-1,-1,-1
58,3213,201.26,184.59,113.28,235.66,1,-1,-1,-1
58,3214,494.57,213.78,47.62,140.11,1,-1,-1,-1
59,3208,526.48,134.84,131.42,324.44,1,-1,-1,-1
59,3210,359.00,195.14,75.49,170.30,1,-1,-1,-1
59,3213,206.94,184.43,114.22,235.88,1,-1,-1,-1
59,3214,495.93,214.11,49.80,139.94,1,-1,-1,-1
60,3208,529.93,132.43,128.86,326.12,1,-1,-1,-1
60,3210,358.99,194.24,75.83,171.55,1,-1,-1,-1
60,3213,208.63,184.38,115.01,235.96,1,-1,-1,-1
60,3214,495.61,214.22,52.00,139.89,1,-1,-1,-1
61,3208,532.76,136.73,124.33,320.24,1,-1,-1,-1
61,3210,373.63,195.21,76.26,174.61,1,-1,-1,-1
61,3213,221.56,188.29,117.83,235.98,1,-1,-1,-1
61,3214,505.40,211.55,54.23,143.92,1,-1,-1,-1
62,3208,534.13,138.45,121.44,317.90,1,-1,-1,-1
62,3210,379.37,195.59,75.92,175.76,1,-1,-1,-1
62,3213,225.45,189.74,120.36,235.99,1,-1,-1,-1
62,3214,508.65,210.56,55.51,145.40,1,-1,-1,-1
63,3208,534.96,139.13,119.30,316.98,1,-1,-1,-1
63,3210,381.66,195.75,75.34,176.18,1,-1,-1,-1
63,3213,225.97,190.26,122.64,236.00,1,-1,-1,-1
63,3214,509.50,210.17,56.40,145.95,1,-1,-1,-1
64,3208,540.78,138.32,119.59,317.75,1,-1,-1,-1
64,3210,386.67,193.22,75.66,176.32,1,-1,-1,-1
64,3213,243.29,187.80,124.15,241.24,1,-1,-1,-1
64,3214,524.24,210.03,56.54,147.46,1,-1,-1,-1
65,3210,388.38,192.27,75.91,176.35,1,-1,-1,-1
65,3213,249.93,186.85,124.05,243.21,1,-1,-1,-1
65,3214,529.78,209.98,56.35,148.01,1,-1,-1,-1
66,3210,388.84,191.92,76.12,176.34,1,-1,-1,-1
66,3213,252.49,186.47,123.43,243.95,1,-1,-1,-1
66,3214,531.82,209.96,56.04,148.20,1,-1,-1,-1
67,3210,401.23,193.10,77.54,177.62,1,-1,-1,-1
67,3213,274.94,175.88,122.68,253.32,1,-1,-1,-1
67,3214,544.71,207.34,58.80,149.57,1,-1,-1,-1
68,3210,405.60,193.57,78.53,178.09,1,-1,-1,-1
68,3213,284.77,171.90,119.34,256.84,1,-1,-1,-1
68,3214,548.82,206.35,61.08,150.06,1,-1,-1,-1
69,3210,406.91,193.75,79.32,178.25,1,-1,-1,-1
69,3213,289.62,170.36,115.38,258.16,1,-1,-1,-1
69,3214,549.63,205.99,63.06,150.23,1,-1,-1,-1
70,3210,423.01,209.44,71.56,160.07,1,-1,-1,-1
70,3213,312.10,174.98,114.75,254.73,1,-1,-1,-1
70,3214,557.20,211.08,63.26,146.36,1,-1,-1,-1
71,3210,428.95,215.62,68.64,152.89,1,-1,-1,-1
71,3213,320.23,176.79,114.94,253.36,1,-1,-1,-1
71,3214,559.40,213.05,64.26,144.86,1,-1,-1,-1
