1,3210,431.57,134.23,93.25,211.03,1,-1,-1,-1
1,3213,328.11,114.91,113.96,255.41,1,-1,-1,-1
1,3214,564.80,213.34,64.26,144.86,1,-1,-1,-1
1,3215,182.00,94.00,68.00,222.00,1,-1,-1,-1
1,3216,566.00,90.00,70.00,188.00,1,-1,-1,-1
2,3210,435.78,107.63,100.17,229.99,1,-1,-1,-1
2,3212,176.16,96.45,84.45,229.89,1,-1,-1,-1
2,3213,332.23,91.57,110.79,253.56,1,-1,-1,-1
2,3216,565.12,91.71,70.04,188.00,1,-1,-1,-1
3,3210,437.74,95.97,102.43,238.33,1,-1,-1,-1
3,3212,181.06,95.12,81.88,230.09,1,-1,-1,-1
3,3213,334.09,82.83,108.35,252.82,1,-1,-1,-1
3,3216,564.95,92.00,70.10,188.00,1,-1,-1,-1
4,3210,443.64,90.20,98.92,235.35,1,-1,-1,-1
4,3212,188.37,92.15,82.01,230.45,1,-1,-1,-1
4,3213,341.81,78.44,105.93,252.51,1,-1,-1,-1
4,3216,562.79,87.62,72.87,195.42,1,-1,-1,-1
4,3217,68.00,84.00,96.00,242.00,1,-1,-1,-1
5,3210,446.39,88.22,96.31,233.90,1,-1,-1,-1
5,3213,345.09,77.01,103.80,252.38,1,-1,-1,-1
5,3216,562.06,86.14,73.80,197.91,1,-1,-1,-1
5,3217,68.00,84.00,96.00,242.00,1,-1,-1,-1
6,3210,447.84,87.68,94.21,233.19,1,-1,-1,-1
6,3213,346.63,76.68,101.90,252.31,1,-1,-1,-1
6,3216,561.85,85.67,74.10,198.67,1,-1,-1,-1
6,3217,68.00,84.00,96.00,242.00,1,-1,-1,-1
7,3210,450.71,82.57,96.16,239.18,1,-1,-1,-1
7,3212,210.94,89.15,78.50,224.94,1,-1,-1,-1
7,3213,355.47,79.37,98.57,247.05,1,-1,-1,-1
7,3216,560.43,86.94,74.17,198.84,1,-1,-1,-1
7,3217,55.35,86.97,94.58,239.03,1,-1,-1,-1
8,3210,451.85,80.75,96.62,241.40,1,-1,-1,-1
8,3212,213.74,88.96,77.18,224.24,1,-1,-1,-1
8,3213,358.89,80.63,96.67,245.02,1,-1,-1,-1
8,3216,559.93,87.44,74.17,198.81,1,-1,-1,-1
8,3217,51.20,87.96,93.91,238.04,1,-1,-1,-1
9,3210,452.29,80.27,96.52,242.13,1,-1,-1,-1
9,3212,214.96,88.87,76.30,224.01,1,-1,-1,-1
9,3213,360.25,81.26,95.40,244.27,1,-1,-1,-1
9,3216,559.78,87.66,74.15,198.73,1,-1,-1,-1
9,3217,50.10,88.26,93.49,237.74,1,-1,-1,-1
10,3210,455.99,73.69,98.20,246.32,1,-1,-1,-1
10,3212,222.69,91.52,79.41,225.24,1,-1,-1,-1
10,3213,365.88,84.26,94.79,243.99,1,-1,-1,-1
10,3216,558.63,89.09,73.68,197.31,1,-1,-1,-1
10,3217,40.56,98.06,88.34,229.33,1,-1,-1,-1
10,3218,178.00,86.00,46.00,164.00,1,-1,-1,-1
11,3212,224.84,92.58,81.73,225.71,1,-1,-1,-1
11,3213,367.94,85.52,94.29,243.90,1,-1,-1,-1
11,3216,558.21,89.64,73.53,196.73,1,-1,-1,-1
11,3217,37.92,101.55,85.32,226.35,1,-1,-1,-1
11,3218,178.00,86.00,46.00,164.00,1,-1,-1,-1
12,3212,224.97,93.03,83.55,225.89,1,-1,-1,-1
12,3213,368.66,86.10,93.87,243.87,1,-1,-1,-1
12,3216,558.06,89.86,73.49,196.48,1,-1,-1,-1
12,3217,37.77,102.68,83.08,225.38,1,-1,-1,-1
12,3218,178.00,86.00,46.00,164.00,1,-1,-1,-1
13,3210,471.80,89.99,87.46,220.42,1,-1,-1,-1
13,3212,235.60,107.63,78.37,205.03,1,-1,-1,-1
13,3213,376.18,85.11,93.26,242.56,1,-1,-1,-1
13,3216,555.95,87.29,73.67,196.37,1,-1,-1,-1
13,3217,24.30,100.27,79.63,219.69,1,-1,-1,-1
13,3218,175.74,87.48,46.07,164.00,1,-1,-1,-1
14,3210,473.66,93.06,85.50,216.31,1,-1,-1,-1
14,3212,238.85,113.40,77.33,196.92,1,-1,-1,-1
14,3213,378.89,84.82,92.97,242.08,1,-1,-1,-1
14,3216,555.11,86.33,73.86,196.30,1,-1,-1,-1
14,3217,19.94,99.27,77.60,217.70,1,-1,-1,-1
14,3218,174.95,87.98,46.16,164.00,1,-1,-1,-1
15,3210,474.45,93.85,84.74,215.13,1,-1,-1,-1
15,3212,239.34,115.42,77.97,194.11,1,-1,-1,-1
15,3213,379.77,84.79,92.81,241.90,1,-1,-1,-1
15,3216,554.77,85.98,74.04,196.26,1,-1,-1,-1
15,3217,18.95,98.85,76.13,217.08,1,-1,-1,-1
15,3218,174.68,88.13,46.26,164.00,1,-1,-1,-1
16,3210,478.24,91.58,85.18,215.99,1,-1,-1,-1
16,3212,244.55,110.77,79.87,199.86,1,-1,-1,-1
16,3213,382.26,84.86,92.04,239.23,1,-1,-1,-1
16,3216,554.06,85.60,74.19,196.66,1,-1,-1,-1
16,3217,11.47,106.69,74.15,210.24,1,-1,-1,-1
16,3218,173.29,86.77,47.55,168.16,1,-1,-1,-1
17,3210,479.53,90.82,85.38,216.29,1,-1,-1,-1
17,3212,246.44,109.07,80.36,202.00,1,-1,-1,-1
17,3213,382.98,84.96,91.89,238.23,1,-1,-1,-1
17,3217,8.81,109.56,73.69,207.81,1,-1,-1,-1
17,3218,172.77,86.28,48.09,169.65,1,-1,-1,-1
18,3210,479.88,90.64,85.49,216.37,1,-1,-1,-1
18,3212,247.05,108.41,80.38,202.87,1,-1,-1,-1
18,3213,383.05,85.05,91.96,237.87,1,-1,-1,-1
18,3217,7.90,110.53,73.77,207.02,1,-1,-1,-1
18,3218,172.57,86.09,48.37,170.17,1,-1,-1,-1
19,3210,487.33,89.35,88.99,224.23,1,-1,-1,-1
19,3212,251.64,105.53,80.52,205.87,1,-1,-1,-1
19,3213,389.79,83.83,92.73,239.07,1,-1,-1,-1
19,3216,563.03,91.09,67.82,182.16,1,-1,-1,-1
19,3217,6.27,129.49,70.08,192.15,1,-1,-1,-1
19,3218,171.83,84.68,49.84,174.33,1,-1,-1,-1
20,3210,489.96,88.92,90.50,227.16,1,-1,-1,-1
20,3212,253.50,104.45,80.04,207.03,1,-1,-1,-1
20,3213,392.13,83.42,93.19,239.54,1,-1,-1,-1
20,3216,564.50,91.78,66.38,180.36,1,-1,-1,-1
20,3217,5.53,136.53,69.54,186.69,1,-1,-1,-1
20,3218,171.49,84.16,50.56,175.85,1,-1,-1,-1
21,3210,490.76,88.84,91.25,228.25,1,-1,-1,-1
21,3212,254.30,104.04,79.38,207.49,1,-1,-1,-1
21,3213,392.82,83.31,93.51,239.73,1,-1,-1,-1
21,3216,565.18,92.01,65.51,179.78,1,-1,-1,-1
21,3217,4.99,138.88,70.19,184.90,1,-1,-1,-1
21,3218,171.30,83.97,50.98,176.39,1,-1,-1,-1
22,3210,501.42,86.28,88.77,224.73,1,-1,-1,-1
22,3212,262.99,103.90,81.69,208.99,1,-1,-1,-1
22,3213,399.22,87.23,91.55,231.96,1,-1,-1,-1
22,3216,565.47,92.24,65.15,178.80,1,-1,-1,-1
22,3217,1.94,142.87,68.74,181.05,1,-1,-1,-1
22,3218,171.91,85.22,51.12,176.54,1,-1,-1,-1
23,3210,505.66,85.38,87.25,223.31,1,-1,-1,-1
23,3212,265.70,103.86,83.47,209.57,1,-1,-1,-1
23,3213,401.25,88.79,91.34,229.01,1,-1,-1,-1
23,3218,172.13,85.70,51.21,176.56,1,-1,-1,-1
24,3210,507.39,85.10,86.18,222.75,1,-1,-1,-1
24,3212,266.18,103.85,84.96,209.79,1,-1,-1,-1
24,3213,401.63,89.39,91.78,227.95,1,-1,-1,-1
24,3218,172.20,85.89,51.29,176.53,1,-1,-1,-1
25,3210,509.47,86.36,85.27,221.20,1,-1,-1,-1
25,3212,273.58,102.55,81.27,203.36,1,-1,-1,-1
25,3213,406.88,88.31,92.04,227.59,1,-1,-1,-1
25,3218,174.31,95.12,48.48,168.63,1,-1,-1,-1
26,3210,510.22,86.90,84.77,220.59,1,-1,-1,-1
26,3212,276.49,102.07,79.33,200.91,1,-1,-1,-1
26,3213,408.63,87.92,92.36,227.49,1,-1,-1,-1
26,3218,175.26,98.67,47.13,165.56,1,-1,-1,-1
27,3210,510.47,87.15,84.43,220.35,1,-1,-1,-1
27,3212,277.70,101.90,78.11,200.02,1,-1,-1,-1
27,3213,409.08,87.79,92.68,227.49,1,-1,-1,-1
27,3218,175.74,99.94,46.39,164.43,1,-1,-1,-1
28,3210,513.99,88.60,87.70,222.86,1,-1,-1,-1
28,3212,283.94,99.22,78.98,204.97,1,-1,-1,-1
28,3213,415.11,83.83,93.98,231.46,1,-1,-1,-1
28,3218,173.39,93.77,48.51,173.27,1,-1,-1,-1
29,3210,514.62,89.18,90.17,223.79,1,-1,-1,-1
29,3212,286.47,98.23,78.73,206.83,1,-1,-1,-1
29,3213,417.37,82.35,94.31,232.96,1,-1,-1,-1
29,3218,172.64,91.49,49.07,176.52,1,-1,-1,-1
30,3210,514.21,89.43,92.20,224.13,1,-1,-1,-1
30,3212,287.56,97.87,78.13,207.56,1,-1,-1,-1
30,3213,418.19,81.82,94.29,233.55,1,-1,-1,-1
30,3218,172.45,90.58,49.10,177.77,1,-1,-1,-1
31,3210,533.61,93.46,87.54,212.51,1,-1,-1,-1
31,3212,291.11,97.28,78.11,207.52,1,-1,-1,-1
31,3213,421.31,80.97,94.22,233.38,1,-1,-1,-1
31,3218,171.98,87.63,49.91,180.82,1,-1,-1,-1
32,3210,540.93,95.05,85.79,208.00,1,-1,-1,-1
32,3218,171.82,86.50,50.20,181.96,1,-1,-1,-1
33,3210,543.45,95.64,85.22,206.37,1,-1,-1,-1
33,3218,171.77,86.08,50.30,182.36,1,-1,-1,-1
34,3210,542.77,94.54,87.97,215.03,1,-1,-1,-1
34,3212,314.20,101.19,76.29,202.68,1,-1,-1,-1
34,3213,445.39,86.81,87.90,218.10,1,-1,-1,-1
34,3218,171.95,84.63,49.93,182.48,1,-1,-1,-1
35,3210,542.69,94.14,88.53,218.24,1,-1,-1,-1
35,3212,316.85,101.70,76.06,202.09,1,-1,-1,-1
35,3213,448.20,87.59,87.03,216.23,1,-1,-1,-1
35,3218,172.14,84.08,49.58,182.50,1,-1,-1,-1
36,3210,542.72,93.99,88.34,219.48,1,-1,-1,-1
36,3212,317.77,101.87,75.98,201.88,1,-1,-1,-1
36,3213,449.20,87.83,86.68,215.61,1,-1,-1,-1
36,3218,172.31,83.89,49.25,182.47,1,-1,-1,-1
37,3210,547.66,93.93,84.69,213.44,1,-1,-1,-1
37,3212,323.79,100.63,76.17,201.82,1,-1,-1,-1
37,3213,449.71,91.88,88.69,219.37,1,-1,-1,-1
37,3218,172.87,83.82,49.43,183.74,1,-1,-1,-1
38,3210,549.73,93.92,82.68,211.11,1,-1,-1,-1
38,3212,325.88,100.16,76.35,201.81,1,-1,-1,-1
38,3213,449.67,93.38,89.72,220.81,1,-1,-1,-1
38,3218,173.14,83.81,49.41,184.20,1,-1,-1,-1
39,3210,550.69,93.92,81.37,210.24,1,-1,-1,-1
39,3212,326.49,99.99,76.52,201.82,1,-1,-1,-1
39,3213,449.43,93.94,90.34,221.38,1,-1,-1,-1
39,3218,173.28,83.82,49.32,184.34,1,-1,-1,-1
40,3210,553.34,91.30,81.36,215.18,1,-1,-1,-1
40,3212,330.23,99.79,76.40,201.51,1,-1,-1,-1
40,3213,450.46,91.53,90.74,220.31,1,-1,-1,-1
40,3218,172.62,83.83,49.40,184.38,1,-1,-1,-1
41,3210,554.79,90.33,80.31,217.03,1,-1,-1,-1
41,3213,450.54,90.59,91.32,219.92,1,-1,-1,-1
41,3218,172.36,83.85,49.47,184.37,1,-1,-1,-1
42,3210,555.72,89.97,78.99,217.74,1,-1,-1,-1
42,3213,450.29,90.24,91.93,219.79,1,-1,-1,-1
42,3218,172.25,83.86,49.52,184.34,1,-1,-1,-1
43,3210,559.90,100.26,74.57,204.98,1,-1,-1,-1
43,3212,347.30,98.15,74.05,198.32,1,-1,-1,-1
43,3213,451.85,88.79,92.64,218.45,1,-1,-1,-1
43,3218,172.94,83.87,49.38,184.31,1,-1,-1,-1
44,3210,561.35,104.27,72.96,200.03,1,-1,-1,-1
44,3212,349.59,97.96,72.96,197.95,1,-1,-1,-1
44,3213,452.03,88.24,93.56,217.96,1,-1,-1,-1
44,3218,173.24,83.88,49.25,184.28,1,-1,-1,-1
45,3210,561.75,105.71,72.48,198.25,1,-1,-1,-1
45,3212,350.63,97.89,72.12,197.82,1,-1,-1,-1
45,3213,451.73,88.04,94.51,217.79,1,-1,-1,-1
45,3218,173.39,83.90,49.13,184.26,1,-1,-1,-1
46,3210,563.94,106.63,72.00,196.93,1,-1,-1,-1
46,3212,355.95,100.50,70.89,193.85,1,-1,-1,-1
46,3213,462.61,89.28,95.01,220.37,1,-1,-1,-1
46,3218,173.63,85.21,48.72,182.93,1,-1,-1,-1
47,3212,357.78,101.49,70.54,192.37,1,-1,-1,-1
47,3213,466.81,89.74,94.89,221.35,1,-1,-1,-1
47,3218,173.73,85.71,48.54,182.41,1,-1,-1,-1
48,3212,358.29,101.86,70.52,191.84,1,-1,-1,-1
48,3213,468.46,89.92,94.55,221.73,1,-1,-1,-1
48,3218,173.78,85.91,48.45,182.21,1,-1,-1,-1
49,3212,368.50,102.00,69.98,191.67,1,-1,-1,-1
49,3213,476.31,91.29,95.46,217.96,1,-1,-1,-1
49,3218,173.26,84.67,48.20,182.12,1,-1,-1,-1
50,3212,372.34,102.04,69.55,191.63,1,-1,-1,-1
50,3213,478.55,91.82,97.09,216.53,1,-1,-1,-1
50,3218,173.12,84.20,47.98,182.09,1,-1,-1,-1
51,3212,373.77,102.06,69.18,191.64,1,-1,-1,-1
51,3213,478.70,92.00,98.88,216.01,1,-1,-1,-1
51,3218,173.12,84.03,47.79,182.07,1,-1,-1,-1
52,3212,385.21,102.06,66.65,185.11,1,-1,-1,-1
52,3213,493.61,97.31,94.55,206.65,1,-1,-1,-1
52,3218,173.03,83.97,47.91,183.37,1,-1,-1,-1
52,3219,440.00,100.00,50.00,184.00,1,-1,-1,-1
53,3212,389.44,102.05,65.62,182.65,1,-1,-1,-1
53,3213,499.15,99.33,92.89,203.11,1,-1,-1,-1
53,3218,173.05,83.95,47.84,183.85,1,-1,-1,-1
53,3219,440.00,100.00,50.00,184.00,1,-1,-1,-1
54,3212,394.99,98.08,67.59,188.40,1,-1,-1,-1
54,3213,506.29,108.00,88.47,192.57,1,-1,-1,-1
54,3218,173.26,83.94,47.42,182.73,1,-1,-1,-1
55,3210,579.19,98.53,65.96,187.91,1,-1,-1,-1
55,3212,406.83,92.72,68.06,187.93,1,-1,-1,-1
55,3213,509.17,109.86,87.37,190.05,1,-1,-1,-1
55,3218,172.48,82.64,47.67,183.60,1,-1,-1,-1
56,3210,580.66,98.12,63.79,187.62,1,-1,-1,-1
56,3212,411.05,90.67,68.57,187.77,1,-1,-1,-1
56,3213,510.06,110.49,87.05,189.20,1,-1,-1,-1
56,3218,172.19,82.15,47.77,183.92,1,-1,-1,-1
57,3210,581.63,97.98,62.13,187.51,1,-1,-1,-1
57,3212,412.32,89.92,69.08,187.73,1,-1,-1,-1
57,3213,510.23,110.67,87.00,188.97,1,-1,-1,-1
57,3218,172.07,81.97,47.82,184.04,1,-1,-1,-1
58,3210,585.03,100.56,56.67,173.05,1,-1,-1,-1
58,3212,411.70,90.97,71.15,191.66,1,-1,-1,-1
58,3213,511.17,98.77,90.29,200.87,1,-1,-1,-1
58,3218,172.17,83.21,47.56,182.78,1,-1,-1,-1
59,3210,586.37,101.56,54.34,167.55,1,-1,-1,-1
59,3212,411.18,91.39,72.28,193.15,1,-1,-1,-1
59,3213,512.11,94.41,90.23,205.25,1,-1,-1,-1
59,3218,172.20,83.69,47.50,182.29,1,-1,-1,-1
60,3210,586.93,101.92,53.28,165.66,1,-1,-1,-1
60,3212,410.69,91.57,73.01,193.72,1,-1,-1,-1
60,3213,512.89,92.70,89.15,206.98,1,-1,-1,-1
60,3218,172.20,83.88,47.50,182.10,1,-1,-1,-1
61,3210,588.39,102.12,52.47,163.14,1,-1,-1,-1
61,3212,412.86,104.69,69.61,179.61,1,-1,-1,-1
61,3213,515.58,92.17,89.16,207.00,1,-1,-1,-1
61,3218,172.86,81.34,48.79,185.95,1,-1,-1,-1
62,3212,413.05,109.81,69.17,174.12,1,-1,-1,-1
62,3218,173.04,80.38,49.42,187.40,1,-1,-1,-1
63,3212,412.59,111.63,69.90,172.18,1,-1,-1,-1
63,3218,173.04,80.02,49.79,187.94,1,-1,-1,-1
64,3212,416.55,106.96,71.03,175.50,1,-1,-1,-1
64,3213,538.03,95.32,86.21,202.64,1,-1,-1,-1
64,3218,172.43,78.60,49.86,188.14,1,-1,-1,-1
65,3212,417.99,105.21,71.35,176.76,1,-1,-1,-1
65,3213,541.04,95.73,85.07,202.10,1,-1,-1,-1
65,3218,172.19,78.06,49.90,188.20,1,-1,-1,-1
66,3212,418.49,104.53,71.38,177.27,1,-1,-1,-1
66,3213,542.32,95.87,84.21,201.92,1,-1,-1,-1
66,3218,172.09,77.87,49.91,188.21,1,-1,-1,-1
67,3212,431.95,100.33,72.19,182.74,1,-1,-1,-1
67,3213,544.52,94.61,84.19,203.17,1,-1,-1,-1
67,3218,172.20,79.12,49.63,186.89,1,-1,-1,-1
67,3220,392.00,86.00,58.00,188.00,1,-1,-1,-1
68,3212,436.57,98.76,71.91,184.80,1,-1,-1,-1
68,3213,547.90,95.45,82.79,201.04,1,-1,-1,-1
68,3218,171.48,80.91,49.74,186.38,1,-1,-1,-1
68,3220,391.06,92.86,56.45,182.86,1,-1,-1,-1
69,3212,438.51,98.16,71.24,185.60,1,-1,-1,-1
69,3213,549.19,95.78,82.01,200.23,1,-1,-1,-1
69,3218,171.14,81.60,49.91,186.18,1,-1,-1,-1
69,3220,390.88,94.00,56.24,182.00,1,-1,-1,-1
70,3212,442.16,97.94,71.41,185.90,1,-1,-1,-1
70,3213,552.62,93.28,82.20,202.56,1,-1,-1,-1
70,3218,172.27,81.86,50.10,186.11,1,-1,-1,-1
70,3220,388.88,86.81,57.11,184.77,1,-1,-1,-1
71,3212,443.43,97.86,71.51,186.01,1,-1,-1,-1
71,3213,554.02,92.35,81.87,203.45,1,-1,-1,-1
71,3218,172.64,81.96,50.27,186.07,1,-1,-1,-1
71,3220,388.21,84.38,57.43,185.74,1,-1,-1,-1
72,3212,443.79,97.85,71.57,186.05,1,-1,-1,-1
72,3213,554.63,92.00,81.40,203.79,1,-1,-1,-1
72,3218,172.73,81.99,50.43,186.06,1,-1,-1,-1
72,3220,388.01,83.61,57.56,186.05,1,-1,-1,-1
73,3212,451.69,100.46,70.18,183.45,1,-1,-1,-1
73,3213,556.76,91.88,81.16,205.22,1,-1,-1,-1
73,3218,173.73,82.01,49.87,182.13,1,-1,-1,-1
73,3220,382.14,86.19,56.79,181.99,1,-1,-1,-1
74,3212,454.69,101.46,69.46,182.46,1,-1,-1,-1
74,3213,557.70,91.84,80.64,205.77,1,-1,-1,-1
74,3218,173.98,82.01,49.91,180.63,1,-1,-1,-1
74,3220,379.89,87.20,56.83,180.50,1,-1,-1,-1
75,3212,455.80,101.84,69.00,182.09,1,-1,-1,-1
75,3213,558.16,91.84,80.07,205.97,1,-1,-1,-1
75,3218,173.95,82.01,50.16,180.08,1,-1,-1,-1
75,3220,378.98,87.59,57.18,179.98,1,-1,-1,-1
76,3212,459.05,101.98,68.21,179.34,1,-1,-1,-1
76,3213,561.12,91.85,78.05,203.44,1,-1,-1,-1
76,3218,179.85,84.63,48.93,173.33,1,-1,-1,-1
76,3220,376.23,93.15,56.86,177.11,1,-1,-1,-1
77,3212,460.10,102.03,68.03,178.31,1,-1,-1,-1
77,3213,562.43,91.86,76.76,202.47,1,-1,-1,-1
77,3218,181.92,85.63,48.78,170.78,1,-1,-1,-1
77,3220,375.10,95.22,57.11,176.08,1,-1,-1,-1
78,3212,460.34,102.04,68.09,177.94,1,-1,-1,-1
78,3213,563.09,91.87,75.79,202.10,1,-1,-1,-1
78,3218,182.50,85.99,49.04,169.87,1,-1,-1,-1
78,3220,374.58,95.96,57.55,175.73,1,-1,-1,-1
79,3212,466.97,98.11,69.27,180.43,1,-1,-1,-1
79,3213,561.58,95.81,72.28,194.12,1,-1,-1,-1
79,3218,182.56,86.11,49.42,169.57,1,-1,-1,-1
79,3220,370.85,97.54,56.90,171.64,1,-1,-1,-1
80,3212,469.33,96.63,69.83,181.38,1,-1,-1,-1
80,3213,561.05,97.32,70.69,191.09,1,-1,-1,-1
80,3218,182.42,86.15,49.82,169.50,1,-1,-1,-1
80,3220,369.32,98.10,57.05,170.14,1,-1,-1,-1
81,3212,470.07,96.08,70.16,181.75,1,-1,-1,-1
81,3213,560.92,97.87,69.87,190.00,1,-1,-1,-1
81,3218,182.23,86.15,50.21,169.50,1,-1,-1,-1
81,3220,368.63,98.28,57.48,169.63,1,-1,-1,-1
82,3212,476.73,98.50,70.38,181.89,1,-1,-1,-1
82,3213,560.15,103.34,65.68,180.39,1,-1,-1,-1
82,3218,182.95,86.14,50.04,168.22,1,-1,-1,-1
82,3220,362.77,95.67,58.35,169.49,1,-1,-1,-1
83,3212,479.11,99.42,70.55,181.95,1,-1,-1,-1
83,3213,559.96,105.40,63.79,176.81,1,-1,-1,-1
83,3218,183.14,86.13,50.10,167.77,1,-1,-1,-1
83,3220,360.39,94.68,59.19,169.47,1,-1,-1,-1
84,3212,479.88,99.78,70.70,181.97,1,-1,-1,-1
84,3213,560.02,106.12,62.82,175.57,1,-1,-1,-1
84,3218,183.14,86.12,50.23,167.63,1,-1,-1,-1
84,3220,359.33,94.29,59.97,169.50,1,-1,-1,-1
85,3212,487.74,98.61,69.77,179.37,1,-1,-1,-1
85,3213,559.68,109.01,59.18,167.21,1,-1,-1,-1
85,3218,183.41,88.73,49.71,164.97,1,-1,-1,-1
85,3220,356.49,92.83,61.32,172.18,1,-1,-1,-1
86,3212,490.60,98.17,69.46,178.38,1,-1,-1,-1
86,3213,559.68,110.05,57.52,164.17,1,-1,-1,-1
86,3218,183.41,89.71,49.66,164.00,1,-1,-1,-1
86,3220,355.37,92.28,62.05,173.20,1,-1,-1,-1
87,3212,491.55,98.00,69.38,178.02,1,-1,-1,-1
87,3213,559.81,110.39,56.65,163.16,1,-1,-1,-1
87,3218,183.33,90.06,49.79,163.67,1,-1,-1,-1
87,3220,354.91,92.07,62.54,173.61,1,-1,-1,-1
88,3212,509.55,104.50,67.92,168.73,1,-1,-1,-1
88,3213,560.20,111.43,55.77,160.63,1,-1,-1,-1
88,3218,185.27,91.49,49.81,162.26,1,-1,-1,-1
88,3220,352.28,91.99,62.50,172.46,1,-1,-1,-1
89,3212,515.76,106.99,68.41,165.18,1,-1,-1,-1
89,3218,185.87,92.02,50.06,161.76,1,-1,-1,-1
89,3220,351.24,91.97,62.69,172.04,1,-1,-1,-1
90,3212,517.38,107.88,69.62,163.93,1,-1,-1,-1
90,3218,185.96,92.19,50.38,161.61,1,-1,-1,-1
90,3220,350.81,91.96,62.95,171.89,1,-1,-1,-1
91,3212,518.54,104.22,71.30,167.48,1,-1,-1,-1
91,3218,187.02,90.93,51.05,162.89,1,-1,-1,-1
91,3220,338.05,93.27,64.78,174.46,1,-1,-1,-1
92,3212,518.82,102.85,72.02,168.83,1,-1,-1,-1
92,3218,187.32,90.44,51.46,163.40,1,-1,-1,-1
92,3220,333.06,93.76,65.95,175.44,1,-1,-1,-1
93,3212,518.74,102.32,72.39,169.37,1,-1,-1,-1
93,3218,187.35,90.25,51.75,163.61,1,-1,-1,-1
93,3220,331.02,93.95,66.83,175.81,1,-1,-1,-1
94,3212,521.19,96.88,73.87,173.52,1,-1,-1,-1
94,3218,189.33,90.16,51.79,163.70,1,-1,-1,-1
94,3220,328.17,96.62,66.26,170.74,1,-1,-1,-1
94,3221,390.00,114.00,42.00,140.00,1,-1,-1,-1
95,3212,522.11,94.84,74.26,175.09,1,-1,-1,-1
95,3218,190.06,90.12,51.82,163.76,1,-1,-1,-1
95,3220,326.85,97.64,66.72,168.80,1,-1,-1,-1
95,3221,390.00,114.00,42.00,140.00,1,-1,-1,-1
96,3212,522.42,94.08,74.27,175.70,1,-1,-1,-1
96,3218,190.31,90.10,51.84,163.79,1,-1,-1,-1
96,3220,326.11,98.01,67.54,168.09,1,-1,-1,-1
96,3221,390.00,114.00,42.00,140.00,1,-1,-1,-1
97,3212,526.01,99.01,73.61,170.72,1,-1,-1,-1
97,3218,190.58,90.09,52.75,166.43,1,-1,-1,-1
97,3220,323.26,95.51,69.22,171.78,1,-1,-1,-1
97,3221,390.42,112.52,42.65,141.48,1,-1,-1,-1
98,3212,526.91,100.93,74.09,168.81,1,-1,-1,-1
98,3218,190.64,90.08,53.14,167.43,1,-1,-1,-1
98,3220,322.19,94.57,69.96,173.17,1,-1,-1,-1
98,3221,390.48,112.02,43.03,141.98,1,-1,-1,-1
99,3212,526.81,101.65,74.95,168.11,1,-1,-1,-1
99,3218,190.63,90.07,53.33,167.81,1,-1,-1,-1
99,3220,321.81,94.21,70.34,173.70,1,-1,-1,-1
99,3221,390.40,111.87,43.34,142.13,1,-1,-1,-1
100,3212,536.94,103.23,74.45,166.55,1,-1,-1,-1
100,3218,190.76,90.07,53.08,166.65,1,-1,-1,-1
100,3220,318.12,88.85,69.88,175.21,1,-1,-1,-1
100,3221,390.85,113.22,42.47,138.01,1,-1,-1,-1
101,3212,540.62,103.82,74.36,165.98,1,-1,-1,-1
101,3218,190.76,90.06,53.05,166.21,1,-1,-1,-1
101,3220,317.06,86.83,69.14,175.78,1,-1,-1,-1
101,3221,390.88,113.73,42.40,136.50,1,-1,-1,-1
102,3212,541.84,104.03,74.43,165.79,1,-1,-1,-1
102,3218,190.72,90.05,53.09,166.05,1,-1,-1,-1
102,3220,316.98,86.07,68.35,176.00,1,-1,-1,-1
102,3221,390.75,113.92,42.63,135.97,1,-1,-1,-1
103,3212,548.90,101.48,74.18,169.67,1,-1,-1,-1
103,3213,522.06,106.19,54.57,163.63,1,-1,-1,-1
103,3218,191.23,88.74,53.33,167.29,1,-1,-1,-1
103,3220,311.32,87.10,67.72,174.77,1,-1,-1,-1
103,3221,388.47,111.28,44.48,141.21,1,-1,-1,-1
103,3222,500.00,108.00,56.00,162.00,1,-1,-1,-1
104,3212,553.25,99.22,73.12,172.43,1,-1,-1,-1
104,3213,523.40,107.31,52.46,161.21,1,-1,-1,-1
104,3218,190.89,89.55,53.17,166.46,1,-1,-1,-1
104,3220,307.18,86.21,67.65,175.60,1,-1,-1,-1
104,3221,388.12,112.96,44.19,139.17,1,-1,-1,-1
104,3222,500.91,109.71,54.18,156.86,1,-1,-1,-1
105,3212,555.41,98.36,71.50,173.49,1,-1,-1,-1
105,3213,524.25,107.76,51.19,160.26,1,-1,-1,-1
105,3218,190.71,89.86,53.16,166.14,1,-1,-1,-1
105,3220,305.80,85.89,67.41,175.91,1,-1,-1,-1
105,3221,387.89,113.63,44.27,138.37,1,-1,-1,-1
105,3222,501.08,110.00,53.83,156.00,1,-1,-1,-1
106,3212,562.00,96.73,70.82,175.19,1,-1,-1,-1
106,3213,525.01,110.53,49.95,156.00,1,-1,-1,-1
106,3218,189.12,89.97,53.56,167.33,1,-1,-1,-1
106,3220,304.33,87.09,66.74,176.02,1,-1,-1,-1
106,3221,386.97,113.88,44.66,138.08,1,-1,-1,-1
106,3222,496.71,114.56,52.11,149.80,1,-1,-1,-1
106,3223,464.00,128.00,64.00,136.00,1,-1,-1,-1
107,3212,566.95,96.12,70.67,177.13,1,-1,-1,-1
107,3213,522.25,112.90,49.13,151.77,1,-1,-1,-1
107,3218,189.26,88.71,53.54,167.78,1,-1,-1,-1
107,3220,304.04,87.56,66.12,176.06,1,-1,-1,-1
107,3221,385.37,111.32,45.99,140.62,1,-1,-1,-1
107,3222,477.94,122.00,50.50,141.86,1,-1,-1,-1
108,3212,568.99,95.90,70.10,177.86,1,-1,-1,-1
108,3213,521.16,113.78,49.06,150.22,1,-1,-1,-1
108,3218,189.35,88.23,53.44,167.95,1,-1,-1,-1
108,3220,304.17,87.75,65.54,176.07,1,-1,-1,-1
108,3221,384.64,110.37,46.78,141.57,1,-1,-1,-1
108,3222,471.49,124.31,50.90,139.44,1,-1,-1,-1
109,3212,575.02,99.72,66.95,174.23,1,-1,-1,-1
109,3213,521.42,114.09,49.12,148.37,1,-1,-1,-1
109,3218,189.59,89.35,52.97,166.71,1,-1,-1,-1
109,3220,305.06,90.44,63.77,172.16,1,-1,-1,-1
109,3221,385.17,108.71,48.09,144.54,1,-1,-1,-1
109,3222,473.52,126.37,53.28,138.81,1,-1,-1,-1
110,3212,577.63,101.21,64.87,172.82,1,-1,-1,-1
110,3213,521.40,114.19,49.47,147.71,1,-1,-1,-1
110,3218,189.70,89.78,52.75,166.24,1,-1,-1,-1
110,3220,305.56,91.47,62.93,170.66,1,-1,-1,-1
110,3221,385.29,108.09,48.77,145.66,1,-1,-1,-1
110,3222,473.54,126.95,55.94,138.73,1,-1,-1,-1
111,3212,579.79,101.76,64.13,174.90,1,-1,-1,-1
111,3213,520.26,114.62,49.08,146.55,1,-1,-1,-1
111,3218,189.57,89.94,53.01,166.06,1,-1,-1,-1
111,3220,304.41,94.49,61.45,167.48,1,-1,-1,-1
111,3221,386.38,110.47,48.26,143.47,1,-1,-1,-1
111,3222,469.83,127.04,57.79,137.45,1,-1,-1,-1
112,3212,581.67,100.67,62.84,175.68,1,-1,-1,-1
112,3218,189.43,90.00,53.27,165.99,1,-1,-1,-1
112,3220,302.80,96.93,60.74,166.30,1,-1,-1,-1
112,3221,386.74,111.40,48.17,142.61,1,-1,-1,-1
112,3222,465.80,124.24,60.04,138.47,1,-1,-1,-1
113,3212,582.70,100.25,61.52,175.97,1,-1,-1,-1
113,3218,189.30,90.02,53.53,165.97,1,-1,-1,-1
113,3220,302.31,97.83,60.33,165.87,1,-1,-1,-1
113,3221,386.83,111.76,48.25,142.27,1,-1,-1,-1
113,3222,463.88,123.17,62.01,138.91,1,-1,-1,-1
114,3212,583.37,100.08,60.27,176.08,1,-1,-1,-1
114,3218,189.17,90.03,53.76,165.96,1,-1,-1,-1
114,3220,302.25,98.15,60.06,165.74,1,-1,-1,-1
114,3221,386.81,111.90,48.37,142.14,1,-1,-1,-1
114,3222,462.75,122.72,63.82,139.14,1,-1,-1,-1
115,3212,586.69,101.33,57.38,172.20,1,-1,-1,-1
115,3218,190.19,88.72,54.33,167.27,1,-1,-1,-1
115,3220,300.81,98.25,60.25,167.02,1,-1,-1,-1
115,3221,387.31,111.95,48.71,143.40,1,-1,-1,-1
115,3222,453.05,123.85,64.61,141.94,1,-1,-1,-1
116,3212,588.26,101.80,55.48,170.71,1,-1,-1,-1
116,3218,190.53,88.23,54.63,167.77,1,-1,-1,-1
116,3220,300.39,98.27,60.18,167.52,1,-1,-1,-1
116,3221,387.53,111.97,48.78,143.87,1,-1,-1,-1
116,3222,449.67,124.25,64.63,143.02,1,-1,-1,-1
117,3212,589.14,101.98,54.04,170.16,1,-1,-1,-1
117,3218,190.62,88.04,54.81,167.95,1,-1,-1,-1
117,3220,300.34,98.26,60.03,167.72,1,-1,-1,-1
117,3221,387.63,111.98,48.76,144.04,1,-1,-1,-1
117,3222,448.64,124.36,64.39,143.45,1,-1,-1,-1
118,3212,591.34,102.11,53.94,169.88,1,-1,-1,-1
118,3213,508.52,121.80,47.28,136.11,1,-1,-1,-1
118,3218,191.91,86.67,54.95,168.02,1,-1,-1,-1
118,3220,298.15,96.94,60.47,170.42,1,-1,-1,-1
118,3221,389.55,111.99,48.90,144.10,1,-1,-1,-1
118,3222,447.32,125.69,61.15,137.06,1,-1,-1,-1
119,3213,507.37,122.16,48.40,135.63,1,-1,-1,-1
119,3218,192.37,86.15,55.06,168.04,1,-1,-1,-1
119,3220,297.50,96.43,60.36,171.45,1,-1,-1,-1
119,3221,390.24,111.99,49.01,144.11,1,-1,-1,-1
119,3222,447.06,126.16,59.74,134.65,1,-1,-1,-1
120,3213,506.68,122.29,49.35,135.45,1,-1,-1,-1
120,3218,192.51,85.97,55.15,168.05,1,-1,-1,-1
120,3220,297.42,96.22,60.06,171.84,1,-1,-1,-1
120,3221,390.47,111.99,49.11,144.11,1,-1,-1,-1
120,3222,447.14,126.31,59.05,133.81,1,-1,-1,-1
121,3213,503.27,118.36,50.81,139.38,1,-1,-1,-1
121,3218,193.84,85.90,55.22,169.35,1,-1,-1,-1
121,3220,296.27,93.53,58.36,168.07,1,-1,-1,-1
121,3221,391.82,111.99,49.20,145.41,1,-1,-1,-1
121,3222,434.56,118.39,61.68,142.81,1,-1,-1,-1
122,3213,502.03,116.89,51.38,140.86,1,-1,-1,-1
122,3218,194.43,85.89,55.05,169.84,1,-1,-1,-1
122,3220,295.97,92.50,57.51,166.63,1,-1,-1,-1
122,3221,392.42,111.99,49.04,145.89,1,-1,-1,-1
122,3222,430.39,115.50,61.84,146.10,1,-1,-1,-1
123,3213,501.59,116.32,51.62,141.45,1,-1,-1,-1
123,3218,194.72,85.89,54.82,170.02,1,-1,-1,-1
123,3220,295.99,92.11,57.02,166.10,1,-1,-1,-1
123,3221,392.72,111.99,48.81,146.07,1,-1,-1,-1
123,3222,429.24,114.37,61.22,147.39,1,-1,-1,-1
124,3213,498.19,108.27,54.36,148.22,1,-1,-1,-1
124,3218,193.97,85.89,55.12,171.39,1,-1,-1,-1
124,3220,294.81,90.66,56.66,164.60,1,-1,-1,-1
124,3221,397.92,110.69,50.25,150.03,1,-1,-1,-1
124,3222,420.19,115.25,60.27,146.59,1,-1,-1,-1
125,3213,496.86,105.26,55.53,150.75,1,-1,-1,-1
125,3218,193.72,85.90,55.16,171.90,1,-1,-1,-1
125,3220,294.35,90.12,56.62,164.05,1,-1,-1,-1
125,3221,399.84,110.20,50.85,151.52,1,-1,-1,-1
125,3222,417.00,115.61,59.57,146.27,1,-1,-1,-1
126,3213,496.34,104.11,56.11,151.73,1,-1,-1,-1
126,3218,193.64,85.91,55.11,172.08,1,-1,-1,-1
126,3220,294.17,89.93,56.69,163.85,1,-1,-1,-1
126,3221,400.53,110.01,51.13,152.08,1,-1,-1,-1
126,3222,416.07,115.75,59.01,146.14,1,-1,-1,-1
127,3213,493.44,112.76,54.04,144.33,1,-1,-1,-1
127,3218,194.94,84.62,55.02,172.14,1,-1,-1,-1
127,3220,292.04,95.11,56.98,165.11,1,-1,-1,-1
127,3221,405.34,112.54,52.46,149.67,1,-1,-1,-1
127,3222,412.39,115.48,59.06,146.26,1,-1,-1,-1
128,3213,492.23,116.17,53.53,141.42,1,-1,-1,-1
128,3218,195.46,84.13,54.93,172.15,1,-1,-1,-1
128,3220,291.30,97.07,57.03,165.59,1,-1,-1,-1
128,3221,406.61,113.52,54.04,148.72,1,-1,-1,-1
129,3213,491.68,117.43,53.63,140.36,1,-1,-1,-1
129,3218,195.67,83.95,54.85,172.15,1,-1,-1,-1
129,3220,291.08,97.80,56.98,165.78,1,-1,-1,-1
129,3221,406.55,113.88,55.65,148.35,1,-1,-1,-1
130,3213,487.17,113.94,55.80,143.92,1,-1,-1,-1
130,3218,195.77,83.89,54.74,173.44,1,-1,-1,-1
130,3220,289.37,96.76,57.67,167.17,1,-1,-1,-1
130,3221,402.68,115.32,56.02,148.21,1,-1,-1,-1
131,3213,485.30,112.65,57.04,145.25,1,-1,-1,-1
131,3218,195.94,83.88,54.43,173.92,1,-1,-1,-1
131,3220,288.70,96.36,58.05,167.70,1,-1,-1,-1
131,3221,401.06,115.86,56.38,148.14,1,-1,-1,-1
132,3213,484.45,112.15,57.90,145.76,1,-1,-1,-1
132,3218,196.12,83.88,54.06,174.10,1,-1,-1,-1
132,3220,288.42,96.20,58.29,167.90,1,-1,-1,-1
132,3221,400.32,116.06,56.72,148.11,1,-1,-1,-1
133,3213,474.67,110.67,59.00,147.26,1,-1,-1,-1
133,3218,196.08,85.19,52.81,171.55,1,-1,-1,-1
133,3220,285.31,96.13,59.24,166.67,1,-1,-1,-1
133,3221,397.05,112.21,57.56,152.01,1,-1,-1,-1
134,3213,470.87,110.11,59.68,147.82,1,-1,-1,-1
134,3218,196.18,85.70,52.09,170.56,1,-1,-1,-1
134,3220,283.81,96.10,60.31,166.20,1,-1,-1,-1
134,3221,395.99,110.75,57.51,153.47,1,-1,-1,-1
135,3213,469.37,109.91,60.18,148.03,1,-1,-1,-1
135,3218,196.32,85.89,51.60,170.19,1,-1,-1,-1
135,3220,282.94,96.08,61.37,166.03,1,-1,-1,-1
135,3221,395.73,110.19,57.17,154.02,1,-1,-1,-1
136,3213,466.61,111.15,59.68,145.50,1,-1,-1,-1
136,3218,196.13,83.35,51.91,172.67,1,-1,-1,-1
136,3220,279.55,94.76,62.74,165.97,1,-1,-1,-1
136,3221,392.94,108.69,58.53,156.81,1,-1,-1,-1
137,3213,465.51,111.63,59.76,144.52,1,-1,-1,-1
137,3218,196.17,82.39,51.78,173.60,1,-1,-1,-1
137,3220,277.93,94.26,63.99,165.95,1,-1,-1,-1
137,3221,391.80,108.12,59.20,157.85,1,-1,-1,-1
138,3213,465.03,111.82,60.04,144.15,1,-1,-1,-1
138,3218,196.30,82.03,51.51,173.95,1,-1,-1,-1
138,3220,277.02,94.07,65.13,165.95,1,-1,-1,-1
138,3221,391.29,107.92,59.61,158.23,1,-1,-1,-1
139,3213,460.84,111.90,60.45,145.33,1,-1,-1,-1
139,3218,195.86,83.21,51.07,172.77,1,-1,-1,-1
139,3220,274.96,95.31,65.16,164.64,1,-1,-1,-1
139,3221,390.34,107.85,58.67,155.75,1,-1,-1,-1
140,3213,459.34,111.93,60.56,145.77,1,-1,-1,-1
140,3218,195.71,83.67,50.86,172.31,1,-1,-1,-1
140,3220,274.07,95.78,65.45,164.15,1,-1,-1,-1
140,3221,389.99,107.84,58.30,154.78,1,-1,-1,-1
141,3213,458.86,111.94,60.57,145.94,1,-1,-1,-1
141,3218,195.68,83.85,50.73,172.14,1,-1,-1,-1
141,3220,273.64,95.96,65.82,163.97,1,-1,-1,-1
141,3221,389.87,107.84,58.16,154.39,1,-1,-1,-1
142,3213,457.64,113.26,60.16,146.00,1,-1,-1,-1
142,3218,194.71,85.22,49.99,169.45,1,-1,-1,-1
142,3220,267.90,92.09,66.71,166.53,1,-1,-1,-1
142,3221,385.43,111.77,57.78,149.02,1,-1,-1,-1
143,3213,457.36,113.76,59.77,146.02,1,-1,-1,-1
143,3218,194.33,85.75,49.73,168.43,1,-1,-1,-1
143,3220,265.81,90.64,66.97,167.49,1,-1,-1,-1
143,3221,383.33,113.28,58.46,146.95,1,-1,-1,-1
144,3213,457.42,113.95,59.41,146.03,1,-1,-1,-1
144,3218,194.18,85.94,49.66,168.06,1,-1,-1,-1
144,3220,265.09,90.09,67.01,167.86,1,-1,-1,-1
144,3221,382.19,113.84,59.48,146.19,1,-1,-1,-1
145,3213,458.11,112.71,59.35,147.33,1,-1,-1,-1
145,3218,191.91,84.70,50.12,170.55,1,-1,-1,-1
145,3220,261.20,89.90,66.52,166.70,1,-1,-1,-1
145,3221,385.07,110.09,61.18,149.87,1,-1,-1,-1
145,3222,423.84,111.98,58.40,151.96,1,-1,-1,-1
145,3224,28.00,110.00,46.00,172.00,1,-1,-1,-1
146,3212,369.68,115.95,49.15,144.08,1,-1,-1,-1
146,3213,458.92,117.44,57.03,142.62,1,-1,-1,-1
146,3218,191.47,85.54,49.50,168.88,1,-1,-1,-1
146,3220,259.67,91.14,65.23,163.63,1,-1,-1,-1
146,3221,388.20,109.99,60.33,149.94,1,-1,-1,-1
146,3222,426.68,113.29,55.34,149.35,1,-1,-1,-1
146,3224,31.53,113.43,45.79,170.29,1,-1,-1,-1
147,3212,360.36,116.13,52.82,143.76,1,-1,-1,-1
147,3213,459.66,120.59,55.40,138.16,1,-1,-1,-1
147,3218,190.03,85.86,49.20,168.25,1,-1,-1,-1
147,3220,257.96,94.26,65.80,165.10,1,-1,-1,-1
147,3221,392.78,109.96,59.81,151.28,1,-1,-1,-1
147,3222,426.58,115.04,52.48,145.85,1,-1,-1,-1
147,3224,34.23,112.49,47.57,174.52,1,-1,-1,-1
148,3212,354.66,114.85,55.22,144.98,1,-1,-1,-1
148,3213,458.69,117.76,56.06,140.49,1,-1,-1,-1
148,3218,189.70,85.98,48.70,166.70,1,-1,-1,-1
148,3220,256.81,95.42,65.82,165.65,1,-1,-1,-1
148,3221,398.55,111.25,58.04,150.48,1,-1,-1,-1
148,3222,425.12,114.38,51.59,147.19,1,-1,-1,-1
148,3224,36.15,116.55,47.50,170.06,1,-1,-1,-1
149,3212,350.15,114.37,56.13,145.45,1,-1,-1,-1
149,3213,458.28,118.03,55.13,140.04,1,-1,-1,-1
149,3218,189.44,86.02,48.81,167.44,1,-1,-1,-1
149,3220,255.62,93.25,64.83,163.26,1,-1,-1,-1
149,3221,401.47,110.44,57.23,151.48,1,-1,-1,-1
149,3222,426.00,112.82,51.05,149.00,1,-1,-1,-1
149,3224,38.18,120.88,47.41,164.04,1,-1,-1,-1
150,3212,350.45,112.85,55.77,148.31,1,-1,-1,-1
150,3213,457.61,118.12,54.58,139.89,1,-1,-1,-1
150,3218,189.54,86.03,48.47,166.42,1,-1,-1,-1
150,3220,255.24,92.42,64.44,162.34,1,-1,-1,-1
150,3221,401.34,110.13,56.71,153.16,1,-1,-1,-1
150,3222,426.76,110.93,51.32,152.29,1,-1,-1,-1
150,3224,41.74,126.58,47.21,157.72,1,-1,-1,-1
151,3212,349.57,110.96,55.42,150.71,1,-1,-1,-1
151,3213,457.43,120.76,53.00,135.91,1,-1,-1,-1
151,3218,188.86,86.04,48.52,166.04,1,-1,-1,-1
151,3220,254.59,92.11,64.09,162.01,1,-1,-1,-1
151,3221,402.34,110.02,55.67,152.50,1,-1,-1,-1
151,3222,427.78,108.92,51.27,153.54,1,-1,-1,-1
151,3224,43.81,129.84,48.08,155.67,1,-1,-1,-1
152,3212,350.71,111.56,54.08,150.31,1,-1,-1,-1
152,3213,454.63,117.78,53.98,139.71,1,-1,-1,-1
152,3218,189.32,86.04,48.43,165.90,1,-1,-1,-1
152,3220,253.89,90.68,63.65,161.90,1,-1,-1,-1
152,3221,403.11,111.28,54.45,150.93,1,-1,-1,-1
152,3222,430.70,106.85,51.39,155.31,1,-1,-1,-1
152,3224,46.51,128.04,49.81,156.49,1,-1,-1,-1
153,3212,349.39,109.17,53.59,152.78,1,-1,-1,-1
153,3213,453.86,119.29,52.57,137.20,1,-1,-1,-1
153,3218,189.36,86.03,48.70,167.17,1,-1,-1,-1
153,3220,254.52,90.15,63.10,161.86,1,-1,-1,-1
153,3221,403.74,111.77,53.25,149.02,1,-1,-1,-1
153,3222,432.70,107.38,50.97,155.96,1,-1,-1,-1
153,3224,52.49,120.46,51.14,156.87,1,-1,-1,-1
154,3212,348.40,108.27,53.36,155.01,1,-1,-1,-1
154,3213,452.96,121.18,52.01,136.25,1,-1,-1,-1
154,3218,188.85,86.03,48.57,167.66,1,-1,-1,-1
154,3220,254.16,88.65,62.86,163.17,1,-1,-1,-1
154,3221,402.58,111.95,52.93,149.61,1,-1,-1,-1
154,3222,434.86,108.90,50.59,154.90,1,-1,-1,-1
154,3224,57.83,112.21,53.23,163.86,1,-1,-1,-1
155,3212,348.42,107.95,52.78,155.84,1,-1,-1,-1
155,3213,452.72,121.87,51.69,135.91,1,-1,-1,-1
155,3218,188.74,86.03,48.37,167.85,1,-1,-1,-1
155,3220,254.27,88.09,62.37,163.67,1,-1,-1,-1
155,3221,402.26,112.01,52.52,149.83,1,-1,-1,-1
155,3222,435.69,109.50,50.42,154.47,1,-1,-1,-1
155,3224,59.74,109.20,53.87,166.44,1,-1,-1,-1
156,3212,348.78,107.83,52.14,156.15,1,-1,-1,-1
156,3213,452.71,122.12,51.49,135.80,1,-1,-1,-1
156,3218,188.78,86.02,48.16,167.92,1,-1,-1,-1
156,3220,254.52,87.89,61.82,163.86,1,-1,-1,-1
156,3221,402.26,112.03,52.12,149.92,1,-1,-1,-1
156,3222,435.99,109.74,50.33,154.29,1,-1,-1,-1
156,3224,60.39,108.09,54.00,167.44,1,-1,-1,-1
157,3212,343.42,113.02,50.13,149.72,1,-1,-1,-1
157,3213,453.67,120.88,52.18,138.39,1,-1,-1,-1
157,3218,189.42,86.02,48.15,167.95,1,-1,-1,-1
157,3220,254.81,89.13,61.29,163.94,1,-1,-1,-1
157,3221,401.21,110.73,52.72,153.88,1,-1,-1,-1
157,3222,435.92,109.84,50.64,155.52,1,-1,-1,-1
157,3224,68.45,107.70,55.28,173.09,1,-1,-1,-1
158,3212,341.31,113.71,49.78,148.55,1,-1,-1,-1
158,3213,453.39,120.41,52.48,139.38,1,-1,-1,-1
158,3218,190.42,86.02,47.95,167.97,1,-1,-1,-1
158,3220,255.50,89.62,60.00,162.66,1,-1,-1,-1
158,3221,400.47,110.24,52.33,155.36,1,-1,-1,-1
158,3222,435.53,111.18,50.15,154.67,1,-1,-1,-1
158,3224,77.48,108.88,53.98,170.00,1,-1,-1,-1
159,3212,338.94,115.28,49.10,146.81,1,-1,-1,-1
159,3213,454.70,122.83,51.10,135.85,1,-1,-1,-1
159,3218,190.87,86.02,47.76,167.97,1,-1,-1,-1
159,3220,255.47,91.12,58.86,160.87,1,-1,-1,-1
159,3221,400.05,111.35,51.15,153.33,1,-1,-1,-1
159,3222,436.16,113.00,49.69,153.03,1,-1,-1,-1
159,3224,81.60,108.18,54.06,170.27,1,-1,-1,-1
160,3212,337.43,115.86,49.00,146.16,1,-1,-1,-1
160,3213,454.92,125.06,49.90,131.86,1,-1,-1,-1
160,3218,191.09,86.02,47.60,167.98,1,-1,-1,-1
160,3220,256.35,91.69,57.99,160.20,1,-1,-1,-1
160,3221,399.63,114.40,49.88,149.92,1,-1,-1,-1
160,3222,437.10,113.70,49.38,151.09,1,-1,-1,-1
160,3224,87.30,109.43,54.40,170.12,1,-1,-1,-1
161,3212,336.40,114.75,48.83,145.93,1,-1,-1,-1
161,3213,454.43,125.65,49.63,131.15,1,-1,-1,-1
161,3218,192.68,87.32,47.13,166.67,1,-1,-1,-1
161,3220,255.56,91.90,57.34,159.95,1,-1,-1,-1
161,3221,400.45,115.55,48.76,147.30,1,-1,-1,-1
161,3222,438.87,113.96,49.04,150.35,1,-1,-1,-1
161,3224,92.93,109.64,56.05,171.46,1,-1,-1,-1
162,3212,336.33,116.95,48.34,144.54,1,-1,-1,-1
162,3218,192.91,87.81,46.39,164.87,1,-1,-1,-1
162,3220,254.67,90.67,57.01,161.18,1,-1,-1,-1
162,3221,400.45,114.65,48.97,148.96,1,-1,-1,-1
162,3222,437.49,112.74,49.03,151.39,1,-1,-1,-1
162,3224,99.93,111.03,57.01,168.00,1,-1,-1,-1
162,3225,360.00,114.00,44.00,150.00,1,-1,-1,-1
163,3212,335.10,117.77,48.16,144.03,1,-1,-1,-1
163,3218,192.30,88.00,46.19,164.20,1,-1,-1,-1
163,3220,256.46,92.82,55.30,157.74,1,-1,-1,-1
163,3221,400.72,114.31,48.49,148.28,1,-1,-1,-1
163,3222,437.41,113.58,48.12,149.17,1,-1,-1,-1
163,3224,101.68,116.84,57.52,161.40,1,-1,-1,-1
163,3225,361.75,114.00,43.92,150.00,1,-1,-1,-1
164,3212,333.60,118.07,47.71,142.54,1,-1,-1,-1
164,3218,192.83,88.06,45.91,163.95,1,-1,-1,-1
164,3220,257.30,93.64,54.39,156.43,1,-1,-1,-1
164,3221,401.26,116.79,47.44,145.41,1,-1,-1,-1
164,3222,436.09,113.90,47.71,147.01,1,-1,-1,-1
164,3224,106.20,119.04,58.90,158.92,1,-1,-1,-1
165,3212,332.18,116.85,48.14,143.31,1,-1,-1,-1
165,3218,192.64,89.39,45.27,161.25,1,-1,-1,-1
165,3220,257.74,93.95,53.82,155.96,1,-1,-1,-1
165,3221,401.32,113.77,48.66,149.60,1,-1,-1,-1
165,3222,433.83,112.70,48.43,148.84,1,-1,-1,-1
165,3224,109.35,117.19,61.47,162.01,1,-1,-1,-1
166,3212,331.30,113.76,49.15,146.23,1,-1,-1,-1
166,3218,192.22,88.57,45.72,162.88,1,-1,-1,-1
166,3220,256.89,91.43,54.37,158.42,1,-1,-1,-1
166,3221,401.38,112.65,49.03,151.15,1,-1,-1,-1
166,3222,432.21,110.94,48.94,150.84,1,-1,-1,-1
166,3224,110.34,112.58,63.87,165.78,1,-1,-1,-1
167,3212,331.02,112.59,49.55,147.34,1,-1,-1,-1
167,3218,192.07,88.25,45.89,163.49,1,-1,-1,-1
167,3220,256.66,90.48,54.41,159.36,1,-1,-1,-1
167,3221,401.44,112.22,49.10,151.75,1,-1,-1,-1
167,3222,431.64,110.28,49.06,151.60,1,-1,-1,-1
167,3224,110.32,110.82,65.30,167.21,1,-1,-1,-1
168,3212,330.99,112.15,49.71,147.77,1,-1,-1,-1
168,3218,192.01,88.13,45.96,163.74,1,-1,-1,-1
168,3220,256.66,90.12,54.29,159.72,1,-1,-1,-1
168,3221,401.49,112.05,49.06,151.97,1,-1,-1,-1
168,3222,431.46,110.03,49.04,151.89,1,-1,-1,-1
168,3224,109.93,110.16,66.31,167.77,1,-1,-1,-1
169,3212,329.92,113.29,49.41,146.63,1,-1,-1,-1
169,3218,192.55,89.39,46.17,163.84,1,-1,-1,-1
169,3220,257.67,91.29,53.54,157.26,1,-1,-1,-1
169,3221,394.28,111.99,49.17,152.05,1,-1,-1,-1
169,3222,433.61,116.46,47.22,144.17,1,-1,-1,-1
169,3224,116.72,102.09,68.19,174.49,1,-1,-1,-1
170,3212,328.07,115.04,48.40,143.58,1,-1,-1,-1
170,3218,192.70,89.86,46.35,163.88,1,-1,-1,-1
170,3220,256.18,91.75,53.12,156.32,1,-1,-1,-1
170,3221,392.26,113.28,49.07,152.08,1,-1,-1,-1
170,3222,433.53,118.95,47.01,142.53,1,-1,-1,-1
170,3224,120.35,99.07,67.89,177.01,1,-1,-1,-1
171,3212,327.44,115.70,48.02,142.42,1,-1,-1,-1
171,3218,192.71,90.03,46.51,163.90,1,-1,-1,-1
171,3220,255.65,91.92,52.91,155.98,1,-1,-1,-1
171,3221,391.55,113.76,48.97,152.08,1,-1,-1,-1
171,3222,433.42,119.84,47.12,141.94,1,-1,-1,-1
171,3224,121.97,97.94,67.09,177.97,1,-1,-1,-1
172,3212,325.56,114.63,48.65,144.63,1,-1,-1,-1
172,3213,393.81,112.48,54.87,151.32,1,-1,-1,-1
172,3218,192.92,88.78,47.48,166.53,1,-1,-1,-1
172,3220,255.11,90.67,53.54,158.49,1,-1,-1,-1
172,3221,381.08,113.95,48.50,152.08,1,-1,-1,-1
172,3222,429.53,118.84,48.27,144.38,1,-1,-1,-1
172,3224,123.91,92.36,69.07,186.08,1,-1,-1,-1
173,3212,324.00,112.93,49.39,146.77,1,-1,-1,-1
173,3213,392.73,111.96,54.07,153.39,1,-1,-1,-1
173,3218,193.68,87.01,47.77,167.52,1,-1,-1,-1
173,3220,254.61,91.50,53.10,158.13,1,-1,-1,-1
173,3221,375.77,114.01,48.45,152.07,1,-1,-1,-1
173,3222,428.00,118.45,48.88,145.30,1,-1,-1,-1
173,3224,127.30,90.75,69.63,187.59,1,-1,-1,-1
174,3212,324.38,113.58,49.11,146.29,1,-1,-1,-1
174,3213,389.00,111.37,54.43,154.43,1,-1,-1,-1
174,3218,193.81,86.33,48.20,169.20,1,-1,-1,-1
174,3220,253.58,89.21,53.33,160.62,1,-1,-1,-1
174,3221,372.71,112.73,49.31,154.68,1,-1,-1,-1
174,3222,428.09,119.60,49.09,144.36,1,-1,-1,-1
175,3212,323.68,113.83,49.52,147.40,1,-1,-1,-1
175,3218,193.27,87.37,48.22,168.53,1,-1,-1,-1
175,3220,252.81,89.65,52.91,160.25,1,-1,-1,-1
175,3221,371.21,113.54,49.13,153.06,1,-1,-1,-1
175,3222,427.81,120.02,49.83,145.32,1,-1,-1,-1
176,3212,323.46,113.93,49.69,147.83,1,-1,-1,-1
176,3218,193.01,87.77,48.33,168.27,1,-1,-1,-1
176,3220,252.61,89.82,52.59,160.11,1,-1,-1,-1
176,3221,370.63,113.86,49.24,152.43,1,-1,-1,-1
176,3222,427.61,120.16,50.33,145.69,1,-1,-1,-1
177,3212,323.41,113.97,49.76,147.98,1,-1,-1,-1
177,3218,192.86,87.92,48.46,168.16,1,-1,-1,-1
177,3220,252.62,89.89,52.33,160.06,1,-1,-1,-1
177,3221,370.39,113.97,49.43,152.18,1,-1,-1,-1
177,3222,427.44,120.20,50.72,145.84,1,-1,-1,-1
178,3212,321.19,111.38,50.36,150.65,1,-1,-1,-1
178,3218,191.96,86.68,50.21,174.63,1,-1,-1,-1
178,3220,250.09,89.93,52.10,160.03,1,-1,-1,-1
178,3221,369.54,112.71,49.82,153.39,1,-1,-1,-1
178,3222,425.42,117.59,52.20,148.51,1,-1,-1,-1
178,3224,154.03,102.12,62.96,172.21,1,-1,-1,-1
179,3212,320.47,110.40,50.43,151.65,1,-1,-1,-1
179,3218,191.65,86.21,50.79,177.06,1,-1,-1,-1
179,3220,249.21,89.94,51.90,160.02,1,-1,-1,-1
179,3221,369.27,112.23,49.97,153.85,1,-1,-1,-1
179,3222,424.52,116.60,53.06,149.52,1,-1,-1,-1
179,3224,156.22,103.37,61.60,170.63,1,-1,-1,-1
