1,8777,72.57,128.63,80.63,228.03,1,-1,-1,-1
1,8779,153.36,151.18,59.70,190.56,1,-1,-1,-1
1,8780,381.42,115.12,98.05,263.36,1,-1,-1,-1
1,8781,234.42,161.77,32.02,133.00,1,-1,-1,-1
1,8783,289.65,187.71,34.84,112.14,1,-1,-1,-1
1,8784,59.00,203.00,43.00,131.00,1,-1,-1,-1
1,8785,249.00,188.00,58.00,127.00,1,-1,-1,-1
2,8783,293.46,191.25,34.35,110.49,1,-1,-1,-1
2,8784,59.99,204.71,42.73,130.14,1,-1,-1,-1
2,8785,249.31,188.00,54.80,120.14,1,-1,-1,-1
2,8786,176.00,195.00,22.00,115.00,1,-1,-1,-1
3,8783,294.07,193.57,33.84,109.21,1,-1,-1,-1
3,8784,61.52,211.77,39.96,121.72,1,-1,-1,-1
3,8785,252.96,194.91,50.14,109.79,1,-1,-1,-1
3,8786,177.44,200.14,20.84,108.14,1,-1,-1,-1
3,8787,39.00,203.00,46.00,134.00,1,-1,-1,-1
4,8783,295.23,192.63,34.45,111.76,1,-1,-1,-1
4,8784,42.63,204.09,43.24,132.01,1,-1,-1,-1
4,8785,254.27,195.50,49.17,107.45,1,-1,-1,-1
4,8786,176.35,200.23,21.00,107.77,1,-1,-1,-1
5,8783,296.62,194.99,34.46,111.79,1,-1,-1,-1
5,8784,37.00,203.39,43.66,133.30,1,-1,-1,-1
5,8785,254.13,194.82,49.16,107.70,1,-1,-1,-1
5,8786,173.53,196.45,22.22,112.99,1,-1,-1,-1
6,8785,254.08,194.53,49.12,107.93,1,-1,-1,-1
6,8786,172.53,195.18,22.81,114.73,1,-1,-1,-1
7,8785,254.08,194.38,49.06,108.12,1,-1,-1,-1
7,8786,172.13,194.78,23.19,115.29,1,-1,-1,-1
8,8783,308.12,196.49,34.48,111.99,1,-1,-1,-1
8,8785,256.64,192.91,52.88,117.27,1,-1,-1,-1
8,8786,168.82,198.80,23.55,114.06,1,-1,-1,-1
8,8788,222.00,212.00,21.00,75.00,1,-1,-1,-1
9,8783,311.68,198.03,33.88,109.91,1,-1,-1,-1
9,8785,261.37,194.37,50.52,112.59,1,-1,-1,-1
9,8786,167.62,198.83,23.69,114.76,1,-1,-1,-1
9,8788,220.14,211.14,22.15,79.29,1,-1,-1,-1
9,8789,372.00,216.00,22.00,63.00,1,-1,-1,-1
10,8783,311.78,197.18,33.78,109.22,1,-1,-1,-1
10,8785,263.84,194.25,48.93,110.04,1,-1,-1,-1
10,8788,218.39,210.27,22.29,80.00,1,-1,-1,-1
10,8789,372.11,213.43,22.64,64.71,1,-1,-1,-1
11,8783,312.66,196.15,33.91,108.98,1,-1,-1,-1
11,8785,264.38,190.14,51.01,115.88,1,-1,-1,-1
11,8788,217.49,212.16,21.48,77.27,1,-1,-1,-1
11,8789,371.26,212.26,23.00,65.74,1,-1,-1,-1
12,8783,312.38,194.40,37.02,118.87,1,-1,-1,-1
12,8785,265.51,190.62,51.80,119.94,1,-1,-1,-1
12,8788,216.66,212.44,21.40,76.99,1,-1,-1,-1
12,8789,370.99,211.58,23.19,66.27,1,-1,-1,-1
13,8783,313.53,193.12,38.18,121.83,1,-1,-1,-1
13,8785,266.76,190.48,52.06,120.54,1,-1,-1,-1
14,8783,313.85,192.58,38.75,122.97,1,-1,-1,-1
15,8783,315.48,192.99,39.10,124.07,1,-1,-1,-1
15,8790,0.00,212.00,19.00,122.00,1,-1,-1,-1
16,8783,318.29,195.38,38.10,119.70,1,-1,-1,-1
16,8786,125.92,208.60,28.77,123.82,1,-1,-1,-1
17,8783,317.38,191.27,39.33,123.48,1,-1,-1,-1
17,8786,120.52,208.45,31.37,125.63,1,-1,-1,-1
18,8722,108.54,174.98,50.27,155.94,1,-1,-1,-1
18,8783,317.87,193.09,37.52,118.31,1,-1,-1,-1
18,8786,116.68,209.17,31.64,126.74,1,-1,-1,-1
18,8789,371.20,215.77,23.51,67.07,1,-1,-1,-1
19,8722,101.16,166.11,54.85,175.08,1,-1,-1,-1
19,8783,317.59,191.81,38.25,121.54,1,-1,-1,-1
19,8789,371.83,216.00,23.02,64.98,1,-1,-1,-1
20,8722,88.80,171.84,52.35,164.91,1,-1,-1,-1
20,8783,319.17,193.93,36.40,116.88,1,-1,-1,-1
20,8789,370.76,212.70,24.03,67.70,1,-1,-1,-1
21,8722,79.86,164.39,56.24,181.49,1,-1,-1,-1
21,8783,320.11,190.13,36.23,116.35,1,-1,-1,-1
21,8785,266.72,184.24,53.53,126.93,1,-1,-1,-1
21,8789,370.67,212.52,24.14,68.01,1,-1,-1,-1
22,8722,73.98,156.64,59.14,191.77,1,-1,-1,-1
22,8783,320.54,187.40,36.58,118.12,1,-1,-1,-1
22,8785,267.26,183.76,53.83,127.63,1,-1,-1,-1
23,8722,61.83,152.91,63.32,202.88,1,-1,-1,-1
23,8783,320.84,185.73,37.03,120.74,1,-1,-1,-1
23,8791,218.00,201.00,38.00,97.00,1,-1,-1,-1
24,8722,55.14,153.38,64.25,202.05,1,-1,-1,-1
24,8783,321.19,187.70,36.67,120.43,1,-1,-1,-1
25,8722,52.69,153.60,65.10,201.58,1,-1,-1,-1
25,8783,321.35,188.47,36.38,120.29,1,-1,-1,-1
26,8722,51.84,153.70,65.86,201.32,1,-1,-1,-1
26,8783,321.45,188.77,36.14,120.22,1,-1,-1,-1
27,8722,51.58,153.75,66.53,201.15,1,-1,-1,-1
27,8783,321.51,188.89,35.93,120.19,1,-1,-1,-1
28,8722,51.56,153.79,67.12,201.02,1,-1,-1,-1
28,8783,321.56,188.94,35.75,120.16,1,-1,-1,-1
29,8722,17.15,145.35,73.46,219.14,1,-1,-1,-1
29,8783,321.42,184.39,37.27,126.02,1,-1,-1,-1
29,8788,151.11,198.09,31.22,107.83,1,-1,-1,-1
30,8722,2.90,142.22,74.37,222.72,1,-1,-1,-1
30,8783,321.91,185.26,36.71,125.00,1,-1,-1,-1
30,8785,266.45,180.95,53.74,133.97,1,-1,-1,-1
30,8788,148.81,198.96,31.77,107.35,1,-1,-1,-1
31,8722,-2.40,141.00,74.56,224.03,1,-1,-1,-1
31,8783,322.15,185.62,36.35,124.56,1,-1,-1,-1
31,8785,267.26,180.85,51.88,134.23,1,-1,-1,-1
31,8788,147.93,199.38,32.21,107.04,1,-1,-1,-1
32,8722,-4.09,140.56,74.47,224.44,1,-1,-1,-1
32,8783,322.28,185.77,36.09,124.38,1,-1,-1,-1
32,8785,267.94,180.81,50.44,134.33,1,-1,-1,-1
32,8788,147.58,199.57,32.58,106.87,1,-1,-1,-1
33,8722,-4.41,140.43,74.29,224.50,1,-1,-1,-1
33,8783,322.37,185.83,35.87,124.29,1,-1,-1,-1
33,8785,268.49,180.81,49.29,134.35,1,-1,-1,-1
33,8788,147.44,199.66,32.89,106.77,1,-1,-1,-1
34,8722,-4.21,140.41,74.09,224.44,1,-1,-1,-1
34,8783,322.44,185.86,35.69,124.25,1,-1,-1,-1
34,8785,268.94,180.82,48.36,134.33,1,-1,-1,-1
34,8788,147.39,199.70,33.15,106.70,1,-1,-1,-1
35,8722,-3.85,140.44,73.89,224.34,1,-1,-1,-1
35,8783,322.49,185.88,35.52,124.21,1,-1,-1,-1
35,8785,269.32,180.83,47.59,134.31,1,-1,-1,-1
35,8788,147.38,199.74,33.37,106.64,1,-1,-1,-1
36,8722,-10.51,139.53,74.60,226.49,1,-1,-1,-1
36,8783,321.76,191.76,35.64,122.89,1,-1,-1,-1
36,8785,269.53,188.01,45.84,129.72,1,-1,-1,-1
36,8788,131.04,209.42,34.05,108.52,1,-1,-1,-1
36,8792,76.00,221.00,26.00,64.00,1,-1,-1,-1
37,8783,318.38,191.39,35.96,123.68,1,-1,-1,-1
37,8785,267.61,190.12,44.53,123.98,1,-1,-1,-1
37,8788,122.64,204.15,34.91,110.49,1,-1,-1,-1
38,8783,316.15,189.93,36.04,123.97,1,-1,-1,-1
38,8785,263.49,182.22,48.18,134.50,1,-1,-1,-1
38,8788,114.47,198.26,36.93,117.63,1,-1,-1,-1
39,8783,317.24,188.72,35.46,122.77,1,-1,-1,-1
39,8785,265.53,184.53,45.65,126.74,1,-1,-1,-1
39,8788,110.26,197.74,37.44,119.24,1,-1,-1,-1
40,8783,317.10,191.53,34.40,119.03,1,-1,-1,-1
40,8785,266.66,188.15,43.41,119.54,1,-1,-1,-1
41,8783,317.04,192.59,34.01,117.61,1,-1,-1,-1
41,8785,267.01,189.49,42.74,116.89,1,-1,-1,-1
42,8783,317.02,192.98,33.87,117.09,1,-1,-1,-1
42,8785,267.06,189.97,42.66,115.96,1,-1,-1,-1
43,8783,317.54,191.80,33.44,114.94,1,-1,-1,-1
43,8785,267.46,188.14,45.21,124.94,1,-1,-1,-1
43,8788,89.39,207.45,39.31,123.31,1,-1,-1,-1
44,8783,317.58,190.68,34.26,118.76,1,-1,-1,-1
44,8785,266.69,181.70,49.24,136.54,1,-1,-1,-1
44,8788,84.70,184.25,45.89,147.89,1,-1,-1,-1
45,8783,316.96,191.56,33.24,116.28,1,-1,-1,-1
45,8785,268.17,182.98,47.24,131.58,1,-1,-1,-1
45,8788,80.19,182.80,46.86,151.02,1,-1,-1,-1
45,8793,168.00,170.00,29.00,114.00,1,-1,-1,-1
46,8783,316.85,191.71,33.14,115.95,1,-1,-1,-1
46,8785,269.14,184.20,45.68,128.80,1,-1,-1,-1
47,8785,269.64,184.66,44.81,127.74,1,-1,-1,-1
48,8785,269.96,184.84,44.23,127.33,1,-1,-1,-1
49,8785,270.19,184.91,43.77,127.17,1,-1,-1,-1
50,8783,316.48,191.12,34.82,121.32,1,-1,-1,-1
50,8785,277.00,189.51,43.21,124.50,1,-1,-1,-1
51,8783,314.54,187.70,36.11,125.19,1,-1,-1,-1
51,8785,277.73,189.86,43.17,124.38,1,-1,-1,-1
51,8788,12.09,163.10,58.46,178.16,1,-1,-1,-1
52,8722,95.00,138.73,68.92,197.26,1,-1,-1,-1
52,8783,313.03,187.17,36.31,126.54,1,-1,-1,-1
52,8785,273.20,194.69,38.91,110.91,1,-1,-1,-1
52,8788,5.36,161.04,59.64,181.75,1,-1,-1,-1
53,8722,96.15,137.36,71.45,201.37,1,-1,-1,-1
53,8783,312.43,185.03,37.73,130.27,1,-1,-1,-1
53,8785,273.48,195.43,38.45,109.59,1,-1,-1,-1
54,8722,96.48,137.01,72.58,202.30,1,-1,-1,-1
54,8783,312.12,184.22,38.43,131.68,1,-1,-1,-1
55,8722,96.33,136.89,73.32,202.65,1,-1,-1,-1
55,8783,311.94,183.92,38.85,132.20,1,-1,-1,-1
56,8722,96.02,136.86,73.86,202.80,1,-1,-1,-1
56,8783,311.82,183.82,39.13,132.37,1,-1,-1,-1
57,8722,98.53,136.57,73.79,202.60,1,-1,-1,-1
57,8783,312.20,187.03,37.75,124.64,1,-1,-1,-1
57,8785,284.09,194.34,39.02,109.56,1,-1,-1,-1
58,8783,312.30,187.64,37.98,124.25,1,-1,-1,-1
58,8785,282.98,189.46,42.41,119.12,1,-1,-1,-1
58,8794,15.00,72.00,122.00,344.00,1,-1,-1,-1
59,8783,311.55,187.86,38.99,127.38,1,-1,-1,-1
59,8785,283.82,189.77,43.08,120.36,1,-1,-1,-1
59,8794,1.73,77.14,123.68,349.14,1,-1,-1,-1
60,8783,312.47,188.59,39.57,129.19,1,-1,-1,-1
60,8785,281.25,189.90,43.92,124.73,1,-1,-1,-1
60,8794,-11.83,57.86,133.98,382.08,1,-1,-1,-1
61,8783,314.44,190.81,39.16,126.64,1,-1,-1,-1
61,8785,280.74,193.15,42.60,119.33,1,-1,-1,-1
61,8794,-20.28,38.59,144.67,417.89,1,-1,-1,-1
62,8783,315.00,188.40,40.70,132.19,1,-1,-1,-1
62,8785,280.79,189.84,44.80,124.41,1,-1,-1,-1
62,8794,-27.33,28.98,151.02,436.23,1,-1,-1,-1
63,8783,314.72,184.93,42.26,136.16,1,-1,-1,-1
63,8785,280.68,187.99,46.49,128.18,1,-1,-1,-1
63,8795,387.00,206.00,41.00,84.00,1,-1,-1,-1
64,8783,315.20,185.51,41.67,133.20,1,-1,-1,-1
64,8785,280.73,185.99,46.92,128.34,1,-1,-1,-1
65,8783,315.31,187.06,41.57,132.64,1,-1,-1,-1
65,8785,282.17,186.51,46.15,126.44,1,-1,-1,-1
66,8722,128.11,213.35,22.99,62.62,1,-1,-1,-1
66,8783,317.36,188.95,40.76,129.80,1,-1,-1,-1
66,8785,283.09,187.38,45.71,125.03,1,-1,-1,-1
67,8722,126.25,214.22,21.90,59.65,1,-1,-1,-1
67,8783,319.60,189.67,40.15,127.39,1,-1,-1,-1
67,8785,283.66,187.18,45.84,125.38,1,-1,-1,-1
68,8722,126.49,214.91,21.39,58.27,1,-1,-1,-1
68,8783,320.39,189.94,39.98,126.48,1,-1,-1,-1
69,8722,128.01,217.89,19.27,52.51,1,-1,-1,-1
69,8783,320.92,190.10,39.96,126.41,1,-1,-1,-1
69,8785,282.45,186.96,46.87,126.01,1,-1,-1,-1
69,8796,388.00,209.00,42.00,90.00,1,-1,-1,-1
70,8785,281.98,186.93,47.60,126.12,1,-1,-1,-1
70,8796,388.00,209.00,42.00,90.00,1,-1,-1,-1
71,8722,128.19,219.20,19.67,51.54,1,-1,-1,-1
71,8783,328.03,189.23,39.65,126.88,1,-1,-1,-1
71,8785,282.68,187.57,48.09,126.15,1,-1,-1,-1
72,8722,128.42,219.61,20.07,51.61,1,-1,-1,-1
72,8783,330.07,185.04,41.84,135.07,1,-1,-1,-1
72,8785,284.63,189.77,47.48,122.90,1,-1,-1,-1
73,8722,128.79,219.67,20.32,51.78,1,-1,-1,-1
73,8783,331.38,184.26,42.67,139.76,1,-1,-1,-1
73,8785,286.10,189.96,48.40,124.28,1,-1,-1,-1
74,8722,128.83,219.62,20.53,51.95,1,-1,-1,-1
74,8783,332.01,183.96,42.67,141.57,1,-1,-1,-1
74,8785,286.53,190.02,48.94,124.79,1,-1,-1,-1
75,8722,128.79,219.56,20.71,52.09,1,-1,-1,-1
75,8783,332.36,183.86,42.38,142.24,1,-1,-1,-1
75,8785,286.58,190.04,49.31,124.98,1,-1,-1,-1
76,8722,128.71,219.49,20.86,52.21,1,-1,-1,-1
76,8783,332.59,183.83,42.01,142.47,1,-1,-1,-1
76,8785,286.51,190.05,49.61,125.05,1,-1,-1,-1
77,8722,128.64,219.43,20.99,52.30,1,-1,-1,-1
77,8783,332.76,183.83,41.64,142.52,1,-1,-1,-1
77,8785,286.39,190.05,49.85,125.07,1,-1,-1,-1
78,8722,128.96,219.38,20.99,51.72,1,-1,-1,-1
78,8783,339.84,190.32,39.05,133.44,1,-1,-1,-1
78,8785,290.30,191.35,49.18,125.07,1,-1,-1,-1
78,8797,242.00,224.00,25.00,52.00,1,-1,-1,-1
78,8798,405.00,208.00,43.00,97.00,1,-1,-1,-1
78,8799,197.00,231.00,24.00,44.00,1,-1,-1,-1
79,8722,129.28,218.00,21.24,52.21,1,-1,-1,-1
79,8783,343.53,190.86,38.75,131.85,1,-1,-1,-1
79,8785,292.69,192.49,47.07,121.15,1,-1,-1,-1
79,8797,243.71,225.71,25.00,52.00,1,-1,-1,-1
80,8722,129.65,218.14,21.47,52.43,1,-1,-1,-1
80,8783,345.08,191.16,38.73,131.80,1,-1,-1,-1
80,8785,296.22,188.30,50.20,128.90,1,-1,-1,-1
80,8800,195.00,224.00,23.00,48.00,1,-1,-1,-1
80,8801,225.00,224.00,24.00,58.00,1,-1,-1,-1
81,8722,128.56,218.18,22.01,53.86,1,-1,-1,-1
81,8785,297.15,186.78,52.05,133.63,1,-1,-1,-1
81,8802,405.00,203.00,39.00,105.00,1,-1,-1,-1
82,8722,129.21,217.53,22.06,53.75,1,-1,-1,-1
82,8783,356.42,196.99,33.91,113.51,1,-1,-1,-1
82,8785,297.82,190.03,50.14,127.78,1,-1,-1,-1
82,8802,407.20,202.14,38.03,102.43,1,-1,-1,-1
83,8722,129.45,216.61,22.73,55.71,1,-1,-1,-1
83,8783,360.06,197.21,35.14,116.28,1,-1,-1,-1
83,8785,297.85,190.68,51.04,129.35,1,-1,-1,-1
83,8802,407.57,202.00,38.63,104.28,1,-1,-1,-1
83,8803,222.00,224.00,24.00,58.00,1,-1,-1,-1
84,8722,128.53,216.26,23.04,57.09,1,-1,-1,-1
84,8783,363.06,197.97,35.16,114.37,1,-1,-1,-1
84,8785,297.48,188.32,52.74,133.82,1,-1,-1,-1
84,8802,407.79,200.49,39.31,106.38,1,-1,-1,-1
84,8803,221.06,223.14,25.02,60.57,1,-1,-1,-1
85,8722,127.61,216.77,22.99,56.98,1,-1,-1,-1
85,8783,361.66,212.23,32.67,105.70,1,-1,-1,-1
85,8785,296.90,186.78,54.21,138.07,1,-1,-1,-1
85,8802,409.33,199.26,40.15,109.22,1,-1,-1,-1
85,8803,222.84,227.42,22.79,55.10,1,-1,-1,-1
85,8804,183.00,223.00,17.00,57.00,1,-1,-1,-1
86,8722,127.81,220.88,21.85,53.04,1,-1,-1,-1
86,8783,364.49,206.60,33.63,106.63,1,-1,-1,-1
86,8785,295.23,182.99,57.61,147.37,1,-1,-1,-1
86,8802,409.82,200.25,40.51,110.88,1,-1,-1,-1
86,8803,221.43,224.31,25.33,61.63,1,-1,-1,-1
86,8804,182.04,221.29,19.77,66.43,1,-1,-1,-1
87,8722,127.28,221.79,21.95,52.19,1,-1,-1,-1
87,8783,363.15,197.95,37.23,116.32,1,-1,-1,-1
87,8785,293.96,181.54,58.26,149.67,1,-1,-1,-1
87,8802,409.12,198.59,41.64,114.83,1,-1,-1,-1
87,8803,219.90,223.38,26.92,66.35,1,-1,-1,-1
87,8804,181.78,224.51,19.03,63.78,1,-1,-1,-1
88,8722,125.14,218.79,23.23,55.21,1,-1,-1,-1
88,8783,361.34,193.54,39.23,122.39,1,-1,-1,-1
88,8785,294.54,182.89,56.26,144.14,1,-1,-1,-1
88,8802,409.01,196.66,41.69,116.23,1,-1,-1,-1
88,8803,217.67,218.33,28.80,72.12,1,-1,-1,-1
88,8804,180.29,221.40,19.30,64.76,1,-1,-1,-1
89,8722,123.40,218.34,23.04,55.02,1,-1,-1,-1
89,8783,360.79,185.38,42.79,134.41,1,-1,-1,-1
89,8785,296.18,184.76,54.54,139.26,1,-1,-1,-1
89,8802,410.31,195.96,40.96,114.69,1,-1,-1,-1
89,8803,217.48,218.36,28.20,71.65,1,-1,-1,-1
89,8804,179.22,223.87,17.69,58.68,1,-1,-1,-1
90,8722,123.12,218.46,22.97,54.86,1,-1,-1,-1
90,8783,359.77,179.11,45.72,144.05,1,-1,-1,-1
90,8785,296.51,181.54,54.41,138.69,1,-1,-1,-1
90,8802,411.48,191.73,41.97,118.01,1,-1,-1,-1
90,8803,216.62,218.45,26.92,69.31,1,-1,-1,-1
90,8804,178.58,224.21,17.39,57.66,1,-1,-1,-1
91,8783,360.77,179.13,46.50,146.01,1,-1,-1,-1
91,8785,297.22,182.96,53.82,135.86,1,-1,-1,-1
91,8802,412.01,190.18,42.76,121.17,1,-1,-1,-1
91,8803,215.80,217.59,27.54,70.89,1,-1,-1,-1
92,8722,120.73,216.44,23.19,55.76,1,-1,-1,-1
92,8783,362.79,181.11,46.02,143.53,1,-1,-1,-1
92,8785,298.82,182.21,55.47,138.69,1,-1,-1,-1
92,8802,414.10,190.93,41.83,119.09,1,-1,-1,-1
93,8722,120.40,216.12,23.11,55.90,1,-1,-1,-1
93,8783,363.47,181.94,45.96,142.48,1,-1,-1,-1
93,8785,299.27,181.94,56.36,139.74,1,-1,-1,-1
93,8802,414.95,191.28,41.34,118.19,1,-1,-1,-1
94,8722,120.33,216.01,23.01,55.95,1,-1,-1,-1
94,8783,363.62,182.28,46.06,142.04,1,-1,-1,-1
94,8785,299.29,181.84,56.95,140.12,1,-1,-1,-1
94,8802,415.30,191.45,41.04,117.80,1,-1,-1,-1
95,8722,120.34,215.97,22.91,55.97,1,-1,-1,-1
95,8783,363.59,182.44,46.21,141.83,1,-1,-1,-1
95,8785,299.16,181.82,57.39,140.25,1,-1,-1,-1
95,8802,415.46,191.54,40.83,117.62,1,-1,-1,-1
96,8722,120.39,215.96,22.82,55.98,1,-1,-1,-1
96,8783,363.48,182.53,46.37,141.71,1,-1,-1,-1
96,8785,298.99,181.82,57.76,140.28,1,-1,-1,-1
96,8802,415.54,191.60,40.65,117.52,1,-1,-1,-1
97,8722,120.44,215.96,22.74,55.98,1,-1,-1,-1
97,8783,363.36,182.58,46.53,141.63,1,-1,-1,-1
97,8785,298.81,181.84,58.08,140.27,1,-1,-1,-1
97,8802,415.59,191.64,40.49,117.45,1,-1,-1,-1
98,8722,120.49,215.96,22.67,55.99,1,-1,-1,-1
98,8783,363.24,182.63,46.67,141.57,1,-1,-1,-1
98,8785,298.65,181.85,58.36,140.25,1,-1,-1,-1
98,8802,415.63,191.68,40.35,117.40,1,-1,-1,-1
99,8722,120.20,215.89,22.66,55.96,1,-1,-1,-1
99,8783,365.18,175.52,47.88,146.71,1,-1,-1,-1
99,8785,303.43,179.26,55.90,135.02,1,-1,-1,-1
99,8802,416.02,191.18,40.57,118.02,1,-1,-1,-1
99,8803,202.07,213.84,25.93,67.80,1,-1,-1,-1
99,8805,246.00,207.00,21.00,76.00,1,-1,-1,-1
100,8722,121.03,207.50,23.14,57.53,1,-1,-1,-1
100,8783,367.89,181.83,44.34,135.17,1,-1,-1,-1
100,8785,306.64,178.27,54.80,132.99,1,-1,-1,-1
100,8803,200.75,213.20,26.12,68.31,1,-1,-1,-1
101,8722,120.83,206.71,23.18,57.64,1,-1,-1,-1
101,8783,367.37,181.10,44.67,136.46,1,-1,-1,-1
101,8785,308.09,176.60,55.16,134.23,1,-1,-1,-1
102,8783,367.19,180.85,44.74,136.91,1,-1,-1,-1
102,8785,308.64,176.00,55.21,134.69,1,-1,-1,-1
103,8783,367.12,180.77,44.72,137.08,1,-1,-1,-1
103,8785,308.85,175.79,55.16,134.87,1,-1,-1,-1
104,8783,367.09,180.75,44.67,137.13,1,-1,-1,-1
104,8785,308.93,175.73,55.07,134.94,1,-1,-1,-1
105,8783,367.07,180.76,44.62,137.14,1,-1,-1,-1
105,8785,308.96,175.72,54.98,134.97,1,-1,-1,-1
106,8783,363.13,179.48,45.24,136.48,1,-1,-1,-1
106,8785,303.40,178.35,53.62,131.06,1,-1,-1,-1
106,8803,221.90,220.34,24.85,65.36,1,-1,-1,-1
106,8806,271.00,212.00,17.00,74.00,1,-1,-1,-1
107,8783,361.02,182.27,45.35,134.92,1,-1,-1,-1
107,8785,300.88,180.70,53.17,130.23,1,-1,-1,-1
107,8803,222.72,220.51,24.87,65.42,1,-1,-1,-1
107,8804,115.39,202.09,27.49,84.86,1,-1,-1,-1
107,8806,270.18,212.86,17.79,77.43,1,-1,-1,-1
108,8783,357.80,181.38,46.28,136.94,1,-1,-1,-1
108,8785,298.61,182.89,52.39,128.62,1,-1,-1,-1
108,8804,112.08,200.98,27.91,86.15,1,-1,-1,-1
108,8806,268.89,213.00,17.27,75.05,1,-1,-1,-1
108,8807,167.00,197.00,35.00,96.00,1,-1,-1,-1
109,8783,356.54,181.05,46.76,137.70,1,-1,-1,-1
109,8785,297.79,183.71,52.04,128.03,1,-1,-1,-1
109,8806,268.44,213.04,17.11,74.17,1,-1,-1,-1
109,8807,167.00,197.00,35.00,96.00,1,-1,-1,-1
110,8783,356.00,180.93,47.06,137.98,1,-1,-1,-1
110,8785,297.52,184.00,51.86,127.82,1,-1,-1,-1
110,8806,268.31,213.04,17.09,73.90,1,-1,-1,-1
110,8807,167.00,197.00,35.00,96.00,1,-1,-1,-1
111,8783,355.76,180.89,47.28,138.08,1,-1,-1,-1
111,8785,297.46,184.11,51.75,127.76,1,-1,-1,-1
111,8806,268.27,213.04,17.12,73.84,1,-1,-1,-1
111,8807,167.00,197.00,35.00,96.00,1,-1,-1,-1
112,8783,355.63,180.89,47.46,138.11,1,-1,-1,-1
112,8785,297.47,184.13,51.67,127.76,1,-1,-1,-1
112,8806,268.26,213.03,17.17,73.83,1,-1,-1,-1
112,8807,167.00,197.00,35.00,96.00,1,-1,-1,-1
113,8783,355.00,177.63,46.75,136.81,1,-1,-1,-1
113,8785,296.97,178.89,53.97,135.64,1,-1,-1,-1
113,8804,77.59,202.10,32.34,96.47,1,-1,-1,-1
113,8806,268.01,213.08,17.09,73.52,1,-1,-1,-1
113,8807,167.00,197.00,35.00,96.00,1,-1,-1,-1
113,8808,137.00,185.00,45.00,119.00,1,-1,-1,-1
113,8809,243.00,200.00,31.00,96.00,1,-1,-1,-1
113,8810,504.00,189.00,55.00,122.00,1,-1,-1,-1
114,8783,355.04,177.71,45.29,132.38,1,-1,-1,-1
114,8785,297.56,180.15,52.66,133.44,1,-1,-1,-1
114,8804,71.56,196.52,34.18,102.56,1,-1,-1,-1
114,8807,141.95,187.08,41.29,113.36,1,-1,-1,-1
114,8809,242.25,200.00,29.94,92.57,1,-1,-1,-1
114,8811,192.00,199.00,30.00,101.00,1,-1,-1,-1
115,8783,353.42,175.77,46.04,135.99,1,-1,-1,-1
115,8785,297.03,179.35,53.69,137.77,1,-1,-1,-1
115,8804,66.43,193.30,35.68,105.98,1,-1,-1,-1
115,8806,247.99,200.86,22.12,92.10,1,-1,-1,-1
115,8807,134.97,185.77,43.31,117.45,1,-1,-1,-1
115,8812,167.00,198.00,39.00,106.00,1,-1,-1,-1
116,8783,352.14,177.67,46.42,138.61,1,-1,-1,-1
116,8785,297.13,180.99,53.48,138.74,1,-1,-1,-1
116,8804,62.05,192.67,36.75,109.17,1,-1,-1,-1
116,8806,243.98,199.76,23.85,95.98,1,-1,-1,-1
116,8807,132.06,184.67,44.74,120.88,1,-1,-1,-1
117,8783,354.39,184.89,43.04,128.59,1,-1,-1,-1
117,8785,298.27,184.87,51.20,134.57,1,-1,-1,-1
117,8804,54.74,191.82,36.59,109.77,1,-1,-1,-1
117,8806,241.97,201.91,24.90,97.47,1,-1,-1,-1
117,8807,120.78,187.53,43.97,120.17,1,-1,-1,-1
118,8783,354.45,185.75,42.76,128.66,1,-1,-1,-1
118,8785,298.05,185.17,51.26,134.71,1,-1,-1,-1
118,8804,45.76,188.98,39.41,116.29,1,-1,-1,-1
118,8806,239.96,202.82,26.00,99.89,1,-1,-1,-1
118,8807,115.28,183.53,46.11,126.90,1,-1,-1,-1
118,8813,509.00,191.00,47.00,121.00,1,-1,-1,-1
119,8783,346.28,184.07,44.57,134.62,1,-1,-1,-1
119,8802,433.63,167.16,67.25,164.61,1,-1,-1,-1
119,8804,39.66,192.91,40.24,116.27,1,-1,-1,-1
119,8806,237.29,204.48,26.49,100.78,1,-1,-1,-1
119,8807,111.26,183.30,47.76,131.95,1,-1,-1,-1
120,8783,342.84,186.03,43.52,130.37,1,-1,-1,-1
120,8785,291.76,185.96,50.05,132.50,1,-1,-1,-1
120,8802,434.62,166.04,68.12,166.74,1,-1,-1,-1
120,8804,34.13,195.18,41.34,118.09,1,-1,-1,-1
120,8806,235.38,201.97,28.57,108.08,1,-1,-1,-1
120,8807,105.63,181.99,50.44,140.20,1,-1,-1,-1
120,8814,225.00,191.00,30.00,124.00,1,-1,-1,-1
121,8783,339.85,185.47,44.49,133.31,1,-1,-1,-1
121,8785,288.15,184.05,51.66,136.90,1,-1,-1,-1
121,8804,18.60,190.36,45.86,132.09,1,-1,-1,-1
121,8806,226.55,198.51,30.59,115.87,1,-1,-1,-1
121,8807,94.66,184.64,50.98,142.11,1,-1,-1,-1
121,8815,148.00,215.00,31.00,108.00,1,-1,-1,-1
122,8783,333.86,185.26,44.29,133.75,1,-1,-1,-1
122,8785,280.08,182.76,52.28,138.38,1,-1,-1,-1
122,8802,473.41,173.67,57.67,156.44,1,-1,-1,-1
122,8804,13.04,189.38,46.83,134.87,1,-1,-1,-1
122,8806,217.18,196.53,31.96,120.79,1,-1,-1,-1
122,8807,82.79,181.32,52.44,147.18,1,-1,-1,-1
123,8722,107.35,207.83,45.28,120.46,1,-1,-1,-1
123,8783,332.00,185.48,44.29,133.77,1,-1,-1,-1
123,8785,278.49,182.76,52.44,138.81,1,-1,-1,-1
123,8802,476.46,173.15,58.13,157.68,1,-1,-1,-1
123,8806,213.73,195.36,32.77,123.85,1,-1,-1,-1
123,8807,66.21,172.46,56.27,157.29,1,-1,-1,-1
124,8722,106.74,207.82,46.27,123.08,1,-1,-1,-1
124,8783,316.17,185.16,44.09,133.18,1,-1,-1,-1
124,8785,260.88,179.12,53.74,143.65,1,-1,-1,-1
124,8806,197.72,196.26,32.73,122.54,1,-1,-1,-1
124,8807,59.29,170.69,57.78,161.52,1,-1,-1,-1
125,8722,93.87,210.02,45.74,125.91,1,-1,-1,-1
125,8783,310.33,185.11,44.06,132.38,1,-1,-1,-1
125,8785,254.08,176.96,53.91,146.12,1,-1,-1,-1
125,8806,188.94,193.77,34.41,128.38,1,-1,-1,-1
126,8722,89.17,213.18,45.60,126.94,1,-1,-1,-1
126,8783,309.85,185.75,43.57,132.09,1,-1,-1,-1
126,8785,253.31,178.12,53.19,145.08,1,-1,-1,-1
126,8806,186.54,196.02,34.07,125.46,1,-1,-1,-1
126,8816,560.00,225.00,31.00,99.00,1,-1,-1,-1
127,8722,85.84,211.88,44.86,126.68,1,-1,-1,-1
127,8783,309.41,182.05,44.76,137.23,1,-1,-1,-1
127,8785,251.71,177.28,53.14,145.95,1,-1,-1,-1
127,8806,184.19,193.75,35.13,129.94,1,-1,-1,-1
128,8722,84.68,211.36,44.32,126.52,1,-1,-1,-1
128,8783,309.43,180.67,44.93,139.14,1,-1,-1,-1
128,8785,251.28,176.97,52.93,146.26,1,-1,-1,-1
128,8806,183.40,192.91,35.44,131.61,1,-1,-1,-1
129,8722,84.36,211.16,43.89,126.41,1,-1,-1,-1
129,8783,309.66,180.14,44.75,139.87,1,-1,-1,-1
129,8785,251.29,176.86,52.68,146.35,1,-1,-1,-1
129,8806,183.25,192.61,35.47,132.18,1,-1,-1,-1
130,8722,84.34,211.08,43.55,126.31,1,-1,-1,-1
130,8783,309.94,179.95,44.46,140.14,1,-1,-1,-1
130,8785,251.45,176.83,52.43,146.36,1,-1,-1,-1
130,8806,183.35,192.52,35.40,132.32,1,-1,-1,-1
131,8722,84.44,211.05,43.26,126.21,1,-1,-1,-1
131,8783,310.21,179.88,44.16,140.22,1,-1,-1,-1
131,8785,251.65,176.83,52.19,146.35,1,-1,-1,-1
131,8806,183.54,192.51,35.29,132.30,1,-1,-1,-1
132,8722,84.57,211.03,43.01,126.12,1,-1,-1,-1
132,8783,310.47,179.87,43.86,140.24,1,-1,-1,-1
132,8785,251.86,176.84,51.98,146.32,1,-1,-1,-1
132,8806,183.73,192.54,35.18,132.23,1,-1,-1,-1
133,8722,84.70,211.03,42.79,126.03,1,-1,-1,-1
133,8783,310.71,179.87,43.59,140.23,1,-1,-1,-1
133,8785,252.06,176.85,51.79,146.30,1,-1,-1,-1
133,8806,183.93,192.57,35.07,132.13,1,-1,-1,-1
134,8722,83.77,211.07,43.34,127.65,1,-1,-1,-1
134,8783,307.97,176.62,43.40,141.52,1,-1,-1,-1
134,8785,251.14,169.70,54.48,156.03,1,-1,-1,-1
134,8806,181.28,191.89,35.55,133.93,1,-1,-1,-1
135,8783,306.96,175.40,43.36,143.29,1,-1,-1,-1
135,8785,254.36,175.30,50.91,145.68,1,-1,-1,-1
135,8806,165.05,178.91,42.47,160.22,1,-1,-1,-1
136,8783,305.24,174.85,43.53,143.87,1,-1,-1,-1
136,8785,253.84,173.67,52.01,149.32,1,-1,-1,-1
136,8806,161.31,177.24,43.46,163.98,1,-1,-1,-1
137,8785,253.71,173.08,52.31,150.63,1,-1,-1,-1
138,8785,253.74,172.87,52.34,151.11,1,-1,-1,-1
139,8785,253.83,172.81,52.27,151.27,1,-1,-1,-1
140,8785,253.93,172.79,52.17,151.31,1,-1,-1,-1
141,8783,306.71,174.76,43.83,144.23,1,-1,-1,-1
141,8785,251.07,172.80,50.82,148.05,1,-1,-1,-1
141,8806,132.12,180.61,55.42,195.49,1,-1,-1,-1
142,8783,307.71,175.50,43.81,143.51,1,-1,-1,-1
142,8785,251.29,174.79,49.70,144.82,1,-1,-1,-1
142,8806,126.94,181.17,58.90,195.44,1,-1,-1,-1
143,8783,308.92,177.70,43.33,140.00,1,-1,-1,-1
143,8785,251.52,176.86,48.40,140.96,1,-1,-1,-1
143,8806,110.87,169.89,65.58,214.55,1,-1,-1,-1
144,8783,309.42,182.49,41.79,134.06,1,-1,-1,-1
144,8785,251.25,177.64,48.03,139.52,1,-1,-1,-1
144,8806,103.06,163.19,70.99,229.15,1,-1,-1,-1
145,8783,309.57,184.29,41.33,131.83,1,-1,-1,-1
145,8785,251.15,177.93,47.96,139.00,1,-1,-1,-1
145,8806,99.78,160.50,73.60,234.96,1,-1,-1,-1
146,8783,309.58,184.94,41.29,131.03,1,-1,-1,-1
146,8785,251.10,178.03,48.00,138.82,1,-1,-1,-1
146,8806,98.43,159.47,74.99,237.14,1,-1,-1,-1
147,8783,309.55,185.16,41.39,130.76,1,-1,-1,-1
147,8785,251.08,178.07,48.07,138.77,1,-1,-1,-1
147,8806,97.87,159.11,75.83,237.83,1,-1,-1,-1
148,8783,306.24,177.32,44.75,144.52,1,-1,-1,-1
148,8785,252.54,174.79,49.80,144.02,1,-1,-1,-1
148,8806,71.07,129.82,97.16,298.26,1,-1,-1,-1
148,8817,185.00,187.00,37.00,90.00,1,-1,-1,-1
149,8783,305.74,177.00,44.55,146.37,1,-1,-1,-1
149,8785,252.85,174.22,50.30,145.33,1,-1,-1,-1
149,8806,37.86,104.84,115.41,350.16,1,-1,-1,-1
150,8783,305.87,175.59,44.52,148.36,1,-1,-1,-1
150,8785,252.78,174.00,50.23,144.54,1,-1,-1,-1
150,8806,30.49,100.14,119.07,361.26,1,-1,-1,-1
151,8783,306.10,175.06,44.17,149.11,1,-1,-1,-1
151,8785,252.72,173.92,50.31,144.23,1,-1,-1,-1
152,8783,306.36,174.87,43.74,149.37,1,-1,-1,-1
152,8785,252.65,173.90,50.44,144.11,1,-1,-1,-1
153,8783,306.60,174.81,43.30,149.44,1,-1,-1,-1
153,8785,252.59,173.90,50.57,144.06,1,-1,-1,-1
154,8783,306.83,174.80,42.89,149.44,1,-1,-1,-1
154,8785,252.54,173.91,50.70,144.04,1,-1,-1,-1
155,8783,304.83,171.56,44.34,155.26,1,-1,-1,-1
155,8785,251.29,177.18,49.95,141.42,1,-1,-1,-1
155,8818,463.00,176.00,42.00,151.00,1,-1,-1,-1
156,8783,304.15,170.35,44.75,157.43,1,-1,-1,-1
156,8785,250.79,178.43,49.74,140.42,1,-1,-1,-1
156,8818,463.00,176.00,42.00,151.00,1,-1,-1,-1
157,8783,303.96,169.90,44.80,158.24,1,-1,-1,-1
157,8785,250.57,178.89,49.74,140.05,1,-1,-1,-1
157,8818,463.00,176.00,42.00,151.00,1,-1,-1,-1
158,8783,303.95,169.74,44.71,158.52,1,-1,-1,-1
158,8785,250.46,179.06,49.82,139.92,1,-1,-1,-1
158,8818,463.00,176.00,42.00,151.00,1,-1,-1,-1
159,8783,304.01,169.70,44.58,158.59,1,-1,-1,-1
159,8785,250.39,179.11,49.91,139.88,1,-1,-1,-1
159,8818,463.00,176.00,42.00,151.00,1,-1,-1,-1
160,8783,304.09,169.70,44.44,158.58,1,-1,-1,-1
160,8785,250.35,179.12,50.01,139.88,1,-1,-1,-1
160,8818,463.00,176.00,42.00,151.00,1,-1,-1,-1
161,8783,304.17,169.72,44.30,158.54,1,-1,-1,-1
161,8785,250.31,179.12,50.10,139.88,1,-1,-1,-1
161,8818,463.00,176.00,42.00,151.00,1,-1,-1,-1
162,8722,139.78,195.15,33.22,96.67,1,-1,-1,-1
162,8783,310.70,178.18,41.01,145.51,1,-1,-1,-1
162,8785,251.15,174.53,52.37,145.78,1,-1,-1,-1
162,8818,463.00,176.00,42.00,151.00,1,-1,-1,-1
163,8722,141.86,194.57,32.82,95.49,1,-1,-1,-1
163,8783,313.18,178.83,40.57,143.72,1,-1,-1,-1
163,8785,251.39,169.60,54.67,151.84,1,-1,-1,-1
164,8783,314.04,179.06,40.45,143.09,1,-1,-1,-1
164,8785,251.45,167.70,55.62,154.17,1,-1,-1,-1
165,8783,314.33,179.13,40.45,142.87,1,-1,-1,-1
165,8785,251.44,166.98,56.04,155.06,1,-1,-1,-1
166,8783,314.41,179.15,40.48,142.81,1,-1,-1,-1
166,8785,251.41,166.73,56.25,155.36,1,-1,-1,-1
167,8783,314.41,179.15,40.52,142.79,1,-1,-1,-1
167,8785,251.38,166.65,56.36,155.45,1,-1,-1,-1
168,8783,314.39,179.13,40.56,142.80,1,-1,-1,-1
168,8785,251.35,166.65,56.44,155.46,1,-1,-1,-1
169,8783,314.73,179.36,40.47,142.47,1,-1,-1,-1
169,8785,257.29,171.85,54.94,153.49,1,-1,-1,-1
169,8819,24.00,227.00,29.00,51.00,1,-1,-1,-1
169,8820,170.00,194.00,37.00,110.00,1,-1,-1,-1
170,8785,255.33,164.08,58.25,165.11,1,-1,-1,-1
170,8820,171.66,194.00,36.25,107.43,1,-1,-1,-1
171,8722,88.01,190.00,42.24,114.50,1,-1,-1,-1
171,8783,315.82,169.91,37.70,131.91,1,-1,-1,-1
171,8785,254.75,160.58,59.17,170.02,1,-1,-1,-1
171,8820,170.52,192.48,37.45,110.79,1,-1,-1,-1
172,8722,85.10,188.52,44.08,114.62,1,-1,-1,-1
172,8783,315.99,169.08,37.25,129.52,1,-1,-1,-1
172,8785,253.83,158.57,58.98,171.29,1,-1,-1,-1
172,8820,167.32,189.79,39.07,114.84,1,-1,-1,-1
173,8722,83.88,187.96,45.25,114.61,1,-1,-1,-1
173,8783,315.99,168.81,37.22,128.74,1,-1,-1,-1
173,8785,253.62,157.82,58.57,171.73,1,-1,-1,-1
173,8820,166.11,188.89,39.83,116.20,1,-1,-1,-1
174,8722,83.34,187.76,46.07,114.57,1,-1,-1,-1
174,8783,315.93,168.73,37.33,128.49,1,-1,-1,-1
174,8785,253.68,157.56,58.10,171.84,1,-1,-1,-1
174,8820,165.63,188.63,40.29,116.58,1,-1,-1,-1
175,8722,83.09,187.70,46.68,114.52,1,-1,-1,-1
175,8783,315.85,168.72,37.47,128.44,1,-1,-1,-1
175,8785,253.84,157.50,57.64,171.84,1,-1,-1,-1
175,8820,165.39,188.59,40.66,116.64,1,-1,-1,-1
176,8722,80.30,187.14,47.02,115.36,1,-1,-1,-1
176,8783,313.79,166.09,43.54,149.57,1,-1,-1,-1
176,8785,255.21,151.03,61.31,184.73,1,-1,-1,-1
176,8820,159.87,181.16,44.27,126.76,1,-1,-1,-1
177,8783,313.84,165.37,43.89,150.78,1,-1,-1,-1
177,8785,256.78,155.55,58.67,176.31,1,-1,-1,-1
177,8820,158.60,181.72,44.77,126.52,1,-1,-1,-1
177,8821,116.00,180.00,36.00,130.00,1,-1,-1,-1
178,8785,258.15,161.41,54.78,166.17,1,-1,-1,-1
178,8820,158.06,184.03,43.19,120.35,1,-1,-1,-1
178,8822,224.00,209.00,21.00,53.00,1,-1,-1,-1
179,8722,102.11,182.45,47.75,123.20,1,-1,-1,-1
179,8783,315.86,161.54,39.55,137.51,1,-1,-1,-1
179,8785,264.56,168.31,45.46,131.76,1,-1,-1,-1
179,8820,156.76,182.97,43.63,121.59,1,-1,-1,-1
180,8722,101.57,181.66,48.24,124.44,1,-1,-1,-1
180,8783,316.03,160.64,39.56,137.54,1,-1,-1,-1
180,8785,265.46,168.58,44.59,129.25,1,-1,-1,-1
180,8823,28.00,161.00,98.00,157.00,1,-1,-1,-1
181,8823,28.00,161.00,98.00,157.00,1,-1,-1,-1
182,8823,28.00,161.00,98.00,157.00,1,-1,-1,-1
183,8783,316.07,171.26,41.71,145.03,1,-1,-1,-1
183,8785,266.51,187.24,43.20,126.52,1,-1,-1,-1
183,8823,-4.11,140.96,114.73,186.68,1,-1,-1,-1
183,8824,221.00,215.00,21.00,59.00,1,-1,-1,-1
184,8783,317.61,173.14,41.55,145.21,1,-1,-1,-1
184,8785,265.59,182.88,45.81,136.59,1,-1,-1,-1
184,8823,-12.94,152.83,107.32,178.03,1,-1,-1,-1
185,8722,80.99,159.71,64.14,177.55,1,-1,-1,-1
185,8783,318.24,175.11,41.97,147.23,1,-1,-1,-1
185,8785,267.94,186.04,43.96,132.72,1,-1,-1,-1
185,8820,131.56,162.89,63.06,172.21,1,-1,-1,-1
185,8823,-19.43,140.45,112.11,190.02,1,-1,-1,-1
186,8722,79.15,157.72,65.72,181.92,1,-1,-1,-1
186,8783,318.17,173.90,42.08,148.62,1,-1,-1,-1
186,8785,268.43,191.19,40.75,121.94,1,-1,-1,-1
186,8820,129.24,164.59,64.98,173.84,1,-1,-1,-1
186,8823,-26.80,123.56,124.19,216.66,1,-1,-1,-1
187,8783,317.67,165.66,41.11,145.90,1,-1,-1,-1
187,8785,269.62,180.76,39.52,114.52,1,-1,-1,-1
187,8820,122.57,152.84,72.98,194.43,1,-1,-1,-1
187,8823,-36.15,117.52,129.66,226.20,1,-1,-1,-1
188,8783,316.26,170.31,41.83,148.09,1,-1,-1,-1
188,8785,267.19,179.06,45.44,133.19,1,-1,-1,-1
188,8820,121.45,160.51,70.69,184.06,1,-1,-1,-1
188,8825,88.00,151.00,79.00,203.00,1,-1,-1,-1
189,8783,316.04,172.71,43.41,150.19,1,-1,-1,-1
189,8785,264.84,177.25,47.99,141.85,1,-1,-1,-1
189,8820,118.61,153.73,76.61,197.16,1,-1,-1,-1
190,8783,314.48,172.98,45.02,153.56,1,-1,-1,-1
190,8785,264.51,172.69,50.94,151.74,1,-1,-1,-1
190,8820,117.14,154.93,77.12,195.23,1,-1,-1,-1
190,8826,219.00,213.00,17.00,65.00,1,-1,-1,-1
191,8783,315.47,171.79,46.32,155.48,1,-1,-1,-1
191,8785,263.95,168.99,52.94,160.04,1,-1,-1,-1
191,8820,115.05,153.61,79.82,202.47,1,-1,-1,-1
192,8783,315.67,171.32,47.19,156.19,1,-1,-1,-1
192,8785,263.94,167.53,53.30,163.29,1,-1,-1,-1
192,8820,114.32,153.13,80.75,205.20,1,-1,-1,-1
193,8783,315.58,171.13,47.85,156.43,1,-1,-1,-1
193,8785,264.11,166.97,53.05,164.52,1,-1,-1,-1
193,8820,114.15,153.00,80.99,206.14,1,-1,-1,-1
194,8783,315.39,171.06,48.39,156.49,1,-1,-1,-1
194,8785,264.35,166.77,52.61,164.93,1,-1,-1,-1
194,8820,114.19,153.00,80.96,206.37,1,-1,-1,-1
195,8783,315.18,171.03,48.86,156.48,1,-1,-1,-1
195,8785,264.59,166.71,52.12,165.03,1,-1,-1,-1
195,8820,114.30,153.05,80.85,206.33,1,-1,-1,-1
196,8783,314.98,171.02,49.27,156.45,1,-1,-1,-1
196,8785,264.82,166.70,51.64,165.01,1,-1,-1,-1
196,8820,114.43,153.12,80.70,206.20,1,-1,-1,-1
197,8783,315.05,171.05,49.51,157.19,1,-1,-1,-1
197,8785,275.70,138.99,62.11,193.33,1,-1,-1,-1
197,8820,80.38,110.13,111.00,286.37,1,-1,-1,-1
197,8827,221.00,218.00,20.00,65.00,1,-1,-1,-1
198,8785,278.40,126.38,67.31,204.97,1,-1,-1,-1
198,8820,57.12,87.37,128.46,336.23,1,-1,-1,-1
198,8827,220.79,215.43,21.27,69.29,1,-1,-1,-1
198,8828,201.00,214.00,22.00,69.00,1,-1,-1,-1
199,8783,316.35,171.85,46.53,151.47,1,-1,-1,-1
199,8785,272.65,157.18,54.59,167.49,1,-1,-1,-1
199,8820,35.39,54.80,150.07,393.90,1,-1,-1,-1
199,8827,218.19,215.73,20.77,67.81,1,-1,-1,-1
199,8828,200.26,219.14,20.91,65.57,1,-1,-1,-1
200,8783,316.47,171.93,46.58,151.63,1,-1,-1,-1
200,8785,273.24,156.00,55.14,169.18,1,-1,-1,-1
200,8820,11.99,31.52,166.38,439.61,1,-1,-1,-1
200,8827,217.07,217.36,20.96,68.69,1,-1,-1,-1
200,8828,200.68,216.17,21.94,68.83,1,-1,-1,-1
200,8829,174.00,216.00,19.00,65.00,1,-1,-1,-1
201,8783,318.21,175.15,44.33,146.46,1,-1,-1,-1
201,8820,-0.34,13.33,172.75,461.31,1,-1,-1,-1
201,8827,218.27,217.92,20.84,68.27,1,-1,-1,-1
201,8828,201.10,216.65,20.98,65.51,1,-1,-1,-1
202,8783,317.10,171.76,46.16,155.56,1,-1,-1,-1
202,8820,-7.25,5.60,178.37,476.32,1,-1,-1,-1
202,8827,217.40,218.80,21.35,70.23,1,-1,-1,-1
202,8828,201.29,216.47,20.82,65.01,1,-1,-1,-1
202,8830,179.00,214.00,19.00,72.00,1,-1,-1,-1
203,8783,324.47,172.56,45.45,155.40,1,-1,-1,-1
203,8827,216.96,217.04,21.85,72.27,1,-1,-1,-1
204,8783,320.35,172.22,44.21,154.02,1,-1,-1,-1
204,8827,216.58,214.37,22.49,75.02,1,-1,-1,-1
205,8783,318.96,172.09,43.33,153.47,1,-1,-1,-1
205,8827,216.52,213.36,22.60,76.02,1,-1,-1,-1
206,8783,318.61,172.04,42.63,153.25,1,-1,-1,-1
206,8827,216.58,212.99,22.51,76.36,1,-1,-1,-1
207,8783,318.63,172.02,42.04,153.16,1,-1,-1,-1
207,8827,216.67,212.86,22.35,76.45,1,-1,-1,-1
208,8783,318.79,172.01,41.52,153.12,1,-1,-1,-1
208,8827,216.78,212.83,22.17,76.45,1,-1,-1,-1
209,8783,318.98,172.01,41.07,153.10,1,-1,-1,-1
209,8827,216.88,212.83,21.99,76.42,1,-1,-1,-1
210,8783,319.17,172.01,40.66,153.09,1,-1,-1,-1
210,8827,216.98,212.84,21.82,76.38,1,-1,-1,-1
211,8783,327.66,173.31,41.28,154.38,1,-1,-1,-1
211,8785,277.14,180.72,46.40,139.63,1,-1,-1,-1
211,8827,220.46,214.16,20.76,73.08,1,-1,-1,-1
212,8783,331.49,169.25,42.89,159.42,1,-1,-1,-1
212,8785,276.97,179.64,47.12,139.67,1,-1,-1,-1
212,8827,221.89,215.35,20.87,73.77,1,-1,-1,-1
212,8828,199.73,215.99,21.60,64.95,1,-1,-1,-1
213,8783,332.85,167.71,43.63,161.32,1,-1,-1,-1
213,8785,276.79,179.45,47.64,139.59,1,-1,-1,-1
213,8827,222.43,215.78,20.86,74.02,1,-1,-1,-1
213,8828,199.36,215.97,22.25,64.95,1,-1,-1,-1
214,8783,333.28,167.12,44.04,162.04,1,-1,-1,-1
214,8785,276.59,179.37,48.06,139.59,1,-1,-1,-1
214,8827,222.65,215.95,20.80,74.10,1,-1,-1,-1
214,8828,199.07,215.96,22.80,64.94,1,-1,-1,-1
215,8783,333.36,166.91,44.29,162.28,1,-1,-1,-1
215,8785,276.41,179.31,48.42,139.62,1,-1,-1,-1
215,8827,222.75,216.01,20.74,74.12,1,-1,-1,-1
215,8828,198.84,215.97,23.27,64.95,1,-1,-1,-1
216,8783,333.30,166.84,44.48,162.36,1,-1,-1,-1
216,8785,276.24,179.27,48.73,139.66,1,-1,-1,-1
216,8827,222.79,216.03,20.67,74.12,1,-1,-1,-1
216,8828,198.63,215.97,23.67,64.95,1,-1,-1,-1
217,8783,333.21,166.83,44.64,162.36,1,-1,-1,-1
217,8785,276.10,179.23,48.99,139.70,1,-1,-1,-1
217,8827,222.82,216.03,20.61,74.12,1,-1,-1,-1
217,8828,198.46,215.97,24.03,64.96,1,-1,-1,-1
218,8783,338.54,170.08,43.66,157.14,1,-1,-1,-1
218,8785,281.50,173.92,52.72,150.97,1,-1,-1,-1
218,8827,223.72,213.42,24.68,86.53,1,-1,-1,-1
218,8828,198.43,215.92,24.00,64.88,1,-1,-1,-1
218,8831,7.00,108.00,104.00,287.00,1,-1,-1,-1
219,8783,340.68,171.34,43.68,157.09,1,-1,-1,-1
219,8785,283.25,170.05,53.89,154.46,1,-1,-1,-1
219,8827,225.19,211.24,25.73,87.95,1,-1,-1,-1
220,8783,341.43,171.81,43.71,157.06,1,-1,-1,-1
220,8785,283.93,168.52,54.32,155.82,1,-1,-1,-1
220,8827,225.63,210.33,26.47,88.47,1,-1,-1,-1
221,8783,341.67,171.98,43.73,157.05,1,-1,-1,-1
221,8785,284.17,167.95,54.45,156.31,1,-1,-1,-1
221,8827,225.64,209.98,27.06,88.63,1,-1,-1,-1
222,8783,341.71,172.04,43.76,157.04,1,-1,-1,-1
222,8785,284.25,167.75,54.47,156.46,1,-1,-1,-1
222,8827,225.49,209.86,27.55,88.65,1,-1,-1,-1
223,8783,341.68,172.06,43.78,157.04,1,-1,-1,-1
223,8785,284.26,167.70,54.44,156.49,1,-1,-1,-1
223,8827,225.30,209.82,27.98,88.63,1,-1,-1,-1
224,8783,341.63,172.07,43.80,157.04,1,-1,-1,-1
224,8785,284.25,167.69,54.41,156.47,1,-1,-1,-1
224,8827,225.10,209.82,28.37,88.58,1,-1,-1,-1
225,8783,341.03,168.80,44.91,161.60,1,-1,-1,-1
225,8785,283.62,162.51,57.55,166.84,1,-1,-1,-1
225,8827,220.69,207.89,30.04,93.06,1,-1,-1,-1
226,8783,340.69,169.51,44.87,161.38,1,-1,-1,-1
226,8785,283.21,159.31,60.34,175.79,1,-1,-1,-1
226,8827,219.31,207.80,30.73,94.10,1,-1,-1,-1
226,8828,186.76,200.66,37.87,104.22,1,-1,-1,-1
227,8783,340.75,171.09,43.76,158.67,1,-1,-1,-1
227,8785,284.76,163.77,57.97,167.88,1,-1,-1,-1
227,8827,217.69,203.29,32.49,99.60,1,-1,-1,-1
227,8828,187.10,199.85,37.84,107.49,1,-1,-1,-1
227,8832,170.00,202.00,36.00,100.00,1,-1,-1,-1
228,8783,341.14,169.73,43.22,158.28,1,-1,-1,-1
228,8785,284.35,164.99,57.69,167.15,1,-1,-1,-1
228,8827,216.36,203.47,33.32,102.31,1,-1,-1,-1
228,8828,188.28,201.39,37.06,108.81,1,-1,-1,-1
228,8832,168.02,202.00,36.52,101.71,1,-1,-1,-1
229,8783,341.76,169.22,42.68,158.13,1,-1,-1,-1
229,8785,284.77,164.45,58.12,168.42,1,-1,-1,-1
229,8827,217.40,201.02,33.69,103.98,1,-1,-1,-1
229,8828,190.04,200.81,36.08,109.26,1,-1,-1,-1
229,8832,164.83,200.51,36.38,102.00,1,-1,-1,-1
229,8833,127.00,201.00,28.00,100.00,1,-1,-1,-1
230,8783,341.00,167.73,42.47,158.72,1,-1,-1,-1
230,8785,283.71,159.40,59.27,172.98,1,-1,-1,-1
230,8827,218.78,201.36,33.82,104.59,1,-1,-1,-1
230,8828,189.04,201.23,35.96,110.00,1,-1,-1,-1
230,8832,165.11,200.00,38.07,107.25,1,-1,-1,-1
231,8783,344.91,167.17,37.88,142.64,1,-1,-1,-1
231,8785,284.90,159.49,57.47,168.92,1,-1,-1,-1
231,8827,219.99,196.39,34.44,106.69,1,-1,-1,-1
231,8828,187.35,194.47,37.26,115.92,1,-1,-1,-1
231,8832,164.10,192.81,40.26,113.93,1,-1,-1,-1
231,8834,120.00,195.00,33.00,107.00,1,-1,-1,-1
232,8783,345.65,166.28,36.26,137.69,1,-1,-1,-1
232,8785,284.24,160.19,56.37,168.03,1,-1,-1,-1
232,8827,222.38,198.32,34.02,105.55,1,-1,-1,-1
232,8828,185.27,193.74,37.49,118.80,1,-1,-1,-1
232,8832,164.50,194.98,39.56,112.89,1,-1,-1,-1
232,8834,117.30,196.71,33.26,107.86,1,-1,-1,-1
233,8783,346.64,165.98,35.54,135.99,1,-1,-1,-1
233,8785,286.05,164.39,53.11,159.86,1,-1,-1,-1
233,8827,221.79,193.31,35.59,110.85,1,-1,-1,-1
233,8828,185.86,191.60,37.28,119.26,1,-1,-1,-1
233,8832,162.19,191.17,39.50,113.66,1,-1,-1,-1
233,8834,114.44,194.01,33.62,109.50,1,-1,-1,-1
234,8783,346.20,168.55,36.85,142.10,1,-1,-1,-1
234,8785,288.65,170.01,49.35,148.72,1,-1,-1,-1
234,8827,221.57,195.87,35.56,109.03,1,-1,-1,-1
234,8828,184.70,193.32,36.83,117.45,1,-1,-1,-1
234,8832,147.17,189.16,40.31,115.88,1,-1,-1,-1
234,8834,118.65,194.55,33.03,106.36,1,-1,-1,-1
234,8835,167.00,189.00,37.00,121.00,1,-1,-1,-1
235,8783,345.91,172.75,36.92,143.69,1,-1,-1,-1
235,8785,290.00,174.14,47.83,144.56,1,-1,-1,-1
235,8827,221.74,195.65,36.28,112.75,1,-1,-1,-1
235,8828,183.89,194.67,36.74,117.30,1,-1,-1,-1
235,8832,140.27,186.48,42.61,121.93,1,-1,-1,-1
235,8834,102.70,195.52,33.39,106.70,1,-1,-1,-1
235,8835,165.60,190.71,37.24,121.86,1,-1,-1,-1
236,8783,344.92,171.75,38.03,149.57,1,-1,-1,-1
236,8785,290.22,175.61,47.12,143.10,1,-1,-1,-1
236,8827,221.48,194.94,37.19,116.04,1,-1,-1,-1
236,8828,172.21,192.65,36.39,118.48,1,-1,-1,-1
236,8832,138.63,185.51,43.00,124.16,1,-1,-1,-1
236,8834,94.66,193.03,35.41,112.50,1,-1,-1,-1
237,8783,343.62,170.07,39.63,156.96,1,-1,-1,-1
237,8785,289.02,172.80,49.39,151.26,1,-1,-1,-1
237,8827,220.45,194.05,39.37,123.65,1,-1,-1,-1
237,8828,168.15,192.54,37.99,124.63,1,-1,-1,-1
237,8832,138.96,189.11,41.46,119.73,1,-1,-1,-1
237,8834,92.65,194.19,35.41,110.45,1,-1,-1,-1
238,8783,341.05,164.30,41.80,166.83,1,-1,-1,-1
238,8785,288.23,170.47,50.26,154.88,1,-1,-1,-1
238,8827,221.68,198.74,36.97,116.52,1,-1,-1,-1
238,8828,167.67,189.35,39.63,132.01,1,-1,-1,-1
238,8832,135.73,187.97,41.92,121.83,1,-1,-1,-1
238,8834,86.83,189.20,39.24,119.86,1,-1,-1,-1
239,8783,342.16,165.23,40.97,161.78,1,-1,-1,-1
239,8785,287.80,170.20,50.19,154.35,1,-1,-1,-1
239,8827,221.71,194.85,37.55,120.63,1,-1,-1,-1
239,8828,164.85,188.12,41.20,138.63,1,-1,-1,-1
239,8832,136.07,186.92,43.69,129.73,1,-1,-1,-1
239,8834,84.51,186.13,40.52,122.55,1,-1,-1,-1
240,8783,340.79,164.32,42.31,166.17,1,-1,-1,-1
240,8785,288.41,172.05,48.57,148.92,1,-1,-1,-1
240,8827,220.89,195.34,36.86,119.57,1,-1,-1,-1
240,8828,164.22,192.04,39.02,130.55,1,-1,-1,-1
240,8832,135.65,188.45,42.36,127.60,1,-1,-1,-1
240,8834,71.56,178.43,46.50,137.90,1,-1,-1,-1
241,8783,339.04,161.42,44.00,173.56,1,-1,-1,-1
241,8785,287.81,164.15,53.59,165.39,1,-1,-1,-1
241,8827,219.66,196.20,37.09,121.03,1,-1,-1,-1
241,8828,161.64,191.11,39.69,134.21,1,-1,-1,-1
241,8832,135.12,187.83,42.13,129.21,1,-1,-1,-1
241,8834,66.06,178.04,46.92,139.27,1,-1,-1,-1
241,8836,88.00,186.00,38.00,126.00,1,-1,-1,-1
242,8783,338.31,165.41,43.49,170.65,1,-1,-1,-1
242,8785,289.42,169.53,51.74,158.00,1,-1,-1,-1
242,8827,219.38,194.62,38.08,124.76,1,-1,-1,-1
242,8828,158.78,186.95,41.21,140.01,1,-1,-1,-1
242,8832,133.10,181.81,45.15,140.10,1,-1,-1,-1
242,8834,60.05,174.80,48.00,142.20,1,-1,-1,-1
242,8837,121.00,176.00,42.00,147.00,1,-1,-1,-1
243,8783,338.22,168.96,42.88,166.18,1,-1,-1,-1
243,8785,288.00,171.80,53.12,160.78,1,-1,-1,-1
243,8827,213.95,190.19,41.43,135.73,1,-1,-1,-1
243,8828,156.94,185.95,41.97,142.56,1,-1,-1,-1
243,8832,122.71,182.68,45.45,141.06,1,-1,-1,-1
243,8834,57.72,180.62,47.38,141.33,1,-1,-1,-1
243,8838,45.00,189.00,43.00,126.00,1,-1,-1,-1
244,8783,339.36,176.86,40.32,155.27,1,-1,-1,-1
244,8785,289.99,181.05,49.25,146.90,1,-1,-1,-1
244,8827,212.49,203.48,38.37,124.94,1,-1,-1,-1
244,8832,115.15,179.90,47.92,150.28,1,-1,-1,-1
244,8834,44.92,181.05,48.03,144.08,1,-1,-1,-1
244,8838,54.76,181.29,48.34,142.29,1,-1,-1,-1
245,8783,339.12,177.87,40.03,152.40,1,-1,-1,-1
245,8785,289.26,179.98,49.37,146.09,1,-1,-1,-1
245,8827,210.29,208.49,37.63,122.18,1,-1,-1,-1
245,8832,110.73,178.85,48.21,153.78,1,-1,-1,-1
245,8834,38.66,183.17,45.43,136.74,1,-1,-1,-1
245,8838,57.86,180.00,46.98,139.30,1,-1,-1,-1
246,8783,338.10,176.23,40.47,152.69,1,-1,-1,-1
246,8785,289.51,180.74,49.15,145.46,1,-1,-1,-1
246,8827,205.89,194.63,41.30,136.84,1,-1,-1,-1
246,8832,107.27,177.56,49.20,156.94,1,-1,-1,-1
246,8834,38.58,182.10,44.75,135.64,1,-1,-1,-1
246,8838,59.88,178.71,47.31,140.26,1,-1,-1,-1
247,8783,337.93,176.76,40.40,152.42,1,-1,-1,-1
247,8785,289.16,176.44,50.56,149.63,1,-1,-1,-1
247,8827,207.67,205.82,37.74,124.71,1,-1,-1,-1
247,8832,129.28,194.00,45.71,144.34,1,-1,-1,-1
247,8834,21.06,178.46,47.10,144.32,1,-1,-1,-1
248,8783,336.78,168.55,42.40,161.32,1,-1,-1,-1
248,8785,290.08,176.24,49.58,147.16,1,-1,-1,-1
248,8827,204.54,193.42,40.82,133.91,1,-1,-1,-1
248,8828,93.09,163.86,55.58,175.78,1,-1,-1,-1
248,8832,129.07,180.45,49.83,161.02,1,-1,-1,-1
248,8834,9.68,168.22,52.70,163.41,1,-1,-1,-1
249,8783,336.75,169.41,42.34,163.94,1,-1,-1,-1
249,8785,289.12,175.50,50.48,150.88,1,-1,-1,-1
249,8827,199.83,192.22,39.59,130.84,1,-1,-1,-1
249,8828,87.89,161.78,56.80,179.63,1,-1,-1,-1
249,8832,127.50,179.34,50.82,164.22,1,-1,-1,-1
249,8834,3.14,161.80,56.71,177.57,1,-1,-1,-1
250,8783,337.88,171.02,41.35,162.30,1,-1,-1,-1
250,8785,289.42,176.52,49.50,149.01,1,-1,-1,-1
250,8827,196.48,188.53,41.42,137.29,1,-1,-1,-1
250,8834,-3.62,159.54,58.18,182.16,1,-1,-1,-1
251,8783,338.46,171.65,40.68,161.65,1,-1,-1,-1
251,8785,289.62,176.91,48.95,148.29,1,-1,-1,-1
251,8827,195.28,187.16,42.02,139.69,1,-1,-1,-1
252,8783,338.82,171.89,40.16,161.38,1,-1,-1,-1
252,8785,289.77,177.05,48.58,148.02,1,-1,-1,-1
252,8827,194.89,186.66,42.18,140.57,1,-1,-1,-1
253,8783,335.58,165.46,42.16,170.40,1,-1,-1,-1
253,8785,287.84,175.13,49.13,150.55,1,-1,-1,-1
253,8827,188.83,177.50,47.72,158.85,1,-1,-1,-1
254,8783,334.43,168.81,40.23,163.54,1,-1,-1,-1
254,8785,287.25,177.66,47.78,145.00,1,-1,-1,-1
254,8827,184.74,175.30,49.10,163.22,1,-1,-1,-1
255,8783,334.05,170.18,39.32,160.72,1,-1,-1,-1
255,8785,286.91,178.63,47.48,142.85,1,-1,-1,-1
255,8827,183.10,174.47,49.67,164.90,1,-1,-1,-1
256,8783,333.98,170.70,38.88,159.66,1,-1,-1,-1
256,8785,286.68,178.99,47.59,142.07,1,-1,-1,-1
256,8827,182.49,174.19,49.90,165.46,1,-1,-1,-1
257,8783,334.02,170.89,38.61,159.26,1,-1,-1,-1
257,8785,286.50,179.11,47.83,141.80,1,-1,-1,-1
257,8827,182.30,174.14,49.99,165.59,1,-1,-1,-1
258,8783,334.09,170.97,38.42,159.10,1,-1,-1,-1
258,8785,286.35,179.14,48.10,141.72,1,-1,-1,-1
258,8827,182.26,174.16,50.02,165.55,1,-1,-1,-1
259,8783,334.17,170.99,38.27,159.04,1,-1,-1,-1
259,8785,286.22,179.14,48.36,141.71,1,-1,-1,-1
259,8827,182.29,174.21,50.04,165.46,1,-1,-1,-1
260,8783,334.21,182.77,36.25,145.29,1,-1,-1,-1
260,8785,282.84,186.35,46.62,135.17,1,-1,-1,-1
260,8827,180.82,172.95,50.74,167.79,1,-1,-1,-1
261,8783,335.28,189.38,34.75,136.56,1,-1,-1,-1
261,8785,282.00,189.76,46.39,132.69,1,-1,-1,-1
262,8783,335.51,191.69,34.56,133.50,1,-1,-1,-1
262,8785,281.55,190.97,46.64,131.82,1,-1,-1,-1
263,8783,335.43,192.46,34.82,132.47,1,-1,-1,-1
263,8785,281.24,191.38,47.05,131.54,1,-1,-1,-1
264,8783,335.26,192.69,35.22,132.16,1,-1,-1,-1
264,8785,281.00,191.50,47.48,131.47,1,-1,-1,-1
265,8783,335.07,192.72,35.64,132.11,1,-1,-1,-1
265,8785,280.81,191.51,47.89,131.48,1,-1,-1,-1
266,8783,334.88,192.68,36.04,132.16,1,-1,-1,-1
266,8785,280.63,191.48,48.28,131.52,1,-1,-1,-1
267,8783,330.53,174.10,41.46,154.06,1,-1,-1,-1
267,8785,276.98,183.55,51.02,139.45,1,-1,-1,-1
267,8827,143.44,146.24,66.15,211.13,1,-1,-1,-1
268,8783,330.22,177.44,39.03,145.68,1,-1,-1,-1
268,8785,275.45,181.90,51.13,139.81,1,-1,-1,-1
268,8827,136.74,150.39,73.27,233.06,1,-1,-1,-1
269,8783,330.38,182.24,36.80,136.73,1,-1,-1,-1
269,8785,274.70,181.90,50.87,139.31,1,-1,-1,-1
269,8827,131.82,145.08,73.32,226.97,1,-1,-1,-1
270,8783,332.77,184.73,35.34,132.03,1,-1,-1,-1
270,8785,273.58,182.56,49.21,134.55,1,-1,-1,-1
270,8827,123.00,137.87,85.24,263.07,1,-1,-1,-1
270,8839,325.00,183.00,32.00,133.00,1,-1,-1,-1
271,8783,333.83,185.64,34.45,128.35,1,-1,-1,-1
271,8785,272.88,182.47,49.06,134.15,1,-1,-1,-1
271,8827,118.25,137.58,88.84,271.02,1,-1,-1,-1
271,8839,327.38,181.29,26.38,109.00,1,-1,-1,-1
272,8783,333.82,185.89,34.11,127.09,1,-1,-1,-1
272,8785,266.80,175.11,53.27,148.67,1,-1,-1,-1
272,8827,112.28,132.60,93.57,282.19,1,-1,-1,-1
273,8783,330.92,179.76,37.67,138.51,1,-1,-1,-1
273,8785,265.09,171.56,54.09,153.07,1,-1,-1,-1
273,8827,104.36,124.43,98.54,296.47,1,-1,-1,-1
274,8783,330.65,179.38,37.67,138.50,1,-1,-1,-1
274,8785,263.70,167.02,55.92,161.14,1,-1,-1,-1
274,8827,102.90,113.15,100.36,297.66,1,-1,-1,-1
275,8785,263.46,165.29,56.07,164.22,1,-1,-1,-1
275,8827,102.11,108.69,101.69,297.89,1,-1,-1,-1
276,8785,263.65,164.64,55.64,165.38,1,-1,-1,-1
276,8827,101.61,107.02,102.76,297.79,1,-1,-1,-1
277,8785,263.97,164.43,55.03,165.78,1,-1,-1,-1
277,8827,101.24,106.46,103.67,297.57,1,-1,-1,-1
278,8785,264.32,164.38,54.40,165.88,1,-1,-1,-1
278,8827,100.94,106.34,104.45,297.32,1,-1,-1,-1
279,8785,264.66,164.40,53.79,165.87,1,-1,-1,-1
279,8827,100.70,106.37,105.13,297.06,1,-1,-1,-1
280,8785,264.97,164.44,53.24,165.82,1,-1,-1,-1
280,8827,100.50,106.47,105.73,296.81,1,-1,-1,-1
281,8785,270.53,171.60,42.19,126.94,1,-1,-1,-1
281,8827,97.94,104.04,107.31,301.23,1,-1,-1,-1
281,8840,0.00,36.00,158.00,423.00,1,-1,-1,-1
282,8785,271.75,177.57,37.09,107.75,1,-1,-1,-1
282,8840,-5.39,22.29,163.63,439.29,1,-1,-1,-1
283,8783,330.71,178.89,39.32,141.87,1,-1,-1,-1
283,8785,270.64,180.88,42.83,124.88,1,-1,-1,-1
284,8783,329.72,176.18,42.12,151.55,1,-1,-1,-1
284,8785,269.53,181.24,44.74,131.72,1,-1,-1,-1
284,8841,175.00,213.00,21.00,66.00,1,-1,-1,-1
285,8783,329.18,176.56,42.81,155.37,1,-1,-1,-1
285,8785,269.96,185.24,44.44,131.91,1,-1,-1,-1
286,8783,329.06,176.72,42.92,156.83,1,-1,-1,-1
286,8785,270.24,186.78,44.13,131.99,1,-1,-1,-1
287,8783,329.08,176.80,42.82,157.36,1,-1,-1,-1
287,8785,270.44,187.32,43.84,132.01,1,-1,-1,-1
288,8783,334.09,178.13,41.81,150.43,1,-1,-1,-1
288,8785,275.00,184.21,45.92,135.30,1,-1,-1,-1
288,8842,200.00,217.00,20.00,60.00,1,-1,-1,-1
289,8783,336.35,174.05,43.45,156.90,1,-1,-1,-1
289,8785,278.47,177.18,49.67,145.61,1,-1,-1,-1
289,8842,199.38,221.29,19.52,58.29,1,-1,-1,-1
289,8843,80.00,214.00,20.00,68.00,1,-1,-1,-1
290,8783,338.67,173.85,42.96,155.40,1,-1,-1,-1
290,8785,282.32,176.42,51.71,149.50,1,-1,-1,-1
290,8842,198.16,223.52,18.64,54.96,1,-1,-1,-1
291,8783,339.58,173.79,42.72,154.77,1,-1,-1,-1
291,8785,283.65,176.12,52.87,151.00,1,-1,-1,-1
291,8842,197.67,224.17,18.57,53.92,1,-1,-1,-1
292,8783,350.69,175.73,43.19,150.60,1,-1,-1,-1
292,8785,287.88,171.50,55.47,158.61,1,-1,-1,-1
292,8842,198.13,216.88,21.85,63.32,1,-1,-1,-1
293,8783,356.00,177.81,43.82,147.66,1,-1,-1,-1
293,8785,289.99,173.55,54.16,153.88,1,-1,-1,-1
293,8842,197.69,215.22,23.41,68.30,1,-1,-1,-1
293,8844,225.00,216.00,18.00,57.00,1,-1,-1,-1
294,8783,359.16,181.22,42.91,140.63,1,-1,-1,-1
294,8785,291.48,175.70,51.53,146.68,1,-1,-1,-1
294,8842,200.13,214.62,23.37,67.60,1,-1,-1,-1
295,8783,361.59,183.18,42.59,136.65,1,-1,-1,-1
295,8785,297.48,177.84,50.74,143.21,1,-1,-1,-1
295,8842,200.62,216.47,23.64,68.49,1,-1,-1,-1
295,8845,495.00,226.00,24.00,59.00,1,-1,-1,-1
295,8846,221.00,212.00,20.00,65.00,1,-1,-1,-1
296,8783,365.61,181.88,42.74,135.21,1,-1,-1,-1
296,8785,301.58,174.69,52.53,146.51,1,-1,-1,-1
296,8842,200.84,215.67,24.24,70.22,1,-1,-1,-1
296,8845,496.74,220.86,25.67,63.29,1,-1,-1,-1
296,8846,222.53,213.71,19.50,63.29,1,-1,-1,-1
297,8783,373.07,178.08,43.98,138.70,1,-1,-1,-1
297,8785,308.01,173.53,52.37,145.77,1,-1,-1,-1
297,8842,215.39,217.29,21.69,61.96,1,-1,-1,-1
298,8783,375.20,172.75,46.86,146.54,1,-1,-1,-1
298,8785,313.22,175.70,51.25,142.86,1,-1,-1,-1
298,8842,219.75,216.22,22.22,63.58,1,-1,-1,-1
298,8847,199.00,229.00,24.00,50.00,1,-1,-1,-1
299,8783,375.26,168.18,49.96,157.85,1,-1,-1,-1
299,8785,315.74,173.91,51.53,145.66,1,-1,-1,-1
299,8842,220.88,219.18,22.98,66.09,1,-1,-1,-1
299,8848,251.00,214.00,16.00,61.00,1,-1,-1,-1
300,8783,377.45,165.80,50.51,161.57,1,-1,-1,-1
300,8785,321.87,176.49,50.24,141.51,1,-1,-1,-1
300,8842,224.30,219.65,22.37,63.12,1,-1,-1,-1
300,8848,248.30,214.86,15.40,58.43,1,-1,-1,-1
301,8783,381.12,166.80,50.04,161.74,1,-1,-1,-1
301,8785,325.22,179.47,49.51,137.90,1,-1,-1,-1
301,8842,225.17,223.17,21.49,58.56,1,-1,-1,-1
301,8848,247.23,215.76,15.01,56.47,1,-1,-1,-1
301,8849,541.00,231.00,26.00,52.00,1,-1,-1,-1
302,8783,383.74,171.75,47.92,156.59,1,-1,-1,-1
302,8785,329.69,184.56,47.22,129.93,1,-1,-1,-1
302,8842,223.23,220.43,23.41,63.60,1,-1,-1,-1
302,8848,249.72,216.80,15.39,57.41,1,-1,-1,-1
302,8849,541.04,226.71,29.35,58.86,1,-1,-1,-1
303,8783,388.22,175.01,46.48,153.23,1,-1,-1,-1
303,8785,331.18,183.09,49.15,135.02,1,-1,-1,-1
303,8842,224.85,220.36,23.62,64.16,1,-1,-1,-1
303,8848,248.87,214.20,16.69,62.11,1,-1,-1,-1
303,8849,542.32,226.00,29.50,59.29,1,-1,-1,-1
304,8783,392.28,178.22,43.63,145.39,1,-1,-1,-1
304,8785,333.26,179.31,51.91,143.34,1,-1,-1,-1
304,8848,248.61,211.94,17.72,65.76,1,-1,-1,-1
304,8849,551.41,226.52,30.35,61.50,1,-1,-1,-1
304,8850,147.00,215.00,22.00,63.00,1,-1,-1,-1
305,8783,399.00,178.11,43.92,146.39,1,-1,-1,-1
305,8785,338.33,179.79,51.32,142.01,1,-1,-1,-1
305,8848,249.24,211.76,18.64,68.43,1,-1,-1,-1
305,8849,554.13,226.15,30.98,62.78,1,-1,-1,-1
305,8850,148.15,217.57,21.42,61.29,1,-1,-1,-1
306,8783,404.17,170.21,47.61,158.54,1,-1,-1,-1
306,8785,346.60,177.37,50.03,138.20,1,-1,-1,-1
306,8842,241.13,213.91,25.26,69.47,1,-1,-1,-1
306,8848,249.37,211.19,19.10,70.14,1,-1,-1,-1
306,8850,153.53,214.96,22.33,64.04,1,-1,-1,-1
307,8783,410.85,172.37,47.68,156.68,1,-1,-1,-1
307,8785,351.34,176.44,51.38,141.34,1,-1,-1,-1
307,8842,243.70,213.31,25.58,70.34,1,-1,-1,-1
307,8850,155.49,214.35,22.59,64.79,1,-1,-1,-1
308,8783,413.21,173.28,47.99,155.87,1,-1,-1,-1
308,8785,352.97,176.10,51.99,142.50,1,-1,-1,-1
309,8783,419.97,167.13,50.46,162.70,1,-1,-1,-1
309,8785,361.15,177.92,51.80,139.69,1,-1,-1,-1
309,8842,246.21,205.39,29.09,79.47,1,-1,-1,-1
309,8848,228.14,215.20,18.96,68.01,1,-1,-1,-1
310,8783,426.64,165.47,53.25,166.53,1,-1,-1,-1
310,8785,365.10,177.92,51.81,139.73,1,-1,-1,-1
310,8842,245.63,203.46,30.52,84.18,1,-1,-1,-1
310,8848,226.16,215.19,19.23,69.01,1,-1,-1,-1
311,8783,428.51,172.55,51.05,155.79,1,-1,-1,-1
311,8785,371.55,181.84,49.96,134.55,1,-1,-1,-1
311,8842,245.27,201.48,31.96,89.08,1,-1,-1,-1
311,8850,166.66,220.59,20.51,58.45,1,-1,-1,-1
312,8783,432.72,173.43,51.33,156.08,1,-1,-1,-1
312,8785,374.75,181.38,51.58,137.43,1,-1,-1,-1
312,8842,244.79,201.34,33.10,93.48,1,-1,-1,-1
312,8850,168.26,218.81,20.86,59.46,1,-1,-1,-1
313,8783,434.13,173.75,51.52,156.17,1,-1,-1,-1
313,8785,375.71,181.23,52.44,138.42,1,-1,-1,-1
313,8842,244.67,201.32,33.31,95.20,1,-1,-1,-1
313,8850,168.81,218.34,20.95,59.72,1,-1,-1,-1
314,8783,434.50,173.88,51.68,156.20,1,-1,-1,-1
314,8785,375.83,181.16,53.01,138.79,1,-1,-1,-1
314,8842,244.65,201.35,33.18,95.82,1,-1,-1,-1
314,8850,168.93,218.17,20.98,59.83,1,-1,-1,-1
315,8783,434.48,173.93,51.81,156.19,1,-1,-1,-1
315,8785,375.63,181.13,53.45,138.94,1,-1,-1,-1
315,8842,244.68,201.39,32.95,96.01,1,-1,-1,-1
315,8850,168.89,218.09,21.00,59.87,1,-1,-1,-1
316,8783,441.32,164.17,55.57,171.19,1,-1,-1,-1
316,8785,382.86,179.15,54.46,140.95,1,-1,-1,-1
316,8842,243.87,196.97,34.38,100.49,1,-1,-1,-1
316,8850,170.46,218.18,20.93,59.70,1,-1,-1,-1
317,8783,448.36,163.71,49.18,149.63,1,-1,-1,-1
317,8785,387.28,181.64,51.93,134.56,1,-1,-1,-1
317,8842,244.57,195.92,34.13,100.29,1,-1,-1,-1
317,8851,149.00,212.00,21.00,68.00,1,-1,-1,-1
318,8783,448.30,162.26,53.15,162.69,1,-1,-1,-1
318,8785,390.96,183.94,49.97,130.08,1,-1,-1,-1
318,8842,245.83,194.75,34.76,102.15,1,-1,-1,-1
318,8851,146.40,214.57,20.20,65.43,1,-1,-1,-1
319,8783,451.74,168.12,52.22,160.69,1,-1,-1,-1
319,8785,391.89,186.11,50.51,131.77,1,-1,-1,-1
319,8842,244.44,199.89,34.25,100.25,1,-1,-1,-1
319,8852,223.00,205.00,32.00,92.00,1,-1,-1,-1
319,8853,293.00,210.00,17.00,72.00,1,-1,-1,-1
320,8783,452.47,170.52,52.78,163.75,1,-1,-1,-1
320,8785,391.75,184.27,51.54,135.67,1,-1,-1,-1
320,8842,243.32,201.04,35.33,103.27,1,-1,-1,-1
320,8848,223.68,201.49,29.13,101.20,1,-1,-1,-1
320,8853,295.99,213.43,17.02,72.00,1,-1,-1,-1
320,8854,47.00,188.00,33.00,121.00,1,-1,-1,-1
320,8855,273.00,214.00,20.00,71.00,1,-1,-1,-1
320,8856,127.00,218.00,25.00,65.00,1,-1,-1,-1
321,8783,456.40,175.96,50.03,153.90,1,-1,-1,-1
321,8785,395.22,186.16,51.21,133.91,1,-1,-1,-1
321,8842,243.49,199.52,36.53,108.82,1,-1,-1,-1
321,8848,222.51,200.25,30.73,106.32,1,-1,-1,-1
321,8853,294.55,211.75,17.90,75.75,1,-1,-1,-1
321,8854,45.15,180.29,35.84,131.29,1,-1,-1,-1
322,8783,458.59,181.43,47.28,143.98,1,-1,-1,-1
322,8785,396.27,184.25,52.73,137.17,1,-1,-1,-1
322,8842,244.23,198.32,37.49,111.56,1,-1,-1,-1
322,8848,219.48,201.01,31.56,106.45,1,-1,-1,-1
322,8853,293.24,211.88,18.35,77.73,1,-1,-1,-1
322,8854,42.93,177.55,36.52,133.73,1,-1,-1,-1
323,8783,459.16,180.74,48.49,147.73,1,-1,-1,-1
323,8785,397.47,182.88,52.85,137.74,1,-1,-1,-1
323,8842,243.32,198.49,38.31,114.49,1,-1,-1,-1
323,8848,218.45,200.24,32.26,108.82,1,-1,-1,-1
323,8853,292.74,211.79,18.70,79.19,1,-1,-1,-1
323,8854,42.02,175.80,37.05,135.67,1,-1,-1,-1
324,8783,459.34,180.49,48.91,149.06,1,-1,-1,-1
324,8785,397.85,182.35,52.84,137.95,1,-1,-1,-1
324,8842,242.98,198.58,38.52,115.58,1,-1,-1,-1
325,8783,459.32,180.37,49.06,149.58,1,-1,-1,-1
325,8785,397.94,182.14,52.79,138.03,1,-1,-1,-1
325,8842,242.86,198.63,38.51,115.95,1,-1,-1,-1
326,8783,459.22,180.31,49.11,149.79,1,-1,-1,-1
326,8785,397.91,182.06,52.72,138.05,1,-1,-1,-1
326,8842,242.83,198.67,38.42,116.03,1,-1,-1,-1
327,8783,459.11,180.27,49.12,149.87,1,-1,-1,-1
327,8785,397.85,182.03,52.66,138.06,1,-1,-1,-1
327,8842,242.83,198.71,38.31,116.00,1,-1,-1,-1
328,8783,459.01,180.24,49.12,149.91,1,-1,-1,-1
328,8785,397.78,182.02,52.60,138.06,1,-1,-1,-1
328,8842,242.84,198.73,38.19,115.94,1,-1,-1,-1
329,8783,458.91,180.21,49.11,149.93,1,-1,-1,-1
329,8785,397.71,182.01,52.54,138.05,1,-1,-1,-1
329,8842,242.86,198.76,38.08,115.87,1,-1,-1,-1
330,8783,468.80,181.50,48.76,147.32,1,-1,-1,-1
330,8785,404.35,179.40,54.73,142.62,1,-1,-1,-1
330,8842,235.05,189.08,42.64,128.07,1,-1,-1,-1
330,8848,190.70,196.83,38.00,117.66,1,-1,-1,-1
330,8853,292.77,217.78,17.35,71.60,1,-1,-1,-1
331,8783,470.70,171.44,52.23,156.87,1,-1,-1,-1
331,8785,408.34,178.42,54.44,139.82,1,-1,-1,-1
331,8842,229.60,181.74,46.31,140.11,1,-1,-1,-1
331,8848,188.62,196.17,38.63,119.61,1,-1,-1,-1
331,8853,292.61,218.29,17.31,71.44,1,-1,-1,-1
332,8783,469.74,168.40,54.22,162.92,1,-1,-1,-1
332,8785,409.55,180.66,54.17,137.39,1,-1,-1,-1
332,8842,230.49,184.38,43.47,131.90,1,-1,-1,-1
333,8783,469.20,165.31,55.17,165.91,1,-1,-1,-1
333,8785,407.30,176.27,57.35,144.35,1,-1,-1,-1
333,8842,221.47,187.56,44.85,133.40,1,-1,-1,-1
333,8848,168.27,190.82,43.35,128.90,1,-1,-1,-1
334,8783,470.12,167.34,54.42,162.55,1,-1,-1,-1
334,8785,407.99,177.86,57.38,143.06,1,-1,-1,-1
334,8842,215.06,184.28,47.64,140.34,1,-1,-1,-1
334,8848,164.06,189.96,45.35,133.04,1,-1,-1,-1
335,8783,470.31,168.17,54.29,161.19,1,-1,-1,-1
335,8785,408.04,178.50,57.65,142.52,1,-1,-1,-1
335,8842,212.50,183.04,48.96,142.96,1,-1,-1,-1
335,8848,162.40,189.64,46.33,134.54,1,-1,-1,-1
336,8783,470.24,168.50,54.41,160.65,1,-1,-1,-1
336,8785,407.89,178.76,58.00,142.31,1,-1,-1,-1
336,8842,211.42,182.58,49.67,143.92,1,-1,-1,-1
336,8848,161.75,189.55,46.89,135.06,1,-1,-1,-1
337,8783,472.79,171.90,54.41,160.43,1,-1,-1,-1
337,8785,406.57,178.86,57.94,141.56,1,-1,-1,-1
337,8842,209.88,181.46,50.51,146.35,1,-1,-1,-1
337,8848,158.84,188.72,47.67,137.31,1,-1,-1,-1
337,8857,579.00,209.00,43.00,98.00,1,-1,-1,-1
338,8783,473.69,173.21,54.45,160.32,1,-1,-1,-1
338,8785,405.95,178.90,58.04,141.27,1,-1,-1,-1
338,8857,579.00,209.00,43.00,98.00,1,-1,-1,-1
339,8783,473.96,173.71,54.50,160.27,1,-1,-1,-1
339,8785,405.63,178.93,58.19,141.15,1,-1,-1,-1
339,8857,579.00,209.00,43.00,98.00,1,-1,-1,-1
340,8783,474.00,173.90,54.54,160.23,1,-1,-1,-1
340,8785,405.42,178.94,58.35,141.10,1,-1,-1,-1
340,8857,579.00,209.00,43.00,98.00,1,-1,-1,-1
341,8783,473.96,173.97,54.59,160.21,1,-1,-1,-1
341,8785,405.26,178.94,58.51,141.08,1,-1,-1,-1
341,8857,579.00,209.00,43.00,98.00,1,-1,-1,-1
342,8783,473.88,174.00,54.63,160.19,1,-1,-1,-1
342,8785,405.13,178.95,58.65,141.07,1,-1,-1,-1
342,8857,579.00,209.00,43.00,98.00,1,-1,-1,-1
343,8783,473.81,174.01,54.67,160.17,1,-1,-1,-1
343,8785,405.02,178.96,58.78,141.06,1,-1,-1,-1
343,8857,579.00,209.00,43.00,98.00,1,-1,-1,-1
344,8783,476.50,173.36,57.00,159.50,1,-1,-1,-1
344,8785,404.76,171.13,63.78,150.84,1,-1,-1,-1
344,8848,79.62,145.70,76.62,215.46,1,-1,-1,-1
344,8857,568.71,209.68,42.38,95.95,1,-1,-1,-1
344,8858,122.00,127.00,103.00,261.00,1,-1,-1,-1
344,8859,234.00,193.00,34.00,100.00,1,-1,-1,-1
345,8783,475.50,174.42,59.23,160.55,1,-1,-1,-1
345,8785,409.62,182.22,56.36,129.66,1,-1,-1,-1
345,8848,73.17,142.62,78.76,221.50,1,-1,-1,-1
345,8853,273.81,192.43,25.70,100.59,1,-1,-1,-1
345,8857,565.19,213.35,40.29,91.10,1,-1,-1,-1
345,8858,126.81,132.14,105.37,267.86,1,-1,-1,-1
345,8859,231.60,191.29,36.22,106.86,1,-1,-1,-1
346,8783,476.05,177.42,59.45,155.72,1,-1,-1,-1
346,8785,411.06,186.25,54.27,122.07,1,-1,-1,-1
346,8848,50.77,136.99,93.18,255.87,1,-1,-1,-1
346,8853,271.49,192.26,27.05,102.67,1,-1,-1,-1
346,8857,563.34,211.24,41.54,94.17,1,-1,-1,-1
346,8858,123.85,118.15,109.59,279.40,1,-1,-1,-1
346,8859,233.71,195.38,35.23,104.35,1,-1,-1,-1
347,8783,477.22,177.75,59.38,155.53,1,-1,-1,-1
347,8785,411.05,187.63,53.17,116.78,1,-1,-1,-1
347,8848,39.45,137.59,96.79,264.92,1,-1,-1,-1
347,8853,269.32,192.26,28.20,105.98,1,-1,-1,-1
347,8857,561.44,211.48,41.36,93.76,1,-1,-1,-1
347,8858,117.00,112.59,113.18,289.05,1,-1,-1,-1
347,8859,234.84,196.13,35.65,105.57,1,-1,-1,-1
347,8860,226.00,201.00,32.00,102.00,1,-1,-1,-1
348,8785,409.27,187.42,56.97,123.76,1,-1,-1,-1
348,8848,22.59,128.03,106.98,291.27,1,-1,-1,-1
348,8853,268.04,197.31,28.29,103.48,1,-1,-1,-1
348,8857,560.92,226.91,36.65,82.04,1,-1,-1,-1
348,8858,83.66,107.33,125.57,323.87,1,-1,-1,-1
348,8859,226.68,200.63,34.88,103.82,1,-1,-1,-1
349,8783,477.37,186.45,50.75,131.54,1,-1,-1,-1
349,8785,404.03,186.04,59.69,128.81,1,-1,-1,-1
349,8848,14.82,124.70,110.02,299.54,1,-1,-1,-1
349,8853,260.76,191.69,30.40,112.02,1,-1,-1,-1
349,8857,559.22,228.95,35.86,80.29,1,-1,-1,-1
349,8858,63.07,104.20,130.94,338.17,1,-1,-1,-1
349,8859,219.27,199.30,35.13,104.61,1,-1,-1,-1
350,8783,478.37,187.47,49.90,129.32,1,-1,-1,-1
350,8785,399.60,183.55,62.95,135.32,1,-1,-1,-1
350,8853,252.23,192.71,30.38,108.37,1,-1,-1,-1
350,8858,51.48,99.81,135.97,351.16,1,-1,-1,-1
350,8859,210.97,192.56,37.83,113.18,1,-1,-1,-1
350,8861,544.00,204.00,34.00,105.00,1,-1,-1,-1
351,8783,476.93,189.72,49.20,128.65,1,-1,-1,-1
351,8785,395.74,185.80,63.39,135.89,1,-1,-1,-1
351,8853,248.61,193.19,30.07,105.47,1,-1,-1,-1
351,8858,13.69,88.92,146.49,379.47,1,-1,-1,-1
351,8859,206.57,188.82,38.45,116.22,1,-1,-1,-1
351,8861,541.98,204.86,34.62,106.71,1,-1,-1,-1
352,8783,476.93,190.27,48.68,128.25,1,-1,-1,-1
352,8785,394.19,186.68,63.64,136.10,1,-1,-1,-1
352,8853,247.17,193.40,30.16,104.31,1,-1,-1,-1
352,8857,537.26,207.57,45.51,104.27,1,-1,-1,-1
352,8858,3.64,85.86,149.18,387.62,1,-1,-1,-1
352,8859,205.16,187.38,38.43,117.34,1,-1,-1,-1
353,8783,477.56,191.35,47.97,126.37,1,-1,-1,-1
353,8785,390.81,187.00,64.14,137.47,1,-1,-1,-1
353,8853,245.05,196.09,30.84,105.79,1,-1,-1,-1
353,8857,536.31,207.50,44.29,102.76,1,-1,-1,-1
353,8858,-10.73,80.88,154.64,401.80,1,-1,-1,-1
353,8859,200.58,192.11,36.27,111.77,1,-1,-1,-1
354,8785,389.38,185.17,64.64,139.92,1,-1,-1,-1
354,8853,243.07,195.55,31.17,106.90,1,-1,-1,-1
354,8857,535.73,208.18,42.65,98.80,1,-1,-1,-1
354,8859,198.07,191.31,35.96,111.53,1,-1,-1,-1
