1,4047,443.56,269.91,42.31,114.44,1,-1,-1,-1
1,4053,213.04,165.54,24.27,53.85,1,-1,-1,-1
1,4056,229.08,186.27,27.59,71.94,1,-1,-1,-1
1,4063,396.47,168.79,26.79,64.55,1,-1,-1,-1
1,4065,204.00,211.00,48.00,134.00,1,-1,-1,-1
1,4066,389.00,179.00,158.00,244.00,1,-1,-1,-1
1,4067,264.00,219.00,129.00,168.00,1,-1,-1,-1
1,4068,53.00,166.00,110.00,275.00,1,-1,-1,-1
2,4065,204.00,211.00,48.00,134.00,1,-1,-1,-1
2,4066,389.00,179.00,158.00,244.00,1,-1,-1,-1
2,4067,264.00,219.00,129.00,168.00,1,-1,-1,-1
2,4068,53.00,166.00,110.00,275.00,1,-1,-1,-1
3,4065,204.00,211.00,48.00,134.00,1,-1,-1,-1
3,4066,389.00,179.00,158.00,244.00,1,-1,-1,-1
3,4067,264.00,219.00,129.00,168.00,1,-1,-1,-1
3,4068,53.00,166.00,110.00,275.00,1,-1,-1,-1
4,4065,204.00,211.00,48.00,134.00,1,-1,-1,-1
4,4066,389.00,179.00,158.00,244.00,1,-1,-1,-1
4,4067,264.00,219.00,129.00,168.00,1,-1,-1,-1
4,4068,53.00,166.00,110.00,275.00,1,-1,-1,-1
5,4065,211.32,208.10,50.75,142.69,1,-1,-1,-1
5,4066,405.06,189.14,148.34,229.51,1,-1,-1,-1
5,4067,264.00,219.00,129.00,168.00,1,-1,-1,-1
5,4068,72.31,168.17,109.78,271.38,1,-1,-1,-1
6,4065,213.95,207.12,51.38,145.65,1,-1,-1,-1
6,4066,410.71,192.64,144.80,224.51,1,-1,-1,-1
6,4068,78.47,168.92,110.62,270.13,1,-1,-1,-1
7,4065,214.99,206.79,51.29,146.64,1,-1,-1,-1
7,4066,412.52,193.70,143.51,223.00,1,-1,-1,-1
7,4068,79.91,169.15,111.89,269.74,1,-1,-1,-1
8,4065,215.44,206.70,50.93,146.90,1,-1,-1,-1
8,4066,413.08,193.95,142.95,222.64,1,-1,-1,-1
8,4068,79.71,169.21,113.33,269.65,1,-1,-1,-1
9,4065,229.53,207.36,58.16,163.61,1,-1,-1,-1
9,4066,437.45,182.98,142.86,230.19,1,-1,-1,-1
9,4068,105.34,169.89,114.33,269.65,1,-1,-1,-1
10,4065,228.71,201.25,67.63,187.49,1,-1,-1,-1
10,4066,452.00,180.33,136.42,226.96,1,-1,-1,-1
10,4068,116.92,170.12,114.03,266.98,1,-1,-1,-1
11,4065,226.98,196.37,74.07,202.44,1,-1,-1,-1
11,4066,464.30,182.69,128.55,217.72,1,-1,-1,-1
11,4068,124.45,166.16,116.24,272.07,1,-1,-1,-1
12,4065,225.84,194.37,77.31,208.47,1,-1,-1,-1
12,4066,469.16,183.58,124.39,214.38,1,-1,-1,-1
12,4068,126.98,164.70,117.09,273.95,1,-1,-1,-1
13,4065,238.09,192.97,72.36,191.21,1,-1,-1,-1
13,4066,482.87,177.17,133.56,234.15,1,-1,-1,-1
13,4068,152.69,165.47,112.83,263.46,1,-1,-1,-1
14,4065,241.07,191.53,74.27,196.23,1,-1,-1,-1
14,4066,492.34,178.75,135.35,239.88,1,-1,-1,-1
14,4068,167.67,166.44,112.85,260.11,1,-1,-1,-1
15,4066,496.15,179.41,135.24,242.14,1,-1,-1,-1
15,4068,172.44,166.81,113.69,258.93,1,-1,-1,-1
16,4066,497.72,179.68,134.42,242.99,1,-1,-1,-1
16,4068,173.50,166.94,114.77,258.53,1,-1,-1,-1
17,4065,281.26,205.03,53.49,142.45,1,-1,-1,-1
17,4066,502.87,175.88,138.18,253.06,1,-1,-1,-1
17,4068,176.44,165.01,119.39,270.98,1,-1,-1,-1
18,4065,287.39,203.43,52.09,142.90,1,-1,-1,-1
18,4066,507.25,176.39,137.66,255.55,1,-1,-1,-1
18,4068,189.57,165.59,122.60,274.30,1,-1,-1,-1
19,4065,289.79,203.04,50.76,143.01,1,-1,-1,-1
19,4066,509.23,176.61,136.42,256.46,1,-1,-1,-1
19,4068,193.90,165.82,124.77,275.59,1,-1,-1,-1
20,4065,290.86,202.91,49.57,143.05,1,-1,-1,-1
20,4066,510.24,176.71,135.00,256.75,1,-1,-1,-1
20,4068,194.83,165.91,126.46,276.06,1,-1,-1,-1
21,4065,300.68,208.87,48.56,138.39,1,-1,-1,-1
21,4066,524.57,172.22,131.49,258.11,1,-1,-1,-1
21,4068,201.65,162.69,132.53,286.00,1,-1,-1,-1
21,4069,151.00,199.00,76.00,194.00,1,-1,-1,-1
22,4065,309.24,210.46,47.47,134.61,1,-1,-1,-1
22,4066,536.24,169.87,128.40,262.47,1,-1,-1,-1
22,4068,209.34,174.35,131.34,279.43,1,-1,-1,-1
22,4069,146.36,199.00,74.13,188.86,1,-1,-1,-1
22,4070,0.00,178.00,21.00,204.00,1,-1,-1,-1
23,4065,314.65,211.07,47.16,133.73,1,-1,-1,-1
23,4066,546.25,174.16,117.05,247.96,1,-1,-1,-1
23,4067,114.44,202.08,125.58,174.97,1,-1,-1,-1
23,4068,218.50,183.53,127.65,269.58,1,-1,-1,-1
23,4070,0.81,155.71,28.81,280.29,1,-1,-1,-1
24,4066,552.62,173.72,117.24,248.37,1,-1,-1,-1
24,4067,108.27,205.15,119.23,171.03,1,-1,-1,-1
24,4068,237.43,166.48,133.70,287.64,1,-1,-1,-1
24,4070,2.46,159.19,29.04,280.58,1,-1,-1,-1
24,4071,234.00,192.00,45.00,173.00,1,-1,-1,-1
25,4067,101.18,206.19,118.48,169.70,1,-1,-1,-1
25,4068,248.38,160.33,134.67,294.16,1,-1,-1,-1
25,4070,3.89,159.89,29.63,283.75,1,-1,-1,-1
26,4067,98.73,206.58,118.27,169.21,1,-1,-1,-1
26,4068,252.91,157.91,133.95,296.67,1,-1,-1,-1
26,4070,4.28,160.26,30.00,284.35,1,-1,-1,-1
27,4067,98.02,206.75,118.26,169.02,1,-1,-1,-1
27,4068,254.86,157.00,132.65,297.58,1,-1,-1,-1
27,4070,4.27,160.46,30.32,284.16,1,-1,-1,-1
28,4067,97.96,206.82,118.30,168.96,1,-1,-1,-1
28,4068,255.79,156.68,131.22,297.87,1,-1,-1,-1
28,4070,4.12,160.58,30.63,283.79,1,-1,-1,-1
29,4067,86.07,210.79,117.58,163.04,1,-1,-1,-1
29,4068,280.03,154.64,129.08,297.92,1,-1,-1,-1
29,4070,16.44,176.07,29.38,239.19,1,-1,-1,-1
29,4072,230.00,205.00,92.00,152.00,1,-1,-1,-1
30,4067,73.33,208.99,122.94,170.09,1,-1,-1,-1
30,4068,293.08,160.38,124.73,290.75,1,-1,-1,-1
30,4070,22.60,180.05,31.06,221.96,1,-1,-1,-1
30,4072,233.60,212.71,87.38,144.29,1,-1,-1,-1
30,4073,193.00,196.00,33.00,53.00,1,-1,-1,-1
31,4067,60.20,206.39,127.80,181.06,1,-1,-1,-1
31,4068,301.48,161.96,125.42,291.21,1,-1,-1,-1
31,4070,24.44,184.12,34.59,220.68,1,-1,-1,-1
31,4072,236.00,214.77,88.37,146.07,1,-1,-1,-1
31,4073,190.01,196.86,32.98,53.00,1,-1,-1,-1
32,4067,54.47,202.86,126.91,184.61,1,-1,-1,-1
32,4068,309.36,164.52,125.50,286.80,1,-1,-1,-1
32,4070,25.07,186.81,38.38,224.47,1,-1,-1,-1
32,4072,234.91,210.87,91.61,151.92,1,-1,-1,-1
32,4073,186.55,197.75,32.89,53.00,1,-1,-1,-1
33,4067,45.17,198.25,130.89,196.26,1,-1,-1,-1
33,4068,316.48,173.37,126.47,283.12,1,-1,-1,-1
33,4070,28.30,189.15,37.91,221.70,1,-1,-1,-1
33,4072,238.98,214.48,90.83,151.03,1,-1,-1,-1
33,4073,185.04,198.15,32.89,53.00,1,-1,-1,-1
33,4074,9.00,189.00,132.00,223.00,1,-1,-1,-1
34,4067,13.47,191.44,142.73,215.87,1,-1,-1,-1
34,4068,319.12,176.69,128.94,281.73,1,-1,-1,-1
34,4072,242.50,220.72,88.42,146.38,1,-1,-1,-1
35,4067,1.54,188.17,148.51,225.97,1,-1,-1,-1
35,4068,330.77,173.98,134.89,289.73,1,-1,-1,-1
35,4072,255.42,221.49,86.52,142.56,1,-1,-1,-1
36,4067,-2.76,186.89,150.32,229.98,1,-1,-1,-1
36,4068,334.32,172.95,138.38,292.71,1,-1,-1,-1
36,4072,259.73,221.67,86.13,141.23,1,-1,-1,-1
37,4067,-1.37,186.42,150.46,232.71,1,-1,-1,-1
37,4068,348.67,166.68,135.83,289.30,1,-1,-1,-1
37,4072,265.14,214.82,92.31,153.11,1,-1,-1,-1
38,4067,4.68,190.09,141.88,226.05,1,-1,-1,-1
38,4068,352.62,169.49,136.69,292.53,1,-1,-1,-1
38,4072,273.08,213.70,91.55,152.10,1,-1,-1,-1
39,4067,13.92,189.66,134.46,221.97,1,-1,-1,-1
39,4068,361.53,160.79,136.64,296.33,1,-1,-1,-1
39,4072,279.71,211.91,92.37,152.96,1,-1,-1,-1
40,4067,12.53,188.87,128.22,218.39,1,-1,-1,-1
40,4068,371.22,158.13,133.25,293.87,1,-1,-1,-1
40,4072,285.55,210.59,93.53,154.57,1,-1,-1,-1
41,4067,10.62,191.21,121.18,209.14,1,-1,-1,-1
41,4068,384.60,159.08,130.92,293.54,1,-1,-1,-1
41,4072,290.58,208.78,93.24,155.16,1,-1,-1,-1
42,4067,10.56,192.14,117.65,205.52,1,-1,-1,-1
42,4068,389.98,159.47,128.88,293.39,1,-1,-1,-1
42,4072,292.49,208.10,92.75,155.35,1,-1,-1,-1
43,4067,11.08,192.51,115.58,204.14,1,-1,-1,-1
43,4068,392.26,159.63,127.07,293.32,1,-1,-1,-1
43,4072,293.22,207.86,92.21,155.39,1,-1,-1,-1
44,4067,11.78,192.66,114.12,203.60,1,-1,-1,-1
44,4068,393.34,159.71,125.44,293.28,1,-1,-1,-1
44,4072,293.49,207.79,91.68,155.38,1,-1,-1,-1
45,4067,-7.64,192.73,113.98,210.58,1,-1,-1,-1
45,4068,414.86,162.36,124.50,288.68,1,-1,-1,-1
45,4070,115.65,185.44,48.15,232.39,1,-1,-1,-1
45,4072,302.22,210.39,91.60,156.01,1,-1,-1,-1
46,4067,-16.75,189.54,115.22,220.28,1,-1,-1,-1
46,4068,434.70,165.36,123.94,282.32,1,-1,-1,-1
46,4070,128.45,191.74,54.62,216.63,1,-1,-1,-1
46,4072,308.85,214.00,89.23,152.31,1,-1,-1,-1
47,4067,-20.44,189.61,111.25,220.78,1,-1,-1,-1
47,4068,442.45,161.21,129.16,290.48,1,-1,-1,-1
47,4070,130.54,186.86,68.23,228.44,1,-1,-1,-1
47,4072,310.64,213.41,90.10,155.48,1,-1,-1,-1
48,4067,-27.08,189.03,112.14,222.55,1,-1,-1,-1
48,4068,448.64,159.04,131.86,294.14,1,-1,-1,-1
48,4070,132.66,190.28,77.39,224.91,1,-1,-1,-1
48,4072,312.68,211.24,90.75,158.60,1,-1,-1,-1
49,4068,453.57,159.51,133.01,293.59,1,-1,-1,-1
49,4070,132.64,190.30,85.94,228.10,1,-1,-1,-1
49,4072,316.15,208.47,91.19,159.77,1,-1,-1,-1
50,4068,459.62,158.40,134.26,295.31,1,-1,-1,-1
50,4070,138.35,192.89,90.33,225.41,1,-1,-1,-1
50,4072,320.57,212.59,88.14,153.71,1,-1,-1,-1
51,4068,468.18,172.96,130.11,283.59,1,-1,-1,-1
51,4070,143.75,191.90,90.96,225.04,1,-1,-1,-1
51,4072,323.39,210.24,90.98,160.57,1,-1,-1,-1
52,4068,470.79,178.59,129.07,279.05,1,-1,-1,-1
52,4070,145.39,191.51,91.57,224.91,1,-1,-1,-1
52,4072,324.70,209.39,91.37,163.06,1,-1,-1,-1
53,4068,488.47,178.00,129.72,282.67,1,-1,-1,-1
53,4070,161.11,190.04,91.86,228.13,1,-1,-1,-1
53,4072,333.92,205.83,92.56,167.88,1,-1,-1,-1
53,4075,479.00,206.00,44.00,149.00,1,-1,-1,-1
54,4068,501.33,171.87,126.76,279.46,1,-1,-1,-1
54,4070,171.73,185.57,93.92,237.79,1,-1,-1,-1
54,4072,341.76,208.33,90.62,165.21,1,-1,-1,-1
54,4075,479.47,203.43,44.78,151.57,1,-1,-1,-1
55,4068,506.27,169.49,124.87,278.25,1,-1,-1,-1
55,4070,176.08,183.88,93.73,241.44,1,-1,-1,-1
55,4072,344.78,209.33,89.60,164.10,1,-1,-1,-1
55,4075,479.53,203.00,44.94,152.00,1,-1,-1,-1
56,4068,508.18,168.58,123.46,277.82,1,-1,-1,-1
56,4070,177.93,183.23,92.82,242.84,1,-1,-1,-1
56,4072,345.90,209.71,88.98,163.66,1,-1,-1,-1
56,4075,479.53,202.89,45.01,152.11,1,-1,-1,-1
57,4068,527.26,161.02,123.70,286.21,1,-1,-1,-1
57,4070,201.38,193.33,87.24,223.94,1,-1,-1,-1
57,4072,354.75,211.17,89.23,164.77,1,-1,-1,-1
57,4075,479.59,202.55,45.11,152.45,1,-1,-1,-1
58,4068,536.14,159.49,121.24,288.71,1,-1,-1,-1
58,4070,222.28,201.32,82.22,201.74,1,-1,-1,-1
58,4072,363.41,218.86,83.66,155.43,1,-1,-1,-1
59,4068,540.73,156.33,119.90,294.21,1,-1,-1,-1
59,4070,228.51,190.55,96.13,225.76,1,-1,-1,-1
59,4072,365.53,209.21,86.18,162.41,1,-1,-1,-1
60,4068,541.94,151.91,119.35,301.47,1,-1,-1,-1
60,4070,232.42,183.84,107.16,240.01,1,-1,-1,-1
60,4072,369.07,218.02,81.48,153.29,1,-1,-1,-1
61,4068,543.75,149.60,117.27,304.87,1,-1,-1,-1
61,4070,236.56,193.88,110.83,237.41,1,-1,-1,-1
61,4072,370.72,214.20,81.89,154.30,1,-1,-1,-1
61,4075,522.69,206.70,43.11,144.50,1,-1,-1,-1
62,4068,546.11,148.75,113.95,302.91,1,-1,-1,-1
62,4070,243.63,197.30,115.48,238.22,1,-1,-1,-1
62,4072,374.74,216.08,80.96,151.40,1,-1,-1,-1
62,4075,528.45,206.30,43.67,146.06,1,-1,-1,-1
63,4068,547.96,172.52,107.00,288.45,1,-1,-1,-1
63,4070,249.60,199.24,115.97,235.91,1,-1,-1,-1
63,4072,378.42,222.08,78.62,144.36,1,-1,-1,-1
63,4075,534.60,210.23,41.36,137.08,1,-1,-1,-1
64,4068,550.33,187.02,101.74,278.85,1,-1,-1,-1
64,4070,260.02,194.10,116.23,233.67,1,-1,-1,-1
64,4072,383.78,221.64,79.48,143.75,1,-1,-1,-1
64,4075,536.84,208.25,42.68,141.32,1,-1,-1,-1
65,4068,555.92,189.07,101.39,277.92,1,-1,-1,-1
65,4070,268.98,194.09,111.59,227.57,1,-1,-1,-1
65,4072,387.48,221.46,82.04,145.54,1,-1,-1,-1
65,4075,540.84,209.54,42.57,140.82,1,-1,-1,-1
66,4070,272.45,194.08,109.01,225.23,1,-1,-1,-1
66,4072,388.30,221.38,83.86,146.23,1,-1,-1,-1
66,4075,542.11,210.01,42.56,140.66,1,-1,-1,-1
67,4070,273.85,194.07,107.30,224.36,1,-1,-1,-1
67,4072,388.09,221.32,85.32,146.51,1,-1,-1,-1
67,4075,542.39,210.17,42.58,140.64,1,-1,-1,-1
68,4070,274.47,194.07,105.99,224.04,1,-1,-1,-1
68,4072,387.53,221.29,86.57,146.64,1,-1,-1,-1
68,4075,542.32,210.21,42.61,140.65,1,-1,-1,-1
69,4070,302.59,190.78,106.25,229.82,1,-1,-1,-1
69,4072,402.57,217.98,91.72,156.54,1,-1,-1,-1
69,4075,548.69,216.81,46.05,135.40,1,-1,-1,-1
70,4070,317.66,193.44,102.77,224.22,1,-1,-1,-1
70,4072,414.90,225.69,86.42,146.15,1,-1,-1,-1
70,4075,549.60,220.63,52.03,136.11,1,-1,-1,-1
71,4070,331.01,194.48,104.04,222.02,1,-1,-1,-1
71,4072,419.59,222.82,85.56,144.57,1,-1,-1,-1
71,4075,553.87,221.97,51.69,135.23,1,-1,-1,-1
