1,29799,125.42,138.68,66.71,184.09,1,-1,-1,-1
1,29810,21.42,110.53,100.19,290.16,1,-1,-1,-1
1,29812,320.53,121.92,70.74,218.50,1,-1,-1,-1
1,29813,63.95,200.01,30.93,130.88,1,-1,-1,-1
1,29819,205.20,179.56,41.81,137.12,1,-1,-1,-1
1,29821,288.00,170.00,32.00,114.00,1,-1,-1,-1
1,29822,378.00,118.00,98.00,254.00,1,-1,-1,-1
1,29823,250.00,188.00,54.00,120.00,1,-1,-1,-1
2,29813,66.32,202.58,32.56,129.56,1,-1,-1,-1
2,29823,250.00,188.00,54.00,120.00,1,-1,-1,-1
3,29813,66.72,203.48,33.96,129.07,1,-1,-1,-1
3,29823,250.00,188.00,54.00,120.00,1,-1,-1,-1
4,29813,66.37,203.69,35.17,128.97,1,-1,-1,-1
4,29823,250.00,188.00,54.00,120.00,1,-1,-1,-1
5,29813,65.80,203.64,36.20,129.01,1,-1,-1,-1
5,29823,250.00,188.00,54.00,120.00,1,-1,-1,-1
6,29813,65.20,203.50,37.09,129.09,1,-1,-1,-1
6,29823,250.00,188.00,54.00,120.00,1,-1,-1,-1
7,29813,64.65,203.35,37.85,129.18,1,-1,-1,-1
7,29823,250.00,188.00,54.00,120.00,1,-1,-1,-1
8,29813,64.16,203.21,38.52,129.27,1,-1,-1,-1
8,29823,250.00,188.00,54.00,120.00,1,-1,-1,-1
9,29813,63.72,203.09,39.09,129.35,1,-1,-1,-1
9,29823,250.00,188.00,54.00,120.00,1,-1,-1,-1
10,29813,63.34,202.98,39.60,129.41,1,-1,-1,-1
10,29823,250.00,188.00,54.00,120.00,1,-1,-1,-1
11,29813,65.33,204.56,39.31,128.46,1,-1,-1,-1
11,29823,259.60,189.33,52.16,117.33,1,-1,-1,-1
11,29824,310.00,196.00,34.00,104.00,1,-1,-1,-1
12,29823,263.37,189.83,51.11,116.33,1,-1,-1,-1
12,29824,310.00,196.00,34.00,104.00,1,-1,-1,-1
13,29823,264.90,190.01,50.38,115.97,1,-1,-1,-1
13,29824,310.00,196.00,34.00,104.00,1,-1,-1,-1
14,29823,265.57,190.07,49.79,115.86,1,-1,-1,-1
14,29824,310.00,196.00,34.00,104.00,1,-1,-1,-1
15,29823,265.93,190.09,49.27,115.83,1,-1,-1,-1
15,29824,310.00,196.00,34.00,104.00,1,-1,-1,-1
16,29823,266.16,190.09,48.80,115.83,1,-1,-1,-1
16,29824,310.00,196.00,34.00,104.00,1,-1,-1,-1
17,29823,266.34,190.08,48.37,115.84,1,-1,-1,-1
17,29824,310.00,196.00,34.00,104.00,1,-1,-1,-1
18,29823,266.49,190.07,47.98,115.85,1,-1,-1,-1
18,29824,310.00,196.00,34.00,104.00,1,-1,-1,-1
19,29823,266.62,190.07,47.61,115.87,1,-1,-1,-1
19,29824,310.00,196.00,34.00,104.00,1,-1,-1,-1
20,29823,266.75,190.06,47.28,115.88,1,-1,-1,-1
20,29824,310.00,196.00,34.00,104.00,1,-1,-1,-1
21,29823,267.41,190.16,47.20,115.69,1,-1,-1,-1
21,29824,315.32,190.66,36.72,113.34,1,-1,-1,-1
21,29825,84.00,158.00,50.00,190.00,1,-1,-1,-1
22,29799,76.93,157.67,64.28,189.96,1,-1,-1,-1
22,29824,317.36,188.72,37.48,116.74,1,-1,-1,-1
23,29799,77.56,158.13,61.43,190.07,1,-1,-1,-1
23,29824,318.24,187.97,37.58,118.05,1,-1,-1,-1
24,29799,78.26,158.29,59.45,190.11,1,-1,-1,-1
24,29824,318.65,187.71,37.42,118.50,1,-1,-1,-1
25,29799,78.95,158.33,57.99,190.12,1,-1,-1,-1
25,29824,318.86,187.64,37.18,118.63,1,-1,-1,-1
26,29799,79.57,158.32,56.85,190.11,1,-1,-1,-1
26,29824,319.00,187.64,36.92,118.64,1,-1,-1,-1
27,29799,80.11,158.30,55.94,190.10,1,-1,-1,-1
27,29824,319.10,187.66,36.66,118.60,1,-1,-1,-1
28,29799,80.56,158.27,55.20,190.09,1,-1,-1,-1
28,29824,319.18,187.68,36.42,118.56,1,-1,-1,-1
29,29799,80.95,158.25,54.58,190.08,1,-1,-1,-1
29,29824,319.26,187.71,36.20,118.51,1,-1,-1,-1
30,29799,81.29,158.22,54.06,190.08,1,-1,-1,-1
30,29824,319.33,187.74,36.00,118.46,1,-1,-1,-1
31,29799,80.18,158.58,54.09,190.20,1,-1,-1,-1
31,29813,146.37,198.27,34.68,111.98,1,-1,-1,-1
31,29823,266.65,180.34,52.96,135.33,1,-1,-1,-1
31,29824,320.23,183.86,38.05,126.23,1,-1,-1,-1
32,29813,147.63,198.05,34.86,111.73,1,-1,-1,-1
32,29823,267.38,179.92,51.59,136.16,1,-1,-1,-1
32,29824,320.65,182.41,38.62,129.12,1,-1,-1,-1
33,29813,148.04,197.98,35.02,111.64,1,-1,-1,-1
33,29823,268.00,179.77,50.38,136.46,1,-1,-1,-1
33,29824,320.88,181.86,38.68,130.22,1,-1,-1,-1
34,29813,148.04,197.96,35.15,111.63,1,-1,-1,-1
34,29823,268.51,179.73,49.34,136.54,1,-1,-1,-1
34,29824,321.03,181.68,38.55,130.60,1,-1,-1,-1
35,29813,147.90,197.95,35.26,111.66,1,-1,-1,-1
35,29823,268.94,179.73,48.46,136.54,1,-1,-1,-1
35,29824,321.13,181.63,38.35,130.70,1,-1,-1,-1
36,29813,147.72,197.95,35.35,111.69,1,-1,-1,-1
36,29823,269.30,179.74,47.71,136.51,1,-1,-1,-1
36,29824,321.22,181.63,38.15,130.70,1,-1,-1,-1
37,29813,147.55,197.96,35.43,111.72,1,-1,-1,-1
37,29823,269.61,179.76,47.08,136.48,1,-1,-1,-1
37,29824,321.30,181.65,37.95,130.66,1,-1,-1,-1
38,29813,147.39,197.96,35.50,111.75,1,-1,-1,-1
38,29823,269.87,179.78,46.52,136.44,1,-1,-1,-1
38,29824,321.37,181.68,37.77,130.61,1,-1,-1,-1
39,29813,147.25,197.96,35.55,111.77,1,-1,-1,-1
39,29823,270.10,179.80,46.04,136.40,1,-1,-1,-1
39,29824,321.43,181.71,37.60,130.55,1,-1,-1,-1
40,29813,147.12,197.97,35.60,111.79,1,-1,-1,-1
40,29823,270.30,179.82,45.62,136.36,1,-1,-1,-1
40,29824,321.48,181.73,37.45,130.50,1,-1,-1,-1
41,29813,148.66,197.91,35.50,111.46,1,-1,-1,-1
41,29823,268.76,186.34,43.48,128.53,1,-1,-1,-1
41,29824,317.84,189.56,35.61,122.66,1,-1,-1,-1
42,29823,268.05,188.87,42.86,125.47,1,-1,-1,-1
42,29824,316.32,192.62,35.07,119.57,1,-1,-1,-1
43,29823,267.69,189.79,42.85,124.35,1,-1,-1,-1
43,29824,315.67,193.72,35.07,118.45,1,-1,-1,-1
44,29823,267.46,190.11,43.03,123.96,1,-1,-1,-1
44,29824,315.35,194.11,35.24,118.04,1,-1,-1,-1
45,29823,267.30,190.22,43.28,123.82,1,-1,-1,-1
45,29824,315.16,194.24,35.46,117.90,1,-1,-1,-1
46,29823,267.16,190.24,43.52,123.79,1,-1,-1,-1
46,29824,315.03,194.27,35.68,117.86,1,-1,-1,-1
47,29823,267.05,190.23,43.76,123.79,1,-1,-1,-1
47,29824,314.93,194.26,35.90,117.85,1,-1,-1,-1
48,29823,266.94,190.22,43.97,123.80,1,-1,-1,-1
48,29824,314.84,194.24,36.09,117.86,1,-1,-1,-1
49,29823,266.85,190.20,44.17,123.82,1,-1,-1,-1
49,29824,314.75,194.22,36.27,117.87,1,-1,-1,-1
50,29823,266.77,190.18,44.34,123.84,1,-1,-1,-1
50,29824,314.68,194.20,36.44,117.88,1,-1,-1,-1
51,29823,266.72,190.47,44.25,123.57,1,-1,-1,-1
51,29824,314.10,190.25,37.63,121.82,1,-1,-1,-1
52,29824,313.89,188.77,38.05,123.30,1,-1,-1,-1
53,29824,313.83,188.20,38.20,123.86,1,-1,-1,-1
54,29824,313.81,187.99,38.24,124.07,1,-1,-1,-1
55,29824,313.82,187.91,38.24,124.14,1,-1,-1,-1
56,29824,313.83,187.89,38.23,124.15,1,-1,-1,-1
57,29824,313.85,187.89,38.21,124.15,1,-1,-1,-1
58,29824,313.86,187.90,38.19,124.14,1,-1,-1,-1
59,29824,313.87,187.91,38.17,124.13,1,-1,-1,-1
60,29824,313.88,187.91,38.16,124.12,1,-1,-1,-1
61,29823,278.34,193.98,42.58,118.09,1,-1,-1,-1
61,29824,313.36,187.92,39.21,126.71,1,-1,-1,-1
61,29826,2.00,32.00,100.00,428.00,1,-1,-1,-1
62,29823,278.71,194.09,42.73,117.89,1,-1,-1,-1
62,29824,313.10,187.93,39.73,127.69,1,-1,-1,-1
62,29826,2.00,32.00,100.00,428.00,1,-1,-1,-1
63,29823,278.79,194.14,42.88,117.82,1,-1,-1,-1
63,29824,312.95,187.94,40.05,128.05,1,-1,-1,-1
63,29826,2.00,32.00,100.00,428.00,1,-1,-1,-1
64,29823,278.77,194.14,43.01,117.81,1,-1,-1,-1
64,29824,312.84,187.94,40.28,128.17,1,-1,-1,-1
64,29826,2.00,32.00,100.00,428.00,1,-1,-1,-1
65,29823,278.71,194.14,43.13,117.81,1,-1,-1,-1
65,29824,312.75,187.95,40.46,128.21,1,-1,-1,-1
65,29826,2.00,32.00,100.00,428.00,1,-1,-1,-1
66,29823,278.64,194.13,43.23,117.83,1,-1,-1,-1
66,29824,312.67,187.95,40.61,128.21,1,-1,-1,-1
66,29826,2.00,32.00,100.00,428.00,1,-1,-1,-1
67,29823,278.58,194.12,43.31,117.84,1,-1,-1,-1
67,29824,312.61,187.96,40.75,128.19,1,-1,-1,-1
67,29826,2.00,32.00,100.00,428.00,1,-1,-1,-1
68,29823,278.52,194.10,43.39,117.86,1,-1,-1,-1
68,29824,312.55,187.96,40.87,128.18,1,-1,-1,-1
68,29826,2.00,32.00,100.00,428.00,1,-1,-1,-1
69,29823,278.46,194.09,43.45,117.87,1,-1,-1,-1
69,29824,312.50,187.96,40.98,128.16,1,-1,-1,-1
69,29826,2.00,32.00,100.00,428.00,1,-1,-1,-1
70,29823,278.42,194.09,43.51,117.88,1,-1,-1,-1
70,29824,312.45,187.97,41.07,128.15,1,-1,-1,-1
70,29826,2.00,32.00,100.00,428.00,1,-1,-1,-1
71,29823,282.45,191.46,44.58,119.20,1,-1,-1,-1
71,29824,322.27,187.97,39.68,125.53,1,-1,-1,-1
71,29826,2.00,32.00,100.00,428.00,1,-1,-1,-1
72,29823,283.80,190.47,45.29,119.71,1,-1,-1,-1
72,29824,326.17,187.97,38.86,124.52,1,-1,-1,-1
73,29823,284.16,190.09,45.82,119.90,1,-1,-1,-1
73,29824,327.73,187.98,38.30,124.14,1,-1,-1,-1
74,29823,284.16,189.96,46.26,119.97,1,-1,-1,-1
74,29824,328.40,187.98,37.85,124.00,1,-1,-1,-1
75,29823,284.03,189.91,46.64,120.00,1,-1,-1,-1
75,29824,328.72,187.98,37.47,123.95,1,-1,-1,-1
76,29823,283.86,189.90,46.97,120.01,1,-1,-1,-1
76,29824,328.91,187.98,37.13,123.94,1,-1,-1,-1
77,29823,283.69,189.91,47.27,120.01,1,-1,-1,-1
77,29824,329.04,187.98,36.83,123.94,1,-1,-1,-1
78,29823,283.53,189.91,47.53,120.01,1,-1,-1,-1
78,29824,329.14,187.99,36.56,123.94,1,-1,-1,-1
79,29823,283.39,189.92,47.77,120.01,1,-1,-1,-1
79,29824,329.22,187.99,36.32,123.95,1,-1,-1,-1
80,29823,283.25,189.93,47.99,120.01,1,-1,-1,-1
80,29824,329.30,187.99,36.10,123.95,1,-1,-1,-1
81,29823,291.83,187.32,51.68,129.15,1,-1,-1,-1
81,29824,329.87,187.97,36.08,123.87,1,-1,-1,-1
81,29827,128.00,216.00,22.00,56.00,1,-1,-1,-1
81,29828,224.00,224.00,22.00,54.00,1,-1,-1,-1
81,29829,404.00,202.00,40.00,106.00,1,-1,-1,-1
82,29823,294.99,186.36,53.07,132.53,1,-1,-1,-1
82,29827,128.00,216.00,22.00,56.00,1,-1,-1,-1
82,29828,224.00,224.00,22.00,54.00,1,-1,-1,-1
82,29829,404.00,202.00,40.00,106.00,1,-1,-1,-1
83,29823,296.20,185.99,53.63,133.85,1,-1,-1,-1
83,29827,128.00,216.00,22.00,56.00,1,-1,-1,-1
83,29828,224.00,224.00,22.00,54.00,1,-1,-1,-1
83,29829,404.00,202.00,40.00,106.00,1,-1,-1,-1
84,29823,296.62,185.86,53.85,134.33,1,-1,-1,-1
84,29827,128.00,216.00,22.00,56.00,1,-1,-1,-1
84,29828,224.00,224.00,22.00,54.00,1,-1,-1,-1
84,29829,404.00,202.00,40.00,106.00,1,-1,-1,-1
85,29823,296.73,185.82,53.94,134.48,1,-1,-1,-1
85,29827,128.00,216.00,22.00,56.00,1,-1,-1,-1
85,29828,224.00,224.00,22.00,54.00,1,-1,-1,-1
85,29829,404.00,202.00,40.00,106.00,1,-1,-1,-1
86,29823,296.73,185.81,53.98,134.51,1,-1,-1,-1
86,29827,128.00,216.00,22.00,56.00,1,-1,-1,-1
86,29828,224.00,224.00,22.00,54.00,1,-1,-1,-1
86,29829,404.00,202.00,40.00,106.00,1,-1,-1,-1
87,29823,296.69,185.82,53.99,134.49,1,-1,-1,-1
87,29827,128.00,216.00,22.00,56.00,1,-1,-1,-1
87,29828,224.00,224.00,22.00,54.00,1,-1,-1,-1
87,29829,404.00,202.00,40.00,106.00,1,-1,-1,-1
88,29823,296.64,185.84,54.00,134.45,1,-1,-1,-1
88,29827,128.00,216.00,22.00,56.00,1,-1,-1,-1
88,29828,224.00,224.00,22.00,54.00,1,-1,-1,-1
88,29829,404.00,202.00,40.00,106.00,1,-1,-1,-1
89,29823,296.58,185.85,54.00,134.42,1,-1,-1,-1
89,29827,128.00,216.00,22.00,56.00,1,-1,-1,-1
89,29828,224.00,224.00,22.00,54.00,1,-1,-1,-1
89,29829,404.00,202.00,40.00,106.00,1,-1,-1,-1
90,29823,296.53,185.86,54.00,134.38,1,-1,-1,-1
90,29827,128.00,216.00,22.00,56.00,1,-1,-1,-1
90,29828,224.00,224.00,22.00,54.00,1,-1,-1,-1
90,29829,404.00,202.00,40.00,106.00,1,-1,-1,-1
91,29823,297.26,185.88,53.75,133.05,1,-1,-1,-1
91,29824,363.02,182.18,41.97,141.40,1,-1,-1,-1
91,29827,128.00,216.00,22.00,56.00,1,-1,-1,-1
91,29828,224.00,224.00,22.00,54.00,1,-1,-1,-1
91,29829,409.11,193.99,43.14,115.34,1,-1,-1,-1
92,29823,297.44,185.89,53.79,132.52,1,-1,-1,-1
92,29824,364.10,181.94,42.78,142.15,1,-1,-1,-1
92,29829,411.09,191.08,44.02,118.74,1,-1,-1,-1
93,29823,297.42,185.90,53.94,132.30,1,-1,-1,-1
93,29824,364.35,181.85,43.32,142.42,1,-1,-1,-1
93,29829,411.97,189.96,44.13,120.05,1,-1,-1,-1
94,29823,297.33,185.91,54.11,132.21,1,-1,-1,-1
94,29824,364.29,181.83,43.71,142.49,1,-1,-1,-1
94,29829,412.38,189.57,43.95,120.50,1,-1,-1,-1
95,29823,297.22,185.92,54.28,132.17,1,-1,-1,-1
95,29824,364.13,181.83,44.01,142.49,1,-1,-1,-1
95,29829,412.62,189.46,43.67,120.63,1,-1,-1,-1
96,29823,297.11,185.92,54.44,132.14,1,-1,-1,-1
96,29824,363.94,181.84,44.25,142.46,1,-1,-1,-1
96,29829,412.77,189.45,43.37,120.64,1,-1,-1,-1
97,29823,297.00,185.93,54.59,132.12,1,-1,-1,-1
97,29824,363.76,181.85,44.46,142.43,1,-1,-1,-1
97,29829,412.89,189.48,43.07,120.60,1,-1,-1,-1
98,29823,296.91,185.94,54.72,132.11,1,-1,-1,-1
98,29824,363.59,181.86,44.63,142.39,1,-1,-1,-1
98,29829,413.00,189.52,42.80,120.55,1,-1,-1,-1
99,29823,296.82,185.94,54.84,132.10,1,-1,-1,-1
99,29824,363.43,181.88,44.78,142.36,1,-1,-1,-1
99,29829,413.09,189.57,42.54,120.51,1,-1,-1,-1
100,29823,296.74,185.95,54.95,132.09,1,-1,-1,-1
100,29824,363.29,181.89,44.91,142.32,1,-1,-1,-1
100,29829,413.17,189.61,42.31,120.46,1,-1,-1,-1
101,29823,303.95,180.73,54.86,132.08,1,-1,-1,-1
101,29824,366.25,183.20,42.75,134.49,1,-1,-1,-1
101,29829,413.57,188.98,42.56,121.19,1,-1,-1,-1
102,29823,306.69,178.76,54.78,132.07,1,-1,-1,-1
102,29824,367.27,183.72,42.06,131.43,1,-1,-1,-1
103,29823,307.72,178.03,54.71,132.07,1,-1,-1,-1
103,29824,367.53,183.90,41.94,130.32,1,-1,-1,-1
104,29823,308.09,177.77,54.64,132.06,1,-1,-1,-1
104,29824,367.53,183.97,42.03,129.93,1,-1,-1,-1
105,29823,308.22,177.70,54.58,132.05,1,-1,-1,-1
105,29824,367.44,184.00,42.18,129.80,1,-1,-1,-1
106,29823,308.25,177.69,54.52,132.05,1,-1,-1,-1
106,29824,367.32,184.01,42.34,129.77,1,-1,-1,-1
107,29823,308.24,177.71,54.47,132.04,1,-1,-1,-1
107,29824,367.20,184.01,42.50,129.77,1,-1,-1,-1
108,29823,308.23,177.73,54.43,132.04,1,-1,-1,-1
108,29824,367.08,184.01,42.64,129.78,1,-1,-1,-1
109,29823,308.21,177.75,54.39,132.04,1,-1,-1,-1
109,29824,366.98,184.01,42.77,129.80,1,-1,-1,-1
110,29823,308.19,177.78,54.35,132.03,1,-1,-1,-1
110,29824,366.88,184.01,42.89,129.82,1,-1,-1,-1
111,29823,302.06,180.41,53.48,130.72,1,-1,-1,-1
111,29824,358.20,180.08,44.48,133.77,1,-1,-1,-1
111,29830,86.00,202.00,34.00,98.00,1,-1,-1,-1
111,29831,148.00,196.00,32.00,104.00,1,-1,-1,-1
112,29823,299.80,181.42,52.97,130.23,1,-1,-1,-1
112,29824,354.86,178.61,45.24,135.25,1,-1,-1,-1
112,29830,86.00,202.00,34.00,98.00,1,-1,-1,-1
112,29831,148.00,196.00,32.00,104.00,1,-1,-1,-1
113,29823,299.04,181.80,52.62,130.04,1,-1,-1,-1
113,29824,353.51,178.06,45.67,135.82,1,-1,-1,-1
113,29830,86.00,202.00,34.00,98.00,1,-1,-1,-1
113,29831,148.00,196.00,32.00,104.00,1,-1,-1,-1
114,29823,298.83,181.95,52.35,129.97,1,-1,-1,-1
114,29824,352.95,177.86,45.96,136.03,1,-1,-1,-1
114,29830,86.00,202.00,34.00,98.00,1,-1,-1,-1
114,29831,148.00,196.00,32.00,104.00,1,-1,-1,-1
115,29823,298.82,182.00,52.11,129.95,1,-1,-1,-1
115,29824,352.70,177.80,46.18,136.10,1,-1,-1,-1
115,29830,86.00,202.00,34.00,98.00,1,-1,-1,-1
115,29831,148.00,196.00,32.00,104.00,1,-1,-1,-1
116,29823,298.89,182.02,51.91,129.95,1,-1,-1,-1
116,29824,352.57,177.79,46.36,136.12,1,-1,-1,-1
116,29830,86.00,202.00,34.00,98.00,1,-1,-1,-1
116,29831,148.00,196.00,32.00,104.00,1,-1,-1,-1
117,29823,298.98,182.02,51.73,129.95,1,-1,-1,-1
117,29824,352.49,177.80,46.52,136.12,1,-1,-1,-1
117,29830,86.00,202.00,34.00,98.00,1,-1,-1,-1
117,29831,148.00,196.00,32.00,104.00,1,-1,-1,-1
118,29823,299.07,182.02,51.56,129.95,1,-1,-1,-1
118,29824,352.43,177.81,46.67,136.11,1,-1,-1,-1
118,29830,86.00,202.00,34.00,98.00,1,-1,-1,-1
118,29831,148.00,196.00,32.00,104.00,1,-1,-1,-1
119,29823,299.16,182.02,51.41,129.96,1,-1,-1,-1
119,29824,352.39,177.83,46.80,136.10,1,-1,-1,-1
119,29830,86.00,202.00,34.00,98.00,1,-1,-1,-1
119,29831,148.00,196.00,32.00,104.00,1,-1,-1,-1
120,29823,299.24,182.02,51.28,129.96,1,-1,-1,-1
120,29824,352.35,177.84,46.91,136.09,1,-1,-1,-1
120,29830,86.00,202.00,34.00,98.00,1,-1,-1,-1
120,29831,148.00,196.00,32.00,104.00,1,-1,-1,-1
121,29823,290.81,183.33,52.48,133.88,1,-1,-1,-1
121,29824,342.63,181.77,46.83,136.08,1,-1,-1,-1
121,29830,89.07,189.99,45.21,130.04,1,-1,-1,-1
121,29831,147.41,209.35,31.85,104.00,1,-1,-1,-1
121,29832,224.00,196.00,30.00,120.00,1,-1,-1,-1
121,29833,14.00,188.00,44.00,138.00,1,-1,-1,-1
122,29823,287.74,183.81,52.75,135.36,1,-1,-1,-1
122,29824,338.98,183.27,46.75,136.08,1,-1,-1,-1
122,29830,90.10,185.83,49.16,141.12,1,-1,-1,-1
122,29831,147.23,214.32,31.70,104.00,1,-1,-1,-1
122,29832,224.00,196.00,30.00,120.00,1,-1,-1,-1
122,29833,14.00,188.00,44.00,138.00,1,-1,-1,-1
123,29823,286.68,184.00,52.68,135.91,1,-1,-1,-1
123,29824,337.65,183.83,46.68,136.07,1,-1,-1,-1
123,29830,90.51,184.05,50.91,145.87,1,-1,-1,-1
123,29831,147.21,216.12,31.56,104.00,1,-1,-1,-1
123,29832,224.00,196.00,30.00,120.00,1,-1,-1,-1
123,29833,14.00,188.00,44.00,138.00,1,-1,-1,-1
124,29823,286.38,184.06,52.50,136.12,1,-1,-1,-1
124,29824,337.21,184.04,46.61,136.06,1,-1,-1,-1
124,29830,90.64,183.38,51.62,147.66,1,-1,-1,-1
124,29831,147.25,216.72,31.43,104.00,1,-1,-1,-1
124,29832,224.00,196.00,30.00,120.00,1,-1,-1,-1
124,29833,14.00,188.00,44.00,138.00,1,-1,-1,-1
125,29823,286.37,184.08,52.29,136.18,1,-1,-1,-1
125,29824,337.10,184.10,46.55,136.06,1,-1,-1,-1
125,29830,90.65,183.17,51.90,148.23,1,-1,-1,-1
125,29831,147.30,216.88,31.30,104.00,1,-1,-1,-1
125,29832,224.00,196.00,30.00,120.00,1,-1,-1,-1
125,29833,14.00,188.00,44.00,138.00,1,-1,-1,-1
126,29823,286.46,184.08,52.08,136.19,1,-1,-1,-1
126,29824,337.12,184.12,46.50,136.05,1,-1,-1,-1
126,29830,90.62,183.13,52.01,148.32,1,-1,-1,-1
126,29831,147.36,216.87,31.19,104.00,1,-1,-1,-1
126,29832,224.00,196.00,30.00,120.00,1,-1,-1,-1
126,29833,14.00,188.00,44.00,138.00,1,-1,-1,-1
127,29823,286.58,184.08,51.89,136.18,1,-1,-1,-1
127,29824,337.18,184.12,46.45,136.05,1,-1,-1,-1
127,29830,90.58,183.16,52.06,148.24,1,-1,-1,-1
127,29831,147.42,216.82,31.08,104.00,1,-1,-1,-1
127,29832,224.00,196.00,30.00,120.00,1,-1,-1,-1
127,29833,14.00,188.00,44.00,138.00,1,-1,-1,-1
128,29823,286.71,184.07,51.71,136.17,1,-1,-1,-1
128,29824,337.24,184.11,46.41,136.04,1,-1,-1,-1
128,29830,90.53,183.22,52.07,148.09,1,-1,-1,-1
128,29831,147.47,216.75,30.98,104.00,1,-1,-1,-1
128,29832,224.00,196.00,30.00,120.00,1,-1,-1,-1
128,29833,14.00,188.00,44.00,138.00,1,-1,-1,-1
129,29823,286.83,184.07,51.55,136.16,1,-1,-1,-1
129,29824,337.31,184.10,46.37,136.04,1,-1,-1,-1
129,29830,90.48,183.28,52.08,147.93,1,-1,-1,-1
129,29831,147.52,216.68,30.89,104.00,1,-1,-1,-1
129,29832,224.00,196.00,30.00,120.00,1,-1,-1,-1
129,29833,14.00,188.00,44.00,138.00,1,-1,-1,-1
130,29823,286.94,184.06,51.40,136.14,1,-1,-1,-1
130,29824,337.38,184.10,46.34,136.03,1,-1,-1,-1
130,29830,90.44,183.34,52.08,147.77,1,-1,-1,-1
130,29831,147.56,216.61,30.81,104.00,1,-1,-1,-1
130,29832,224.00,196.00,30.00,120.00,1,-1,-1,-1
130,29833,14.00,188.00,44.00,138.00,1,-1,-1,-1
131,29823,297.85,180.14,50.50,136.13,1,-1,-1,-1
131,29824,336.63,184.25,46.36,136.09,1,-1,-1,-1
131,29830,90.70,182.30,53.05,150.54,1,-1,-1,-1
131,29831,147.51,217.59,30.81,104.00,1,-1,-1,-1
131,29832,224.00,196.00,30.00,120.00,1,-1,-1,-1
131,29833,14.00,188.00,44.00,138.00,1,-1,-1,-1
131,29834,166.00,178.00,44.00,160.00,1,-1,-1,-1
131,29835,188.00,190.00,32.00,132.00,1,-1,-1,-1
131,29836,256.00,172.00,44.00,154.00,1,-1,-1,-1
132,29823,302.24,178.66,49.69,136.12,1,-1,-1,-1
132,29834,166.00,178.00,44.00,160.00,1,-1,-1,-1
132,29835,188.00,190.00,32.00,132.00,1,-1,-1,-1
132,29836,256.00,172.00,44.00,154.00,1,-1,-1,-1
133,29823,304.10,178.10,48.96,136.11,1,-1,-1,-1
133,29832,193.01,190.90,32.46,130.20,1,-1,-1,-1
133,29834,166.00,178.00,44.00,160.00,1,-1,-1,-1
133,29836,256.00,172.00,44.00,154.00,1,-1,-1,-1
134,29823,304.98,177.90,48.30,136.10,1,-1,-1,-1
134,29832,188.34,190.12,32.76,131.75,1,-1,-1,-1
134,29834,166.00,178.00,44.00,160.00,1,-1,-1,-1
134,29836,256.00,172.00,44.00,154.00,1,-1,-1,-1
135,29823,305.46,177.84,47.70,136.09,1,-1,-1,-1
135,29832,186.71,189.85,32.82,132.30,1,-1,-1,-1
135,29834,166.00,178.00,44.00,160.00,1,-1,-1,-1
135,29836,256.00,172.00,44.00,154.00,1,-1,-1,-1
136,29823,305.78,177.83,47.15,136.08,1,-1,-1,-1
136,29832,186.21,189.76,32.79,132.48,1,-1,-1,-1
136,29834,166.00,178.00,44.00,160.00,1,-1,-1,-1
136,29836,256.00,172.00,44.00,154.00,1,-1,-1,-1
137,29823,306.02,177.83,46.66,136.07,1,-1,-1,-1
137,29832,186.14,189.74,32.74,132.51,1,-1,-1,-1
137,29834,166.00,178.00,44.00,160.00,1,-1,-1,-1
137,29836,256.00,172.00,44.00,154.00,1,-1,-1,-1
138,29823,306.22,177.84,46.22,136.06,1,-1,-1,-1
138,29832,186.23,189.75,32.67,132.49,1,-1,-1,-1
138,29834,166.00,178.00,44.00,160.00,1,-1,-1,-1
138,29836,256.00,172.00,44.00,154.00,1,-1,-1,-1
139,29823,306.39,177.86,45.81,136.06,1,-1,-1,-1
139,29832,186.36,189.77,32.61,132.46,1,-1,-1,-1
139,29834,166.00,178.00,44.00,160.00,1,-1,-1,-1
139,29836,256.00,172.00,44.00,154.00,1,-1,-1,-1
140,29823,306.55,177.87,45.45,136.05,1,-1,-1,-1
140,29832,186.50,189.79,32.56,132.42,1,-1,-1,-1
140,29834,166.00,178.00,44.00,160.00,1,-1,-1,-1
140,29836,256.00,172.00,44.00,154.00,1,-1,-1,-1
141,29823,305.38,176.58,46.43,139.96,1,-1,-1,-1
141,29832,184.47,189.46,32.72,133.09,1,-1,-1,-1
141,29834,166.00,178.00,44.00,160.00,1,-1,-1,-1
141,29836,255.18,173.33,42.97,148.66,1,-1,-1,-1
141,29837,120.00,180.00,76.00,196.00,1,-1,-1,-1
142,29823,305.02,176.10,46.62,141.43,1,-1,-1,-1
142,29836,254.74,173.84,42.85,146.65,1,-1,-1,-1
142,29837,120.00,180.00,76.00,196.00,1,-1,-1,-1
143,29823,304.95,175.92,46.54,141.98,1,-1,-1,-1
143,29836,254.44,174.01,43.09,145.94,1,-1,-1,-1
143,29837,120.00,180.00,76.00,196.00,1,-1,-1,-1
144,29823,304.99,175.86,46.36,142.18,1,-1,-1,-1
144,29836,254.21,174.07,43.43,145.71,1,-1,-1,-1
144,29837,120.00,180.00,76.00,196.00,1,-1,-1,-1
145,29823,305.06,175.85,46.16,142.24,1,-1,-1,-1
145,29836,254.01,174.09,43.80,145.65,1,-1,-1,-1
145,29837,120.00,180.00,76.00,196.00,1,-1,-1,-1
146,29823,305.14,175.86,45.96,142.24,1,-1,-1,-1
146,29836,253.83,174.09,44.16,145.66,1,-1,-1,-1
146,29837,120.00,180.00,76.00,196.00,1,-1,-1,-1
147,29823,305.22,175.87,45.77,142.23,1,-1,-1,-1
147,29836,253.67,174.08,44.50,145.68,1,-1,-1,-1
147,29837,120.00,180.00,76.00,196.00,1,-1,-1,-1
148,29823,305.29,175.88,45.61,142.21,1,-1,-1,-1
148,29836,253.52,174.07,44.82,145.71,1,-1,-1,-1
148,29837,120.00,180.00,76.00,196.00,1,-1,-1,-1
149,29823,305.36,175.89,45.45,142.20,1,-1,-1,-1
149,29836,253.38,174.07,45.11,145.74,1,-1,-1,-1
149,29837,120.00,180.00,76.00,196.00,1,-1,-1,-1
150,29823,305.42,175.90,45.31,142.18,1,-1,-1,-1
150,29836,253.25,174.06,45.37,145.76,1,-1,-1,-1
150,29837,120.00,180.00,76.00,196.00,1,-1,-1,-1
151,29823,303.47,172.00,46.60,148.68,1,-1,-1,-1
151,29836,254.22,174.05,44.76,141.85,1,-1,-1,-1
151,29837,120.00,180.00,76.00,196.00,1,-1,-1,-1
152,29823,302.96,170.54,46.63,151.11,1,-1,-1,-1
152,29836,254.44,174.05,44.84,140.38,1,-1,-1,-1
153,29823,302.95,169.99,46.26,152.03,1,-1,-1,-1
153,29836,254.37,174.04,45.16,139.86,1,-1,-1,-1
154,29823,303.13,169.79,45.76,152.35,1,-1,-1,-1
154,29836,254.21,174.04,45.56,139.69,1,-1,-1,-1
155,29823,303.36,169.73,45.25,152.45,1,-1,-1,-1
155,29836,254.03,174.03,45.95,139.65,1,-1,-1,-1
156,29823,303.60,169.73,44.76,152.45,1,-1,-1,-1
156,29836,253.84,174.03,46.32,139.66,1,-1,-1,-1
157,29823,303.82,169.74,44.31,152.43,1,-1,-1,-1
157,29836,253.67,174.03,46.67,139.68,1,-1,-1,-1
158,29823,304.03,169.76,43.90,152.40,1,-1,-1,-1
158,29836,253.52,174.02,46.98,139.71,1,-1,-1,-1
159,29823,304.21,169.78,43.52,152.37,1,-1,-1,-1
159,29836,253.37,174.02,47.26,139.74,1,-1,-1,-1
160,29823,304.38,169.80,43.19,152.33,1,-1,-1,-1
160,29836,253.24,174.02,47.52,139.76,1,-1,-1,-1
161,29823,311.71,178.93,40.25,140.58,1,-1,-1,-1
161,29836,252.00,174.02,48.71,142.40,1,-1,-1,-1
162,29823,314.48,182.51,39.29,135.98,1,-1,-1,-1
162,29836,251.45,174.02,49.31,143.40,1,-1,-1,-1
163,29823,315.36,183.77,39.13,134.35,1,-1,-1,-1
163,29836,251.17,174.02,49.68,143.79,1,-1,-1,-1
164,29823,315.58,184.21,39.24,133.78,1,-1,-1,-1
164,29836,251.01,174.01,49.94,143.94,1,-1,-1,-1
165,29823,315.56,184.35,39.44,133.60,1,-1,-1,-1
165,29836,250.89,174.01,50.15,143.99,1,-1,-1,-1
166,29823,315.46,184.37,39.66,133.56,1,-1,-1,-1
166,29836,250.80,174.01,50.34,144.01,1,-1,-1,-1
167,29823,315.34,184.35,39.88,133.58,1,-1,-1,-1
167,29836,250.72,174.01,50.50,144.02,1,-1,-1,-1
168,29823,315.22,184.33,40.07,133.61,1,-1,-1,-1
168,29836,250.65,174.01,50.64,144.02,1,-1,-1,-1
169,29823,315.10,184.30,40.26,133.65,1,-1,-1,-1
169,29836,250.59,174.01,50.77,144.02,1,-1,-1,-1
170,29823,315.00,184.27,40.42,133.68,1,-1,-1,-1
170,29836,250.53,174.01,50.89,144.02,1,-1,-1,-1
171,29823,315.41,184.70,40.26,133.16,1,-1,-1,-1
171,29836,254.17,171.40,52.76,149.24,1,-1,-1,-1
171,29838,84.00,192.00,46.00,110.00,1,-1,-1,-1
171,29839,170.00,194.00,40.00,108.00,1,-1,-1,-1
172,29836,255.52,170.42,53.48,151.19,1,-1,-1,-1
172,29838,84.00,192.00,46.00,110.00,1,-1,-1,-1
172,29839,170.00,194.00,40.00,108.00,1,-1,-1,-1
173,29836,256.03,170.05,53.76,151.93,1,-1,-1,-1
173,29838,84.00,192.00,46.00,110.00,1,-1,-1,-1
173,29839,170.00,194.00,40.00,108.00,1,-1,-1,-1
174,29836,256.21,169.91,53.87,152.20,1,-1,-1,-1
174,29838,84.00,192.00,46.00,110.00,1,-1,-1,-1
174,29839,170.00,194.00,40.00,108.00,1,-1,-1,-1
175,29836,256.26,169.87,53.92,152.28,1,-1,-1,-1
175,29838,84.00,192.00,46.00,110.00,1,-1,-1,-1
175,29839,170.00,194.00,40.00,108.00,1,-1,-1,-1
176,29836,256.26,169.86,53.94,152.29,1,-1,-1,-1
176,29838,84.00,192.00,46.00,110.00,1,-1,-1,-1
176,29839,170.00,194.00,40.00,108.00,1,-1,-1,-1
177,29836,256.25,169.87,53.95,152.28,1,-1,-1,-1
177,29838,84.00,192.00,46.00,110.00,1,-1,-1,-1
177,29839,170.00,194.00,40.00,108.00,1,-1,-1,-1
178,29836,256.23,169.88,53.96,152.26,1,-1,-1,-1
178,29838,84.00,192.00,46.00,110.00,1,-1,-1,-1
178,29839,170.00,194.00,40.00,108.00,1,-1,-1,-1
179,29836,256.21,169.89,53.97,152.24,1,-1,-1,-1
179,29838,84.00,192.00,46.00,110.00,1,-1,-1,-1
179,29839,170.00,194.00,40.00,108.00,1,-1,-1,-1
180,29836,256.19,169.90,53.97,152.22,1,-1,-1,-1
180,29838,84.00,192.00,46.00,110.00,1,-1,-1,-1
180,29839,170.00,194.00,40.00,108.00,1,-1,-1,-1
181,29836,256.41,169.73,54.09,152.56,1,-1,-1,-1
181,29838,84.00,192.00,46.00,110.00,1,-1,-1,-1
181,29839,170.00,194.00,40.00,108.00,1,-1,-1,-1
191,29823,314.40,174.16,47.27,151.76,1,-1,-1,-1
191,29836,261.99,168.00,55.76,161.80,1,-1,-1,-1
191,29840,116.00,150.00,78.00,212.00,1,-1,-1,-1
192,29823,313.90,173.91,48.32,152.19,1,-1,-1,-1
192,29836,262.77,167.95,54.69,162.16,1,-1,-1,-1
192,29840,116.00,150.00,78.00,212.00,1,-1,-1,-1
193,29823,313.57,173.82,49.01,152.33,1,-1,-1,-1
193,29836,263.31,167.93,53.80,162.29,1,-1,-1,-1
193,29840,116.00,150.00,78.00,212.00,1,-1,-1,-1
194,29823,313.32,173.80,49.50,152.37,1,-1,-1,-1
194,29836,263.70,167.92,53.07,162.32,1,-1,-1,-1
194,29840,116.00,150.00,78.00,212.00,1,-1,-1,-1
195,29823,313.14,173.80,49.86,152.36,1,-1,-1,-1
195,29836,264.00,167.92,52.45,162.31,1,-1,-1,-1
195,29840,116.00,150.00,78.00,212.00,1,-1,-1,-1
196,29823,312.99,173.82,50.15,152.33,1,-1,-1,-1
196,29836,264.24,167.93,51.93,162.29,1,-1,-1,-1
196,29840,116.00,150.00,78.00,212.00,1,-1,-1,-1
197,29823,312.87,173.83,50.38,152.31,1,-1,-1,-1
197,29836,264.45,167.94,51.49,162.27,1,-1,-1,-1
197,29840,116.00,150.00,78.00,212.00,1,-1,-1,-1
198,29823,312.76,173.85,50.58,152.28,1,-1,-1,-1
198,29836,264.62,167.94,51.11,162.24,1,-1,-1,-1
198,29840,116.00,150.00,78.00,212.00,1,-1,-1,-1
199,29823,312.68,173.86,50.74,152.26,1,-1,-1,-1
199,29836,264.77,167.95,50.78,162.22,1,-1,-1,-1
199,29840,116.00,150.00,78.00,212.00,1,-1,-1,-1
200,29823,312.60,173.87,50.88,152.23,1,-1,-1,-1
200,29836,264.90,167.95,50.49,162.20,1,-1,-1,-1
200,29840,116.00,150.00,78.00,212.00,1,-1,-1,-1
201,29823,315.59,176.49,47.51,144.40,1,-1,-1,-1
201,29836,265.08,167.88,50.59,162.52,1,-1,-1,-1
201,29840,116.00,150.00,78.00,212.00,1,-1,-1,-1
201,29841,2.00,10.00,156.00,462.00,1,-1,-1,-1
201,29842,218.00,216.00,20.00,70.00,1,-1,-1,-1
202,29823,316.91,177.51,45.87,141.36,1,-1,-1,-1
202,29841,2.00,10.00,156.00,462.00,1,-1,-1,-1
202,29842,218.00,216.00,20.00,70.00,1,-1,-1,-1
203,29823,317.54,177.88,44.95,140.26,1,-1,-1,-1
203,29841,2.00,10.00,156.00,462.00,1,-1,-1,-1
203,29842,218.00,216.00,20.00,70.00,1,-1,-1,-1
204,29823,317.91,178.01,44.33,139.87,1,-1,-1,-1
204,29841,2.00,10.00,156.00,462.00,1,-1,-1,-1
204,29842,218.00,216.00,20.00,70.00,1,-1,-1,-1
205,29823,318.17,178.06,43.85,139.74,1,-1,-1,-1
205,29841,2.00,10.00,156.00,462.00,1,-1,-1,-1
205,29842,218.00,216.00,20.00,70.00,1,-1,-1,-1
206,29823,318.36,178.07,43.45,139.72,1,-1,-1,-1
206,29841,2.00,10.00,156.00,462.00,1,-1,-1,-1
206,29842,218.00,216.00,20.00,70.00,1,-1,-1,-1
207,29823,318.53,178.07,43.10,139.72,1,-1,-1,-1
207,29841,2.00,10.00,156.00,462.00,1,-1,-1,-1
207,29842,218.00,216.00,20.00,70.00,1,-1,-1,-1
208,29823,318.68,178.06,42.80,139.74,1,-1,-1,-1
208,29841,2.00,10.00,156.00,462.00,1,-1,-1,-1
208,29842,218.00,216.00,20.00,70.00,1,-1,-1,-1
209,29823,318.81,178.06,42.52,139.77,1,-1,-1,-1
209,29841,2.00,10.00,156.00,462.00,1,-1,-1,-1
209,29842,218.00,216.00,20.00,70.00,1,-1,-1,-1
210,29823,318.93,178.05,42.28,139.79,1,-1,-1,-1
210,29841,2.00,10.00,156.00,462.00,1,-1,-1,-1
210,29842,218.00,216.00,20.00,70.00,1,-1,-1,-1
211,29823,325.34,175.43,45.15,150.28,1,-1,-1,-1
211,29836,277.20,179.57,45.12,142.79,1,-1,-1,-1
211,29841,2.00,10.00,156.00,462.00,1,-1,-1,-1
211,29842,221.41,214.67,19.85,70.00,1,-1,-1,-1
212,29823,327.79,174.46,46.04,154.16,1,-1,-1,-1
212,29836,277.44,180.07,45.34,141.93,1,-1,-1,-1
212,29842,222.73,214.17,19.70,70.00,1,-1,-1,-1
213,29823,328.81,174.08,46.24,155.68,1,-1,-1,-1
213,29836,277.43,180.24,45.62,141.63,1,-1,-1,-1
213,29842,223.25,213.99,19.56,70.00,1,-1,-1,-1
214,29823,329.24,173.94,46.18,156.23,1,-1,-1,-1
214,29836,277.33,180.28,45.90,141.55,1,-1,-1,-1
214,29842,223.47,213.93,19.43,70.00,1,-1,-1,-1
215,29823,329.44,173.90,46.03,156.42,1,-1,-1,-1
215,29836,277.20,180.28,46.14,141.56,1,-1,-1,-1
215,29842,223.57,213.91,19.30,70.00,1,-1,-1,-1
216,29823,329.55,173.89,45.86,156.46,1,-1,-1,-1
216,29836,277.07,180.26,46.36,141.59,1,-1,-1,-1
216,29842,223.62,213.91,19.19,70.00,1,-1,-1,-1
217,29823,329.61,173.89,45.69,156.45,1,-1,-1,-1
217,29836,276.95,180.24,46.54,141.63,1,-1,-1,-1
217,29842,223.66,213.92,19.08,70.00,1,-1,-1,-1
218,29823,329.66,173.89,45.53,156.42,1,-1,-1,-1
218,29836,276.85,180.21,46.70,141.66,1,-1,-1,-1
218,29842,223.69,213.93,18.98,70.00,1,-1,-1,-1
219,29823,329.70,173.90,45.38,156.39,1,-1,-1,-1
219,29836,276.76,180.19,46.84,141.70,1,-1,-1,-1
219,29842,223.72,213.93,18.89,70.00,1,-1,-1,-1
220,29823,329.73,173.91,45.25,156.35,1,-1,-1,-1
220,29836,276.68,180.17,46.96,141.73,1,-1,-1,-1
220,29842,223.75,213.94,18.81,70.00,1,-1,-1,-1
221,29823,336.29,170.02,45.07,157.62,1,-1,-1,-1
221,29836,281.87,172.28,49.68,149.63,1,-1,-1,-1
221,29842,223.28,208.71,23.64,84.40,1,-1,-1,-1
222,29823,338.91,168.54,44.70,158.09,1,-1,-1,-1
222,29836,283.76,169.35,50.74,152.56,1,-1,-1,-1
222,29842,222.80,206.83,26.01,89.56,1,-1,-1,-1
223,29823,340.01,168.00,44.30,158.25,1,-1,-1,-1
223,29836,284.45,168.22,51.19,153.70,1,-1,-1,-1
223,29842,222.34,206.06,27.50,91.70,1,-1,-1,-1
224,29823,340.51,167.80,43.90,158.29,1,-1,-1,-1
224,29836,284.66,167.81,51.40,154.12,1,-1,-1,-1
224,29842,221.92,205.77,28.53,92.51,1,-1,-1,-1
225,29823,340.78,167.75,43.54,158.28,1,-1,-1,-1
225,29836,284.70,167.68,51.51,154.26,1,-1,-1,-1
225,29842,221.55,205.68,29.33,92.77,1,-1,-1,-1
226,29823,340.94,167.74,43.20,158.27,1,-1,-1,-1
226,29836,284.67,167.65,51.58,154.29,1,-1,-1,-1
226,29842,221.21,205.66,30.01,92.83,1,-1,-1,-1
227,29823,341.06,167.76,42.89,158.25,1,-1,-1,-1
227,29836,284.62,167.66,51.63,154.29,1,-1,-1,-1
227,29842,220.90,205.67,30.60,92.81,1,-1,-1,-1
228,29823,341.16,167.78,42.61,158.22,1,-1,-1,-1
228,29836,284.57,167.68,51.67,154.27,1,-1,-1,-1
228,29842,220.63,205.69,31.12,92.76,1,-1,-1,-1
229,29823,341.25,167.80,42.36,158.20,1,-1,-1,-1
229,29836,284.52,167.71,51.70,154.25,1,-1,-1,-1
229,29842,220.38,205.71,31.59,92.70,1,-1,-1,-1
230,29823,341.32,167.81,42.13,158.18,1,-1,-1,-1
230,29836,284.47,167.73,51.73,154.23,1,-1,-1,-1
230,29842,220.15,205.74,32.02,92.65,1,-1,-1,-1
231,29823,345.12,165.22,38.38,145.12,1,-1,-1,-1
231,29836,284.61,162.55,54.00,162.02,1,-1,-1,-1
231,29842,219.52,196.71,35.84,104.22,1,-1,-1,-1
231,29843,166.00,192.00,34.00,114.00,1,-1,-1,-1
231,29844,120.00,194.00,32.00,108.00,1,-1,-1,-1
231,29845,190.00,194.00,34.00,114.00,1,-1,-1,-1
232,29823,346.62,164.23,36.78,140.03,1,-1,-1,-1
232,29836,284.75,160.61,54.66,164.93,1,-1,-1,-1
232,29842,219.34,193.37,37.14,108.52,1,-1,-1,-1
232,29843,166.00,192.00,34.00,114.00,1,-1,-1,-1
232,29844,120.00,194.00,32.00,108.00,1,-1,-1,-1
232,29845,190.00,194.00,34.00,114.00,1,-1,-1,-1
233,29823,347.20,163.90,36.10,138.24,1,-1,-1,-1
233,29836,284.87,159.88,54.73,166.04,1,-1,-1,-1
233,29842,219.31,192.03,37.57,110.22,1,-1,-1,-1
233,29843,166.00,192.00,34.00,114.00,1,-1,-1,-1
233,29844,120.00,194.00,32.00,108.00,1,-1,-1,-1
233,29845,190.00,194.00,34.00,114.00,1,-1,-1,-1
234,29823,347.44,163.79,35.74,137.62,1,-1,-1,-1
234,29836,284.98,159.63,54.60,166.43,1,-1,-1,-1
234,29842,219.34,191.54,37.63,110.82,1,-1,-1,-1
234,29843,166.00,192.00,34.00,114.00,1,-1,-1,-1
234,29844,120.00,194.00,32.00,108.00,1,-1,-1,-1
234,29845,190.00,194.00,34.00,114.00,1,-1,-1,-1
235,29823,347.55,163.77,35.52,137.44,1,-1,-1,-1
235,29836,285.08,159.56,54.40,166.54,1,-1,-1,-1
235,29842,219.39,191.39,37.56,111.00,1,-1,-1,-1
235,29843,166.00,192.00,34.00,114.00,1,-1,-1,-1
235,29844,120.00,194.00,32.00,108.00,1,-1,-1,-1
235,29845,190.00,194.00,34.00,114.00,1,-1,-1,-1
236,29823,347.62,163.77,35.35,137.42,1,-1,-1,-1
236,29836,285.17,159.57,54.19,166.55,1,-1,-1,-1
236,29842,219.44,191.36,37.45,111.01,1,-1,-1,-1
236,29843,166.00,192.00,34.00,114.00,1,-1,-1,-1
236,29844,120.00,194.00,32.00,108.00,1,-1,-1,-1
236,29845,190.00,194.00,34.00,114.00,1,-1,-1,-1
237,29823,347.66,163.79,35.21,137.44,1,-1,-1,-1
237,29836,285.25,159.59,53.99,166.53,1,-1,-1,-1
237,29842,219.49,191.39,37.33,110.96,1,-1,-1,-1
237,29843,166.00,192.00,34.00,114.00,1,-1,-1,-1
237,29844,120.00,194.00,32.00,108.00,1,-1,-1,-1
237,29845,190.00,194.00,34.00,114.00,1,-1,-1,-1
238,29823,347.70,163.81,35.09,137.49,1,-1,-1,-1
238,29836,285.32,159.62,53.80,166.49,1,-1,-1,-1
238,29842,219.54,191.43,37.21,110.90,1,-1,-1,-1
238,29843,166.00,192.00,34.00,114.00,1,-1,-1,-1
238,29844,120.00,194.00,32.00,108.00,1,-1,-1,-1
238,29845,190.00,194.00,34.00,114.00,1,-1,-1,-1
239,29823,347.73,163.83,34.99,137.54,1,-1,-1,-1
239,29836,285.39,159.65,53.63,166.44,1,-1,-1,-1
239,29842,219.58,191.47,37.10,110.82,1,-1,-1,-1
239,29843,166.00,192.00,34.00,114.00,1,-1,-1,-1
239,29844,120.00,194.00,32.00,108.00,1,-1,-1,-1
239,29845,190.00,194.00,34.00,114.00,1,-1,-1,-1
240,29823,347.75,163.84,34.89,137.58,1,-1,-1,-1
240,29836,285.45,159.69,53.48,166.40,1,-1,-1,-1
240,29842,219.62,191.52,36.99,110.75,1,-1,-1,-1
240,29843,166.00,192.00,34.00,114.00,1,-1,-1,-1
240,29844,120.00,194.00,32.00,108.00,1,-1,-1,-1
240,29845,190.00,194.00,34.00,114.00,1,-1,-1,-1
241,29823,341.03,161.23,40.41,159.94,1,-1,-1,-1
241,29836,287.16,163.62,52.62,163.76,1,-1,-1,-1
241,29842,217.81,194.15,39.31,118.45,1,-1,-1,-1
241,29843,163.49,190.67,37.69,127.35,1,-1,-1,-1
241,29844,120.00,194.00,32.00,108.00,1,-1,-1,-1
241,29845,190.00,194.00,34.00,114.00,1,-1,-1,-1
241,29846,140.00,188.00,34.00,128.00,1,-1,-1,-1
241,29847,88.00,186.00,38.00,126.00,1,-1,-1,-1
241,29848,66.00,178.00,46.00,138.00,1,-1,-1,-1
242,29823,338.67,160.29,42.31,167.98,1,-1,-1,-1
242,29836,287.81,165.14,52.29,162.73,1,-1,-1,-1
242,29842,217.20,195.14,40.03,121.33,1,-1,-1,-1
242,29843,162.68,190.18,38.83,132.17,1,-1,-1,-1
242,29846,140.00,188.00,34.00,128.00,1,-1,-1,-1
242,29847,88.00,186.00,38.00,126.00,1,-1,-1,-1
242,29848,66.00,178.00,46.00,138.00,1,-1,-1,-1
243,29823,337.73,159.92,43.00,171.26,1,-1,-1,-1
243,29836,288.04,165.71,52.15,162.33,1,-1,-1,-1
243,29842,217.02,195.56,40.18,122.42,1,-1,-1,-1
243,29843,162.45,189.99,39.10,134.05,1,-1,-1,-1
243,29844,93.05,187.20,36.60,123.30,1,-1,-1,-1
243,29846,140.00,188.00,34.00,128.00,1,-1,-1,-1
243,29848,66.00,178.00,46.00,138.00,1,-1,-1,-1
244,29823,337.41,159.79,43.20,172.50,1,-1,-1,-1
244,29836,288.12,165.93,52.10,162.18,1,-1,-1,-1
244,29842,217.02,195.73,40.10,122.79,1,-1,-1,-1
244,29843,162.45,189.93,39.04,134.72,1,-1,-1,-1
244,29844,88.95,186.17,37.34,125.61,1,-1,-1,-1
244,29846,140.00,188.00,34.00,128.00,1,-1,-1,-1
244,29848,66.00,178.00,46.00,138.00,1,-1,-1,-1
245,29823,337.32,159.75,43.20,172.92,1,-1,-1,-1
245,29836,288.14,166.01,52.07,162.11,1,-1,-1,-1
245,29842,217.07,195.81,39.95,122.87,1,-1,-1,-1
245,29843,162.53,189.91,38.84,134.91,1,-1,-1,-1
245,29844,87.45,185.80,37.64,126.46,1,-1,-1,-1
245,29846,140.00,188.00,34.00,128.00,1,-1,-1,-1
245,29848,66.00,178.00,46.00,138.00,1,-1,-1,-1
246,29823,337.33,159.75,43.13,173.02,1,-1,-1,-1
246,29836,288.14,166.03,52.06,162.08,1,-1,-1,-1
246,29842,217.14,195.85,39.79,122.86,1,-1,-1,-1
246,29843,162.64,189.91,38.62,134.92,1,-1,-1,-1
246,29844,86.94,185.68,37.77,126.73,1,-1,-1,-1
246,29846,140.00,188.00,34.00,128.00,1,-1,-1,-1
246,29848,66.00,178.00,46.00,138.00,1,-1,-1,-1
247,29823,337.38,159.77,43.03,173.01,1,-1,-1,-1
247,29836,288.13,166.04,52.05,162.07,1,-1,-1,-1
247,29842,217.22,195.87,39.63,122.81,1,-1,-1,-1
247,29843,162.76,189.91,38.39,134.87,1,-1,-1,-1
247,29844,86.83,185.65,37.83,126.78,1,-1,-1,-1
247,29846,140.00,188.00,34.00,128.00,1,-1,-1,-1
247,29848,66.00,178.00,46.00,138.00,1,-1,-1,-1
248,29823,337.43,159.78,42.94,172.95,1,-1,-1,-1
248,29836,288.12,166.04,52.05,162.06,1,-1,-1,-1
248,29842,217.29,195.88,39.48,122.74,1,-1,-1,-1
248,29843,162.87,189.92,38.18,134.80,1,-1,-1,-1
248,29844,86.85,185.66,37.86,126.76,1,-1,-1,-1
248,29846,140.00,188.00,34.00,128.00,1,-1,-1,-1
248,29848,66.00,178.00,46.00,138.00,1,-1,-1,-1
249,29823,337.48,159.80,42.85,172.87,1,-1,-1,-1
249,29836,288.11,166.04,52.04,162.05,1,-1,-1,-1
249,29842,217.36,195.90,39.34,122.68,1,-1,-1,-1
249,29843,162.97,189.93,37.98,134.73,1,-1,-1,-1
249,29844,86.92,185.69,37.88,126.71,1,-1,-1,-1
249,29846,140.00,188.00,34.00,128.00,1,-1,-1,-1
249,29848,66.00,178.00,46.00,138.00,1,-1,-1,-1
250,29823,337.53,159.82,42.77,172.80,1,-1,-1,-1
250,29836,288.10,166.04,52.04,162.05,1,-1,-1,-1
250,29842,217.42,195.91,39.21,122.62,1,-1,-1,-1
250,29843,163.07,189.93,37.80,134.67,1,-1,-1,-1
250,29844,87.01,185.71,37.89,126.65,1,-1,-1,-1
250,29846,140.00,188.00,34.00,128.00,1,-1,-1,-1
250,29848,66.00,178.00,46.00,138.00,1,-1,-1,-1
251,29823,335.31,159.83,42.04,171.44,1,-1,-1,-1
251,29836,289.34,171.26,48.24,150.29,1,-1,-1,-1
251,29842,217.30,195.76,39.52,123.60,1,-1,-1,-1
251,29843,162.87,189.83,38.10,135.73,1,-1,-1,-1
251,29844,85.19,185.25,38.20,127.68,1,-1,-1,-1
251,29846,140.00,188.00,34.00,128.00,1,-1,-1,-1
251,29848,58.98,168.66,57.37,164.70,1,-1,-1,-1
252,29823,334.57,159.85,41.54,170.87,1,-1,-1,-1
252,29836,289.81,173.27,46.75,145.73,1,-1,-1,-1
252,29848,55.61,165.34,63.17,174.18,1,-1,-1,-1
253,29823,334.40,159.86,41.16,170.62,1,-1,-1,-1
253,29836,289.98,173.98,46.22,144.13,1,-1,-1,-1
253,29848,53.50,163.99,67.00,178.02,1,-1,-1,-1
254,29823,334.44,159.88,40.84,170.50,1,-1,-1,-1
254,29836,290.03,174.22,46.03,143.58,1,-1,-1,-1
254,29848,52.02,163.50,69.83,179.42,1,-1,-1,-1
255,29823,334.54,159.89,40.56,170.43,1,-1,-1,-1
255,29836,290.05,174.29,45.96,143.42,1,-1,-1,-1
255,29848,50.83,163.36,72.15,179.84,1,-1,-1,-1
256,29823,334.66,159.90,40.31,170.38,1,-1,-1,-1
256,29836,290.05,174.29,45.94,143.41,1,-1,-1,-1
256,29848,49.82,163.34,74.18,179.88,1,-1,-1,-1
257,29823,334.79,159.91,40.08,170.34,1,-1,-1,-1
257,29836,290.05,174.28,45.94,143.44,1,-1,-1,-1
257,29848,48.91,163.37,76.00,179.80,1,-1,-1,-1
258,29823,334.90,159.92,39.88,170.31,1,-1,-1,-1
258,29836,290.05,174.25,45.94,143.48,1,-1,-1,-1
258,29848,48.09,163.42,77.66,179.67,1,-1,-1,-1
259,29823,335.01,159.92,39.70,170.28,1,-1,-1,-1
259,29836,290.04,174.23,45.95,143.53,1,-1,-1,-1
259,29848,47.34,163.46,79.16,179.53,1,-1,-1,-1
260,29823,335.10,159.93,39.53,170.25,1,-1,-1,-1
260,29836,290.04,174.21,45.95,143.58,1,-1,-1,-1
260,29848,46.66,163.51,80.54,179.39,1,-1,-1,-1
261,29823,335.67,180.81,34.50,144.14,1,-1,-1,-1
261,29836,285.29,184.68,44.95,137.06,1,-1,-1,-1
261,29848,46.06,162.74,81.53,181.59,1,-1,-1,-1
262,29823,335.74,189.14,32.87,133.69,1,-1,-1,-1
262,29836,283.21,188.66,45.11,134.61,1,-1,-1,-1
263,29823,335.53,191.88,32.79,130.25,1,-1,-1,-1
263,29836,282.20,190.07,45.68,133.75,1,-1,-1,-1
264,29823,335.26,192.76,33.19,129.14,1,-1,-1,-1
264,29836,281.62,190.55,46.37,133.47,1,-1,-1,-1
265,29823,334.97,193.00,33.74,128.83,1,-1,-1,-1
265,29836,281.20,190.67,47.06,133.41,1,-1,-1,-1
266,29823,334.70,193.00,34.29,128.82,1,-1,-1,-1
266,29836,280.87,190.67,47.70,133.43,1,-1,-1,-1
267,29823,334.45,192.94,34.82,128.89,1,-1,-1,-1
267,29836,280.59,190.63,48.29,133.47,1,-1,-1,-1
268,29823,334.22,192.85,35.31,129.00,1,-1,-1,-1
268,29836,280.34,190.58,48.83,133.52,1,-1,-1,-1
269,29823,334.01,192.76,35.75,129.10,1,-1,-1,-1
269,29836,280.12,190.53,49.33,133.56,1,-1,-1,-1
270,29823,333.82,192.69,36.15,129.19,1,-1,-1,-1
270,29836,279.92,190.48,49.77,133.60,1,-1,-1,-1
271,29823,333.11,187.34,36.27,130.59,1,-1,-1,-1
271,29836,279.71,191.25,49.53,132.96,1,-1,-1,-1
271,29849,324.00,180.00,32.00,102.00,1,-1,-1,-1
271,29850,114.00,134.00,96.00,280.00,1,-1,-1,-1
272,29823,332.93,185.31,36.17,131.15,1,-1,-1,-1
272,29842,117.61,134.69,90.57,278.40,1,-1,-1,-1
272,29849,324.00,180.00,32.00,102.00,1,-1,-1,-1
273,29823,332.93,184.53,36.01,131.40,1,-1,-1,-1
273,29842,114.59,133.15,92.81,282.26,1,-1,-1,-1
273,29849,324.00,180.00,32.00,102.00,1,-1,-1,-1
274,29823,332.99,184.23,35.83,131.52,1,-1,-1,-1
274,29842,113.45,132.66,93.90,283.46,1,-1,-1,-1
274,29849,324.00,180.00,32.00,102.00,1,-1,-1,-1
275,29823,333.07,184.11,35.66,131.59,1,-1,-1,-1
275,29842,113.00,132.54,94.50,283.73,1,-1,-1,-1
275,29849,324.00,180.00,32.00,102.00,1,-1,-1,-1
276,29823,333.15,184.07,35.51,131.64,1,-1,-1,-1
276,29842,112.82,132.56,94.88,283.70,1,-1,-1,-1
276,29849,324.00,180.00,32.00,102.00,1,-1,-1,-1
277,29823,333.23,184.05,35.36,131.68,1,-1,-1,-1
277,29842,112.76,132.61,95.15,283.55,1,-1,-1,-1
277,29849,324.00,180.00,32.00,102.00,1,-1,-1,-1
278,29823,333.31,184.04,35.23,131.71,1,-1,-1,-1
278,29842,112.75,132.69,95.34,283.35,1,-1,-1,-1
278,29849,324.00,180.00,32.00,102.00,1,-1,-1,-1
279,29823,333.37,184.03,35.11,131.74,1,-1,-1,-1
279,29842,112.79,132.78,95.48,283.13,1,-1,-1,-1
279,29849,324.00,180.00,32.00,102.00,1,-1,-1,-1
280,29823,333.43,184.03,35.00,131.76,1,-1,-1,-1
280,29842,112.84,132.86,95.58,282.91,1,-1,-1,-1
280,29849,324.00,180.00,32.00,102.00,1,-1,-1,-1
281,29823,333.38,184.07,34.90,131.38,1,-1,-1,-1
281,29836,271.48,176.66,39.64,102.71,1,-1,-1,-1
281,29842,109.92,131.08,97.12,287.46,1,-1,-1,-1
281,29849,324.00,180.00,32.00,102.00,1,-1,-1,-1
281,29851,0.00,32.00,162.00,430.00,1,-1,-1,-1
282,29836,270.72,176.02,40.24,101.65,1,-1,-1,-1
282,29851,0.00,32.00,162.00,430.00,1,-1,-1,-1
283,29836,270.23,175.81,40.87,101.25,1,-1,-1,-1
283,29851,0.00,32.00,162.00,430.00,1,-1,-1,-1
284,29836,269.90,175.76,41.46,101.16,1,-1,-1,-1
284,29851,0.00,32.00,162.00,430.00,1,-1,-1,-1
285,29836,269.65,175.76,41.99,101.20,1,-1,-1,-1
285,29851,0.00,32.00,162.00,430.00,1,-1,-1,-1
286,29836,269.45,175.77,42.45,101.27,1,-1,-1,-1
286,29851,0.00,32.00,162.00,430.00,1,-1,-1,-1
287,29836,269.29,175.80,42.85,101.34,1,-1,-1,-1
287,29851,0.00,32.00,162.00,430.00,1,-1,-1,-1
288,29836,269.15,175.82,43.19,101.41,1,-1,-1,-1
288,29851,0.00,32.00,162.00,430.00,1,-1,-1,-1
289,29836,269.02,175.84,43.49,101.48,1,-1,-1,-1
289,29851,0.00,32.00,162.00,430.00,1,-1,-1,-1
290,29836,268.92,175.85,43.75,101.53,1,-1,-1,-1
290,29851,0.00,32.00,162.00,430.00,1,-1,-1,-1
291,29823,295.28,164.62,45.44,164.83,1,-1,-1,-1
291,29836,268.74,175.62,43.43,100.77,1,-1,-1,-1
291,29851,0.00,32.00,162.00,430.00,1,-1,-1,-1
291,29852,522.00,180.00,50.00,144.00,1,-1,-1,-1
291,29853,348.00,174.00,56.00,146.00,1,-1,-1,-1
291,29854,196.00,216.00,24.00,60.00,1,-1,-1,-1
292,29823,293.06,163.80,47.10,166.27,1,-1,-1,-1
292,29852,522.00,180.00,50.00,144.00,1,-1,-1,-1
292,29853,348.00,174.00,56.00,146.00,1,-1,-1,-1
292,29854,196.00,216.00,24.00,60.00,1,-1,-1,-1
293,29823,292.01,163.51,48.23,166.78,1,-1,-1,-1
293,29852,522.00,180.00,50.00,144.00,1,-1,-1,-1
293,29853,348.00,174.00,56.00,146.00,1,-1,-1,-1
293,29854,196.00,216.00,24.00,60.00,1,-1,-1,-1
294,29823,291.47,163.43,49.06,166.92,1,-1,-1,-1
294,29852,522.00,180.00,50.00,144.00,1,-1,-1,-1
294,29853,348.00,174.00,56.00,146.00,1,-1,-1,-1
294,29854,196.00,216.00,24.00,60.00,1,-1,-1,-1
295,29823,291.15,163.43,49.70,166.93,1,-1,-1,-1
295,29852,522.00,180.00,50.00,144.00,1,-1,-1,-1
295,29853,348.00,174.00,56.00,146.00,1,-1,-1,-1
295,29854,196.00,216.00,24.00,60.00,1,-1,-1,-1
296,29823,290.93,163.46,50.23,166.89,1,-1,-1,-1
296,29852,522.00,180.00,50.00,144.00,1,-1,-1,-1
296,29853,348.00,174.00,56.00,146.00,1,-1,-1,-1
296,29854,196.00,216.00,24.00,60.00,1,-1,-1,-1
297,29823,290.78,163.49,50.67,166.82,1,-1,-1,-1
297,29852,522.00,180.00,50.00,144.00,1,-1,-1,-1
297,29853,348.00,174.00,56.00,146.00,1,-1,-1,-1
297,29854,196.00,216.00,24.00,60.00,1,-1,-1,-1
298,29823,290.66,163.53,51.05,166.76,1,-1,-1,-1
298,29852,522.00,180.00,50.00,144.00,1,-1,-1,-1
298,29853,348.00,174.00,56.00,146.00,1,-1,-1,-1
298,29854,196.00,216.00,24.00,60.00,1,-1,-1,-1
299,29823,290.57,163.57,51.37,166.70,1,-1,-1,-1
299,29852,522.00,180.00,50.00,144.00,1,-1,-1,-1
299,29853,348.00,174.00,56.00,146.00,1,-1,-1,-1
299,29854,196.00,216.00,24.00,60.00,1,-1,-1,-1
300,29823,290.50,163.61,51.65,166.64,1,-1,-1,-1
300,29852,522.00,180.00,50.00,144.00,1,-1,-1,-1
300,29853,348.00,174.00,56.00,146.00,1,-1,-1,-1
300,29854,196.00,216.00,24.00,60.00,1,-1,-1,-1
301,29823,289.26,162.99,51.96,167.65,1,-1,-1,-1
301,29852,522.00,180.00,50.00,144.00,1,-1,-1,-1
301,29853,330.60,178.00,53.43,139.33,1,-1,-1,-1
301,29854,196.00,216.00,24.00,60.00,1,-1,-1,-1
301,29855,220.00,222.00,28.00,60.00,1,-1,-1,-1
301,29856,246.00,216.00,18.00,56.00,1,-1,-1,-1
301,29857,540.00,232.00,26.00,50.00,1,-1,-1,-1
301,29858,382.00,168.00,44.00,158.00,1,-1,-1,-1
302,29853,324.04,179.52,52.45,136.81,1,-1,-1,-1
302,29855,220.00,222.00,28.00,60.00,1,-1,-1,-1
302,29856,246.00,216.00,18.00,56.00,1,-1,-1,-1
302,29857,540.00,232.00,26.00,50.00,1,-1,-1,-1
302,29858,382.00,168.00,44.00,158.00,1,-1,-1,-1
303,29849,379.50,168.08,48.16,157.63,1,-1,-1,-1
303,29853,321.75,180.04,52.10,135.93,1,-1,-1,-1
303,29855,220.00,222.00,28.00,60.00,1,-1,-1,-1
303,29856,246.00,216.00,18.00,56.00,1,-1,-1,-1
303,29857,540.00,232.00,26.00,50.00,1,-1,-1,-1
304,29849,381.07,167.83,47.68,158.80,1,-1,-1,-1
304,29853,321.00,180.22,51.98,135.64,1,-1,-1,-1
304,29855,220.00,222.00,28.00,60.00,1,-1,-1,-1
304,29856,246.00,216.00,18.00,56.00,1,-1,-1,-1
304,29857,540.00,232.00,26.00,50.00,1,-1,-1,-1
305,29849,381.72,167.75,47.19,159.15,1,-1,-1,-1
305,29853,320.82,180.26,51.94,135.57,1,-1,-1,-1
305,29855,220.00,222.00,28.00,60.00,1,-1,-1,-1
305,29856,246.00,216.00,18.00,56.00,1,-1,-1,-1
305,29857,540.00,232.00,26.00,50.00,1,-1,-1,-1
306,29849,382.01,167.74,46.77,159.22,1,-1,-1,-1
306,29853,320.84,180.26,51.93,135.57,1,-1,-1,-1
306,29855,220.00,222.00,28.00,60.00,1,-1,-1,-1
306,29856,246.00,216.00,18.00,56.00,1,-1,-1,-1
306,29857,540.00,232.00,26.00,50.00,1,-1,-1,-1
307,29849,382.15,167.74,46.42,159.19,1,-1,-1,-1
307,29853,320.92,180.24,51.94,135.60,1,-1,-1,-1
307,29855,220.00,222.00,28.00,60.00,1,-1,-1,-1
307,29856,246.00,216.00,18.00,56.00,1,-1,-1,-1
307,29857,540.00,232.00,26.00,50.00,1,-1,-1,-1
308,29849,382.22,167.76,46.13,159.13,1,-1,-1,-1
308,29853,321.02,180.22,51.94,135.64,1,-1,-1,-1
308,29855,220.00,222.00,28.00,60.00,1,-1,-1,-1
308,29856,246.00,216.00,18.00,56.00,1,-1,-1,-1
308,29857,540.00,232.00,26.00,50.00,1,-1,-1,-1
309,29849,382.26,167.78,45.89,159.05,1,-1,-1,-1
309,29853,321.12,180.19,51.95,135.68,1,-1,-1,-1
309,29855,220.00,222.00,28.00,60.00,1,-1,-1,-1
309,29856,246.00,216.00,18.00,56.00,1,-1,-1,-1
309,29857,540.00,232.00,26.00,50.00,1,-1,-1,-1
310,29849,382.27,167.79,45.68,158.97,1,-1,-1,-1
310,29853,321.21,180.17,51.96,135.71,1,-1,-1,-1
310,29855,220.00,222.00,28.00,60.00,1,-1,-1,-1
310,29856,246.00,216.00,18.00,56.00,1,-1,-1,-1
310,29857,540.00,232.00,26.00,50.00,1,-1,-1,-1
311,29849,383.81,167.46,46.12,160.51,1,-1,-1,-1
311,29853,319.98,180.46,51.78,135.24,1,-1,-1,-1
311,29854,165.98,217.95,23.69,60.00,1,-1,-1,-1
311,29855,220.00,222.00,28.00,60.00,1,-1,-1,-1
311,29856,245.59,205.32,25.50,78.69,1,-1,-1,-1
311,29857,540.00,232.00,26.00,50.00,1,-1,-1,-1
311,29859,420.00,176.00,60.00,146.00,1,-1,-1,-1
312,29854,164.92,218.02,23.45,60.00,1,-1,-1,-1
312,29856,245.36,201.67,28.23,86.44,1,-1,-1,-1
312,29859,420.00,176.00,60.00,146.00,1,-1,-1,-1
313,29854,164.60,218.05,23.26,60.00,1,-1,-1,-1
313,29856,245.20,200.07,29.56,89.85,1,-1,-1,-1
313,29859,420.00,176.00,60.00,146.00,1,-1,-1,-1
314,29854,164.57,218.06,23.10,60.00,1,-1,-1,-1
314,29856,245.07,199.46,30.19,91.16,1,-1,-1,-1
314,29859,420.00,176.00,60.00,146.00,1,-1,-1,-1
315,29854,164.65,218.06,22.97,60.00,1,-1,-1,-1
315,29856,244.97,199.26,30.53,91.58,1,-1,-1,-1
315,29859,420.00,176.00,60.00,146.00,1,-1,-1,-1
316,29854,164.77,218.05,22.86,60.00,1,-1,-1,-1
316,29856,244.88,199.22,30.73,91.66,1,-1,-1,-1
316,29859,420.00,176.00,60.00,146.00,1,-1,-1,-1
317,29854,164.88,218.05,22.77,60.00,1,-1,-1,-1
317,29856,244.80,199.24,30.88,91.61,1,-1,-1,-1
317,29859,420.00,176.00,60.00,146.00,1,-1,-1,-1
318,29854,164.99,218.04,22.69,60.00,1,-1,-1,-1
318,29856,244.72,199.29,31.00,91.51,1,-1,-1,-1
318,29859,420.00,176.00,60.00,146.00,1,-1,-1,-1
319,29854,165.09,218.04,22.61,60.00,1,-1,-1,-1
319,29856,244.65,199.34,31.10,91.40,1,-1,-1,-1
319,29859,420.00,176.00,60.00,146.00,1,-1,-1,-1
320,29854,165.18,218.03,22.55,60.00,1,-1,-1,-1
320,29856,244.59,199.39,31.19,91.29,1,-1,-1,-1
320,29859,420.00,176.00,60.00,146.00,1,-1,-1,-1
321,29823,221.75,197.42,33.87,110.96,1,-1,-1,-1
321,29849,458.14,183.20,41.15,135.69,1,-1,-1,-1
321,29853,393.19,187.86,50.49,130.02,1,-1,-1,-1
321,29854,164.31,218.09,22.55,60.00,1,-1,-1,-1
321,29856,242.65,198.16,35.05,104.02,1,-1,-1,-1
321,29859,420.00,176.00,60.00,146.00,1,-1,-1,-1
321,29860,44.00,178.00,38.00,132.00,1,-1,-1,-1
322,29823,220.91,198.15,33.19,109.75,1,-1,-1,-1
322,29849,460.52,183.99,42.24,134.24,1,-1,-1,-1
322,29853,395.96,188.13,50.95,129.85,1,-1,-1,-1
322,29856,242.07,197.69,36.20,108.79,1,-1,-1,-1
322,29860,44.00,178.00,38.00,132.00,1,-1,-1,-1
323,29823,220.48,198.45,32.82,109.26,1,-1,-1,-1
323,29849,461.09,184.24,43.26,133.81,1,-1,-1,-1
323,29853,396.81,188.23,51.34,129.79,1,-1,-1,-1
323,29856,241.96,197.53,36.39,110.67,1,-1,-1,-1
323,29860,44.00,178.00,38.00,132.00,1,-1,-1,-1
324,29823,220.49,198.50,32.63,109.18,1,-1,-1,-1
324,29849,460.93,184.31,44.13,133.68,1,-1,-1,-1
324,29853,396.93,188.25,51.67,129.78,1,-1,-1,-1
324,29856,242.04,197.50,36.21,111.32,1,-1,-1,-1
324,29860,44.00,178.00,38.00,132.00,1,-1,-1,-1
325,29823,220.64,198.46,32.53,109.24,1,-1,-1,-1
325,29849,460.51,184.31,44.86,133.66,1,-1,-1,-1
325,29853,396.78,188.24,51.95,129.79,1,-1,-1,-1
325,29856,242.18,197.52,35.90,111.49,1,-1,-1,-1
325,29860,44.00,178.00,38.00,132.00,1,-1,-1,-1
326,29823,220.81,198.40,32.46,109.34,1,-1,-1,-1
326,29849,460.04,184.29,45.47,133.68,1,-1,-1,-1
326,29853,396.55,188.23,52.19,129.80,1,-1,-1,-1
326,29856,242.33,197.55,35.57,111.48,1,-1,-1,-1
326,29860,44.00,178.00,38.00,132.00,1,-1,-1,-1
327,29823,220.97,198.35,32.40,109.42,1,-1,-1,-1
327,29849,459.60,184.26,45.99,133.71,1,-1,-1,-1
327,29853,396.31,188.21,52.39,129.82,1,-1,-1,-1
327,29856,242.48,197.58,35.25,111.40,1,-1,-1,-1
327,29860,44.00,178.00,38.00,132.00,1,-1,-1,-1
328,29823,221.10,198.31,32.35,109.50,1,-1,-1,-1
328,29849,459.21,184.24,46.44,133.74,1,-1,-1,-1
328,29853,396.08,188.19,52.56,129.84,1,-1,-1,-1
328,29856,242.63,197.62,34.95,111.30,1,-1,-1,-1
328,29860,44.00,178.00,38.00,132.00,1,-1,-1,-1
329,29823,221.21,198.27,32.31,109.56,1,-1,-1,-1
329,29849,458.87,184.21,46.82,133.77,1,-1,-1,-1
329,29853,395.87,188.17,52.71,129.85,1,-1,-1,-1
329,29856,242.76,197.65,34.67,111.19,1,-1,-1,-1
329,29860,44.00,178.00,38.00,132.00,1,-1,-1,-1
330,29823,221.30,198.24,32.28,109.61,1,-1,-1,-1
330,29849,458.56,184.19,47.16,133.79,1,-1,-1,-1
330,29853,395.69,188.15,52.85,129.87,1,-1,-1,-1
330,29856,242.87,197.68,34.42,111.09,1,-1,-1,-1
330,29860,44.00,178.00,38.00,132.00,1,-1,-1,-1
331,29823,220.49,198.62,32.09,108.98,1,-1,-1,-1
331,29849,460.47,184.49,47.04,133.45,1,-1,-1,-1
331,29853,404.58,182.90,54.47,132.50,1,-1,-1,-1
331,29856,232.53,183.51,42.18,136.81,1,-1,-1,-1
331,29859,462.39,166.27,64.77,161.57,1,-1,-1,-1
331,29860,44.00,178.00,38.00,132.00,1,-1,-1,-1
332,29853,407.73,180.93,55.38,133.49,1,-1,-1,-1
332,29856,228.85,178.35,44.87,146.20,1,-1,-1,-1
332,29859,464.69,165.88,63.75,162.20,1,-1,-1,-1
333,29853,408.72,180.18,55.98,133.87,1,-1,-1,-1
333,29856,227.35,176.19,45.87,150.11,1,-1,-1,-1
333,29859,465.78,165.74,62.82,162.42,1,-1,-1,-1
334,29853,408.91,179.91,56.43,134.01,1,-1,-1,-1
334,29856,226.82,175.36,46.14,151.56,1,-1,-1,-1
334,29859,466.35,165.71,62.02,162.47,1,-1,-1,-1
335,29853,408.80,179.82,56.80,134.06,1,-1,-1,-1
335,29856,226.70,175.09,46.12,152.02,1,-1,-1,-1
335,29859,466.68,165.71,61.32,162.47,1,-1,-1,-1
336,29853,408.60,179.80,57.12,134.07,1,-1,-1,-1
336,29856,226.72,175.04,46.00,152.09,1,-1,-1,-1
336,29859,466.89,165.73,60.72,162.44,1,-1,-1,-1
337,29853,408.37,179.80,57.41,134.07,1,-1,-1,-1
337,29856,226.79,175.06,45.84,152.02,1,-1,-1,-1
337,29859,467.05,165.75,60.21,162.40,1,-1,-1,-1
338,29853,408.15,179.82,57.66,134.07,1,-1,-1,-1
338,29856,226.89,175.12,45.69,151.89,1,-1,-1,-1
338,29859,467.18,165.77,59.76,162.37,1,-1,-1,-1
339,29853,407.95,179.83,57.89,134.06,1,-1,-1,-1
339,29856,226.98,175.18,45.53,151.75,1,-1,-1,-1
339,29859,467.28,165.79,59.37,162.33,1,-1,-1,-1
340,29853,407.77,179.85,58.09,134.06,1,-1,-1,-1
340,29856,227.07,175.25,45.40,151.61,1,-1,-1,-1
340,29859,467.36,165.81,59.02,162.30,1,-1,-1,-1
341,29853,403.35,175.95,61.55,141.88,1,-1,-1,-1
341,29856,235.30,188.19,35.41,117.99,1,-1,-1,-1
341,29859,467.58,167.13,59.72,163.58,1,-1,-1,-1
341,29861,102.00,166.00,76.00,178.00,1,-1,-1,-1
342,29853,401.67,174.50,62.88,144.79,1,-1,-1,-1
342,29856,238.82,193.72,31.17,103.68,1,-1,-1,-1
342,29859,467.56,167.64,60.11,164.05,1,-1,-1,-1
342,29861,102.00,166.00,76.00,178.00,1,-1,-1,-1
343,29853,400.97,173.95,63.42,145.91,1,-1,-1,-1
343,29856,239.92,195.48,29.86,99.14,1,-1,-1,-1
343,29859,467.46,167.84,60.36,164.21,1,-1,-1,-1
343,29861,102.00,166.00,76.00,178.00,1,-1,-1,-1
344,29853,400.66,173.75,63.65,146.31,1,-1,-1,-1
344,29856,240.26,196.05,29.46,97.69,1,-1,-1,-1
344,29859,467.34,167.92,60.54,164.25,1,-1,-1,-1
344,29861,102.00,166.00,76.00,178.00,1,-1,-1,-1
345,29853,400.51,173.70,63.75,146.44,1,-1,-1,-1
345,29856,240.35,196.23,29.37,97.25,1,-1,-1,-1
345,29859,467.22,167.95,60.69,164.25,1,-1,-1,-1
345,29861,102.00,166.00,76.00,178.00,1,-1,-1,-1
346,29853,400.43,173.70,63.80,146.46,1,-1,-1,-1
346,29856,240.36,196.27,29.39,97.16,1,-1,-1,-1
346,29859,467.11,167.96,60.83,164.24,1,-1,-1,-1
346,29861,102.00,166.00,76.00,178.00,1,-1,-1,-1
347,29853,400.38,173.71,63.83,146.44,1,-1,-1,-1
347,29856,240.33,196.26,29.43,97.20,1,-1,-1,-1
347,29859,467.00,167.97,60.94,164.22,1,-1,-1,-1
347,29861,102.00,166.00,76.00,178.00,1,-1,-1,-1
348,29853,400.34,173.74,63.85,146.41,1,-1,-1,-1
348,29856,240.30,196.24,29.48,97.27,1,-1,-1,-1
348,29859,466.91,167.98,61.04,164.20,1,-1,-1,-1
348,29861,102.00,166.00,76.00,178.00,1,-1,-1,-1
349,29853,400.30,173.76,63.87,146.37,1,-1,-1,-1
349,29856,240.27,196.21,29.53,97.35,1,-1,-1,-1
349,29859,466.82,167.98,61.14,164.18,1,-1,-1,-1
349,29861,102.00,166.00,76.00,178.00,1,-1,-1,-1
350,29853,400.28,173.78,63.88,146.34,1,-1,-1,-1
350,29856,240.25,196.19,29.58,97.42,1,-1,-1,-1
350,29859,466.74,167.98,61.22,164.16,1,-1,-1,-1
350,29861,102.00,166.00,76.00,178.00,1,-1,-1,-1
351,29853,396.83,180.31,62.93,143.71,1,-1,-1,-1
351,29856,244.24,194.85,30.84,101.45,1,-1,-1,-1
351,29859,467.25,167.95,61.32,164.43,1,-1,-1,-1
351,29861,102.00,166.00,76.00,178.00,1,-1,-1,-1
351,29862,540.00,206.00,38.00,106.00,1,-1,-1,-1
351,29863,8.00,88.00,142.00,382.00,1,-1,-1,-1
351,29864,208.00,186.00,32.00,118.00,1,-1,-1,-1
352,29853,395.45,182.81,62.65,142.68,1,-1,-1,-1
352,29856,245.70,194.35,31.34,102.95,1,-1,-1,-1
352,29862,540.00,206.00,38.00,106.00,1,-1,-1,-1
352,29863,8.00,88.00,142.00,382.00,1,-1,-1,-1
352,29864,208.00,186.00,32.00,118.00,1,-1,-1,-1
353,29853,394.90,183.75,62.64,142.29,1,-1,-1,-1
353,29856,246.23,194.15,31.55,103.55,1,-1,-1,-1
353,29862,540.00,206.00,38.00,106.00,1,-1,-1,-1
353,29863,8.00,88.00,142.00,382.00,1,-1,-1,-1
353,29864,208.00,186.00,32.00,118.00,1,-1,-1,-1
354,29853,394.65,184.08,62.71,142.14,1,-1,-1,-1
354,29856,246.40,194.07,31.65,103.78,1,-1,-1,-1
354,29862,540.00,206.00,38.00,106.00,1,-1,-1,-1
354,29863,8.00,88.00,142.00,382.00,1,-1,-1,-1
354,29864,208.00,186.00,32.00,118.00,1,-1,-1,-1
