1,19332,270.60,173.46,71.31,200.59,1,-1,-1,-1
1,19335,797.00,113.00,82.00,180.00,1,-1,-1,-1
1,19336,392.00,155.00,110.00,191.00,1,-1,-1,-1
2,19336,392.00,155.00,110.00,191.00,1,-1,-1,-1
3,19336,392.00,155.00,110.00,191.00,1,-1,-1,-1
4,19336,392.00,155.00,110.00,191.00,1,-1,-1,-1
5,19336,392.00,155.00,110.00,191.00,1,-1,-1,-1
6,19336,392.00,155.00,110.00,191.00,1,-1,-1,-1
7,19336,392.00,155.00,110.00,191.00,1,-1,-1,-1
8,19336,392.00,155.00,110.00,191.00,1,-1,-1,-1
9,19336,392.00,155.00,110.00,191.00,1,-1,-1,-1
9,19337,560.00,124.00,67.00,199.00,1,-1,-1,-1
9,19338,514.00,138.00,71.00,211.00,1,-1,-1,-1
10,19337,560.00,124.00,67.00,199.00,1,-1,-1,-1
10,19338,514.00,138.00,71.00,211.00,1,-1,-1,-1
11,19337,560.00,124.00,67.00,199.00,1,-1,-1,-1
11,19338,514.00,138.00,71.00,211.00,1,-1,-1,-1
12,19337,560.00,124.00,67.00,199.00,1,-1,-1,-1
12,19338,514.00,138.00,71.00,211.00,1,-1,-1,-1
13,19337,560.00,124.00,67.00,199.00,1,-1,-1,-1
13,19338,514.00,138.00,71.00,211.00,1,-1,-1,-1
14,19337,560.00,124.00,67.00,199.00,1,-1,-1,-1
14,19338,514.00,138.00,71.00,211.00,1,-1,-1,-1
15,19337,560.00,124.00,67.00,199.00,1,-1,-1,-1
15,19338,514.00,138.00,71.00,211.00,1,-1,-1,-1
16,19337,560.00,124.00,67.00,199.00,1,-1,-1,-1
16,19338,514.00,138.00,71.00,211.00,1,-1,-1,-1
17,19337,560.00,124.00,67.00,199.00,1,-1,-1,-1
17,19338,514.00,138.00,71.00,211.00,1,-1,-1,-1
17,19339,680.00,148.00,64.00,204.00,1,-1,-1,-1
17,19340,632.00,154.00,104.00,203.00,1,-1,-1,-1
17,19341,607.00,167.00,89.00,190.00,1,-1,-1,-1
18,19339,680.00,148.00,64.00,204.00,1,-1,-1,-1
18,19340,632.00,154.00,104.00,203.00,1,-1,-1,-1
18,19341,607.00,167.00,89.00,190.00,1,-1,-1,-1
19,19337,610.06,160.95,66.57,191.27,1,-1,-1,-1
19,19339,680.00,148.00,64.00,204.00,1,-1,-1,-1
19,19340,632.00,154.00,104.00,203.00,1,-1,-1,-1
20,19337,616.71,166.48,68.17,190.11,1,-1,-1,-1
20,19339,658.59,152.45,65.27,203.26,1,-1,-1,-1
20,19340,653.34,149.55,102.87,203.74,1,-1,-1,-1
21,19337,618.30,168.29,69.89,189.73,1,-1,-1,-1
21,19339,650.78,153.95,66.95,203.01,1,-1,-1,-1
21,19340,661.13,148.05,101.23,203.99,1,-1,-1,-1
22,19337,618.18,168.82,71.56,189.62,1,-1,-1,-1
22,19339,647.75,154.39,68.86,202.93,1,-1,-1,-1
22,19340,664.17,147.61,99.32,204.07,1,-1,-1,-1
23,19337,617.47,168.88,73.12,189.61,1,-1,-1,-1
23,19339,646.29,154.48,70.91,202.92,1,-1,-1,-1
23,19340,665.64,147.51,97.26,204.08,1,-1,-1,-1
24,19337,616.60,168.77,74.57,189.63,1,-1,-1,-1
24,19339,645.31,154.47,73.04,202.92,1,-1,-1,-1
24,19340,666.63,147.53,95.12,204.08,1,-1,-1,-1
25,19336,297.51,146.10,109.05,197.92,1,-1,-1,-1
25,19337,620.74,171.74,74.33,189.01,1,-1,-1,-1
25,19338,411.78,168.94,61.77,167.49,1,-1,-1,-1
25,19339,641.46,155.30,72.99,202.78,1,-1,-1,-1
25,19340,670.49,146.70,95.19,204.22,1,-1,-1,-1
25,19342,524.00,134.00,42.00,76.00,1,-1,-1,-1
25,19343,786.00,128.00,67.00,246.00,1,-1,-1,-1
25,19344,941.00,136.00,87.00,250.00,1,-1,-1,-1
25,19345,742.00,133.00,81.00,233.00,1,-1,-1,-1
26,19336,296.95,145.88,105.63,198.09,1,-1,-1,-1
26,19338,405.22,170.31,65.42,165.56,1,-1,-1,-1
26,19342,524.00,134.00,42.00,76.00,1,-1,-1,-1
26,19343,786.00,128.00,67.00,246.00,1,-1,-1,-1
26,19344,941.00,136.00,87.00,250.00,1,-1,-1,-1
26,19345,742.00,133.00,81.00,233.00,1,-1,-1,-1
27,19336,297.44,145.81,103.02,198.15,1,-1,-1,-1
27,19338,401.86,170.80,68.75,164.87,1,-1,-1,-1
27,19340,722.30,134.70,104.39,228.97,1,-1,-1,-1
27,19342,524.00,134.00,42.00,76.00,1,-1,-1,-1
27,19343,786.00,128.00,67.00,246.00,1,-1,-1,-1
27,19344,941.00,136.00,87.00,250.00,1,-1,-1,-1
28,19336,298.29,145.79,100.96,198.16,1,-1,-1,-1
28,19338,399.98,170.91,71.73,164.72,1,-1,-1,-1
28,19340,731.10,132.88,103.86,232.64,1,-1,-1,-1
28,19342,524.00,134.00,42.00,76.00,1,-1,-1,-1
28,19343,786.00,128.00,67.00,246.00,1,-1,-1,-1
28,19344,941.00,136.00,87.00,250.00,1,-1,-1,-1
29,19336,299.20,145.80,99.30,198.16,1,-1,-1,-1
29,19338,398.78,170.88,74.36,164.76,1,-1,-1,-1
29,19340,734.81,132.25,102.38,233.95,1,-1,-1,-1
29,19342,524.00,134.00,42.00,76.00,1,-1,-1,-1
29,19343,786.00,128.00,67.00,246.00,1,-1,-1,-1
29,19344,941.00,136.00,87.00,250.00,1,-1,-1,-1
30,19336,300.04,145.81,97.92,198.15,1,-1,-1,-1
30,19338,397.90,170.80,76.66,164.87,1,-1,-1,-1
30,19340,736.51,132.08,100.66,234.35,1,-1,-1,-1
30,19342,524.00,134.00,42.00,76.00,1,-1,-1,-1
30,19343,786.00,128.00,67.00,246.00,1,-1,-1,-1
30,19344,941.00,136.00,87.00,250.00,1,-1,-1,-1
31,19336,300.80,145.83,96.77,198.13,1,-1,-1,-1
31,19338,397.17,170.72,78.69,164.99,1,-1,-1,-1
31,19340,737.40,132.07,98.94,234.41,1,-1,-1,-1
31,19342,524.00,134.00,42.00,76.00,1,-1,-1,-1
31,19343,786.00,128.00,67.00,246.00,1,-1,-1,-1
31,19344,941.00,136.00,87.00,250.00,1,-1,-1,-1
32,19336,301.46,145.85,95.78,198.12,1,-1,-1,-1
32,19338,396.54,170.64,80.47,165.10,1,-1,-1,-1
32,19340,737.96,132.12,97.31,234.35,1,-1,-1,-1
32,19342,524.00,134.00,42.00,76.00,1,-1,-1,-1
32,19343,786.00,128.00,67.00,246.00,1,-1,-1,-1
32,19344,941.00,136.00,87.00,250.00,1,-1,-1,-1
33,19336,298.76,145.60,95.88,198.31,1,-1,-1,-1
33,19338,395.83,149.40,94.96,204.89,1,-1,-1,-1
33,19339,517.99,143.62,72.31,201.02,1,-1,-1,-1
33,19340,750.37,150.39,89.38,221.90,1,-1,-1,-1
33,19342,524.00,134.00,42.00,76.00,1,-1,-1,-1
33,19343,786.00,128.00,67.00,246.00,1,-1,-1,-1
33,19344,928.67,136.00,85.94,242.56,1,-1,-1,-1
33,19346,869.00,151.00,99.00,228.00,1,-1,-1,-1
34,19338,397.07,141.97,96.77,218.83,1,-1,-1,-1
34,19339,512.50,143.02,72.24,200.95,1,-1,-1,-1
34,19340,755.53,157.55,84.92,216.95,1,-1,-1,-1
34,19344,923.65,136.00,86.46,239.80,1,-1,-1,-1
34,19346,869.00,151.00,99.00,228.00,1,-1,-1,-1
35,19338,398.97,138.83,95.11,224.70,1,-1,-1,-1
35,19339,510.56,142.82,72.20,200.92,1,-1,-1,-1
35,19340,757.88,160.16,81.98,215.12,1,-1,-1,-1
35,19344,921.44,136.00,87.56,238.84,1,-1,-1,-1
35,19346,869.00,151.00,99.00,228.00,1,-1,-1,-1
36,19338,400.93,137.62,92.23,226.95,1,-1,-1,-1
36,19339,510.12,142.76,72.17,200.92,1,-1,-1,-1
36,19340,759.16,161.10,79.69,214.43,1,-1,-1,-1
36,19344,920.27,136.00,88.83,238.53,1,-1,-1,-1
36,19346,869.00,151.00,99.00,228.00,1,-1,-1,-1
37,19338,402.77,137.20,89.09,227.71,1,-1,-1,-1
37,19339,510.27,142.75,72.15,200.92,1,-1,-1,-1
37,19340,759.99,161.42,77.76,214.16,1,-1,-1,-1
37,19344,919.51,136.00,90.12,238.46,1,-1,-1,-1
37,19346,869.00,151.00,99.00,228.00,1,-1,-1,-1
38,19338,404.43,137.09,86.08,227.90,1,-1,-1,-1
38,19339,510.62,142.77,72.14,200.93,1,-1,-1,-1
38,19340,760.61,161.50,76.06,214.06,1,-1,-1,-1
38,19344,918.91,136.00,91.37,238.48,1,-1,-1,-1
38,19346,869.00,151.00,99.00,228.00,1,-1,-1,-1
39,19338,405.94,137.09,83.29,227.87,1,-1,-1,-1
39,19339,511.00,142.79,72.12,200.93,1,-1,-1,-1
39,19340,761.13,161.50,74.53,214.02,1,-1,-1,-1
39,19344,918.40,136.00,92.55,238.52,1,-1,-1,-1
39,19346,869.00,151.00,99.00,228.00,1,-1,-1,-1
40,19338,407.29,137.14,80.75,227.77,1,-1,-1,-1
40,19339,511.38,142.81,72.11,200.94,1,-1,-1,-1
40,19340,761.59,161.47,73.15,214.01,1,-1,-1,-1
40,19344,917.93,136.00,93.64,238.57,1,-1,-1,-1
40,19346,869.00,151.00,99.00,228.00,1,-1,-1,-1
41,19338,405.48,135.77,81.76,230.60,1,-1,-1,-1
41,19339,529.70,151.33,74.12,202.25,1,-1,-1,-1
41,19340,765.07,162.23,73.15,214.01,1,-1,-1,-1
41,19343,641.59,145.40,61.89,215.06,1,-1,-1,-1
41,19344,916.84,136.00,93.36,237.86,1,-1,-1,-1
41,19346,869.00,151.00,99.00,228.00,1,-1,-1,-1
41,19347,1076.00,128.00,128.00,251.00,1,-1,-1,-1
42,19339,536.37,154.55,75.67,202.75,1,-1,-1,-1
42,19343,633.78,146.19,64.17,213.66,1,-1,-1,-1
42,19347,1076.00,128.00,128.00,251.00,1,-1,-1,-1
43,19339,538.67,155.76,76.96,202.94,1,-1,-1,-1
43,19343,630.37,146.47,66.25,213.16,1,-1,-1,-1
43,19347,1076.00,128.00,128.00,251.00,1,-1,-1,-1
44,19339,539.30,156.19,78.07,203.01,1,-1,-1,-1
44,19343,628.88,146.54,68.09,213.04,1,-1,-1,-1
44,19347,1076.00,128.00,128.00,251.00,1,-1,-1,-1
45,19339,539.32,156.33,79.06,203.03,1,-1,-1,-1
45,19343,628.20,146.53,69.71,213.06,1,-1,-1,-1
45,19347,1076.00,128.00,128.00,251.00,1,-1,-1,-1
46,19339,539.13,156.36,79.93,203.04,1,-1,-1,-1
46,19343,627.84,146.48,71.13,213.14,1,-1,-1,-1
46,19347,1076.00,128.00,128.00,251.00,1,-1,-1,-1
47,19339,538.88,156.35,80.72,203.04,1,-1,-1,-1
47,19343,627.61,146.44,72.37,213.22,1,-1,-1,-1
47,19347,1076.00,128.00,128.00,251.00,1,-1,-1,-1
48,19339,538.62,156.33,81.42,203.04,1,-1,-1,-1
48,19343,627.44,146.39,73.47,213.30,1,-1,-1,-1
48,19347,1076.00,128.00,128.00,251.00,1,-1,-1,-1
49,19339,537.55,156.86,81.45,203.10,1,-1,-1,-1
49,19343,622.22,147.04,73.08,212.16,1,-1,-1,-1
49,19347,1076.00,128.00,128.00,251.00,1,-1,-1,-1
65,19348,620.00,146.00,47.00,100.00,1,-1,-1,-1
65,19349,1034.00,120.00,160.00,251.00,1,-1,-1,-1
66,19348,620.00,146.00,47.00,100.00,1,-1,-1,-1
66,19349,1034.00,120.00,160.00,251.00,1,-1,-1,-1
67,19347,1046.98,120.07,134.49,251.00,1,-1,-1,-1
67,19348,620.00,146.00,47.00,100.00,1,-1,-1,-1
68,19347,1044.20,119.90,138.96,251.00,1,-1,-1,-1
68,19348,620.00,146.00,47.00,100.00,1,-1,-1,-1
69,19347,1042.36,119.84,142.25,251.00,1,-1,-1,-1
69,19348,620.00,146.00,47.00,100.00,1,-1,-1,-1
70,19347,1041.06,119.83,144.79,251.00,1,-1,-1,-1
70,19348,620.00,146.00,47.00,100.00,1,-1,-1,-1
71,19347,1040.07,119.84,146.80,251.00,1,-1,-1,-1
71,19348,620.00,146.00,47.00,100.00,1,-1,-1,-1
72,19347,1039.29,119.85,148.45,251.00,1,-1,-1,-1
72,19348,620.00,146.00,47.00,100.00,1,-1,-1,-1
73,19347,1038.49,119.60,148.45,251.00,1,-1,-1,-1
73,19348,620.00,146.00,47.00,100.00,1,-1,-1,-1
73,19350,660.00,143.00,46.00,109.00,1,-1,-1,-1
74,19350,660.00,143.00,46.00,109.00,1,-1,-1,-1
75,19348,652.35,143.42,50.19,107.73,1,-1,-1,-1
76,19348,657.32,143.04,50.30,108.88,1,-1,-1,-1
77,19348,659.17,142.91,50.10,109.28,1,-1,-1,-1
78,19348,659.86,142.87,49.80,109.40,1,-1,-1,-1
79,19348,660.10,142.86,49.47,109.42,1,-1,-1,-1
80,19348,660.17,142.87,49.16,109.40,1,-1,-1,-1
81,19348,662.91,142.65,49.46,110.06,1,-1,-1,-1
81,19351,715.00,146.00,47.00,137.00,1,-1,-1,-1
82,19351,715.00,146.00,47.00,137.00,1,-1,-1,-1
83,19351,715.00,146.00,47.00,137.00,1,-1,-1,-1
84,19351,715.00,146.00,47.00,137.00,1,-1,-1,-1
85,19351,715.00,146.00,47.00,137.00,1,-1,-1,-1
86,19351,715.00,146.00,47.00,137.00,1,-1,-1,-1
87,19351,715.00,146.00,47.00,137.00,1,-1,-1,-1
88,19351,715.00,146.00,47.00,137.00,1,-1,-1,-1
89,19351,715.00,146.00,47.00,137.00,1,-1,-1,-1
97,19348,716.23,144.90,48.31,108.21,1,-1,-1,-1
97,19351,652.68,143.10,39.17,111.86,1,-1,-1,-1
97,19352,859.00,154.00,86.00,185.00,1,-1,-1,-1
97,19353,608.00,127.00,48.00,131.00,1,-1,-1,-1
98,19348,717.37,144.99,48.03,108.08,1,-1,-1,-1
98,19351,649.60,142.97,39.42,110.74,1,-1,-1,-1
98,19352,859.00,154.00,86.00,185.00,1,-1,-1,-1
98,19353,608.00,127.00,48.00,131.00,1,-1,-1,-1
99,19348,717.90,145.02,47.86,108.04,1,-1,-1,-1
99,19351,648.35,142.92,39.81,110.34,1,-1,-1,-1
99,19352,859.00,154.00,86.00,185.00,1,-1,-1,-1
99,19353,608.00,127.00,48.00,131.00,1,-1,-1,-1
100,19348,718.04,145.03,47.73,108.02,1,-1,-1,-1
100,19351,647.90,142.91,40.23,110.25,1,-1,-1,-1
100,19352,859.00,154.00,86.00,185.00,1,-1,-1,-1
100,19353,608.00,127.00,48.00,131.00,1,-1,-1,-1
101,19348,718.02,145.03,47.63,108.02,1,-1,-1,-1
101,19351,647.77,142.92,40.62,110.27,1,-1,-1,-1
101,19352,859.00,154.00,86.00,185.00,1,-1,-1,-1
101,19353,608.00,127.00,48.00,131.00,1,-1,-1,-1
102,19348,717.95,145.03,47.55,108.01,1,-1,-1,-1
102,19351,647.75,142.92,40.98,110.33,1,-1,-1,-1
102,19352,859.00,154.00,86.00,185.00,1,-1,-1,-1
102,19353,608.00,127.00,48.00,131.00,1,-1,-1,-1
103,19348,717.86,145.03,47.48,108.01,1,-1,-1,-1
103,19351,647.77,142.93,41.29,110.40,1,-1,-1,-1
103,19352,859.00,154.00,86.00,185.00,1,-1,-1,-1
103,19353,608.00,127.00,48.00,131.00,1,-1,-1,-1
104,19348,717.78,145.02,47.43,108.01,1,-1,-1,-1
104,19351,647.80,142.94,41.57,110.46,1,-1,-1,-1
104,19352,859.00,154.00,86.00,185.00,1,-1,-1,-1
104,19353,608.00,127.00,48.00,131.00,1,-1,-1,-1
105,19348,719.38,145.06,47.43,108.02,1,-1,-1,-1
105,19351,659.42,146.25,44.41,116.47,1,-1,-1,-1
105,19352,859.00,154.00,86.00,185.00,1,-1,-1,-1
105,19353,610.42,122.94,53.31,147.24,1,-1,-1,-1
105,19354,771.00,145.00,37.00,121.00,1,-1,-1,-1
105,19355,1003.00,138.00,82.00,235.00,1,-1,-1,-1
106,19351,663.56,147.47,45.78,118.69,1,-1,-1,-1
106,19353,611.51,121.49,54.75,153.04,1,-1,-1,-1
106,19354,771.00,145.00,37.00,121.00,1,-1,-1,-1
106,19355,1003.00,138.00,82.00,235.00,1,-1,-1,-1
107,19351,665.07,147.93,46.58,119.56,1,-1,-1,-1
107,19353,612.14,120.93,54.90,155.27,1,-1,-1,-1
107,19354,771.00,145.00,37.00,121.00,1,-1,-1,-1
107,19355,1003.00,138.00,82.00,235.00,1,-1,-1,-1
108,19351,665.53,148.10,47.13,119.89,1,-1,-1,-1
108,19353,612.56,120.74,54.54,156.04,1,-1,-1,-1
108,19354,771.00,145.00,37.00,121.00,1,-1,-1,-1
108,19355,1003.00,138.00,82.00,235.00,1,-1,-1,-1
109,19351,665.60,148.15,47.56,120.02,1,-1,-1,-1
109,19353,612.88,120.69,54.01,156.25,1,-1,-1,-1
109,19354,771.00,145.00,37.00,121.00,1,-1,-1,-1
109,19355,1003.00,138.00,82.00,235.00,1,-1,-1,-1
110,19351,665.53,148.16,47.91,120.06,1,-1,-1,-1
110,19353,613.16,120.69,53.45,156.24,1,-1,-1,-1
110,19354,771.00,145.00,37.00,121.00,1,-1,-1,-1
110,19355,1003.00,138.00,82.00,235.00,1,-1,-1,-1
111,19351,665.41,148.16,48.22,120.07,1,-1,-1,-1
111,19353,613.41,120.71,52.90,156.16,1,-1,-1,-1
111,19354,771.00,145.00,37.00,121.00,1,-1,-1,-1
111,19355,1003.00,138.00,82.00,235.00,1,-1,-1,-1
112,19351,665.29,148.14,48.49,120.07,1,-1,-1,-1
112,19353,613.64,120.73,52.38,156.07,1,-1,-1,-1
112,19354,771.00,145.00,37.00,121.00,1,-1,-1,-1
112,19355,1003.00,138.00,82.00,235.00,1,-1,-1,-1
113,19351,654.43,146.83,56.53,142.23,1,-1,-1,-1
113,19353,629.34,131.81,52.13,159.22,1,-1,-1,-1
113,19354,771.00,145.00,37.00,121.00,1,-1,-1,-1
113,19355,1003.00,138.00,82.00,235.00,1,-1,-1,-1
113,19356,816.00,152.00,44.00,127.00,1,-1,-1,-1
113,19357,708.00,158.00,46.00,133.00,1,-1,-1,-1
114,19348,808.39,151.76,53.40,126.32,1,-1,-1,-1
114,19351,650.80,146.36,58.85,150.24,1,-1,-1,-1
114,19353,635.65,136.02,51.30,160.37,1,-1,-1,-1
114,19357,708.00,158.00,46.00,133.00,1,-1,-1,-1
115,19348,813.17,152.07,52.23,127.17,1,-1,-1,-1
115,19351,649.53,146.16,59.34,153.53,1,-1,-1,-1
115,19353,638.36,137.63,50.30,160.76,1,-1,-1,-1
115,19357,708.00,158.00,46.00,133.00,1,-1,-1,-1
116,19348,815.16,152.18,51.18,127.47,1,-1,-1,-1
116,19351,649.27,146.07,59.09,154.77,1,-1,-1,-1
116,19353,639.64,138.22,49.31,160.85,1,-1,-1,-1
116,19357,708.00,158.00,46.00,133.00,1,-1,-1,-1
117,19348,815.99,152.21,50.28,127.56,1,-1,-1,-1
117,19351,649.39,146.04,58.59,155.18,1,-1,-1,-1
117,19353,640.34,138.41,48.37,160.83,1,-1,-1,-1
117,19357,708.00,158.00,46.00,133.00,1,-1,-1,-1
118,19348,816.35,152.21,49.52,127.56,1,-1,-1,-1
118,19351,649.63,146.02,58.04,155.26,1,-1,-1,-1
118,19353,640.79,138.46,47.50,160.78,1,-1,-1,-1
118,19357,708.00,158.00,46.00,133.00,1,-1,-1,-1
119,19348,816.50,152.20,48.87,127.53,1,-1,-1,-1
119,19351,649.91,146.02,57.49,155.23,1,-1,-1,-1
119,19353,641.13,138.45,46.71,160.71,1,-1,-1,-1
119,19357,708.00,158.00,46.00,133.00,1,-1,-1,-1
120,19348,816.55,152.18,48.32,127.49,1,-1,-1,-1
120,19351,650.19,146.01,56.98,155.16,1,-1,-1,-1
120,19353,641.42,138.42,45.98,160.65,1,-1,-1,-1
120,19357,708.00,158.00,46.00,133.00,1,-1,-1,-1
121,19348,820.76,152.48,48.62,128.28,1,-1,-1,-1
121,19351,649.33,146.03,57.66,157.01,1,-1,-1,-1
121,19352,732.61,161.91,72.68,165.22,1,-1,-1,-1
121,19353,642.74,139.09,46.28,161.68,1,-1,-1,-1
121,19357,708.00,158.00,46.00,133.00,1,-1,-1,-1
121,19358,881.00,146.00,36.00,135.00,1,-1,-1,-1
122,19352,731.20,162.09,69.56,164.77,1,-1,-1,-1
122,19354,875.73,145.97,40.42,134.61,1,-1,-1,-1
123,19352,731.18,162.16,67.29,164.60,1,-1,-1,-1
123,19354,880.52,146.01,40.00,135.19,1,-1,-1,-1
124,19352,731.81,162.17,65.56,164.57,1,-1,-1,-1
124,19354,882.32,146.03,39.57,135.40,1,-1,-1,-1
125,19352,732.62,162.17,64.19,164.59,1,-1,-1,-1
125,19354,882.93,146.03,39.18,135.45,1,-1,-1,-1
126,19352,733.42,162.15,63.07,164.62,1,-1,-1,-1
126,19354,883.05,146.03,38.83,135.44,1,-1,-1,-1
127,19352,734.14,162.14,62.13,164.66,1,-1,-1,-1
127,19354,882.99,146.03,38.52,135.42,1,-1,-1,-1
128,19352,734.77,162.12,61.32,164.69,1,-1,-1,-1
128,19354,882.86,146.03,38.25,135.38,1,-1,-1,-1
129,19352,717.16,162.77,67.38,181.16,1,-1,-1,-1
129,19354,887.58,146.07,38.43,136.00,1,-1,-1,-1
129,19355,798.92,160.75,74.70,217.19,1,-1,-1,-1
130,19352,710.74,163.00,69.55,187.19,1,-1,-1,-1
130,19355,794.65,161.27,73.79,216.79,1,-1,-1,-1
131,19352,708.36,163.09,70.37,189.56,1,-1,-1,-1
131,19355,793.17,161.47,73.16,216.64,1,-1,-1,-1
132,19352,707.62,163.11,70.64,190.44,1,-1,-1,-1
132,19355,793.03,161.51,72.70,216.60,1,-1,-1,-1
133,19352,707.49,163.12,70.70,190.73,1,-1,-1,-1
133,19355,793.40,161.49,72.34,216.62,1,-1,-1,-1
134,19352,707.58,163.11,70.68,190.79,1,-1,-1,-1
134,19355,793.91,161.45,72.05,216.65,1,-1,-1,-1
135,19352,707.75,163.10,70.63,190.76,1,-1,-1,-1
135,19355,794.41,161.40,71.81,216.68,1,-1,-1,-1
136,19352,707.94,163.09,70.58,190.71,1,-1,-1,-1
136,19355,794.88,161.36,71.60,216.72,1,-1,-1,-1
137,19352,704.89,163.24,71.01,191.87,1,-1,-1,-1
137,19355,792.46,142.29,79.10,236.44,1,-1,-1,-1
137,19359,898.00,144.00,77.00,240.00,1,-1,-1,-1
137,19360,1057.00,170.00,97.00,177.00,1,-1,-1,-1
138,19355,791.30,135.28,82.40,243.69,1,-1,-1,-1
138,19359,898.00,144.00,77.00,240.00,1,-1,-1,-1
138,19360,1057.00,170.00,97.00,177.00,1,-1,-1,-1
139,19355,790.81,132.53,84.14,246.53,1,-1,-1,-1
139,19359,898.00,144.00,77.00,240.00,1,-1,-1,-1
139,19360,1057.00,170.00,97.00,177.00,1,-1,-1,-1
140,19355,790.59,131.51,85.18,247.57,1,-1,-1,-1
140,19359,898.00,144.00,77.00,240.00,1,-1,-1,-1
140,19360,1057.00,170.00,97.00,177.00,1,-1,-1,-1
141,19355,790.47,131.18,85.91,247.91,1,-1,-1,-1
141,19359,898.00,144.00,77.00,240.00,1,-1,-1,-1
141,19360,1057.00,170.00,97.00,177.00,1,-1,-1,-1
142,19355,790.38,131.11,86.48,247.98,1,-1,-1,-1
142,19359,898.00,144.00,77.00,240.00,1,-1,-1,-1
142,19360,1057.00,170.00,97.00,177.00,1,-1,-1,-1
143,19355,790.32,131.13,86.95,247.95,1,-1,-1,-1
143,19359,898.00,144.00,77.00,240.00,1,-1,-1,-1
143,19360,1057.00,170.00,97.00,177.00,1,-1,-1,-1
144,19355,790.27,131.19,87.36,247.88,1,-1,-1,-1
144,19359,898.00,144.00,77.00,240.00,1,-1,-1,-1
144,19360,1057.00,170.00,97.00,177.00,1,-1,-1,-1
145,19355,787.56,129.88,87.87,249.31,1,-1,-1,-1
145,19359,914.85,129.11,81.19,247.44,1,-1,-1,-1
145,19360,1075.93,174.74,99.06,177.68,1,-1,-1,-1
