1,5080,394.61,168.67,25.67,63.31,1,-1,-1,-1
1,5086,226.09,186.59,27.16,67.66,1,-1,-1,-1
1,5088,210.74,164.00,25.88,54.82,1,-1,-1,-1
1,5092,442.71,271.62,46.44,113.86,1,-1,-1,-1
1,5097,388.00,176.00,158.00,246.00,1,-1,-1,-1
1,5098,264.00,218.00,120.00,168.00,1,-1,-1,-1
1,5099,52.00,166.00,108.00,272.00,1,-1,-1,-1
1,5100,204.00,210.00,48.00,136.00,1,-1,-1,-1
2,5097,384.47,170.86,163.34,254.57,1,-1,-1,-1
2,5098,260.81,212.86,124.67,174.86,1,-1,-1,-1
2,5099,54.05,167.71,107.33,270.29,1,-1,-1,-1
2,5100,203.45,206.57,49.10,139.43,1,-1,-1,-1
3,5097,391.68,175.92,160.48,250.08,1,-1,-1,-1
3,5098,261.80,214.95,120.93,170.10,1,-1,-1,-1
3,5099,61.07,168.00,107.42,270.00,1,-1,-1,-1
3,5100,203.96,203.03,51.05,145.94,1,-1,-1,-1
4,5097,401.32,182.21,154.15,239.47,1,-1,-1,-1
4,5098,247.68,206.80,121.69,172.81,1,-1,-1,-1
4,5099,71.06,168.07,108.42,271.41,1,-1,-1,-1
4,5100,207.35,201.85,51.05,146.69,1,-1,-1,-1
5,5097,409.23,188.66,146.80,228.59,1,-1,-1,-1
5,5098,243.20,204.43,121.88,173.08,1,-1,-1,-1
5,5099,78.67,169.53,108.59,269.01,1,-1,-1,-1
5,5100,211.53,204.40,50.77,146.78,1,-1,-1,-1
6,5097,411.70,190.62,144.28,225.23,1,-1,-1,-1
6,5099,80.60,170.02,109.50,268.17,1,-1,-1,-1
6,5100,213.06,205.37,50.40,146.70,1,-1,-1,-1
7,5097,412.45,191.12,143.31,224.34,1,-1,-1,-1
7,5099,80.57,170.16,110.71,267.89,1,-1,-1,-1
7,5100,213.65,205.74,50.01,146.60,1,-1,-1,-1
8,5097,412.66,191.16,142.83,224.23,1,-1,-1,-1
8,5099,79.90,170.19,112.04,267.82,1,-1,-1,-1
8,5100,213.92,205.88,49.60,146.52,1,-1,-1,-1
9,5097,437.46,180.10,142.39,231.22,1,-1,-1,-1
9,5098,207.09,205.43,118.05,172.11,1,-1,-1,-1
9,5099,105.43,168.83,113.50,269.16,1,-1,-1,-1
9,5100,215.14,205.81,49.89,147.35,1,-1,-1,-1
10,5097,450.91,177.41,137.00,229.80,1,-1,-1,-1
10,5098,197.91,199.89,126.46,190.38,1,-1,-1,-1
10,5099,117.61,171.00,112.16,264.31,1,-1,-1,-1
11,5097,464.60,183.11,126.58,215.92,1,-1,-1,-1
11,5098,192.98,194.24,131.31,203.83,1,-1,-1,-1
11,5099,126.66,166.42,114.14,269.23,1,-1,-1,-1
12,5097,484.98,194.85,116.11,197.12,1,-1,-1,-1
12,5098,205.33,194.62,121.59,193.76,1,-1,-1,-1
12,5099,151.71,170.04,113.30,261.78,1,-1,-1,-1
13,5097,488.22,180.89,132.30,228.25,1,-1,-1,-1
13,5098,214.26,192.28,113.37,185.43,1,-1,-1,-1
13,5099,160.89,167.41,111.59,257.61,1,-1,-1,-1
14,5097,493.32,178.99,136.42,238.14,1,-1,-1,-1
14,5098,209.84,190.43,114.11,186.64,1,-1,-1,-1
14,5099,169.81,166.44,112.56,257.44,1,-1,-1,-1
15,5097,495.89,174.35,141.43,249.91,1,-1,-1,-1
15,5099,176.14,166.08,114.17,260.07,1,-1,-1,-1
16,5097,500.36,175.13,141.09,251.90,1,-1,-1,-1
16,5099,176.52,165.95,115.51,265.03,1,-1,-1,-1
16,5100,277.17,198.32,48.91,148.23,1,-1,-1,-1
17,5097,502.43,172.88,142.29,257.78,1,-1,-1,-1
17,5099,178.64,164.61,118.06,272.14,1,-1,-1,-1
17,5100,287.03,203.48,45.53,137.06,1,-1,-1,-1
18,5097,505.10,172.04,141.20,259.98,1,-1,-1,-1
18,5099,189.72,164.10,121.35,276.14,1,-1,-1,-1
18,5100,292.80,203.38,45.33,136.48,1,-1,-1,-1
19,5097,506.54,171.73,139.51,260.76,1,-1,-1,-1
19,5099,193.29,163.92,123.46,277.66,1,-1,-1,-1
20,5097,507.47,171.64,137.68,261.00,1,-1,-1,-1
20,5099,194.00,163.86,125.03,278.21,1,-1,-1,-1
21,5097,521.88,169.04,133.13,261.02,1,-1,-1,-1
21,5098,135.00,196.92,113.20,195.95,1,-1,-1,-1
21,5099,200.73,161.24,130.42,286.20,1,-1,-1,-1
21,5100,303.93,211.01,45.57,134.08,1,-1,-1,-1
22,5097,533.89,169.36,128.41,262.27,1,-1,-1,-1
22,5098,129.90,196.14,108.36,195.02,1,-1,-1,-1
22,5099,206.73,160.26,132.94,287.91,1,-1,-1,-1
22,5100,310.62,211.89,45.42,132.45,1,-1,-1,-1
22,5101,0.00,176.00,20.00,208.00,1,-1,-1,-1
23,5097,544.55,173.40,116.69,247.14,1,-1,-1,-1
23,5098,126.03,198.49,100.44,184.25,1,-1,-1,-1
23,5099,216.13,178.03,128.29,274.27,1,-1,-1,-1
23,5100,316.04,212.53,45.17,131.71,1,-1,-1,-1
23,5101,1.44,152.00,27.41,285.14,1,-1,-1,-1
24,5097,550.77,173.06,116.82,247.42,1,-1,-1,-1
24,5098,120.49,203.40,95.59,173.45,1,-1,-1,-1
24,5099,236.75,163.80,132.82,288.73,1,-1,-1,-1
24,5101,2.62,153.24,28.08,290.15,1,-1,-1,-1
24,5102,234.00,192.00,44.00,170.00,1,-1,-1,-1
25,5098,113.64,205.22,95.96,168.13,1,-1,-1,-1
25,5099,247.38,158.67,133.15,293.95,1,-1,-1,-1
25,5101,4.00,158.49,27.81,283.69,1,-1,-1,-1
26,5098,107.88,208.55,97.78,163.56,1,-1,-1,-1
26,5099,254.31,159.25,130.97,293.35,1,-1,-1,-1
26,5101,4.74,157.63,28.49,290.60,1,-1,-1,-1
27,5098,101.72,209.75,100.37,159.26,1,-1,-1,-1
27,5099,260.16,168.59,127.03,289.16,1,-1,-1,-1
27,5103,4.00,178.00,46.00,206.00,1,-1,-1,-1
28,5098,89.42,206.14,107.16,164.46,1,-1,-1,-1
28,5099,272.50,177.41,121.66,279.66,1,-1,-1,-1
28,5101,20.69,169.93,26.78,243.08,1,-1,-1,-1
28,5104,226.00,218.00,90.00,140.00,1,-1,-1,-1
29,5098,84.86,207.45,110.11,163.74,1,-1,-1,-1
29,5099,286.56,163.61,123.96,289.20,1,-1,-1,-1
29,5101,22.25,179.32,27.99,223.68,1,-1,-1,-1
29,5104,229.29,207.71,95.42,148.57,1,-1,-1,-1
30,5098,75.06,206.62,116.05,171.44,1,-1,-1,-1
30,5099,293.87,163.72,121.57,286.22,1,-1,-1,-1
30,5101,24.16,180.50,31.15,218.31,1,-1,-1,-1
30,5104,231.90,216.25,90.74,141.22,1,-1,-1,-1
31,5098,63.62,205.02,121.17,182.07,1,-1,-1,-1
31,5099,300.98,163.78,123.08,287.63,1,-1,-1,-1
31,5101,23.88,183.61,35.26,220.83,1,-1,-1,-1
31,5104,232.82,214.95,93.39,145.98,1,-1,-1,-1
31,5105,190.00,196.00,34.00,54.00,1,-1,-1,-1
32,5098,57.61,201.84,120.28,184.86,1,-1,-1,-1
32,5099,308.75,165.11,123.39,282.94,1,-1,-1,-1
32,5101,23.75,185.99,39.30,225.94,1,-1,-1,-1
32,5104,231.53,208.76,97.35,153.26,1,-1,-1,-1
33,5098,47.08,196.72,125.21,197.53,1,-1,-1,-1
33,5099,315.35,173.51,124.77,279.80,1,-1,-1,-1
33,5101,26.57,188.36,38.90,223.68,1,-1,-1,-1
33,5104,236.65,212.06,95.75,151.69,1,-1,-1,-1
33,5106,10.00,188.00,130.00,222.00,1,-1,-1,-1
34,5098,15.79,192.24,135.01,213.71,1,-1,-1,-1
34,5099,318.08,176.66,128.16,279.92,1,-1,-1,-1
34,5104,240.32,220.23,92.88,146.84,1,-1,-1,-1
35,5098,3.49,188.00,141.66,225.03,1,-1,-1,-1
35,5099,330.03,173.90,134.56,289.13,1,-1,-1,-1
35,5104,253.11,223.22,89.41,140.86,1,-1,-1,-1
36,5098,-1.72,185.06,144.09,230.75,1,-1,-1,-1
36,5099,338.22,176.73,134.36,284.83,1,-1,-1,-1
36,5104,261.91,232.50,83.71,131.81,1,-1,-1,-1
37,5098,-0.61,183.93,145.54,235.45,1,-1,-1,-1
37,5099,348.79,167.34,134.47,287.04,1,-1,-1,-1
37,5104,265.27,219.06,92.05,146.67,1,-1,-1,-1
38,5098,7.45,188.58,136.37,227.05,1,-1,-1,-1
38,5099,351.72,169.00,136.10,293.06,1,-1,-1,-1
38,5104,272.25,215.89,92.34,147.73,1,-1,-1,-1
39,5098,16.06,189.20,129.08,222.25,1,-1,-1,-1
39,5099,361.34,161.88,134.79,294.04,1,-1,-1,-1
39,5104,278.18,211.97,93.59,149.44,1,-1,-1,-1
40,5098,15.37,189.45,122.92,217.75,1,-1,-1,-1
40,5099,370.30,157.84,132.26,293.08,1,-1,-1,-1
40,5104,283.08,210.49,96.31,154.01,1,-1,-1,-1
41,5098,11.75,190.88,115.92,208.15,1,-1,-1,-1
41,5099,383.05,157.62,130.32,293.98,1,-1,-1,-1
41,5104,288.87,208.65,95.69,154.41,1,-1,-1,-1
42,5098,10.12,191.45,120.85,213.66,1,-1,-1,-1
42,5099,400.12,167.97,121.51,274.78,1,-1,-1,-1
42,5104,299.14,215.78,93.35,150.61,1,-1,-1,-1
43,5098,4.28,191.66,122.92,215.65,1,-1,-1,-1
43,5099,409.52,164.01,122.27,280.65,1,-1,-1,-1
43,5101,104.71,174.79,46.22,231.36,1,-1,-1,-1
43,5104,302.38,214.60,94.76,154.37,1,-1,-1,-1
44,5098,-10.77,190.46,118.56,215.08,1,-1,-1,-1
44,5099,416.61,162.60,124.03,287.97,1,-1,-1,-1
44,5101,109.71,179.50,51.35,229.07,1,-1,-1,-1
44,5104,302.28,212.87,95.07,157.05,1,-1,-1,-1
45,5098,-16.18,191.31,115.20,216.11,1,-1,-1,-1
45,5099,422.66,162.08,125.24,288.15,1,-1,-1,-1
45,5101,113.04,182.52,56.50,232.16,1,-1,-1,-1
45,5104,304.80,212.21,93.63,155.46,1,-1,-1,-1
46,5098,-19.51,189.05,114.25,221.66,1,-1,-1,-1
46,5099,435.88,163.19,125.43,284.29,1,-1,-1,-1
46,5101,125.62,188.83,60.13,219.05,1,-1,-1,-1
46,5104,308.79,214.58,90.58,150.88,1,-1,-1,-1
47,5098,-20.88,189.49,109.26,219.87,1,-1,-1,-1
47,5099,441.09,158.39,131.07,294.61,1,-1,-1,-1
47,5101,128.95,185.94,70.63,227.27,1,-1,-1,-1
47,5104,310.35,214.17,91.62,154.38,1,-1,-1,-1
48,5098,-27.16,189.08,109.91,221.18,1,-1,-1,-1
48,5099,446.62,157.90,132.12,294.56,1,-1,-1,-1
48,5101,131.50,190.08,78.05,225.04,1,-1,-1,-1
48,5104,312.18,210.13,93.22,159.55,1,-1,-1,-1
49,5099,453.41,159.03,132.95,293.21,1,-1,-1,-1
49,5101,131.85,189.04,85.52,228.11,1,-1,-1,-1
49,5104,315.63,208.60,92.00,157.64,1,-1,-1,-1
50,5099,459.43,156.88,134.93,296.57,1,-1,-1,-1
50,5101,138.09,189.93,90.05,227.98,1,-1,-1,-1
50,5104,319.45,213.23,88.84,151.63,1,-1,-1,-1
51,5099,466.90,172.95,130.03,283.55,1,-1,-1,-1
51,5101,142.54,190.24,89.80,225.32,1,-1,-1,-1
51,5104,321.76,209.74,92.20,159.88,1,-1,-1,-1
52,5099,483.18,162.00,132.29,291.70,1,-1,-1,-1
52,5100,476.93,198.10,48.09,147.89,1,-1,-1,-1
52,5101,157.73,190.33,88.42,223.01,1,-1,-1,-1
52,5104,330.48,211.04,89.19,156.44,1,-1,-1,-1
53,5099,492.96,170.98,129.07,286.88,1,-1,-1,-1
53,5100,478.60,200.35,47.72,150.67,1,-1,-1,-1
53,5101,167.11,186.40,91.95,236.59,1,-1,-1,-1
53,5104,336.56,207.65,91.51,162.89,1,-1,-1,-1
54,5099,502.51,166.60,126.01,283.68,1,-1,-1,-1
54,5100,479.06,201.28,47.53,153.05,1,-1,-1,-1
54,5101,175.06,184.95,91.79,240.31,1,-1,-1,-1
54,5104,343.00,210.25,90.32,161.42,1,-1,-1,-1
55,5099,506.22,164.93,124.02,282.48,1,-1,-1,-1
55,5100,479.22,201.66,47.16,153.96,1,-1,-1,-1
55,5101,178.31,184.37,90.91,241.75,1,-1,-1,-1
55,5104,345.45,211.29,89.63,160.80,1,-1,-1,-1
56,5099,507.73,164.30,122.51,282.04,1,-1,-1,-1
56,5100,479.25,201.81,46.77,154.28,1,-1,-1,-1
56,5101,179.68,184.15,89.82,242.27,1,-1,-1,-1
56,5104,346.34,211.70,89.18,160.53,1,-1,-1,-1
57,5099,527.74,158.83,121.83,288.43,1,-1,-1,-1
57,5100,483.35,201.64,47.01,155.08,1,-1,-1,-1
57,5101,202.34,193.14,84.86,224.29,1,-1,-1,-1
57,5104,353.89,213.16,88.65,160.41,1,-1,-1,-1
58,5099,536.43,158.08,118.83,289.54,1,-1,-1,-1
58,5101,223.23,203.33,79.43,198.48,1,-1,-1,-1
58,5104,358.86,209.81,90.50,169.46,1,-1,-1,-1
59,5099,541.21,156.51,116.79,292.56,1,-1,-1,-1
59,5101,229.51,193.27,93.15,222.07,1,-1,-1,-1
59,5104,364.29,207.28,87.78,166.46,1,-1,-1,-1
60,5099,542.40,149.44,118.05,304.09,1,-1,-1,-1
60,5101,234.32,186.21,104.22,236.04,1,-1,-1,-1
60,5104,366.67,210.19,84.54,161.29,1,-1,-1,-1
61,5099,543.48,146.78,115.67,307.15,1,-1,-1,-1
61,5100,520.51,205.47,44.51,145.50,1,-1,-1,-1
61,5101,236.57,194.88,108.57,235.21,1,-1,-1,-1
61,5104,369.71,211.32,82.63,157.96,1,-1,-1,-1
62,5099,546.51,148.37,111.56,303.12,1,-1,-1,-1
62,5100,527.08,204.49,44.84,147.22,1,-1,-1,-1
62,5101,243.69,198.36,113.83,237.41,1,-1,-1,-1
62,5104,373.92,217.01,79.47,150.13,1,-1,-1,-1
63,5099,548.65,172.49,104.89,288.47,1,-1,-1,-1
63,5100,533.07,209.44,42.66,138.56,1,-1,-1,-1
63,5101,251.98,193.20,115.80,236.92,1,-1,-1,-1
63,5104,378.21,224.50,76.53,141.83,1,-1,-1,-1
64,5099,550.30,187.08,100.09,280.16,1,-1,-1,-1
64,5100,535.32,207.30,44.00,143.30,1,-1,-1,-1
64,5101,260.62,191.19,115.44,234.09,1,-1,-1,-1
64,5104,384.15,225.89,77.19,140.15,1,-1,-1,-1
65,5099,555.68,189.31,99.78,279.28,1,-1,-1,-1
65,5100,539.49,206.54,44.17,144.99,1,-1,-1,-1
65,5101,268.88,193.04,109.97,226.44,1,-1,-1,-1
65,5104,386.85,223.69,80.10,142.25,1,-1,-1,-1
66,5100,542.61,206.24,43.43,143.03,1,-1,-1,-1
66,5101,278.24,189.77,107.91,227.47,1,-1,-1,-1
66,5104,389.87,218.91,83.48,147.00,1,-1,-1,-1
66,5107,616.00,206.00,20.00,142.00,1,-1,-1,-1
67,5100,544.77,210.06,47.37,138.34,1,-1,-1,-1
67,5101,286.35,191.18,103.99,223.92,1,-1,-1,-1
67,5104,402.16,221.00,85.66,147.50,1,-1,-1,-1
68,5100,545.63,212.83,52.34,137.91,1,-1,-1,-1
68,5101,301.74,186.46,104.86,231.78,1,-1,-1,-1
68,5104,410.04,223.11,86.43,149.02,1,-1,-1,-1
69,5100,547.21,216.47,55.32,133.81,1,-1,-1,-1
69,5101,313.55,187.30,103.01,232.10,1,-1,-1,-1
69,5104,412.66,221.28,88.44,153.52,1,-1,-1,-1
70,5100,546.57,220.47,61.19,136.28,1,-1,-1,-1
70,5101,322.31,191.55,99.73,225.70,1,-1,-1,-1
70,5104,419.16,225.75,84.38,144.88,1,-1,-1,-1
71,5100,551.06,221.74,60.92,135.67,1,-1,-1,-1
71,5101,329.26,194.51,98.40,220.58,1,-1,-1,-1
71,5104,420.74,222.16,84.14,144.12,1,-1,-1,-1
