1,4972,799.58,127.02,69.83,152.46,1,-1,-1,-1
1,4974,392.00,154.00,108.00,190.00,1,-1,-1,-1
2,4974,392.00,154.00,108.00,190.00,1,-1,-1,-1
3,4974,427.92,148.00,109.72,194.50,1,-1,-1,-1
3,4975,502.00,128.00,66.00,192.00,1,-1,-1,-1
4,4974,440.28,145.99,109.50,196.00,1,-1,-1,-1
4,4975,502.00,128.00,66.00,192.00,1,-1,-1,-1
5,4974,443.30,142.56,114.68,209.35,1,-1,-1,-1
6,4974,450.99,150.96,109.32,201.66,1,-1,-1,-1
7,4974,457.29,147.44,110.02,208.08,1,-1,-1,-1
8,4974,460.27,146.20,108.29,210.29,1,-1,-1,-1
9,4974,487.13,140.44,106.01,211.01,1,-1,-1,-1
10,4974,497.78,138.30,103.47,211.17,1,-1,-1,-1
11,4974,526.81,145.49,101.93,208.49,1,-1,-1,-1
12,4974,537.46,148.28,101.17,207.38,1,-1,-1,-1
13,4974,572.34,146.70,100.34,205.59,1,-1,-1,-1
14,4974,585.02,146.11,100.03,204.87,1,-1,-1,-1
15,4974,590.57,145.91,101.29,209.84,1,-1,-1,-1
15,4976,640.00,124.00,68.00,240.00,1,-1,-1,-1
16,4974,593.64,151.04,100.37,210.37,1,-1,-1,-1
16,4976,656.08,141.14,61.56,216.00,1,-1,-1,-1
17,4974,606.00,160.87,93.62,196.16,1,-1,-1,-1
17,4976,653.54,150.27,59.96,205.73,1,-1,-1,-1
17,4977,680.00,148.00,64.00,204.00,1,-1,-1,-1
18,4974,610.07,164.68,90.98,190.57,1,-1,-1,-1
18,4976,651.97,152.76,60.81,202.98,1,-1,-1,-1
18,4977,680.00,148.00,64.00,204.00,1,-1,-1,-1
19,4974,621.39,166.06,90.57,189.72,1,-1,-1,-1
19,4976,650.56,156.25,59.96,195.00,1,-1,-1,-1
19,4978,1144.00,144.00,76.00,226.00,1,-1,-1,-1
20,4976,649.48,157.12,60.94,192.71,1,-1,-1,-1
20,4978,1144.00,144.00,76.00,226.00,1,-1,-1,-1
21,4974,675.98,156.26,95.51,198.17,1,-1,-1,-1
21,4976,649.59,160.38,59.35,187.69,1,-1,-1,-1
21,4979,1082.00,146.00,84.00,226.00,1,-1,-1,-1
22,4945,528.84,134.03,32.30,73.99,1,-1,-1,-1
22,4974,687.40,154.81,99.97,207.46,1,-1,-1,-1
22,4979,1056.42,156.29,78.60,210.57,1,-1,-1,-1
23,4945,528.83,133.53,34.69,75.82,1,-1,-1,-1
23,4974,696.94,160.74,97.05,204.29,1,-1,-1,-1
23,4979,1028.40,164.18,77.29,204.91,1,-1,-1,-1
23,4980,724.00,154.00,98.00,208.00,1,-1,-1,-1
24,4945,528.33,133.42,36.01,76.65,1,-1,-1,-1
24,4974,719.14,156.53,98.22,206.92,1,-1,-1,-1
24,4976,705.13,164.42,64.93,200.00,1,-1,-1,-1
24,4979,1019.70,166.49,77.70,203.35,1,-1,-1,-1
25,4945,528.46,132.09,36.75,75.71,1,-1,-1,-1
25,4974,729.98,140.66,103.35,223.47,1,-1,-1,-1
25,4976,712.89,166.89,64.51,198.72,1,-1,-1,-1
25,4979,1008.67,169.86,76.57,200.38,1,-1,-1,-1
25,4981,308.00,146.00,86.00,196.00,1,-1,-1,-1
25,4982,786.00,126.00,68.00,246.00,1,-1,-1,-1
25,4983,392.00,170.00,96.00,166.00,1,-1,-1,-1
25,4984,956.00,156.00,70.00,222.00,1,-1,-1,-1
26,4945,526.95,135.71,35.67,71.38,1,-1,-1,-1
26,4974,742.17,141.04,98.93,224.60,1,-1,-1,-1
26,4979,935.23,160.16,82.95,216.79,1,-1,-1,-1
26,4982,787.09,126.00,69.24,249.43,1,-1,-1,-1
27,4945,523.27,135.73,38.35,76.74,1,-1,-1,-1
27,4974,761.02,142.54,100.09,226.24,1,-1,-1,-1
27,4979,895.13,156.05,83.45,216.64,1,-1,-1,-1
27,4985,348.00,158.00,88.00,184.00,1,-1,-1,-1
27,4986,830.00,146.00,70.00,212.00,1,-1,-1,-1
28,4945,525.84,135.25,37.89,75.83,1,-1,-1,-1
28,4974,773.57,145.72,98.14,220.38,1,-1,-1,-1
28,4979,871.27,160.00,78.60,202.90,1,-1,-1,-1
28,4985,350.57,149.43,94.86,199.43,1,-1,-1,-1
28,4987,460.00,154.00,60.00,178.00,1,-1,-1,-1
29,4974,799.66,143.08,107.29,224.54,1,-1,-1,-1
29,4979,858.79,150.40,79.24,203.28,1,-1,-1,-1
29,4985,356.82,153.80,91.61,194.75,1,-1,-1,-1
29,4987,471.67,166.00,55.52,162.57,1,-1,-1,-1
30,4974,818.00,149.85,101.99,210.59,1,-1,-1,-1
30,4979,864.05,149.76,79.13,199.38,1,-1,-1,-1
30,4985,361.79,158.50,89.26,191.30,1,-1,-1,-1
30,4987,475.24,158.65,60.87,175.58,1,-1,-1,-1
31,4974,853.59,137.95,109.07,228.91,1,-1,-1,-1
31,4979,828.55,150.93,84.47,208.82,1,-1,-1,-1
31,4985,364.61,160.14,88.89,190.50,1,-1,-1,-1
31,4987,477.95,157.34,61.90,178.53,1,-1,-1,-1
32,4974,870.90,136.74,110.01,230.88,1,-1,-1,-1
32,4979,786.02,161.88,82.25,201.72,1,-1,-1,-1
32,4985,388.83,143.38,98.62,213.61,1,-1,-1,-1
32,4987,506.68,150.90,63.39,183.62,1,-1,-1,-1
33,4974,869.50,146.45,108.09,229.19,1,-1,-1,-1
33,4979,756.69,160.82,82.79,208.34,1,-1,-1,-1
33,4985,396.84,140.43,99.74,221.93,1,-1,-1,-1
33,4987,515.45,143.84,67.91,196.25,1,-1,-1,-1
33,4988,912.00,136.00,104.00,238.00,1,-1,-1,-1
34,4974,871.13,148.70,107.00,228.96,1,-1,-1,-1
34,4979,747.14,160.43,81.69,210.75,1,-1,-1,-1
34,4985,400.51,139.39,98.26,224.90,1,-1,-1,-1
34,4987,518.31,141.46,69.55,200.52,1,-1,-1,-1
34,4988,912.00,136.00,104.00,238.00,1,-1,-1,-1
35,4974,885.69,148.59,107.70,230.47,1,-1,-1,-1
35,4979,719.36,164.19,76.39,198.57,1,-1,-1,-1
35,4985,429.36,136.46,96.09,223.21,1,-1,-1,-1
35,4987,535.96,134.09,77.25,219.14,1,-1,-1,-1
35,4988,930.25,134.50,105.04,236.50,1,-1,-1,-1
36,4979,710.15,165.63,74.05,193.83,1,-1,-1,-1
36,4985,440.58,135.42,94.32,222.36,1,-1,-1,-1
36,4987,542.03,131.36,80.97,226.05,1,-1,-1,-1
36,4988,935.54,134.00,106.95,236.00,1,-1,-1,-1
37,4979,683.31,172.81,70.87,181.46,1,-1,-1,-1
37,4985,461.42,146.95,88.70,215.33,1,-1,-1,-1
37,4987,551.09,127.65,83.47,233.04,1,-1,-1,-1
37,4988,941.94,133.50,106.72,235.50,1,-1,-1,-1
38,4979,674.12,175.44,70.49,176.93,1,-1,-1,-1
38,4985,469.68,151.45,85.04,212.49,1,-1,-1,-1
39,4979,652.77,177.03,69.38,174.15,1,-1,-1,-1
39,4985,497.42,154.46,81.25,204.76,1,-1,-1,-1
39,4987,600.57,138.06,77.45,211.77,1,-1,-1,-1
39,4989,1016.00,138.00,164.00,212.00,1,-1,-1,-1
40,4985,507.62,155.59,79.43,201.77,1,-1,-1,-1
40,4987,608.38,140.18,77.32,207.49,1,-1,-1,-1
40,4989,1016.00,138.00,164.00,212.00,1,-1,-1,-1
41,4985,532.26,156.00,80.08,201.98,1,-1,-1,-1
41,4987,624.59,143.46,79.53,212.87,1,-1,-1,-1
41,4988,1077.17,128.17,114.11,249.20,1,-1,-1,-1
42,4985,540.87,156.14,80.63,202.05,1,-1,-1,-1
42,4987,630.28,144.67,80.44,214.79,1,-1,-1,-1
42,4988,1087.00,127.76,115.71,250.24,1,-1,-1,-1
43,4985,548.41,136.42,92.41,229.74,1,-1,-1,-1
43,4987,641.10,121.79,93.83,254.40,1,-1,-1,-1
43,4988,1106.59,126.88,116.40,251.74,1,-1,-1,-1
44,4985,548.60,145.52,85.81,214.78,1,-1,-1,-1
44,4987,666.64,135.36,87.90,238.47,1,-1,-1,-1
45,4985,559.67,144.76,86.39,216.22,1,-1,-1,-1
45,4987,682.78,140.36,88.88,232.08,1,-1,-1,-1
45,4990,506.00,162.00,88.00,184.00,1,-1,-1,-1
46,4987,687.65,142.30,90.91,229.53,1,-1,-1,-1
46,4990,506.00,162.00,88.00,184.00,1,-1,-1,-1
47,4985,619.22,138.87,90.18,226.53,1,-1,-1,-1
47,4987,710.95,143.06,89.65,225.85,1,-1,-1,-1
48,4985,629.04,137.91,90.55,228.20,1,-1,-1,-1
48,4987,719.36,143.39,89.23,224.33,1,-1,-1,-1
49,4985,642.85,136.80,91.36,230.23,1,-1,-1,-1
49,4987,732.15,142.66,90.20,226.79,1,-1,-1,-1
51,4985,696.37,148.98,84.21,210.91,1,-1,-1,-1
51,4987,784.05,143.53,91.31,228.63,1,-1,-1,-1
52,4985,704.79,151.09,83.30,207.55,1,-1,-1,-1
52,4987,792.44,143.67,91.74,228.92,1,-1,-1,-1
53,4985,725.25,137.15,94.51,233.05,1,-1,-1,-1
53,4987,816.89,126.75,99.77,251.23,1,-1,-1,-1
54,4985,732.47,132.22,99.04,242.07,1,-1,-1,-1
54,4987,826.19,120.53,102.20,259.42,1,-1,-1,-1
55,4985,760.70,128.99,101.06,245.64,1,-1,-1,-1
55,4987,862.07,120.63,104.96,262.59,1,-1,-1,-1
56,4985,771.17,127.77,102.09,246.95,1,-1,-1,-1
56,4987,875.37,120.75,106.74,263.69,1,-1,-1,-1
57,4985,786.88,126.17,103.28,249.81,1,-1,-1,-1
57,4987,891.64,118.83,108.31,267.57,1,-1,-1,-1
59,4985,857.82,123.82,103.63,247.70,1,-1,-1,-1
59,4987,977.36,119.09,103.49,256.23,1,-1,-1,-1
60,4985,869.27,123.44,104.49,247.30,1,-1,-1,-1
60,4987,991.87,119.19,102.44,254.14,1,-1,-1,-1
61,4985,887.41,121.99,105.36,249.36,1,-1,-1,-1
61,4987,1011.53,117.71,103.30,256.26,1,-1,-1,-1
61,4991,604.00,124.00,42.00,108.00,1,-1,-1,-1
62,4991,604.00,124.00,42.00,108.00,1,-1,-1,-1
63,4991,608.78,136.01,41.44,106.50,1,-1,-1,-1
64,4991,610.37,140.01,41.27,106.00,1,-1,-1,-1
65,4991,621.18,145.46,39.40,100.04,1,-1,-1,-1
65,4992,1034.00,120.00,160.00,250.00,1,-1,-1,-1
66,4991,624.59,147.04,39.11,98.04,1,-1,-1,-1
66,4992,1034.00,120.00,160.00,250.00,1,-1,-1,-1
67,4991,628.47,147.39,38.88,96.03,1,-1,-1,-1
68,4991,629.44,147.34,39.22,95.43,1,-1,-1,-1
69,4991,636.93,145.83,44.07,109.08,1,-1,-1,-1
70,4991,639.83,145.33,45.19,113.79,1,-1,-1,-1
71,4991,644.15,143.74,46.68,118.24,1,-1,-1,-1
72,4991,645.79,143.06,47.08,119.94,1,-1,-1,-1
73,4991,657.07,142.75,45.02,114.08,1,-1,-1,-1
74,4991,661.24,142.57,44.30,111.69,1,-1,-1,-1
75,4991,666.51,142.48,46.88,118.69,1,-1,-1,-1
76,4991,668.47,142.44,47.70,121.25,1,-1,-1,-1
77,4991,681.04,146.25,48.51,123.50,1,-1,-1,-1
78,4991,685.80,147.71,48.77,124.33,1,-1,-1,-1
79,4991,688.55,140.50,51.89,133.64,1,-1,-1,-1
80,4991,689.71,137.78,52.74,137.14,1,-1,-1,-1
81,4991,705.06,143.03,52.17,137.20,1,-1,-1,-1
82,4991,711.11,145.10,51.61,137.14,1,-1,-1,-1
83,4991,716.57,145.88,51.25,135.78,1,-1,-1,-1
84,4991,718.47,146.17,51.16,135.19,1,-1,-1,-1
85,4991,736.77,150.15,50.61,134.92,1,-1,-1,-1
86,4991,743.73,151.65,50.15,134.77,1,-1,-1,-1
87,4991,749.90,152.55,50.58,135.92,1,-1,-1,-1
91,4991,793.41,145.27,59.91,159.76,1,-1,-1,-1
91,4993,576.00,134.00,46.00,120.00,1,-1,-1,-1
91,4994,622.00,142.00,46.00,102.00,1,-1,-1,-1
91,4995,696.00,150.00,38.00,90.00,1,-1,-1,-1
92,4991,797.33,144.49,61.19,162.12,1,-1,-1,-1
92,4993,576.00,134.00,46.00,120.00,1,-1,-1,-1
92,4994,622.00,142.00,46.00,102.00,1,-1,-1,-1
92,4995,696.00,150.00,38.00,90.00,1,-1,-1,-1
93,4991,806.61,158.23,61.13,159.14,1,-1,-1,-1
93,4993,575.62,128.00,49.77,130.51,1,-1,-1,-1
93,4994,619.14,139.00,48.72,108.00,1,-1,-1,-1
93,4995,697.78,147.00,40.44,96.00,1,-1,-1,-1
94,4991,809.74,163.60,61.56,157.88,1,-1,-1,-1
94,4993,575.62,125.99,50.76,134.01,1,-1,-1,-1
94,4994,618.18,138.00,49.64,110.01,1,-1,-1,-1
94,4995,698.42,146.00,41.16,98.01,1,-1,-1,-1
95,4991,816.94,164.91,62.30,159.80,1,-1,-1,-1
95,4993,575.46,123.98,52.09,137.53,1,-1,-1,-1
95,4994,617.83,139.13,48.63,107.75,1,-1,-1,-1
95,4995,707.83,140.05,44.14,105.66,1,-1,-1,-1
96,4994,617.76,139.59,48.21,106.81,1,-1,-1,-1
96,4995,711.25,137.96,44.98,108.33,1,-1,-1,-1
97,4991,858.23,156.42,72.05,180.36,1,-1,-1,-1
97,4993,603.51,125.27,49.83,131.77,1,-1,-1,-1
97,4994,636.71,141.17,48.96,109.21,1,-1,-1,-1
97,4995,715.94,141.28,44.90,107.84,1,-1,-1,-1
98,4991,875.36,162.75,71.47,176.12,1,-1,-1,-1
98,4993,608.31,132.65,47.96,126.61,1,-1,-1,-1
98,4994,645.65,147.14,47.61,105.99,1,-1,-1,-1
98,4995,717.58,150.68,42.15,99.47,1,-1,-1,-1
99,4991,891.18,147.08,76.74,198.94,1,-1,-1,-1
99,4993,608.75,130.85,49.47,131.86,1,-1,-1,-1
99,4994,647.32,143.94,50.16,111.54,1,-1,-1,-1
99,4995,720.49,150.85,42.63,100.60,1,-1,-1,-1
100,4991,904.48,146.30,77.55,204.86,1,-1,-1,-1
100,4993,611.22,124.93,51.89,138.98,1,-1,-1,-1
100,4994,646.41,141.47,51.33,114.83,1,-1,-1,-1
100,4995,729.67,142.25,48.16,116.27,1,-1,-1,-1
101,4991,918.24,149.76,80.57,207.14,1,-1,-1,-1
101,4993,607.88,118.81,55.95,150.72,1,-1,-1,-1
101,4994,645.72,139.20,53.51,121.28,1,-1,-1,-1
101,4995,733.76,141.75,48.48,119.72,1,-1,-1,-1
102,4991,929.26,149.88,85.20,214.25,1,-1,-1,-1
102,4993,609.18,119.01,55.98,152.66,1,-1,-1,-1
102,4994,644.23,139.62,54.07,124.99,1,-1,-1,-1
102,4995,738.20,146.72,45.20,113.28,1,-1,-1,-1
103,4991,950.70,157.49,82.52,208.11,1,-1,-1,-1
103,4993,610.74,117.88,57.46,159.74,1,-1,-1,-1
103,4994,646.68,142.37,53.15,125.10,1,-1,-1,-1
103,4995,746.41,147.45,45.04,114.47,1,-1,-1,-1
104,4991,958.87,160.55,81.25,205.46,1,-1,-1,-1
104,4993,611.61,117.47,57.36,162.40,1,-1,-1,-1
104,4994,647.83,143.45,52.22,125.06,1,-1,-1,-1
104,4995,749.55,147.72,44.60,114.88,1,-1,-1,-1
105,4991,987.75,146.23,87.95,224.99,1,-1,-1,-1
105,4993,611.47,118.64,55.51,159.49,1,-1,-1,-1
105,4994,658.95,146.46,51.09,122.38,1,-1,-1,-1
105,4995,761.25,145.24,45.21,118.86,1,-1,-1,-1
106,4991,998.83,140.91,89.86,232.26,1,-1,-1,-1
106,4993,611.52,119.15,54.32,158.21,1,-1,-1,-1
106,4994,663.17,147.62,50.62,121.28,1,-1,-1,-1
106,4995,765.87,144.30,44.91,120.33,1,-1,-1,-1
107,4991,1035.45,146.33,88.43,223.71,1,-1,-1,-1
107,4993,614.43,123.27,54.41,161.53,1,-1,-1,-1
107,4994,666.67,149.34,52.96,127.36,1,-1,-1,-1
107,4995,772.21,154.25,40.54,105.39,1,-1,-1,-1
108,4991,1064.43,143.38,94.40,240.73,1,-1,-1,-1
108,4993,620.75,120.99,55.50,162.73,1,-1,-1,-1
108,4994,669.57,149.95,53.62,128.94,1,-1,-1,-1
108,4995,777.03,154.70,40.75,105.93,1,-1,-1,-1
109,4991,1092.39,148.56,91.01,234.49,1,-1,-1,-1
109,4993,623.89,123.99,54.38,159.25,1,-1,-1,-1
109,4995,779.21,144.82,47.30,124.96,1,-1,-1,-1
110,4991,1103.24,150.71,89.09,231.69,1,-1,-1,-1
110,4993,625.00,125.19,53.96,157.79,1,-1,-1,-1
110,4995,780.72,142.84,48.13,129.00,1,-1,-1,-1
111,4991,1136.16,152.83,84.12,221.46,1,-1,-1,-1
111,4993,626.19,126.95,56.00,168.92,1,-1,-1,-1
111,4994,689.08,153.70,52.88,130.49,1,-1,-1,-1
111,4995,792.51,145.87,46.05,125.46,1,-1,-1,-1
112,4991,1148.46,153.65,81.66,217.37,1,-1,-1,-1
112,4993,627.13,127.61,55.73,173.04,1,-1,-1,-1
112,4994,691.93,154.14,51.73,130.59,1,-1,-1,-1
112,4995,797.20,147.12,44.81,123.92,1,-1,-1,-1
113,4991,1164.94,153.86,82.33,219.16,1,-1,-1,-1
113,4993,635.13,134.26,51.68,164.38,1,-1,-1,-1
113,4994,701.94,156.91,51.59,131.94,1,-1,-1,-1
113,4995,810.45,148.90,45.77,127.17,1,-1,-1,-1
113,4996,652.00,146.00,52.00,154.00,1,-1,-1,-1
114,4993,638.51,136.91,49.43,160.77,1,-1,-1,-1
114,4994,705.78,157.93,51.18,132.42,1,-1,-1,-1
114,4995,815.42,149.58,46.00,128.36,1,-1,-1,-1
114,4996,652.00,146.00,52.00,154.00,1,-1,-1,-1
115,4993,640.96,137.65,49.82,162.01,1,-1,-1,-1
115,4994,709.83,158.85,51.63,133.59,1,-1,-1,-1
115,4995,823.13,142.13,49.58,142.92,1,-1,-1,-1
116,4995,826.54,139.33,49.95,148.39,1,-1,-1,-1
117,4993,647.41,149.84,42.25,134.14,1,-1,-1,-1
117,4995,834.21,141.98,47.13,141.72,1,-1,-1,-1
118,4993,648.02,151.85,41.56,129.33,1,-1,-1,-1
118,4995,837.17,143.10,45.66,138.83,1,-1,-1,-1
119,4993,650.49,153.53,41.04,127.69,1,-1,-1,-1
119,4995,853.64,151.32,45.23,136.39,1,-1,-1,-1
119,4997,666.00,132.00,52.00,184.00,1,-1,-1,-1
120,4995,859.63,154.46,45.25,135.40,1,-1,-1,-1
120,4997,666.00,132.00,52.00,184.00,1,-1,-1,-1
121,4994,735.61,162.16,61.97,164.21,1,-1,-1,-1
121,4995,872.61,149.14,44.26,134.98,1,-1,-1,-1
122,4994,737.72,162.33,61.59,166.35,1,-1,-1,-1
122,4995,877.58,147.10,43.44,134.77,1,-1,-1,-1
123,4994,750.43,163.66,59.13,162.03,1,-1,-1,-1
123,4995,884.15,146.92,43.79,135.89,1,-1,-1,-1
123,4998,690.00,152.00,50.00,178.00,1,-1,-1,-1
124,4993,685.53,152.57,55.10,174.60,1,-1,-1,-1
124,4994,755.44,164.15,57.78,160.23,1,-1,-1,-1
125,4993,687.83,141.68,62.77,198.48,1,-1,-1,-1
125,4994,755.90,156.57,66.34,182.74,1,-1,-1,-1
126,4993,688.65,137.06,66.05,208.47,1,-1,-1,-1
126,4994,756.03,153.80,69.74,191.02,1,-1,-1,-1
127,4993,701.28,148.69,65.93,207.57,1,-1,-1,-1
127,4994,771.47,157.65,71.25,200.58,1,-1,-1,-1
128,4993,706.25,153.46,65.89,207.01,1,-1,-1,-1
128,4994,778.03,159.18,70.82,204.30,1,-1,-1,-1
129,4993,712.25,159.13,63.82,197.79,1,-1,-1,-1
129,4994,791.09,159.79,73.41,213.23,1,-1,-1,-1
130,4993,714.25,161.33,63.33,193.98,1,-1,-1,-1
130,4994,796.24,160.03,74.14,216.64,1,-1,-1,-1
131,4993,722.87,145.33,70.42,223.48,1,-1,-1,-1
131,4994,811.42,162.64,71.83,209.01,1,-1,-1,-1
132,4993,739.23,141.99,70.05,228.17,1,-1,-1,-1
132,4994,821.21,157.21,74.52,219.98,1,-1,-1,-1
132,4995,995.48,155.55,59.86,168.98,1,-1,-1,-1
133,4993,753.52,145.61,68.44,222.35,1,-1,-1,-1
133,4994,833.19,158.98,75.19,221.53,1,-1,-1,-1
133,4995,1005.38,156.00,60.75,171.51,1,-1,-1,-1
134,4993,758.97,147.09,67.81,219.78,1,-1,-1,-1
134,4994,837.72,159.68,75.48,221.99,1,-1,-1,-1
135,4993,768.63,136.08,73.96,239.29,1,-1,-1,-1
135,4994,865.00,163.79,74.07,213.09,1,-1,-1,-1
135,4995,1037.85,151.27,64.18,182.63,1,-1,-1,-1
136,4993,772.21,131.97,76.35,246.57,1,-1,-1,-1
136,4994,875.03,165.40,74.22,209.43,1,-1,-1,-1
136,4995,1043.60,150.47,64.46,184.54,1,-1,-1,-1
137,4993,789.52,132.85,77.86,246.83,1,-1,-1,-1
137,4994,890.53,151.65,80.32,228.83,1,-1,-1,-1
137,4995,1063.91,162.97,67.70,180.10,1,-1,-1,-1
138,4993,795.84,133.24,79.12,246.75,1,-1,-1,-1
138,4994,896.49,146.61,82.10,235.97,1,-1,-1,-1
138,4995,1070.47,167.83,70.86,178.28,1,-1,-1,-1
139,4993,808.04,132.14,80.17,247.86,1,-1,-1,-1
139,4994,924.20,161.08,77.17,210.81,1,-1,-1,-1
139,4995,1100.25,167.06,69.89,172.35,1,-1,-1,-1
140,4993,812.39,131.74,80.90,248.17,1,-1,-1,-1
140,4994,934.15,167.11,76.53,200.15,1,-1,-1,-1
140,4995,1110.98,166.72,70.09,170.00,1,-1,-1,-1
141,4993,833.34,127.75,82.01,249.45,1,-1,-1,-1
141,4994,966.00,161.27,80.52,204.29,1,-1,-1,-1
141,4995,1139.28,161.34,71.84,178.22,1,-1,-1,-1
142,4993,841.03,126.24,82.77,249.83,1,-1,-1,-1
142,4994,976.66,159.16,83.28,205.77,1,-1,-1,-1
142,4995,1150.08,159.34,71.62,181.26,1,-1,-1,-1
143,4993,862.01,119.25,90.31,266.62,1,-1,-1,-1
143,4994,1012.10,160.96,85.92,207.60,1,-1,-1,-1
143,4995,1163.48,159.50,72.35,183.10,1,-1,-1,-1
144,4993,869.31,116.61,94.28,272.94,1,-1,-1,-1
144,4994,1024.71,161.65,87.91,208.27,1,-1,-1,-1
145,4993,903.78,119.43,91.79,260.05,1,-1,-1,-1
145,4994,1074.20,171.03,84.30,188.94,1,-1,-1,-1
