1,12446,387.47,186.54,64.50,138.20,1,-1,-1,-1
1,12482,199.94,194.56,32.31,108.46,1,-1,-1,-1
1,12483,243.01,195.07,33.04,109.31,1,-1,-1,-1
1,12491,531.63,207.48,45.73,101.56,1,-1,-1,-1
51,12494,94.00,190.00,50.00,100.00,1,-1,-1,-1
52,12494,94.00,190.00,50.00,100.00,1,-1,-1,-1
53,12494,94.00,190.00,50.00,100.00,1,-1,-1,-1
54,12494,94.00,190.00,50.00,100.00,1,-1,-1,-1
55,12494,94.00,190.00,50.00,100.00,1,-1,-1,-1
56,12494,94.00,190.00,50.00,100.00,1,-1,-1,-1
57,12494,94.00,190.00,50.00,100.00,1,-1,-1,-1
58,12494,94.00,190.00,50.00,100.00,1,-1,-1,-1
59,12494,94.00,190.00,50.00,100.00,1,-1,-1,-1
60,12494,94.00,190.00,50.00,100.00,1,-1,-1,-1
61,12494,94.00,190.00,50.00,100.00,1,-1,-1,-1
71,12495,862.00,172.00,46.00,98.00,1,-1,-1,-1
71,12496,952.00,162.00,36.00,106.00,1,-1,-1,-1
72,12495,862.00,172.00,46.00,98.00,1,-1,-1,-1
72,12496,952.00,162.00,36.00,106.00,1,-1,-1,-1
73,12495,862.00,172.00,46.00,98.00,1,-1,-1,-1
73,12496,952.00,162.00,36.00,106.00,1,-1,-1,-1
74,12495,862.00,172.00,46.00,98.00,1,-1,-1,-1
74,12496,952.00,162.00,36.00,106.00,1,-1,-1,-1
75,12495,862.00,172.00,46.00,98.00,1,-1,-1,-1
75,12496,952.00,162.00,36.00,106.00,1,-1,-1,-1
76,12495,862.00,172.00,46.00,98.00,1,-1,-1,-1
76,12496,952.00,162.00,36.00,106.00,1,-1,-1,-1
77,12495,862.00,172.00,46.00,98.00,1,-1,-1,-1
77,12496,952.00,162.00,36.00,106.00,1,-1,-1,-1
78,12495,862.00,172.00,46.00,98.00,1,-1,-1,-1
78,12496,952.00,162.00,36.00,106.00,1,-1,-1,-1
79,12495,862.00,172.00,46.00,98.00,1,-1,-1,-1
79,12496,952.00,162.00,36.00,106.00,1,-1,-1,-1
80,12495,862.00,172.00,46.00,98.00,1,-1,-1,-1
80,12496,952.00,162.00,36.00,106.00,1,-1,-1,-1
81,12495,862.00,172.00,46.00,98.00,1,-1,-1,-1
81,12496,952.00,162.00,36.00,106.00,1,-1,-1,-1
81,12497,190.00,174.00,54.00,96.00,1,-1,-1,-1
82,12497,190.00,174.00,54.00,96.00,1,-1,-1,-1
83,12494,191.64,174.11,49.41,96.03,1,-1,-1,-1
84,12494,192.90,173.83,50.27,95.96,1,-1,-1,-1
85,12494,193.22,173.73,50.89,95.93,1,-1,-1,-1
86,12494,193.10,173.71,51.36,95.93,1,-1,-1,-1
87,12494,192.84,173.72,51.72,95.93,1,-1,-1,-1
88,12494,192.55,173.75,52.02,95.94,1,-1,-1,-1
89,12494,192.28,173.77,52.26,95.94,1,-1,-1,-1
90,12494,192.03,173.79,52.47,95.95,1,-1,-1,-1
91,12494,194.10,173.46,52.42,95.86,1,-1,-1,-1
101,12498,1054.00,172.00,44.00,78.00,1,-1,-1,-1
111,12499,956.00,186.00,56.00,72.00,1,-1,-1,-1
111,12500,1096.00,160.00,48.00,98.00,1,-1,-1,-1
112,12499,956.00,186.00,56.00,72.00,1,-1,-1,-1
112,12500,1096.00,160.00,48.00,98.00,1,-1,-1,-1
113,12499,956.00,186.00,56.00,72.00,1,-1,-1,-1
113,12500,1096.00,160.00,48.00,98.00,1,-1,-1,-1
114,12499,956.00,186.00,56.00,72.00,1,-1,-1,-1
114,12500,1096.00,160.00,48.00,98.00,1,-1,-1,-1
115,12499,956.00,186.00,56.00,72.00,1,-1,-1,-1
115,12500,1096.00,160.00,48.00,98.00,1,-1,-1,-1
116,12499,956.00,186.00,56.00,72.00,1,-1,-1,-1
116,12500,1096.00,160.00,48.00,98.00,1,-1,-1,-1
117,12499,956.00,186.00,56.00,72.00,1,-1,-1,-1
117,12500,1096.00,160.00,48.00,98.00,1,-1,-1,-1
118,12499,956.00,186.00,56.00,72.00,1,-1,-1,-1
118,12500,1096.00,160.00,48.00,98.00,1,-1,-1,-1
119,12499,956.00,186.00,56.00,72.00,1,-1,-1,-1
119,12500,1096.00,160.00,48.00,98.00,1,-1,-1,-1
120,12499,956.00,186.00,56.00,72.00,1,-1,-1,-1
120,12500,1096.00,160.00,48.00,98.00,1,-1,-1,-1
121,12499,956.00,186.00,56.00,72.00,1,-1,-1,-1
121,12500,1096.00,160.00,48.00,98.00,1,-1,-1,-1
121,12501,386.00,154.00,44.00,108.00,1,-1,-1,-1
122,12501,386.00,154.00,44.00,108.00,1,-1,-1,-1
123,12501,386.00,154.00,44.00,108.00,1,-1,-1,-1
124,12501,386.00,154.00,44.00,108.00,1,-1,-1,-1
125,12501,386.00,154.00,44.00,108.00,1,-1,-1,-1
126,12501,386.00,154.00,44.00,108.00,1,-1,-1,-1
127,12501,386.00,154.00,44.00,108.00,1,-1,-1,-1
128,12501,386.00,154.00,44.00,108.00,1,-1,-1,-1
129,12501,386.00,154.00,44.00,108.00,1,-1,-1,-1
130,12501,386.00,154.00,44.00,108.00,1,-1,-1,-1
131,12501,386.00,154.00,44.00,108.00,1,-1,-1,-1
131,12502,142.00,184.00,68.00,184.00,1,-1,-1,-1
132,12502,142.00,184.00,68.00,184.00,1,-1,-1,-1
133,12502,142.00,184.00,68.00,184.00,1,-1,-1,-1
134,12502,142.00,184.00,68.00,184.00,1,-1,-1,-1
135,12502,142.00,184.00,68.00,184.00,1,-1,-1,-1
136,12502,142.00,184.00,68.00,184.00,1,-1,-1,-1
137,12502,142.00,184.00,68.00,184.00,1,-1,-1,-1
138,12502,142.00,184.00,68.00,184.00,1,-1,-1,-1
139,12502,142.00,184.00,68.00,184.00,1,-1,-1,-1
140,12502,142.00,184.00,68.00,184.00,1,-1,-1,-1
141,12502,142.00,184.00,68.00,184.00,1,-1,-1,-1
161,12503,846.00,162.00,52.00,90.00,1,-1,-1,-1
162,12503,846.00,162.00,52.00,90.00,1,-1,-1,-1
163,12503,846.00,162.00,52.00,90.00,1,-1,-1,-1
164,12503,846.00,162.00,52.00,90.00,1,-1,-1,-1
165,12503,846.00,162.00,52.00,90.00,1,-1,-1,-1
166,12503,846.00,162.00,52.00,90.00,1,-1,-1,-1
167,12503,846.00,162.00,52.00,90.00,1,-1,-1,-1
168,12503,846.00,162.00,52.00,90.00,1,-1,-1,-1
169,12503,846.00,162.00,52.00,90.00,1,-1,-1,-1
170,12503,846.00,162.00,52.00,90.00,1,-1,-1,-1
171,12503,846.00,162.00,52.00,90.00,1,-1,-1,-1
231,12504,940.00,162.00,74.00,192.00,1,-1,-1,-1
232,12504,940.00,162.00,74.00,192.00,1,-1,-1,-1
233,12504,940.00,162.00,74.00,192.00,1,-1,-1,-1
234,12504,940.00,162.00,74.00,192.00,1,-1,-1,-1
235,12504,940.00,162.00,74.00,192.00,1,-1,-1,-1
236,12504,940.00,162.00,74.00,192.00,1,-1,-1,-1
237,12504,940.00,162.00,74.00,192.00,1,-1,-1,-1
238,12504,940.00,162.00,74.00,192.00,1,-1,-1,-1
239,12504,940.00,162.00,74.00,192.00,1,-1,-1,-1
240,12504,940.00,162.00,74.00,192.00,1,-1,-1,-1
241,12504,940.00,162.00,74.00,192.00,1,-1,-1,-1
251,12505,384.00,174.00,52.00,96.00,1,-1,-1,-1
252,12505,384.00,174.00,52.00,96.00,1,-1,-1,-1
253,12505,384.00,174.00,52.00,96.00,1,-1,-1,-1
254,12505,384.00,174.00,52.00,96.00,1,-1,-1,-1
255,12505,384.00,174.00,52.00,96.00,1,-1,-1,-1
256,12505,384.00,174.00,52.00,96.00,1,-1,-1,-1
257,12505,384.00,174.00,52.00,96.00,1,-1,-1,-1
258,12505,384.00,174.00,52.00,96.00,1,-1,-1,-1
259,12505,384.00,174.00,52.00,96.00,1,-1,-1,-1
260,12505,384.00,174.00,52.00,96.00,1,-1,-1,-1
261,12505,384.00,174.00,52.00,96.00,1,-1,-1,-1
261,12506,330.00,174.00,40.00,148.00,1,-1,-1,-1
261,12507,94.00,134.00,78.00,250.00,1,-1,-1,-1
262,12506,330.00,174.00,40.00,148.00,1,-1,-1,-1
262,12507,94.00,134.00,78.00,250.00,1,-1,-1,-1
263,12506,330.00,174.00,40.00,148.00,1,-1,-1,-1
263,12507,94.00,134.00,78.00,250.00,1,-1,-1,-1
264,12506,330.00,174.00,40.00,148.00,1,-1,-1,-1
264,12507,94.00,134.00,78.00,250.00,1,-1,-1,-1
265,12506,330.00,174.00,40.00,148.00,1,-1,-1,-1
265,12507,94.00,134.00,78.00,250.00,1,-1,-1,-1
266,12506,330.00,174.00,40.00,148.00,1,-1,-1,-1
266,12507,94.00,134.00,78.00,250.00,1,-1,-1,-1
267,12506,330.00,174.00,40.00,148.00,1,-1,-1,-1
267,12507,94.00,134.00,78.00,250.00,1,-1,-1,-1
268,12506,330.00,174.00,40.00,148.00,1,-1,-1,-1
268,12507,94.00,134.00,78.00,250.00,1,-1,-1,-1
269,12506,330.00,174.00,40.00,148.00,1,-1,-1,-1
269,12507,94.00,134.00,78.00,250.00,1,-1,-1,-1
270,12506,330.00,174.00,40.00,148.00,1,-1,-1,-1
270,12507,94.00,134.00,78.00,250.00,1,-1,-1,-1
271,12506,330.00,174.00,40.00,148.00,1,-1,-1,-1
271,12507,94.00,134.00,78.00,250.00,1,-1,-1,-1
271,12508,1126.00,156.00,94.00,200.00,1,-1,-1,-1
271,12509,1042.00,152.00,72.00,214.00,1,-1,-1,-1
272,12508,1126.00,156.00,94.00,200.00,1,-1,-1,-1
272,12509,1042.00,152.00,72.00,214.00,1,-1,-1,-1
273,12508,1126.00,156.00,94.00,200.00,1,-1,-1,-1
273,12509,1042.00,152.00,72.00,214.00,1,-1,-1,-1
274,12508,1126.00,156.00,94.00,200.00,1,-1,-1,-1
274,12509,1042.00,152.00,72.00,214.00,1,-1,-1,-1
275,12508,1126.00,156.00,94.00,200.00,1,-1,-1,-1
275,12509,1042.00,152.00,72.00,214.00,1,-1,-1,-1
276,12508,1126.00,156.00,94.00,200.00,1,-1,-1,-1
276,12509,1042.00,152.00,72.00,214.00,1,-1,-1,-1
277,12508,1126.00,156.00,94.00,200.00,1,-1,-1,-1
277,12509,1042.00,152.00,72.00,214.00,1,-1,-1,-1
278,12508,1126.00,156.00,94.00,200.00,1,-1,-1,-1
278,12509,1042.00,152.00,72.00,214.00,1,-1,-1,-1
279,12508,1126.00,156.00,94.00,200.00,1,-1,-1,-1
279,12509,1042.00,152.00,72.00,214.00,1,-1,-1,-1
280,12508,1126.00,156.00,94.00,200.00,1,-1,-1,-1
280,12509,1042.00,152.00,72.00,214.00,1,-1,-1,-1
281,12508,1126.00,156.00,94.00,200.00,1,-1,-1,-1
281,12509,1042.00,152.00,72.00,214.00,1,-1,-1,-1
281,12510,166.00,170.00,78.00,202.00,1,-1,-1,-1
282,12510,166.00,170.00,78.00,202.00,1,-1,-1,-1
283,12510,166.00,170.00,78.00,202.00,1,-1,-1,-1
284,12510,166.00,170.00,78.00,202.00,1,-1,-1,-1
285,12510,166.00,170.00,78.00,202.00,1,-1,-1,-1
286,12510,166.00,170.00,78.00,202.00,1,-1,-1,-1
287,12510,166.00,170.00,78.00,202.00,1,-1,-1,-1
288,12510,166.00,170.00,78.00,202.00,1,-1,-1,-1
289,12510,166.00,170.00,78.00,202.00,1,-1,-1,-1
290,12510,166.00,170.00,78.00,202.00,1,-1,-1,-1
291,12506,298.71,181.94,37.11,132.13,1,-1,-1,-1
291,12510,166.00,170.00,78.00,202.00,1,-1,-1,-1
291,12511,320.00,174.00,42.00,140.00,1,-1,-1,-1
292,12506,297.69,182.08,37.95,131.84,1,-1,-1,-1
292,12507,317.71,173.71,43.55,140.80,1,-1,-1,-1
293,12506,297.14,182.14,38.58,131.72,1,-1,-1,-1
293,12507,320.78,174.23,42.85,139.36,1,-1,-1,-1
294,12506,296.85,182.15,39.07,131.70,1,-1,-1,-1
294,12507,322.48,174.52,42.44,138.57,1,-1,-1,-1
295,12506,295.81,182.42,38.90,131.16,1,-1,-1,-1
295,12507,329.95,175.85,41.32,134.92,1,-1,-1,-1
295,12510,179.71,164.51,79.87,207.49,1,-1,-1,-1
295,12512,138.00,160.00,72.00,206.00,1,-1,-1,-1
296,12510,149.61,161.28,78.75,206.63,1,-1,-1,-1
296,12513,182.00,164.00,78.00,208.00,1,-1,-1,-1
297,12510,139.57,160.18,77.96,206.34,1,-1,-1,-1
297,12513,182.00,164.00,78.00,208.00,1,-1,-1,-1
298,12510,166.34,162.41,78.35,207.54,1,-1,-1,-1
298,12514,138.00,160.00,72.00,206.00,1,-1,-1,-1
299,12510,146.33,160.66,77.44,206.67,1,-1,-1,-1
299,12515,182.00,164.00,78.00,208.00,1,-1,-1,-1
300,12510,138.86,160.02,76.79,206.33,1,-1,-1,-1
300,12515,182.00,164.00,78.00,208.00,1,-1,-1,-1
301,12508,900.29,169.89,87.12,192.06,1,-1,-1,-1
301,12510,136.61,159.40,76.87,206.54,1,-1,-1,-1
302,12508,896.99,170.15,84.98,191.91,1,-1,-1,-1
303,12508,896.11,170.25,83.47,191.86,1,-1,-1,-1
304,12508,896.36,170.27,82.34,191.85,1,-1,-1,-1
305,12508,896.99,170.26,81.47,191.85,1,-1,-1,-1
306,12508,897.69,170.24,80.76,191.86,1,-1,-1,-1
307,12508,898.35,170.22,80.18,191.88,1,-1,-1,-1
308,12508,898.95,170.19,79.70,191.89,1,-1,-1,-1
309,12508,899.48,170.17,79.28,191.90,1,-1,-1,-1
310,12508,899.95,170.16,78.92,191.91,1,-1,-1,-1
311,12508,895.81,170.41,78.86,191.77,1,-1,-1,-1
311,12510,225.55,140.42,87.21,221.57,1,-1,-1,-1
312,12510,227.85,139.68,90.97,222.19,1,-1,-1,-1
313,12510,227.91,139.42,93.77,222.41,1,-1,-1,-1
314,12510,227.24,139.35,95.96,222.46,1,-1,-1,-1
315,12510,226.38,139.37,97.73,222.46,1,-1,-1,-1
316,12510,225.53,139.41,99.20,222.43,1,-1,-1,-1
317,12510,224.74,139.46,100.43,222.39,1,-1,-1,-1
318,12510,224.04,139.51,101.49,222.36,1,-1,-1,-1
319,12510,223.42,139.55,102.41,222.32,1,-1,-1,-1
320,12510,222.87,139.59,103.21,222.29,1,-1,-1,-1
321,12510,225.13,138.94,103.43,222.77,1,-1,-1,-1
331,12516,376.00,170.00,44.00,144.00,1,-1,-1,-1
332,12510,363.38,168.89,63.72,146.44,1,-1,-1,-1
333,12510,369.22,170.08,59.49,143.65,1,-1,-1,-1
334,12510,372.07,170.46,56.80,142.67,1,-1,-1,-1
335,12510,373.30,170.55,54.93,142.46,1,-1,-1,-1
336,12510,373.84,170.52,53.51,142.54,1,-1,-1,-1
337,12510,374.13,170.47,52.37,142.69,1,-1,-1,-1
338,12510,374.33,170.41,51.41,142.85,1,-1,-1,-1
339,12510,374.49,170.36,50.59,142.99,1,-1,-1,-1
340,12510,374.63,170.32,49.89,143.11,1,-1,-1,-1
