19,24184,714.00,280.00,44.00,106.00,1,-1,-1,-1
20,24184,714.00,280.00,44.00,106.00,1,-1,-1,-1
21,24184,714.00,280.00,44.00,106.00,1,-1,-1,-1
22,24184,714.00,280.00,44.00,106.00,1,-1,-1,-1
23,24184,714.00,280.00,44.00,106.00,1,-1,-1,-1
24,24184,714.00,280.00,44.00,106.00,1,-1,-1,-1
25,24184,714.00,280.00,44.00,106.00,1,-1,-1,-1
26,24184,714.00,280.00,44.00,106.00,1,-1,-1,-1
27,24184,714.00,280.00,44.00,106.00,1,-1,-1,-1
28,24184,714.00,280.00,44.00,106.00,1,-1,-1,-1
28,24185,380.00,186.00,40.00,102.00,1,-1,-1,-1
28,24186,654.00,258.00,46.00,102.00,1,-1,-1,-1
29,24185,380.00,186.00,40.00,102.00,1,-1,-1,-1
29,24186,654.00,258.00,46.00,102.00,1,-1,-1,-1
30,24185,380.00,186.00,40.00,102.00,1,-1,-1,-1
30,24186,654.00,258.00,46.00,102.00,1,-1,-1,-1
31,24185,380.00,186.00,40.00,102.00,1,-1,-1,-1
31,24186,654.00,258.00,46.00,102.00,1,-1,-1,-1
32,24185,380.00,186.00,40.00,102.00,1,-1,-1,-1
32,24186,654.00,258.00,46.00,102.00,1,-1,-1,-1
33,24185,380.00,186.00,40.00,102.00,1,-1,-1,-1
33,24186,654.00,258.00,46.00,102.00,1,-1,-1,-1
34,24185,380.00,186.00,40.00,102.00,1,-1,-1,-1
34,24186,654.00,258.00,46.00,102.00,1,-1,-1,-1
35,24185,380.00,186.00,40.00,102.00,1,-1,-1,-1
35,24186,654.00,258.00,46.00,102.00,1,-1,-1,-1
36,24185,380.00,186.00,40.00,102.00,1,-1,-1,-1
36,24186,654.00,258.00,46.00,102.00,1,-1,-1,-1
37,24185,380.00,186.00,40.00,102.00,1,-1,-1,-1
37,24186,654.00,258.00,46.00,102.00,1,-1,-1,-1
46,24187,420.00,170.00,36.00,94.00,1,-1,-1,-1
46,24188,572.00,228.00,34.00,90.00,1,-1,-1,-1
47,24187,420.00,170.00,36.00,94.00,1,-1,-1,-1
47,24188,572.00,228.00,34.00,90.00,1,-1,-1,-1
48,24187,420.00,170.00,36.00,94.00,1,-1,-1,-1
48,24188,572.00,228.00,34.00,90.00,1,-1,-1,-1
49,24187,420.00,170.00,36.00,94.00,1,-1,-1,-1
49,24188,572.00,228.00,34.00,90.00,1,-1,-1,-1
50,24187,420.00,170.00,36.00,94.00,1,-1,-1,-1
50,24188,572.00,228.00,34.00,90.00,1,-1,-1,-1
51,24187,420.00,170.00,36.00,94.00,1,-1,-1,-1
51,24188,572.00,228.00,34.00,90.00,1,-1,-1,-1
52,24187,420.00,170.00,36.00,94.00,1,-1,-1,-1
52,24188,572.00,228.00,34.00,90.00,1,-1,-1,-1
53,24187,420.00,170.00,36.00,94.00,1,-1,-1,-1
53,24188,572.00,228.00,34.00,90.00,1,-1,-1,-1
54,24187,420.00,170.00,36.00,94.00,1,-1,-1,-1
54,24188,572.00,228.00,34.00,90.00,1,-1,-1,-1
55,24187,420.00,170.00,36.00,94.00,1,-1,-1,-1
55,24188,572.00,228.00,34.00,90.00,1,-1,-1,-1
55,24189,642.00,254.00,42.00,104.00,1,-1,-1,-1
56,24189,642.00,254.00,42.00,104.00,1,-1,-1,-1
57,24189,642.00,254.00,42.00,104.00,1,-1,-1,-1
58,24189,642.00,254.00,42.00,104.00,1,-1,-1,-1
59,24189,642.00,254.00,42.00,104.00,1,-1,-1,-1
60,24189,642.00,254.00,42.00,104.00,1,-1,-1,-1
61,24189,642.00,254.00,42.00,104.00,1,-1,-1,-1
62,24189,642.00,254.00,42.00,104.00,1,-1,-1,-1
63,24189,642.00,254.00,42.00,104.00,1,-1,-1,-1
64,24189,642.00,254.00,42.00,104.00,1,-1,-1,-1
64,24190,378.00,186.00,32.00,76.00,1,-1,-1,-1
65,24190,378.00,186.00,32.00,76.00,1,-1,-1,-1
66,24190,378.00,186.00,32.00,76.00,1,-1,-1,-1
67,24190,378.00,186.00,32.00,76.00,1,-1,-1,-1
68,24190,378.00,186.00,32.00,76.00,1,-1,-1,-1
69,24190,378.00,186.00,32.00,76.00,1,-1,-1,-1
70,24190,378.00,186.00,32.00,76.00,1,-1,-1,-1
71,24190,378.00,186.00,32.00,76.00,1,-1,-1,-1
72,24190,378.00,186.00,32.00,76.00,1,-1,-1,-1
73,24187,427.19,189.81,29.54,78.15,1,-1,-1,-1
73,24190,378.00,186.00,32.00,76.00,1,-1,-1,-1
73,24191,460.00,192.00,30.00,78.00,1,-1,-1,-1
74,24187,427.46,190.20,29.16,77.84,1,-1,-1,-1
74,24191,460.00,192.00,30.00,78.00,1,-1,-1,-1
75,24187,427.61,190.36,28.92,77.71,1,-1,-1,-1
75,24188,461.06,192.27,29.62,78.09,1,-1,-1,-1
76,24187,427.69,190.39,28.77,77.69,1,-1,-1,-1
76,24188,459.04,191.64,29.61,77.88,1,-1,-1,-1
77,24187,427.75,190.37,28.66,77.71,1,-1,-1,-1
77,24188,458.23,191.38,29.64,77.79,1,-1,-1,-1
78,24187,427.78,190.33,28.57,77.73,1,-1,-1,-1
78,24188,458.06,191.34,29.67,77.78,1,-1,-1,-1
79,24187,427.81,190.30,28.50,77.76,1,-1,-1,-1
79,24188,458.15,191.37,29.71,77.79,1,-1,-1,-1
80,24187,427.83,190.27,28.44,77.79,1,-1,-1,-1
80,24188,458.31,191.43,29.74,77.81,1,-1,-1,-1
81,24187,427.85,190.24,28.39,77.81,1,-1,-1,-1
81,24188,458.48,191.49,29.77,77.83,1,-1,-1,-1
82,24187,427.98,190.62,28.28,77.50,1,-1,-1,-1
82,24188,455.89,190.65,29.67,77.55,1,-1,-1,-1
82,24189,559.99,190.59,37.59,94.09,1,-1,-1,-1
83,24189,558.46,189.31,37.24,93.89,1,-1,-1,-1
84,24189,557.92,188.81,37.01,93.81,1,-1,-1,-1
85,24189,557.87,188.71,36.84,93.80,1,-1,-1,-1
86,24189,558.00,188.77,36.73,93.81,1,-1,-1,-1
87,24189,558.19,188.87,36.63,93.82,1,-1,-1,-1
88,24189,558.37,188.98,36.55,93.84,1,-1,-1,-1
89,24189,558.54,189.09,36.49,93.86,1,-1,-1,-1
90,24189,558.69,189.18,36.44,93.87,1,-1,-1,-1
91,24189,562.92,189.26,30.84,79.44,1,-1,-1,-1
92,24189,564.75,189.43,28.64,73.75,1,-1,-1,-1
93,24189,565.38,189.51,27.93,71.91,1,-1,-1,-1
94,24189,565.62,189.56,27.71,71.33,1,-1,-1,-1
95,24189,565.72,189.61,27.65,71.19,1,-1,-1,-1
96,24189,565.78,189.65,27.66,71.20,1,-1,-1,-1
97,24189,565.81,189.69,27.69,71.26,1,-1,-1,-1
98,24189,565.83,189.73,27.72,71.33,1,-1,-1,-1
99,24189,565.85,189.76,27.75,71.40,1,-1,-1,-1
100,24189,565.60,189.36,27.36,70.42,1,-1,-1,-1
100,24192,586.00,164.00,28.00,72.00,1,-1,-1,-1
101,24192,586.00,164.00,28.00,72.00,1,-1,-1,-1
102,24192,586.00,164.00,28.00,72.00,1,-1,-1,-1
103,24192,586.00,164.00,28.00,72.00,1,-1,-1,-1
104,24192,586.00,164.00,28.00,72.00,1,-1,-1,-1
105,24192,586.00,164.00,28.00,72.00,1,-1,-1,-1
106,24192,586.00,164.00,28.00,72.00,1,-1,-1,-1
107,24192,586.00,164.00,28.00,72.00,1,-1,-1,-1
108,24192,586.00,164.00,28.00,72.00,1,-1,-1,-1
109,24189,564.66,137.37,30.41,77.55,1,-1,-1,-1
109,24192,585.87,157.29,26.92,69.31,1,-1,-1,-1
109,24193,532.00,144.00,32.00,64.00,1,-1,-1,-1
110,24189,564.53,135.18,30.75,77.87,1,-1,-1,-1
110,24192,585.83,154.77,26.50,68.31,1,-1,-1,-1
110,24193,532.00,144.00,32.00,64.00,1,-1,-1,-1
111,24189,564.44,134.45,30.96,77.99,1,-1,-1,-1
111,24192,585.82,153.90,26.33,67.96,1,-1,-1,-1
111,24193,532.00,144.00,32.00,64.00,1,-1,-1,-1
112,24189,564.38,134.27,31.11,78.03,1,-1,-1,-1
112,24192,585.83,153.61,26.26,67.84,1,-1,-1,-1
112,24193,532.00,144.00,32.00,64.00,1,-1,-1,-1
113,24189,564.33,134.30,31.23,78.05,1,-1,-1,-1
113,24192,585.84,153.54,26.22,67.82,1,-1,-1,-1
113,24193,532.00,144.00,32.00,64.00,1,-1,-1,-1
114,24189,564.28,134.40,31.32,78.05,1,-1,-1,-1
114,24192,585.86,153.55,26.20,67.82,1,-1,-1,-1
114,24193,532.00,144.00,32.00,64.00,1,-1,-1,-1
115,24189,564.25,134.52,31.40,78.05,1,-1,-1,-1
115,24192,585.87,153.59,26.18,67.83,1,-1,-1,-1
115,24193,532.00,144.00,32.00,64.00,1,-1,-1,-1
116,24189,564.22,134.65,31.46,78.04,1,-1,-1,-1
116,24192,585.88,153.62,26.16,67.85,1,-1,-1,-1
116,24193,532.00,144.00,32.00,64.00,1,-1,-1,-1
117,24189,564.20,134.77,31.52,78.04,1,-1,-1,-1
117,24192,585.89,153.66,26.15,67.86,1,-1,-1,-1
117,24193,532.00,144.00,32.00,64.00,1,-1,-1,-1
118,24189,562.65,130.97,32.01,79.34,1,-1,-1,-1
118,24192,585.88,153.11,26.07,67.65,1,-1,-1,-1
118,24193,532.00,144.00,32.00,64.00,1,-1,-1,-1
118,24194,552.00,134.00,30.00,68.00,1,-1,-1,-1
118,24195,708.00,210.00,34.00,106.00,1,-1,-1,-1
118,24196,636.00,138.00,24.00,68.00,1,-1,-1,-1
119,24189,562.08,129.59,32.18,79.83,1,-1,-1,-1
119,24194,552.00,134.00,30.00,68.00,1,-1,-1,-1
119,24195,708.00,210.00,34.00,106.00,1,-1,-1,-1
119,24196,636.00,138.00,24.00,68.00,1,-1,-1,-1
120,24189,561.88,129.13,32.23,80.01,1,-1,-1,-1
120,24194,552.00,134.00,30.00,68.00,1,-1,-1,-1
120,24195,708.00,210.00,34.00,106.00,1,-1,-1,-1
120,24196,636.00,138.00,24.00,68.00,1,-1,-1,-1
121,24189,561.81,129.02,32.23,80.07,1,-1,-1,-1
121,24194,552.00,134.00,30.00,68.00,1,-1,-1,-1
121,24195,708.00,210.00,34.00,106.00,1,-1,-1,-1
121,24196,636.00,138.00,24.00,68.00,1,-1,-1,-1
122,24189,561.80,129.03,32.22,80.09,1,-1,-1,-1
122,24194,552.00,134.00,30.00,68.00,1,-1,-1,-1
122,24195,708.00,210.00,34.00,106.00,1,-1,-1,-1
122,24196,636.00,138.00,24.00,68.00,1,-1,-1,-1
123,24189,561.81,129.09,32.20,80.09,1,-1,-1,-1
123,24194,552.00,134.00,30.00,68.00,1,-1,-1,-1
123,24195,708.00,210.00,34.00,106.00,1,-1,-1,-1
123,24196,636.00,138.00,24.00,68.00,1,-1,-1,-1
124,24189,561.82,129.17,32.18,80.09,1,-1,-1,-1
124,24194,552.00,134.00,30.00,68.00,1,-1,-1,-1
124,24195,708.00,210.00,34.00,106.00,1,-1,-1,-1
124,24196,636.00,138.00,24.00,68.00,1,-1,-1,-1
125,24189,561.84,129.24,32.17,80.08,1,-1,-1,-1
125,24194,552.00,134.00,30.00,68.00,1,-1,-1,-1
125,24195,708.00,210.00,34.00,106.00,1,-1,-1,-1
125,24196,636.00,138.00,24.00,68.00,1,-1,-1,-1
126,24189,561.85,129.31,32.15,80.07,1,-1,-1,-1
126,24194,552.00,134.00,30.00,68.00,1,-1,-1,-1
126,24195,708.00,210.00,34.00,106.00,1,-1,-1,-1
126,24196,636.00,138.00,24.00,68.00,1,-1,-1,-1
127,24189,561.71,128.20,32.20,80.19,1,-1,-1,-1
127,24194,552.00,134.00,30.00,68.00,1,-1,-1,-1
127,24195,708.00,210.00,34.00,106.00,1,-1,-1,-1
127,24196,636.00,138.00,24.00,68.00,1,-1,-1,-1
127,24197,558.00,224.00,30.00,80.00,1,-1,-1,-1
127,24198,586.00,128.00,32.00,60.00,1,-1,-1,-1
128,24197,558.00,224.00,30.00,80.00,1,-1,-1,-1
128,24198,586.00,128.00,32.00,60.00,1,-1,-1,-1
129,24197,558.00,224.00,30.00,80.00,1,-1,-1,-1
129,24198,586.00,128.00,32.00,60.00,1,-1,-1,-1
130,24197,558.00,224.00,30.00,80.00,1,-1,-1,-1
130,24198,586.00,128.00,32.00,60.00,1,-1,-1,-1
131,24197,558.00,224.00,30.00,80.00,1,-1,-1,-1
131,24198,586.00,128.00,32.00,60.00,1,-1,-1,-1
132,24197,558.00,224.00,30.00,80.00,1,-1,-1,-1
132,24198,586.00,128.00,32.00,60.00,1,-1,-1,-1
133,24197,558.00,224.00,30.00,80.00,1,-1,-1,-1
133,24198,586.00,128.00,32.00,60.00,1,-1,-1,-1
134,24197,558.00,224.00,30.00,80.00,1,-1,-1,-1
134,24198,586.00,128.00,32.00,60.00,1,-1,-1,-1
135,24197,558.00,224.00,30.00,80.00,1,-1,-1,-1
135,24198,586.00,128.00,32.00,60.00,1,-1,-1,-1
136,24196,661.18,122.48,26.03,71.88,1,-1,-1,-1
136,24197,559.27,210.57,31.49,84.03,1,-1,-1,-1
136,24198,591.80,122.63,32.49,61.34,1,-1,-1,-1
137,24196,662.02,121.80,26.62,72.05,1,-1,-1,-1
137,24197,559.74,205.66,32.03,85.50,1,-1,-1,-1
137,24198,594.00,120.65,32.54,61.84,1,-1,-1,-1
138,24196,662.19,121.57,27.07,72.11,1,-1,-1,-1
138,24197,559.92,203.84,32.22,86.05,1,-1,-1,-1
138,24198,594.87,119.93,32.42,62.02,1,-1,-1,-1
139,24196,662.11,121.51,27.43,72.12,1,-1,-1,-1
139,24197,559.98,203.22,32.27,86.23,1,-1,-1,-1
139,24198,595.22,119.69,32.26,62.08,1,-1,-1,-1
140,24196,661.95,121.52,27.73,72.12,1,-1,-1,-1
140,24197,560.01,203.05,32.27,86.28,1,-1,-1,-1
140,24198,595.38,119.63,32.08,62.09,1,-1,-1,-1
141,24196,661.77,121.55,27.99,72.11,1,-1,-1,-1
141,24197,560.01,203.06,32.26,86.28,1,-1,-1,-1
141,24198,595.47,119.63,31.90,62.09,1,-1,-1,-1
142,24196,661.60,121.58,28.20,72.10,1,-1,-1,-1
142,24197,560.01,203.12,32.24,86.26,1,-1,-1,-1
142,24198,595.52,119.65,31.73,62.09,1,-1,-1,-1
143,24196,661.44,121.62,28.39,72.09,1,-1,-1,-1
143,24197,560.01,203.19,32.22,86.24,1,-1,-1,-1
143,24198,595.57,119.68,31.58,62.08,1,-1,-1,-1
144,24196,661.30,121.66,28.56,72.09,1,-1,-1,-1
144,24197,560.01,203.27,32.20,86.22,1,-1,-1,-1
144,24198,595.60,119.71,31.44,62.07,1,-1,-1,-1
145,24192,697.95,118.09,21.14,54.03,1,-1,-1,-1
145,24193,638.29,128.07,24.55,48.07,1,-1,-1,-1
145,24196,662.20,121.11,28.62,72.22,1,-1,-1,-1
145,24197,560.12,202.10,32.33,86.57,1,-1,-1,-1
145,24198,596.09,119.25,31.49,62.19,1,-1,-1,-1
145,24199,706.00,222.00,32.00,88.00,1,-1,-1,-1
146,24192,699.34,117.67,21.27,53.87,1,-1,-1,-1
146,24193,639.40,127.88,24.77,47.88,1,-1,-1,-1
146,24195,707.49,221.90,29.08,88.15,1,-1,-1,-1
147,24192,699.87,117.50,21.37,53.80,1,-1,-1,-1
147,24193,639.88,127.79,24.93,47.79,1,-1,-1,-1
147,24195,707.22,222.12,29.51,87.82,1,-1,-1,-1
148,24192,699.90,117.48,21.46,53.80,1,-1,-1,-1
148,24193,639.88,127.78,25.08,47.78,1,-1,-1,-1
148,24195,707.02,222.21,29.85,87.69,1,-1,-1,-1
149,24192,699.76,117.51,21.53,53.81,1,-1,-1,-1
149,24193,639.71,127.80,25.21,47.80,1,-1,-1,-1
149,24195,706.87,222.22,30.14,87.66,1,-1,-1,-1
150,24192,699.57,117.56,21.59,53.83,1,-1,-1,-1
150,24193,639.51,127.82,25.31,47.82,1,-1,-1,-1
150,24195,706.76,222.21,30.38,87.68,1,-1,-1,-1
151,24192,699.40,117.61,21.64,53.85,1,-1,-1,-1
151,24193,639.33,127.84,25.40,47.84,1,-1,-1,-1
151,24195,706.66,222.19,30.58,87.71,1,-1,-1,-1
152,24192,699.24,117.65,21.69,53.87,1,-1,-1,-1
152,24193,639.17,127.86,25.47,47.86,1,-1,-1,-1
152,24195,706.58,222.17,30.75,87.74,1,-1,-1,-1
153,24192,699.10,117.69,21.72,53.88,1,-1,-1,-1
153,24193,639.03,127.88,25.53,47.88,1,-1,-1,-1
153,24195,706.51,222.15,30.89,87.77,1,-1,-1,-1
154,24189,658.83,115.90,25.22,60.13,1,-1,-1,-1
154,24192,697.17,120.36,28.01,71.03,1,-1,-1,-1
154,24193,640.37,127.68,25.42,47.68,1,-1,-1,-1
154,24195,706.52,222.40,30.76,87.40,1,-1,-1,-1
154,24196,687.57,116.01,25.61,64.36,1,-1,-1,-1
154,24200,560.00,222.00,36.00,92.00,1,-1,-1,-1
155,24189,659.80,115.87,25.73,59.86,1,-1,-1,-1
155,24192,696.80,121.26,29.79,76.99,1,-1,-1,-1
155,24196,688.59,115.85,25.54,63.98,1,-1,-1,-1
155,24200,560.00,222.00,36.00,92.00,1,-1,-1,-1
156,24189,660.17,115.83,26.09,59.74,1,-1,-1,-1
156,24192,696.70,121.68,30.26,79.57,1,-1,-1,-1
156,24196,688.94,115.77,25.55,63.85,1,-1,-1,-1
156,24200,560.00,222.00,36.00,92.00,1,-1,-1,-1
157,24189,660.10,115.83,26.38,59.72,1,-1,-1,-1
157,24192,696.74,121.85,30.18,80.57,1,-1,-1,-1
157,24196,689.01,115.76,25.59,63.82,1,-1,-1,-1
157,24200,560.00,222.00,36.00,92.00,1,-1,-1,-1
158,24189,659.89,115.85,26.61,59.74,1,-1,-1,-1
158,24192,696.84,121.93,29.89,80.90,1,-1,-1,-1
158,24196,688.97,115.77,25.63,63.82,1,-1,-1,-1
158,24200,560.00,222.00,36.00,92.00,1,-1,-1,-1
159,24189,659.66,115.87,26.80,59.77,1,-1,-1,-1
159,24192,696.95,121.96,29.56,80.98,1,-1,-1,-1
159,24196,688.89,115.79,25.67,63.83,1,-1,-1,-1
159,24200,560.00,222.00,36.00,92.00,1,-1,-1,-1
160,24189,659.45,115.88,26.95,59.80,1,-1,-1,-1
160,24192,697.06,121.97,29.23,80.97,1,-1,-1,-1
160,24196,688.80,115.81,25.70,63.84,1,-1,-1,-1
160,24200,560.00,222.00,36.00,92.00,1,-1,-1,-1
161,24189,659.28,115.90,27.08,59.82,1,-1,-1,-1
161,24192,697.16,121.98,28.92,80.91,1,-1,-1,-1
161,24196,688.72,115.83,25.74,63.86,1,-1,-1,-1
161,24200,560.00,222.00,36.00,92.00,1,-1,-1,-1
162,24189,659.13,115.91,27.19,59.85,1,-1,-1,-1
162,24192,697.25,121.98,28.64,80.85,1,-1,-1,-1
162,24196,688.65,115.85,25.76,63.87,1,-1,-1,-1
162,24200,560.00,222.00,36.00,92.00,1,-1,-1,-1
163,24189,660.35,115.76,27.07,59.59,1,-1,-1,-1
163,24192,697.91,121.95,29.11,82.18,1,-1,-1,-1
163,24196,689.54,115.61,25.68,63.67,1,-1,-1,-1
163,24200,560.00,222.00,36.00,92.00,1,-1,-1,-1
172,24189,647.52,114.01,28.44,63.79,1,-1,-1,-1
173,24189,647.07,113.95,28.12,63.99,1,-1,-1,-1
174,24189,647.00,113.92,27.85,64.06,1,-1,-1,-1
175,24189,647.04,113.92,27.61,64.08,1,-1,-1,-1
176,24189,647.12,113.92,27.42,64.08,1,-1,-1,-1
177,24189,647.21,113.93,27.25,64.08,1,-1,-1,-1
178,24189,647.29,113.93,27.11,64.07,1,-1,-1,-1
179,24189,647.37,113.94,26.99,64.07,1,-1,-1,-1
180,24189,647.43,113.94,26.88,64.06,1,-1,-1,-1
181,24189,647.21,113.86,26.92,64.16,1,-1,-1,-1
181,24200,588.93,128.87,29.65,74.17,1,-1,-1,-1
182,24200,589.28,127.09,29.94,73.83,1,-1,-1,-1
183,24200,589.36,126.35,30.20,73.68,1,-1,-1,-1
184,24200,589.28,126.22,30.43,73.66,1,-1,-1,-1
185,24200,589.15,126.31,30.62,73.68,1,-1,-1,-1
186,24200,589.03,126.47,30.79,73.71,1,-1,-1,-1
187,24200,588.91,126.64,30.93,73.74,1,-1,-1,-1
188,24200,588.81,126.79,31.05,73.77,1,-1,-1,-1
189,24200,588.72,126.92,31.16,73.79,1,-1,-1,-1
190,24200,589.28,125.17,31.02,73.46,1,-1,-1,-1
190,24201,144.00,160.00,34.00,62.00,1,-1,-1,-1
190,24202,546.00,122.00,28.00,90.00,1,-1,-1,-1
191,24201,144.00,160.00,34.00,62.00,1,-1,-1,-1
191,24202,546.00,122.00,28.00,90.00,1,-1,-1,-1
192,24201,144.00,160.00,34.00,62.00,1,-1,-1,-1
192,24202,546.00,122.00,28.00,90.00,1,-1,-1,-1
193,24201,144.00,160.00,34.00,62.00,1,-1,-1,-1
193,24202,546.00,122.00,28.00,90.00,1,-1,-1,-1
194,24201,144.00,160.00,34.00,62.00,1,-1,-1,-1
194,24202,546.00,122.00,28.00,90.00,1,-1,-1,-1
195,24201,144.00,160.00,34.00,62.00,1,-1,-1,-1
195,24202,546.00,122.00,28.00,90.00,1,-1,-1,-1
196,24201,144.00,160.00,34.00,62.00,1,-1,-1,-1
196,24202,546.00,122.00,28.00,90.00,1,-1,-1,-1
197,24201,144.00,160.00,34.00,62.00,1,-1,-1,-1
197,24202,546.00,122.00,28.00,90.00,1,-1,-1,-1
198,24201,144.00,160.00,34.00,62.00,1,-1,-1,-1
198,24202,546.00,122.00,28.00,90.00,1,-1,-1,-1
199,24201,144.00,160.00,34.00,62.00,1,-1,-1,-1
199,24202,546.00,122.00,28.00,90.00,1,-1,-1,-1
199,24203,110.00,170.00,30.00,40.00,1,-1,-1,-1
200,24203,110.00,170.00,30.00,40.00,1,-1,-1,-1
201,24203,110.00,170.00,30.00,40.00,1,-1,-1,-1
202,24203,110.00,170.00,30.00,40.00,1,-1,-1,-1
203,24203,110.00,170.00,30.00,40.00,1,-1,-1,-1
204,24203,110.00,170.00,30.00,40.00,1,-1,-1,-1
205,24203,110.00,170.00,30.00,40.00,1,-1,-1,-1
206,24203,110.00,170.00,30.00,40.00,1,-1,-1,-1
207,24203,110.00,170.00,30.00,40.00,1,-1,-1,-1
208,24203,110.00,170.00,30.00,40.00,1,-1,-1,-1
217,24204,12.00,144.00,28.00,60.00,1,-1,-1,-1
217,24205,616.00,292.00,42.00,128.00,1,-1,-1,-1
218,24204,12.00,144.00,28.00,60.00,1,-1,-1,-1
218,24205,616.00,292.00,42.00,128.00,1,-1,-1,-1
219,24204,12.00,144.00,28.00,60.00,1,-1,-1,-1
219,24205,616.00,292.00,42.00,128.00,1,-1,-1,-1
220,24204,12.00,144.00,28.00,60.00,1,-1,-1,-1
220,24205,616.00,292.00,42.00,128.00,1,-1,-1,-1
221,24204,12.00,144.00,28.00,60.00,1,-1,-1,-1
221,24205,616.00,292.00,42.00,128.00,1,-1,-1,-1
222,24204,12.00,144.00,28.00,60.00,1,-1,-1,-1
222,24205,616.00,292.00,42.00,128.00,1,-1,-1,-1
223,24204,12.00,144.00,28.00,60.00,1,-1,-1,-1
223,24205,616.00,292.00,42.00,128.00,1,-1,-1,-1
224,24204,12.00,144.00,28.00,60.00,1,-1,-1,-1
224,24205,616.00,292.00,42.00,128.00,1,-1,-1,-1
225,24204,12.00,144.00,28.00,60.00,1,-1,-1,-1
225,24205,616.00,292.00,42.00,128.00,1,-1,-1,-1
226,24204,12.00,144.00,28.00,60.00,1,-1,-1,-1
226,24205,616.00,292.00,42.00,128.00,1,-1,-1,-1
226,24206,70.00,184.00,26.00,70.00,1,-1,-1,-1
226,24207,540.00,280.00,36.00,122.00,1,-1,-1,-1
227,24206,70.00,184.00,26.00,70.00,1,-1,-1,-1
227,24207,540.00,280.00,36.00,122.00,1,-1,-1,-1
228,24206,70.00,184.00,26.00,70.00,1,-1,-1,-1
228,24207,540.00,280.00,36.00,122.00,1,-1,-1,-1
229,24206,70.00,184.00,26.00,70.00,1,-1,-1,-1
229,24207,540.00,280.00,36.00,122.00,1,-1,-1,-1
230,24206,70.00,184.00,26.00,70.00,1,-1,-1,-1
230,24207,540.00,280.00,36.00,122.00,1,-1,-1,-1
231,24206,70.00,184.00,26.00,70.00,1,-1,-1,-1
231,24207,540.00,280.00,36.00,122.00,1,-1,-1,-1
232,24206,70.00,184.00,26.00,70.00,1,-1,-1,-1
232,24207,540.00,280.00,36.00,122.00,1,-1,-1,-1
233,24206,70.00,184.00,26.00,70.00,1,-1,-1,-1
233,24207,540.00,280.00,36.00,122.00,1,-1,-1,-1
234,24206,70.00,184.00,26.00,70.00,1,-1,-1,-1
234,24207,540.00,280.00,36.00,122.00,1,-1,-1,-1
235,24206,70.00,184.00,26.00,70.00,1,-1,-1,-1
235,24207,540.00,280.00,36.00,122.00,1,-1,-1,-1
235,24208,34.00,168.00,26.00,66.00,1,-1,-1,-1
236,24208,34.00,168.00,26.00,66.00,1,-1,-1,-1
237,24208,34.00,168.00,26.00,66.00,1,-1,-1,-1
238,24208,34.00,168.00,26.00,66.00,1,-1,-1,-1
239,24208,34.00,168.00,26.00,66.00,1,-1,-1,-1
240,24208,34.00,168.00,26.00,66.00,1,-1,-1,-1
241,24208,34.00,168.00,26.00,66.00,1,-1,-1,-1
242,24208,34.00,168.00,26.00,66.00,1,-1,-1,-1
243,24208,34.00,168.00,26.00,66.00,1,-1,-1,-1
244,24208,33.85,169.34,26.29,66.00,1,-1,-1,-1
244,24209,648.00,126.00,24.00,56.00,1,-1,-1,-1
244,24210,222.00,162.00,32.00,66.00,1,-1,-1,-1
244,24211,588.00,196.00,30.00,76.00,1,-1,-1,-1
245,24208,33.71,169.84,26.58,66.00,1,-1,-1,-1
245,24209,648.00,126.00,24.00,56.00,1,-1,-1,-1
245,24210,222.00,162.00,32.00,66.00,1,-1,-1,-1
245,24211,588.00,196.00,30.00,76.00,1,-1,-1,-1
246,24208,33.57,170.02,26.85,66.00,1,-1,-1,-1
246,24209,648.00,126.00,24.00,56.00,1,-1,-1,-1
246,24210,222.00,162.00,32.00,66.00,1,-1,-1,-1
246,24211,588.00,196.00,30.00,76.00,1,-1,-1,-1
247,24208,33.44,170.08,27.11,66.00,1,-1,-1,-1
247,24209,648.00,126.00,24.00,56.00,1,-1,-1,-1
247,24210,222.00,162.00,32.00,66.00,1,-1,-1,-1
247,24211,588.00,196.00,30.00,76.00,1,-1,-1,-1
248,24208,33.32,170.09,27.36,66.00,1,-1,-1,-1
248,24209,648.00,126.00,24.00,56.00,1,-1,-1,-1
248,24210,222.00,162.00,32.00,66.00,1,-1,-1,-1
248,24211,588.00,196.00,30.00,76.00,1,-1,-1,-1
249,24208,33.21,170.09,27.58,66.00,1,-1,-1,-1
249,24209,648.00,126.00,24.00,56.00,1,-1,-1,-1
249,24210,222.00,162.00,32.00,66.00,1,-1,-1,-1
249,24211,588.00,196.00,30.00,76.00,1,-1,-1,-1
250,24208,33.10,170.09,27.80,66.00,1,-1,-1,-1
250,24209,648.00,126.00,24.00,56.00,1,-1,-1,-1
250,24210,222.00,162.00,32.00,66.00,1,-1,-1,-1
250,24211,588.00,196.00,30.00,76.00,1,-1,-1,-1
251,24208,33.00,170.08,27.99,66.00,1,-1,-1,-1
251,24209,648.00,126.00,24.00,56.00,1,-1,-1,-1
251,24210,222.00,162.00,32.00,66.00,1,-1,-1,-1
251,24211,588.00,196.00,30.00,76.00,1,-1,-1,-1
252,24208,32.91,170.07,28.18,66.00,1,-1,-1,-1
252,24209,648.00,126.00,24.00,56.00,1,-1,-1,-1
252,24210,222.00,162.00,32.00,66.00,1,-1,-1,-1
252,24211,588.00,196.00,30.00,76.00,1,-1,-1,-1
253,24205,679.11,140.63,19.34,60.28,1,-1,-1,-1
253,24208,32.26,170.06,28.16,66.00,1,-1,-1,-1
253,24209,642.86,127.34,24.88,58.69,1,-1,-1,-1
253,24210,222.00,162.00,32.00,66.00,1,-1,-1,-1
253,24211,588.00,196.00,30.00,76.00,1,-1,-1,-1
253,24212,666.00,130.00,18.00,46.00,1,-1,-1,-1
254,24205,679.76,139.39,18.90,59.73,1,-1,-1,-1
254,24208,32.02,170.06,28.14,66.00,1,-1,-1,-1
254,24209,641.06,127.83,25.04,59.67,1,-1,-1,-1
254,24212,666.00,130.00,18.00,46.00,1,-1,-1,-1
255,24205,680.21,138.51,18.60,59.33,1,-1,-1,-1
255,24208,31.94,170.05,28.13,66.00,1,-1,-1,-1
255,24209,640.47,128.02,24.94,60.03,1,-1,-1,-1
255,24212,666.00,130.00,18.00,46.00,1,-1,-1,-1
256,24205,680.28,138.50,18.47,59.33,1,-1,-1,-1
256,24208,31.91,170.05,28.12,66.00,1,-1,-1,-1
256,24209,640.35,128.08,24.75,60.16,1,-1,-1,-1
256,24212,666.00,130.00,18.00,46.00,1,-1,-1,-1
257,24205,680.24,138.72,18.40,59.43,1,-1,-1,-1
257,24208,31.91,170.04,28.11,66.00,1,-1,-1,-1
257,24209,640.40,128.09,24.53,60.19,1,-1,-1,-1
257,24212,666.00,130.00,18.00,46.00,1,-1,-1,-1
258,24205,680.19,138.93,18.35,59.52,1,-1,-1,-1
258,24208,31.91,170.04,28.10,66.00,1,-1,-1,-1
258,24209,640.51,128.09,24.32,60.19,1,-1,-1,-1
258,24212,666.00,130.00,18.00,46.00,1,-1,-1,-1
259,24205,680.15,139.10,18.31,59.60,1,-1,-1,-1
259,24208,31.92,170.03,28.09,66.00,1,-1,-1,-1
259,24209,640.63,128.09,24.12,60.18,1,-1,-1,-1
259,24212,666.00,130.00,18.00,46.00,1,-1,-1,-1
260,24205,680.12,139.24,18.28,59.66,1,-1,-1,-1
260,24208,31.93,170.03,28.08,66.00,1,-1,-1,-1
260,24209,640.76,128.08,23.93,60.16,1,-1,-1,-1
260,24212,666.00,130.00,18.00,46.00,1,-1,-1,-1
261,24205,680.10,139.35,18.25,59.71,1,-1,-1,-1
261,24208,31.93,170.03,28.07,66.00,1,-1,-1,-1
261,24209,640.87,128.07,23.75,60.15,1,-1,-1,-1
261,24212,666.00,130.00,18.00,46.00,1,-1,-1,-1
262,24205,680.54,138.28,18.10,59.23,1,-1,-1,-1
262,24208,33.01,168.72,28.54,67.31,1,-1,-1,-1
262,24209,634.60,133.29,24.58,61.44,1,-1,-1,-1
262,24212,666.00,130.00,18.00,46.00,1,-1,-1,-1
263,24208,33.44,168.22,28.67,67.80,1,-1,-1,-1
263,24209,632.16,135.25,25.07,61.92,1,-1,-1,-1
264,24208,33.62,168.04,28.68,67.98,1,-1,-1,-1
264,24209,631.18,135.99,25.40,62.09,1,-1,-1,-1
265,24208,33.71,167.97,28.64,68.05,1,-1,-1,-1
265,24209,630.77,136.25,25.67,62.15,1,-1,-1,-1
266,24208,33.75,167.95,28.59,68.07,1,-1,-1,-1
266,24209,630.58,136.32,25.90,62.16,1,-1,-1,-1
267,24208,33.79,167.94,28.54,68.07,1,-1,-1,-1
267,24209,630.48,136.33,26.10,62.15,1,-1,-1,-1
268,24208,33.81,167.95,28.49,68.07,1,-1,-1,-1
268,24209,630.42,136.31,26.28,62.14,1,-1,-1,-1
269,24208,33.83,167.95,28.44,68.06,1,-1,-1,-1
269,24209,630.37,136.29,26.44,62.13,1,-1,-1,-1
270,24208,33.85,167.95,28.40,68.06,1,-1,-1,-1
270,24209,630.34,136.26,26.59,62.12,1,-1,-1,-1
271,24208,28.41,166.65,28.83,69.36,1,-1,-1,-1
271,24209,625.76,140.15,25.39,59.50,1,-1,-1,-1
271,24213,598.00,126.00,30.00,78.00,1,-1,-1,-1
271,24214,458.00,240.00,40.00,92.00,1,-1,-1,-1
271,24215,136.00,152.00,32.00,60.00,1,-1,-1,-1
272,24208,26.39,166.17,28.93,69.84,1,-1,-1,-1
272,24209,624.05,141.62,24.89,58.49,1,-1,-1,-1
272,24213,598.00,126.00,30.00,78.00,1,-1,-1,-1
272,24214,458.00,240.00,40.00,92.00,1,-1,-1,-1
272,24215,136.00,152.00,32.00,60.00,1,-1,-1,-1
273,24208,25.66,165.98,28.91,70.02,1,-1,-1,-1
273,24209,623.46,142.15,24.66,58.11,1,-1,-1,-1
273,24210,137.78,152.08,29.75,60.05,1,-1,-1,-1
273,24213,598.00,126.00,30.00,78.00,1,-1,-1,-1
273,24214,458.00,240.00,40.00,92.00,1,-1,-1,-1
274,24208,25.42,165.92,28.85,70.09,1,-1,-1,-1
274,24209,623.30,142.31,24.55,57.98,1,-1,-1,-1
274,24210,136.04,151.89,30.12,59.94,1,-1,-1,-1
274,24213,598.00,126.00,30.00,78.00,1,-1,-1,-1
274,24214,458.00,240.00,40.00,92.00,1,-1,-1,-1
275,24208,25.37,165.90,28.78,70.10,1,-1,-1,-1
275,24209,623.28,142.35,24.48,57.94,1,-1,-1,-1
275,24210,135.29,151.82,30.40,59.89,1,-1,-1,-1
275,24213,598.00,126.00,30.00,78.00,1,-1,-1,-1
275,24214,458.00,240.00,40.00,92.00,1,-1,-1,-1
276,24208,25.39,165.90,28.71,70.10,1,-1,-1,-1
276,24209,623.32,142.35,24.42,57.92,1,-1,-1,-1
276,24210,135.06,151.81,30.62,59.89,1,-1,-1,-1
276,24213,598.00,126.00,30.00,78.00,1,-1,-1,-1
276,24214,458.00,240.00,40.00,92.00,1,-1,-1,-1
277,24208,25.43,165.91,28.64,70.10,1,-1,-1,-1
277,24209,623.37,142.32,24.38,57.92,1,-1,-1,-1
277,24210,135.05,151.82,30.81,59.89,1,-1,-1,-1
277,24213,598.00,126.00,30.00,78.00,1,-1,-1,-1
277,24214,458.00,240.00,40.00,92.00,1,-1,-1,-1
278,24208,25.48,165.92,28.58,70.09,1,-1,-1,-1
278,24209,623.43,142.29,24.34,57.93,1,-1,-1,-1
278,24210,135.11,151.84,30.96,59.90,1,-1,-1,-1
278,24213,598.00,126.00,30.00,78.00,1,-1,-1,-1
278,24214,458.00,240.00,40.00,92.00,1,-1,-1,-1
279,24208,25.53,165.92,28.53,70.08,1,-1,-1,-1
279,24209,623.48,142.27,24.31,57.94,1,-1,-1,-1
279,24210,135.19,151.85,31.08,59.91,1,-1,-1,-1
279,24213,598.00,126.00,30.00,78.00,1,-1,-1,-1
279,24214,458.00,240.00,40.00,92.00,1,-1,-1,-1
280,24208,25.17,165.80,28.58,70.21,1,-1,-1,-1
280,24209,622.92,142.70,24.27,57.83,1,-1,-1,-1
280,24210,122.36,153.18,31.98,61.24,1,-1,-1,-1
280,24213,597.39,126.00,31.21,80.69,1,-1,-1,-1
280,24214,458.00,240.00,40.00,92.00,1,-1,-1,-1
281,24210,117.57,153.69,32.42,61.74,1,-1,-1,-1
281,24213,597.12,126.00,31.77,81.67,1,-1,-1,-1
282,24210,115.80,153.88,32.68,61.93,1,-1,-1,-1
282,24213,596.96,126.00,32.08,82.03,1,-1,-1,-1
283,24210,115.20,153.96,32.85,62.00,1,-1,-1,-1
283,24213,596.86,126.00,32.28,82.16,1,-1,-1,-1
284,24210,115.04,153.99,32.98,62.02,1,-1,-1,-1
284,24213,596.78,126.00,32.45,82.19,1,-1,-1,-1
285,24210,115.04,154.00,33.09,62.03,1,-1,-1,-1
285,24213,596.71,126.00,32.59,82.19,1,-1,-1,-1
286,24210,115.09,154.00,33.19,62.03,1,-1,-1,-1
286,24213,596.64,126.00,32.71,82.17,1,-1,-1,-1
287,24210,115.17,154.00,33.27,62.03,1,-1,-1,-1
287,24213,596.59,126.00,32.83,82.16,1,-1,-1,-1
288,24210,115.24,154.00,33.34,62.03,1,-1,-1,-1
288,24213,596.53,126.00,32.93,82.14,1,-1,-1,-1
289,24210,113.48,154.01,33.36,62.07,1,-1,-1,-1
289,24213,597.82,135.15,30.36,74.28,1,-1,-1,-1
289,24216,142.00,158.00,32.00,64.00,1,-1,-1,-1
289,24217,302.00,172.00,30.00,60.00,1,-1,-1,-1
290,24213,598.20,138.72,29.60,71.20,1,-1,-1,-1
290,24216,142.00,158.00,32.00,64.00,1,-1,-1,-1
290,24217,302.00,172.00,30.00,60.00,1,-1,-1,-1
291,24213,598.19,139.96,29.61,70.13,1,-1,-1,-1
291,24216,142.00,158.00,32.00,64.00,1,-1,-1,-1
291,24217,302.00,172.00,30.00,60.00,1,-1,-1,-1
292,24213,598.06,140.37,29.87,69.77,1,-1,-1,-1
292,24216,142.00,158.00,32.00,64.00,1,-1,-1,-1
292,24217,302.00,172.00,30.00,60.00,1,-1,-1,-1
293,24213,597.90,140.48,30.20,69.67,1,-1,-1,-1
293,24216,142.00,158.00,32.00,64.00,1,-1,-1,-1
293,24217,302.00,172.00,30.00,60.00,1,-1,-1,-1
294,24213,597.73,140.49,30.53,69.65,1,-1,-1,-1
294,24216,142.00,158.00,32.00,64.00,1,-1,-1,-1
294,24217,302.00,172.00,30.00,60.00,1,-1,-1,-1
295,24213,597.57,140.46,30.85,69.67,1,-1,-1,-1
295,24216,142.00,158.00,32.00,64.00,1,-1,-1,-1
295,24217,302.00,172.00,30.00,60.00,1,-1,-1,-1
296,24213,597.43,140.42,31.15,69.70,1,-1,-1,-1
296,24216,142.00,158.00,32.00,64.00,1,-1,-1,-1
296,24217,302.00,172.00,30.00,60.00,1,-1,-1,-1
297,24213,597.29,140.38,31.41,69.73,1,-1,-1,-1
297,24216,142.00,158.00,32.00,64.00,1,-1,-1,-1
297,24217,302.00,172.00,30.00,60.00,1,-1,-1,-1
298,24209,589.53,159.89,31.38,75.78,1,-1,-1,-1
298,24213,597.39,140.99,31.21,69.28,1,-1,-1,-1
298,24216,142.00,158.00,32.00,64.00,1,-1,-1,-1
298,24217,302.00,172.00,30.00,60.00,1,-1,-1,-1
298,24218,266.00,162.00,32.00,66.00,1,-1,-1,-1
299,24209,588.87,160.29,31.29,76.23,1,-1,-1,-1
299,24218,266.00,162.00,32.00,66.00,1,-1,-1,-1
300,24209,588.72,160.42,31.15,76.38,1,-1,-1,-1
300,24218,266.00,162.00,32.00,66.00,1,-1,-1,-1
301,24209,588.74,160.44,31.02,76.41,1,-1,-1,-1
301,24218,266.00,162.00,32.00,66.00,1,-1,-1,-1
302,24209,588.82,160.43,30.89,76.40,1,-1,-1,-1
302,24218,266.00,162.00,32.00,66.00,1,-1,-1,-1
303,24209,588.92,160.40,30.79,76.38,1,-1,-1,-1
303,24218,266.00,162.00,32.00,66.00,1,-1,-1,-1
304,24209,589.02,160.37,30.70,76.35,1,-1,-1,-1
304,24218,266.00,162.00,32.00,66.00,1,-1,-1,-1
305,24209,589.10,160.34,30.63,76.33,1,-1,-1,-1
305,24218,266.00,162.00,32.00,66.00,1,-1,-1,-1
306,24209,589.19,160.31,30.56,76.30,1,-1,-1,-1
306,24218,266.00,162.00,32.00,66.00,1,-1,-1,-1
307,24209,590.77,166.76,30.07,74.98,1,-1,-1,-1
307,24218,266.00,162.00,32.00,66.00,1,-1,-1,-1
307,24219,212.00,170.00,34.00,62.00,1,-1,-1,-1
308,24209,591.41,169.22,29.89,74.45,1,-1,-1,-1
308,24219,212.00,170.00,34.00,62.00,1,-1,-1,-1
309,24209,591.66,170.12,29.84,74.25,1,-1,-1,-1
309,24219,212.00,170.00,34.00,62.00,1,-1,-1,-1
310,24209,591.77,170.42,29.83,74.16,1,-1,-1,-1
310,24219,212.00,170.00,34.00,62.00,1,-1,-1,-1
311,24209,591.82,170.50,29.84,74.12,1,-1,-1,-1
311,24219,212.00,170.00,34.00,62.00,1,-1,-1,-1
312,24209,591.84,170.50,29.85,74.10,1,-1,-1,-1
312,24219,212.00,170.00,34.00,62.00,1,-1,-1,-1
313,24209,591.86,170.47,29.87,74.09,1,-1,-1,-1
313,24219,212.00,170.00,34.00,62.00,1,-1,-1,-1
314,24209,591.88,170.43,29.88,74.08,1,-1,-1,-1
314,24219,212.00,170.00,34.00,62.00,1,-1,-1,-1
315,24209,591.89,170.39,29.89,74.07,1,-1,-1,-1
315,24219,212.00,170.00,34.00,62.00,1,-1,-1,-1
316,24209,591.60,171.03,29.93,74.18,1,-1,-1,-1
316,24213,587.86,193.62,30.47,67.94,1,-1,-1,-1
316,24219,212.00,170.00,34.00,62.00,1,-1,-1,-1
316,24220,260.00,172.00,36.00,106.00,1,-1,-1,-1
317,24213,587.69,194.73,30.37,67.94,1,-1,-1,-1
317,24220,260.00,172.00,36.00,106.00,1,-1,-1,-1
318,24213,587.65,195.11,30.31,67.94,1,-1,-1,-1
318,24220,260.00,172.00,36.00,106.00,1,-1,-1,-1
319,24213,587.66,195.18,30.26,67.94,1,-1,-1,-1
319,24220,260.00,172.00,36.00,106.00,1,-1,-1,-1
320,24213,587.68,195.13,30.22,67.94,1,-1,-1,-1
320,24220,260.00,172.00,36.00,106.00,1,-1,-1,-1
321,24213,587.71,195.05,30.19,67.95,1,-1,-1,-1
321,24220,260.00,172.00,36.00,106.00,1,-1,-1,-1
322,24213,587.74,194.95,30.17,67.95,1,-1,-1,-1
322,24220,260.00,172.00,36.00,106.00,1,-1,-1,-1
323,24213,587.77,194.86,30.15,67.96,1,-1,-1,-1
323,24220,260.00,172.00,36.00,106.00,1,-1,-1,-1
324,24213,587.79,194.78,30.13,67.96,1,-1,-1,-1
324,24220,260.00,172.00,36.00,106.00,1,-1,-1,-1
325,24213,587.58,196.04,30.11,67.90,1,-1,-1,-1
325,24220,260.00,172.00,36.00,106.00,1,-1,-1,-1
334,24209,625.08,197.81,36.79,91.80,1,-1,-1,-1
335,24209,626.01,198.41,36.80,92.23,1,-1,-1,-1
336,24209,626.36,198.62,36.74,92.37,1,-1,-1,-1
337,24209,626.48,198.66,36.66,92.41,1,-1,-1,-1
338,24209,626.50,198.64,36.59,92.40,1,-1,-1,-1
339,24209,626.49,198.60,36.52,92.37,1,-1,-1,-1
340,24209,626.46,198.55,36.47,92.34,1,-1,-1,-1
341,24209,626.42,198.50,36.42,92.31,1,-1,-1,-1
342,24209,626.39,198.46,36.37,92.29,1,-1,-1,-1
343,24209,627.22,199.19,36.55,92.74,1,-1,-1,-1
343,24220,337.93,195.78,34.69,98.07,1,-1,-1,-1
343,24221,660.00,212.00,40.00,96.00,1,-1,-1,-1
343,24222,448.00,158.00,34.00,102.00,1,-1,-1,-1
344,24220,339.07,196.27,35.58,97.91,1,-1,-1,-1
344,24221,660.00,212.00,40.00,96.00,1,-1,-1,-1
344,24222,448.00,158.00,34.00,102.00,1,-1,-1,-1
345,24220,339.34,196.45,36.25,97.85,1,-1,-1,-1
345,24221,660.00,212.00,40.00,96.00,1,-1,-1,-1
345,24222,448.00,158.00,34.00,102.00,1,-1,-1,-1
346,24220,339.20,196.49,36.78,97.84,1,-1,-1,-1
346,24221,660.00,212.00,40.00,96.00,1,-1,-1,-1
346,24222,448.00,158.00,34.00,102.00,1,-1,-1,-1
347,24220,338.92,196.47,37.20,97.84,1,-1,-1,-1
347,24221,660.00,212.00,40.00,96.00,1,-1,-1,-1
347,24222,448.00,158.00,34.00,102.00,1,-1,-1,-1
348,24220,338.62,196.43,37.55,97.86,1,-1,-1,-1
348,24221,660.00,212.00,40.00,96.00,1,-1,-1,-1
348,24222,448.00,158.00,34.00,102.00,1,-1,-1,-1
349,24220,338.34,196.39,37.84,97.87,1,-1,-1,-1
349,24221,660.00,212.00,40.00,96.00,1,-1,-1,-1
349,24222,448.00,158.00,34.00,102.00,1,-1,-1,-1
350,24220,338.09,196.35,38.08,97.88,1,-1,-1,-1
350,24221,660.00,212.00,40.00,96.00,1,-1,-1,-1
350,24222,448.00,158.00,34.00,102.00,1,-1,-1,-1
351,24220,337.87,196.31,38.30,97.90,1,-1,-1,-1
351,24221,660.00,212.00,40.00,96.00,1,-1,-1,-1
351,24222,448.00,158.00,34.00,102.00,1,-1,-1,-1
352,24220,339.54,196.82,38.23,97.73,1,-1,-1,-1
352,24221,661.43,216.03,42.50,102.71,1,-1,-1,-1
352,24222,448.00,158.00,34.00,102.00,1,-1,-1,-1
352,24223,382.00,190.00,40.00,126.00,1,-1,-1,-1
353,24221,662.05,217.49,43.22,105.16,1,-1,-1,-1
353,24223,382.00,190.00,40.00,126.00,1,-1,-1,-1
354,24221,662.38,218.05,43.31,106.08,1,-1,-1,-1
354,24223,382.00,190.00,40.00,126.00,1,-1,-1,-1
355,24221,662.57,218.24,43.17,106.39,1,-1,-1,-1
355,24223,382.00,190.00,40.00,126.00,1,-1,-1,-1
356,24221,662.72,218.29,42.95,106.48,1,-1,-1,-1
356,24223,382.00,190.00,40.00,126.00,1,-1,-1,-1
357,24221,662.84,218.29,42.71,106.48,1,-1,-1,-1
357,24223,382.00,190.00,40.00,126.00,1,-1,-1,-1
358,24221,662.94,218.27,42.47,106.45,1,-1,-1,-1
358,24223,382.00,190.00,40.00,126.00,1,-1,-1,-1
359,24221,663.04,218.25,42.25,106.41,1,-1,-1,-1
359,24223,382.00,190.00,40.00,126.00,1,-1,-1,-1
360,24221,663.12,218.22,42.05,106.37,1,-1,-1,-1
360,24223,382.00,190.00,40.00,126.00,1,-1,-1,-1
361,24209,704.57,241.58,37.10,98.04,1,-1,-1,-1
361,24221,663.24,218.58,42.28,106.96,1,-1,-1,-1
361,24223,382.00,190.00,40.00,126.00,1,-1,-1,-1
361,24224,428.00,196.00,38.00,134.00,1,-1,-1,-1
362,24209,706.82,242.51,36.13,98.11,1,-1,-1,-1
362,24224,428.00,196.00,38.00,134.00,1,-1,-1,-1
363,24209,707.82,242.86,35.44,98.14,1,-1,-1,-1
363,24224,428.00,196.00,38.00,134.00,1,-1,-1,-1
364,24209,708.22,242.94,34.93,98.15,1,-1,-1,-1
364,24224,428.00,196.00,38.00,134.00,1,-1,-1,-1
365,24209,708.37,242.90,34.52,98.14,1,-1,-1,-1
365,24224,428.00,196.00,38.00,134.00,1,-1,-1,-1
366,24209,708.41,242.84,34.19,98.13,1,-1,-1,-1
366,24224,428.00,196.00,38.00,134.00,1,-1,-1,-1
367,24209,708.41,242.76,33.92,98.11,1,-1,-1,-1
367,24224,428.00,196.00,38.00,134.00,1,-1,-1,-1
368,24209,708.39,242.69,33.70,98.10,1,-1,-1,-1
368,24224,428.00,196.00,38.00,134.00,1,-1,-1,-1
369,24209,708.37,242.62,33.50,98.09,1,-1,-1,-1
369,24224,428.00,196.00,38.00,134.00,1,-1,-1,-1
370,24209,710.14,243.62,33.55,98.24,1,-1,-1,-1
370,24224,428.00,196.00,38.00,134.00,1,-1,-1,-1
388,24225,706.00,214.00,36.00,106.00,1,-1,-1,-1
389,24225,706.00,214.00,36.00,106.00,1,-1,-1,-1
390,24225,706.00,214.00,36.00,106.00,1,-1,-1,-1
391,24225,706.00,214.00,36.00,106.00,1,-1,-1,-1
392,24225,706.00,214.00,36.00,106.00,1,-1,-1,-1
393,24225,706.00,214.00,36.00,106.00,1,-1,-1,-1
394,24225,706.00,214.00,36.00,106.00,1,-1,-1,-1
395,24225,706.00,214.00,36.00,106.00,1,-1,-1,-1
396,24225,706.00,214.00,36.00,106.00,1,-1,-1,-1
397,24225,706.00,214.00,36.00,106.00,1,-1,-1,-1
397,24226,582.00,124.00,36.00,84.00,1,-1,-1,-1
397,24227,266.00,190.00,38.00,96.00,1,-1,-1,-1
398,24226,582.00,124.00,36.00,84.00,1,-1,-1,-1
398,24227,266.00,190.00,38.00,96.00,1,-1,-1,-1
399,24226,582.00,124.00,36.00,84.00,1,-1,-1,-1
399,24227,266.00,190.00,38.00,96.00,1,-1,-1,-1
400,24226,582.00,124.00,36.00,84.00,1,-1,-1,-1
400,24227,266.00,190.00,38.00,96.00,1,-1,-1,-1
401,24226,582.00,124.00,36.00,84.00,1,-1,-1,-1
401,24227,266.00,190.00,38.00,96.00,1,-1,-1,-1
402,24226,582.00,124.00,36.00,84.00,1,-1,-1,-1
402,24227,266.00,190.00,38.00,96.00,1,-1,-1,-1
403,24226,582.00,124.00,36.00,84.00,1,-1,-1,-1
403,24227,266.00,190.00,38.00,96.00,1,-1,-1,-1
404,24226,582.00,124.00,36.00,84.00,1,-1,-1,-1
404,24227,266.00,190.00,38.00,96.00,1,-1,-1,-1
405,24226,582.00,124.00,36.00,84.00,1,-1,-1,-1
405,24227,266.00,190.00,38.00,96.00,1,-1,-1,-1
406,24226,573.69,118.63,36.51,85.34,1,-1,-1,-1
406,24227,266.00,190.00,38.00,96.00,1,-1,-1,-1
407,24226,570.64,116.65,36.66,85.84,1,-1,-1,-1
408,24226,569.55,115.93,36.68,86.02,1,-1,-1,-1
409,24226,569.20,115.69,36.65,86.08,1,-1,-1,-1
410,24226,569.14,115.63,36.61,86.09,1,-1,-1,-1
411,24226,569.17,115.63,36.56,86.09,1,-1,-1,-1
412,24226,569.23,115.66,36.51,86.09,1,-1,-1,-1
413,24226,569.30,115.69,36.46,86.08,1,-1,-1,-1
414,24226,569.36,115.72,36.42,86.07,1,-1,-1,-1
415,24226,563.83,127.53,34.48,80.83,1,-1,-1,-1
416,24226,561.67,132.10,33.87,78.80,1,-1,-1,-1
417,24226,560.85,133.73,33.79,78.08,1,-1,-1,-1
418,24226,560.53,134.30,33.89,77.83,1,-1,-1,-1
419,24226,560.39,134.47,34.05,77.76,1,-1,-1,-1
420,24226,560.32,134.50,34.22,77.75,1,-1,-1,-1
421,24226,560.28,134.48,34.38,77.76,1,-1,-1,-1
422,24226,560.26,134.44,34.53,77.78,1,-1,-1,-1
423,24226,560.23,134.40,34.67,77.80,1,-1,-1,-1
424,24226,559.60,135.05,34.53,77.48,1,-1,-1,-1
424,24228,548.00,146.00,24.00,60.00,1,-1,-1,-1
425,24228,548.00,146.00,24.00,60.00,1,-1,-1,-1
426,24226,548.67,144.45,27.62,62.70,1,-1,-1,-1
427,24226,547.02,145.95,26.30,60.30,1,-1,-1,-1
428,24226,546.59,146.41,25.76,59.58,1,-1,-1,-1
429,24226,546.53,146.54,25.47,59.37,1,-1,-1,-1
430,24226,546.61,146.54,25.29,59.35,1,-1,-1,-1
431,24226,546.73,146.50,25.15,59.39,1,-1,-1,-1
432,24226,546.85,146.45,25.03,59.45,1,-1,-1,-1
433,24226,546.00,147.21,24.64,58.51,1,-1,-1,-1
451,24229,306.00,212.00,38.00,80.00,1,-1,-1,-1
452,24229,306.00,212.00,38.00,80.00,1,-1,-1,-1
453,24229,306.00,212.00,38.00,80.00,1,-1,-1,-1
454,24229,306.00,212.00,38.00,80.00,1,-1,-1,-1
455,24229,306.00,212.00,38.00,80.00,1,-1,-1,-1
456,24229,306.00,212.00,38.00,80.00,1,-1,-1,-1
457,24229,306.00,212.00,38.00,80.00,1,-1,-1,-1
458,24229,306.00,212.00,38.00,80.00,1,-1,-1,-1
459,24229,306.00,212.00,38.00,80.00,1,-1,-1,-1
460,24229,306.00,212.00,38.00,80.00,1,-1,-1,-1
460,24230,338.00,216.00,36.00,84.00,1,-1,-1,-1
461,24230,338.00,216.00,36.00,84.00,1,-1,-1,-1
462,24230,338.00,216.00,36.00,84.00,1,-1,-1,-1
463,24230,338.00,216.00,36.00,84.00,1,-1,-1,-1
464,24230,338.00,216.00,36.00,84.00,1,-1,-1,-1
465,24230,338.00,216.00,36.00,84.00,1,-1,-1,-1
466,24230,338.00,216.00,36.00,84.00,1,-1,-1,-1
467,24230,338.00,216.00,36.00,84.00,1,-1,-1,-1
468,24230,338.00,216.00,36.00,84.00,1,-1,-1,-1
469,24230,338.00,216.00,36.00,84.00,1,-1,-1,-1
478,24231,560.00,252.00,28.00,76.00,1,-1,-1,-1
479,24231,560.00,252.00,28.00,76.00,1,-1,-1,-1
480,24231,560.00,252.00,28.00,76.00,1,-1,-1,-1
481,24231,560.00,252.00,28.00,76.00,1,-1,-1,-1
482,24231,560.00,252.00,28.00,76.00,1,-1,-1,-1
483,24231,560.00,252.00,28.00,76.00,1,-1,-1,-1
484,24231,560.00,252.00,28.00,76.00,1,-1,-1,-1
485,24231,560.00,252.00,28.00,76.00,1,-1,-1,-1
486,24231,560.00,252.00,28.00,76.00,1,-1,-1,-1
487,24231,560.00,252.00,28.00,76.00,1,-1,-1,-1
487,24232,580.00,258.00,44.00,122.00,1,-1,-1,-1
488,24232,580.00,258.00,44.00,122.00,1,-1,-1,-1
489,24232,580.00,258.00,44.00,122.00,1,-1,-1,-1
490,24232,580.00,258.00,44.00,122.00,1,-1,-1,-1
491,24232,580.00,258.00,44.00,122.00,1,-1,-1,-1
492,24232,580.00,258.00,44.00,122.00,1,-1,-1,-1
493,24232,580.00,258.00,44.00,122.00,1,-1,-1,-1
494,24232,580.00,258.00,44.00,122.00,1,-1,-1,-1
495,24232,580.00,258.00,44.00,122.00,1,-1,-1,-1
496,24232,580.00,258.00,44.00,122.00,1,-1,-1,-1
496,24233,566.00,262.00,30.00,100.00,1,-1,-1,-1
496,24234,334.00,202.00,34.00,68.00,1,-1,-1,-1
497,24232,566.80,261.16,37.21,104.62,1,-1,-1,-1
497,24234,334.00,202.00,34.00,68.00,1,-1,-1,-1
498,24232,563.99,261.87,35.35,100.70,1,-1,-1,-1
498,24234,334.00,202.00,34.00,68.00,1,-1,-1,-1
499,24232,563.28,262.09,34.49,99.50,1,-1,-1,-1
499,24234,334.00,202.00,34.00,68.00,1,-1,-1,-1
500,24232,563.21,262.15,33.96,99.15,1,-1,-1,-1
500,24234,334.00,202.00,34.00,68.00,1,-1,-1,-1
501,24232,563.35,262.16,33.57,99.10,1,-1,-1,-1
501,24234,334.00,202.00,34.00,68.00,1,-1,-1,-1
502,24232,563.57,262.15,33.24,99.15,1,-1,-1,-1
502,24234,334.00,202.00,34.00,68.00,1,-1,-1,-1
503,24232,563.79,262.14,32.95,99.23,1,-1,-1,-1
503,24234,334.00,202.00,34.00,68.00,1,-1,-1,-1
504,24232,564.00,262.13,32.68,99.31,1,-1,-1,-1
504,24234,334.00,202.00,34.00,68.00,1,-1,-1,-1
505,24232,563.09,262.33,32.31,98.17,1,-1,-1,-1
505,24234,334.00,202.00,34.00,68.00,1,-1,-1,-1
505,24235,746.00,246.00,24.00,88.00,1,-1,-1,-1
506,24235,746.00,246.00,24.00,88.00,1,-1,-1,-1
507,24235,746.00,246.00,24.00,88.00,1,-1,-1,-1
508,24235,746.00,246.00,24.00,88.00,1,-1,-1,-1
509,24235,746.00,246.00,24.00,88.00,1,-1,-1,-1
510,24235,746.00,246.00,24.00,88.00,1,-1,-1,-1
511,24235,746.00,246.00,24.00,88.00,1,-1,-1,-1
512,24235,746.00,246.00,24.00,88.00,1,-1,-1,-1
513,24235,746.00,246.00,24.00,88.00,1,-1,-1,-1
514,24235,746.00,246.00,24.00,88.00,1,-1,-1,-1
514,24236,596.00,446.00,90.00,126.00,1,-1,-1,-1
515,24236,596.00,446.00,90.00,126.00,1,-1,-1,-1
516,24236,596.00,446.00,90.00,126.00,1,-1,-1,-1
517,24236,596.00,446.00,90.00,126.00,1,-1,-1,-1
518,24236,596.00,446.00,90.00,126.00,1,-1,-1,-1
519,24236,596.00,446.00,90.00,126.00,1,-1,-1,-1
520,24236,596.00,446.00,90.00,126.00,1,-1,-1,-1
521,24236,596.00,446.00,90.00,126.00,1,-1,-1,-1
522,24236,596.00,446.00,90.00,126.00,1,-1,-1,-1
523,24236,596.00,446.00,90.00,126.00,1,-1,-1,-1
523,24237,214.00,190.00,36.00,66.00,1,-1,-1,-1
523,24238,456.00,416.00,80.00,154.00,1,-1,-1,-1
523,24239,626.00,210.00,42.00,150.00,1,-1,-1,-1
524,24237,214.00,190.00,36.00,66.00,1,-1,-1,-1
524,24238,456.00,416.00,80.00,154.00,1,-1,-1,-1
524,24239,626.00,210.00,42.00,150.00,1,-1,-1,-1
525,24237,214.00,190.00,36.00,66.00,1,-1,-1,-1
525,24238,456.00,416.00,80.00,154.00,1,-1,-1,-1
525,24239,626.00,210.00,42.00,150.00,1,-1,-1,-1
526,24237,214.00,190.00,36.00,66.00,1,-1,-1,-1
526,24238,456.00,416.00,80.00,154.00,1,-1,-1,-1
526,24239,626.00,210.00,42.00,150.00,1,-1,-1,-1
527,24237,214.00,190.00,36.00,66.00,1,-1,-1,-1
527,24238,456.00,416.00,80.00,154.00,1,-1,-1,-1
527,24239,626.00,210.00,42.00,150.00,1,-1,-1,-1
528,24237,214.00,190.00,36.00,66.00,1,-1,-1,-1
528,24238,456.00,416.00,80.00,154.00,1,-1,-1,-1
528,24239,626.00,210.00,42.00,150.00,1,-1,-1,-1
529,24237,214.00,190.00,36.00,66.00,1,-1,-1,-1
529,24238,456.00,416.00,80.00,154.00,1,-1,-1,-1
529,24239,626.00,210.00,42.00,150.00,1,-1,-1,-1
530,24237,214.00,190.00,36.00,66.00,1,-1,-1,-1
530,24238,456.00,416.00,80.00,154.00,1,-1,-1,-1
530,24239,626.00,210.00,42.00,150.00,1,-1,-1,-1
531,24237,214.00,190.00,36.00,66.00,1,-1,-1,-1
531,24238,456.00,416.00,80.00,154.00,1,-1,-1,-1
531,24239,626.00,210.00,42.00,150.00,1,-1,-1,-1
532,24237,214.00,190.00,36.00,66.00,1,-1,-1,-1
532,24238,456.00,416.00,80.00,154.00,1,-1,-1,-1
532,24239,626.00,210.00,42.00,150.00,1,-1,-1,-1
532,24240,322.00,388.00,92.00,156.00,1,-1,-1,-1
533,24240,322.00,388.00,92.00,156.00,1,-1,-1,-1
534,24240,322.00,388.00,92.00,156.00,1,-1,-1,-1
535,24240,322.00,388.00,92.00,156.00,1,-1,-1,-1
536,24240,322.00,388.00,92.00,156.00,1,-1,-1,-1
537,24240,322.00,388.00,92.00,156.00,1,-1,-1,-1
538,24240,322.00,388.00,92.00,156.00,1,-1,-1,-1
539,24240,322.00,388.00,92.00,156.00,1,-1,-1,-1
540,24240,322.00,388.00,92.00,156.00,1,-1,-1,-1
541,24240,322.00,388.00,92.00,156.00,1,-1,-1,-1
541,24241,272.00,376.00,56.00,142.00,1,-1,-1,-1
541,24242,238.00,380.00,60.00,138.00,1,-1,-1,-1
542,24241,272.00,376.00,56.00,142.00,1,-1,-1,-1
542,24242,238.00,380.00,60.00,138.00,1,-1,-1,-1
543,24241,272.00,376.00,56.00,142.00,1,-1,-1,-1
543,24242,238.00,380.00,60.00,138.00,1,-1,-1,-1
544,24241,272.00,376.00,56.00,142.00,1,-1,-1,-1
544,24242,238.00,380.00,60.00,138.00,1,-1,-1,-1
545,24241,272.00,376.00,56.00,142.00,1,-1,-1,-1
545,24242,238.00,380.00,60.00,138.00,1,-1,-1,-1
546,24241,272.00,376.00,56.00,142.00,1,-1,-1,-1
546,24242,238.00,380.00,60.00,138.00,1,-1,-1,-1
547,24241,272.00,376.00,56.00,142.00,1,-1,-1,-1
547,24242,238.00,380.00,60.00,138.00,1,-1,-1,-1
548,24241,272.00,376.00,56.00,142.00,1,-1,-1,-1
548,24242,238.00,380.00,60.00,138.00,1,-1,-1,-1
549,24241,272.00,376.00,56.00,142.00,1,-1,-1,-1
549,24242,238.00,380.00,60.00,138.00,1,-1,-1,-1
550,24239,635.11,295.20,33.68,114.33,1,-1,-1,-1
550,24241,272.00,376.00,56.00,142.00,1,-1,-1,-1
550,24242,236.06,377.31,59.85,138.00,1,-1,-1,-1
550,24243,600.00,168.00,30.00,76.00,1,-1,-1,-1
550,24244,126.00,168.00,32.00,60.00,1,-1,-1,-1
550,24245,170.00,372.00,58.00,144.00,1,-1,-1,-1
551,24239,634.73,296.78,34.62,113.67,1,-1,-1,-1
551,24242,235.38,376.32,59.71,138.00,1,-1,-1,-1
551,24243,600.00,168.00,30.00,76.00,1,-1,-1,-1
551,24244,126.00,168.00,32.00,60.00,1,-1,-1,-1
551,24245,170.00,372.00,58.00,144.00,1,-1,-1,-1
552,24239,634.40,297.46,35.36,113.39,1,-1,-1,-1
552,24242,235.18,375.96,59.57,138.00,1,-1,-1,-1
552,24243,600.00,168.00,30.00,76.00,1,-1,-1,-1
552,24244,126.00,168.00,32.00,60.00,1,-1,-1,-1
552,24245,170.00,372.00,58.00,144.00,1,-1,-1,-1
553,24239,634.10,297.58,35.98,113.34,1,-1,-1,-1
553,24242,235.16,375.84,59.44,138.00,1,-1,-1,-1
553,24243,600.00,168.00,30.00,76.00,1,-1,-1,-1
553,24244,126.00,168.00,32.00,60.00,1,-1,-1,-1
553,24245,170.00,372.00,58.00,144.00,1,-1,-1,-1
554,24239,633.84,297.49,36.50,113.38,1,-1,-1,-1
554,24242,235.20,375.81,59.32,138.00,1,-1,-1,-1
554,24243,600.00,168.00,30.00,76.00,1,-1,-1,-1
554,24244,126.00,168.00,32.00,60.00,1,-1,-1,-1
554,24245,170.00,372.00,58.00,144.00,1,-1,-1,-1
555,24239,633.61,297.34,36.93,113.44,1,-1,-1,-1
555,24242,235.26,375.82,59.21,138.00,1,-1,-1,-1
555,24243,600.00,168.00,30.00,76.00,1,-1,-1,-1
555,24244,126.00,168.00,32.00,60.00,1,-1,-1,-1
555,24245,170.00,372.00,58.00,144.00,1,-1,-1,-1
556,24239,633.42,297.19,37.30,113.50,1,-1,-1,-1
556,24242,235.32,375.83,59.10,138.00,1,-1,-1,-1
556,24243,600.00,168.00,30.00,76.00,1,-1,-1,-1
556,24244,126.00,168.00,32.00,60.00,1,-1,-1,-1
556,24245,170.00,372.00,58.00,144.00,1,-1,-1,-1
557,24239,633.26,297.05,37.60,113.56,1,-1,-1,-1
557,24242,235.38,375.84,59.00,138.00,1,-1,-1,-1
557,24243,600.00,168.00,30.00,76.00,1,-1,-1,-1
557,24244,126.00,168.00,32.00,60.00,1,-1,-1,-1
557,24245,170.00,372.00,58.00,144.00,1,-1,-1,-1
558,24239,633.12,296.94,37.87,113.61,1,-1,-1,-1
558,24242,235.44,375.86,58.91,138.00,1,-1,-1,-1
558,24243,600.00,168.00,30.00,76.00,1,-1,-1,-1
558,24244,126.00,168.00,32.00,60.00,1,-1,-1,-1
558,24245,170.00,372.00,58.00,144.00,1,-1,-1,-1
559,24239,633.31,298.46,37.66,112.97,1,-1,-1,-1
559,24241,182.73,356.59,69.59,173.05,1,-1,-1,-1
559,24242,235.27,375.63,58.91,138.00,1,-1,-1,-1
559,24243,590.60,162.63,30.00,76.00,1,-1,-1,-1
559,24244,126.00,168.00,32.00,60.00,1,-1,-1,-1
559,24245,170.00,372.00,58.00,144.00,1,-1,-1,-1
560,24241,178.23,355.73,71.23,174.43,1,-1,-1,-1
560,24243,587.12,160.64,30.00,76.00,1,-1,-1,-1
561,24241,176.42,355.43,72.30,174.91,1,-1,-1,-1
561,24243,585.87,159.92,30.00,76.00,1,-1,-1,-1
562,24241,175.69,355.35,73.09,175.04,1,-1,-1,-1
562,24243,585.45,159.69,30.00,76.00,1,-1,-1,-1
563,24241,175.41,355.36,73.70,175.03,1,-1,-1,-1
563,24243,585.35,159.63,30.00,76.00,1,-1,-1,-1
564,24241,175.31,355.39,74.20,174.98,1,-1,-1,-1
564,24243,585.36,159.63,30.00,76.00,1,-1,-1,-1
565,24241,175.29,355.44,74.63,174.90,1,-1,-1,-1
565,24243,585.40,159.66,30.00,76.00,1,-1,-1,-1
566,24241,175.30,355.48,75.00,174.83,1,-1,-1,-1
566,24243,585.46,159.69,30.00,76.00,1,-1,-1,-1
567,24241,175.33,355.53,75.31,174.76,1,-1,-1,-1
567,24243,585.51,159.72,30.00,76.00,1,-1,-1,-1
568,24241,171.87,354.77,75.83,175.96,1,-1,-1,-1
568,24243,581.63,161.06,30.00,76.00,1,-1,-1,-1
568,24245,169.12,340.95,83.04,211.92,1,-1,-1,-1
569,24243,580.19,161.58,30.00,76.00,1,-1,-1,-1
569,24245,169.98,339.52,82.40,215.06,1,-1,-1,-1
570,24243,579.68,161.78,30.00,76.00,1,-1,-1,-1
570,24245,170.72,339.02,81.29,216.13,1,-1,-1,-1
571,24243,579.52,161.87,30.00,76.00,1,-1,-1,-1
571,24245,171.35,338.89,80.13,216.42,1,-1,-1,-1
572,24243,579.50,161.91,30.00,76.00,1,-1,-1,-1
572,24245,171.89,338.89,79.06,216.42,1,-1,-1,-1
573,24243,579.52,161.92,30.00,76.00,1,-1,-1,-1
573,24245,172.35,338.94,78.10,216.31,1,-1,-1,-1
574,24243,579.55,161.93,30.00,76.00,1,-1,-1,-1
574,24245,172.74,339.01,77.26,216.16,1,-1,-1,-1
575,24243,579.59,161.94,30.00,76.00,1,-1,-1,-1
575,24245,173.09,339.08,76.51,216.00,1,-1,-1,-1
576,24243,579.63,161.95,30.00,76.00,1,-1,-1,-1
576,24245,173.39,339.16,75.85,215.84,1,-1,-1,-1
577,24239,623.91,288.34,42.34,123.80,1,-1,-1,-1
577,24241,159.72,413.10,65.54,159.23,1,-1,-1,-1
577,24242,201.45,338.39,59.81,143.93,1,-1,-1,-1
577,24243,573.38,168.49,29.51,73.39,1,-1,-1,-1
577,24245,173.38,337.83,76.87,218.74,1,-1,-1,-1
578,24239,623.34,288.03,43.14,124.08,1,-1,-1,-1
578,24241,160.75,416.08,62.83,158.21,1,-1,-1,-1
578,24242,201.21,337.55,58.78,144.07,1,-1,-1,-1
578,24243,570.88,170.99,29.58,72.39,1,-1,-1,-1
579,24239,623.03,287.92,43.66,124.17,1,-1,-1,-1
579,24241,161.49,417.08,60.93,157.90,1,-1,-1,-1
579,24242,201.32,337.25,58.02,144.12,1,-1,-1,-1
579,24243,569.87,171.90,29.87,72.03,1,-1,-1,-1
580,24239,622.83,287.88,44.04,124.20,1,-1,-1,-1
580,24241,162.20,417.37,59.47,157.80,1,-1,-1,-1
580,24242,201.56,337.19,57.43,144.13,1,-1,-1,-1
580,24243,569.41,172.21,30.21,71.90,1,-1,-1,-1
581,24239,622.69,287.88,44.32,124.19,1,-1,-1,-1
581,24241,162.85,417.37,58.29,157.78,1,-1,-1,-1
581,24242,201.82,337.22,56.97,144.12,1,-1,-1,-1
581,24243,569.17,172.31,30.55,71.86,1,-1,-1,-1
582,24239,622.59,287.88,44.54,124.18,1,-1,-1,-1
582,24241,163.43,417.28,57.31,157.79,1,-1,-1,-1
582,24242,202.06,337.27,56.59,144.11,1,-1,-1,-1
582,24243,569.02,172.32,30.87,71.86,1,-1,-1,-1
583,24239,622.51,287.89,44.73,124.17,1,-1,-1,-1
583,24241,163.94,417.17,56.49,157.80,1,-1,-1,-1
583,24242,202.27,337.34,56.28,144.10,1,-1,-1,-1
583,24243,568.91,172.31,31.16,71.87,1,-1,-1,-1
584,24239,622.44,287.90,44.88,124.15,1,-1,-1,-1
584,24241,164.37,417.05,55.78,157.82,1,-1,-1,-1
584,24242,202.46,337.40,56.01,144.09,1,-1,-1,-1
584,24243,568.82,172.28,31.43,71.88,1,-1,-1,-1
585,24239,622.39,287.91,45.01,124.14,1,-1,-1,-1
585,24241,164.76,416.95,55.16,157.84,1,-1,-1,-1
585,24242,202.62,337.46,55.79,144.09,1,-1,-1,-1
585,24243,568.74,172.26,31.67,71.89,1,-1,-1,-1
586,24239,622.18,287.76,45.09,124.37,1,-1,-1,-1
586,24241,163.74,418.47,55.07,157.58,1,-1,-1,-1
586,24242,201.81,336.58,55.84,144.22,1,-1,-1,-1
586,24243,568.10,172.68,31.60,71.71,1,-1,-1,-1
586,24245,226.69,413.57,58.61,160.28,1,-1,-1,-1
586,24246,290.00,330.00,42.00,120.00,1,-1,-1,-1
587,24245,228.73,417.87,58.89,156.47,1,-1,-1,-1
587,24246,290.00,330.00,42.00,120.00,1,-1,-1,-1
588,24245,229.00,419.14,59.80,155.46,1,-1,-1,-1
588,24246,290.00,330.00,42.00,120.00,1,-1,-1,-1
589,24245,228.72,419.48,60.72,155.18,1,-1,-1,-1
589,24246,290.00,330.00,42.00,120.00,1,-1,-1,-1
590,24245,228.26,419.46,61.56,155.15,1,-1,-1,-1
590,24246,290.00,330.00,42.00,120.00,1,-1,-1,-1
591,24245,227.80,419.34,62.30,155.22,1,-1,-1,-1
591,24246,290.00,330.00,42.00,120.00,1,-1,-1,-1
592,24245,227.37,419.19,62.94,155.30,1,-1,-1,-1
592,24246,290.00,330.00,42.00,120.00,1,-1,-1,-1
593,24245,227.00,419.05,63.49,155.38,1,-1,-1,-1
593,24246,290.00,330.00,42.00,120.00,1,-1,-1,-1
594,24245,226.67,418.93,63.97,155.45,1,-1,-1,-1
594,24246,290.00,330.00,42.00,120.00,1,-1,-1,-1
595,24239,630.52,297.55,40.35,112.56,1,-1,-1,-1
595,24245,227.93,420.45,63.60,154.55,1,-1,-1,-1
595,24246,290.00,330.00,42.00,120.00,1,-1,-1,-1
595,24247,628.00,194.00,36.00,100.00,1,-1,-1,-1
595,24248,592.00,214.00,32.00,84.00,1,-1,-1,-1
596,24239,631.09,298.03,39.81,111.98,1,-1,-1,-1
596,24247,628.00,194.00,36.00,100.00,1,-1,-1,-1
596,24248,592.00,214.00,32.00,84.00,1,-1,-1,-1
597,24239,631.36,298.19,39.48,111.78,1,-1,-1,-1
597,24247,628.00,194.00,36.00,100.00,1,-1,-1,-1
597,24248,592.00,214.00,32.00,84.00,1,-1,-1,-1
598,24239,631.50,298.23,39.25,111.73,1,-1,-1,-1
598,24247,628.00,194.00,36.00,100.00,1,-1,-1,-1
598,24248,592.00,214.00,32.00,84.00,1,-1,-1,-1
599,24239,631.59,298.23,39.09,111.73,1,-1,-1,-1
599,24247,628.00,194.00,36.00,100.00,1,-1,-1,-1
599,24248,592.00,214.00,32.00,84.00,1,-1,-1,-1
600,24239,631.64,298.22,38.95,111.75,1,-1,-1,-1
600,24247,628.00,194.00,36.00,100.00,1,-1,-1,-1
600,24248,592.00,214.00,32.00,84.00,1,-1,-1,-1
601,24239,631.69,298.20,38.84,111.77,1,-1,-1,-1
601,24247,628.00,194.00,36.00,100.00,1,-1,-1,-1
601,24248,592.00,214.00,32.00,84.00,1,-1,-1,-1
602,24239,631.73,298.18,38.75,111.79,1,-1,-1,-1
602,24247,628.00,194.00,36.00,100.00,1,-1,-1,-1
602,24248,592.00,214.00,32.00,84.00,1,-1,-1,-1
603,24239,631.76,298.16,38.67,111.81,1,-1,-1,-1
603,24247,628.00,194.00,36.00,100.00,1,-1,-1,-1
603,24248,592.00,214.00,32.00,84.00,1,-1,-1,-1
604,24239,631.95,298.42,38.56,111.51,1,-1,-1,-1
604,24245,296.78,422.38,68.49,155.70,1,-1,-1,-1
604,24247,628.00,194.00,36.00,100.00,1,-1,-1,-1
604,24248,592.00,214.00,32.00,84.00,1,-1,-1,-1
604,24249,692.00,214.00,34.00,94.00,1,-1,-1,-1
605,24245,298.13,422.36,71.82,155.81,1,-1,-1,-1
605,24249,692.00,214.00,34.00,94.00,1,-1,-1,-1
606,24245,297.90,422.36,74.38,155.85,1,-1,-1,-1
606,24249,692.00,214.00,34.00,94.00,1,-1,-1,-1
607,24245,297.13,422.34,76.42,155.87,1,-1,-1,-1
607,24249,692.00,214.00,34.00,94.00,1,-1,-1,-1
608,24245,296.24,422.31,78.09,155.88,1,-1,-1,-1
608,24249,692.00,214.00,34.00,94.00,1,-1,-1,-1
609,24245,295.39,422.28,79.50,155.89,1,-1,-1,-1
609,24249,692.00,214.00,34.00,94.00,1,-1,-1,-1
610,24245,294.62,422.26,80.69,155.91,1,-1,-1,-1
610,24249,692.00,214.00,34.00,94.00,1,-1,-1,-1
611,24245,293.93,422.23,81.71,155.91,1,-1,-1,-1
611,24249,692.00,214.00,34.00,94.00,1,-1,-1,-1
612,24245,293.32,422.21,82.59,155.92,1,-1,-1,-1
612,24249,692.00,214.00,34.00,94.00,1,-1,-1,-1
613,24245,295.95,422.55,82.53,155.80,1,-1,-1,-1
613,24246,357.96,425.11,52.71,143.78,1,-1,-1,-1
613,24249,692.00,214.00,34.00,94.00,1,-1,-1,-1
613,24250,732.00,238.00,26.00,92.00,1,-1,-1,-1
613,24251,26.00,168.00,26.00,70.00,1,-1,-1,-1
613,24252,554.00,282.00,34.00,110.00,1,-1,-1,-1
613,24253,138.00,142.00,38.00,70.00,1,-1,-1,-1
614,24246,358.72,427.29,54.55,144.32,1,-1,-1,-1
614,24250,732.00,238.00,26.00,92.00,1,-1,-1,-1
614,24251,26.00,168.00,26.00,70.00,1,-1,-1,-1
614,24252,554.00,282.00,34.00,110.00,1,-1,-1,-1
614,24253,138.00,142.00,38.00,70.00,1,-1,-1,-1
615,24246,358.66,428.03,55.82,144.51,1,-1,-1,-1
615,24250,732.00,238.00,26.00,92.00,1,-1,-1,-1
615,24251,26.00,168.00,26.00,70.00,1,-1,-1,-1
615,24252,554.00,282.00,34.00,110.00,1,-1,-1,-1
615,24253,138.00,142.00,38.00,70.00,1,-1,-1,-1
616,24246,358.31,428.19,56.75,144.55,1,-1,-1,-1
616,24250,732.00,238.00,26.00,92.00,1,-1,-1,-1
616,24251,26.00,168.00,26.00,70.00,1,-1,-1,-1
616,24252,554.00,282.00,34.00,110.00,1,-1,-1,-1
616,24253,138.00,142.00,38.00,70.00,1,-1,-1,-1
617,24246,357.90,428.12,57.48,144.53,1,-1,-1,-1
617,24250,732.00,238.00,26.00,92.00,1,-1,-1,-1
617,24251,26.00,168.00,26.00,70.00,1,-1,-1,-1
617,24252,554.00,282.00,34.00,110.00,1,-1,-1,-1
617,24253,138.00,142.00,38.00,70.00,1,-1,-1,-1
618,24246,357.50,427.99,58.06,144.50,1,-1,-1,-1
618,24250,732.00,238.00,26.00,92.00,1,-1,-1,-1
618,24251,26.00,168.00,26.00,70.00,1,-1,-1,-1
618,24252,554.00,282.00,34.00,110.00,1,-1,-1,-1
618,24253,138.00,142.00,38.00,70.00,1,-1,-1,-1
619,24246,357.14,427.83,58.54,144.46,1,-1,-1,-1
619,24250,732.00,238.00,26.00,92.00,1,-1,-1,-1
619,24251,26.00,168.00,26.00,70.00,1,-1,-1,-1
619,24252,554.00,282.00,34.00,110.00,1,-1,-1,-1
619,24253,138.00,142.00,38.00,70.00,1,-1,-1,-1
620,24246,356.82,427.67,58.94,144.42,1,-1,-1,-1
620,24250,732.00,238.00,26.00,92.00,1,-1,-1,-1
620,24251,26.00,168.00,26.00,70.00,1,-1,-1,-1
620,24252,554.00,282.00,34.00,110.00,1,-1,-1,-1
620,24253,138.00,142.00,38.00,70.00,1,-1,-1,-1
621,24246,356.53,427.52,59.28,144.38,1,-1,-1,-1
621,24250,732.00,238.00,26.00,92.00,1,-1,-1,-1
621,24251,26.00,168.00,26.00,70.00,1,-1,-1,-1
621,24252,554.00,282.00,34.00,110.00,1,-1,-1,-1
621,24253,138.00,142.00,38.00,70.00,1,-1,-1,-1
622,24246,364.02,419.58,62.29,153.45,1,-1,-1,-1
622,24250,732.00,238.00,26.00,92.00,1,-1,-1,-1
622,24251,26.00,168.00,26.00,70.00,1,-1,-1,-1
622,24252,554.00,282.00,34.00,110.00,1,-1,-1,-1
622,24253,138.00,142.00,38.00,70.00,1,-1,-1,-1
622,24254,582.00,264.00,46.00,120.00,1,-1,-1,-1
622,24255,112.00,146.00,28.00,74.00,1,-1,-1,-1
623,24246,367.00,416.59,63.02,156.83,1,-1,-1,-1
623,24254,582.00,264.00,46.00,120.00,1,-1,-1,-1
623,24255,112.00,146.00,28.00,74.00,1,-1,-1,-1
624,24239,584.15,264.34,42.54,119.88,1,-1,-1,-1
624,24246,368.26,415.35,62.97,158.12,1,-1,-1,-1
624,24255,112.00,146.00,28.00,74.00,1,-1,-1,-1
625,24239,582.81,263.61,43.30,120.07,1,-1,-1,-1
625,24246,368.82,414.83,62.65,158.57,1,-1,-1,-1
625,24255,112.00,146.00,28.00,74.00,1,-1,-1,-1
626,24239,582.23,263.36,43.80,120.14,1,-1,-1,-1
626,24246,369.09,414.60,62.25,158.70,1,-1,-1,-1
626,24255,112.00,146.00,28.00,74.00,1,-1,-1,-1
627,24239,581.98,263.31,44.16,120.16,1,-1,-1,-1
627,24246,369.25,414.49,61.86,158.71,1,-1,-1,-1
627,24255,112.00,146.00,28.00,74.00,1,-1,-1,-1
628,24239,581.88,263.33,44.43,120.15,1,-1,-1,-1
628,24246,369.36,414.42,61.49,158.67,1,-1,-1,-1
628,24255,112.00,146.00,28.00,74.00,1,-1,-1,-1
629,24239,581.84,263.38,44.64,120.14,1,-1,-1,-1
629,24246,369.44,414.37,61.15,158.62,1,-1,-1,-1
629,24255,112.00,146.00,28.00,74.00,1,-1,-1,-1
630,24239,581.82,263.43,44.81,120.13,1,-1,-1,-1
630,24246,369.50,414.33,60.85,158.57,1,-1,-1,-1
630,24255,112.00,146.00,28.00,74.00,1,-1,-1,-1
631,24239,580.54,262.51,44.89,120.34,1,-1,-1,-1
631,24245,343.38,396.38,71.35,142.13,1,-1,-1,-1
631,24246,370.80,414.86,61.20,159.48,1,-1,-1,-1
631,24247,559.35,265.70,33.88,92.03,1,-1,-1,-1
631,24255,113.49,144.66,30.39,79.37,1,-1,-1,-1
632,24245,345.38,395.77,68.65,141.85,1,-1,-1,-1
632,24247,558.20,266.67,34.29,91.93,1,-1,-1,-1
632,24255,113.92,144.17,31.48,81.32,1,-1,-1,-1
633,24245,346.59,395.55,66.79,141.74,1,-1,-1,-1
633,24247,557.69,267.05,34.58,91.88,1,-1,-1,-1
633,24255,113.98,143.98,32.11,82.06,1,-1,-1,-1
634,24245,347.31,395.50,65.43,141.72,1,-1,-1,-1
634,24247,557.52,267.11,34.80,91.88,1,-1,-1,-1
634,24255,113.89,143.92,32.53,82.31,1,-1,-1,-1
635,24245,347.77,395.51,64.38,141.73,1,-1,-1,-1
635,24247,557.50,267.05,34.97,91.88,1,-1,-1,-1
635,24255,113.76,143.90,32.87,82.38,1,-1,-1,-1
636,24245,348.10,395.55,63.55,141.75,1,-1,-1,-1
636,24247,557.52,266.95,35.11,91.89,1,-1,-1,-1
636,24255,113.61,143.90,33.15,82.38,1,-1,-1,-1
637,24245,348.36,395.60,62.87,141.78,1,-1,-1,-1
637,24247,557.56,266.85,35.22,91.91,1,-1,-1,-1
637,24255,113.48,143.91,33.41,82.36,1,-1,-1,-1
638,24245,348.56,395.64,62.30,141.80,1,-1,-1,-1
638,24247,557.60,266.76,35.31,91.92,1,-1,-1,-1
638,24255,113.34,143.92,33.64,82.33,1,-1,-1,-1
639,24245,348.73,395.67,61.81,141.82,1,-1,-1,-1
639,24247,557.64,266.68,35.39,91.92,1,-1,-1,-1
639,24255,113.22,143.93,33.85,82.30,1,-1,-1,-1
640,24245,349.82,395.15,61.68,141.53,1,-1,-1,-1
640,24247,556.60,267.78,35.34,91.80,1,-1,-1,-1
640,24255,124.77,153.06,30.29,73.14,1,-1,-1,-1
641,24255,129.27,156.67,28.95,69.50,1,-1,-1,-1
642,24255,130.75,157.90,28.58,68.24,1,-1,-1,-1
643,24255,131.20,158.31,28.55,67.82,1,-1,-1,-1
644,24255,131.27,158.43,28.62,67.69,1,-1,-1,-1
645,24255,131.21,158.44,28.73,67.67,1,-1,-1,-1
646,24255,131.12,158.41,28.84,67.68,1,-1,-1,-1
647,24255,131.02,158.38,28.95,67.71,1,-1,-1,-1
648,24255,130.92,158.34,29.04,67.73,1,-1,-1,-1
649,24245,328.80,374.57,62.55,143.82,1,-1,-1,-1
649,24255,133.03,154.36,29.99,69.08,1,-1,-1,-1
649,24256,206.00,164.00,36.00,62.00,1,-1,-1,-1
650,24245,327.81,373.69,62.51,143.95,1,-1,-1,-1
650,24255,133.70,152.86,30.55,69.59,1,-1,-1,-1
650,24256,206.00,164.00,36.00,62.00,1,-1,-1,-1
651,24245,327.49,373.38,62.45,143.99,1,-1,-1,-1
651,24255,133.83,152.28,30.95,69.79,1,-1,-1,-1
651,24256,206.00,164.00,36.00,62.00,1,-1,-1,-1
652,24245,327.40,373.30,62.40,144.01,1,-1,-1,-1
652,24255,133.77,152.07,31.27,69.88,1,-1,-1,-1
652,24256,206.00,164.00,36.00,62.00,1,-1,-1,-1
653,24245,327.41,373.31,62.35,144.01,1,-1,-1,-1
653,24255,133.64,151.99,31.54,69.91,1,-1,-1,-1
653,24256,206.00,164.00,36.00,62.00,1,-1,-1,-1
654,24245,327.45,373.36,62.31,144.02,1,-1,-1,-1
654,24255,133.50,151.96,31.78,69.93,1,-1,-1,-1
654,24256,206.00,164.00,36.00,62.00,1,-1,-1,-1
655,24245,327.50,373.41,62.28,144.01,1,-1,-1,-1
655,24255,133.37,151.95,31.99,69.94,1,-1,-1,-1
655,24256,206.00,164.00,36.00,62.00,1,-1,-1,-1
656,24245,327.55,373.47,62.24,144.01,1,-1,-1,-1
656,24255,133.24,151.95,32.18,69.95,1,-1,-1,-1
656,24256,206.00,164.00,36.00,62.00,1,-1,-1,-1
657,24245,327.59,373.52,62.22,144.01,1,-1,-1,-1
657,24255,133.12,151.96,32.35,69.95,1,-1,-1,-1
657,24256,206.00,164.00,36.00,62.00,1,-1,-1,-1
658,24239,614.16,176.36,30.99,86.23,1,-1,-1,-1
658,24245,327.11,372.74,62.23,144.03,1,-1,-1,-1
658,24255,133.62,151.88,32.32,69.88,1,-1,-1,-1
658,24256,206.00,164.00,36.00,62.00,1,-1,-1,-1
658,24257,160.00,156.00,30.00,72.00,1,-1,-1,-1
658,24258,258.00,158.00,34.00,70.00,1,-1,-1,-1
658,24259,726.00,300.00,38.00,120.00,1,-1,-1,-1
659,24239,615.06,175.39,30.16,85.78,1,-1,-1,-1
659,24257,160.00,156.00,30.00,72.00,1,-1,-1,-1
659,24258,258.00,158.00,34.00,70.00,1,-1,-1,-1
659,24259,726.00,300.00,38.00,120.00,1,-1,-1,-1
660,24239,615.50,174.90,29.66,85.57,1,-1,-1,-1
660,24257,160.00,156.00,30.00,72.00,1,-1,-1,-1
660,24258,258.00,158.00,34.00,70.00,1,-1,-1,-1
660,24259,726.00,300.00,38.00,120.00,1,-1,-1,-1
661,24239,615.69,174.85,29.34,85.54,1,-1,-1,-1
661,24257,160.00,156.00,30.00,72.00,1,-1,-1,-1
661,24258,258.00,158.00,34.00,70.00,1,-1,-1,-1
661,24259,726.00,300.00,38.00,120.00,1,-1,-1,-1
662,24239,615.77,174.94,29.13,85.58,1,-1,-1,-1
662,24257,160.00,156.00,30.00,72.00,1,-1,-1,-1
662,24258,258.00,158.00,34.00,70.00,1,-1,-1,-1
662,24259,726.00,300.00,38.00,120.00,1,-1,-1,-1
663,24239,615.81,175.07,28.97,85.63,1,-1,-1,-1
663,24257,160.00,156.00,30.00,72.00,1,-1,-1,-1
663,24258,258.00,158.00,34.00,70.00,1,-1,-1,-1
663,24259,726.00,300.00,38.00,120.00,1,-1,-1,-1
664,24239,615.84,175.19,28.84,85.68,1,-1,-1,-1
664,24257,160.00,156.00,30.00,72.00,1,-1,-1,-1
664,24258,258.00,158.00,34.00,70.00,1,-1,-1,-1
664,24259,726.00,300.00,38.00,120.00,1,-1,-1,-1
665,24239,615.86,175.29,28.74,85.72,1,-1,-1,-1
665,24257,160.00,156.00,30.00,72.00,1,-1,-1,-1
665,24258,258.00,158.00,34.00,70.00,1,-1,-1,-1
665,24259,726.00,300.00,38.00,120.00,1,-1,-1,-1
666,24239,615.87,175.38,28.65,85.75,1,-1,-1,-1
666,24257,160.00,156.00,30.00,72.00,1,-1,-1,-1
666,24258,258.00,158.00,34.00,70.00,1,-1,-1,-1
666,24259,726.00,300.00,38.00,120.00,1,-1,-1,-1
667,24239,616.26,174.36,28.52,85.35,1,-1,-1,-1
667,24257,160.00,156.00,30.00,72.00,1,-1,-1,-1
667,24258,249.22,158.00,35.45,72.69,1,-1,-1,-1
667,24259,726.00,300.00,38.00,120.00,1,-1,-1,-1
667,24260,592.00,168.00,28.00,74.00,1,-1,-1,-1
667,24261,210.00,158.00,32.00,76.00,1,-1,-1,-1
668,24258,245.95,158.00,36.08,73.67,1,-1,-1,-1
668,24260,592.00,168.00,28.00,74.00,1,-1,-1,-1
668,24261,210.00,158.00,32.00,76.00,1,-1,-1,-1
669,24258,244.70,158.00,36.40,74.03,1,-1,-1,-1
669,24260,592.00,168.00,28.00,74.00,1,-1,-1,-1
669,24261,210.00,158.00,32.00,76.00,1,-1,-1,-1
670,24258,244.23,158.00,36.59,74.16,1,-1,-1,-1
670,24260,592.00,168.00,28.00,74.00,1,-1,-1,-1
670,24261,210.00,158.00,32.00,76.00,1,-1,-1,-1
671,24258,244.07,158.00,36.73,74.19,1,-1,-1,-1
671,24260,592.00,168.00,28.00,74.00,1,-1,-1,-1
671,24261,210.00,158.00,32.00,76.00,1,-1,-1,-1
672,24258,244.01,158.00,36.85,74.19,1,-1,-1,-1
672,24260,592.00,168.00,28.00,74.00,1,-1,-1,-1
672,24261,210.00,158.00,32.00,76.00,1,-1,-1,-1
673,24258,244.00,158.00,36.95,74.17,1,-1,-1,-1
673,24260,592.00,168.00,28.00,74.00,1,-1,-1,-1
673,24261,210.00,158.00,32.00,76.00,1,-1,-1,-1
674,24258,244.00,158.00,37.05,74.16,1,-1,-1,-1
674,24260,592.00,168.00,28.00,74.00,1,-1,-1,-1
674,24261,210.00,158.00,32.00,76.00,1,-1,-1,-1
675,24258,244.00,158.00,37.13,74.14,1,-1,-1,-1
675,24260,592.00,168.00,28.00,74.00,1,-1,-1,-1
675,24261,210.00,158.00,32.00,76.00,1,-1,-1,-1
676,24245,192.45,338.25,54.24,124.24,1,-1,-1,-1
676,24258,243.24,158.00,37.25,74.38,1,-1,-1,-1
676,24260,592.00,168.00,28.00,74.00,1,-1,-1,-1
676,24261,214.63,160.69,30.80,71.97,1,-1,-1,-1
676,24262,542.00,160.00,26.00,78.00,1,-1,-1,-1
677,24245,189.44,337.59,54.41,123.82,1,-1,-1,-1
677,24261,216.24,161.70,30.62,70.46,1,-1,-1,-1
677,24262,542.00,160.00,26.00,78.00,1,-1,-1,-1
678,24245,188.20,337.33,54.59,123.65,1,-1,-1,-1
678,24261,216.65,162.04,30.83,69.93,1,-1,-1,-1
678,24262,542.00,160.00,26.00,78.00,1,-1,-1,-1
679,24245,187.89,337.28,54.77,123.62,1,-1,-1,-1
679,24261,216.64,162.15,31.18,69.77,1,-1,-1,-1
679,24262,542.00,160.00,26.00,78.00,1,-1,-1,-1
680,24245,187.93,337.31,54.92,123.63,1,-1,-1,-1
680,24261,216.49,162.18,31.56,69.73,1,-1,-1,-1
680,24262,542.00,160.00,26.00,78.00,1,-1,-1,-1
681,24239,543.14,160.00,26.06,78.02,1,-1,-1,-1
681,24245,188.10,337.38,55.06,123.67,1,-1,-1,-1
681,24261,216.30,162.18,31.94,69.73,1,-1,-1,-1
681,24262,542.00,160.00,26.00,78.00,1,-1,-1,-1
682,24239,541.15,159.69,25.99,77.86,1,-1,-1,-1
682,24245,188.28,337.44,55.17,123.70,1,-1,-1,-1
682,24261,216.10,162.16,32.29,69.76,1,-1,-1,-1
683,24239,540.44,159.57,25.96,77.79,1,-1,-1,-1
683,24245,188.46,337.50,55.26,123.73,1,-1,-1,-1
683,24261,215.91,162.15,32.62,69.78,1,-1,-1,-1
684,24239,540.29,159.55,25.96,77.78,1,-1,-1,-1
684,24245,188.62,337.55,55.35,123.76,1,-1,-1,-1
684,24261,215.73,162.13,32.93,69.80,1,-1,-1,-1
685,24239,537.17,158.76,25.83,77.40,1,-1,-1,-1
685,24245,185.94,336.83,55.17,123.37,1,-1,-1,-1
685,24257,159.13,157.98,29.76,70.02,1,-1,-1,-1
685,24261,216.14,162.35,32.78,69.48,1,-1,-1,-1
685,24263,124.00,318.00,56.00,122.00,1,-1,-1,-1
686,24257,158.92,158.02,30.14,69.98,1,-1,-1,-1
686,24263,124.00,318.00,56.00,122.00,1,-1,-1,-1
687,24257,158.77,158.04,30.42,69.96,1,-1,-1,-1
687,24263,124.00,318.00,56.00,122.00,1,-1,-1,-1
688,24257,158.66,158.04,30.65,69.96,1,-1,-1,-1
688,24263,124.00,318.00,56.00,122.00,1,-1,-1,-1
689,24257,158.57,158.04,30.83,69.96,1,-1,-1,-1
689,24263,124.00,318.00,56.00,122.00,1,-1,-1,-1
690,24257,158.50,158.04,30.97,69.96,1,-1,-1,-1
690,24263,124.00,318.00,56.00,122.00,1,-1,-1,-1
691,24257,158.44,158.03,31.09,69.97,1,-1,-1,-1
691,24263,124.00,318.00,56.00,122.00,1,-1,-1,-1
692,24257,158.39,158.03,31.20,69.97,1,-1,-1,-1
692,24263,124.00,318.00,56.00,122.00,1,-1,-1,-1
693,24257,158.34,158.03,31.29,69.97,1,-1,-1,-1
693,24263,124.00,318.00,56.00,122.00,1,-1,-1,-1
694,24257,159.18,156.71,33.54,75.21,1,-1,-1,-1
694,24263,124.00,318.00,56.00,122.00,1,-1,-1,-1
695,24257,159.52,156.23,34.32,77.15,1,-1,-1,-1
696,24257,159.67,156.04,34.58,77.90,1,-1,-1,-1
697,24257,159.74,155.97,34.64,78.18,1,-1,-1,-1
698,24257,159.79,155.95,34.62,78.26,1,-1,-1,-1
699,24257,159.81,155.94,34.58,78.28,1,-1,-1,-1
700,24257,159.83,155.94,34.53,78.27,1,-1,-1,-1
701,24257,159.85,155.95,34.48,78.25,1,-1,-1,-1
702,24257,159.87,155.95,34.44,78.23,1,-1,-1,-1
703,24257,159.92,155.87,34.60,78.60,1,-1,-1,-1
703,24264,258.00,192.00,40.00,100.00,1,-1,-1,-1
703,24265,378.00,168.00,40.00,96.00,1,-1,-1,-1
704,24264,258.00,192.00,40.00,100.00,1,-1,-1,-1
704,24265,378.00,168.00,40.00,96.00,1,-1,-1,-1
705,24264,258.00,192.00,40.00,100.00,1,-1,-1,-1
705,24265,378.00,168.00,40.00,96.00,1,-1,-1,-1
706,24264,258.00,192.00,40.00,100.00,1,-1,-1,-1
706,24265,378.00,168.00,40.00,96.00,1,-1,-1,-1
707,24264,258.00,192.00,40.00,100.00,1,-1,-1,-1
707,24265,378.00,168.00,40.00,96.00,1,-1,-1,-1
708,24264,258.00,192.00,40.00,100.00,1,-1,-1,-1
708,24265,378.00,168.00,40.00,96.00,1,-1,-1,-1
709,24264,258.00,192.00,40.00,100.00,1,-1,-1,-1
709,24265,378.00,168.00,40.00,96.00,1,-1,-1,-1
710,24264,258.00,192.00,40.00,100.00,1,-1,-1,-1
710,24265,378.00,168.00,40.00,96.00,1,-1,-1,-1
711,24264,258.00,192.00,40.00,100.00,1,-1,-1,-1
711,24265,378.00,168.00,40.00,96.00,1,-1,-1,-1
712,24261,213.38,187.92,35.32,75.94,1,-1,-1,-1
712,24264,258.00,192.00,40.00,100.00,1,-1,-1,-1
712,24265,378.00,168.00,40.00,96.00,1,-1,-1,-1
713,24261,213.45,188.31,35.09,76.06,1,-1,-1,-1
714,24261,213.53,188.43,34.91,76.10,1,-1,-1,-1
715,24261,213.59,188.45,34.77,76.11,1,-1,-1,-1
716,24261,213.65,188.43,34.66,76.11,1,-1,-1,-1
717,24261,213.69,188.40,34.57,76.10,1,-1,-1,-1
718,24261,213.73,188.36,34.50,76.09,1,-1,-1,-1
719,24261,213.76,188.33,34.44,76.08,1,-1,-1,-1
720,24261,213.79,188.30,34.39,76.08,1,-1,-1,-1
721,24261,213.73,188.78,34.45,76.20,1,-1,-1,-1
721,24263,58.09,242.32,44.41,100.09,1,-1,-1,-1
721,24266,560.00,132.00,24.00,50.00,1,-1,-1,-1
721,24267,460.00,190.00,36.00,102.00,1,-1,-1,-1
721,24268,134.00,192.00,32.00,72.00,1,-1,-1,-1
722,24263,57.71,241.36,43.37,99.82,1,-1,-1,-1
722,24266,560.00,132.00,24.00,50.00,1,-1,-1,-1
722,24267,460.00,190.00,36.00,102.00,1,-1,-1,-1
722,24268,134.00,192.00,32.00,72.00,1,-1,-1,-1
723,24263,57.66,240.95,42.69,99.70,1,-1,-1,-1
723,24266,560.00,132.00,24.00,50.00,1,-1,-1,-1
723,24267,460.00,190.00,36.00,102.00,1,-1,-1,-1
723,24268,134.00,192.00,32.00,72.00,1,-1,-1,-1
724,24263,57.84,240.90,42.23,99.68,1,-1,-1,-1
724,24266,560.00,132.00,24.00,50.00,1,-1,-1,-1
724,24267,460.00,190.00,36.00,102.00,1,-1,-1,-1
724,24268,134.00,192.00,32.00,72.00,1,-1,-1,-1
725,24263,58.08,240.97,41.90,99.70,1,-1,-1,-1
725,24266,560.00,132.00,24.00,50.00,1,-1,-1,-1
725,24267,460.00,190.00,36.00,102.00,1,-1,-1,-1
725,24268,134.00,192.00,32.00,72.00,1,-1,-1,-1
726,24263,58.31,241.08,41.64,99.73,1,-1,-1,-1
726,24266,560.00,132.00,24.00,50.00,1,-1,-1,-1
726,24267,460.00,190.00,36.00,102.00,1,-1,-1,-1
726,24268,134.00,192.00,32.00,72.00,1,-1,-1,-1
727,24263,58.51,241.18,41.43,99.76,1,-1,-1,-1
727,24266,560.00,132.00,24.00,50.00,1,-1,-1,-1
727,24267,460.00,190.00,36.00,102.00,1,-1,-1,-1
727,24268,134.00,192.00,32.00,72.00,1,-1,-1,-1
728,24263,58.68,241.27,41.26,99.79,1,-1,-1,-1
728,24266,560.00,132.00,24.00,50.00,1,-1,-1,-1
728,24267,460.00,190.00,36.00,102.00,1,-1,-1,-1
728,24268,134.00,192.00,32.00,72.00,1,-1,-1,-1
729,24263,58.83,241.36,41.11,99.81,1,-1,-1,-1
729,24266,560.00,132.00,24.00,50.00,1,-1,-1,-1
729,24267,460.00,190.00,36.00,102.00,1,-1,-1,-1
729,24268,134.00,192.00,32.00,72.00,1,-1,-1,-1
730,24263,57.91,240.31,40.99,99.51,1,-1,-1,-1
730,24266,560.00,132.00,24.00,50.00,1,-1,-1,-1
730,24267,460.00,190.00,36.00,102.00,1,-1,-1,-1
730,24268,134.00,192.00,32.00,72.00,1,-1,-1,-1
730,24269,80.00,188.00,46.00,132.00,1,-1,-1,-1
731,24269,80.00,188.00,46.00,132.00,1,-1,-1,-1
732,24269,80.00,188.00,46.00,132.00,1,-1,-1,-1
733,24269,80.00,188.00,46.00,132.00,1,-1,-1,-1
734,24269,80.00,188.00,46.00,132.00,1,-1,-1,-1
735,24269,80.00,188.00,46.00,132.00,1,-1,-1,-1
736,24269,80.00,188.00,46.00,132.00,1,-1,-1,-1
737,24269,80.00,188.00,46.00,132.00,1,-1,-1,-1
738,24269,80.00,188.00,46.00,132.00,1,-1,-1,-1
739,24269,80.00,188.00,46.00,132.00,1,-1,-1,-1
739,24270,554.00,190.00,48.00,132.00,1,-1,-1,-1
739,24271,20.00,168.00,32.00,68.00,1,-1,-1,-1
740,24270,554.00,190.00,48.00,132.00,1,-1,-1,-1
740,24271,20.00,168.00,32.00,68.00,1,-1,-1,-1
741,24265,550.82,189.92,53.06,131.87,1,-1,-1,-1
741,24271,20.00,168.00,32.00,68.00,1,-1,-1,-1
742,24265,554.06,190.26,52.16,132.43,1,-1,-1,-1
742,24271,20.00,168.00,32.00,68.00,1,-1,-1,-1
743,24265,555.24,190.36,51.48,132.60,1,-1,-1,-1
743,24271,20.00,168.00,32.00,68.00,1,-1,-1,-1
744,24265,555.64,190.38,50.96,132.62,1,-1,-1,-1
744,24271,20.00,168.00,32.00,68.00,1,-1,-1,-1
745,24265,555.73,190.37,50.54,132.60,1,-1,-1,-1
745,24271,20.00,168.00,32.00,68.00,1,-1,-1,-1
746,24265,555.70,190.34,50.21,132.56,1,-1,-1,-1
746,24271,20.00,168.00,32.00,68.00,1,-1,-1,-1
747,24265,555.62,190.32,49.94,132.52,1,-1,-1,-1
747,24271,20.00,168.00,32.00,68.00,1,-1,-1,-1
748,24265,559.60,190.82,50.25,133.35,1,-1,-1,-1
748,24267,377.02,197.93,37.50,100.02,1,-1,-1,-1
748,24271,20.00,168.00,32.00,68.00,1,-1,-1,-1
748,24272,616.00,218.00,36.00,110.00,1,-1,-1,-1
748,24273,242.00,208.00,42.00,86.00,1,-1,-1,-1
749,24267,374.54,198.09,39.00,99.98,1,-1,-1,-1
749,24272,616.00,218.00,36.00,110.00,1,-1,-1,-1
749,24273,242.00,208.00,42.00,86.00,1,-1,-1,-1
750,24267,373.35,198.15,40.10,99.96,1,-1,-1,-1
750,24272,616.00,218.00,36.00,110.00,1,-1,-1,-1
750,24273,242.00,208.00,42.00,86.00,1,-1,-1,-1
751,24267,372.79,198.17,40.94,99.96,1,-1,-1,-1
751,24272,616.00,218.00,36.00,110.00,1,-1,-1,-1
751,24273,242.00,208.00,42.00,86.00,1,-1,-1,-1
752,24267,372.52,198.16,41.61,99.96,1,-1,-1,-1
752,24272,616.00,218.00,36.00,110.00,1,-1,-1,-1
752,24273,242.00,208.00,42.00,86.00,1,-1,-1,-1
753,24267,372.38,198.15,42.16,99.96,1,-1,-1,-1
753,24272,616.00,218.00,36.00,110.00,1,-1,-1,-1
753,24273,242.00,208.00,42.00,86.00,1,-1,-1,-1
754,24267,372.29,198.13,42.62,99.97,1,-1,-1,-1
754,24272,616.00,218.00,36.00,110.00,1,-1,-1,-1
754,24273,242.00,208.00,42.00,86.00,1,-1,-1,-1
755,24267,372.24,198.12,43.01,99.97,1,-1,-1,-1
755,24272,616.00,218.00,36.00,110.00,1,-1,-1,-1
755,24273,242.00,208.00,42.00,86.00,1,-1,-1,-1
756,24267,372.20,198.11,43.34,99.97,1,-1,-1,-1
756,24272,616.00,218.00,36.00,110.00,1,-1,-1,-1
756,24273,242.00,208.00,42.00,86.00,1,-1,-1,-1
757,24267,370.38,198.29,43.32,99.93,1,-1,-1,-1
757,24269,224.03,219.70,35.34,96.33,1,-1,-1,-1
757,24272,616.00,218.00,36.00,110.00,1,-1,-1,-1
757,24273,242.00,208.00,42.00,86.00,1,-1,-1,-1
758,24269,226.06,220.28,36.30,95.69,1,-1,-1,-1
759,24269,226.79,220.53,37.07,95.40,1,-1,-1,-1
760,24269,226.65,220.57,37.72,95.35,1,-1,-1,-1
761,24269,226.22,220.54,38.27,95.40,1,-1,-1,-1
762,24269,225.74,220.48,38.73,95.46,1,-1,-1,-1
763,24269,225.30,220.43,39.12,95.52,1,-1,-1,-1
764,24269,224.92,220.38,39.45,95.58,1,-1,-1,-1
765,24269,224.59,220.33,39.73,95.63,1,-1,-1,-1
766,24269,227.09,220.87,39.48,95.02,1,-1,-1,-1
766,24272,633.72,194.71,35.50,106.12,1,-1,-1,-1
766,24274,248.00,186.00,52.00,150.00,1,-1,-1,-1
767,24272,634.18,193.73,36.05,105.95,1,-1,-1,-1
767,24274,248.00,186.00,52.00,150.00,1,-1,-1,-1
768,24272,634.20,193.38,36.53,105.90,1,-1,-1,-1
768,24274,248.00,186.00,52.00,150.00,1,-1,-1,-1
769,24272,634.06,193.29,36.93,105.88,1,-1,-1,-1
769,24274,248.00,186.00,52.00,150.00,1,-1,-1,-1
770,24272,633.88,193.31,37.28,105.88,1,-1,-1,-1
770,24274,248.00,186.00,52.00,150.00,1,-1,-1,-1
771,24272,633.69,193.36,37.58,105.89,1,-1,-1,-1
771,24274,248.00,186.00,52.00,150.00,1,-1,-1,-1
772,24272,633.52,193.41,37.84,105.90,1,-1,-1,-1
772,24274,248.00,186.00,52.00,150.00,1,-1,-1,-1
773,24272,633.36,193.47,38.07,105.91,1,-1,-1,-1
773,24274,248.00,186.00,52.00,150.00,1,-1,-1,-1
774,24272,633.23,193.52,38.27,105.92,1,-1,-1,-1
774,24274,248.00,186.00,52.00,150.00,1,-1,-1,-1
775,24272,633.83,192.75,38.22,105.79,1,-1,-1,-1
775,24274,248.00,186.00,52.00,150.00,1,-1,-1,-1
784,24275,580.00,232.00,42.00,124.00,1,-1,-1,-1
785,24275,580.00,232.00,42.00,124.00,1,-1,-1,-1
786,24275,580.00,232.00,42.00,124.00,1,-1,-1,-1
787,24275,580.00,232.00,42.00,124.00,1,-1,-1,-1
788,24275,580.00,232.00,42.00,124.00,1,-1,-1,-1
789,24275,580.00,232.00,42.00,124.00,1,-1,-1,-1
790,24275,580.00,232.00,42.00,124.00,1,-1,-1,-1
791,24275,580.00,232.00,42.00,124.00,1,-1,-1,-1
792,24275,580.00,232.00,42.00,124.00,1,-1,-1,-1
793,24275,580.00,232.00,42.00,124.00,1,-1,-1,-1
