1,23723,432.09,274.80,38.01,119.38,1,-1,-1,-1
1,23725,199.00,199.00,50.00,157.00,1,-1,-1,-1
1,23726,389.00,173.00,151.00,242.00,1,-1,-1,-1
1,23727,59.00,155.00,91.00,285.00,1,-1,-1,-1
1,23728,261.00,197.00,121.00,199.00,1,-1,-1,-1
1,23729,150.00,195.00,53.00,162.00,1,-1,-1,-1
2,23725,199.00,199.00,50.00,157.00,1,-1,-1,-1
2,23726,389.00,173.00,151.00,242.00,1,-1,-1,-1
2,23727,59.00,155.00,91.00,285.00,1,-1,-1,-1
2,23728,261.00,197.00,121.00,199.00,1,-1,-1,-1
2,23729,150.00,195.00,53.00,162.00,1,-1,-1,-1
3,23725,199.00,199.00,50.00,157.00,1,-1,-1,-1
3,23726,389.00,173.00,151.00,242.00,1,-1,-1,-1
3,23727,59.00,155.00,91.00,285.00,1,-1,-1,-1
3,23728,261.00,197.00,121.00,199.00,1,-1,-1,-1
3,23729,150.00,195.00,53.00,162.00,1,-1,-1,-1
4,23725,199.00,199.00,50.00,157.00,1,-1,-1,-1
4,23726,389.00,173.00,151.00,242.00,1,-1,-1,-1
4,23727,59.00,155.00,91.00,285.00,1,-1,-1,-1
4,23728,261.00,197.00,121.00,199.00,1,-1,-1,-1
4,23729,150.00,195.00,53.00,162.00,1,-1,-1,-1
5,23725,199.00,199.00,50.00,157.00,1,-1,-1,-1
5,23726,389.00,173.00,151.00,242.00,1,-1,-1,-1
5,23727,59.00,155.00,91.00,285.00,1,-1,-1,-1
5,23728,261.00,197.00,121.00,199.00,1,-1,-1,-1
5,23729,150.00,195.00,53.00,162.00,1,-1,-1,-1
6,23725,199.00,199.00,50.00,157.00,1,-1,-1,-1
6,23726,389.00,173.00,151.00,242.00,1,-1,-1,-1
6,23727,59.00,155.00,91.00,285.00,1,-1,-1,-1
6,23728,261.00,197.00,121.00,199.00,1,-1,-1,-1
6,23729,150.00,195.00,53.00,162.00,1,-1,-1,-1
7,23725,199.00,199.00,50.00,157.00,1,-1,-1,-1
7,23726,389.00,173.00,151.00,242.00,1,-1,-1,-1
7,23727,59.00,155.00,91.00,285.00,1,-1,-1,-1
7,23728,261.00,197.00,121.00,199.00,1,-1,-1,-1
7,23729,150.00,195.00,53.00,162.00,1,-1,-1,-1
8,23725,199.00,199.00,50.00,157.00,1,-1,-1,-1
8,23726,389.00,173.00,151.00,242.00,1,-1,-1,-1
8,23727,59.00,155.00,91.00,285.00,1,-1,-1,-1
8,23728,261.00,197.00,121.00,199.00,1,-1,-1,-1
8,23729,150.00,195.00,53.00,162.00,1,-1,-1,-1
9,23725,199.00,199.00,50.00,157.00,1,-1,-1,-1
9,23726,389.00,173.00,151.00,242.00,1,-1,-1,-1
9,23727,59.00,155.00,91.00,285.00,1,-1,-1,-1
9,23728,261.00,197.00,121.00,199.00,1,-1,-1,-1
9,23729,150.00,195.00,53.00,162.00,1,-1,-1,-1
10,23725,199.00,199.00,50.00,157.00,1,-1,-1,-1
10,23726,389.00,173.00,151.00,242.00,1,-1,-1,-1
10,23727,59.00,155.00,91.00,285.00,1,-1,-1,-1
10,23728,233.99,190.29,115.27,194.30,1,-1,-1,-1
10,23729,150.00,195.00,53.00,162.00,1,-1,-1,-1
10,23730,108.00,167.00,128.00,278.00,1,-1,-1,-1
11,23728,224.75,187.78,111.46,192.55,1,-1,-1,-1
11,23730,108.00,167.00,128.00,278.00,1,-1,-1,-1
12,23727,115.84,165.25,92.64,279.02,1,-1,-1,-1
12,23728,222.32,186.90,108.45,191.93,1,-1,-1,-1
13,23727,123.12,166.81,95.59,278.11,1,-1,-1,-1
13,23728,222.36,186.61,105.83,191.73,1,-1,-1,-1
14,23727,124.61,167.33,98.46,277.81,1,-1,-1,-1
14,23728,223.24,186.54,103.43,191.68,1,-1,-1,-1
15,23727,124.15,167.48,101.15,277.72,1,-1,-1,-1
15,23728,224.38,186.55,101.23,191.68,1,-1,-1,-1
16,23727,123.03,167.51,103.63,277.70,1,-1,-1,-1
16,23728,225.55,186.58,99.18,191.71,1,-1,-1,-1
17,23727,121.75,167.48,105.89,277.72,1,-1,-1,-1
17,23728,226.66,186.62,97.29,191.73,1,-1,-1,-1
18,23727,120.50,167.44,107.96,277.74,1,-1,-1,-1
18,23728,227.70,186.66,95.55,191.76,1,-1,-1,-1
19,23725,293.46,200.94,47.37,147.30,1,-1,-1,-1
19,23726,497.96,165.24,155.29,258.50,1,-1,-1,-1
19,23727,124.64,168.16,107.80,277.32,1,-1,-1,-1
19,23728,204.66,172.24,123.54,247.60,1,-1,-1,-1
19,23729,161.47,192.09,53.35,159.09,1,-1,-1,-1
20,23725,297.26,201.02,47.61,146.89,1,-1,-1,-1
20,23726,504.94,164.90,150.94,259.21,1,-1,-1,-1
20,23728,196.39,167.15,133.48,267.20,1,-1,-1,-1
20,23729,161.47,191.97,54.33,158.97,1,-1,-1,-1
21,23725,298.52,201.05,47.85,146.74,1,-1,-1,-1
21,23726,508.50,164.78,147.20,259.46,1,-1,-1,-1
21,23728,192.94,165.01,137.82,275.59,1,-1,-1,-1
21,23729,161.23,191.92,55.16,158.92,1,-1,-1,-1
22,23725,298.75,201.06,48.09,146.71,1,-1,-1,-1
22,23726,510.53,164.75,144.01,259.52,1,-1,-1,-1
22,23728,191.66,164.20,139.57,278.82,1,-1,-1,-1
22,23729,160.93,191.91,55.85,158.91,1,-1,-1,-1
23,23725,298.58,201.06,48.30,146.72,1,-1,-1,-1
23,23726,511.84,164.76,141.28,259.52,1,-1,-1,-1
23,23728,191.25,163.95,140.25,279.91,1,-1,-1,-1
23,23729,160.63,191.91,56.44,158.91,1,-1,-1,-1
24,23725,298.29,201.05,48.48,146.74,1,-1,-1,-1
24,23726,512.80,164.77,138.93,259.48,1,-1,-1,-1
24,23728,191.18,163.91,140.49,280.17,1,-1,-1,-1
24,23729,160.36,191.92,56.94,158.92,1,-1,-1,-1
25,23725,297.98,201.05,48.65,146.76,1,-1,-1,-1
25,23726,513.55,164.79,136.89,259.44,1,-1,-1,-1
25,23728,191.24,163.94,140.57,280.11,1,-1,-1,-1
25,23729,160.11,191.93,57.38,158.93,1,-1,-1,-1
26,23725,297.69,201.04,48.79,146.78,1,-1,-1,-1
26,23726,514.17,164.81,135.11,259.40,1,-1,-1,-1
26,23728,191.34,164.01,140.57,279.94,1,-1,-1,-1
26,23729,159.89,191.93,57.76,158.93,1,-1,-1,-1
27,23725,297.42,201.04,48.91,146.80,1,-1,-1,-1
27,23726,514.70,164.83,133.55,259.37,1,-1,-1,-1
27,23728,191.46,164.08,140.55,279.73,1,-1,-1,-1
27,23729,159.70,191.94,58.09,158.94,1,-1,-1,-1
28,23725,300.50,201.10,48.81,146.49,1,-1,-1,-1
28,23726,518.52,164.55,133.85,259.96,1,-1,-1,-1
28,23727,281.98,156.65,110.20,296.18,1,-1,-1,-1
28,23728,188.40,162.64,142.72,284.04,1,-1,-1,-1
28,23729,160.11,191.84,58.06,158.84,1,-1,-1,-1
28,23731,239.00,217.00,73.00,149.00,1,-1,-1,-1
28,23732,83.00,190.00,123.00,203.00,1,-1,-1,-1
29,23727,290.59,156.07,106.79,297.07,1,-1,-1,-1
29,23731,239.00,217.00,73.00,149.00,1,-1,-1,-1
29,23732,83.00,190.00,123.00,203.00,1,-1,-1,-1
30,23727,294.44,155.87,103.94,297.38,1,-1,-1,-1
30,23731,239.00,217.00,73.00,149.00,1,-1,-1,-1
30,23732,83.00,190.00,123.00,203.00,1,-1,-1,-1
31,23727,296.22,155.80,101.58,297.47,1,-1,-1,-1
31,23731,239.00,217.00,73.00,149.00,1,-1,-1,-1
31,23732,83.00,190.00,123.00,203.00,1,-1,-1,-1
32,23727,297.12,155.79,99.60,297.48,1,-1,-1,-1
32,23731,239.00,217.00,73.00,149.00,1,-1,-1,-1
32,23732,83.00,190.00,123.00,203.00,1,-1,-1,-1
33,23727,297.61,155.80,97.92,297.45,1,-1,-1,-1
33,23731,239.00,217.00,73.00,149.00,1,-1,-1,-1
33,23732,83.00,190.00,123.00,203.00,1,-1,-1,-1
34,23727,297.92,155.81,96.48,297.42,1,-1,-1,-1
34,23731,239.00,217.00,73.00,149.00,1,-1,-1,-1
34,23732,83.00,190.00,123.00,203.00,1,-1,-1,-1
35,23727,298.13,155.83,95.24,297.38,1,-1,-1,-1
35,23731,239.00,217.00,73.00,149.00,1,-1,-1,-1
35,23732,83.00,190.00,123.00,203.00,1,-1,-1,-1
36,23727,298.28,155.84,94.15,297.35,1,-1,-1,-1
36,23731,239.00,217.00,73.00,149.00,1,-1,-1,-1
36,23732,83.00,190.00,123.00,203.00,1,-1,-1,-1
37,23725,287.31,203.92,57.04,160.39,1,-1,-1,-1
37,23727,304.39,155.60,94.33,297.91,1,-1,-1,-1
37,23728,328.91,161.39,146.48,292.58,1,-1,-1,-1
37,23731,239.00,217.00,73.00,149.00,1,-1,-1,-1
37,23732,33.66,181.94,134.41,222.47,1,-1,-1,-1
38,23725,285.21,204.04,59.97,161.05,1,-1,-1,-1
38,23728,337.23,161.59,145.91,292.23,1,-1,-1,-1
38,23732,15.95,179.03,138.27,229.51,1,-1,-1,-1
39,23725,283.88,204.09,62.16,161.28,1,-1,-1,-1
39,23728,340.12,161.62,145.59,292.22,1,-1,-1,-1
39,23732,9.29,177.92,139.51,232.20,1,-1,-1,-1
40,23725,282.92,204.10,63.87,161.35,1,-1,-1,-1
40,23728,341.10,161.65,145.31,292.17,1,-1,-1,-1
40,23732,7.10,177.53,139.70,233.14,1,-1,-1,-1
41,23725,282.17,204.10,65.26,161.35,1,-1,-1,-1
41,23728,341.33,161.68,145.05,292.08,1,-1,-1,-1
41,23732,6.63,177.42,139.51,233.39,1,-1,-1,-1
42,23725,281.56,204.09,66.41,161.34,1,-1,-1,-1
42,23728,341.26,161.71,144.83,291.98,1,-1,-1,-1
42,23732,6.78,177.42,139.20,233.39,1,-1,-1,-1
43,23725,281.04,204.08,67.39,161.31,1,-1,-1,-1
43,23728,341.11,161.74,144.63,291.88,1,-1,-1,-1
43,23732,7.14,177.46,138.85,233.31,1,-1,-1,-1
44,23725,280.60,204.08,68.23,161.28,1,-1,-1,-1
44,23728,340.93,161.77,144.46,291.80,1,-1,-1,-1
44,23732,7.55,177.50,138.51,233.20,1,-1,-1,-1
45,23725,280.21,204.07,68.95,161.26,1,-1,-1,-1
45,23728,340.75,161.79,144.31,291.72,1,-1,-1,-1
45,23732,7.95,177.55,138.19,233.10,1,-1,-1,-1
46,23725,280.43,204.18,69.13,161.67,1,-1,-1,-1
46,23727,435.95,153.97,104.57,303.96,1,-1,-1,-1
46,23728,344.32,161.45,144.88,292.87,1,-1,-1,-1
46,23729,4.52,184.07,75.55,202.47,1,-1,-1,-1
46,23731,309.03,202.45,79.45,165.50,1,-1,-1,-1
46,23732,3.52,176.82,139.23,234.84,1,-1,-1,-1
46,23733,104.00,175.00,113.00,235.00,1,-1,-1,-1
47,23727,438.59,153.93,110.84,304.18,1,-1,-1,-1
47,23729,0.15,183.89,76.96,203.56,1,-1,-1,-1
47,23731,312.71,201.81,78.49,166.22,1,-1,-1,-1
47,23733,104.00,175.00,113.00,235.00,1,-1,-1,-1
48,23727,438.26,153.91,115.67,304.27,1,-1,-1,-1
48,23729,-1.49,183.82,77.81,203.92,1,-1,-1,-1
48,23731,314.30,201.59,77.55,166.47,1,-1,-1,-1
48,23733,104.00,175.00,113.00,235.00,1,-1,-1,-1
49,23727,436.83,153.90,119.53,304.28,1,-1,-1,-1
49,23729,-2.05,183.81,78.38,204.00,1,-1,-1,-1
49,23731,315.01,201.53,76.70,166.53,1,-1,-1,-1
49,23733,104.00,175.00,113.00,235.00,1,-1,-1,-1
50,23727,435.13,153.91,122.68,304.27,1,-1,-1,-1
50,23729,-2.18,183.82,78.79,203.98,1,-1,-1,-1
50,23731,315.36,201.54,75.96,166.53,1,-1,-1,-1
50,23733,104.00,175.00,113.00,235.00,1,-1,-1,-1
51,23727,433.47,153.92,125.31,304.25,1,-1,-1,-1
51,23729,-2.15,183.83,79.11,203.92,1,-1,-1,-1
51,23731,315.54,201.56,75.31,166.49,1,-1,-1,-1
51,23733,104.00,175.00,113.00,235.00,1,-1,-1,-1
52,23727,431.96,153.92,127.55,304.23,1,-1,-1,-1
52,23729,-2.04,183.84,79.36,203.85,1,-1,-1,-1
52,23731,315.65,201.60,74.74,166.46,1,-1,-1,-1
52,23733,104.00,175.00,113.00,235.00,1,-1,-1,-1
53,23727,430.62,153.93,129.46,304.21,1,-1,-1,-1
53,23729,-1.91,183.85,79.56,203.78,1,-1,-1,-1
53,23731,315.72,201.63,74.24,166.42,1,-1,-1,-1
53,23733,104.00,175.00,113.00,235.00,1,-1,-1,-1
54,23727,429.42,153.94,131.13,304.19,1,-1,-1,-1
54,23729,-1.77,183.87,79.73,203.71,1,-1,-1,-1
54,23731,315.78,201.67,73.80,166.38,1,-1,-1,-1
54,23733,104.00,175.00,113.00,235.00,1,-1,-1,-1
55,23725,355.69,205.01,69.65,159.25,1,-1,-1,-1
55,23727,434.95,153.84,131.26,304.49,1,-1,-1,-1
55,23728,490.01,158.98,142.03,305.89,1,-1,-1,-1
55,23729,-5.82,183.66,80.18,204.85,1,-1,-1,-1
55,23731,318.33,201.13,74.07,166.98,1,-1,-1,-1
55,23733,104.00,175.00,113.00,235.00,1,-1,-1,-1
55,23734,473.00,214.00,57.00,139.00,1,-1,-1,-1
56,23725,358.69,205.03,70.72,159.09,1,-1,-1,-1
56,23728,499.80,158.90,135.35,306.38,1,-1,-1,-1
56,23734,473.00,214.00,57.00,139.00,1,-1,-1,-1
57,23725,359.50,205.04,71.59,159.04,1,-1,-1,-1
57,23728,504.75,158.87,130.06,306.57,1,-1,-1,-1
57,23734,473.00,214.00,57.00,139.00,1,-1,-1,-1
58,23725,359.49,205.04,72.29,159.02,1,-1,-1,-1
58,23728,507.49,158.86,125.78,306.60,1,-1,-1,-1
58,23734,473.00,214.00,57.00,139.00,1,-1,-1,-1
59,23725,359.19,205.04,72.87,159.01,1,-1,-1,-1
59,23728,509.18,158.87,122.24,306.58,1,-1,-1,-1
59,23734,473.00,214.00,57.00,139.00,1,-1,-1,-1
60,23725,358.81,205.04,73.35,159.01,1,-1,-1,-1
60,23728,510.36,158.88,119.28,306.54,1,-1,-1,-1
60,23734,473.00,214.00,57.00,139.00,1,-1,-1,-1
61,23725,358.44,205.04,73.77,159.00,1,-1,-1,-1
61,23728,511.24,158.89,116.76,306.49,1,-1,-1,-1
61,23734,473.00,214.00,57.00,139.00,1,-1,-1,-1
62,23725,358.09,205.03,74.12,159.00,1,-1,-1,-1
62,23728,511.96,158.90,114.59,306.45,1,-1,-1,-1
62,23734,473.00,214.00,57.00,139.00,1,-1,-1,-1
63,23725,357.78,205.03,74.43,159.00,1,-1,-1,-1
63,23728,512.55,158.91,112.71,306.41,1,-1,-1,-1
63,23734,473.00,214.00,57.00,139.00,1,-1,-1,-1
64,23725,376.77,200.45,78.00,166.85,1,-1,-1,-1
64,23728,517.88,158.76,112.94,307.06,1,-1,-1,-1
64,23733,248.24,185.67,117.55,244.70,1,-1,-1,-1
64,23734,473.00,214.00,57.00,139.00,1,-1,-1,-1
64,23735,532.00,209.00,52.00,149.00,1,-1,-1,-1
65,23725,383.85,198.74,79.27,169.77,1,-1,-1,-1
65,23733,254.50,186.13,117.66,245.12,1,-1,-1,-1
65,23735,532.00,209.00,52.00,149.00,1,-1,-1,-1
66,23725,386.50,198.09,79.71,170.89,1,-1,-1,-1
66,23733,256.72,186.29,117.65,245.27,1,-1,-1,-1
66,23735,532.00,209.00,52.00,149.00,1,-1,-1,-1
67,23725,387.40,197.85,79.82,171.29,1,-1,-1,-1
67,23733,257.30,186.34,117.61,245.31,1,-1,-1,-1
67,23735,532.00,209.00,52.00,149.00,1,-1,-1,-1
68,23725,387.64,197.78,79.81,171.42,1,-1,-1,-1
68,23733,257.26,186.33,117.55,245.30,1,-1,-1,-1
68,23735,532.00,209.00,52.00,149.00,1,-1,-1,-1
69,23725,387.63,197.76,79.76,171.44,1,-1,-1,-1
69,23733,256.99,186.31,117.50,245.28,1,-1,-1,-1
69,23735,532.00,209.00,52.00,149.00,1,-1,-1,-1
70,23725,387.54,197.77,79.70,171.42,1,-1,-1,-1
70,23733,256.66,186.28,117.45,245.26,1,-1,-1,-1
70,23735,532.00,209.00,52.00,149.00,1,-1,-1,-1
71,23725,387.42,197.79,79.63,171.39,1,-1,-1,-1
71,23733,256.33,186.26,117.40,245.23,1,-1,-1,-1
71,23735,532.00,209.00,52.00,149.00,1,-1,-1,-1
