1,4680,433.21,135.12,96.60,211.42,1,-1,-1,-1
1,4684,327.53,115.57,119.65,252.79,1,-1,-1,-1
1,4685,569.73,217.20,59.05,140.24,1,-1,-1,-1
1,4686,182.00,94.00,69.00,226.00,1,-1,-1,-1
1,4687,565.00,90.00,70.00,191.00,1,-1,-1,-1
2,4677,170.10,94.59,93.31,232.99,1,-1,-1,-1
2,4680,435.44,108.03,103.57,230.20,1,-1,-1,-1
2,4684,330.18,91.73,116.20,251.97,1,-1,-1,-1
2,4687,564.98,92.57,70.04,191.00,1,-1,-1,-1
2,4688,90.00,99.00,61.00,230.00,1,-1,-1,-1
3,4677,180.65,86.99,89.89,235.21,1,-1,-1,-1
3,4680,440.36,93.77,106.69,240.85,1,-1,-1,-1
3,4684,337.43,80.86,113.57,254.22,1,-1,-1,-1
3,4687,563.80,93.00,70.89,193.25,1,-1,-1,-1
3,4688,88.55,105.00,58.75,220.57,1,-1,-1,-1
4,4677,188.58,83.37,90.14,235.86,1,-1,-1,-1
4,4680,444.25,90.01,102.00,235.13,1,-1,-1,-1
4,4684,342.73,77.61,110.24,253.11,1,-1,-1,-1
4,4687,563.59,88.69,72.30,196.95,1,-1,-1,-1
4,4688,85.47,88.44,64.07,237.33,1,-1,-1,-1
5,4680,446.75,87.60,98.97,233.15,1,-1,-1,-1
5,4684,348.05,79.23,106.39,248.74,1,-1,-1,-1
5,4687,562.74,91.49,71.48,194.59,1,-1,-1,-1
5,4688,82.12,88.86,65.49,238.42,1,-1,-1,-1
6,4680,448.68,83.04,100.69,238.64,1,-1,-1,-1
6,4684,352.48,79.46,103.50,246.39,1,-1,-1,-1
6,4687,562.33,91.12,71.44,194.37,1,-1,-1,-1
6,4688,74.44,86.56,67.54,242.02,1,-1,-1,-1
7,4680,449.52,81.42,100.98,240.67,1,-1,-1,-1
7,4684,354.40,79.75,101.45,245.50,1,-1,-1,-1
7,4687,562.19,91.00,71.44,194.26,1,-1,-1,-1
7,4688,71.42,85.91,69.03,243.11,1,-1,-1,-1
8,4680,449.86,81.02,100.75,241.32,1,-1,-1,-1
8,4684,355.35,80.04,99.81,245.17,1,-1,-1,-1
8,4687,562.14,90.96,71.46,194.20,1,-1,-1,-1
8,4688,70.05,85.83,70.34,243.33,1,-1,-1,-1
9,4677,215.18,93.63,85.34,226.09,1,-1,-1,-1
9,4680,453.62,74.14,102.59,245.73,1,-1,-1,-1
9,4684,361.56,82.93,98.22,243.08,1,-1,-1,-1
9,4687,560.48,90.27,72.07,195.52,1,-1,-1,-1
9,4688,55.62,95.40,69.07,241.92,1,-1,-1,-1
10,4677,220.25,94.85,87.21,225.23,1,-1,-1,-1
10,4684,366.15,85.50,97.34,242.29,1,-1,-1,-1
10,4687,559.70,88.69,72.67,195.99,1,-1,-1,-1
10,4688,49.90,100.38,66.18,233.88,1,-1,-1,-1
10,4689,178.00,86.00,47.00,166.00,1,-1,-1,-1
11,4677,221.55,95.20,88.70,224.95,1,-1,-1,-1
11,4684,367.84,86.60,96.72,242.00,1,-1,-1,-1
11,4687,559.30,88.10,73.14,196.15,1,-1,-1,-1
11,4688,48.16,102.26,64.73,230.77,1,-1,-1,-1
11,4689,178.00,86.00,47.00,166.00,1,-1,-1,-1
12,4677,221.54,95.36,89.87,224.85,1,-1,-1,-1
12,4684,368.43,87.12,96.22,241.90,1,-1,-1,-1
12,4687,559.05,87.90,73.55,196.19,1,-1,-1,-1
12,4688,47.87,102.93,63.85,229.62,1,-1,-1,-1
12,4689,178.00,86.00,47.00,166.00,1,-1,-1,-1
13,4677,233.62,108.59,84.13,205.13,1,-1,-1,-1
13,4680,470.67,88.46,91.55,221.54,1,-1,-1,-1
13,4684,375.93,86.10,95.55,240.56,1,-1,-1,-1
13,4687,556.29,85.85,73.76,196.19,1,-1,-1,-1
13,4688,34.20,101.83,61.55,220.51,1,-1,-1,-1
13,4689,176.13,86.74,47.04,166.00,1,-1,-1,-1
14,4677,239.89,111.05,82.72,199.56,1,-1,-1,-1
14,4680,474.56,91.24,89.11,217.35,1,-1,-1,-1
14,4684,379.15,86.46,94.88,238.75,1,-1,-1,-1
14,4687,556.38,84.44,72.27,192.88,1,-1,-1,-1
14,4688,26.53,103.41,60.08,213.72,1,-1,-1,-1
14,4689,175.10,86.99,47.13,166.00,1,-1,-1,-1
15,4677,241.73,111.90,82.64,197.66,1,-1,-1,-1
15,4680,476.06,91.88,88.03,216.19,1,-1,-1,-1
15,4684,380.18,86.69,94.65,238.09,1,-1,-1,-1
15,4687,556.51,83.93,71.58,191.62,1,-1,-1,-1
15,4688,23.82,103.97,59.80,211.29,1,-1,-1,-1
15,4689,174.74,87.07,47.22,166.00,1,-1,-1,-1
16,4677,242.04,112.19,82.98,197.05,1,-1,-1,-1
16,4680,476.66,92.19,87.34,215.74,1,-1,-1,-1
16,4684,380.41,86.84,94.59,237.85,1,-1,-1,-1
16,4687,556.64,83.76,71.19,191.15,1,-1,-1,-1
16,4688,22.89,104.16,59.94,210.47,1,-1,-1,-1
16,4689,174.61,87.08,47.33,166.00,1,-1,-1,-1
17,4677,245.77,105.63,85.48,204.89,1,-1,-1,-1
17,4680,486.32,89.78,95.56,231.95,1,-1,-1,-1
17,4684,383.61,86.96,93.29,234.50,1,-1,-1,-1
17,4687,556.16,83.17,71.12,190.94,1,-1,-1,-1
17,4688,18.45,104.63,59.43,208.71,1,-1,-1,-1
17,4689,172.79,85.71,48.91,171.47,1,-1,-1,-1
18,4677,249.16,103.86,85.42,206.50,1,-1,-1,-1
18,4680,489.06,89.55,95.74,229.66,1,-1,-1,-1
18,4684,387.36,85.76,93.37,234.57,1,-1,-1,-1
18,4687,563.84,88.34,67.59,183.18,1,-1,-1,-1
18,4689,172.24,86.54,49.30,172.11,1,-1,-1,-1
18,4690,592.00,97.00,47.00,144.00,1,-1,-1,-1
19,4677,251.56,103.84,84.78,208.47,1,-1,-1,-1
19,4680,489.51,88.96,96.00,229.91,1,-1,-1,-1
19,4684,392.82,86.01,94.23,235.27,1,-1,-1,-1
19,4687,564.28,90.15,66.59,182.08,1,-1,-1,-1
19,4688,14.11,133.18,57.38,189.70,1,-1,-1,-1
19,4689,172.65,85.53,49.58,172.98,1,-1,-1,-1
20,4677,255.27,104.50,84.50,207.94,1,-1,-1,-1
20,4680,489.96,87.51,96.57,229.94,1,-1,-1,-1
20,4684,396.30,86.16,94.73,234.90,1,-1,-1,-1
20,4687,564.54,90.30,66.24,181.12,1,-1,-1,-1
20,4688,10.64,138.25,59.27,188.24,1,-1,-1,-1
20,4689,172.08,86.48,49.85,173.28,1,-1,-1,-1
21,4677,260.78,102.80,87.02,211.04,1,-1,-1,-1
21,4680,492.92,85.73,96.82,231.85,1,-1,-1,-1
21,4684,399.07,87.57,94.38,232.16,1,-1,-1,-1
21,4688,7.03,141.69,58.29,185.13,1,-1,-1,-1
21,4689,172.58,86.17,49.89,172.70,1,-1,-1,-1
22,4677,262.40,102.16,88.63,212.22,1,-1,-1,-1
22,4680,494.08,85.12,96.61,232.53,1,-1,-1,-1
22,4684,399.77,88.15,94.64,231.14,1,-1,-1,-1
22,4689,172.73,86.06,50.01,172.45,1,-1,-1,-1
23,4677,262.57,101.93,89.82,212.67,1,-1,-1,-1
23,4680,494.55,84.96,96.26,232.74,1,-1,-1,-1
23,4684,399.73,88.40,95.11,230.79,1,-1,-1,-1
23,4689,172.74,86.01,50.15,172.34,1,-1,-1,-1
24,4677,262.24,101.85,90.79,212.85,1,-1,-1,-1
24,4680,494.74,84.96,95.88,232.77,1,-1,-1,-1
24,4684,399.44,88.52,95.61,230.68,1,-1,-1,-1
24,4689,172.71,86.00,50.30,172.27,1,-1,-1,-1
25,4677,270.94,103.14,85.63,203.79,1,-1,-1,-1
25,4680,503.23,86.33,92.38,226.88,1,-1,-1,-1
25,4684,405.53,88.59,94.99,228.04,1,-1,-1,-1
25,4689,173.66,85.99,49.78,170.27,1,-1,-1,-1
26,4677,274.41,103.65,83.03,200.32,1,-1,-1,-1
26,4680,506.65,86.92,90.47,224.56,1,-1,-1,-1
26,4684,407.60,88.65,95.01,227.06,1,-1,-1,-1
26,4689,174.01,85.99,49.60,169.49,1,-1,-1,-1
27,4677,275.87,103.84,81.49,199.07,1,-1,-1,-1
27,4680,508.08,87.19,89.26,223.68,1,-1,-1,-1
27,4684,408.16,88.68,95.25,226.72,1,-1,-1,-1
27,4689,174.13,85.99,49.56,169.19,1,-1,-1,-1
28,4677,276.55,103.92,80.40,198.64,1,-1,-1,-1
28,4680,508.75,87.32,88.35,223.34,1,-1,-1,-1
28,4684,408.16,88.72,95.55,226.63,1,-1,-1,-1
28,4689,174.16,85.99,49.58,169.08,1,-1,-1,-1
29,4677,288.80,105.26,78.15,194.57,1,-1,-1,-1
29,4680,515.35,88.07,91.48,226.47,1,-1,-1,-1
29,4684,416.21,82.19,97.09,231.86,1,-1,-1,-1
29,4689,172.98,86.65,51.33,176.90,1,-1,-1,-1
30,4677,293.43,105.77,77.02,193.07,1,-1,-1,-1
30,4680,517.26,88.37,93.67,227.64,1,-1,-1,-1
30,4684,419.33,79.76,97.31,233.83,1,-1,-1,-1
30,4689,172.69,86.89,51.66,179.82,1,-1,-1,-1
31,4677,295.16,105.96,76.34,192.56,1,-1,-1,-1
31,4680,517.44,88.52,95.40,228.07,1,-1,-1,-1
31,4684,420.58,78.86,97.08,234.59,1,-1,-1,-1
31,4689,172.72,86.99,51.52,180.92,1,-1,-1,-1
32,4677,295.80,106.03,75.85,192.41,1,-1,-1,-1
32,4680,517.00,88.60,96.86,228.22,1,-1,-1,-1
32,4684,421.10,78.56,96.70,234.88,1,-1,-1,-1
32,4689,172.87,87.02,51.20,181.32,1,-1,-1,-1
33,4677,306.97,98.81,79.88,204.89,1,-1,-1,-1
33,4680,532.91,93.21,91.81,218.48,1,-1,-1,-1
33,4684,436.20,83.69,90.67,222.61,1,-1,-1,-1
33,4689,172.67,87.03,50.95,181.44,1,-1,-1,-1
34,4677,314.03,101.28,78.60,202.45,1,-1,-1,-1
34,4680,538.47,93.69,92.04,222.00,1,-1,-1,-1
34,4684,444.73,88.39,87.95,215.88,1,-1,-1,-1
34,4689,173.38,87.68,49.93,179.51,1,-1,-1,-1
35,4677,316.70,102.29,77.93,201.47,1,-1,-1,-1
35,4680,540.77,93.87,91.45,223.29,1,-1,-1,-1
35,4684,447.73,90.12,86.98,213.45,1,-1,-1,-1
35,4689,173.78,87.93,49.29,178.74,1,-1,-1,-1
36,4677,317.64,102.68,77.53,201.11,1,-1,-1,-1
36,4680,541.82,93.93,90.62,223.79,1,-1,-1,-1
36,4684,448.70,90.75,86.66,212.60,1,-1,-1,-1
36,4689,174.05,88.02,48.82,178.43,1,-1,-1,-1
37,4677,322.86,101.53,77.84,201.63,1,-1,-1,-1
37,4680,547.22,93.96,85.95,215.48,1,-1,-1,-1
37,4684,449.97,92.96,89.11,218.28,1,-1,-1,-1
37,4689,174.30,88.05,48.99,180.25,1,-1,-1,-1
38,4677,324.68,101.10,78.01,201.83,1,-1,-1,-1
38,4680,549.45,93.98,83.51,212.29,1,-1,-1,-1
38,4684,450.31,93.78,90.11,220.42,1,-1,-1,-1
38,4689,174.49,88.06,48.87,180.93,1,-1,-1,-1
39,4677,325.22,100.95,78.13,201.91,1,-1,-1,-1
39,4680,550.48,93.98,82.00,211.14,1,-1,-1,-1
39,4684,450.28,94.07,90.58,221.26,1,-1,-1,-1
39,4689,174.64,88.06,48.66,181.17,1,-1,-1,-1
40,4677,325.27,100.89,78.22,201.94,1,-1,-1,-1
40,4680,551.04,93.98,80.90,210.74,1,-1,-1,-1
40,4684,450.14,94.17,90.82,221.60,1,-1,-1,-1
40,4689,174.78,88.05,48.43,181.25,1,-1,-1,-1
41,4677,334.94,95.01,77.66,202.61,1,-1,-1,-1
41,4680,552.45,86.10,85.14,226.39,1,-1,-1,-1
41,4684,452.17,91.58,91.12,219.13,1,-1,-1,-1
41,4689,174.52,88.05,48.31,181.26,1,-1,-1,-1
42,4677,341.55,93.44,76.56,200.91,1,-1,-1,-1
42,4680,556.43,89.58,81.65,219.39,1,-1,-1,-1
42,4684,453.32,91.24,91.60,216.24,1,-1,-1,-1
42,4689,174.26,88.04,47.94,180.60,1,-1,-1,-1
43,4677,344.04,92.87,75.91,200.26,1,-1,-1,-1
43,4680,558.09,91.03,79.81,216.52,1,-1,-1,-1
43,4684,453.23,91.11,92.66,215.17,1,-1,-1,-1
43,4689,174.21,88.04,47.70,180.33,1,-1,-1,-1
44,4677,344.96,92.68,75.46,200.02,1,-1,-1,-1
44,4680,558.83,91.58,78.72,215.45,1,-1,-1,-1
44,4684,452.71,91.06,93.87,214.79,1,-1,-1,-1
44,4689,174.24,88.04,47.52,180.22,1,-1,-1,-1
45,4677,351.84,98.52,73.10,194.05,1,-1,-1,-1
45,4680,562.75,95.08,76.13,210.47,1,-1,-1,-1
45,4684,456.63,91.69,95.14,213.36,1,-1,-1,-1
45,4689,175.39,88.69,47.12,179.51,1,-1,-1,-1
46,4677,354.33,100.78,72.16,191.79,1,-1,-1,-1
46,4680,564.34,96.40,74.76,208.59,1,-1,-1,-1
46,4684,457.53,91.93,96.63,212.85,1,-1,-1,-1
46,4689,175.89,88.93,46.86,179.24,1,-1,-1,-1
47,4677,355.16,101.61,71.77,190.97,1,-1,-1,-1
47,4680,565.04,96.89,73.89,207.92,1,-1,-1,-1
47,4684,457.34,92.02,98.10,212.68,1,-1,-1,-1
47,4689,176.13,89.02,46.66,179.13,1,-1,-1,-1
48,4677,355.38,101.92,71.59,190.70,1,-1,-1,-1
48,4680,565.40,97.06,73.24,207.69,1,-1,-1,-1
48,4684,456.78,92.05,99.49,212.64,1,-1,-1,-1
48,4689,176.26,89.05,46.49,179.08,1,-1,-1,-1
49,4677,366.89,102.03,71.44,191.93,1,-1,-1,-1
49,4680,567.34,97.35,72.98,206.93,1,-1,-1,-1
49,4684,471.11,91.40,102.25,215.92,1,-1,-1,-1
49,4689,175.32,89.06,46.44,179.06,1,-1,-1,-1
50,4677,372.56,100.11,71.77,193.73,1,-1,-1,-1
50,4684,479.69,93.76,102.63,214.57,1,-1,-1,-1
50,4689,175.33,89.05,46.35,178.40,1,-1,-1,-1
50,4691,435.00,96.00,60.00,192.00,1,-1,-1,-1
51,4677,374.67,99.37,71.72,194.42,1,-1,-1,-1
51,4684,482.59,94.66,103.30,214.06,1,-1,-1,-1
51,4689,175.31,89.05,46.36,178.14,1,-1,-1,-1
51,4691,435.00,96.00,60.00,192.00,1,-1,-1,-1
52,4677,375.42,99.10,71.54,194.70,1,-1,-1,-1
52,4684,483.32,94.99,104.05,213.88,1,-1,-1,-1
52,4689,175.29,89.05,46.40,178.05,1,-1,-1,-1
52,4691,435.00,96.00,60.00,192.00,1,-1,-1,-1
53,4677,387.59,100.30,69.01,189.59,1,-1,-1,-1
53,4684,496.85,102.30,97.87,202.06,1,-1,-1,-1
53,4689,175.58,91.66,45.82,176.05,1,-1,-1,-1
53,4691,435.00,96.00,60.00,192.00,1,-1,-1,-1
54,4677,394.29,98.78,68.92,189.63,1,-1,-1,-1
54,4684,498.58,99.07,100.07,204.22,1,-1,-1,-1
54,4689,175.56,90.68,45.86,176.61,1,-1,-1,-1
55,4677,396.69,98.22,68.83,189.66,1,-1,-1,-1
55,4684,498.81,97.90,101.51,205.02,1,-1,-1,-1
55,4689,175.57,90.30,45.83,176.82,1,-1,-1,-1
56,4677,397.47,98.02,68.75,189.69,1,-1,-1,-1
56,4684,498.48,97.44,102.63,205.35,1,-1,-1,-1
56,4689,175.61,90.15,45.76,176.90,1,-1,-1,-1
57,4677,407.78,93.36,68.73,187.10,1,-1,-1,-1
57,4680,582.67,99.99,60.13,174.13,1,-1,-1,-1
57,4684,502.59,94.63,100.90,206.82,1,-1,-1,-1
57,4689,175.14,88.13,46.04,178.90,1,-1,-1,-1
58,4677,410.27,92.26,71.26,192.72,1,-1,-1,-1
58,4680,584.82,100.81,57.00,168.24,1,-1,-1,-1
58,4684,507.59,91.61,99.04,208.70,1,-1,-1,-1
58,4689,174.94,88.02,46.20,179.65,1,-1,-1,-1
59,4677,411.56,92.52,71.93,192.22,1,-1,-1,-1
59,4680,586.66,101.17,56.03,165.39,1,-1,-1,-1
59,4684,512.07,90.46,96.85,209.43,1,-1,-1,-1
59,4689,174.73,86.67,46.53,181.24,1,-1,-1,-1
60,4677,414.04,102.43,69.84,182.23,1,-1,-1,-1
60,4684,515.52,90.11,96.74,209.19,1,-1,-1,-1
60,4689,174.43,84.87,47.09,183.14,1,-1,-1,-1
61,4677,414.48,110.27,68.30,173.07,1,-1,-1,-1
61,4689,174.21,84.18,47.53,183.85,1,-1,-1,-1
62,4677,412.85,104.40,71.69,180.49,1,-1,-1,-1
62,4689,174.43,83.94,47.73,184.11,1,-1,-1,-1
63,4677,416.34,105.58,71.24,178.57,1,-1,-1,-1
63,4684,537.84,94.26,93.36,204.55,1,-1,-1,-1
63,4689,174.49,83.85,47.88,184.19,1,-1,-1,-1
64,4677,417.45,106.01,71.25,177.87,1,-1,-1,-1
64,4684,540.83,94.79,92.07,204.00,1,-1,-1,-1
64,4689,174.48,83.83,47.99,184.21,1,-1,-1,-1
65,4677,420.49,105.50,71.06,178.29,1,-1,-1,-1
65,4684,541.93,95.62,90.18,203.15,1,-1,-1,-1
65,4689,173.72,83.18,48.24,184.86,1,-1,-1,-1
65,4691,399.21,98.98,58.14,184.06,1,-1,-1,-1
66,4677,424.59,102.02,70.80,179.79,1,-1,-1,-1
66,4684,543.15,95.27,88.96,202.85,1,-1,-1,-1
66,4689,173.42,82.95,48.37,185.09,1,-1,-1,-1
66,4691,395.72,94.12,57.59,181.04,1,-1,-1,-1
67,4677,434.68,99.39,71.07,183.65,1,-1,-1,-1
67,4684,544.13,95.14,87.86,202.76,1,-1,-1,-1
67,4689,173.36,83.52,48.31,184.51,1,-1,-1,-1
67,4691,392.44,89.95,58.37,183.43,1,-1,-1,-1
68,4677,438.44,98.40,71.10,185.76,1,-1,-1,-1
68,4684,546.74,95.73,86.69,202.09,1,-1,-1,-1
68,4689,173.15,83.75,48.66,184.94,1,-1,-1,-1
68,4691,390.24,92.39,58.14,182.34,1,-1,-1,-1
69,4677,441.17,97.38,70.88,186.58,1,-1,-1,-1
69,4684,549.77,94.65,85.88,203.16,1,-1,-1,-1
69,4689,173.21,83.19,49.16,185.74,1,-1,-1,-1
69,4691,388.74,93.34,57.61,181.28,1,-1,-1,-1
70,4677,442.23,97.00,70.52,186.89,1,-1,-1,-1
70,4684,551.15,94.23,84.93,203.58,1,-1,-1,-1
70,4689,173.16,82.98,49.50,186.03,1,-1,-1,-1
70,4691,388.32,93.71,57.33,180.90,1,-1,-1,-1
71,4677,442.64,96.87,70.13,187.00,1,-1,-1,-1
71,4684,551.86,94.08,83.99,203.75,1,-1,-1,-1
71,4689,173.08,82.91,49.77,186.13,1,-1,-1,-1
71,4691,388.28,93.85,57.15,180.78,1,-1,-1,-1
72,4677,442.81,96.83,69.75,187.04,1,-1,-1,-1
72,4684,552.30,94.02,83.13,203.82,1,-1,-1,-1
72,4689,172.99,82.89,49.99,186.16,1,-1,-1,-1
72,4691,388.37,93.91,57.01,180.75,1,-1,-1,-1
73,4677,451.71,101.39,68.04,182.49,1,-1,-1,-1
73,4684,556.32,92.69,81.46,201.90,1,-1,-1,-1
73,4689,174.65,82.89,49.29,182.25,1,-1,-1,-1
73,4691,381.91,90.65,57.62,180.76,1,-1,-1,-1
74,4677,455.00,103.14,67.38,180.75,1,-1,-1,-1
74,4684,557.99,92.19,80.37,201.18,1,-1,-1,-1
74,4689,175.19,82.90,49.20,180.75,1,-1,-1,-1
74,4691,379.39,89.43,58.16,180.77,1,-1,-1,-1
75,4677,456.12,103.79,67.13,180.11,1,-1,-1,-1
75,4684,558.74,92.00,79.56,200.92,1,-1,-1,-1
75,4689,175.31,82.91,49.34,180.19,1,-1,-1,-1
75,4691,378.37,88.98,58.64,180.79,1,-1,-1,-1
76,4677,456.45,104.03,67.03,179.88,1,-1,-1,-1
76,4684,559.14,91.94,78.89,200.83,1,-1,-1,-1
76,4689,175.27,82.92,49.54,179.98,1,-1,-1,-1
76,4691,377.94,88.83,59.07,180.81,1,-1,-1,-1
77,4677,460.20,100.18,68.06,180.47,1,-1,-1,-1
77,4684,561.36,97.16,75.67,192.96,1,-1,-1,-1
77,4689,181.29,84.89,48.67,174.02,1,-1,-1,-1
77,4691,373.68,94.68,58.39,176.25,1,-1,-1,-1
78,4677,461.31,98.72,68.89,180.70,1,-1,-1,-1
78,4684,562.14,99.15,74.39,189.97,1,-1,-1,-1
78,4689,183.39,85.65,48.72,171.76,1,-1,-1,-1
78,4691,371.94,96.92,58.54,174.52,1,-1,-1,-1
79,4677,461.44,98.17,69.59,180.80,1,-1,-1,-1
79,4684,562.40,99.88,73.88,188.91,1,-1,-1,-1
79,4689,183.96,85.92,49.11,170.95,1,-1,-1,-1
79,4691,371.17,97.75,58.98,173.91,1,-1,-1,-1
80,4677,461.22,97.97,70.21,180.85,1,-1,-1,-1
80,4684,562.47,100.13,73.65,188.55,1,-1,-1,-1
80,4689,183.98,86.02,49.59,170.68,1,-1,-1,-1
80,4691,370.78,98.05,59.49,173.70,1,-1,-1,-1
81,4677,472.76,97.90,71.87,184.79,1,-1,-1,-1
81,4684,561.82,102.84,72.83,187.80,1,-1,-1,-1
81,4689,183.24,84.74,49.88,170.60,1,-1,-1,-1
81,4691,364.44,96.83,59.05,169.05,1,-1,-1,-1
82,4677,477.70,99.18,71.83,184.34,1,-1,-1,-1
82,4684,559.81,103.84,70.06,182.95,1,-1,-1,-1
82,4689,183.84,86.22,49.51,167.97,1,-1,-1,-1
82,4691,360.58,95.69,59.97,169.31,1,-1,-1,-1
83,4677,479.44,99.68,71.88,184.15,1,-1,-1,-1
83,4684,559.22,104.19,68.58,181.16,1,-1,-1,-1
83,4689,183.94,86.78,49.59,167.01,1,-1,-1,-1
83,4691,358.99,95.27,60.76,169.43,1,-1,-1,-1
84,4677,479.96,99.87,71.97,184.08,1,-1,-1,-1
84,4684,559.18,104.30,67.63,180.55,1,-1,-1,-1
84,4689,183.86,86.99,49.82,166.68,1,-1,-1,-1
84,4691,358.27,95.11,61.46,169.51,1,-1,-1,-1
85,4677,487.69,99.95,70.44,179.48,1,-1,-1,-1
85,4684,558.51,108.94,62.63,169.15,1,-1,-1,-1
85,4689,184.25,89.69,49.67,164.61,1,-1,-1,-1
85,4691,355.51,92.42,62.91,172.85,1,-1,-1,-1
86,4677,494.87,103.93,69.06,173.78,1,-1,-1,-1
86,4684,557.98,110.66,61.25,166.92,1,-1,-1,-1
86,4689,185.00,90.70,49.71,163.21,1,-1,-1,-1
86,4691,354.10,91.41,63.01,173.46,1,-1,-1,-1
87,4677,497.20,105.42,68.99,171.65,1,-1,-1,-1
87,4684,557.93,111.26,60.47,166.18,1,-1,-1,-1
87,4689,185.13,91.06,49.97,162.72,1,-1,-1,-1
87,4691,353.67,91.04,62.98,173.71,1,-1,-1,-1
88,4677,497.75,105.96,69.37,170.89,1,-1,-1,-1
88,4684,558.03,111.44,59.95,165.99,1,-1,-1,-1
88,4689,185.06,91.18,50.30,162.57,1,-1,-1,-1
88,4691,353.60,90.90,62.92,173.82,1,-1,-1,-1
89,4677,511.72,104.17,70.11,169.32,1,-1,-1,-1
89,4684,558.25,112.39,59.23,163.99,1,-1,-1,-1
89,4689,187.15,91.87,50.74,161.88,1,-1,-1,-1
89,4691,350.95,90.86,63.02,173.21,1,-1,-1,-1
90,4677,516.88,102.82,71.62,170.75,1,-1,-1,-1
90,4689,187.75,90.80,51.25,162.32,1,-1,-1,-1
90,4691,350.40,92.17,62.93,172.33,1,-1,-1,-1
91,4677,518.42,102.31,72.70,171.30,1,-1,-1,-1
91,4689,187.86,90.38,51.65,162.50,1,-1,-1,-1
91,4691,350.18,92.67,63.02,172.01,1,-1,-1,-1
92,4677,518.63,102.12,73.56,171.54,1,-1,-1,-1
92,4689,187.78,90.22,51.98,162.60,1,-1,-1,-1
92,4691,350.10,92.86,63.17,171.90,1,-1,-1,-1
93,4677,521.02,98.77,73.58,170.99,1,-1,-1,-1
93,4689,190.09,89.49,51.99,162.66,1,-1,-1,-1
93,4691,337.02,96.86,63.25,167.29,1,-1,-1,-1
94,4677,522.92,96.85,74.60,173.43,1,-1,-1,-1
94,4689,191.13,89.21,52.27,163.35,1,-1,-1,-1
94,4691,330.57,98.38,65.02,168.19,1,-1,-1,-1
95,4677,523.54,96.14,74.97,174.36,1,-1,-1,-1
95,4689,191.48,89.10,52.41,163.63,1,-1,-1,-1
95,4691,327.87,98.94,66.46,168.54,1,-1,-1,-1
96,4677,523.66,95.88,75.11,174.72,1,-1,-1,-1
96,4689,191.57,89.06,52.49,163.75,1,-1,-1,-1
96,4691,326.59,99.13,67.69,168.68,1,-1,-1,-1
97,4677,526.84,99.71,74.54,170.29,1,-1,-1,-1
97,4689,191.49,89.04,53.36,166.42,1,-1,-1,-1
97,4691,323.79,96.57,68.37,170.06,1,-1,-1,-1
97,4692,389.00,112.00,46.00,142.00,1,-1,-1,-1
98,4677,527.59,101.20,74.99,168.61,1,-1,-1,-1
98,4689,191.44,89.03,53.70,167.43,1,-1,-1,-1
98,4691,322.77,95.60,68.71,170.59,1,-1,-1,-1
98,4692,389.00,112.00,46.00,142.00,1,-1,-1,-1
99,4677,527.47,101.75,75.79,168.00,1,-1,-1,-1
99,4689,191.40,89.03,53.83,167.82,1,-1,-1,-1
99,4691,322.43,95.22,68.90,170.80,1,-1,-1,-1
99,4692,389.00,112.00,46.00,142.00,1,-1,-1,-1
100,4677,527.04,101.95,76.67,167.79,1,-1,-1,-1
100,4689,191.36,89.02,53.89,167.96,1,-1,-1,-1
100,4691,322.35,95.08,69.03,170.89,1,-1,-1,-1
100,4692,389.00,112.00,46.00,142.00,1,-1,-1,-1
101,4677,524.59,107.27,71.59,161.17,1,-1,-1,-1
101,4684,502.02,113.18,55.88,154.75,1,-1,-1,-1
101,4689,191.78,89.67,53.64,167.37,1,-1,-1,-1
101,4691,317.39,91.11,69.92,174.84,1,-1,-1,-1
101,4692,388.63,110.55,46.01,141.28,1,-1,-1,-1
101,4693,548.00,102.00,70.00,171.00,1,-1,-1,-1
102,4677,521.96,109.96,67.49,156.68,1,-1,-1,-1
102,4684,498.90,113.17,55.86,155.89,1,-1,-1,-1
102,4689,192.21,90.57,52.98,165.18,1,-1,-1,-1
102,4691,313.58,89.61,69.72,175.03,1,-1,-1,-1
102,4692,388.48,109.35,46.78,143.15,1,-1,-1,-1
102,4693,549.85,102.00,68.87,168.43,1,-1,-1,-1
103,4677,517.81,107.59,66.92,160.40,1,-1,-1,-1
103,4684,498.40,110.54,56.66,158.25,1,-1,-1,-1
103,4689,191.89,90.25,53.02,165.66,1,-1,-1,-1
103,4691,309.77,89.70,69.26,174.45,1,-1,-1,-1
103,4692,386.99,108.25,47.84,145.89,1,-1,-1,-1
103,4693,553.17,100.49,69.47,171.02,1,-1,-1,-1
104,4677,516.86,107.38,65.55,162.43,1,-1,-1,-1
104,4684,498.65,109.55,56.91,160.46,1,-1,-1,-1
104,4689,191.69,90.13,53.16,165.84,1,-1,-1,-1
104,4691,306.92,87.80,69.45,176.17,1,-1,-1,-1
104,4692,387.10,111.93,46.94,142.13,1,-1,-1,-1
104,4693,555.75,97.04,70.34,174.85,1,-1,-1,-1
105,4677,517.35,105.97,63.96,163.23,1,-1,-1,-1
105,4684,497.46,109.18,56.53,160.02,1,-1,-1,-1
105,4689,190.83,90.73,52.81,164.61,1,-1,-1,-1
105,4691,305.12,87.09,69.15,176.82,1,-1,-1,-1
105,4692,386.98,114.71,46.26,138.64,1,-1,-1,-1
105,4693,559.27,93.75,71.62,179.70,1,-1,-1,-1
105,4694,466.00,125.00,54.00,139.00,1,-1,-1,-1
106,4677,520.31,108.69,61.06,158.32,1,-1,-1,-1
106,4684,493.22,112.30,55.65,154.64,1,-1,-1,-1
106,4689,190.76,91.61,52.78,164.80,1,-1,-1,-1
106,4691,304.49,88.14,68.44,176.41,1,-1,-1,-1
106,4692,386.40,115.04,46.43,138.05,1,-1,-1,-1
106,4693,564.69,95.43,69.79,176.48,1,-1,-1,-1
106,4694,468.80,126.71,53.55,137.29,1,-1,-1,-1
107,4677,518.96,111.04,58.93,155.15,1,-1,-1,-1
107,4684,476.00,121.43,54.33,144.01,1,-1,-1,-1
107,4689,190.38,91.28,52.82,164.88,1,-1,-1,-1
107,4691,304.58,89.20,67.65,175.59,1,-1,-1,-1
107,4692,385.51,111.79,47.86,141.21,1,-1,-1,-1
107,4693,567.58,96.16,70.49,179.30,1,-1,-1,-1
108,4677,520.37,113.22,56.29,150.03,1,-1,-1,-1
108,4684,469.21,127.55,54.79,137.36,1,-1,-1,-1
108,4689,189.86,90.50,52.93,165.56,1,-1,-1,-1
108,4691,305.25,90.93,66.25,172.66,1,-1,-1,-1
108,4692,385.16,109.93,49.13,144.36,1,-1,-1,-1
108,4693,572.87,98.49,68.80,178.24,1,-1,-1,-1
109,4677,519.87,112.68,56.00,150.17,1,-1,-1,-1
109,4684,469.53,127.68,59.20,138.42,1,-1,-1,-1
109,4689,189.68,90.20,52.91,165.83,1,-1,-1,-1
109,4691,304.93,94.22,65.04,170.22,1,-1,-1,-1
109,4692,384.70,109.88,49.62,144.90,1,-1,-1,-1
109,4693,575.89,101.42,66.48,175.08,1,-1,-1,-1
110,4677,520.16,113.35,55.49,148.81,1,-1,-1,-1
110,4684,468.02,127.69,62.84,138.17,1,-1,-1,-1
110,4689,190.38,90.08,52.68,165.28,1,-1,-1,-1
110,4691,304.71,96.12,63.61,167.34,1,-1,-1,-1
110,4692,385.20,109.87,49.77,144.43,1,-1,-1,-1
110,4693,578.66,101.84,65.40,175.88,1,-1,-1,-1
111,4684,465.57,128.98,64.25,134.83,1,-1,-1,-1
111,4689,190.19,90.04,52.84,165.07,1,-1,-1,-1
111,4691,304.11,96.82,62.91,166.27,1,-1,-1,-1
111,4692,385.89,111.85,49.52,142.93,1,-1,-1,-1
111,4693,580.03,102.00,64.09,175.48,1,-1,-1,-1
112,4677,498.88,115.80,55.96,146.01,1,-1,-1,-1
112,4684,461.27,126.73,66.50,136.32,1,-1,-1,-1
112,4689,190.06,90.02,53.02,164.99,1,-1,-1,-1
112,4691,303.08,97.73,62.40,165.89,1,-1,-1,-1
112,4692,386.26,111.95,49.85,143.01,1,-1,-1,-1
112,4693,581.71,101.39,63.05,175.98,1,-1,-1,-1
113,4677,498.93,116.18,56.22,144.20,1,-1,-1,-1
113,4684,456.69,125.23,68.87,138.89,1,-1,-1,-1
113,4689,190.42,89.36,53.56,166.27,1,-1,-1,-1
113,4691,301.70,98.06,62.33,166.42,1,-1,-1,-1
113,4692,386.60,111.33,50.25,143.69,1,-1,-1,-1
113,4693,583.35,101.15,61.79,176.15,1,-1,-1,-1
114,4677,498.70,116.31,56.81,143.60,1,-1,-1,-1
114,4684,454.76,124.64,70.37,139.89,1,-1,-1,-1
114,4689,190.52,89.11,53.83,166.76,1,-1,-1,-1
114,4691,301.30,98.17,62.17,166.64,1,-1,-1,-1
114,4692,386.68,111.10,50.49,143.95,1,-1,-1,-1
114,4693,584.25,101.06,60.55,176.20,1,-1,-1,-1
115,4677,498.45,116.33,57.46,143.41,1,-1,-1,-1
115,4684,453.87,124.40,71.47,140.31,1,-1,-1,-1
115,4689,190.53,89.02,54.00,166.94,1,-1,-1,-1
115,4691,301.26,98.19,61.99,166.74,1,-1,-1,-1
115,4692,386.67,111.01,50.66,144.04,1,-1,-1,-1
115,4693,584.87,101.03,59.39,176.20,1,-1,-1,-1
116,4677,498.21,116.32,58.09,143.39,1,-1,-1,-1
116,4684,453.39,124.29,72.37,140.49,1,-1,-1,-1
116,4689,190.50,88.98,54.11,167.01,1,-1,-1,-1
116,4691,301.35,98.19,61.81,166.79,1,-1,-1,-1
116,4692,386.63,110.98,50.79,144.07,1,-1,-1,-1
116,4693,585.35,101.01,58.30,176.19,1,-1,-1,-1
117,4677,501.53,117.61,57.52,142.10,1,-1,-1,-1
117,4684,448.76,126.20,69.35,136.66,1,-1,-1,-1
117,4689,193.06,88.97,53.57,165.08,1,-1,-1,-1
117,4691,298.19,99.49,61.68,168.12,1,-1,-1,-1
117,4692,388.73,110.97,50.54,144.07,1,-1,-1,-1
117,4693,586.97,101.02,58.40,176.50,1,-1,-1,-1
118,4677,502.82,118.08,57.29,141.65,1,-1,-1,-1
118,4684,447.35,126.91,67.70,135.23,1,-1,-1,-1
118,4689,194.01,88.97,53.40,164.34,1,-1,-1,-1
118,4691,297.20,99.97,61.30,168.64,1,-1,-1,-1
118,4692,389.58,110.97,50.30,144.07,1,-1,-1,-1
119,4677,503.34,118.23,57.20,141.52,1,-1,-1,-1
119,4684,447.15,127.16,66.62,134.73,1,-1,-1,-1
119,4689,194.33,88.97,53.38,164.06,1,-1,-1,-1
119,4691,297.03,100.14,60.85,168.84,1,-1,-1,-1
119,4692,389.97,110.97,50.09,144.07,1,-1,-1,-1
120,4677,503.55,118.27,57.15,141.51,1,-1,-1,-1
120,4684,447.37,127.23,65.80,134.58,1,-1,-1,-1
120,4689,194.43,88.97,53.41,163.97,1,-1,-1,-1
120,4691,297.14,100.19,60.42,168.92,1,-1,-1,-1
120,4692,390.16,110.97,49.89,144.06,1,-1,-1,-1
121,4677,501.43,118.27,56.31,140.87,1,-1,-1,-1
121,4684,433.00,119.35,67.60,142.44,1,-1,-1,-1
121,4689,194.35,88.32,54.28,166.55,1,-1,-1,-1
121,4691,296.16,96.28,59.11,166.34,1,-1,-1,-1
121,4692,391.86,112.28,49.82,144.71,1,-1,-1,-1
122,4677,499.55,112.34,57.54,144.61,1,-1,-1,-1
122,4684,425.57,115.80,67.44,146.63,1,-1,-1,-1
122,4689,194.50,87.43,54.89,168.82,1,-1,-1,-1
122,4691,295.66,92.81,58.30,164.05,1,-1,-1,-1
122,4692,392.56,111.47,50.30,147.56,1,-1,-1,-1
123,4677,498.67,113.37,56.44,142.12,1,-1,-1,-1
123,4684,422.47,116.36,66.08,147.63,1,-1,-1,-1
123,4689,194.48,87.09,55.24,169.69,1,-1,-1,-1
123,4691,294.00,92.16,58.40,163.85,1,-1,-1,-1
123,4692,395.25,110.52,50.79,150.57,1,-1,-1,-1
124,4677,496.75,110.48,57.92,145.78,1,-1,-1,-1
124,4684,418.11,117.89,64.36,145.41,1,-1,-1,-1
124,4689,195.00,87.62,54.95,168.71,1,-1,-1,-1
124,4691,293.37,91.28,58.52,163.80,1,-1,-1,-1
124,4692,400.47,110.80,50.97,150.42,1,-1,-1,-1
125,4677,495.89,113.31,56.85,142.60,1,-1,-1,-1
125,4684,414.18,117.55,64.44,145.57,1,-1,-1,-1
125,4689,195.00,86.52,55.22,169.63,1,-1,-1,-1
125,4691,292.55,89.64,59.17,166.41,1,-1,-1,-1
125,4692,405.09,112.86,51.64,147.74,1,-1,-1,-1
126,4677,493.99,113.76,57.02,143.36,1,-1,-1,-1
126,4689,195.46,86.76,55.03,168.67,1,-1,-1,-1
126,4691,291.79,94.25,59.07,166.75,1,-1,-1,-1
126,4692,405.93,111.69,53.66,149.32,1,-1,-1,-1
127,4677,493.34,113.93,57.01,143.65,1,-1,-1,-1
127,4689,195.59,86.86,55.02,168.29,1,-1,-1,-1
127,4691,291.60,96.02,58.91,166.88,1,-1,-1,-1
127,4692,405.82,111.24,55.20,149.90,1,-1,-1,-1
128,4677,493.15,113.99,56.95,143.77,1,-1,-1,-1
128,4689,195.60,86.90,55.08,168.15,1,-1,-1,-1
128,4691,291.62,96.70,58.74,166.94,1,-1,-1,-1
128,4692,405.38,111.08,56.49,150.11,1,-1,-1,-1
129,4677,488.28,114.66,57.44,143.83,1,-1,-1,-1
129,4689,195.77,85.61,55.41,170.04,1,-1,-1,-1
129,4691,291.24,94.34,58.86,166.31,1,-1,-1,-1
129,4692,405.15,114.92,57.68,148.87,1,-1,-1,-1
130,4677,484.99,112.96,58.61,145.16,1,-1,-1,-1
130,4689,195.99,85.78,55.21,170.11,1,-1,-1,-1
130,4691,289.33,95.40,59.88,168.68,1,-1,-1,-1
130,4692,402.36,115.73,58.22,148.39,1,-1,-1,-1
131,4677,483.61,112.31,59.40,145.67,1,-1,-1,-1
131,4689,196.12,85.86,55.00,170.12,1,-1,-1,-1
131,4691,288.59,95.80,60.35,169.58,1,-1,-1,-1
131,4692,401.08,116.03,58.80,148.20,1,-1,-1,-1
132,4677,482.98,112.07,60.00,145.87,1,-1,-1,-1
132,4689,196.22,85.89,54.82,170.12,1,-1,-1,-1
132,4691,288.30,95.96,60.61,169.92,1,-1,-1,-1
132,4692,400.40,116.13,59.37,148.12,1,-1,-1,-1
133,4677,474.31,110.68,60.86,147.25,1,-1,-1,-1
133,4689,196.22,85.26,54.82,171.42,1,-1,-1,-1
133,4691,285.23,97.96,60.18,164.83,1,-1,-1,-1
133,4692,396.83,114.20,59.62,150.05,1,-1,-1,-1
134,4677,470.73,114.70,59.27,141.27,1,-1,-1,-1
134,4689,196.33,84.37,54.58,172.55,1,-1,-1,-1
134,4691,282.51,97.41,61.19,164.19,1,-1,-1,-1
134,4692,395.41,113.46,59.84,151.42,1,-1,-1,-1
135,4677,466.58,111.63,60.40,144.26,1,-1,-1,-1
135,4689,196.33,84.69,53.91,171.68,1,-1,-1,-1
135,4691,280.71,96.55,62.54,164.62,1,-1,-1,-1
135,4692,393.66,114.47,59.73,151.28,1,-1,-1,-1
136,4677,465.13,110.52,60.75,145.35,1,-1,-1,-1
136,4689,196.42,84.82,53.45,171.33,1,-1,-1,-1
136,4691,279.76,96.22,63.68,164.79,1,-1,-1,-1
136,4692,393.01,114.86,59.64,151.22,1,-1,-1,-1
137,4677,465.11,114.65,59.31,141.21,1,-1,-1,-1
137,4689,196.01,83.57,53.52,173.14,1,-1,-1,-1
137,4691,278.45,95.43,65.42,166.82,1,-1,-1,-1
137,4692,391.54,113.05,60.11,152.49,1,-1,-1,-1
138,4677,465.13,116.25,58.89,139.62,1,-1,-1,-1
138,4689,195.98,83.10,53.27,173.82,1,-1,-1,-1
138,4691,277.73,95.14,66.59,167.59,1,-1,-1,-1
138,4692,391.00,112.36,60.27,152.96,1,-1,-1,-1
139,4677,465.12,116.84,58.87,139.05,1,-1,-1,-1
139,4689,196.09,82.94,52.94,174.07,1,-1,-1,-1
139,4691,277.26,95.03,67.49,167.88,1,-1,-1,-1
139,4692,390.81,112.10,60.30,153.12,1,-1,-1,-1
140,4677,465.11,117.05,58.99,138.84,1,-1,-1,-1
140,4689,196.24,82.88,52.59,174.15,1,-1,-1,-1
140,4691,276.91,94.99,68.24,167.99,1,-1,-1,-1
140,4692,390.75,112.00,60.30,153.18,1,-1,-1,-1
141,4677,461.12,117.78,59.25,140.10,1,-1,-1,-1
141,4689,195.18,83.52,52.09,173.52,1,-1,-1,-1
141,4691,270.52,94.32,68.04,166.08,1,-1,-1,-1
141,4692,387.45,111.97,60.37,150.58,1,-1,-1,-1
142,4677,459.73,118.04,59.20,140.58,1,-1,-1,-1
142,4689,194.86,83.77,51.73,173.27,1,-1,-1,-1
142,4691,267.98,94.07,68.25,165.34,1,-1,-1,-1
142,4692,385.92,111.96,60.95,149.57,1,-1,-1,-1
143,4677,459.33,118.13,59.06,140.77,1,-1,-1,-1
143,4689,194.81,83.87,51.45,173.17,1,-1,-1,-1
143,4691,266.93,93.98,68.61,165.07,1,-1,-1,-1
143,4692,385.10,111.96,61.68,149.20,1,-1,-1,-1
144,4677,459.29,118.15,58.89,140.85,1,-1,-1,-1
144,4689,194.87,83.91,51.21,173.12,1,-1,-1,-1
144,4691,266.45,93.95,68.99,164.97,1,-1,-1,-1
144,4692,384.58,111.96,62.42,149.05,1,-1,-1,-1
145,4677,457.38,112.92,60.74,146.77,1,-1,-1,-1
145,4689,192.88,84.59,50.57,171.80,1,-1,-1,-1
145,4691,261.13,91.98,69.02,165.59,1,-1,-1,-1
145,4692,384.71,110.65,63.40,150.31,1,-1,-1,-1
145,4695,28.00,113.00,47.00,171.00,1,-1,-1,-1
146,4677,456.87,110.97,61.08,148.98,1,-1,-1,-1
146,4689,192.20,84.84,50.20,171.29,1,-1,-1,-1
146,4691,259.23,91.24,68.91,165.83,1,-1,-1,-1
146,4692,384.65,110.16,64.01,150.78,1,-1,-1,-1
146,4695,28.00,113.00,47.00,171.00,1,-1,-1,-1
147,4677,456.88,110.21,60.90,149.83,1,-1,-1,-1
147,4689,192.01,84.94,49.94,171.09,1,-1,-1,-1
147,4691,258.61,90.97,68.76,165.93,1,-1,-1,-1
147,4692,384.53,109.98,64.45,150.96,1,-1,-1,-1
147,4695,28.00,113.00,47.00,171.00,1,-1,-1,-1
148,4677,457.06,109.93,60.55,150.14,1,-1,-1,-1
148,4689,192.00,84.98,49.73,171.02,1,-1,-1,-1
148,4691,258.48,90.88,68.61,165.96,1,-1,-1,-1
148,4692,384.40,109.92,64.82,151.03,1,-1,-1,-1
148,4695,28.00,113.00,47.00,171.00,1,-1,-1,-1
149,4677,456.98,114.38,58.21,145.70,1,-1,-1,-1
149,4684,347.93,114.96,64.74,146.03,1,-1,-1,-1
149,4689,190.70,85.65,49.01,168.38,1,-1,-1,-1
149,4691,255.84,90.85,67.94,165.32,1,-1,-1,-1
149,4692,394.37,109.25,63.86,153.00,1,-1,-1,-1
149,4695,35.98,120.24,46.97,164.48,1,-1,-1,-1
149,4696,431.00,110.00,46.00,152.00,1,-1,-1,-1
150,4677,456.19,114.79,56.93,143.97,1,-1,-1,-1
150,4684,348.67,113.57,62.50,148.79,1,-1,-1,-1
150,4689,190.29,85.90,48.59,166.72,1,-1,-1,-1
150,4691,254.57,91.51,67.02,163.78,1,-1,-1,-1
150,4692,397.81,110.30,62.20,153.10,1,-1,-1,-1
150,4695,41.79,126.34,47.32,160.07,1,-1,-1,-1
150,4696,431.90,109.14,46.78,154.57,1,-1,-1,-1
151,4677,456.27,116.92,55.13,140.04,1,-1,-1,-1
151,4684,348.40,111.16,61.34,152.28,1,-1,-1,-1
151,4689,189.85,85.99,48.38,166.11,1,-1,-1,-1
151,4691,254.31,91.11,66.33,163.19,1,-1,-1,-1
151,4692,399.07,110.06,61.00,153.78,1,-1,-1,-1
151,4695,44.71,131.15,47.48,155.12,1,-1,-1,-1
151,4696,431.69,106.76,47.62,157.24,1,-1,-1,-1
152,4677,454.35,115.73,55.12,141.20,1,-1,-1,-1
152,4684,349.72,111.55,58.85,151.64,1,-1,-1,-1
152,4689,189.92,85.37,48.51,167.20,1,-1,-1,-1
152,4691,253.82,90.96,65.65,162.98,1,-1,-1,-1
152,4692,400.25,110.63,59.09,152.07,1,-1,-1,-1
152,4695,47.64,129.88,49.03,154.91,1,-1,-1,-1
152,4696,434.28,105.97,47.68,157.38,1,-1,-1,-1
153,4677,453.69,118.56,53.78,138.37,1,-1,-1,-1
153,4684,349.18,109.76,57.57,153.99,1,-1,-1,-1
153,4689,189.73,85.13,48.37,167.63,1,-1,-1,-1
153,4691,253.44,90.26,65.22,163.56,1,-1,-1,-1
153,4692,400.84,111.50,57.37,150.10,1,-1,-1,-1
153,4695,54.21,121.08,50.63,156.31,1,-1,-1,-1
153,4696,436.20,107.91,47.08,155.19,1,-1,-1,-1
154,4677,452.27,118.97,53.71,139.28,1,-1,-1,-1
154,4684,348.17,109.75,56.22,154.21,1,-1,-1,-1
154,4689,189.65,85.04,48.35,168.45,1,-1,-1,-1
154,4691,253.52,89.35,64.70,163.79,1,-1,-1,-1
154,4692,400.78,111.83,56.57,150.67,1,-1,-1,-1
154,4695,59.37,111.75,53.50,165.69,1,-1,-1,-1
154,4696,437.58,108.63,47.45,155.80,1,-1,-1,-1
155,4677,452.51,117.15,54.18,140.94,1,-1,-1,-1
155,4684,349.27,111.06,54.82,152.97,1,-1,-1,-1
155,4689,189.79,85.66,48.04,168.12,1,-1,-1,-1
155,4691,253.85,89.67,64.00,163.88,1,-1,-1,-1
155,4692,400.91,111.96,55.94,151.54,1,-1,-1,-1
155,4695,64.09,105.73,55.27,173.06,1,-1,-1,-1
155,4696,436.94,108.89,47.66,156.01,1,-1,-1,-1
156,4677,452.77,117.76,54.09,141.57,1,-1,-1,-1
156,4684,348.53,112.24,54.15,151.82,1,-1,-1,-1
156,4689,190.19,85.24,47.91,167.99,1,-1,-1,-1
156,4691,253.94,90.45,63.22,163.27,1,-1,-1,-1
156,4692,400.34,111.35,55.61,153.17,1,-1,-1,-1
156,4695,69.38,105.40,55.21,174.59,1,-1,-1,-1
156,4696,437.57,108.98,47.96,156.75,1,-1,-1,-1
157,4677,453.65,118.64,53.87,141.82,1,-1,-1,-1
157,4684,343.39,114.00,53.24,148.75,1,-1,-1,-1
157,4689,190.99,86.39,47.24,165.99,1,-1,-1,-1
157,4691,254.16,90.75,62.64,163.04,1,-1,-1,-1
157,4692,400.08,111.77,54.89,153.78,1,-1,-1,-1
157,4695,72.54,107.30,55.23,176.46,1,-1,-1,-1
157,4696,438.02,111.04,47.55,154.99,1,-1,-1,-1
158,4677,454.31,119.62,53.20,140.61,1,-1,-1,-1
158,4684,340.73,114.01,53.14,148.90,1,-1,-1,-1
158,4689,191.37,86.17,47.51,167.20,1,-1,-1,-1
158,4691,254.49,90.22,61.98,162.96,1,-1,-1,-1
158,4692,400.31,111.28,53.93,154.01,1,-1,-1,-1
158,4695,79.52,108.72,53.83,173.23,1,-1,-1,-1
158,4696,437.91,111.80,47.22,153.65,1,-1,-1,-1
159,4677,454.85,121.29,52.42,138.84,1,-1,-1,-1
159,4684,338.83,114.67,52.43,147.64,1,-1,-1,-1
159,4689,191.61,86.09,47.41,167.01,1,-1,-1,-1
159,4691,254.92,90.68,61.19,162.28,1,-1,-1,-1
159,4692,400.30,111.74,53.11,154.09,1,-1,-1,-1
159,4695,83.91,107.96,54.00,173.78,1,-1,-1,-1
159,4696,437.64,112.07,47.48,153.83,1,-1,-1,-1
160,4677,455.19,124.54,50.58,133.58,1,-1,-1,-1
160,4684,337.23,116.23,51.44,145.20,1,-1,-1,-1
160,4689,192.09,86.05,47.26,166.95,1,-1,-1,-1
160,4691,255.39,92.16,59.69,160.06,1,-1,-1,-1
160,4692,400.34,114.53,51.38,150.20,1,-1,-1,-1
160,4695,89.40,107.82,54.46,174.08,1,-1,-1,-1
160,4696,438.31,112.82,47.34,152.57,1,-1,-1,-1
161,4677,455.24,126.41,49.44,130.28,1,-1,-1,-1
161,4684,337.00,114.84,51.80,146.26,1,-1,-1,-1
161,4689,192.97,86.04,47.13,166.93,1,-1,-1,-1
161,4691,255.00,92.07,58.99,159.89,1,-1,-1,-1
161,4692,399.88,115.59,50.33,148.71,1,-1,-1,-1
161,4695,94.98,109.05,55.53,172.86,1,-1,-1,-1
161,4696,439.50,113.08,47.34,152.10,1,-1,-1,-1
162,4677,454.83,127.24,49.05,129.27,1,-1,-1,-1
162,4684,336.14,115.63,51.64,146.01,1,-1,-1,-1
162,4689,193.57,87.34,46.55,164.96,1,-1,-1,-1
162,4691,255.14,91.38,58.20,159.83,1,-1,-1,-1
162,4692,400.32,114.66,50.04,149.47,1,-1,-1,-1
162,4695,100.70,111.47,56.23,167.82,1,-1,-1,-1
162,4696,438.26,112.50,47.36,152.60,1,-1,-1,-1
163,4684,335.74,118.54,50.56,143.30,1,-1,-1,-1
163,4689,193.59,88.48,46.09,162.91,1,-1,-1,-1
163,4691,256.37,92.43,56.89,157.86,1,-1,-1,-1
163,4692,400.16,114.96,49.27,148.45,1,-1,-1,-1
163,4695,102.82,116.37,57.50,163.26,1,-1,-1,-1
163,4696,438.75,113.59,46.76,150.16,1,-1,-1,-1
163,4697,362.00,115.00,43.00,150.00,1,-1,-1,-1
164,4684,334.64,118.98,50.19,142.28,1,-1,-1,-1
164,4689,193.85,88.91,46.05,162.81,1,-1,-1,-1
164,4691,257.68,93.48,56.08,156.47,1,-1,-1,-1
164,4692,399.37,115.72,48.47,147.42,1,-1,-1,-1
164,4695,107.09,118.86,58.64,160.24,1,-1,-1,-1
164,4696,437.92,113.99,46.52,148.58,1,-1,-1,-1
165,4684,332.30,116.50,50.74,143.90,1,-1,-1,-1
165,4689,193.95,89.06,46.03,162.78,1,-1,-1,-1
165,4691,258.17,93.22,55.83,156.62,1,-1,-1,-1
165,4692,399.85,113.37,49.23,150.32,1,-1,-1,-1
165,4695,109.29,115.80,61.48,164.45,1,-1,-1,-1
165,4696,434.81,112.80,47.39,150.66,1,-1,-1,-1
166,4684,330.90,114.26,51.43,146.47,1,-1,-1,-1
166,4689,193.10,88.45,46.50,164.75,1,-1,-1,-1
166,4691,257.88,92.46,55.38,156.70,1,-1,-1,-1
166,4692,399.07,111.84,49.51,152.06,1,-1,-1,-1
166,4695,110.57,111.40,63.36,166.66,1,-1,-1,-1
166,4696,433.20,113.01,47.30,149.47,1,-1,-1,-1
167,4684,329.83,113.41,51.58,146.80,1,-1,-1,-1
167,4689,192.78,88.22,46.66,164.85,1,-1,-1,-1
167,4691,257.36,92.17,54.76,155.43,1,-1,-1,-1
167,4692,396.60,113.86,48.74,149.47,1,-1,-1,-1
167,4695,110.89,109.72,64.76,168.17,1,-1,-1,-1
167,4696,433.72,113.74,46.97,147.72,1,-1,-1,-1
168,4684,329.09,113.09,51.76,147.58,1,-1,-1,-1
168,4689,193.28,88.78,46.80,164.90,1,-1,-1,-1
168,4691,257.21,92.06,54.45,154.97,1,-1,-1,-1
168,4692,393.01,116.60,48.51,147.16,1,-1,-1,-1
168,4695,113.18,109.09,65.23,168.09,1,-1,-1,-1
168,4696,435.45,116.64,46.44,144.43,1,-1,-1,-1
169,4684,328.99,113.62,51.58,147.23,1,-1,-1,-1
169,4689,193.06,88.98,47.01,164.92,1,-1,-1,-1
169,4691,257.29,91.36,54.74,156.12,1,-1,-1,-1
169,4692,390.70,115.66,49.05,148.93,1,-1,-1,-1
169,4695,118.77,102.34,66.82,174.59,1,-1,-1,-1
169,4696,437.18,120.37,46.07,140.57,1,-1,-1,-1
170,4684,329.02,113.83,51.48,147.09,1,-1,-1,-1
170,4689,192.92,89.06,47.20,164.93,1,-1,-1,-1
170,4691,257.36,91.10,54.80,156.57,1,-1,-1,-1
170,4692,389.86,115.30,49.23,149.59,1,-1,-1,-1
170,4695,121.05,99.82,66.88,177.02,1,-1,-1,-1
170,4696,437.60,121.74,46.39,139.16,1,-1,-1,-1
171,4684,329.08,113.91,51.42,147.03,1,-1,-1,-1
171,4689,192.82,89.08,47.37,164.94,1,-1,-1,-1
171,4691,257.42,91.00,54.77,156.75,1,-1,-1,-1
171,4692,389.58,115.16,49.28,149.84,1,-1,-1,-1
171,4695,122.03,98.87,66.45,177.94,1,-1,-1,-1
171,4696,437.53,122.22,46.94,138.68,1,-1,-1,-1
172,4684,329.16,113.95,51.37,147.01,1,-1,-1,-1
172,4689,192.74,89.08,47.53,164.94,1,-1,-1,-1
172,4691,257.48,90.97,54.72,156.83,1,-1,-1,-1
172,4692,389.51,115.10,49.28,149.94,1,-1,-1,-1
172,4695,122.48,98.55,65.86,178.27,1,-1,-1,-1
172,4696,437.30,122.36,47.54,138.53,1,-1,-1,-1
173,4677,393.59,112.53,56.11,153.21,1,-1,-1,-1
173,4684,325.79,113.31,51.04,146.35,1,-1,-1,-1
173,4689,193.41,86.47,48.79,169.52,1,-1,-1,-1
173,4691,254.91,90.31,54.67,158.17,1,-1,-1,-1
173,4692,379.82,113.77,49.71,152.59,1,-1,-1,-1
173,4695,122.50,82.24,71.56,197.84,1,-1,-1,-1
173,4696,430.98,119.75,49.67,143.79,1,-1,-1,-1
174,4677,389.67,111.91,56.52,154.34,1,-1,-1,-1
174,4684,324.76,113.07,51.16,147.41,1,-1,-1,-1
174,4689,193.69,84.83,49.21,171.89,1,-1,-1,-1
174,4691,253.42,88.11,55.05,161.29,1,-1,-1,-1
174,4692,374.55,112.61,50.56,155.53,1,-1,-1,-1
174,4695,125.41,79.86,72.42,200.21,1,-1,-1,-1
174,4696,429.01,120.07,50.36,144.45,1,-1,-1,-1
175,4684,323.63,112.98,51.45,148.46,1,-1,-1,-1
175,4689,194.36,86.15,48.88,170.20,1,-1,-1,-1
175,4691,252.97,89.22,54.35,160.53,1,-1,-1,-1
175,4692,372.69,113.47,50.03,153.42,1,-1,-1,-1
175,4696,427.48,120.18,50.88,144.72,1,-1,-1,-1
176,4684,323.25,112.95,51.53,148.86,1,-1,-1,-1
176,4689,194.58,86.67,48.83,169.53,1,-1,-1,-1
176,4691,252.93,89.66,53.85,160.23,1,-1,-1,-1
176,4692,372.00,113.80,49.89,152.58,1,-1,-1,-1
176,4696,426.81,120.20,51.30,144.83,1,-1,-1,-1
177,4684,321.68,112.29,51.23,149.01,1,-1,-1,-1
177,4689,192.87,86.21,50.42,175.14,1,-1,-1,-1
177,4691,250.89,88.53,53.83,161.41,1,-1,-1,-1
177,4692,371.85,113.93,49.73,151.60,1,-1,-1,-1
177,4695,150.92,96.93,63.46,178.80,1,-1,-1,-1
177,4696,426.45,118.24,52.34,146.84,1,-1,-1,-1
178,4684,321.12,112.05,51.13,149.71,1,-1,-1,-1
178,4689,192.72,85.40,51.32,178.52,1,-1,-1,-1
178,4691,250.34,88.11,53.40,161.86,1,-1,-1,-1
178,4692,370.23,112.67,50.29,153.19,1,-1,-1,-1
178,4695,155.74,102.43,60.25,171.28,1,-1,-1,-1
178,4696,425.50,117.49,53.11,147.60,1,-1,-1,-1
179,4684,321.13,112.61,50.72,149.32,1,-1,-1,-1
179,4689,192.69,85.25,51.58,179.46,1,-1,-1,-1
179,4691,250.77,88.60,52.66,160.72,1,-1,-1,-1
179,4692,367.78,112.85,50.36,152.48,1,-1,-1,-1
179,4695,157.61,106.77,58.66,166.32,1,-1,-1,-1
179,4696,424.27,115.90,53.86,148.54,1,-1,-1,-1
