1,28418,539.38,215.47,62.84,123.26,1,-1,-1,-1
1,28423,410.44,222.83,94.27,147.15,1,-1,-1,-1
1,28425,314.31,192.76,74.06,220.79,1,-1,-1,-1
1,28433,570.00,82.00,64.00,198.00,1,-1,-1,-1
1,28434,436.00,100.00,86.00,234.00,1,-1,-1,-1
1,28435,508.00,110.00,46.00,130.00,1,-1,-1,-1
1,28436,182.00,94.00,70.00,222.00,1,-1,-1,-1
1,28437,104.00,94.00,66.00,218.00,1,-1,-1,-1
1,28438,336.00,78.00,90.00,252.00,1,-1,-1,-1
2,28433,570.00,82.00,64.00,198.00,1,-1,-1,-1
2,28434,436.00,100.00,86.00,234.00,1,-1,-1,-1
2,28435,508.00,110.00,46.00,130.00,1,-1,-1,-1
2,28436,182.00,94.00,70.00,222.00,1,-1,-1,-1
2,28437,104.00,94.00,66.00,218.00,1,-1,-1,-1
2,28438,336.00,78.00,90.00,252.00,1,-1,-1,-1
3,28427,167.92,95.12,93.63,221.88,1,-1,-1,-1
3,28433,570.00,82.00,64.00,198.00,1,-1,-1,-1
3,28434,436.00,100.00,86.00,234.00,1,-1,-1,-1
3,28435,508.00,110.00,46.00,130.00,1,-1,-1,-1
3,28437,104.00,94.00,66.00,218.00,1,-1,-1,-1
3,28438,336.00,78.00,90.00,252.00,1,-1,-1,-1
4,28427,174.24,92.89,89.26,222.04,1,-1,-1,-1
4,28433,570.00,82.00,64.00,198.00,1,-1,-1,-1
4,28434,436.00,100.00,86.00,234.00,1,-1,-1,-1
4,28435,508.00,110.00,46.00,130.00,1,-1,-1,-1
4,28437,104.00,94.00,66.00,218.00,1,-1,-1,-1
4,28438,336.00,78.00,90.00,252.00,1,-1,-1,-1
5,28427,177.27,92.11,86.11,222.10,1,-1,-1,-1
5,28433,570.00,82.00,64.00,198.00,1,-1,-1,-1
5,28434,436.00,100.00,86.00,234.00,1,-1,-1,-1
5,28435,508.00,110.00,46.00,130.00,1,-1,-1,-1
5,28437,104.00,94.00,66.00,218.00,1,-1,-1,-1
5,28438,336.00,78.00,90.00,252.00,1,-1,-1,-1
6,28427,178.79,91.94,83.72,222.12,1,-1,-1,-1
6,28433,570.00,82.00,64.00,198.00,1,-1,-1,-1
6,28434,436.00,100.00,86.00,234.00,1,-1,-1,-1
6,28435,508.00,110.00,46.00,130.00,1,-1,-1,-1
6,28437,104.00,94.00,66.00,218.00,1,-1,-1,-1
6,28438,336.00,78.00,90.00,252.00,1,-1,-1,-1
7,28427,179.62,92.00,81.84,222.11,1,-1,-1,-1
7,28433,570.00,82.00,64.00,198.00,1,-1,-1,-1
7,28434,436.00,100.00,86.00,234.00,1,-1,-1,-1
7,28435,508.00,110.00,46.00,130.00,1,-1,-1,-1
7,28437,104.00,94.00,66.00,218.00,1,-1,-1,-1
7,28438,336.00,78.00,90.00,252.00,1,-1,-1,-1
8,28427,180.13,92.15,80.33,222.11,1,-1,-1,-1
8,28433,570.00,82.00,64.00,198.00,1,-1,-1,-1
8,28434,436.00,100.00,86.00,234.00,1,-1,-1,-1
8,28435,508.00,110.00,46.00,130.00,1,-1,-1,-1
8,28437,104.00,94.00,66.00,218.00,1,-1,-1,-1
8,28438,336.00,78.00,90.00,252.00,1,-1,-1,-1
9,28427,180.47,92.31,79.07,222.10,1,-1,-1,-1
9,28433,570.00,82.00,64.00,198.00,1,-1,-1,-1
9,28434,436.00,100.00,86.00,234.00,1,-1,-1,-1
9,28435,508.00,110.00,46.00,130.00,1,-1,-1,-1
9,28437,104.00,94.00,66.00,218.00,1,-1,-1,-1
9,28438,336.00,78.00,90.00,252.00,1,-1,-1,-1
10,28427,180.71,92.47,78.02,222.09,1,-1,-1,-1
10,28433,570.00,82.00,64.00,198.00,1,-1,-1,-1
10,28434,436.00,100.00,86.00,234.00,1,-1,-1,-1
10,28435,508.00,110.00,46.00,130.00,1,-1,-1,-1
10,28437,104.00,94.00,66.00,218.00,1,-1,-1,-1
10,28438,336.00,78.00,90.00,252.00,1,-1,-1,-1
11,28427,180.90,92.62,77.12,222.08,1,-1,-1,-1
11,28433,570.00,82.00,64.00,198.00,1,-1,-1,-1
11,28434,436.00,100.00,86.00,234.00,1,-1,-1,-1
11,28435,508.00,110.00,46.00,130.00,1,-1,-1,-1
11,28437,104.00,94.00,66.00,218.00,1,-1,-1,-1
11,28438,336.00,78.00,90.00,252.00,1,-1,-1,-1
12,28427,216.65,96.67,75.71,216.85,1,-1,-1,-1
12,28433,564.18,84.66,63.68,194.01,1,-1,-1,-1
12,28434,456.73,93.36,85.73,232.67,1,-1,-1,-1
12,28435,508.00,110.00,46.00,130.00,1,-1,-1,-1
12,28437,104.00,94.00,66.00,218.00,1,-1,-1,-1
12,28438,364.18,78.00,90.78,255.99,1,-1,-1,-1
12,28439,182.00,88.00,42.00,174.00,1,-1,-1,-1
12,28440,30.00,92.00,68.00,232.00,1,-1,-1,-1
13,28427,230.02,98.30,75.36,214.85,1,-1,-1,-1
13,28433,561.73,85.66,64.09,192.52,1,-1,-1,-1
13,28434,464.43,90.87,85.76,232.17,1,-1,-1,-1
13,28438,374.86,78.00,90.69,257.47,1,-1,-1,-1
13,28439,182.00,88.00,42.00,174.00,1,-1,-1,-1
13,28440,30.00,92.00,68.00,232.00,1,-1,-1,-1
14,28427,234.70,98.96,75.41,214.11,1,-1,-1,-1
14,28433,560.58,86.01,64.77,191.98,1,-1,-1,-1
14,28434,467.16,89.97,85.88,231.99,1,-1,-1,-1
14,28437,40.47,92.31,69.38,229.86,1,-1,-1,-1
14,28438,378.96,78.00,90.30,258.02,1,-1,-1,-1
14,28439,182.00,88.00,42.00,174.00,1,-1,-1,-1
15,28427,236.14,99.25,75.58,213.85,1,-1,-1,-1
15,28433,559.94,86.13,65.50,191.80,1,-1,-1,-1
15,28434,468.02,89.66,86.04,231.93,1,-1,-1,-1
15,28437,30.78,92.05,69.73,231.68,1,-1,-1,-1
15,28438,380.54,78.00,89.82,258.20,1,-1,-1,-1
15,28439,182.00,88.00,42.00,174.00,1,-1,-1,-1
16,28427,236.39,99.39,75.79,213.77,1,-1,-1,-1
16,28433,559.51,86.17,66.23,191.75,1,-1,-1,-1
16,28434,468.19,89.58,86.21,231.92,1,-1,-1,-1
16,28437,27.43,91.95,69.75,232.32,1,-1,-1,-1
16,28438,381.15,78.00,89.33,258.25,1,-1,-1,-1
16,28439,182.00,88.00,42.00,174.00,1,-1,-1,-1
17,28427,236.21,99.48,76.00,213.76,1,-1,-1,-1
17,28433,559.17,86.17,66.91,191.75,1,-1,-1,-1
17,28434,468.12,89.58,86.37,231.92,1,-1,-1,-1
17,28437,26.42,91.92,69.65,232.53,1,-1,-1,-1
17,28438,381.39,78.00,88.86,258.25,1,-1,-1,-1
17,28439,182.00,88.00,42.00,174.00,1,-1,-1,-1
18,28427,235.89,99.54,76.19,213.77,1,-1,-1,-1
18,28433,558.87,86.16,67.55,191.77,1,-1,-1,-1
18,28434,467.96,89.61,86.51,231.92,1,-1,-1,-1
18,28437,26.28,91.92,69.52,232.57,1,-1,-1,-1
18,28438,381.50,78.00,88.42,258.24,1,-1,-1,-1
18,28439,182.00,88.00,42.00,174.00,1,-1,-1,-1
19,28427,235.54,99.59,76.37,213.79,1,-1,-1,-1
19,28433,558.61,86.14,68.14,191.79,1,-1,-1,-1
19,28434,467.79,89.64,86.65,231.93,1,-1,-1,-1
19,28437,26.45,91.92,69.38,232.55,1,-1,-1,-1
19,28438,381.56,78.00,88.02,258.22,1,-1,-1,-1
19,28439,182.00,88.00,42.00,174.00,1,-1,-1,-1
20,28427,235.21,99.63,76.53,213.81,1,-1,-1,-1
20,28433,558.37,86.13,68.68,191.81,1,-1,-1,-1
20,28434,467.62,89.67,86.77,231.93,1,-1,-1,-1
20,28437,26.72,91.93,69.26,232.51,1,-1,-1,-1
20,28438,381.60,78.00,87.65,258.20,1,-1,-1,-1
20,28439,182.00,88.00,42.00,174.00,1,-1,-1,-1
21,28427,234.91,99.67,76.67,213.82,1,-1,-1,-1
21,28433,558.15,86.12,69.17,191.83,1,-1,-1,-1
21,28434,467.47,89.71,86.89,231.94,1,-1,-1,-1
21,28437,27.01,91.93,69.14,232.47,1,-1,-1,-1
21,28438,381.63,78.00,87.31,258.18,1,-1,-1,-1
21,28439,182.00,88.00,42.00,174.00,1,-1,-1,-1
22,28427,234.63,99.70,76.80,213.84,1,-1,-1,-1
22,28433,557.96,86.10,69.62,191.84,1,-1,-1,-1
22,28434,467.33,89.73,86.99,231.95,1,-1,-1,-1
22,28437,27.28,91.94,69.03,232.42,1,-1,-1,-1
22,28438,381.66,78.00,87.00,258.16,1,-1,-1,-1
22,28439,182.00,88.00,42.00,174.00,1,-1,-1,-1
23,28427,255.22,93.19,79.68,220.39,1,-1,-1,-1
23,28433,557.62,86.27,69.53,191.59,1,-1,-1,-1
23,28434,499.35,92.38,82.97,221.48,1,-1,-1,-1
23,28437,23.65,91.84,69.23,233.10,1,-1,-1,-1
23,28438,401.66,87.15,82.07,238.54,1,-1,-1,-1
23,28439,179.80,86.67,42.41,176.66,1,-1,-1,-1
24,28427,262.72,90.76,81.05,222.85,1,-1,-1,-1
24,28434,511.58,93.41,81.38,217.48,1,-1,-1,-1
24,28438,408.91,90.69,80.92,230.92,1,-1,-1,-1
24,28439,179.06,86.18,42.42,177.65,1,-1,-1,-1
25,28427,265.32,89.86,81.82,223.79,1,-1,-1,-1
25,28434,515.95,93.79,80.77,216.05,1,-1,-1,-1
25,28438,411.01,91.94,81.31,228.25,1,-1,-1,-1
25,28439,178.85,85.99,42.29,178.01,1,-1,-1,-1
26,28427,266.04,89.55,82.34,224.13,1,-1,-1,-1
26,28434,517.43,93.93,80.52,215.56,1,-1,-1,-1
26,28438,411.30,92.36,82.19,227.34,1,-1,-1,-1
26,28439,178.84,85.93,42.12,178.13,1,-1,-1,-1
27,28427,266.05,89.47,82.74,224.24,1,-1,-1,-1
27,28434,517.85,93.99,80.40,215.42,1,-1,-1,-1
27,28438,410.97,92.47,83.18,227.07,1,-1,-1,-1
27,28439,178.90,85.92,41.95,178.17,1,-1,-1,-1
28,28427,265.82,89.47,83.07,224.27,1,-1,-1,-1
28,28434,517.88,94.01,80.34,215.41,1,-1,-1,-1
28,28438,410.43,92.48,84.15,227.04,1,-1,-1,-1
28,28439,178.98,85.92,41.78,178.17,1,-1,-1,-1
29,28427,265.52,89.50,83.35,224.26,1,-1,-1,-1
29,28434,517.77,94.01,80.30,215.44,1,-1,-1,-1
29,28438,409.86,92.46,85.07,227.09,1,-1,-1,-1
29,28439,179.07,85.92,41.62,178.16,1,-1,-1,-1
30,28427,265.21,89.54,83.61,224.24,1,-1,-1,-1
30,28434,517.62,94.01,80.27,215.49,1,-1,-1,-1
30,28438,409.31,92.42,85.91,227.17,1,-1,-1,-1
30,28439,179.15,85.93,41.47,178.15,1,-1,-1,-1
31,28427,264.92,89.58,83.84,224.22,1,-1,-1,-1
31,28434,517.47,94.01,80.24,215.53,1,-1,-1,-1
31,28438,408.81,92.38,86.67,227.25,1,-1,-1,-1
31,28439,179.23,85.93,41.34,178.13,1,-1,-1,-1
32,28427,264.65,89.62,84.04,224.20,1,-1,-1,-1
32,28434,517.33,94.01,80.22,215.58,1,-1,-1,-1
32,28438,408.35,92.34,87.36,227.32,1,-1,-1,-1
32,28439,179.30,85.94,41.21,178.12,1,-1,-1,-1
33,28427,264.40,89.66,84.23,224.19,1,-1,-1,-1
33,28434,517.20,94.01,80.20,215.62,1,-1,-1,-1
33,28438,407.93,92.31,87.99,227.39,1,-1,-1,-1
33,28439,179.37,85.95,41.10,178.11,1,-1,-1,-1
34,28427,297.54,94.91,80.27,212.43,1,-1,-1,-1
34,28434,530.40,94.01,79.73,213.04,1,-1,-1,-1
34,28438,437.01,84.41,87.37,226.14,1,-1,-1,-1
34,28439,181.21,91.18,38.74,167.64,1,-1,-1,-1
35,28427,310.07,96.96,78.95,207.89,1,-1,-1,-1
35,28434,535.19,94.01,79.81,212.08,1,-1,-1,-1
35,28438,447.95,81.41,87.08,225.70,1,-1,-1,-1
35,28439,181.91,93.20,37.86,163.60,1,-1,-1,-1
36,28427,314.39,97.70,78.69,206.25,1,-1,-1,-1
36,28434,536.77,94.01,80.09,211.75,1,-1,-1,-1
36,28438,451.95,80.30,86.91,225.56,1,-1,-1,-1
36,28439,182.15,93.92,37.58,162.16,1,-1,-1,-1
37,28427,315.72,97.97,78.79,205.69,1,-1,-1,-1
37,28434,537.15,94.01,80.41,211.65,1,-1,-1,-1
37,28438,453.33,79.90,86.80,225.55,1,-1,-1,-1
37,28439,182.22,94.17,37.51,161.66,1,-1,-1,-1
38,28427,315.95,98.07,79.02,205.51,1,-1,-1,-1
38,28434,537.09,94.01,80.74,211.64,1,-1,-1,-1
38,28438,453.73,79.77,86.72,225.57,1,-1,-1,-1
38,28439,182.23,94.24,37.51,161.52,1,-1,-1,-1
39,28427,315.78,98.10,79.27,205.48,1,-1,-1,-1
39,28434,536.89,94.01,81.04,211.65,1,-1,-1,-1
39,28438,453.76,79.73,86.65,225.60,1,-1,-1,-1
39,28439,182.22,94.25,37.54,161.50,1,-1,-1,-1
40,28427,315.50,98.10,79.52,205.50,1,-1,-1,-1
40,28434,536.65,94.01,81.32,211.68,1,-1,-1,-1
40,28438,453.67,79.74,86.58,225.63,1,-1,-1,-1
40,28439,182.21,94.24,37.58,161.52,1,-1,-1,-1
41,28427,315.19,98.09,79.75,205.54,1,-1,-1,-1
41,28434,536.41,94.00,81.57,211.71,1,-1,-1,-1
41,28438,453.53,79.76,86.53,225.67,1,-1,-1,-1
41,28439,182.19,94.22,37.62,161.56,1,-1,-1,-1
42,28427,314.89,98.09,79.97,205.58,1,-1,-1,-1
42,28434,536.18,94.00,81.80,211.74,1,-1,-1,-1
42,28438,453.40,79.78,86.48,225.70,1,-1,-1,-1
42,28439,182.17,94.20,37.65,161.60,1,-1,-1,-1
43,28427,314.61,98.08,80.16,205.62,1,-1,-1,-1
43,28434,535.97,94.00,82.01,211.76,1,-1,-1,-1
43,28438,453.27,79.80,86.43,225.73,1,-1,-1,-1
43,28439,182.15,94.18,37.69,161.64,1,-1,-1,-1
44,28427,314.36,98.07,80.33,205.66,1,-1,-1,-1
44,28434,535.79,94.00,82.20,211.78,1,-1,-1,-1
44,28438,453.15,79.82,86.39,225.75,1,-1,-1,-1
44,28439,182.14,94.16,37.72,161.67,1,-1,-1,-1
45,28427,344.15,95.45,79.38,201.76,1,-1,-1,-1
45,28434,549.42,87.47,86.13,227.49,1,-1,-1,-1
45,28438,467.75,86.37,84.38,217.93,1,-1,-1,-1
45,28439,182.52,96.77,36.96,157.78,1,-1,-1,-1
46,28427,355.21,94.45,79.31,200.31,1,-1,-1,-1
46,28434,555.09,85.05,86.33,233.31,1,-1,-1,-1
46,28438,472.98,88.89,84.10,214.97,1,-1,-1,-1
46,28439,182.62,97.75,36.76,156.32,1,-1,-1,-1
47,28427,359.03,94.08,79.56,199.79,1,-1,-1,-1
47,28434,557.78,84.11,85.33,235.57,1,-1,-1,-1
47,28438,474.58,89.80,84.48,213.90,1,-1,-1,-1
47,28439,182.62,98.09,36.76,155.80,1,-1,-1,-1
48,28427,360.17,93.95,79.91,199.63,1,-1,-1,-1
48,28434,559.21,83.77,83.97,236.41,1,-1,-1,-1
48,28438,474.86,90.13,85.05,213.55,1,-1,-1,-1
48,28439,182.58,98.21,36.84,155.64,1,-1,-1,-1
49,28427,360.31,93.91,80.27,199.59,1,-1,-1,-1
49,28434,560.12,83.66,82.55,236.68,1,-1,-1,-1
49,28438,474.66,90.23,85.65,213.45,1,-1,-1,-1
49,28439,182.53,98.23,36.93,155.60,1,-1,-1,-1
50,28427,360.10,93.90,80.61,199.61,1,-1,-1,-1
50,28434,560.78,83.64,81.21,236.74,1,-1,-1,-1
50,28438,474.32,90.25,86.23,213.45,1,-1,-1,-1
50,28439,182.49,98.23,37.03,155.61,1,-1,-1,-1
51,28427,359.78,93.90,80.93,199.63,1,-1,-1,-1
51,28434,561.33,83.65,79.96,236.72,1,-1,-1,-1
51,28438,473.94,90.24,86.77,213.49,1,-1,-1,-1
51,28439,182.44,98.21,37.12,155.64,1,-1,-1,-1
52,28427,359.45,93.91,81.22,199.67,1,-1,-1,-1
52,28434,561.79,83.68,78.83,236.67,1,-1,-1,-1
52,28438,473.58,90.23,87.27,213.53,1,-1,-1,-1
52,28439,182.40,98.19,37.20,155.67,1,-1,-1,-1
53,28427,359.13,93.91,81.49,199.70,1,-1,-1,-1
53,28434,562.20,83.71,77.80,236.62,1,-1,-1,-1
53,28438,473.24,90.21,87.72,213.57,1,-1,-1,-1
53,28439,182.36,98.18,37.27,155.70,1,-1,-1,-1
54,28427,358.83,93.92,81.72,199.73,1,-1,-1,-1
54,28434,562.57,83.73,76.86,236.56,1,-1,-1,-1
54,28438,472.93,90.19,88.12,213.61,1,-1,-1,-1
54,28439,182.33,98.16,37.34,155.73,1,-1,-1,-1
55,28427,358.56,93.93,81.94,199.75,1,-1,-1,-1
55,28434,562.90,83.76,76.02,236.51,1,-1,-1,-1
55,28438,472.65,90.17,88.49,213.65,1,-1,-1,-1
55,28439,182.30,98.14,37.41,155.76,1,-1,-1,-1
56,28427,361.11,93.82,81.78,199.35,1,-1,-1,-1
56,28434,564.23,83.36,76.28,237.33,1,-1,-1,-1
56,28438,502.96,96.70,83.97,199.29,1,-1,-1,-1
56,28439,175.43,95.51,39.37,162.32,1,-1,-1,-1
56,28441,410.00,100.00,80.00,178.00,1,-1,-1,-1
57,28427,401.72,98.56,75.73,182.79,1,-1,-1,-1
57,28438,514.21,99.19,82.91,193.79,1,-1,-1,-1
57,28439,172.76,94.53,40.32,164.78,1,-1,-1,-1
58,28427,411.13,99.65,74.76,178.91,1,-1,-1,-1
58,28438,517.80,100.07,83.22,191.87,1,-1,-1,-1
58,28439,171.65,94.15,40.87,165.72,1,-1,-1,-1
59,28427,414.06,100.01,74.79,177.63,1,-1,-1,-1
59,28438,518.66,100.36,83.96,191.23,1,-1,-1,-1
59,28439,171.16,94.00,41.25,166.07,1,-1,-1,-1
60,28427,414.80,100.13,75.12,177.22,1,-1,-1,-1
60,28438,518.55,100.43,84.81,191.06,1,-1,-1,-1
60,28439,170.92,93.95,41.54,166.19,1,-1,-1,-1
61,28427,414.76,100.17,75.53,177.13,1,-1,-1,-1
61,28438,518.12,100.43,85.64,191.07,1,-1,-1,-1
61,28439,170.78,93.94,41.79,166.22,1,-1,-1,-1
62,28427,414.44,100.17,75.94,177.16,1,-1,-1,-1
62,28438,517.60,100.40,86.42,191.13,1,-1,-1,-1
62,28439,170.69,93.94,42.00,166.22,1,-1,-1,-1
63,28427,414.06,100.16,76.32,177.22,1,-1,-1,-1
63,28438,517.08,100.37,87.13,191.20,1,-1,-1,-1
63,28439,170.61,93.94,42.19,166.21,1,-1,-1,-1
64,28427,413.68,100.14,76.68,177.29,1,-1,-1,-1
64,28438,516.60,100.33,87.79,191.28,1,-1,-1,-1
64,28439,170.55,93.94,42.37,166.19,1,-1,-1,-1
65,28427,413.32,100.13,77.00,177.36,1,-1,-1,-1
65,28438,516.16,100.30,88.38,191.35,1,-1,-1,-1
65,28439,170.50,93.95,42.52,166.17,1,-1,-1,-1
66,28427,413.00,100.12,77.29,177.42,1,-1,-1,-1
66,28438,515.76,100.27,88.91,191.41,1,-1,-1,-1
66,28439,170.45,93.95,42.66,166.16,1,-1,-1,-1
67,28427,427.73,97.48,73.76,173.54,1,-1,-1,-1
67,28434,398.95,87.73,59.84,189.75,1,-1,-1,-1
67,28438,531.78,95.00,90.73,196.71,1,-1,-1,-1
67,28439,176.27,91.35,42.80,168.75,1,-1,-1,-1
68,28427,433.65,96.48,71.51,172.11,1,-1,-1,-1
68,28434,392.92,87.96,58.40,187.83,1,-1,-1,-1
68,28438,537.89,93.02,91.06,198.71,1,-1,-1,-1
68,28439,178.62,90.37,42.56,169.72,1,-1,-1,-1
69,28427,436.16,96.11,69.82,171.62,1,-1,-1,-1
69,28434,390.99,88.03,57.56,187.18,1,-1,-1,-1
69,28438,540.28,92.27,90.88,199.49,1,-1,-1,-1
69,28439,179.64,90.00,42.21,170.08,1,-1,-1,-1
70,28427,437.37,95.97,68.43,171.47,1,-1,-1,-1
70,28434,390.69,88.05,57.00,187.01,1,-1,-1,-1
70,28438,541.21,91.99,90.54,199.80,1,-1,-1,-1
70,28439,180.14,89.88,41.84,170.20,1,-1,-1,-1
71,28427,438.05,95.93,67.22,171.45,1,-1,-1,-1
71,28434,390.99,88.05,56.60,187.04,1,-1,-1,-1
71,28438,541.58,91.89,90.15,199.91,1,-1,-1,-1
71,28439,180.42,89.84,41.48,170.23,1,-1,-1,-1
72,28427,438.51,95.92,66.14,171.48,1,-1,-1,-1
72,28434,391.46,88.05,56.28,187.11,1,-1,-1,-1
72,28438,541.73,91.86,89.77,199.96,1,-1,-1,-1
72,28439,180.61,89.83,41.16,170.23,1,-1,-1,-1
73,28427,438.88,95.92,65.17,171.52,1,-1,-1,-1
73,28434,391.94,88.04,56.01,187.20,1,-1,-1,-1
73,28438,541.81,91.86,89.42,199.98,1,-1,-1,-1
73,28439,180.76,89.84,40.86,170.21,1,-1,-1,-1
74,28427,439.19,95.92,64.29,171.56,1,-1,-1,-1
74,28434,392.38,88.04,55.79,187.29,1,-1,-1,-1
74,28438,541.84,91.87,89.10,199.99,1,-1,-1,-1
74,28439,180.89,89.85,40.59,170.20,1,-1,-1,-1
75,28427,439.46,95.93,63.50,171.61,1,-1,-1,-1
75,28434,392.77,88.03,55.60,187.37,1,-1,-1,-1
75,28438,541.87,91.88,88.81,199.99,1,-1,-1,-1
75,28439,180.99,89.87,40.34,170.18,1,-1,-1,-1
76,28427,439.70,95.94,62.79,171.64,1,-1,-1,-1
76,28434,393.11,88.03,55.43,187.43,1,-1,-1,-1
76,28438,541.88,91.89,88.54,199.99,1,-1,-1,-1
76,28439,181.09,89.88,40.12,170.16,1,-1,-1,-1
77,28427,439.92,95.94,62.14,171.68,1,-1,-1,-1
77,28434,393.41,88.03,55.28,187.49,1,-1,-1,-1
77,28438,541.89,91.90,88.30,199.99,1,-1,-1,-1
77,28439,181.18,89.89,39.92,170.15,1,-1,-1,-1
78,28427,463.25,99.87,65.01,174.33,1,-1,-1,-1
78,28434,380.86,94.60,53.17,177.03,1,-1,-1,-1
78,28438,555.01,95.82,84.06,190.86,1,-1,-1,-1
78,28439,183.39,84.68,41.98,176.66,1,-1,-1,-1
79,28427,471.45,101.35,67.13,175.33,1,-1,-1,-1
79,28434,376.01,97.11,52.83,173.07,1,-1,-1,-1
79,28438,560.01,97.34,82.33,187.35,1,-1,-1,-1
79,28439,184.07,82.73,43.05,179.09,1,-1,-1,-1
80,28427,474.00,101.91,68.86,175.73,1,-1,-1,-1
80,28434,374.15,97.99,53.15,171.70,1,-1,-1,-1
80,28438,561.82,97.89,81.61,186.09,1,-1,-1,-1
80,28439,184.19,82.00,43.73,180.01,1,-1,-1,-1
81,28427,474.41,102.11,70.35,175.88,1,-1,-1,-1
81,28434,373.39,98.29,53.68,171.25,1,-1,-1,-1
81,28438,562.44,98.08,81.27,185.66,1,-1,-1,-1
81,28439,184.10,81.74,44.21,180.33,1,-1,-1,-1
82,28427,474.07,102.17,71.67,175.94,1,-1,-1,-1
82,28434,373.06,98.37,54.24,171.15,1,-1,-1,-1
82,28438,562.63,98.14,81.08,185.53,1,-1,-1,-1
82,28439,183.95,81.66,44.60,180.43,1,-1,-1,-1
83,28427,473.47,102.18,72.85,175.96,1,-1,-1,-1
83,28434,372.89,98.37,54.78,171.17,1,-1,-1,-1
83,28438,562.65,98.15,80.95,185.52,1,-1,-1,-1
83,28439,183.78,81.66,44.94,180.44,1,-1,-1,-1
84,28427,472.83,102.18,73.92,175.97,1,-1,-1,-1
84,28434,372.78,98.35,55.28,171.23,1,-1,-1,-1
84,28438,562.62,98.15,80.86,185.54,1,-1,-1,-1
84,28439,183.62,81.67,45.24,180.42,1,-1,-1,-1
85,28427,472.21,102.16,74.88,175.98,1,-1,-1,-1
85,28434,372.70,98.32,55.73,171.30,1,-1,-1,-1
85,28438,562.57,98.14,80.77,185.58,1,-1,-1,-1
85,28439,183.47,81.70,45.50,180.38,1,-1,-1,-1
86,28427,471.63,102.15,75.75,175.98,1,-1,-1,-1
86,28434,372.64,98.29,56.14,171.36,1,-1,-1,-1
86,28438,562.51,98.12,80.70,185.62,1,-1,-1,-1
86,28439,183.33,81.72,45.74,180.35,1,-1,-1,-1
87,28427,471.09,102.14,76.54,175.98,1,-1,-1,-1
87,28434,372.58,98.26,56.51,171.43,1,-1,-1,-1
87,28438,562.46,98.11,80.63,185.65,1,-1,-1,-1
87,28439,183.20,81.75,45.96,180.32,1,-1,-1,-1
88,28427,470.61,102.12,77.25,175.99,1,-1,-1,-1
88,28434,372.53,98.24,56.84,171.48,1,-1,-1,-1
88,28438,562.42,98.10,80.57,185.69,1,-1,-1,-1
88,28439,183.09,81.77,46.15,180.29,1,-1,-1,-1
89,28427,496.09,98.19,78.27,175.99,1,-1,-1,-1
89,28434,380.94,102.15,49.41,151.86,1,-1,-1,-1
89,28438,563.66,98.27,80.35,185.18,1,-1,-1,-1
89,28439,186.52,85.70,45.78,175.05,1,-1,-1,-1
89,28442,348.00,90.00,54.00,172.00,1,-1,-1,-1
90,28427,505.40,96.70,79.20,175.99,1,-1,-1,-1
90,28434,384.53,103.65,46.14,144.27,1,-1,-1,-1
90,28439,187.58,87.22,46.11,173.03,1,-1,-1,-1
90,28442,348.00,90.00,54.00,172.00,1,-1,-1,-1
91,28427,508.55,96.14,80.04,175.99,1,-1,-1,-1
91,28434,385.99,104.14,44.62,141.73,1,-1,-1,-1
91,28439,187.73,87.79,46.69,172.27,1,-1,-1,-1
91,28442,348.00,90.00,54.00,172.00,1,-1,-1,-1
92,28427,509.38,95.94,80.80,175.99,1,-1,-1,-1
92,28434,386.71,104.29,43.73,140.92,1,-1,-1,-1
92,28439,187.57,87.99,47.32,172.00,1,-1,-1,-1
92,28442,348.00,90.00,54.00,172.00,1,-1,-1,-1
93,28427,509.35,95.87,81.48,175.99,1,-1,-1,-1
93,28434,387.14,104.33,43.09,140.72,1,-1,-1,-1
93,28439,187.30,88.06,47.93,171.91,1,-1,-1,-1
93,28442,348.00,90.00,54.00,172.00,1,-1,-1,-1
94,28427,509.02,95.86,82.10,175.99,1,-1,-1,-1
94,28434,387.46,104.31,42.58,140.74,1,-1,-1,-1
94,28439,187.01,88.08,48.50,171.88,1,-1,-1,-1
94,28442,348.00,90.00,54.00,172.00,1,-1,-1,-1
95,28427,508.62,95.86,82.67,175.99,1,-1,-1,-1
95,28434,387.72,104.29,42.14,140.83,1,-1,-1,-1
95,28439,186.74,88.09,49.02,171.88,1,-1,-1,-1
95,28442,348.00,90.00,54.00,172.00,1,-1,-1,-1
96,28427,508.20,95.87,83.18,175.99,1,-1,-1,-1
96,28434,387.94,104.26,41.75,140.94,1,-1,-1,-1
96,28439,186.48,88.08,49.49,171.88,1,-1,-1,-1
96,28442,348.00,90.00,54.00,172.00,1,-1,-1,-1
97,28427,507.81,95.88,83.64,175.99,1,-1,-1,-1
97,28434,388.14,104.24,41.39,141.05,1,-1,-1,-1
97,28439,186.24,88.08,49.92,171.89,1,-1,-1,-1
97,28442,348.00,90.00,54.00,172.00,1,-1,-1,-1
98,28427,507.45,95.89,84.05,175.99,1,-1,-1,-1
98,28434,388.32,104.21,41.07,141.14,1,-1,-1,-1
98,28439,186.03,88.07,50.31,171.90,1,-1,-1,-1
98,28442,348.00,90.00,54.00,172.00,1,-1,-1,-1
99,28427,507.12,95.90,84.43,176.00,1,-1,-1,-1
99,28434,388.48,104.19,40.78,141.23,1,-1,-1,-1
99,28439,185.84,88.06,50.66,171.91,1,-1,-1,-1
99,28442,348.00,90.00,54.00,172.00,1,-1,-1,-1
100,28427,513.35,103.75,80.86,166.85,1,-1,-1,-1
100,28434,387.09,105.49,40.95,139.99,1,-1,-1,-1
100,28438,501.96,117.53,64.46,156.61,1,-1,-1,-1
100,28439,187.39,88.06,51.45,174.54,1,-1,-1,-1
100,28442,332.53,87.34,57.05,181.30,1,-1,-1,-1
101,28427,515.44,106.77,79.88,163.34,1,-1,-1,-1
101,28434,386.43,105.96,41.31,139.57,1,-1,-1,-1
101,28438,500.83,118.20,61.51,155.66,1,-1,-1,-1
101,28439,187.96,88.05,51.75,175.53,1,-1,-1,-1
101,28442,326.79,86.36,58.24,184.73,1,-1,-1,-1
102,28427,515.94,107.85,79.91,162.09,1,-1,-1,-1
102,28434,386.06,106.13,41.71,139.45,1,-1,-1,-1
102,28438,500.97,118.44,59.42,155.30,1,-1,-1,-1
102,28439,188.16,88.05,51.87,175.90,1,-1,-1,-1
102,28442,324.59,85.99,58.77,186.02,1,-1,-1,-1
103,28427,515.88,108.23,80.28,161.65,1,-1,-1,-1
103,28434,385.81,106.18,42.10,139.44,1,-1,-1,-1
103,28438,501.53,118.50,57.84,155.22,1,-1,-1,-1
103,28439,188.22,88.04,51.92,176.04,1,-1,-1,-1
103,28442,323.79,85.87,59.02,186.47,1,-1,-1,-1
104,28427,515.63,108.34,80.75,161.53,1,-1,-1,-1
104,28434,385.62,106.18,42.46,139.47,1,-1,-1,-1
104,28438,502.19,118.48,56.59,155.25,1,-1,-1,-1
104,28439,188.23,88.04,51.94,176.08,1,-1,-1,-1
104,28442,323.53,85.83,59.16,186.60,1,-1,-1,-1
105,28427,515.32,108.36,81.22,161.52,1,-1,-1,-1
105,28434,385.46,106.17,42.79,139.52,1,-1,-1,-1
105,28438,502.82,118.44,55.56,155.31,1,-1,-1,-1
105,28439,188.22,88.03,51.96,176.09,1,-1,-1,-1
105,28442,323.47,85.83,59.25,186.60,1,-1,-1,-1
106,28427,515.02,108.35,81.66,161.54,1,-1,-1,-1
106,28434,385.32,106.16,43.10,139.56,1,-1,-1,-1
106,28438,503.38,118.40,54.69,155.38,1,-1,-1,-1
106,28439,188.20,88.03,51.96,176.09,1,-1,-1,-1
106,28442,323.48,85.84,59.33,186.57,1,-1,-1,-1
107,28427,514.73,108.32,82.07,161.58,1,-1,-1,-1
107,28434,385.19,106.15,43.37,139.60,1,-1,-1,-1
107,28438,503.88,118.36,53.95,155.44,1,-1,-1,-1
107,28439,188.19,88.03,51.97,176.09,1,-1,-1,-1
107,28442,323.52,85.85,59.39,186.52,1,-1,-1,-1
108,28427,514.47,108.29,82.45,161.62,1,-1,-1,-1
108,28434,385.08,106.13,43.62,139.64,1,-1,-1,-1
108,28438,504.32,118.32,53.31,155.50,1,-1,-1,-1
108,28439,188.17,88.03,51.97,176.08,1,-1,-1,-1
108,28442,323.56,85.86,59.45,186.48,1,-1,-1,-1
109,28427,514.23,108.26,82.79,161.65,1,-1,-1,-1
109,28434,384.98,106.12,43.85,139.67,1,-1,-1,-1
109,28438,504.70,118.29,52.75,155.55,1,-1,-1,-1
109,28439,188.15,88.02,51.98,176.07,1,-1,-1,-1
109,28442,323.60,85.88,59.50,186.43,1,-1,-1,-1
110,28427,514.02,108.24,83.10,161.69,1,-1,-1,-1
110,28434,384.88,106.11,44.05,139.70,1,-1,-1,-1
110,28438,505.04,118.26,52.26,155.60,1,-1,-1,-1
110,28439,188.14,88.02,51.98,176.07,1,-1,-1,-1
110,28442,323.64,85.89,59.54,186.39,1,-1,-1,-1
111,28427,515.06,108.62,82.84,161.18,1,-1,-1,-1
111,28434,386.33,104.79,45.11,143.66,1,-1,-1,-1
111,28438,484.85,118.23,56.06,151.70,1,-1,-1,-1
111,28439,186.63,86.71,52.36,176.06,1,-1,-1,-1
111,28442,311.19,84.59,58.48,185.05,1,-1,-1,-1
111,28443,586.00,108.00,52.00,142.00,1,-1,-1,-1
112,28434,386.92,104.29,45.40,145.15,1,-1,-1,-1
112,28438,475.99,118.21,60.02,150.25,1,-1,-1,-1
112,28439,185.95,86.22,52.71,176.05,1,-1,-1,-1
112,28442,306.65,84.11,57.73,184.52,1,-1,-1,-1
112,28443,586.00,108.00,52.00,142.00,1,-1,-1,-1
113,28434,387.19,104.10,45.42,145.72,1,-1,-1,-1
113,28438,471.65,118.19,63.80,149.74,1,-1,-1,-1
113,28439,185.60,86.03,53.02,176.05,1,-1,-1,-1
113,28442,305.16,83.93,57.14,184.30,1,-1,-1,-1
113,28443,586.00,108.00,52.00,142.00,1,-1,-1,-1
114,28434,387.34,104.03,45.34,145.94,1,-1,-1,-1
114,28438,469.09,118.17,67.29,149.58,1,-1,-1,-1
114,28439,185.38,85.97,53.31,176.04,1,-1,-1,-1
114,28442,304.81,83.88,56.64,184.21,1,-1,-1,-1
114,28443,586.00,108.00,52.00,142.00,1,-1,-1,-1
115,28434,387.43,104.00,45.24,146.02,1,-1,-1,-1
115,28438,467.31,118.15,70.46,149.56,1,-1,-1,-1
115,28439,185.23,85.95,53.56,176.04,1,-1,-1,-1
115,28442,304.87,83.87,56.19,184.17,1,-1,-1,-1
115,28443,586.00,108.00,52.00,142.00,1,-1,-1,-1
116,28434,387.49,103.99,45.13,146.05,1,-1,-1,-1
116,28438,465.90,118.14,73.33,149.57,1,-1,-1,-1
116,28439,185.10,85.94,53.80,176.04,1,-1,-1,-1
116,28442,305.08,83.87,55.79,184.14,1,-1,-1,-1
116,28443,586.00,108.00,52.00,142.00,1,-1,-1,-1
117,28434,387.54,103.99,45.03,146.05,1,-1,-1,-1
117,28438,464.70,118.12,75.91,149.61,1,-1,-1,-1
117,28439,184.99,85.94,54.01,176.03,1,-1,-1,-1
117,28442,305.32,83.88,55.43,184.12,1,-1,-1,-1
117,28443,586.00,108.00,52.00,142.00,1,-1,-1,-1
118,28434,387.59,103.99,44.93,146.05,1,-1,-1,-1
118,28438,463.65,118.11,78.24,149.64,1,-1,-1,-1
118,28439,184.90,85.95,54.20,176.03,1,-1,-1,-1
118,28442,305.57,83.89,55.11,184.11,1,-1,-1,-1
118,28443,586.00,108.00,52.00,142.00,1,-1,-1,-1
119,28434,387.63,103.99,44.84,146.05,1,-1,-1,-1
119,28438,462.72,118.10,80.33,149.67,1,-1,-1,-1
119,28439,184.81,85.95,54.37,176.03,1,-1,-1,-1
119,28442,305.79,83.90,54.81,184.10,1,-1,-1,-1
119,28443,586.00,108.00,52.00,142.00,1,-1,-1,-1
120,28434,387.66,103.99,44.76,146.05,1,-1,-1,-1
120,28438,461.88,118.09,82.22,149.71,1,-1,-1,-1
120,28439,184.73,85.96,54.53,176.02,1,-1,-1,-1
120,28442,306.00,83.91,54.55,184.09,1,-1,-1,-1
120,28443,586.00,108.00,52.00,142.00,1,-1,-1,-1
121,28434,387.70,103.99,44.69,146.04,1,-1,-1,-1
121,28438,461.12,118.08,83.93,149.73,1,-1,-1,-1
121,28439,184.66,85.96,54.67,176.02,1,-1,-1,-1
121,28442,306.19,83.92,54.30,184.08,1,-1,-1,-1
121,28443,586.00,108.00,52.00,142.00,1,-1,-1,-1
122,28427,490.24,104.23,71.66,150.14,1,-1,-1,-1
122,28434,395.70,107.90,43.02,142.12,1,-1,-1,-1
122,28438,459.76,118.21,83.69,149.30,1,-1,-1,-1
122,28439,188.65,88.58,53.22,170.80,1,-1,-1,-1
122,28442,301.04,83.93,51.66,177.54,1,-1,-1,-1
122,28443,590.32,88.07,63.30,183.19,1,-1,-1,-1
122,28444,440.00,110.00,40.00,148.00,1,-1,-1,-1
123,28427,491.15,104.03,67.46,149.79,1,-1,-1,-1
123,28434,398.87,109.40,42.15,140.63,1,-1,-1,-1
123,28439,190.13,89.58,52.76,168.80,1,-1,-1,-1
123,28442,299.30,83.93,50.30,175.04,1,-1,-1,-1
123,28443,593.25,81.10,64.40,197.59,1,-1,-1,-1
123,28444,440.00,110.00,40.00,148.00,1,-1,-1,-1
124,28427,492.31,103.97,64.31,149.66,1,-1,-1,-1
124,28434,400.14,109.95,41.61,140.08,1,-1,-1,-1
124,28439,190.62,89.94,52.67,168.07,1,-1,-1,-1
124,28442,298.87,83.94,49.47,174.13,1,-1,-1,-1
124,28443,595.61,78.15,62.62,203.68,1,-1,-1,-1
124,28444,440.00,110.00,40.00,148.00,1,-1,-1,-1
125,28427,493.43,103.95,61.84,149.64,1,-1,-1,-1
125,28434,400.68,110.14,41.21,139.88,1,-1,-1,-1
125,28439,190.76,90.07,52.72,167.82,1,-1,-1,-1
125,28442,298.90,83.95,48.86,173.81,1,-1,-1,-1
125,28443,597.59,77.04,59.77,205.98,1,-1,-1,-1
125,28444,440.00,110.00,40.00,148.00,1,-1,-1,-1
126,28427,494.44,103.94,59.85,149.65,1,-1,-1,-1
126,28434,400.95,110.19,40.88,139.83,1,-1,-1,-1
126,28439,190.76,90.11,52.82,167.74,1,-1,-1,-1
126,28442,299.10,83.95,48.37,173.71,1,-1,-1,-1
126,28443,599.32,76.69,56.67,206.71,1,-1,-1,-1
126,28444,440.00,110.00,40.00,148.00,1,-1,-1,-1
127,28427,495.30,103.94,58.19,149.68,1,-1,-1,-1
127,28434,401.10,110.20,40.60,139.82,1,-1,-1,-1
127,28439,190.71,90.12,52.92,167.73,1,-1,-1,-1
127,28442,299.34,83.96,47.94,173.69,1,-1,-1,-1
127,28443,600.87,76.63,53.63,206.84,1,-1,-1,-1
127,28444,440.00,110.00,40.00,148.00,1,-1,-1,-1
128,28427,496.05,103.95,56.79,149.71,1,-1,-1,-1
128,28434,401.21,110.19,40.35,139.82,1,-1,-1,-1
128,28439,190.65,90.11,53.02,167.75,1,-1,-1,-1
128,28442,299.58,83.96,47.56,173.71,1,-1,-1,-1
128,28443,602.27,76.67,50.78,206.74,1,-1,-1,-1
128,28444,440.00,110.00,40.00,148.00,1,-1,-1,-1
129,28427,496.70,103.95,55.60,149.74,1,-1,-1,-1
129,28434,401.29,110.18,40.12,139.84,1,-1,-1,-1
129,28439,190.59,90.10,53.11,167.77,1,-1,-1,-1
129,28442,299.80,83.96,47.22,173.73,1,-1,-1,-1
129,28443,603.55,76.76,48.14,206.57,1,-1,-1,-1
129,28444,440.00,110.00,40.00,148.00,1,-1,-1,-1
130,28427,497.27,103.96,54.56,149.76,1,-1,-1,-1
130,28434,401.36,110.16,39.92,139.85,1,-1,-1,-1
130,28439,190.54,90.10,53.20,167.79,1,-1,-1,-1
130,28442,300.01,83.97,46.92,173.75,1,-1,-1,-1
130,28443,604.71,76.85,45.72,206.37,1,-1,-1,-1
130,28444,440.00,110.00,40.00,148.00,1,-1,-1,-1
131,28427,497.77,103.96,53.66,149.78,1,-1,-1,-1
131,28434,401.42,110.15,39.74,139.86,1,-1,-1,-1
131,28439,190.49,90.09,53.27,167.81,1,-1,-1,-1
131,28442,300.20,83.97,46.64,173.78,1,-1,-1,-1
131,28443,605.77,76.95,43.51,206.17,1,-1,-1,-1
131,28444,440.00,110.00,40.00,148.00,1,-1,-1,-1
132,28427,498.20,103.97,52.87,149.81,1,-1,-1,-1
132,28434,401.48,110.13,39.57,139.88,1,-1,-1,-1
132,28439,190.44,90.08,53.34,167.83,1,-1,-1,-1
132,28442,300.37,83.97,46.39,173.80,1,-1,-1,-1
132,28443,606.73,77.04,41.49,205.98,1,-1,-1,-1
132,28444,440.00,110.00,40.00,148.00,1,-1,-1,-1
133,28427,484.53,107.90,52.80,148.52,1,-1,-1,-1
133,28434,401.50,104.89,44.70,155.58,1,-1,-1,-1
133,28439,192.76,93.99,49.99,157.38,1,-1,-1,-1
133,28442,292.36,87.90,46.80,169.89,1,-1,-1,-1
133,28443,607.17,75.54,42.12,209.09,1,-1,-1,-1
133,28444,440.00,110.00,40.00,148.00,1,-1,-1,-1
134,28427,479.28,109.39,52.97,148.04,1,-1,-1,-1
134,28434,401.31,102.97,47.00,161.33,1,-1,-1,-1
134,28439,193.65,95.50,48.69,153.37,1,-1,-1,-1
134,28442,288.97,89.40,47.71,168.42,1,-1,-1,-1
135,28427,477.27,109.93,53.21,147.87,1,-1,-1,-1
135,28434,401.04,102.20,48.25,163.62,1,-1,-1,-1
135,28439,193.96,96.02,48.22,151.96,1,-1,-1,-1
135,28442,287.40,89.94,48.74,167.89,1,-1,-1,-1
136,28427,476.51,110.13,53.46,147.82,1,-1,-1,-1
136,28434,400.76,101.91,49.04,164.46,1,-1,-1,-1
136,28439,194.07,96.20,48.05,151.49,1,-1,-1,-1
136,28442,286.54,90.13,49.75,167.72,1,-1,-1,-1
137,28427,476.21,110.19,53.70,147.82,1,-1,-1,-1
137,28434,400.51,101.81,49.61,164.74,1,-1,-1,-1
137,28439,194.10,96.25,47.99,151.36,1,-1,-1,-1
137,28442,285.98,90.19,50.71,167.68,1,-1,-1,-1
138,28427,476.10,110.20,53.92,147.82,1,-1,-1,-1
138,28434,400.27,101.79,50.07,164.80,1,-1,-1,-1
138,28439,194.11,96.25,47.97,151.36,1,-1,-1,-1
138,28442,285.56,90.20,51.58,167.68,1,-1,-1,-1
139,28427,476.05,110.19,54.12,147.84,1,-1,-1,-1
139,28434,400.06,101.79,50.46,164.78,1,-1,-1,-1
139,28439,194.10,96.23,47.97,151.40,1,-1,-1,-1
139,28442,285.20,90.19,52.38,167.70,1,-1,-1,-1
140,28427,476.03,110.17,54.30,147.85,1,-1,-1,-1
140,28434,399.86,101.80,50.81,164.73,1,-1,-1,-1
140,28439,194.09,96.21,47.97,151.45,1,-1,-1,-1
140,28442,284.89,90.17,53.10,167.73,1,-1,-1,-1
141,28427,476.03,110.16,54.46,147.87,1,-1,-1,-1
141,28434,399.68,101.82,51.11,164.67,1,-1,-1,-1
141,28439,194.08,96.19,47.97,151.50,1,-1,-1,-1
141,28442,284.62,90.16,53.76,167.75,1,-1,-1,-1
142,28427,476.02,110.14,54.61,147.88,1,-1,-1,-1
142,28434,399.52,101.83,51.39,164.61,1,-1,-1,-1
142,28439,194.07,96.17,47.98,151.55,1,-1,-1,-1
142,28442,284.37,90.14,54.35,167.78,1,-1,-1,-1
143,28427,476.02,110.13,54.74,147.89,1,-1,-1,-1
143,28434,399.38,101.85,51.64,164.56,1,-1,-1,-1
143,28439,194.07,96.16,47.98,151.59,1,-1,-1,-1
143,28442,284.14,90.13,54.89,167.80,1,-1,-1,-1
144,28427,464.01,111.42,51.43,141.37,1,-1,-1,-1
144,28434,399.56,101.61,51.92,165.45,1,-1,-1,-1
144,28439,191.68,92.21,50.12,159.50,1,-1,-1,-1
144,28442,268.82,87.50,55.53,171.74,1,-1,-1,-1
144,28445,12.00,114.00,52.00,172.00,1,-1,-1,-1
145,28427,459.67,111.91,49.73,138.87,1,-1,-1,-1
145,28439,190.89,90.74,50.71,162.44,1,-1,-1,-1
145,28442,263.27,86.51,55.42,173.23,1,-1,-1,-1
145,28445,12.00,114.00,52.00,172.00,1,-1,-1,-1
146,28427,458.35,112.08,48.70,137.99,1,-1,-1,-1
146,28439,190.68,90.17,50.77,163.58,1,-1,-1,-1
146,28442,261.36,86.13,55.06,173.80,1,-1,-1,-1
146,28445,12.00,114.00,52.00,172.00,1,-1,-1,-1
147,28427,458.12,112.13,47.95,137.68,1,-1,-1,-1
147,28439,190.68,89.96,50.62,164.01,1,-1,-1,-1
147,28442,260.84,85.99,54.64,174.01,1,-1,-1,-1
147,28445,12.00,114.00,52.00,172.00,1,-1,-1,-1
148,28427,458.27,112.14,47.35,137.60,1,-1,-1,-1
148,28439,190.75,89.89,50.42,164.16,1,-1,-1,-1
148,28442,260.85,85.94,54.22,174.08,1,-1,-1,-1
148,28445,12.00,114.00,52.00,172.00,1,-1,-1,-1
149,28427,458.54,112.14,46.82,137.60,1,-1,-1,-1
149,28439,190.85,89.87,50.21,164.20,1,-1,-1,-1
149,28442,261.03,85.93,53.83,174.10,1,-1,-1,-1
149,28445,12.00,114.00,52.00,172.00,1,-1,-1,-1
150,28427,458.85,112.13,46.35,137.62,1,-1,-1,-1
150,28439,190.96,89.87,50.01,164.21,1,-1,-1,-1
150,28442,261.27,85.93,53.47,174.10,1,-1,-1,-1
150,28445,12.00,114.00,52.00,172.00,1,-1,-1,-1
151,28427,459.14,112.12,45.94,137.65,1,-1,-1,-1
151,28439,191.05,89.88,49.82,164.20,1,-1,-1,-1
151,28442,261.51,85.93,53.14,174.10,1,-1,-1,-1
151,28445,12.00,114.00,52.00,172.00,1,-1,-1,-1
152,28427,459.41,112.10,45.56,137.68,1,-1,-1,-1
152,28439,191.14,89.89,49.65,164.18,1,-1,-1,-1
152,28442,261.74,85.94,52.84,174.09,1,-1,-1,-1
152,28445,12.00,114.00,52.00,172.00,1,-1,-1,-1
153,28427,459.66,112.09,45.22,137.71,1,-1,-1,-1
153,28439,191.22,89.90,49.49,164.17,1,-1,-1,-1
153,28442,261.95,85.94,52.57,174.08,1,-1,-1,-1
153,28445,12.00,114.00,52.00,172.00,1,-1,-1,-1
154,28427,459.88,112.09,44.91,137.74,1,-1,-1,-1
154,28439,191.30,89.91,49.35,164.15,1,-1,-1,-1
154,28442,262.15,85.95,52.32,174.07,1,-1,-1,-1
154,28445,12.00,114.00,52.00,172.00,1,-1,-1,-1
155,28427,452.62,109.46,46.47,145.62,1,-1,-1,-1
155,28434,403.52,113.53,43.22,141.10,1,-1,-1,-1
155,28439,189.05,84.70,51.24,171.96,1,-1,-1,-1
155,28442,258.82,84.65,52.59,176.68,1,-1,-1,-1
155,28444,353.10,104.04,42.99,157.93,1,-1,-1,-1
155,28445,12.00,114.00,52.00,172.00,1,-1,-1,-1
155,28446,68.00,102.00,48.00,192.00,1,-1,-1,-1
156,28427,450.23,108.48,46.47,148.55,1,-1,-1,-1
156,28434,404.00,114.03,42.11,140.01,1,-1,-1,-1
156,28439,188.34,82.76,51.69,174.87,1,-1,-1,-1
156,28442,257.73,84.16,52.40,177.65,1,-1,-1,-1
156,28444,351.40,103.93,43.23,158.11,1,-1,-1,-1
156,28446,68.00,102.00,48.00,192.00,1,-1,-1,-1
157,28427,449.60,108.10,45.97,149.69,1,-1,-1,-1
157,28434,404.34,114.20,41.42,139.66,1,-1,-1,-1
157,28439,188.18,82.02,51.63,175.98,1,-1,-1,-1
157,28442,257.49,83.98,52.08,178.02,1,-1,-1,-1
157,28444,350.77,103.89,43.39,158.18,1,-1,-1,-1
157,28445,55.66,103.83,56.17,188.94,1,-1,-1,-1
158,28427,449.63,107.96,45.33,150.11,1,-1,-1,-1
158,28434,404.58,114.25,40.92,139.56,1,-1,-1,-1
158,28439,188.23,81.75,51.40,176.38,1,-1,-1,-1
158,28442,257.55,83.92,51.73,178.14,1,-1,-1,-1
158,28444,350.61,103.89,43.49,158.19,1,-1,-1,-1
158,28445,62.71,102.28,56.07,191.54,1,-1,-1,-1
159,28427,449.90,107.92,44.67,150.25,1,-1,-1,-1
159,28434,404.77,114.24,40.54,139.56,1,-1,-1,-1
159,28439,188.35,81.68,51.12,176.50,1,-1,-1,-1
159,28442,257.71,83.90,51.39,178.18,1,-1,-1,-1
159,28444,350.64,103.89,43.57,158.18,1,-1,-1,-1
159,28445,65.48,101.72,55.55,192.46,1,-1,-1,-1
160,28427,450.23,107.90,44.05,150.29,1,-1,-1,-1
160,28434,404.92,114.22,40.23,139.59,1,-1,-1,-1
160,28439,188.49,81.67,50.84,176.51,1,-1,-1,-1
160,28442,257.90,83.90,51.07,178.18,1,-1,-1,-1
160,28444,350.73,103.90,43.63,158.17,1,-1,-1,-1
160,28445,66.60,101.54,54.92,192.76,1,-1,-1,-1
161,28427,450.57,107.91,43.48,150.28,1,-1,-1,-1
161,28434,405.04,114.20,39.97,139.63,1,-1,-1,-1
161,28439,188.63,81.68,50.58,176.48,1,-1,-1,-1
161,28442,258.09,83.91,50.78,178.17,1,-1,-1,-1
161,28444,350.83,103.91,43.68,158.15,1,-1,-1,-1
161,28445,67.08,101.50,54.29,192.83,1,-1,-1,-1
162,28427,450.89,107.91,42.95,150.26,1,-1,-1,-1
162,28434,405.15,114.18,39.75,139.67,1,-1,-1,-1
162,28439,188.76,81.70,50.34,176.45,1,-1,-1,-1
162,28442,258.27,83.91,50.52,178.16,1,-1,-1,-1
162,28444,350.94,103.92,43.72,158.14,1,-1,-1,-1
162,28445,67.31,101.52,53.70,192.80,1,-1,-1,-1
163,28427,451.18,107.92,42.48,150.24,1,-1,-1,-1
163,28434,405.24,114.16,39.56,139.70,1,-1,-1,-1
163,28439,188.87,81.73,50.11,176.41,1,-1,-1,-1
163,28442,258.43,83.92,50.28,178.14,1,-1,-1,-1
163,28444,351.04,103.92,43.75,158.13,1,-1,-1,-1
163,28445,67.43,101.55,53.16,192.75,1,-1,-1,-1
164,28427,451.45,107.93,42.05,150.22,1,-1,-1,-1
164,28434,405.32,114.15,39.40,139.73,1,-1,-1,-1
164,28439,188.98,81.75,49.91,176.37,1,-1,-1,-1
164,28442,258.58,83.93,50.06,178.13,1,-1,-1,-1
164,28444,351.13,103.93,43.78,158.11,1,-1,-1,-1
164,28445,67.51,101.59,52.67,192.68,1,-1,-1,-1
165,28427,451.69,107.93,41.66,150.20,1,-1,-1,-1
165,28434,405.39,114.13,39.25,139.76,1,-1,-1,-1
165,28439,189.08,81.78,49.73,176.34,1,-1,-1,-1
165,28442,258.72,83.94,49.86,178.12,1,-1,-1,-1
165,28444,351.21,103.94,43.80,158.10,1,-1,-1,-1
165,28445,67.57,101.63,52.22,192.62,1,-1,-1,-1
166,28427,441.26,107.94,41.76,148.88,1,-1,-1,-1
166,28434,405.47,114.34,39.14,139.37,1,-1,-1,-1
166,28439,189.41,83.10,50.39,178.91,1,-1,-1,-1
166,28442,258.94,83.94,48.17,174.19,1,-1,-1,-1
166,28444,340.59,106.56,43.00,155.48,1,-1,-1,-1
166,28445,70.11,101.03,52.49,193.61,1,-1,-1,-1
166,28447,100.00,98.00,80.00,182.00,1,-1,-1,-1
167,28427,437.20,107.94,42.04,148.37,1,-1,-1,-1
167,28439,189.55,83.61,50.59,179.87,1,-1,-1,-1
167,28442,259.20,83.95,47.22,172.69,1,-1,-1,-1
167,28444,336.63,107.56,42.67,154.48,1,-1,-1,-1
167,28447,100.00,98.00,80.00,182.00,1,-1,-1,-1
168,28427,435.61,107.95,42.37,148.17,1,-1,-1,-1
168,28439,189.63,83.81,50.63,180.22,1,-1,-1,-1
168,28442,259.46,83.95,46.59,172.13,1,-1,-1,-1
168,28444,335.23,107.93,42.51,154.10,1,-1,-1,-1
168,28447,100.00,98.00,80.00,182.00,1,-1,-1,-1
169,28427,434.96,107.95,42.70,148.09,1,-1,-1,-1
169,28439,189.68,83.89,50.60,180.32,1,-1,-1,-1
169,28442,259.69,83.96,46.10,171.93,1,-1,-1,-1
169,28444,334.79,108.06,42.42,153.97,1,-1,-1,-1
169,28447,100.00,98.00,80.00,182.00,1,-1,-1,-1
170,28427,434.68,107.96,43.00,148.06,1,-1,-1,-1
170,28439,189.72,83.93,50.56,180.34,1,-1,-1,-1
170,28442,259.91,83.96,45.69,171.87,1,-1,-1,-1
170,28444,334.71,108.10,42.37,153.93,1,-1,-1,-1
170,28447,100.00,98.00,80.00,182.00,1,-1,-1,-1
171,28427,434.54,107.96,43.28,148.04,1,-1,-1,-1
171,28439,189.75,83.94,50.51,180.33,1,-1,-1,-1
171,28442,260.11,83.97,45.34,171.86,1,-1,-1,-1
171,28444,334.76,108.11,42.33,153.91,1,-1,-1,-1
171,28447,100.00,98.00,80.00,182.00,1,-1,-1,-1
172,28427,434.47,107.97,43.54,148.03,1,-1,-1,-1
172,28439,189.77,83.95,50.47,180.31,1,-1,-1,-1
172,28442,260.29,83.97,45.02,171.86,1,-1,-1,-1
172,28444,334.86,108.10,42.29,153.92,1,-1,-1,-1
172,28447,100.00,98.00,80.00,182.00,1,-1,-1,-1
173,28427,434.41,107.97,43.77,148.03,1,-1,-1,-1
173,28439,189.79,83.96,50.42,180.28,1,-1,-1,-1
173,28442,260.45,83.97,44.73,171.87,1,-1,-1,-1
173,28444,334.96,108.10,42.26,153.92,1,-1,-1,-1
173,28447,100.00,98.00,80.00,182.00,1,-1,-1,-1
174,28427,434.37,107.97,43.98,148.03,1,-1,-1,-1
174,28439,189.81,83.96,50.38,180.25,1,-1,-1,-1
174,28442,260.60,83.97,44.47,171.88,1,-1,-1,-1
174,28444,335.05,108.09,42.24,153.93,1,-1,-1,-1
174,28447,100.00,98.00,80.00,182.00,1,-1,-1,-1
175,28427,434.34,107.98,44.17,148.02,1,-1,-1,-1
175,28439,189.83,83.97,50.35,180.23,1,-1,-1,-1
175,28442,260.73,83.98,44.23,171.89,1,-1,-1,-1
175,28444,335.14,108.08,42.21,153.93,1,-1,-1,-1
175,28447,100.00,98.00,80.00,182.00,1,-1,-1,-1
176,28427,434.31,107.98,44.34,148.02,1,-1,-1,-1
176,28439,189.85,83.97,50.31,180.21,1,-1,-1,-1
176,28442,260.85,83.98,44.02,171.90,1,-1,-1,-1
176,28444,335.23,108.07,42.19,153.94,1,-1,-1,-1
176,28447,100.00,98.00,80.00,182.00,1,-1,-1,-1
177,28427,429.46,113.20,42.37,138.88,1,-1,-1,-1
177,28434,379.77,119.92,41.75,143.77,1,-1,-1,-1
177,28439,191.45,89.19,47.11,168.45,1,-1,-1,-1
177,28442,258.44,86.60,43.64,169.30,1,-1,-1,-1
177,28444,329.15,101.53,44.02,161.79,1,-1,-1,-1
177,28447,100.00,98.00,80.00,182.00,1,-1,-1,-1
177,28448,152.00,128.00,46.00,150.00,1,-1,-1,-1
178,28427,427.46,115.22,41.98,135.35,1,-1,-1,-1
178,28434,378.34,120.10,42.81,143.97,1,-1,-1,-1
178,28439,192.05,91.21,45.90,163.88,1,-1,-1,-1
178,28442,257.46,87.59,43.64,168.31,1,-1,-1,-1
178,28444,326.99,99.09,44.51,164.71,1,-1,-1,-1
178,28447,133.81,121.48,67.15,156.96,1,-1,-1,-1
179,28427,426.59,115.94,42.20,134.10,1,-1,-1,-1
179,28434,377.63,120.17,43.59,144.03,1,-1,-1,-1
179,28439,192.25,91.93,45.50,162.26,1,-1,-1,-1
179,28442,257.04,87.96,43.78,167.96,1,-1,-1,-1
179,28444,326.29,98.15,44.54,165.84,1,-1,-1,-1
179,28447,142.16,126.88,63.05,151.20,1,-1,-1,-1
