1,21673,404.82,195.27,84.91,175.10,1,-1,-1,-1
1,21678,544.13,205.50,62.74,157.44,1,-1,-1,-1
1,21679,182.00,94.00,69.00,226.00,1,-1,-1,-1
1,21680,438.00,94.00,90.00,240.00,1,-1,-1,-1
1,21681,565.00,90.00,70.00,191.00,1,-1,-1,-1
1,21682,340.00,81.00,88.00,253.00,1,-1,-1,-1
2,21672,163.07,94.53,109.03,232.96,1,-1,-1,-1
2,21680,441.41,94.00,90.04,240.00,1,-1,-1,-1
2,21681,564.98,92.57,70.04,191.00,1,-1,-1,-1
2,21682,340.27,81.86,87.46,251.29,1,-1,-1,-1
2,21683,90.00,99.00,61.00,230.00,1,-1,-1,-1
3,21672,174.18,87.00,102.40,235.19,1,-1,-1,-1
3,21680,446.66,91.00,91.18,243.00,1,-1,-1,-1
3,21681,563.80,93.00,70.89,193.25,1,-1,-1,-1
3,21682,346.67,79.74,88.21,254.01,1,-1,-1,-1
3,21683,88.55,105.00,58.75,220.57,1,-1,-1,-1
4,21672,180.63,83.42,102.68,235.83,1,-1,-1,-1
4,21680,449.61,92.21,86.88,232.20,1,-1,-1,-1
4,21681,563.59,88.69,72.30,196.95,1,-1,-1,-1
4,21682,351.03,79.77,87.67,252.72,1,-1,-1,-1
4,21683,85.47,88.44,64.07,237.33,1,-1,-1,-1
5,21680,450.54,92.71,85.18,228.43,1,-1,-1,-1
5,21681,563.51,87.19,72.80,198.17,1,-1,-1,-1
5,21682,352.41,79.82,87.39,252.23,1,-1,-1,-1
5,21683,84.07,83.11,66.63,242.74,1,-1,-1,-1
6,21680,450.85,92.88,84.45,227.31,1,-1,-1,-1
6,21681,563.48,86.72,73.00,198.51,1,-1,-1,-1
6,21682,352.78,79.86,87.21,252.06,1,-1,-1,-1
6,21683,83.19,81.54,68.36,244.36,1,-1,-1,-1
7,21680,450.99,92.95,84.02,227.05,1,-1,-1,-1
7,21681,563.46,86.61,73.08,198.56,1,-1,-1,-1
7,21682,352.85,79.89,87.06,252.00,1,-1,-1,-1
7,21683,82.45,81.26,69.87,244.67,1,-1,-1,-1
8,21680,451.08,92.97,83.68,227.07,1,-1,-1,-1
8,21681,563.44,86.61,73.14,198.52,1,-1,-1,-1
8,21682,352.83,79.91,86.92,251.98,1,-1,-1,-1
8,21683,81.72,81.36,71.35,244.59,1,-1,-1,-1
9,21672,209.75,93.63,94.79,226.09,1,-1,-1,-1
9,21680,452.11,92.95,83.05,225.35,1,-1,-1,-1
9,21681,560.94,88.66,72.75,197.12,1,-1,-1,-1
9,21682,363.79,84.66,85.11,245.21,1,-1,-1,-1
9,21683,59.80,93.75,69.80,242.38,1,-1,-1,-1
10,21672,215.93,94.85,94.92,225.22,1,-1,-1,-1
10,21681,559.84,88.11,72.96,196.56,1,-1,-1,-1
10,21682,369.96,87.79,84.83,242.70,1,-1,-1,-1
10,21683,51.25,99.81,66.76,234.02,1,-1,-1,-1
10,21684,178.00,86.00,47.00,166.00,1,-1,-1,-1
11,21672,217.92,95.20,95.15,224.94,1,-1,-1,-1
11,21681,559.32,87.92,73.28,196.33,1,-1,-1,-1
11,21682,371.92,88.90,85.10,241.83,1,-1,-1,-1
11,21683,48.45,102.09,65.23,230.80,1,-1,-1,-1
11,21684,178.00,86.00,47.00,166.00,1,-1,-1,-1
12,21672,218.43,95.36,95.38,224.85,1,-1,-1,-1
12,21681,559.03,87.86,73.63,196.23,1,-1,-1,-1
12,21682,372.36,89.27,85.54,241.55,1,-1,-1,-1
12,21683,47.78,102.90,64.30,229.62,1,-1,-1,-1
12,21684,178.00,86.00,47.00,166.00,1,-1,-1,-1
13,21672,218.38,95.46,95.58,224.83,1,-1,-1,-1
13,21681,558.82,87.85,73.98,196.18,1,-1,-1,-1
13,21682,372.25,89.38,86.04,241.49,1,-1,-1,-1
13,21683,47.87,103.18,63.60,229.18,1,-1,-1,-1
13,21684,178.00,86.00,47.00,166.00,1,-1,-1,-1
14,21672,218.14,95.52,95.75,224.83,1,-1,-1,-1
14,21681,558.66,87.86,74.31,196.15,1,-1,-1,-1
14,21682,371.96,89.39,86.54,241.51,1,-1,-1,-1
14,21683,48.20,103.26,63.02,229.02,1,-1,-1,-1
14,21684,178.00,86.00,47.00,166.00,1,-1,-1,-1
15,21672,217.86,95.57,95.89,224.84,1,-1,-1,-1
15,21681,558.52,87.87,74.63,196.13,1,-1,-1,-1
15,21682,371.62,89.36,87.01,241.55,1,-1,-1,-1
15,21683,48.61,103.27,62.49,228.96,1,-1,-1,-1
15,21684,178.00,86.00,47.00,166.00,1,-1,-1,-1
16,21672,217.59,95.62,96.02,224.86,1,-1,-1,-1
16,21681,558.38,87.88,74.93,196.11,1,-1,-1,-1
16,21682,371.29,89.33,87.45,241.59,1,-1,-1,-1
16,21683,49.01,103.25,62.01,228.95,1,-1,-1,-1
16,21684,178.00,86.00,47.00,166.00,1,-1,-1,-1
17,21672,236.35,99.59,90.84,215.05,1,-1,-1,-1
17,21680,492.64,90.08,91.42,239.19,1,-1,-1,-1
17,21681,558.10,87.69,74.99,196.30,1,-1,-1,-1
17,21682,382.07,88.64,86.10,235.71,1,-1,-1,-1
17,21683,46.61,103.68,61.98,228.84,1,-1,-1,-1
17,21684,174.13,85.32,48.60,171.47,1,-1,-1,-1
18,21672,243.57,101.13,88.42,211.31,1,-1,-1,-1
18,21680,493.19,89.95,94.35,239.86,1,-1,-1,-1
18,21682,385.87,88.36,86.01,233.51,1,-1,-1,-1
18,21684,172.71,85.07,49.20,173.45,1,-1,-1,-1
19,21672,246.29,101.70,87.13,209.97,1,-1,-1,-1
19,21680,492.72,89.90,96.66,240.10,1,-1,-1,-1
19,21682,386.99,88.24,86.38,232.73,1,-1,-1,-1
19,21684,172.19,84.98,49.45,174.16,1,-1,-1,-1
20,21672,247.32,101.91,86.31,209.52,1,-1,-1,-1
20,21680,491.92,89.89,98.57,240.18,1,-1,-1,-1
20,21682,387.14,88.18,86.88,232.49,1,-1,-1,-1
20,21684,172.00,84.95,49.56,174.39,1,-1,-1,-1
21,21672,247.72,101.99,85.69,209.40,1,-1,-1,-1
21,21680,491.07,89.90,100.19,240.20,1,-1,-1,-1
21,21682,386.95,88.15,87.41,232.43,1,-1,-1,-1
21,21684,171.94,84.95,49.62,174.44,1,-1,-1,-1
22,21672,247.87,102.02,85.19,209.39,1,-1,-1,-1
22,21680,490.26,89.90,101.58,240.19,1,-1,-1,-1
22,21682,386.65,88.13,87.92,232.45,1,-1,-1,-1
22,21684,171.93,84.95,49.66,174.42,1,-1,-1,-1
23,21672,247.93,102.03,84.77,209.43,1,-1,-1,-1
23,21680,489.53,89.91,102.78,240.18,1,-1,-1,-1
23,21682,386.33,88.12,88.39,232.49,1,-1,-1,-1
23,21684,171.94,84.95,49.69,174.39,1,-1,-1,-1
24,21672,247.95,102.03,84.39,209.48,1,-1,-1,-1
24,21680,488.87,89.92,103.84,240.16,1,-1,-1,-1
24,21682,386.02,88.11,88.82,232.54,1,-1,-1,-1
24,21684,171.94,84.96,49.71,174.35,1,-1,-1,-1
25,21672,267.03,103.34,80.68,202.31,1,-1,-1,-1
25,21680,499.79,88.62,97.43,229.06,1,-1,-1,-1
25,21682,402.48,88.75,88.49,228.65,1,-1,-1,-1
25,21684,173.67,85.62,48.93,171.04,1,-1,-1,-1
26,21672,274.36,103.83,78.89,199.62,1,-1,-1,-1
26,21680,504.26,88.13,94.21,224.79,1,-1,-1,-1
26,21682,408.35,88.99,88.99,227.20,1,-1,-1,-1
26,21684,174.30,85.87,48.71,169.76,1,-1,-1,-1
27,21672,277.11,104.01,77.87,198.68,1,-1,-1,-1
27,21680,506.18,87.96,92.32,223.24,1,-1,-1,-1
27,21682,410.16,89.07,89.74,226.70,1,-1,-1,-1
27,21684,174.50,85.96,48.71,169.27,1,-1,-1,-1
28,21672,278.16,104.07,77.17,198.38,1,-1,-1,-1
28,21680,507.13,87.90,90.99,222.70,1,-1,-1,-1
28,21682,410.48,89.09,90.54,226.54,1,-1,-1,-1
28,21684,174.54,86.00,48.78,169.09,1,-1,-1,-1
29,21672,278.56,104.09,76.62,198.31,1,-1,-1,-1
29,21680,507.69,87.89,89.93,222.53,1,-1,-1,-1
29,21682,410.27,89.10,91.31,226.52,1,-1,-1,-1
29,21684,174.52,86.01,48.88,169.02,1,-1,-1,-1
30,21672,278.72,104.09,76.16,198.33,1,-1,-1,-1
30,21680,508.07,87.89,89.03,222.51,1,-1,-1,-1
30,21682,409.88,89.09,92.03,226.54,1,-1,-1,-1
30,21684,174.48,86.01,48.97,169.00,1,-1,-1,-1
31,21672,278.79,104.08,75.75,198.38,1,-1,-1,-1
31,21680,508.38,87.90,88.24,222.53,1,-1,-1,-1
31,21682,409.46,89.08,92.68,226.57,1,-1,-1,-1
31,21684,174.44,86.01,49.07,168.99,1,-1,-1,-1
32,21672,278.82,104.08,75.39,198.44,1,-1,-1,-1
32,21680,508.64,87.91,87.54,222.56,1,-1,-1,-1
32,21682,409.05,89.08,93.28,226.61,1,-1,-1,-1
32,21684,174.41,86.01,49.15,168.99,1,-1,-1,-1
33,21672,301.62,98.17,78.04,207.01,1,-1,-1,-1
33,21680,531.60,93.16,84.70,216.05,1,-1,-1,-1
33,21682,431.84,87.76,89.38,219.45,1,-1,-1,-1
33,21684,172.82,86.67,51.01,176.84,1,-1,-1,-1
34,21672,312.93,101.13,76.49,203.13,1,-1,-1,-1
34,21680,539.76,93.84,85.96,220.89,1,-1,-1,-1
34,21682,443.28,89.90,87.49,214.76,1,-1,-1,-1
34,21684,173.06,87.55,50.70,177.84,1,-1,-1,-1
35,21672,317.17,102.31,75.85,201.60,1,-1,-1,-1
35,21680,542.86,94.08,86.06,222.68,1,-1,-1,-1
35,21682,447.38,90.70,86.82,213.06,1,-1,-1,-1
35,21684,173.31,87.90,50.27,178.20,1,-1,-1,-1
36,21672,318.62,102.75,75.58,201.04,1,-1,-1,-1
36,21680,544.06,94.16,85.80,223.39,1,-1,-1,-1
36,21682,448.75,90.98,86.61,212.49,1,-1,-1,-1
36,21684,173.55,88.02,49.81,178.32,1,-1,-1,-1
37,21672,319.03,102.92,75.45,200.85,1,-1,-1,-1
37,21680,544.53,94.17,85.43,223.67,1,-1,-1,-1
37,21682,449.11,91.08,86.56,212.32,1,-1,-1,-1
37,21684,173.78,88.07,49.37,178.34,1,-1,-1,-1
38,21672,319.05,102.98,75.38,200.79,1,-1,-1,-1
38,21680,544.72,94.17,85.04,223.79,1,-1,-1,-1
38,21682,449.10,91.11,86.57,212.31,1,-1,-1,-1
38,21684,173.99,88.08,48.96,178.33,1,-1,-1,-1
39,21672,318.94,103.01,75.33,200.78,1,-1,-1,-1
39,21680,544.80,94.16,84.67,223.84,1,-1,-1,-1
39,21682,448.97,91.11,86.60,212.34,1,-1,-1,-1
39,21684,174.18,88.08,48.58,178.30,1,-1,-1,-1
40,21672,318.79,103.01,75.29,200.79,1,-1,-1,-1
40,21680,544.84,94.14,84.32,223.87,1,-1,-1,-1
40,21682,448.80,91.11,86.63,212.40,1,-1,-1,-1
40,21684,174.35,88.07,48.25,178.28,1,-1,-1,-1
41,21672,333.36,95.83,75.21,202.11,1,-1,-1,-1
41,21680,550.70,86.29,85.39,231.07,1,-1,-1,-1
41,21682,451.90,90.44,89.32,215.73,1,-1,-1,-1
41,21684,174.19,88.07,48.58,180.21,1,-1,-1,-1
42,21672,338.92,93.11,74.87,202.62,1,-1,-1,-1
42,21680,553.30,83.35,84.89,233.77,1,-1,-1,-1
42,21682,452.63,90.19,91.05,217.01,1,-1,-1,-1
42,21684,174.18,88.06,48.60,180.93,1,-1,-1,-1
43,21672,341.04,92.10,74.46,202.82,1,-1,-1,-1
43,21680,554.61,82.23,83.89,234.80,1,-1,-1,-1
43,21682,452.49,90.09,92.36,217.51,1,-1,-1,-1
43,21684,174.22,88.06,48.52,181.18,1,-1,-1,-1
44,21672,341.83,91.75,74.06,202.90,1,-1,-1,-1
44,21680,555.38,81.82,82.79,235.17,1,-1,-1,-1
44,21682,452.06,90.05,93.44,217.72,1,-1,-1,-1
44,21684,174.28,88.05,48.40,181.26,1,-1,-1,-1
45,21672,342.11,91.64,73.68,202.94,1,-1,-1,-1
45,21680,555.93,81.69,81.71,235.29,1,-1,-1,-1
45,21682,451.55,90.03,94.37,217.80,1,-1,-1,-1
45,21684,174.35,88.05,48.28,181.27,1,-1,-1,-1
46,21672,342.21,91.62,73.33,202.95,1,-1,-1,-1
46,21680,556.36,81.66,80.71,235.32,1,-1,-1,-1
46,21682,451.05,90.03,95.20,217.85,1,-1,-1,-1
46,21684,174.41,88.04,48.16,181.26,1,-1,-1,-1
47,21672,342.23,91.64,73.01,202.96,1,-1,-1,-1
47,21680,556.72,81.67,79.79,235.31,1,-1,-1,-1
47,21682,450.58,90.02,95.95,217.87,1,-1,-1,-1
47,21684,174.46,88.04,48.05,181.24,1,-1,-1,-1
48,21672,342.22,91.67,72.72,202.96,1,-1,-1,-1
48,21680,557.04,81.69,78.96,235.29,1,-1,-1,-1
48,21682,450.15,90.02,96.62,217.88,1,-1,-1,-1
48,21684,174.51,88.03,47.95,181.22,1,-1,-1,-1
49,21672,362.99,98.22,70.08,196.44,1,-1,-1,-1
49,21680,558.61,81.18,79.11,235.76,1,-1,-1,-1
49,21682,470.08,90.67,98.37,217.90,1,-1,-1,-1
49,21684,174.43,88.68,47.47,179.90,1,-1,-1,-1
50,21672,370.88,100.75,68.91,193.95,1,-1,-1,-1
50,21682,477.11,90.91,99.95,217.91,1,-1,-1,-1
50,21684,174.43,88.93,47.22,179.38,1,-1,-1,-1
51,21672,373.75,101.68,68.35,193.05,1,-1,-1,-1
51,21682,479.25,91.00,101.38,217.92,1,-1,-1,-1
51,21684,174.47,89.02,47.06,179.18,1,-1,-1,-1
52,21672,374.75,102.02,68.01,192.74,1,-1,-1,-1
52,21682,479.57,91.04,102.68,217.92,1,-1,-1,-1
52,21684,174.51,89.05,46.94,179.10,1,-1,-1,-1
53,21672,375.05,102.14,67.78,192.65,1,-1,-1,-1
53,21682,479.23,91.04,103.85,217.93,1,-1,-1,-1
53,21684,174.55,89.05,46.84,179.07,1,-1,-1,-1
54,21672,375.09,102.17,67.59,192.64,1,-1,-1,-1
54,21682,478.69,91.04,104.91,217.94,1,-1,-1,-1
54,21684,174.60,89.05,46.76,179.05,1,-1,-1,-1
55,21672,375.03,102.17,67.43,192.65,1,-1,-1,-1
55,21682,478.11,91.04,105.87,217.94,1,-1,-1,-1
55,21684,174.63,89.05,46.69,179.04,1,-1,-1,-1
56,21672,374.95,102.16,67.29,192.68,1,-1,-1,-1
56,21682,477.55,91.04,106.74,217.95,1,-1,-1,-1
56,21684,174.67,89.05,46.62,179.04,1,-1,-1,-1
57,21672,400.23,94.94,66.86,188.13,1,-1,-1,-1
57,21680,583.31,98.95,58.27,176.05,1,-1,-1,-1
57,21682,495.52,92.34,101.24,211.42,1,-1,-1,-1
57,21684,174.72,87.74,46.52,179.69,1,-1,-1,-1
58,21672,408.43,92.85,69.29,193.03,1,-1,-1,-1
58,21680,585.80,100.73,54.93,168.26,1,-1,-1,-1
58,21682,505.80,90.85,98.06,210.26,1,-1,-1,-1
58,21684,174.72,87.89,46.52,179.93,1,-1,-1,-1
59,21672,411.16,92.09,70.56,194.84,1,-1,-1,-1
59,21680,586.75,101.22,53.65,166.16,1,-1,-1,-1
59,21682,510.19,90.30,95.49,209.85,1,-1,-1,-1
59,21684,174.74,87.95,46.50,180.02,1,-1,-1,-1
60,21672,411.87,91.82,71.39,195.54,1,-1,-1,-1
60,21680,587.16,101.36,52.96,165.54,1,-1,-1,-1
60,21682,512.34,90.09,93.29,209.71,1,-1,-1,-1
60,21684,174.76,87.97,46.46,180.05,1,-1,-1,-1
61,21672,411.82,91.74,72.01,195.82,1,-1,-1,-1
61,21680,587.35,101.38,52.53,165.45,1,-1,-1,-1
61,21682,513.59,90.01,91.34,209.68,1,-1,-1,-1
61,21684,174.78,87.98,46.42,180.06,1,-1,-1,-1
62,21672,411.52,91.72,72.51,195.92,1,-1,-1,-1
62,21680,587.44,101.35,52.22,165.55,1,-1,-1,-1
62,21682,514.45,89.99,89.58,209.69,1,-1,-1,-1
62,21684,174.80,87.99,46.38,180.06,1,-1,-1,-1
63,21672,411.16,91.74,72.95,195.96,1,-1,-1,-1
63,21680,587.51,101.32,51.97,165.69,1,-1,-1,-1
63,21682,515.13,89.98,88.01,209.72,1,-1,-1,-1
63,21684,174.82,87.99,46.34,180.05,1,-1,-1,-1
64,21672,410.79,91.75,73.34,195.98,1,-1,-1,-1
64,21680,587.56,101.28,51.76,165.83,1,-1,-1,-1
64,21682,515.71,89.98,86.58,209.74,1,-1,-1,-1
64,21684,174.84,87.99,46.31,180.05,1,-1,-1,-1
65,21672,400.99,96.34,69.74,188.16,1,-1,-1,-1
65,21680,588.58,101.75,51.16,163.90,1,-1,-1,-1
65,21682,534.78,93.90,84.14,205.18,1,-1,-1,-1
65,21684,174.02,84.73,47.28,183.31,1,-1,-1,-1
65,21685,422.00,105.00,68.00,179.00,1,-1,-1,-1
66,21672,397.25,98.12,68.03,185.16,1,-1,-1,-1
66,21682,542.07,95.40,82.94,203.47,1,-1,-1,-1
66,21684,173.68,83.50,47.72,184.53,1,-1,-1,-1
66,21685,422.00,105.00,68.00,179.00,1,-1,-1,-1
67,21672,395.98,98.77,67.10,184.08,1,-1,-1,-1
67,21682,544.79,95.94,82.24,202.86,1,-1,-1,-1
67,21684,173.52,83.04,47.95,184.99,1,-1,-1,-1
67,21685,422.00,105.00,68.00,179.00,1,-1,-1,-1
68,21672,395.61,99.01,66.48,183.71,1,-1,-1,-1
68,21682,545.80,96.13,81.75,202.66,1,-1,-1,-1
68,21684,173.44,82.88,48.09,185.15,1,-1,-1,-1
68,21685,422.00,105.00,68.00,179.00,1,-1,-1,-1
69,21672,395.56,99.09,66.00,183.60,1,-1,-1,-1
69,21682,546.15,96.19,81.36,202.61,1,-1,-1,-1
69,21684,173.38,82.83,48.19,185.20,1,-1,-1,-1
69,21685,422.00,105.00,68.00,179.00,1,-1,-1,-1
70,21672,395.63,99.11,65.60,183.58,1,-1,-1,-1
70,21682,546.26,96.20,81.03,202.61,1,-1,-1,-1
70,21684,173.34,82.82,48.27,185.20,1,-1,-1,-1
70,21685,422.00,105.00,68.00,179.00,1,-1,-1,-1
71,21672,395.74,99.11,65.25,183.60,1,-1,-1,-1
71,21682,546.28,96.19,80.73,202.64,1,-1,-1,-1
71,21684,173.31,82.83,48.35,185.19,1,-1,-1,-1
71,21685,422.00,105.00,68.00,179.00,1,-1,-1,-1
72,21672,395.85,99.10,64.94,183.63,1,-1,-1,-1
72,21682,546.27,96.17,80.47,202.67,1,-1,-1,-1
72,21684,173.28,82.84,48.41,185.18,1,-1,-1,-1
72,21685,422.00,105.00,68.00,179.00,1,-1,-1,-1
73,21672,383.42,92.54,64.16,181.70,1,-1,-1,-1
73,21682,554.89,93.54,79.32,201.39,1,-1,-1,-1
73,21684,175.10,82.85,48.03,181.90,1,-1,-1,-1
73,21685,443.91,104.32,68.16,179.68,1,-1,-1,-1
74,21672,376.86,93.35,63.62,180.34,1,-1,-1,-1
74,21682,559.57,93.85,79.15,203.55,1,-1,-1,-1
74,21684,175.52,83.53,47.78,178.67,1,-1,-1,-1
74,21685,453.08,106.76,67.34,177.91,1,-1,-1,-1
75,21672,374.44,93.66,63.40,179.85,1,-1,-1,-1
75,21682,561.51,93.96,78.55,204.37,1,-1,-1,-1
75,21684,175.52,83.79,48.00,177.46,1,-1,-1,-1
75,21685,456.41,107.67,66.93,177.25,1,-1,-1,-1
76,21672,373.58,93.79,63.30,179.69,1,-1,-1,-1
76,21682,562.39,94.00,77.84,204.70,1,-1,-1,-1
76,21684,175.37,83.89,48.36,177.02,1,-1,-1,-1
76,21685,457.54,108.00,66.69,177.01,1,-1,-1,-1
77,21672,373.31,93.85,63.24,179.65,1,-1,-1,-1
77,21682,562.85,94.02,77.13,204.83,1,-1,-1,-1
77,21684,175.18,83.93,48.76,176.87,1,-1,-1,-1
77,21685,457.87,108.11,66.52,176.93,1,-1,-1,-1
78,21672,373.26,93.87,63.21,179.66,1,-1,-1,-1
78,21682,563.13,94.02,76.47,204.88,1,-1,-1,-1
78,21684,174.98,83.95,49.15,176.82,1,-1,-1,-1
78,21685,457.91,108.14,66.38,176.91,1,-1,-1,-1
79,21672,373.29,93.89,63.18,179.68,1,-1,-1,-1
79,21682,563.34,94.02,75.86,204.91,1,-1,-1,-1
79,21684,174.80,83.96,49.51,176.82,1,-1,-1,-1
79,21685,457.86,108.14,66.26,176.91,1,-1,-1,-1
80,21672,373.34,93.90,63.16,179.71,1,-1,-1,-1
80,21682,563.51,94.02,75.30,204.92,1,-1,-1,-1
80,21684,174.63,83.96,49.84,176.83,1,-1,-1,-1
80,21685,457.77,108.13,66.15,176.91,1,-1,-1,-1
81,21672,365.21,95.22,61.19,171.23,1,-1,-1,-1
81,21682,563.54,100.55,71.12,193.83,1,-1,-1,-1
81,21684,180.18,83.97,49.20,172.92,1,-1,-1,-1
81,21685,472.34,101.54,68.97,183.49,1,-1,-1,-1
82,21672,361.90,95.74,60.93,168.01,1,-1,-1,-1
82,21682,563.47,103.06,69.46,189.57,1,-1,-1,-1
82,21684,182.17,83.97,49.19,171.44,1,-1,-1,-1
82,21685,477.62,99.09,70.22,185.95,1,-1,-1,-1
83,21672,360.50,95.92,61.32,166.87,1,-1,-1,-1
83,21682,563.43,103.95,68.82,188.06,1,-1,-1,-1
83,21684,182.78,83.97,49.42,170.91,1,-1,-1,-1
83,21685,479.44,98.15,70.88,186.88,1,-1,-1,-1
84,21672,359.82,95.99,61.90,166.49,1,-1,-1,-1
84,21682,563.39,104.26,68.56,187.54,1,-1,-1,-1
84,21684,182.88,83.98,49.70,170.73,1,-1,-1,-1
84,21685,479.94,97.82,71.29,187.21,1,-1,-1,-1
85,21672,359.43,96.01,62.52,166.39,1,-1,-1,-1
85,21682,563.35,104.35,68.43,187.39,1,-1,-1,-1
85,21684,182.81,83.98,50.00,170.69,1,-1,-1,-1
85,21685,479.94,97.71,71.59,187.32,1,-1,-1,-1
86,21672,359.15,96.02,63.11,166.40,1,-1,-1,-1
86,21682,563.32,104.35,68.37,187.38,1,-1,-1,-1
86,21684,182.67,83.98,50.28,170.69,1,-1,-1,-1
86,21685,479.77,97.69,71.83,187.33,1,-1,-1,-1
87,21672,358.93,96.02,63.66,166.44,1,-1,-1,-1
87,21682,563.28,104.33,68.32,187.41,1,-1,-1,-1
87,21684,182.53,83.98,50.53,170.71,1,-1,-1,-1
87,21685,479.55,97.70,72.04,187.32,1,-1,-1,-1
88,21672,358.74,96.02,64.17,166.48,1,-1,-1,-1
88,21682,563.25,104.31,68.29,187.46,1,-1,-1,-1
88,21684,182.39,83.98,50.77,170.74,1,-1,-1,-1
88,21685,479.32,97.72,72.23,187.30,1,-1,-1,-1
89,21672,351.84,92.74,65.64,170.47,1,-1,-1,-1
89,21682,564.06,104.81,67.97,186.58,1,-1,-1,-1
89,21684,186.74,89.22,49.88,164.87,1,-1,-1,-1
89,21685,505.69,101.00,69.43,175.54,1,-1,-1,-1
90,21672,349.78,92.81,65.85,171.33,1,-1,-1,-1
90,21684,188.17,89.89,49.95,163.32,1,-1,-1,-1
90,21685,515.78,101.63,69.64,172.97,1,-1,-1,-1
91,21672,349.07,92.85,65.88,171.67,1,-1,-1,-1
91,21684,188.52,90.13,50.27,162.77,1,-1,-1,-1
91,21685,518.98,101.86,70.39,172.06,1,-1,-1,-1
92,21672,348.88,92.87,65.83,171.81,1,-1,-1,-1
92,21684,188.50,90.20,50.66,162.60,1,-1,-1,-1
92,21685,519.72,101.95,71.26,171.74,1,-1,-1,-1
93,21672,348.88,92.89,65.77,171.87,1,-1,-1,-1
93,21684,188.34,90.21,51.05,162.56,1,-1,-1,-1
93,21685,519.57,101.98,72.13,171.65,1,-1,-1,-1
94,21672,348.95,92.90,65.70,171.90,1,-1,-1,-1
94,21684,188.15,90.20,51.42,162.58,1,-1,-1,-1
94,21685,519.13,101.99,72.95,171.64,1,-1,-1,-1
95,21672,349.03,92.91,65.63,171.91,1,-1,-1,-1
95,21684,187.95,90.19,51.76,162.61,1,-1,-1,-1
95,21685,518.61,102.00,73.71,171.66,1,-1,-1,-1
96,21672,349.12,92.92,65.57,171.92,1,-1,-1,-1
96,21684,187.77,90.17,52.06,162.64,1,-1,-1,-1
96,21685,518.09,102.00,74.40,171.69,1,-1,-1,-1
97,21672,333.07,94.23,65.78,171.28,1,-1,-1,-1
97,21684,190.15,89.50,53.14,165.95,1,-1,-1,-1
97,21685,524.74,102.00,74.53,169.10,1,-1,-1,-1
97,21686,389.00,112.00,46.00,142.00,1,-1,-1,-1
98,21672,324.78,91.46,68.40,178.88,1,-1,-1,-1
98,21684,191.30,89.24,53.65,167.86,1,-1,-1,-1
98,21685,527.34,103.98,74.85,166.82,1,-1,-1,-1
98,21686,389.70,112.00,46.31,142.86,1,-1,-1,-1
99,21672,321.81,90.43,69.20,181.72,1,-1,-1,-1
99,21684,191.75,89.14,53.79,168.59,1,-1,-1,-1
99,21685,527.86,104.71,75.67,165.99,1,-1,-1,-1
99,21686,389.80,112.00,46.40,143.00,1,-1,-1,-1
100,21672,320.83,90.04,69.35,182.80,1,-1,-1,-1
100,21684,191.92,89.09,53.79,168.87,1,-1,-1,-1
100,21685,527.63,104.98,76.61,165.70,1,-1,-1,-1
100,21686,389.80,112.00,46.48,143.04,1,-1,-1,-1
101,21672,320.61,89.90,69.27,183.20,1,-1,-1,-1
101,21684,191.98,89.07,53.74,168.98,1,-1,-1,-1
101,21685,527.16,105.08,77.55,165.63,1,-1,-1,-1
101,21686,389.77,112.00,46.55,143.04,1,-1,-1,-1
102,21672,320.67,89.86,69.11,183.33,1,-1,-1,-1
102,21684,192.01,89.06,53.69,169.01,1,-1,-1,-1
102,21685,526.63,105.10,78.43,165.62,1,-1,-1,-1
102,21686,389.73,112.00,46.62,143.04,1,-1,-1,-1
103,21672,320.83,89.85,68.93,183.35,1,-1,-1,-1
103,21684,192.01,89.05,53.63,169.03,1,-1,-1,-1
103,21685,526.12,105.11,79.23,165.64,1,-1,-1,-1
103,21686,389.68,112.00,46.70,143.03,1,-1,-1,-1
104,21672,321.01,89.85,68.75,183.34,1,-1,-1,-1
104,21684,192.02,89.05,53.57,169.03,1,-1,-1,-1
104,21685,525.64,105.10,79.97,165.67,1,-1,-1,-1
104,21686,389.63,112.00,46.78,143.03,1,-1,-1,-1
105,21672,311.22,87.91,67.05,179.42,1,-1,-1,-1
105,21682,521.30,105.10,56.89,164.11,1,-1,-1,-1
105,21684,191.15,90.35,52.63,165.77,1,-1,-1,-1
105,21685,545.14,97.23,82.02,175.53,1,-1,-1,-1
105,21686,388.01,114.71,45.96,138.96,1,-1,-1,-1
105,21687,499.00,109.00,55.00,160.00,1,-1,-1,-1
105,21688,466.00,125.00,54.00,139.00,1,-1,-1,-1
106,21672,307.44,88.49,65.97,177.24,1,-1,-1,-1
106,21682,523.20,108.58,54.21,158.01,1,-1,-1,-1
106,21684,191.07,91.50,52.41,165.18,1,-1,-1,-1
106,21685,556.86,96.88,79.50,174.70,1,-1,-1,-1
106,21686,386.86,115.03,46.08,138.13,1,-1,-1,-1
106,21687,494.51,113.29,52.84,153.14,1,-1,-1,-1
106,21688,468.80,126.71,53.55,137.29,1,-1,-1,-1
107,21672,306.28,89.38,65.21,175.76,1,-1,-1,-1
107,21682,521.09,111.02,52.64,154.75,1,-1,-1,-1
107,21684,190.66,91.26,52.41,164.97,1,-1,-1,-1
107,21685,562.50,96.76,79.43,178.26,1,-1,-1,-1
107,21686,385.76,111.77,47.51,141.22,1,-1,-1,-1
107,21688,468.37,126.25,54.50,138.51,1,-1,-1,-1
108,21672,305.98,89.72,64.82,175.21,1,-1,-1,-1
108,21682,520.47,111.88,51.91,153.63,1,-1,-1,-1
108,21684,190.48,91.17,52.44,164.90,1,-1,-1,-1
108,21685,564.99,96.73,78.49,179.60,1,-1,-1,-1
108,21686,385.24,110.57,48.28,142.36,1,-1,-1,-1
108,21688,467.97,126.07,55.28,138.93,1,-1,-1,-1
109,21672,305.99,89.85,64.58,175.00,1,-1,-1,-1
109,21682,520.38,112.17,51.52,153.28,1,-1,-1,-1
109,21684,190.39,91.13,52.48,164.88,1,-1,-1,-1
109,21685,566.22,96.74,77.31,180.09,1,-1,-1,-1
109,21686,384.94,110.12,48.80,142.79,1,-1,-1,-1
109,21688,467.57,126.01,56.04,139.06,1,-1,-1,-1
110,21672,306.12,89.91,64.40,174.93,1,-1,-1,-1
110,21682,520.47,112.26,51.28,153.22,1,-1,-1,-1
110,21684,190.33,91.10,52.53,164.88,1,-1,-1,-1
110,21685,566.94,96.75,76.12,180.26,1,-1,-1,-1
110,21686,384.74,109.96,49.21,142.96,1,-1,-1,-1
110,21688,467.15,125.99,56.83,139.09,1,-1,-1,-1
111,21672,306.28,89.93,64.25,174.91,1,-1,-1,-1
111,21682,520.60,112.27,51.10,153.25,1,-1,-1,-1
111,21684,190.30,91.09,52.57,164.89,1,-1,-1,-1
111,21685,567.43,96.77,74.99,180.30,1,-1,-1,-1
111,21686,384.58,109.91,49.55,143.02,1,-1,-1,-1
111,21688,466.72,125.99,57.67,139.09,1,-1,-1,-1
112,21672,306.43,89.95,64.13,174.91,1,-1,-1,-1
112,21682,520.74,112.26,50.97,153.31,1,-1,-1,-1
112,21684,190.26,91.08,52.61,164.90,1,-1,-1,-1
112,21685,567.81,96.79,73.96,180.30,1,-1,-1,-1
112,21686,384.43,109.89,49.86,143.03,1,-1,-1,-1
112,21688,466.28,125.99,58.52,139.08,1,-1,-1,-1
113,21672,303.29,95.19,62.09,169.68,1,-1,-1,-1
113,21682,508.45,114.88,50.62,146.77,1,-1,-1,-1
113,21684,190.62,89.76,53.20,166.21,1,-1,-1,-1
113,21685,576.24,99.41,70.46,177.68,1,-1,-1,-1
113,21686,385.89,110.55,50.25,143.69,1,-1,-1,-1
113,21688,462.24,124.64,60.51,140.42,1,-1,-1,-1
114,21672,301.53,97.85,61.26,167.70,1,-1,-1,-1
114,21682,507.70,117.19,50.17,143.68,1,-1,-1,-1
114,21684,191.35,89.92,53.52,166.06,1,-1,-1,-1
114,21685,580.38,98.46,68.37,178.63,1,-1,-1,-1
114,21686,386.69,112.11,49.91,142.63,1,-1,-1,-1
114,21688,455.25,120.80,62.90,145.59,1,-1,-1,-1
115,21672,300.96,98.82,60.90,166.98,1,-1,-1,-1
115,21682,507.35,118.01,50.33,142.62,1,-1,-1,-1
115,21684,191.53,89.97,53.83,166.01,1,-1,-1,-1
115,21685,582.51,98.11,66.27,178.98,1,-1,-1,-1
115,21686,386.99,112.71,49.80,142.22,1,-1,-1,-1
115,21688,452.62,119.38,63.88,147.49,1,-1,-1,-1
116,21672,300.83,99.16,60.72,166.74,1,-1,-1,-1
116,21682,507.14,118.28,50.68,142.28,1,-1,-1,-1
116,21684,191.50,90.00,54.13,165.99,1,-1,-1,-1
116,21685,583.81,97.98,64.29,179.10,1,-1,-1,-1
116,21686,387.09,112.94,49.77,142.07,1,-1,-1,-1
116,21688,451.61,118.87,64.33,148.19,1,-1,-1,-1
117,21672,300.85,99.27,60.62,166.67,1,-1,-1,-1
117,21682,507.00,118.35,51.07,142.21,1,-1,-1,-1
117,21684,191.40,90.00,54.40,165.98,1,-1,-1,-1
117,21685,584.75,97.93,62.47,179.14,1,-1,-1,-1
117,21686,387.12,113.02,49.77,142.01,1,-1,-1,-1
117,21688,451.24,118.70,64.57,148.41,1,-1,-1,-1
118,21672,300.93,99.29,60.55,166.67,1,-1,-1,-1
118,21682,506.89,118.36,51.44,142.24,1,-1,-1,-1
118,21684,191.28,90.01,54.65,165.98,1,-1,-1,-1
118,21685,585.49,97.92,60.81,179.14,1,-1,-1,-1
118,21686,387.13,113.04,49.79,141.99,1,-1,-1,-1
118,21688,451.10,118.66,64.73,148.47,1,-1,-1,-1
119,21672,301.02,99.28,60.49,166.69,1,-1,-1,-1
119,21682,506.80,118.34,51.79,142.30,1,-1,-1,-1
119,21684,191.17,90.01,54.87,165.98,1,-1,-1,-1
119,21685,586.14,97.92,59.30,179.13,1,-1,-1,-1
119,21686,387.12,113.05,49.81,141.99,1,-1,-1,-1
119,21688,451.06,118.67,64.85,148.45,1,-1,-1,-1
120,21672,301.12,99.26,60.44,166.71,1,-1,-1,-1
120,21682,506.72,118.31,52.10,142.36,1,-1,-1,-1
120,21684,191.06,90.01,55.08,165.98,1,-1,-1,-1
120,21685,586.70,97.93,57.94,179.12,1,-1,-1,-1
120,21686,387.11,113.05,49.82,141.98,1,-1,-1,-1
120,21688,451.04,118.69,64.96,148.42,1,-1,-1,-1
121,21672,297.38,95.96,59.51,165.43,1,-1,-1,-1
121,21682,503.77,118.28,51.58,141.11,1,-1,-1,-1
121,21684,192.83,88.70,55.44,167.29,1,-1,-1,-1
121,21685,588.57,97.81,58.01,179.33,1,-1,-1,-1
121,21686,390.54,113.05,50.15,143.95,1,-1,-1,-1
121,21688,436.84,116.10,63.37,147.73,1,-1,-1,-1
122,21672,295.86,92.73,58.81,163.65,1,-1,-1,-1
122,21682,501.52,112.32,53.09,144.63,1,-1,-1,-1
122,21684,193.70,87.56,55.81,169.09,1,-1,-1,-1
122,21686,391.91,111.74,50.76,147.29,1,-1,-1,-1
122,21688,429.06,114.48,62.37,148.75,1,-1,-1,-1
123,21672,295.35,91.51,58.52,163.00,1,-1,-1,-1
123,21682,500.65,110.10,53.77,145.95,1,-1,-1,-1
123,21684,194.08,87.12,55.84,169.76,1,-1,-1,-1
123,21686,392.57,111.25,50.70,148.55,1,-1,-1,-1
123,21688,426.58,113.89,61.21,149.12,1,-1,-1,-1
124,21672,295.21,91.07,58.38,162.77,1,-1,-1,-1
124,21682,500.31,109.26,54.14,146.48,1,-1,-1,-1
124,21684,194.26,86.97,55.74,170.02,1,-1,-1,-1
124,21686,392.95,111.06,50.40,149.02,1,-1,-1,-1
124,21688,426.08,113.70,60.05,149.24,1,-1,-1,-1
125,21672,293.11,89.60,59.23,165.99,1,-1,-1,-1
125,21682,498.08,112.87,53.35,142.78,1,-1,-1,-1
125,21684,194.65,86.26,55.70,170.10,1,-1,-1,-1
125,21686,402.27,112.93,51.38,147.24,1,-1,-1,-1
125,21688,423.38,112.98,60.26,149.78,1,-1,-1,-1
126,21672,292.44,89.05,59.38,167.21,1,-1,-1,-1
126,21682,497.13,114.26,53.34,141.38,1,-1,-1,-1
126,21684,194.80,86.00,55.64,170.13,1,-1,-1,-1
126,21686,405.41,113.66,52.57,146.54,1,-1,-1,-1
127,21672,292.30,88.86,59.30,167.68,1,-1,-1,-1
127,21682,496.68,114.78,53.61,140.88,1,-1,-1,-1
127,21684,194.87,85.91,55.59,170.13,1,-1,-1,-1
127,21686,406.18,113.93,53.76,146.26,1,-1,-1,-1
128,21672,292.35,88.80,59.13,167.86,1,-1,-1,-1
128,21682,496.43,114.97,53.97,140.72,1,-1,-1,-1
128,21684,194.90,85.88,55.53,170.12,1,-1,-1,-1
128,21686,406.09,114.02,54.89,146.15,1,-1,-1,-1
129,21672,291.45,91.40,59.03,166.63,1,-1,-1,-1
129,21682,489.84,115.04,55.35,142.65,1,-1,-1,-1
129,21684,195.57,85.23,55.48,170.76,1,-1,-1,-1
129,21686,405.49,116.01,57.01,147.41,1,-1,-1,-1
130,21672,291.05,92.40,59.17,166.17,1,-1,-1,-1
130,21682,487.23,115.06,56.22,143.39,1,-1,-1,-1
130,21684,195.89,84.99,55.31,171.00,1,-1,-1,-1
130,21686,404.79,116.76,58.69,147.88,1,-1,-1,-1
131,21672,290.85,92.78,59.38,165.99,1,-1,-1,-1
131,21682,486.13,115.06,56.86,143.68,1,-1,-1,-1
131,21684,196.07,84.91,55.12,171.08,1,-1,-1,-1
131,21686,404.08,117.04,60.11,148.05,1,-1,-1,-1
132,21672,290.73,92.93,59.61,165.94,1,-1,-1,-1
132,21682,485.62,115.06,57.39,143.80,1,-1,-1,-1
132,21684,196.18,84.88,54.93,171.11,1,-1,-1,-1
132,21686,403.42,117.13,61.36,148.11,1,-1,-1,-1
133,21672,290.65,92.98,59.83,165.92,1,-1,-1,-1
133,21682,485.35,115.06,57.84,143.86,1,-1,-1,-1
133,21684,196.27,84.88,54.75,171.11,1,-1,-1,-1
133,21686,402.82,117.16,62.48,148.12,1,-1,-1,-1
134,21672,290.58,93.00,60.03,165.92,1,-1,-1,-1
134,21682,485.18,115.05,58.25,143.88,1,-1,-1,-1
134,21684,196.34,84.89,54.58,171.10,1,-1,-1,-1
134,21686,402.27,117.16,63.48,148.12,1,-1,-1,-1
135,21672,290.53,93.01,60.21,165.92,1,-1,-1,-1
135,21682,485.05,115.05,58.61,143.90,1,-1,-1,-1
135,21684,196.41,84.90,54.43,171.10,1,-1,-1,-1
135,21686,401.77,117.15,64.39,148.11,1,-1,-1,-1
136,21672,290.48,93.01,60.38,165.93,1,-1,-1,-1
136,21682,484.94,115.04,58.93,143.91,1,-1,-1,-1
136,21684,196.46,84.91,54.30,171.09,1,-1,-1,-1
136,21686,401.31,117.13,65.21,148.10,1,-1,-1,-1
137,21672,283.41,94.32,62.17,167.24,1,-1,-1,-1
137,21682,472.73,116.34,57.99,140.65,1,-1,-1,-1
137,21684,195.79,83.61,54.33,173.04,1,-1,-1,-1
137,21686,392.75,113.86,65.95,151.36,1,-1,-1,-1
138,21672,280.40,94.81,63.55,167.74,1,-1,-1,-1
138,21682,468.02,116.84,57.84,139.42,1,-1,-1,-1
138,21684,195.68,83.12,54.02,173.77,1,-1,-1,-1
138,21686,389.70,112.62,65.85,152.58,1,-1,-1,-1
139,21672,278.98,94.99,64.70,167.93,1,-1,-1,-1
139,21682,466.23,117.02,57.97,138.97,1,-1,-1,-1
139,21684,195.78,82.95,53.62,174.04,1,-1,-1,-1
139,21686,388.70,112.15,65.47,153.03,1,-1,-1,-1
140,21672,278.19,95.06,65.71,168.00,1,-1,-1,-1
140,21682,465.54,117.08,58.19,138.82,1,-1,-1,-1
140,21684,195.95,82.89,53.21,174.13,1,-1,-1,-1
140,21686,388.48,111.98,65.02,153.19,1,-1,-1,-1
141,21672,277.67,95.08,66.60,168.02,1,-1,-1,-1
141,21682,465.27,117.09,58.44,138.78,1,-1,-1,-1
141,21684,196.13,82.87,52.82,174.15,1,-1,-1,-1
141,21686,388.56,111.92,64.57,153.23,1,-1,-1,-1
142,21672,277.28,95.08,67.40,168.03,1,-1,-1,-1
142,21682,465.17,117.09,58.67,138.78,1,-1,-1,-1
142,21684,196.30,82.88,52.46,174.15,1,-1,-1,-1
142,21686,388.72,111.90,64.14,153.23,1,-1,-1,-1
143,21672,276.95,95.07,68.13,168.03,1,-1,-1,-1
143,21682,465.12,117.09,58.89,138.79,1,-1,-1,-1
143,21684,196.46,82.88,52.13,174.14,1,-1,-1,-1
143,21686,388.91,111.90,63.75,153.22,1,-1,-1,-1
144,21672,276.66,95.07,68.78,168.03,1,-1,-1,-1
144,21682,465.10,117.08,59.09,138.81,1,-1,-1,-1
144,21684,196.60,82.89,51.83,174.13,1,-1,-1,-1
144,21686,389.10,111.91,63.40,153.20,1,-1,-1,-1
145,21672,265.27,92.45,68.16,166.72,1,-1,-1,-1
145,21682,459.10,112.49,61.43,146.02,1,-1,-1,-1
145,21684,193.45,84.21,50.97,172.16,1,-1,-1,-1
145,21686,386.52,110.61,63.38,151.88,1,-1,-1,-1
145,21689,28.00,113.00,47.00,171.00,1,-1,-1,-1
146,21672,260.99,91.46,67.87,166.22,1,-1,-1,-1
146,21682,457.09,110.78,61.89,148.71,1,-1,-1,-1
146,21684,192.32,84.71,50.50,171.41,1,-1,-1,-1
146,21686,385.42,110.12,63.64,151.37,1,-1,-1,-1
146,21689,28.00,113.00,47.00,171.00,1,-1,-1,-1
147,21672,259.46,91.08,67.72,166.04,1,-1,-1,-1
147,21682,456.55,110.13,61.71,149.75,1,-1,-1,-1
147,21684,191.97,84.90,50.19,171.12,1,-1,-1,-1
147,21686,384.89,109.95,63.99,151.17,1,-1,-1,-1
147,21689,28.00,113.00,47.00,171.00,1,-1,-1,-1
148,21672,258.96,90.95,67.63,165.97,1,-1,-1,-1
148,21682,456.56,109.89,61.32,150.13,1,-1,-1,-1
148,21684,191.91,84.98,49.95,171.02,1,-1,-1,-1
148,21686,384.60,109.89,64.34,151.09,1,-1,-1,-1
148,21689,28.00,113.00,47.00,171.00,1,-1,-1,-1
149,21672,258.85,90.91,67.56,165.95,1,-1,-1,-1
149,21682,456.76,109.81,60.87,150.26,1,-1,-1,-1
149,21684,191.95,85.00,49.75,170.98,1,-1,-1,-1
149,21686,384.40,109.88,64.68,151.06,1,-1,-1,-1
149,21689,28.00,113.00,47.00,171.00,1,-1,-1,-1
150,21672,258.88,90.90,67.50,165.95,1,-1,-1,-1
150,21682,457.02,109.79,60.43,150.29,1,-1,-1,-1
150,21684,192.03,85.01,49.58,170.97,1,-1,-1,-1
150,21686,384.25,109.88,64.99,151.04,1,-1,-1,-1
150,21689,28.00,113.00,47.00,171.00,1,-1,-1,-1
151,21672,258.95,90.90,67.45,165.95,1,-1,-1,-1
151,21682,457.28,109.80,60.01,150.28,1,-1,-1,-1
151,21684,192.11,85.01,49.43,170.97,1,-1,-1,-1
151,21686,384.13,109.89,65.28,151.04,1,-1,-1,-1
151,21689,28.00,113.00,47.00,171.00,1,-1,-1,-1
152,21672,259.04,90.91,67.41,165.95,1,-1,-1,-1
152,21682,457.53,109.81,59.63,150.26,1,-1,-1,-1
152,21684,192.19,85.01,49.29,170.97,1,-1,-1,-1
152,21686,384.02,109.90,65.54,151.03,1,-1,-1,-1
152,21689,28.00,113.00,47.00,171.00,1,-1,-1,-1
153,21672,255.17,90.26,66.15,164.65,1,-1,-1,-1
153,21682,454.56,116.33,55.94,141.78,1,-1,-1,-1
153,21684,190.65,85.01,48.50,169.01,1,-1,-1,-1
153,21686,392.95,111.21,63.38,149.72,1,-1,-1,-1
153,21688,349.72,108.91,57.58,155.06,1,-1,-1,-1
153,21689,48.67,115.03,46.25,162.20,1,-1,-1,-1
153,21690,436.00,109.00,48.00,154.00,1,-1,-1,-1
154,21672,253.93,89.37,65.29,164.16,1,-1,-1,-1
154,21682,452.26,118.20,54.92,140.48,1,-1,-1,-1
154,21684,190.05,85.01,48.23,168.93,1,-1,-1,-1
154,21686,396.25,111.72,62.12,150.53,1,-1,-1,-1
154,21688,348.77,109.63,55.05,154.37,1,-1,-1,-1
154,21689,59.41,109.61,48.17,167.85,1,-1,-1,-1
154,21690,437.00,109.00,48.58,155.71,1,-1,-1,-1
155,21672,253.78,89.69,64.44,163.98,1,-1,-1,-1
155,21682,452.21,116.90,55.02,141.33,1,-1,-1,-1
155,21684,189.98,85.67,47.85,168.25,1,-1,-1,-1
155,21686,397.79,111.91,61.02,151.49,1,-1,-1,-1
155,21688,349.87,111.18,53.33,152.84,1,-1,-1,-1
155,21689,65.99,105.05,49.75,173.82,1,-1,-1,-1
155,21690,436.03,109.00,48.71,156.00,1,-1,-1,-1
156,21672,253.71,90.48,63.58,163.26,1,-1,-1,-1
156,21682,452.39,117.71,54.74,141.66,1,-1,-1,-1
156,21684,190.29,85.26,47.71,168.00,1,-1,-1,-1
156,21686,397.87,111.33,60.27,153.16,1,-1,-1,-1
156,21688,349.00,112.42,52.78,151.60,1,-1,-1,-1
156,21689,71.81,105.32,49.93,174.76,1,-1,-1,-1
156,21690,436.69,109.00,48.96,156.81,1,-1,-1,-1
157,21672,253.88,90.78,62.95,163.00,1,-1,-1,-1
157,21682,453.26,118.67,54.42,141.80,1,-1,-1,-1
157,21684,191.06,86.41,47.04,165.95,1,-1,-1,-1
157,21686,397.98,111.76,59.13,153.79,1,-1,-1,-1
157,21688,343.68,114.21,52.12,148.49,1,-1,-1,-1
157,21689,75.04,107.45,50.27,176.42,1,-1,-1,-1
157,21690,437.24,111.16,48.41,154.91,1,-1,-1,-1
158,21672,254.22,90.24,62.25,162.91,1,-1,-1,-1
158,21682,453.94,119.67,53.68,140.55,1,-1,-1,-1
158,21684,191.42,86.19,47.32,167.15,1,-1,-1,-1
158,21686,398.47,111.27,57.77,154.02,1,-1,-1,-1
158,21688,340.98,114.20,52.14,148.66,1,-1,-1,-1
158,21689,81.87,108.93,49.35,173.10,1,-1,-1,-1
158,21690,437.18,111.91,47.98,153.51,1,-1,-1,-1
159,21672,254.67,90.70,61.43,162.23,1,-1,-1,-1
159,21682,454.52,121.35,52.84,138.77,1,-1,-1,-1
159,21684,191.66,86.10,47.24,166.96,1,-1,-1,-1
159,21686,398.65,111.74,56.59,154.10,1,-1,-1,-1
159,21688,339.06,114.85,51.50,147.42,1,-1,-1,-1
159,21689,86.57,108.59,49.42,173.35,1,-1,-1,-1
159,21690,437.00,112.15,48.16,153.73,1,-1,-1,-1
160,21672,255.16,92.18,59.90,160.02,1,-1,-1,-1
160,21682,454.90,124.60,50.94,133.50,1,-1,-1,-1
160,21684,192.14,86.06,47.10,166.89,1,-1,-1,-1
160,21686,398.89,114.52,54.45,150.21,1,-1,-1,-1
160,21688,337.44,116.40,50.61,144.98,1,-1,-1,-1
160,21689,91.59,108.06,50.38,173.91,1,-1,-1,-1
160,21690,437.77,112.90,47.91,152.45,1,-1,-1,-1
161,21672,254.79,92.09,59.18,159.85,1,-1,-1,-1
161,21682,454.98,126.47,49.76,130.20,1,-1,-1,-1
161,21684,193.01,86.05,46.99,166.88,1,-1,-1,-1
161,21686,398.59,115.58,53.08,148.72,1,-1,-1,-1
161,21688,337.20,114.98,51.08,146.08,1,-1,-1,-1
161,21689,96.94,109.24,51.86,172.72,1,-1,-1,-1
161,21690,439.05,113.14,47.86,152.00,1,-1,-1,-1
162,21672,254.95,91.40,58.37,159.80,1,-1,-1,-1
162,21682,454.43,127.38,49.32,129.06,1,-1,-1,-1
162,21684,193.60,87.35,46.42,164.92,1,-1,-1,-1
162,21686,399.15,114.66,52.54,149.48,1,-1,-1,-1
162,21688,336.32,115.75,50.99,145.85,1,-1,-1,-1
162,21689,102.42,111.65,53.00,167.68,1,-1,-1,-1
162,21690,437.81,112.54,47.86,152.53,1,-1,-1,-1
163,21672,256.21,92.44,57.04,157.83,1,-1,-1,-1
163,21684,193.62,88.49,45.98,162.87,1,-1,-1,-1
163,21686,399.11,114.96,51.51,148.46,1,-1,-1,-1
163,21688,335.90,118.67,49.97,143.14,1,-1,-1,-1
163,21689,104.34,116.54,54.65,163.13,1,-1,-1,-1
163,21690,438.35,113.63,47.19,150.07,1,-1,-1,-1
163,21691,362.00,115.00,43.00,150.00,1,-1,-1,-1
164,21672,257.53,93.50,56.22,156.44,1,-1,-1,-1
164,21684,193.88,88.92,45.95,162.77,1,-1,-1,-1
164,21686,398.43,115.72,50.48,147.42,1,-1,-1,-1
164,21688,334.79,119.09,49.67,142.14,1,-1,-1,-1
164,21689,108.44,119.01,56.10,160.13,1,-1,-1,-1
164,21690,437.57,114.03,46.89,148.49,1,-1,-1,-1
165,21672,258.04,93.23,55.95,156.59,1,-1,-1,-1
165,21684,193.98,89.07,45.94,162.75,1,-1,-1,-1
165,21686,398.98,113.37,51.10,150.32,1,-1,-1,-1
165,21688,332.43,116.59,50.27,143.77,1,-1,-1,-1
165,21689,110.55,115.92,59.13,164.36,1,-1,-1,-1
165,21690,434.47,112.82,47.72,150.60,1,-1,-1,-1
166,21672,257.76,92.47,55.49,156.67,1,-1,-1,-1
166,21684,193.12,88.46,46.42,164.72,1,-1,-1,-1
166,21686,398.27,111.84,51.21,152.06,1,-1,-1,-1
166,21688,331.03,114.34,51.00,146.37,1,-1,-1,-1
166,21689,111.72,111.51,61.20,166.58,1,-1,-1,-1
166,21690,432.89,113.03,47.58,149.42,1,-1,-1,-1
167,21672,257.25,92.18,54.86,155.41,1,-1,-1,-1
167,21684,192.80,88.23,46.59,164.83,1,-1,-1,-1
167,21686,395.89,113.85,50.26,149.48,1,-1,-1,-1
167,21688,329.94,113.48,51.20,146.71,1,-1,-1,-1
167,21689,111.93,109.82,62.79,168.09,1,-1,-1,-1
167,21690,433.46,113.75,47.21,147.66,1,-1,-1,-1
168,21672,257.12,92.07,54.53,154.95,1,-1,-1,-1
168,21684,193.30,88.78,46.73,164.87,1,-1,-1,-1
168,21686,392.38,116.60,49.86,147.16,1,-1,-1,-1
168,21688,329.20,113.15,51.41,147.50,1,-1,-1,-1
168,21689,114.13,109.19,63.45,168.02,1,-1,-1,-1
168,21690,435.24,116.67,46.63,144.37,1,-1,-1,-1
169,21672,257.21,91.37,54.82,156.10,1,-1,-1,-1
169,21684,193.08,88.99,46.95,164.90,1,-1,-1,-1
169,21686,390.12,115.66,50.28,148.93,1,-1,-1,-1
169,21688,329.08,113.68,51.26,147.15,1,-1,-1,-1
169,21689,119.65,102.42,65.15,174.53,1,-1,-1,-1
169,21690,437.02,120.41,46.20,140.50,1,-1,-1,-1
170,21672,257.28,91.11,54.86,156.55,1,-1,-1,-1
170,21684,192.94,89.06,47.15,164.91,1,-1,-1,-1
170,21686,389.34,115.30,50.35,149.59,1,-1,-1,-1
170,21688,329.10,113.88,51.20,147.02,1,-1,-1,-1
170,21689,121.86,99.89,65.35,176.97,1,-1,-1,-1
170,21690,437.46,121.77,46.49,139.10,1,-1,-1,-1
171,21672,257.35,91.01,54.83,156.74,1,-1,-1,-1
171,21684,192.84,89.08,47.32,164.92,1,-1,-1,-1
171,21686,389.11,115.16,50.29,149.85,1,-1,-1,-1
171,21688,329.16,113.96,51.16,146.97,1,-1,-1,-1
171,21689,122.76,98.94,65.05,177.89,1,-1,-1,-1
171,21690,437.41,122.24,47.02,138.62,1,-1,-1,-1
172,21672,257.42,90.98,54.77,156.82,1,-1,-1,-1
172,21684,192.75,89.09,47.48,164.93,1,-1,-1,-1
172,21686,389.08,115.10,50.20,149.95,1,-1,-1,-1
172,21688,329.23,113.99,51.14,146.96,1,-1,-1,-1
172,21689,123.15,98.61,64.59,178.23,1,-1,-1,-1
172,21690,437.20,122.39,47.60,138.49,1,-1,-1,-1
173,21672,257.47,90.97,54.70,156.85,1,-1,-1,-1
173,21684,192.68,89.08,47.63,164.94,1,-1,-1,-1
173,21686,389.12,115.07,50.10,149.98,1,-1,-1,-1
173,21688,329.30,114.00,51.12,146.96,1,-1,-1,-1
173,21689,123.34,98.52,64.11,178.33,1,-1,-1,-1
173,21690,436.94,122.41,48.17,138.47,1,-1,-1,-1
174,21672,257.53,90.96,54.63,156.88,1,-1,-1,-1
174,21684,192.61,89.08,47.76,164.94,1,-1,-1,-1
174,21686,389.19,115.06,49.99,150.00,1,-1,-1,-1
174,21688,329.36,114.00,51.11,146.96,1,-1,-1,-1
174,21689,123.45,98.51,63.64,178.35,1,-1,-1,-1
174,21690,436.68,122.39,48.70,138.50,1,-1,-1,-1
175,21672,257.57,90.97,54.57,156.89,1,-1,-1,-1
175,21684,192.55,89.07,47.88,164.95,1,-1,-1,-1
175,21686,389.26,115.05,49.90,150.00,1,-1,-1,-1
175,21688,329.43,114.00,51.10,146.96,1,-1,-1,-1
175,21689,123.52,98.54,63.20,178.33,1,-1,-1,-1
175,21690,436.44,122.36,49.19,138.54,1,-1,-1,-1
176,21672,257.61,90.97,54.52,156.90,1,-1,-1,-1
176,21684,192.50,89.06,47.98,164.95,1,-1,-1,-1
176,21686,389.33,115.04,49.82,150.00,1,-1,-1,-1
176,21688,329.48,114.00,51.09,146.96,1,-1,-1,-1
176,21689,123.57,98.57,62.81,178.31,1,-1,-1,-1
176,21690,436.21,122.33,49.64,138.59,1,-1,-1,-1
177,21672,252.13,89.01,55.06,160.18,1,-1,-1,-1
177,21684,191.95,87.10,50.38,173.45,1,-1,-1,-1
177,21686,378.11,114.39,50.11,150.66,1,-1,-1,-1
177,21688,323.93,112.70,51.18,148.27,1,-1,-1,-1
177,21689,144.48,99.91,61.08,175.68,1,-1,-1,-1
177,21690,429.75,119.01,52.05,144.54,1,-1,-1,-1
178,21672,250.33,88.28,54.75,161.41,1,-1,-1,-1
178,21684,192.25,85.72,51.55,177.90,1,-1,-1,-1
178,21686,372.27,112.83,50.82,152.86,1,-1,-1,-1
178,21688,321.85,112.20,51.22,149.42,1,-1,-1,-1
178,21689,153.72,103.07,59.03,170.73,1,-1,-1,-1
178,21690,426.54,117.77,53.28,146.76,1,-1,-1,-1
179,21672,250.32,88.65,53.96,160.58,1,-1,-1,-1
179,21684,192.23,85.53,51.85,178.91,1,-1,-1,-1
179,21686,368.25,112.89,50.90,152.39,1,-1,-1,-1
179,21688,321.29,112.67,50.85,149.20,1,-1,-1,-1
179,21689,157.35,106.92,57.69,166.21,1,-1,-1,-1
179,21690,424.44,115.99,54.20,148.27,1,-1,-1,-1
