1,22010,393.20,195.58,79.90,172.49,1,-1,-1,-1
1,22014,534.00,208.00,54.00,152.00,1,-1,-1,-1
1,22015,566.00,90.00,70.00,188.00,1,-1,-1,-1
1,22016,336.00,82.00,96.00,256.00,1,-1,-1,-1
1,22017,182.00,94.00,68.00,222.00,1,-1,-1,-1
1,22018,438.00,94.00,90.00,240.00,1,-1,-1,-1
2,22008,165.40,94.45,98.75,221.86,1,-1,-1,-1
2,22015,566.00,90.00,70.00,188.00,1,-1,-1,-1
2,22016,336.00,82.00,96.00,256.00,1,-1,-1,-1
2,22018,438.00,94.00,90.00,240.00,1,-1,-1,-1
3,22008,171.51,93.08,92.26,221.93,1,-1,-1,-1
3,22015,566.00,90.00,70.00,188.00,1,-1,-1,-1
3,22016,336.00,82.00,96.00,256.00,1,-1,-1,-1
3,22018,438.00,94.00,90.00,240.00,1,-1,-1,-1
4,22008,174.67,92.63,87.87,221.96,1,-1,-1,-1
4,22015,566.00,90.00,70.00,188.00,1,-1,-1,-1
4,22016,336.00,82.00,96.00,256.00,1,-1,-1,-1
4,22018,438.00,94.00,90.00,240.00,1,-1,-1,-1
5,22008,176.44,92.55,84.68,221.97,1,-1,-1,-1
5,22015,566.00,90.00,70.00,188.00,1,-1,-1,-1
5,22016,336.00,82.00,96.00,256.00,1,-1,-1,-1
5,22018,438.00,94.00,90.00,240.00,1,-1,-1,-1
6,22008,177.54,92.62,82.25,221.97,1,-1,-1,-1
6,22015,566.00,90.00,70.00,188.00,1,-1,-1,-1
6,22016,336.00,82.00,96.00,256.00,1,-1,-1,-1
6,22018,438.00,94.00,90.00,240.00,1,-1,-1,-1
7,22008,178.30,92.72,80.33,221.98,1,-1,-1,-1
7,22015,566.00,90.00,70.00,188.00,1,-1,-1,-1
7,22016,336.00,82.00,96.00,256.00,1,-1,-1,-1
7,22018,438.00,94.00,90.00,240.00,1,-1,-1,-1
8,22008,178.86,92.84,78.77,221.98,1,-1,-1,-1
8,22015,566.00,90.00,70.00,188.00,1,-1,-1,-1
8,22016,336.00,82.00,96.00,256.00,1,-1,-1,-1
8,22018,438.00,94.00,90.00,240.00,1,-1,-1,-1
9,22008,204.73,95.56,78.91,221.98,1,-1,-1,-1
9,22015,561.73,90.00,71.77,192.06,1,-1,-1,-1
9,22016,355.24,84.71,92.71,247.88,1,-1,-1,-1
9,22018,438.00,94.00,90.00,240.00,1,-1,-1,-1
9,22019,56.00,100.00,56.00,240.00,1,-1,-1,-1
10,22008,214.36,96.65,79.04,221.98,1,-1,-1,-1
10,22015,560.09,90.00,72.58,193.55,1,-1,-1,-1
10,22016,362.45,85.71,91.34,244.87,1,-1,-1,-1
10,22019,56.00,100.00,56.00,240.00,1,-1,-1,-1
11,22008,217.79,97.11,79.14,221.99,1,-1,-1,-1
11,22015,559.42,90.00,73.03,194.08,1,-1,-1,-1
11,22016,365.03,86.06,90.72,243.82,1,-1,-1,-1
11,22019,56.00,100.00,56.00,240.00,1,-1,-1,-1
12,22008,218.87,97.32,79.23,221.99,1,-1,-1,-1
12,22015,559.12,90.00,73.34,194.26,1,-1,-1,-1
12,22016,365.92,86.17,90.37,243.49,1,-1,-1,-1
12,22019,56.00,100.00,56.00,240.00,1,-1,-1,-1
13,22008,219.08,97.44,79.31,221.99,1,-1,-1,-1
13,22015,558.96,90.00,73.58,194.30,1,-1,-1,-1
13,22016,366.20,86.19,90.14,243.42,1,-1,-1,-1
13,22019,56.00,100.00,56.00,240.00,1,-1,-1,-1
14,22008,218.96,97.51,79.38,221.99,1,-1,-1,-1
14,22015,558.86,90.00,73.79,194.29,1,-1,-1,-1
14,22016,366.26,86.19,89.94,243.43,1,-1,-1,-1
14,22019,56.00,100.00,56.00,240.00,1,-1,-1,-1
15,22008,218.75,97.56,79.44,221.99,1,-1,-1,-1
15,22015,558.78,90.00,73.99,194.27,1,-1,-1,-1
15,22016,366.25,86.17,89.77,243.48,1,-1,-1,-1
15,22019,56.00,100.00,56.00,240.00,1,-1,-1,-1
16,22008,218.51,97.61,79.50,221.99,1,-1,-1,-1
16,22015,558.71,90.00,74.16,194.25,1,-1,-1,-1
16,22016,366.21,86.16,89.62,243.53,1,-1,-1,-1
16,22019,56.00,100.00,56.00,240.00,1,-1,-1,-1
17,22008,240.17,98.95,77.57,215.46,1,-1,-1,-1
17,22015,558.30,90.00,74.32,194.65,1,-1,-1,-1
17,22016,378.70,86.14,88.16,238.30,1,-1,-1,-1
17,22018,491.95,90.13,92.32,238.07,1,-1,-1,-1
17,22019,56.00,100.00,56.00,240.00,1,-1,-1,-1
17,22020,172.00,86.00,50.00,172.00,1,-1,-1,-1
18,22008,248.18,99.49,77.04,212.97,1,-1,-1,-1
18,22016,383.22,86.12,87.87,236.36,1,-1,-1,-1
18,22018,493.31,89.95,94.76,237.98,1,-1,-1,-1
18,22020,172.00,86.00,50.00,172.00,1,-1,-1,-1
19,22008,250.89,99.71,77.04,212.06,1,-1,-1,-1
19,22016,384.68,86.11,88.00,235.68,1,-1,-1,-1
19,22018,493.20,89.89,96.80,237.94,1,-1,-1,-1
19,22020,172.00,86.00,50.00,172.00,1,-1,-1,-1
20,22008,251.65,99.80,77.21,211.75,1,-1,-1,-1
20,22016,385.02,86.10,88.28,235.47,1,-1,-1,-1
20,22018,492.56,89.87,98.54,237.94,1,-1,-1,-1
20,22020,172.00,86.00,50.00,172.00,1,-1,-1,-1
21,22008,251.69,99.84,77.44,211.66,1,-1,-1,-1
21,22016,384.96,86.09,88.59,235.43,1,-1,-1,-1
21,22018,491.78,89.87,100.02,237.94,1,-1,-1,-1
21,22020,172.00,86.00,50.00,172.00,1,-1,-1,-1
22,22008,251.49,99.86,77.67,211.65,1,-1,-1,-1
22,22016,384.76,86.08,88.90,235.45,1,-1,-1,-1
22,22018,491.01,89.88,101.31,237.94,1,-1,-1,-1
22,22020,172.00,86.00,50.00,172.00,1,-1,-1,-1
23,22008,251.20,99.88,77.89,211.66,1,-1,-1,-1
23,22016,384.53,86.07,89.18,235.50,1,-1,-1,-1
23,22018,490.30,89.89,102.44,237.95,1,-1,-1,-1
23,22020,172.00,86.00,50.00,172.00,1,-1,-1,-1
24,22008,250.91,99.89,78.09,211.69,1,-1,-1,-1
24,22016,384.29,86.07,89.44,235.54,1,-1,-1,-1
24,22018,489.67,89.90,103.43,237.95,1,-1,-1,-1
24,22020,172.00,86.00,50.00,172.00,1,-1,-1,-1
25,22008,270.04,101.21,74.83,203.86,1,-1,-1,-1
25,22016,401.78,87.37,88.36,230.34,1,-1,-1,-1
25,22018,500.00,88.60,96.88,226.18,1,-1,-1,-1
25,22020,174.34,95.47,48.03,166.59,1,-1,-1,-1
26,22008,277.27,101.73,73.41,200.90,1,-1,-1,-1
26,22016,408.11,87.86,88.42,228.40,1,-1,-1,-1
26,22018,504.18,88.11,93.71,221.67,1,-1,-1,-1
26,22020,175.33,98.99,47.06,164.58,1,-1,-1,-1
27,22008,279.88,101.91,72.73,199.85,1,-1,-1,-1
27,22016,410.15,88.04,88.89,227.71,1,-1,-1,-1
27,22018,505.94,87.94,91.93,220.06,1,-1,-1,-1
27,22020,175.79,100.21,46.48,163.88,1,-1,-1,-1
28,22008,280.78,101.98,72.33,199.50,1,-1,-1,-1
28,22016,410.60,88.09,89.46,227.50,1,-1,-1,-1
28,22018,506.79,87.89,90.73,219.51,1,-1,-1,-1
28,22020,176.05,100.60,46.06,163.66,1,-1,-1,-1
29,22008,281.03,102.01,72.06,199.41,1,-1,-1,-1
29,22016,410.48,88.11,90.04,227.45,1,-1,-1,-1
29,22018,507.27,87.88,89.79,219.35,1,-1,-1,-1
29,22020,176.24,100.68,45.71,163.61,1,-1,-1,-1
30,22008,281.05,102.02,71.85,199.41,1,-1,-1,-1
30,22016,410.17,88.11,90.59,227.47,1,-1,-1,-1
30,22018,507.59,87.88,89.00,219.34,1,-1,-1,-1
30,22020,176.40,100.66,45.39,163.62,1,-1,-1,-1
31,22008,280.99,102.02,71.66,199.45,1,-1,-1,-1
31,22016,409.82,88.10,91.10,227.51,1,-1,-1,-1
31,22018,507.84,87.89,88.31,219.38,1,-1,-1,-1
31,22020,176.54,100.61,45.09,163.65,1,-1,-1,-1
32,22008,280.91,102.02,71.50,199.50,1,-1,-1,-1
32,22016,409.47,88.09,91.56,227.55,1,-1,-1,-1
32,22018,508.06,87.90,87.70,219.43,1,-1,-1,-1
32,22020,176.67,100.55,44.82,163.68,1,-1,-1,-1
33,22008,303.58,96.77,74.37,208.72,1,-1,-1,-1
33,22016,433.20,88.08,87.10,218.42,1,-1,-1,-1
33,22018,531.45,93.16,85.36,214.23,1,-1,-1,-1
33,22020,173.39,88.64,48.72,178.21,1,-1,-1,-1
34,22008,312.08,94.82,75.19,212.16,1,-1,-1,-1
34,22016,442.34,88.07,85.03,214.98,1,-1,-1,-1
34,22018,540.31,95.16,84.35,212.30,1,-1,-1,-1
34,22020,172.22,84.27,50.10,183.53,1,-1,-1,-1
35,22008,315.33,94.08,75.30,213.50,1,-1,-1,-1
35,22016,445.75,88.06,83.92,213.76,1,-1,-1,-1
35,22018,543.54,95.89,83.87,211.63,1,-1,-1,-1
35,22020,171.77,82.54,50.60,185.62,1,-1,-1,-1
36,22008,316.51,93.81,75.14,214.00,1,-1,-1,-1
36,22016,447.05,88.06,83.19,213.36,1,-1,-1,-1
36,22018,544.67,96.14,83.59,211.42,1,-1,-1,-1
36,22020,171.63,81.89,50.74,186.38,1,-1,-1,-1
37,22008,316.89,93.73,74.90,214.17,1,-1,-1,-1
37,22016,447.54,88.05,82.64,213.26,1,-1,-1,-1
37,22018,545.02,96.22,83.40,211.38,1,-1,-1,-1
37,22020,171.60,81.67,50.75,186.63,1,-1,-1,-1
38,22008,316.98,93.72,74.65,214.22,1,-1,-1,-1
38,22016,447.73,88.05,82.18,213.27,1,-1,-1,-1
38,22018,545.07,96.23,83.26,211.41,1,-1,-1,-1
38,22020,171.61,81.61,50.71,186.68,1,-1,-1,-1
39,22008,316.96,93.73,74.40,214.23,1,-1,-1,-1
39,22016,447.80,88.04,81.77,213.32,1,-1,-1,-1
39,22018,545.02,96.23,83.13,211.45,1,-1,-1,-1
39,22020,171.64,81.61,50.66,186.66,1,-1,-1,-1
40,22008,316.90,93.75,74.18,214.22,1,-1,-1,-1
40,22016,447.84,88.04,81.41,213.38,1,-1,-1,-1
40,22018,544.95,96.21,83.02,211.50,1,-1,-1,-1
40,22020,171.67,81.63,50.60,186.62,1,-1,-1,-1
41,22008,334.36,92.47,71.47,206.39,1,-1,-1,-1
41,22016,452.85,89.35,84.21,216.06,1,-1,-1,-1
41,22018,549.76,88.33,86.24,224.65,1,-1,-1,-1
41,22020,171.85,82.96,50.24,185.27,1,-1,-1,-1
42,22008,340.91,91.99,70.42,203.37,1,-1,-1,-1
42,22016,454.18,89.84,86.23,217.09,1,-1,-1,-1
42,22018,552.07,85.41,86.31,229.53,1,-1,-1,-1
42,22020,171.92,83.49,50.10,184.72,1,-1,-1,-1
43,22008,343.21,91.83,70.05,202.26,1,-1,-1,-1
43,22016,454.16,90.01,87.85,217.51,1,-1,-1,-1
43,22018,553.36,84.27,85.39,231.43,1,-1,-1,-1
43,22020,171.95,83.70,50.05,184.49,1,-1,-1,-1
44,22008,343.93,91.79,69.91,201.87,1,-1,-1,-1
44,22016,453.67,90.08,89.25,217.68,1,-1,-1,-1
44,22018,554.20,83.86,84.16,232.14,1,-1,-1,-1
44,22020,171.96,83.79,50.03,184.38,1,-1,-1,-1
45,22008,344.06,91.78,69.87,201.74,1,-1,-1,-1
45,22016,453.05,90.09,90.48,217.76,1,-1,-1,-1
45,22018,554.83,83.72,82.90,232.38,1,-1,-1,-1
45,22020,171.97,83.84,50.02,184.32,1,-1,-1,-1
46,22008,343.98,91.80,69.86,201.71,1,-1,-1,-1
46,22016,452.42,90.09,91.58,217.80,1,-1,-1,-1
46,22018,555.36,83.68,81.71,232.44,1,-1,-1,-1
46,22020,171.97,83.86,50.01,184.28,1,-1,-1,-1
47,22008,343.83,91.81,69.87,201.72,1,-1,-1,-1
47,22016,451.83,90.09,92.58,217.83,1,-1,-1,-1
47,22018,555.82,83.69,80.60,232.44,1,-1,-1,-1
47,22020,171.98,83.88,50.01,184.25,1,-1,-1,-1
48,22008,343.67,91.83,69.88,201.74,1,-1,-1,-1
48,22016,451.28,90.08,93.47,217.85,1,-1,-1,-1
48,22018,556.23,83.71,79.60,232.41,1,-1,-1,-1
48,22020,171.98,83.89,50.01,184.22,1,-1,-1,-1
49,22008,364.31,98.39,67.57,195.22,1,-1,-1,-1
49,22016,469.85,91.38,95.34,216.56,1,-1,-1,-1
49,22018,557.77,83.24,79.83,233.09,1,-1,-1,-1
49,22020,172.32,83.90,49.33,182.90,1,-1,-1,-1
50,22008,372.07,100.90,66.67,192.75,1,-1,-1,-1
50,22016,476.20,91.87,97.30,216.08,1,-1,-1,-1
50,22020,172.54,83.91,48.89,182.38,1,-1,-1,-1
51,22008,374.82,101.82,66.32,191.87,1,-1,-1,-1
51,22016,477.91,92.04,99.20,215.91,1,-1,-1,-1
51,22020,172.70,83.92,48.57,182.18,1,-1,-1,-1
52,22008,375.71,102.14,66.19,191.58,1,-1,-1,-1
52,22016,477.92,92.10,100.96,215.85,1,-1,-1,-1
52,22020,172.83,83.93,48.31,182.10,1,-1,-1,-1
53,22008,375.91,102.24,66.13,191.50,1,-1,-1,-1
53,22016,477.34,92.12,102.57,215.84,1,-1,-1,-1
53,22020,172.95,83.93,48.09,182.07,1,-1,-1,-1
54,22008,375.86,102.26,66.10,191.51,1,-1,-1,-1
54,22016,476.59,92.11,104.03,215.85,1,-1,-1,-1
54,22020,173.05,83.94,47.89,182.05,1,-1,-1,-1
55,22008,375.73,102.25,66.08,191.54,1,-1,-1,-1
55,22016,475.82,92.11,105.36,215.86,1,-1,-1,-1
55,22020,173.14,83.95,47.70,182.04,1,-1,-1,-1
56,22008,375.58,102.24,66.07,191.58,1,-1,-1,-1
56,22016,475.10,92.10,106.56,215.87,1,-1,-1,-1
56,22020,173.22,83.95,47.54,182.04,1,-1,-1,-1
57,22008,400.33,94.35,66.06,187.69,1,-1,-1,-1
57,22016,495.00,94.70,100.50,208.04,1,-1,-1,-1
57,22018,582.24,99.04,59.41,177.01,1,-1,-1,-1
57,22020,172.40,82.65,47.88,183.34,1,-1,-1,-1
58,22008,409.27,91.35,66.74,186.24,1,-1,-1,-1
58,22016,503.04,95.69,97.09,205.06,1,-1,-1,-1
58,22018,583.66,99.96,57.47,173.95,1,-1,-1,-1
58,22020,172.09,82.16,48.00,183.83,1,-1,-1,-1
59,22008,412.13,90.24,67.64,185.73,1,-1,-1,-1
59,22016,506.41,96.04,94.81,203.99,1,-1,-1,-1
59,22018,584.41,100.23,56.42,172.97,1,-1,-1,-1
59,22020,171.98,81.98,48.04,184.01,1,-1,-1,-1
60,22008,412.74,89.85,68.55,185.57,1,-1,-1,-1
60,22016,508.01,96.16,93.05,203.62,1,-1,-1,-1
60,22018,584.79,100.31,55.75,172.71,1,-1,-1,-1
60,22020,171.94,81.92,48.06,184.07,1,-1,-1,-1
61,22008,412.56,89.73,69.43,185.54,1,-1,-1,-1
61,22016,508.91,96.19,91.56,203.52,1,-1,-1,-1
61,22018,584.99,100.31,55.27,172.73,1,-1,-1,-1
61,22020,171.93,81.90,48.06,184.09,1,-1,-1,-1
62,22008,412.10,89.70,70.23,185.56,1,-1,-1,-1
62,22016,509.51,96.19,90.25,203.51,1,-1,-1,-1
62,22018,585.12,100.29,54.88,172.83,1,-1,-1,-1
62,22020,171.93,81.90,48.05,184.09,1,-1,-1,-1
63,22008,411.58,89.71,70.96,185.59,1,-1,-1,-1
63,22016,509.98,96.18,89.08,203.54,1,-1,-1,-1
63,22018,585.22,100.26,54.56,172.95,1,-1,-1,-1
63,22020,171.94,81.91,48.05,184.09,1,-1,-1,-1
64,22008,411.07,89.73,71.63,185.63,1,-1,-1,-1
64,22016,510.37,96.16,88.02,203.58,1,-1,-1,-1
64,22018,585.30,100.23,54.29,173.06,1,-1,-1,-1
64,22020,171.94,81.92,48.04,184.08,1,-1,-1,-1
65,22008,400.35,94.99,70.47,184.35,1,-1,-1,-1
65,22016,531.18,96.15,86.77,202.31,1,-1,-1,-1
65,22018,586.27,100.61,53.81,171.53,1,-1,-1,-1
65,22020,172.36,80.62,48.52,185.38,1,-1,-1,-1
65,22021,422.00,104.00,68.00,180.00,1,-1,-1,-1
66,22008,396.36,96.99,69.69,183.89,1,-1,-1,-1
66,22016,539.14,96.13,85.95,201.85,1,-1,-1,-1
66,22020,172.48,80.13,48.77,185.86,1,-1,-1,-1
66,22021,422.00,104.00,68.00,180.00,1,-1,-1,-1
67,22008,394.97,97.74,69.09,183.74,1,-1,-1,-1
67,22016,542.16,96.12,85.31,201.70,1,-1,-1,-1
67,22020,172.50,79.95,48.93,186.04,1,-1,-1,-1
67,22021,422.00,104.00,68.00,180.00,1,-1,-1,-1
68,22008,394.55,98.02,68.58,183.70,1,-1,-1,-1
68,22016,543.31,96.11,84.78,201.67,1,-1,-1,-1
68,22020,172.47,79.90,49.05,186.10,1,-1,-1,-1
68,22021,422.00,104.00,68.00,180.00,1,-1,-1,-1
69,22008,394.49,98.11,68.13,183.71,1,-1,-1,-1
69,22016,543.75,96.10,84.32,201.68,1,-1,-1,-1
69,22020,172.44,79.88,49.15,186.12,1,-1,-1,-1
69,22021,422.00,104.00,68.00,180.00,1,-1,-1,-1
70,22008,394.55,98.14,67.74,183.73,1,-1,-1,-1
70,22016,543.91,96.09,83.90,201.70,1,-1,-1,-1
70,22020,172.40,79.88,49.23,186.11,1,-1,-1,-1
70,22021,422.00,104.00,68.00,180.00,1,-1,-1,-1
71,22008,394.66,98.14,67.38,183.75,1,-1,-1,-1
71,22016,543.97,96.08,83.53,201.73,1,-1,-1,-1
71,22020,172.36,79.89,49.31,186.11,1,-1,-1,-1
71,22021,422.00,104.00,68.00,180.00,1,-1,-1,-1
72,22008,394.78,98.13,67.06,183.77,1,-1,-1,-1
72,22016,543.99,96.07,83.19,201.75,1,-1,-1,-1
72,22020,172.33,79.90,49.37,186.10,1,-1,-1,-1
72,22021,422.00,104.00,68.00,180.00,1,-1,-1,-1
73,22008,382.22,91.58,65.95,181.18,1,-1,-1,-1
73,22016,552.32,93.45,83.25,204.39,1,-1,-1,-1
73,22020,173.85,81.21,48.93,182.17,1,-1,-1,-1
73,22021,444.17,102.65,68.32,181.35,1,-1,-1,-1
74,22008,377.48,89.09,65.45,180.21,1,-1,-1,-1
74,22016,555.66,92.46,82.72,205.39,1,-1,-1,-1
74,22020,174.28,81.72,49.07,180.67,1,-1,-1,-1
74,22021,452.37,102.15,68.32,181.85,1,-1,-1,-1
75,22008,375.77,88.17,65.19,179.86,1,-1,-1,-1
75,22016,557.08,92.09,82.02,205.78,1,-1,-1,-1
75,22020,174.29,81.91,49.41,180.12,1,-1,-1,-1
75,22021,455.36,101.97,68.20,182.03,1,-1,-1,-1
76,22008,375.19,87.84,65.03,179.75,1,-1,-1,-1
76,22016,557.74,91.95,81.31,205.93,1,-1,-1,-1
76,22020,174.16,81.98,49.79,179.92,1,-1,-1,-1
76,22021,456.39,101.91,68.05,182.09,1,-1,-1,-1
77,22008,375.04,87.74,64.92,179.73,1,-1,-1,-1
77,22016,558.11,91.91,80.63,205.98,1,-1,-1,-1
77,22020,173.99,82.01,50.17,179.86,1,-1,-1,-1
77,22021,456.70,101.90,67.89,182.10,1,-1,-1,-1
78,22008,375.05,87.72,64.82,179.74,1,-1,-1,-1
78,22016,558.35,91.90,80.01,206.00,1,-1,-1,-1
78,22020,173.81,82.01,50.53,179.84,1,-1,-1,-1
78,22021,456.74,101.90,67.73,182.10,1,-1,-1,-1
79,22008,375.10,87.73,64.74,179.76,1,-1,-1,-1
79,22016,558.53,91.90,79.44,206.01,1,-1,-1,-1
79,22020,173.65,82.02,50.86,179.85,1,-1,-1,-1
79,22021,456.69,101.91,67.58,182.09,1,-1,-1,-1
80,22008,375.18,87.75,64.67,179.78,1,-1,-1,-1
80,22016,558.68,91.91,78.92,206.01,1,-1,-1,-1
80,22020,173.49,82.02,51.15,179.86,1,-1,-1,-1
80,22021,456.63,101.92,67.44,182.08,1,-1,-1,-1
81,22008,365.99,93.00,62.19,170.64,1,-1,-1,-1
81,22016,560.79,99.75,73.17,191.66,1,-1,-1,-1
81,22020,179.37,83.32,49.85,173.33,1,-1,-1,-1
81,22021,471.54,99.30,68.86,184.70,1,-1,-1,-1
82,22008,362.31,95.04,61.64,167.16,1,-1,-1,-1
82,22016,561.56,102.79,70.84,186.10,1,-1,-1,-1
82,22020,181.47,83.82,49.62,170.85,1,-1,-1,-1
82,22021,476.95,98.32,69.65,185.68,1,-1,-1,-1
83,22008,360.83,95.78,61.83,165.92,1,-1,-1,-1
83,22016,561.85,103.86,69.90,184.14,1,-1,-1,-1
83,22020,182.10,84.00,49.80,169.96,1,-1,-1,-1
83,22021,478.79,97.96,70.17,186.04,1,-1,-1,-1
84,22008,360.16,96.04,62.26,165.51,1,-1,-1,-1
84,22016,561.95,104.23,69.47,183.47,1,-1,-1,-1
84,22020,182.19,84.06,50.11,169.66,1,-1,-1,-1
84,22021,479.26,97.84,70.57,186.16,1,-1,-1,-1
85,22008,359.80,96.12,62.74,165.40,1,-1,-1,-1
85,22016,561.99,104.34,69.24,183.28,1,-1,-1,-1
85,22020,182.09,84.08,50.45,169.58,1,-1,-1,-1
85,22021,479.23,97.80,70.91,186.20,1,-1,-1,-1
86,22008,359.58,96.15,63.22,165.40,1,-1,-1,-1
86,22016,562.00,104.36,69.09,183.26,1,-1,-1,-1
86,22020,181.93,84.08,50.77,169.57,1,-1,-1,-1
86,22021,479.03,97.81,71.20,186.19,1,-1,-1,-1
87,22008,359.41,96.15,63.67,165.44,1,-1,-1,-1
87,22016,562.00,104.34,68.97,183.30,1,-1,-1,-1
87,22020,181.76,84.07,51.08,169.60,1,-1,-1,-1
87,22021,478.79,97.82,71.46,186.18,1,-1,-1,-1
88,22008,359.27,96.14,64.07,165.48,1,-1,-1,-1
88,22016,562.00,104.31,68.87,183.36,1,-1,-1,-1
88,22020,181.60,84.07,51.35,169.63,1,-1,-1,-1
88,22021,478.54,97.83,71.70,186.17,1,-1,-1,-1
89,22008,352.12,92.19,65.37,169.47,1,-1,-1,-1
89,22016,562.90,104.83,68.48,182.30,1,-1,-1,-1
89,22018,520.90,102.03,60.83,169.86,1,-1,-1,-1
89,22020,184.74,89.31,50.25,164.42,1,-1,-1,-1
89,22021,480.73,97.56,71.81,186.44,1,-1,-1,-1
90,22008,349.54,90.71,65.73,170.98,1,-1,-1,-1
90,22018,517.56,102.04,65.38,169.90,1,-1,-1,-1
90,22020,185.80,91.29,50.09,162.47,1,-1,-1,-1
91,22008,348.67,90.15,65.76,171.57,1,-1,-1,-1
91,22018,515.70,102.04,68.43,169.92,1,-1,-1,-1
91,22020,186.05,92.01,50.26,161.78,1,-1,-1,-1
92,22008,348.44,89.94,65.66,171.80,1,-1,-1,-1
92,22018,514.55,102.04,70.63,169.93,1,-1,-1,-1
92,22020,186.01,92.25,50.54,161.56,1,-1,-1,-1
93,22008,348.46,89.87,65.53,171.89,1,-1,-1,-1
93,22018,513.77,102.03,72.30,169.94,1,-1,-1,-1
93,22020,185.88,92.32,50.84,161.51,1,-1,-1,-1
94,22008,348.55,89.86,65.40,171.93,1,-1,-1,-1
94,22018,513.19,102.03,73.62,169.95,1,-1,-1,-1
94,22020,185.72,92.32,51.13,161.52,1,-1,-1,-1
95,22008,348.67,89.86,65.27,171.95,1,-1,-1,-1
95,22018,512.74,102.03,74.68,169.95,1,-1,-1,-1
95,22020,185.57,92.30,51.40,161.56,1,-1,-1,-1
96,22008,348.79,89.87,65.15,171.96,1,-1,-1,-1
96,22018,512.38,102.02,75.57,169.96,1,-1,-1,-1
96,22020,185.42,92.28,51.64,161.59,1,-1,-1,-1
97,22008,332.65,92.49,66.22,173.27,1,-1,-1,-1
97,22018,519.93,102.02,76.30,168.65,1,-1,-1,-1
97,22020,188.68,90.94,52.94,165.56,1,-1,-1,-1
97,22022,388.00,112.00,48.00,142.00,1,-1,-1,-1
98,22008,326.43,93.49,66.93,173.76,1,-1,-1,-1
98,22018,522.52,102.02,77.19,168.16,1,-1,-1,-1
98,22020,189.88,90.43,53.45,167.06,1,-1,-1,-1
98,22022,388.00,112.00,48.00,142.00,1,-1,-1,-1
99,22008,324.00,93.86,67.48,173.95,1,-1,-1,-1
99,22018,523.25,102.02,78.08,167.98,1,-1,-1,-1
99,22020,190.31,90.23,53.66,167.65,1,-1,-1,-1
99,22022,388.00,112.00,48.00,142.00,1,-1,-1,-1
100,22008,323.04,94.00,67.93,174.02,1,-1,-1,-1
100,22018,523.28,102.02,78.89,167.92,1,-1,-1,-1
100,22020,190.44,90.14,53.75,167.87,1,-1,-1,-1
100,22022,388.00,112.00,48.00,142.00,1,-1,-1,-1
101,22008,322.64,94.05,68.33,174.04,1,-1,-1,-1
101,22018,523.09,102.01,79.61,167.91,1,-1,-1,-1
101,22020,190.46,90.10,53.80,167.96,1,-1,-1,-1
101,22022,388.00,112.00,48.00,142.00,1,-1,-1,-1
102,22008,322.46,94.07,68.68,174.05,1,-1,-1,-1
102,22018,522.83,102.01,80.26,167.91,1,-1,-1,-1
102,22020,190.44,90.08,53.83,167.99,1,-1,-1,-1
102,22022,388.00,112.00,48.00,142.00,1,-1,-1,-1
103,22008,322.38,94.07,69.00,174.05,1,-1,-1,-1
103,22018,522.57,102.01,80.84,167.91,1,-1,-1,-1
103,22020,190.41,90.07,53.85,168.00,1,-1,-1,-1
103,22022,388.00,112.00,48.00,142.00,1,-1,-1,-1
104,22008,322.32,94.06,69.29,174.04,1,-1,-1,-1
104,22018,522.32,102.01,81.36,167.92,1,-1,-1,-1
104,22020,190.37,90.06,53.87,168.01,1,-1,-1,-1
104,22022,388.00,112.00,48.00,142.00,1,-1,-1,-1
105,22008,309.92,88.84,69.49,176.65,1,-1,-1,-1
105,22016,497.78,108.06,58.42,160.06,1,-1,-1,-1
105,22018,515.27,105.93,75.86,162.70,1,-1,-1,-1
105,22020,189.96,90.06,53.33,166.70,1,-1,-1,-1
105,22021,562.03,93.99,66.61,180.17,1,-1,-1,-1
105,22022,386.31,113.35,47.32,139.29,1,-1,-1,-1
105,22023,466.00,124.00,54.00,140.00,1,-1,-1,-1
106,22008,305.51,86.87,69.11,177.63,1,-1,-1,-1
106,22016,496.73,108.10,57.11,159.62,1,-1,-1,-1
106,22018,513.31,107.42,72.31,160.71,1,-1,-1,-1
106,22020,189.82,90.05,53.07,166.21,1,-1,-1,-1
106,22021,564.78,93.93,64.64,179.97,1,-1,-1,-1
106,22022,385.62,113.85,47.21,138.29,1,-1,-1,-1
106,22023,466.00,124.00,54.00,140.00,1,-1,-1,-1
107,22008,304.11,86.12,68.56,178.00,1,-1,-1,-1
107,22016,496.56,108.11,56.21,159.45,1,-1,-1,-1
107,22018,513.28,107.97,69.64,160.00,1,-1,-1,-1
107,22020,189.78,90.05,52.91,166.02,1,-1,-1,-1
107,22021,566.16,93.90,63.24,179.91,1,-1,-1,-1
107,22022,385.30,114.03,47.31,137.94,1,-1,-1,-1
107,22023,466.00,124.00,54.00,140.00,1,-1,-1,-1
108,22008,303.85,85.86,67.98,178.12,1,-1,-1,-1
108,22016,496.76,108.11,55.56,159.43,1,-1,-1,-1
108,22018,513.92,108.15,67.43,159.75,1,-1,-1,-1
108,22020,189.78,90.04,52.81,165.96,1,-1,-1,-1
108,22021,566.83,93.90,62.18,179.89,1,-1,-1,-1
108,22022,385.13,114.09,47.49,137.83,1,-1,-1,-1
108,22023,466.00,124.00,54.00,140.00,1,-1,-1,-1
109,22008,304.00,85.77,67.43,178.16,1,-1,-1,-1
109,22016,497.06,108.11,55.07,159.46,1,-1,-1,-1
109,22018,514.74,108.21,65.51,159.68,1,-1,-1,-1
109,22020,189.79,90.04,52.72,165.94,1,-1,-1,-1
109,22021,567.16,93.90,61.35,179.89,1,-1,-1,-1
109,22022,385.01,114.10,47.68,137.80,1,-1,-1,-1
109,22023,466.00,124.00,54.00,140.00,1,-1,-1,-1
110,22008,304.29,85.76,66.92,178.17,1,-1,-1,-1
110,22016,497.37,108.10,54.67,159.50,1,-1,-1,-1
110,22018,515.57,108.21,63.81,159.68,1,-1,-1,-1
110,22020,189.81,90.03,52.65,165.94,1,-1,-1,-1
110,22021,567.35,93.91,60.67,179.90,1,-1,-1,-1
110,22022,384.92,114.10,47.87,137.81,1,-1,-1,-1
110,22023,466.00,124.00,54.00,140.00,1,-1,-1,-1
111,22008,304.61,85.76,66.45,178.16,1,-1,-1,-1
111,22016,497.65,108.09,54.35,159.55,1,-1,-1,-1
111,22018,516.36,108.20,62.29,159.70,1,-1,-1,-1
111,22020,189.82,90.03,52.59,165.94,1,-1,-1,-1
111,22021,567.48,93.92,60.11,179.91,1,-1,-1,-1
111,22022,384.84,114.09,48.05,137.82,1,-1,-1,-1
111,22023,466.00,124.00,54.00,140.00,1,-1,-1,-1
112,22008,304.92,85.78,66.03,178.14,1,-1,-1,-1
112,22016,497.91,108.08,54.08,159.60,1,-1,-1,-1
112,22018,517.09,108.19,60.91,159.72,1,-1,-1,-1
112,22020,189.84,90.03,52.53,165.94,1,-1,-1,-1
112,22021,567.56,93.93,59.64,179.92,1,-1,-1,-1
112,22022,384.77,114.08,48.23,137.84,1,-1,-1,-1
112,22023,466.00,124.00,54.00,140.00,1,-1,-1,-1
113,22008,302.72,93.62,62.78,170.31,1,-1,-1,-1
113,22016,498.32,114.64,52.15,147.81,1,-1,-1,-1
113,22018,516.43,108.50,60.74,159.26,1,-1,-1,-1
113,22020,190.24,88.72,53.03,167.25,1,-1,-1,-1
113,22021,579.69,97.87,57.39,177.30,1,-1,-1,-1
113,22022,385.99,111.44,49.76,141.80,1,-1,-1,-1
113,22023,464.33,122.65,55.98,141.35,1,-1,-1,-1
114,22008,302.05,96.65,61.36,167.29,1,-1,-1,-1
114,22016,498.14,117.16,52.30,143.32,1,-1,-1,-1
114,22020,190.36,88.22,53.25,167.75,1,-1,-1,-1
114,22021,584.53,99.36,55.89,176.32,1,-1,-1,-1
114,22022,386.41,110.45,50.41,143.29,1,-1,-1,-1
114,22023,463.26,122.15,57.63,141.85,1,-1,-1,-1
115,22008,301.94,97.75,60.68,166.19,1,-1,-1,-1
115,22016,497.68,118.03,53.23,141.77,1,-1,-1,-1
115,22020,190.38,88.04,53.38,167.94,1,-1,-1,-1
115,22021,586.53,99.92,54.74,175.96,1,-1,-1,-1
115,22022,386.53,110.08,50.73,143.85,1,-1,-1,-1
115,22023,462.43,121.97,59.11,142.03,1,-1,-1,-1
116,22008,302.02,98.14,60.29,165.81,1,-1,-1,-1
116,22016,497.16,118.32,54.35,141.27,1,-1,-1,-1
116,22020,190.37,87.97,53.46,168.01,1,-1,-1,-1
116,22021,587.44,100.11,53.80,175.84,1,-1,-1,-1
116,22022,386.55,109.94,50.91,144.06,1,-1,-1,-1
116,22023,461.72,121.91,60.48,142.09,1,-1,-1,-1
117,22008,302.17,98.27,60.02,165.69,1,-1,-1,-1
117,22016,496.66,118.39,55.46,141.15,1,-1,-1,-1
117,22020,190.34,87.95,53.52,168.03,1,-1,-1,-1
117,22021,587.91,100.17,52.99,175.81,1,-1,-1,-1
117,22022,386.52,109.90,51.04,144.13,1,-1,-1,-1
117,22023,461.06,121.90,61.77,142.10,1,-1,-1,-1
118,22008,302.33,98.29,59.81,165.67,1,-1,-1,-1
118,22016,496.21,118.39,56.48,141.16,1,-1,-1,-1
118,22020,190.31,87.94,53.57,168.04,1,-1,-1,-1
118,22021,588.21,100.18,52.28,175.81,1,-1,-1,-1
118,22022,386.48,109.89,51.14,144.14,1,-1,-1,-1
118,22023,460.46,121.90,62.98,142.10,1,-1,-1,-1
119,22008,302.48,98.29,59.63,165.68,1,-1,-1,-1
119,22016,495.80,118.37,57.42,141.22,1,-1,-1,-1
119,22020,190.28,87.95,53.61,168.04,1,-1,-1,-1
119,22021,588.42,100.17,51.65,175.82,1,-1,-1,-1
119,22022,386.44,109.89,51.22,144.14,1,-1,-1,-1
119,22023,459.90,121.91,64.11,142.09,1,-1,-1,-1
120,22008,302.63,98.26,59.47,165.70,1,-1,-1,-1
120,22016,495.43,118.34,58.26,141.29,1,-1,-1,-1
120,22020,190.26,87.95,53.65,168.04,1,-1,-1,-1
120,22021,588.59,100.16,51.09,175.84,1,-1,-1,-1
120,22022,386.40,109.90,51.30,144.13,1,-1,-1,-1
120,22023,459.38,121.92,65.16,142.08,1,-1,-1,-1
121,22008,297.71,94.31,58.95,165.73,1,-1,-1,-1
121,22016,497.75,116.99,57.65,141.36,1,-1,-1,-1
121,22020,193.41,86.65,53.85,169.34,1,-1,-1,-1
121,22021,590.46,100.42,51.02,175.57,1,-1,-1,-1
121,22022,389.71,111.21,51.20,145.43,1,-1,-1,-1
121,22023,459.28,121.79,65.22,142.21,1,-1,-1,-1
121,22024,436.00,114.00,50.00,148.00,1,-1,-1,-1
122,22008,296.02,92.81,58.48,165.75,1,-1,-1,-1
122,22016,498.81,116.46,57.10,141.42,1,-1,-1,-1
122,22020,194.66,86.16,53.81,169.83,1,-1,-1,-1
122,22022,391.10,111.71,50.86,145.91,1,-1,-1,-1
122,22023,435.21,115.74,65.56,146.72,1,-1,-1,-1
123,22008,295.56,92.24,58.05,165.78,1,-1,-1,-1
123,22016,499.36,116.26,56.61,141.48,1,-1,-1,-1
123,22020,195.17,85.98,53.69,170.01,1,-1,-1,-1
123,22022,391.76,111.91,50.46,146.08,1,-1,-1,-1
123,22023,430.36,114.35,64.45,147.75,1,-1,-1,-1
124,22008,295.54,92.03,57.66,165.80,1,-1,-1,-1
124,22016,499.71,116.17,56.16,141.53,1,-1,-1,-1
124,22020,195.40,85.92,53.55,170.07,1,-1,-1,-1
124,22022,392.12,111.98,50.06,146.14,1,-1,-1,-1
124,22023,429.05,113.86,63.20,148.12,1,-1,-1,-1
125,22008,295.68,91.95,57.31,165.82,1,-1,-1,-1
125,22016,499.97,116.13,55.76,141.58,1,-1,-1,-1
125,22020,195.51,85.90,53.41,170.09,1,-1,-1,-1
125,22022,392.36,112.01,49.68,146.15,1,-1,-1,-1
125,22023,429.01,113.70,61.99,148.24,1,-1,-1,-1
126,22008,295.87,91.93,57.00,165.84,1,-1,-1,-1
126,22016,500.17,116.11,55.40,141.62,1,-1,-1,-1
126,22020,195.58,85.90,53.28,170.09,1,-1,-1,-1
126,22022,392.53,112.01,49.34,146.14,1,-1,-1,-1
126,22023,429.40,113.66,60.85,148.27,1,-1,-1,-1
127,22008,296.06,91.93,56.71,165.85,1,-1,-1,-1
127,22016,500.36,116.09,55.07,141.66,1,-1,-1,-1
127,22020,195.63,85.91,53.16,170.09,1,-1,-1,-1
127,22022,392.68,112.02,49.02,146.13,1,-1,-1,-1
127,22023,429.93,113.67,59.82,148.26,1,-1,-1,-1
128,22008,296.24,91.93,56.45,165.87,1,-1,-1,-1
128,22016,500.51,116.08,54.78,141.69,1,-1,-1,-1
128,22020,195.67,85.91,53.05,170.08,1,-1,-1,-1
128,22022,392.81,112.02,48.74,146.12,1,-1,-1,-1
128,22023,430.47,113.69,58.88,148.24,1,-1,-1,-1
129,22008,292.85,91.93,56.79,165.88,1,-1,-1,-1
129,22016,491.33,117.38,54.85,140.41,1,-1,-1,-1
129,22020,195.35,84.62,53.65,172.68,1,-1,-1,-1
129,22022,393.07,112.04,48.80,146.32,1,-1,-1,-1
129,22023,411.78,115.02,59.95,148.22,1,-1,-1,-1
130,22008,291.51,91.94,57.09,165.89,1,-1,-1,-1
130,22016,487.71,117.87,55.18,139.94,1,-1,-1,-1
130,22020,195.28,84.13,53.75,173.66,1,-1,-1,-1
130,22023,404.46,115.54,60.91,148.20,1,-1,-1,-1
131,22008,290.96,91.95,57.37,165.90,1,-1,-1,-1
131,22016,486.25,118.05,55.57,139.79,1,-1,-1,-1
131,22020,195.30,83.95,53.69,174.02,1,-1,-1,-1
131,22023,401.53,115.75,61.78,148.18,1,-1,-1,-1
132,22008,290.71,91.95,57.62,165.91,1,-1,-1,-1
132,22016,485.61,118.10,55.97,139.74,1,-1,-1,-1
132,22020,195.35,83.89,53.57,174.15,1,-1,-1,-1
132,22023,400.31,115.83,62.56,148.17,1,-1,-1,-1
133,22008,290.58,91.96,57.84,165.92,1,-1,-1,-1
133,22016,485.29,118.12,56.34,139.75,1,-1,-1,-1
133,22020,195.40,83.88,53.43,174.18,1,-1,-1,-1
133,22023,399.75,115.87,63.27,148.15,1,-1,-1,-1
134,22008,290.51,91.96,58.05,165.93,1,-1,-1,-1
134,22016,485.11,118.12,56.69,139.76,1,-1,-1,-1
134,22020,195.46,83.88,53.30,174.19,1,-1,-1,-1
134,22023,399.45,115.89,63.92,148.14,1,-1,-1,-1
135,22008,290.45,91.96,58.23,165.93,1,-1,-1,-1
135,22016,484.98,118.11,57.00,139.78,1,-1,-1,-1
135,22020,195.51,83.89,53.18,174.17,1,-1,-1,-1
135,22023,399.26,115.91,64.50,148.12,1,-1,-1,-1
136,22008,290.40,91.97,58.40,165.94,1,-1,-1,-1
136,22016,484.88,118.10,57.29,139.80,1,-1,-1,-1
136,22020,195.55,83.90,53.07,174.16,1,-1,-1,-1
136,22023,399.12,115.92,65.02,148.11,1,-1,-1,-1
137,22008,282.52,93.28,59.88,164.64,1,-1,-1,-1
137,22016,472.92,119.40,56.44,137.20,1,-1,-1,-1
137,22020,195.44,81.30,53.27,176.75,1,-1,-1,-1
137,22023,391.57,112.01,66.02,152.02,1,-1,-1,-1
138,22008,279.04,93.77,61.45,164.15,1,-1,-1,-1
138,22016,468.35,119.88,56.24,136.23,1,-1,-1,-1
138,22020,195.56,80.32,53.03,177.73,1,-1,-1,-1
138,22023,388.97,110.55,66.00,153.48,1,-1,-1,-1
139,22008,277.31,93.96,62.97,163.97,1,-1,-1,-1
139,22016,466.65,120.06,56.27,135.88,1,-1,-1,-1
139,22020,195.74,79.96,52.65,178.08,1,-1,-1,-1
139,22023,388.24,110.00,65.65,154.03,1,-1,-1,-1
140,22008,276.28,94.03,64.37,163.91,1,-1,-1,-1
140,22016,466.03,120.11,56.39,135.77,1,-1,-1,-1
140,22020,195.94,79.84,52.24,178.20,1,-1,-1,-1
140,22023,388.20,109.80,65.19,154.22,1,-1,-1,-1
141,22008,275.56,94.05,65.66,163.90,1,-1,-1,-1
141,22016,465.81,120.13,56.52,135.75,1,-1,-1,-1
141,22020,196.13,79.80,51.85,178.23,1,-1,-1,-1
141,22023,388.41,109.75,64.73,154.27,1,-1,-1,-1
142,22008,274.98,94.05,66.83,163.90,1,-1,-1,-1
142,22016,465.75,120.12,56.65,135.75,1,-1,-1,-1
142,22020,196.30,79.80,51.49,178.23,1,-1,-1,-1
142,22023,388.69,109.74,64.29,154.28,1,-1,-1,-1
143,22008,274.49,94.05,67.90,163.90,1,-1,-1,-1
143,22016,465.74,120.11,56.78,135.77,1,-1,-1,-1
143,22020,196.46,79.81,51.16,178.22,1,-1,-1,-1
143,22023,388.98,109.76,63.88,154.26,1,-1,-1,-1
144,22008,274.05,94.05,68.86,163.91,1,-1,-1,-1
144,22016,465.76,120.10,56.90,135.79,1,-1,-1,-1
144,22020,196.61,79.83,50.86,178.20,1,-1,-1,-1
144,22023,389.26,109.77,63.52,154.24,1,-1,-1,-1
145,22008,263.55,91.43,69.06,165.23,1,-1,-1,-1
145,22016,460.62,114.86,59.45,143.66,1,-1,-1,-1
145,22020,193.31,82.45,49.63,174.27,1,-1,-1,-1
145,22022,428.45,112.01,50.12,151.96,1,-1,-1,-1
145,22023,386.95,108.49,63.10,152.92,1,-1,-1,-1
145,22025,28.00,110.00,46.00,172.00,1,-1,-1,-1
146,22008,259.70,90.44,68.94,165.73,1,-1,-1,-1
146,22016,458.94,112.91,59.98,146.59,1,-1,-1,-1
146,22020,192.08,83.46,49.11,172.76,1,-1,-1,-1
146,22022,429.54,112.00,49.78,152.09,1,-1,-1,-1
146,22023,386.09,108.01,63.01,152.40,1,-1,-1,-1
146,22025,28.00,110.00,46.00,172.00,1,-1,-1,-1
147,22008,258.38,90.07,68.73,165.92,1,-1,-1,-1
147,22016,458.52,112.16,59.82,147.72,1,-1,-1,-1
147,22020,191.65,83.84,48.86,172.20,1,-1,-1,-1
147,22022,430.00,112.00,49.51,152.14,1,-1,-1,-1
147,22023,385.79,107.85,63.04,152.20,1,-1,-1,-1
147,22025,28.00,110.00,46.00,172.00,1,-1,-1,-1
148,22008,258.01,89.94,68.50,165.99,1,-1,-1,-1
148,22016,458.58,111.88,59.42,148.14,1,-1,-1,-1
148,22020,191.52,83.98,48.73,171.99,1,-1,-1,-1
148,22022,430.18,112.00,49.30,152.15,1,-1,-1,-1
148,22023,385.69,107.80,63.10,152.12,1,-1,-1,-1
148,22025,28.00,110.00,46.00,172.00,1,-1,-1,-1
149,22008,258.00,89.89,68.27,166.01,1,-1,-1,-1
149,22016,458.80,111.79,58.97,148.28,1,-1,-1,-1
149,22020,191.51,84.03,48.64,171.92,1,-1,-1,-1
149,22022,430.25,112.00,49.13,152.14,1,-1,-1,-1
149,22023,385.68,107.80,63.18,152.08,1,-1,-1,-1
149,22025,28.00,110.00,46.00,172.00,1,-1,-1,-1
150,22008,258.12,89.88,68.06,166.02,1,-1,-1,-1
150,22016,459.06,111.77,58.52,148.31,1,-1,-1,-1
150,22020,191.53,84.05,48.57,171.90,1,-1,-1,-1
150,22022,430.26,112.00,48.99,152.13,1,-1,-1,-1
150,22023,385.69,107.81,63.25,152.06,1,-1,-1,-1
150,22025,28.00,110.00,46.00,172.00,1,-1,-1,-1
151,22008,258.27,89.89,67.86,166.02,1,-1,-1,-1
151,22016,459.32,111.78,58.10,148.31,1,-1,-1,-1
151,22020,191.57,84.05,48.51,171.90,1,-1,-1,-1
151,22022,430.25,112.00,48.87,152.12,1,-1,-1,-1
151,22023,385.72,107.82,63.32,152.05,1,-1,-1,-1
151,22025,28.00,110.00,46.00,172.00,1,-1,-1,-1
152,22008,258.42,89.90,67.69,166.02,1,-1,-1,-1
152,22016,459.57,111.79,57.71,148.29,1,-1,-1,-1
152,22020,191.60,84.05,48.46,171.91,1,-1,-1,-1
152,22022,430.24,112.00,48.77,152.11,1,-1,-1,-1
152,22023,385.74,107.84,63.39,152.05,1,-1,-1,-1
152,22025,28.00,110.00,46.00,172.00,1,-1,-1,-1
153,22008,255.49,89.91,65.85,163.41,1,-1,-1,-1
153,22016,455.53,117.01,54.18,140.46,1,-1,-1,-1
153,22020,190.65,85.35,47.79,169.30,1,-1,-1,-1
153,22022,433.25,109.39,49.17,154.71,1,-1,-1,-1
153,22023,394.84,110.46,60.98,149.43,1,-1,-1,-1
153,22025,47.97,114.06,45.30,162.53,1,-1,-1,-1
153,22026,356.00,108.00,44.00,154.00,1,-1,-1,-1
154,22008,254.62,89.91,64.75,162.42,1,-1,-1,-1
154,22016,454.14,119.05,52.57,137.41,1,-1,-1,-1
154,22020,190.28,85.84,47.57,168.31,1,-1,-1,-1
154,22022,434.47,108.40,49.09,155.69,1,-1,-1,-1
154,22023,398.67,111.47,59.39,148.43,1,-1,-1,-1
154,22025,54.91,115.58,46.08,158.99,1,-1,-1,-1
154,22026,356.00,108.00,44.00,154.00,1,-1,-1,-1
155,22008,254.52,89.92,63.98,162.05,1,-1,-1,-1
155,22016,453.78,119.78,51.76,136.31,1,-1,-1,-1
155,22020,190.14,86.02,47.51,167.96,1,-1,-1,-1
155,22022,434.99,108.03,48.87,156.05,1,-1,-1,-1
155,22023,400.41,111.85,58.17,148.06,1,-1,-1,-1
155,22025,56.73,116.09,47.43,157.79,1,-1,-1,-1
155,22026,356.00,108.00,44.00,154.00,1,-1,-1,-1
156,22008,254.69,89.93,63.36,161.92,1,-1,-1,-1
156,22016,453.79,120.05,51.27,135.91,1,-1,-1,-1
156,22020,190.08,86.08,47.53,167.84,1,-1,-1,-1
156,22022,435.24,107.90,48.61,156.17,1,-1,-1,-1
156,22023,401.34,111.99,57.16,147.93,1,-1,-1,-1
156,22025,56.75,116.25,48.95,157.41,1,-1,-1,-1
156,22026,356.00,108.00,44.00,154.00,1,-1,-1,-1
157,22008,254.94,89.94,62.83,161.88,1,-1,-1,-1
157,22016,453.92,120.13,50.90,135.78,1,-1,-1,-1
157,22020,190.05,86.10,47.56,167.81,1,-1,-1,-1
157,22022,435.37,107.86,48.36,156.20,1,-1,-1,-1
157,22023,401.94,112.04,56.27,147.89,1,-1,-1,-1
157,22025,56.15,116.29,50.48,157.33,1,-1,-1,-1
157,22026,356.00,108.00,44.00,154.00,1,-1,-1,-1
158,22008,255.21,89.94,62.36,161.87,1,-1,-1,-1
158,22016,454.09,120.16,50.61,135.75,1,-1,-1,-1
158,22020,190.04,86.10,47.59,167.81,1,-1,-1,-1
158,22022,435.46,107.86,48.13,156.20,1,-1,-1,-1
158,22023,402.38,112.05,55.48,147.88,1,-1,-1,-1
158,22025,55.37,116.28,51.95,157.35,1,-1,-1,-1
158,22026,356.00,108.00,44.00,154.00,1,-1,-1,-1
159,22008,255.47,89.95,61.94,161.88,1,-1,-1,-1
159,22016,454.26,120.15,50.35,135.76,1,-1,-1,-1
159,22020,190.04,86.09,47.63,167.82,1,-1,-1,-1
159,22022,435.53,107.86,47.92,156.19,1,-1,-1,-1
159,22023,402.75,112.05,54.76,147.89,1,-1,-1,-1
159,22025,54.57,116.26,53.33,157.40,1,-1,-1,-1
159,22026,356.00,108.00,44.00,154.00,1,-1,-1,-1
160,22008,255.71,89.95,61.57,161.89,1,-1,-1,-1
160,22016,454.43,120.14,50.13,135.77,1,-1,-1,-1
160,22020,190.03,86.08,47.66,167.83,1,-1,-1,-1
160,22022,435.58,107.87,47.73,156.18,1,-1,-1,-1
160,22023,403.06,112.05,54.12,147.90,1,-1,-1,-1
160,22025,53.81,116.23,54.62,157.46,1,-1,-1,-1
160,22026,356.00,108.00,44.00,154.00,1,-1,-1,-1
161,22008,254.46,91.27,60.23,160.59,1,-1,-1,-1
161,22016,453.67,120.38,49.99,135.40,1,-1,-1,-1
161,22020,192.25,87.38,47.19,166.54,1,-1,-1,-1
161,22022,439.29,111.80,46.74,152.25,1,-1,-1,-1
161,22023,400.38,114.66,52.93,146.60,1,-1,-1,-1
161,22025,55.79,116.61,54.31,156.58,1,-1,-1,-1
161,22026,345.73,112.06,42.90,148.59,1,-1,-1,-1
161,22027,88.00,110.00,68.00,172.00,1,-1,-1,-1
162,22008,254.24,91.77,59.28,160.10,1,-1,-1,-1
162,22020,193.12,87.87,46.95,166.06,1,-1,-1,-1
162,22022,440.63,113.30,46.47,150.74,1,-1,-1,-1
162,22023,399.54,115.65,52.12,146.11,1,-1,-1,-1
162,22026,341.78,113.57,42.75,146.58,1,-1,-1,-1
162,22027,88.00,110.00,68.00,172.00,1,-1,-1,-1
163,22008,254.38,91.95,58.53,159.93,1,-1,-1,-1
163,22020,193.47,88.05,46.82,165.89,1,-1,-1,-1
163,22022,441.05,113.86,46.47,150.18,1,-1,-1,-1
163,22023,399.39,116.01,51.48,145.94,1,-1,-1,-1
163,22025,86.70,111.15,59.60,169.33,1,-1,-1,-1
163,22026,340.28,114.09,42.96,145.88,1,-1,-1,-1
164,22008,254.65,92.02,57.88,159.88,1,-1,-1,-1
164,22020,193.62,88.10,46.72,165.84,1,-1,-1,-1
164,22022,441.13,114.06,46.56,149.97,1,-1,-1,-1
164,22023,399.49,116.13,50.93,145.88,1,-1,-1,-1
164,22025,91.17,110.32,61.05,171.25,1,-1,-1,-1
164,22026,339.67,114.25,43.29,145.66,1,-1,-1,-1
165,22008,254.94,92.04,57.31,159.86,1,-1,-1,-1
165,22020,193.70,88.12,46.65,165.83,1,-1,-1,-1
165,22022,441.09,114.12,46.68,149.90,1,-1,-1,-1
165,22023,399.68,116.17,50.46,145.87,1,-1,-1,-1
165,22025,92.54,110.02,61.98,171.94,1,-1,-1,-1
165,22026,339.39,114.29,43.66,145.61,1,-1,-1,-1
166,22008,255.22,92.05,56.80,159.87,1,-1,-1,-1
166,22020,193.74,88.12,46.58,165.84,1,-1,-1,-1
166,22022,441.01,114.14,46.79,149.89,1,-1,-1,-1
166,22023,399.88,116.17,50.03,145.87,1,-1,-1,-1
166,22025,92.75,109.92,62.67,172.19,1,-1,-1,-1
166,22026,339.24,114.28,44.02,145.62,1,-1,-1,-1
167,22008,255.48,92.04,56.34,159.88,1,-1,-1,-1
167,22020,193.77,88.11,46.52,165.85,1,-1,-1,-1
167,22022,440.93,114.14,46.91,149.89,1,-1,-1,-1
167,22023,400.07,116.16,49.64,145.88,1,-1,-1,-1
167,22025,92.55,109.89,63.24,172.27,1,-1,-1,-1
167,22026,339.12,114.26,44.36,145.65,1,-1,-1,-1
168,22008,255.72,92.04,55.93,159.89,1,-1,-1,-1
168,22020,193.80,88.10,46.47,165.86,1,-1,-1,-1
168,22022,440.84,114.13,47.01,149.89,1,-1,-1,-1
168,22023,400.25,116.15,49.30,145.89,1,-1,-1,-1
168,22025,92.21,109.88,63.72,172.28,1,-1,-1,-1
168,22026,339.03,114.24,44.68,145.69,1,-1,-1,-1
169,22008,256.88,92.04,54.96,157.28,1,-1,-1,-1
169,22020,193.22,89.40,46.31,164.57,1,-1,-1,-1
169,22022,437.51,118.04,45.76,143.36,1,-1,-1,-1
169,22023,393.12,113.52,50.50,149.82,1,-1,-1,-1
169,22025,111.69,102.08,64.79,176.17,1,-1,-1,-1
169,22026,334.24,114.21,45.16,145.72,1,-1,-1,-1
170,22008,257.36,92.03,54.57,156.30,1,-1,-1,-1
170,22020,192.95,89.88,46.35,164.09,1,-1,-1,-1
170,22022,436.01,119.53,45.66,140.87,1,-1,-1,-1
170,22023,390.49,112.53,50.88,151.30,1,-1,-1,-1
170,22025,119.06,99.14,64.99,177.63,1,-1,-1,-1
170,22026,332.35,114.19,45.59,145.75,1,-1,-1,-1
171,22008,257.56,92.03,54.40,155.95,1,-1,-1,-1
171,22020,192.80,90.06,46.46,163.91,1,-1,-1,-1
171,22022,435.28,120.06,46.01,139.98,1,-1,-1,-1
171,22023,389.53,112.15,50.96,151.86,1,-1,-1,-1
171,22025,121.84,98.04,64.88,178.16,1,-1,-1,-1
171,22026,331.57,114.17,46.00,145.77,1,-1,-1,-1
172,22008,257.66,92.03,54.31,155.83,1,-1,-1,-1
172,22020,192.71,90.12,46.59,163.86,1,-1,-1,-1
172,22022,434.83,120.23,46.48,139.68,1,-1,-1,-1
172,22023,389.22,112.01,50.93,152.07,1,-1,-1,-1
172,22025,122.83,97.64,64.67,178.34,1,-1,-1,-1
172,22026,331.21,114.15,46.36,145.80,1,-1,-1,-1
173,22008,257.71,92.03,54.27,155.80,1,-1,-1,-1
173,22020,192.63,90.13,46.72,163.85,1,-1,-1,-1
173,22022,434.51,120.28,46.97,139.60,1,-1,-1,-1
173,22023,389.16,111.96,50.87,152.14,1,-1,-1,-1
173,22025,123.13,97.53,64.44,178.39,1,-1,-1,-1
173,22026,331.02,114.14,46.70,145.82,1,-1,-1,-1
174,22008,257.75,92.02,54.23,155.80,1,-1,-1,-1
174,22020,192.57,90.12,46.83,163.86,1,-1,-1,-1
174,22022,434.25,120.28,47.43,139.59,1,-1,-1,-1
174,22023,389.19,111.94,50.80,152.15,1,-1,-1,-1
174,22025,123.17,97.51,64.22,178.38,1,-1,-1,-1
174,22026,330.90,114.12,47.01,145.83,1,-1,-1,-1
175,22008,257.77,92.02,54.21,155.81,1,-1,-1,-1
175,22020,192.51,90.12,46.94,163.87,1,-1,-1,-1
175,22022,434.03,120.26,47.86,139.62,1,-1,-1,-1
175,22023,389.25,111.94,50.72,152.15,1,-1,-1,-1
175,22025,123.12,97.54,64.01,178.35,1,-1,-1,-1
175,22026,330.80,114.11,47.29,145.85,1,-1,-1,-1
176,22008,257.80,92.02,54.18,155.83,1,-1,-1,-1
176,22020,192.46,90.11,47.04,163.88,1,-1,-1,-1
176,22022,433.84,120.24,48.25,139.65,1,-1,-1,-1
176,22023,389.31,111.94,50.65,152.14,1,-1,-1,-1
176,22025,123.04,97.57,63.82,178.33,1,-1,-1,-1
176,22026,330.73,114.10,47.54,145.87,1,-1,-1,-1
177,22008,251.64,90.71,54.76,158.46,1,-1,-1,-1
177,22020,192.01,87.48,49.25,171.73,1,-1,-1,-1
177,22022,429.51,117.59,50.34,144.93,1,-1,-1,-1
177,22023,376.71,111.95,51.15,153.43,1,-1,-1,-1
177,22025,144.78,100.21,61.68,174.39,1,-1,-1,-1
177,22026,324.50,111.47,48.32,148.50,1,-1,-1,-1
178,22008,249.42,90.22,54.79,159.46,1,-1,-1,-1
178,22020,191.86,86.50,50.05,174.66,1,-1,-1,-1
178,22022,427.83,116.60,51.28,146.90,1,-1,-1,-1
178,22023,371.94,111.95,51.38,153.91,1,-1,-1,-1
178,22025,153.15,101.25,60.48,172.87,1,-1,-1,-1
178,22026,322.20,110.48,48.56,149.49,1,-1,-1,-1
179,22008,248.68,90.03,54.63,159.84,1,-1,-1,-1
179,22020,191.81,86.12,50.33,175.79,1,-1,-1,-1
179,22022,427.12,116.21,51.77,147.67,1,-1,-1,-1
179,22023,370.16,111.96,51.49,154.09,1,-1,-1,-1
179,22025,156.31,101.65,59.69,172.29,1,-1,-1,-1
179,22026,321.39,110.11,48.62,149.87,1,-1,-1,-1
