1,14456,388.10,187.27,65.44,138.65,1,-1,-1,-1
1,14510,197.99,193.94,33.92,109.34,1,-1,-1,-1
1,14513,242.27,197.37,31.29,106.72,1,-1,-1,-1
1,14520,542.86,208.78,33.00,99.93,1,-1,-1,-1
23,14521,913.00,147.00,48.00,114.00,1,-1,-1,-1
23,14522,947.00,160.00,43.00,93.00,1,-1,-1,-1
24,14521,913.00,147.00,48.00,114.00,1,-1,-1,-1
24,14522,947.00,160.00,43.00,93.00,1,-1,-1,-1
25,14521,913.00,147.00,48.00,114.00,1,-1,-1,-1
25,14522,947.00,160.00,43.00,93.00,1,-1,-1,-1
26,14521,913.00,147.00,48.00,114.00,1,-1,-1,-1
26,14522,947.00,160.00,43.00,93.00,1,-1,-1,-1
27,14521,913.00,147.00,48.00,114.00,1,-1,-1,-1
27,14522,947.00,160.00,43.00,93.00,1,-1,-1,-1
28,14521,913.00,147.00,48.00,114.00,1,-1,-1,-1
28,14522,947.00,160.00,43.00,93.00,1,-1,-1,-1
29,14521,913.00,147.00,48.00,114.00,1,-1,-1,-1
29,14522,947.00,160.00,43.00,93.00,1,-1,-1,-1
30,14521,913.00,147.00,48.00,114.00,1,-1,-1,-1
30,14522,947.00,160.00,43.00,93.00,1,-1,-1,-1
31,14521,913.00,147.00,48.00,114.00,1,-1,-1,-1
31,14522,947.00,160.00,43.00,93.00,1,-1,-1,-1
32,14521,913.00,147.00,48.00,114.00,1,-1,-1,-1
32,14522,947.00,160.00,43.00,93.00,1,-1,-1,-1
33,14521,913.00,147.00,48.00,114.00,1,-1,-1,-1
33,14522,947.00,160.00,43.00,93.00,1,-1,-1,-1
34,14521,913.00,147.00,48.00,114.00,1,-1,-1,-1
34,14522,947.00,160.00,43.00,93.00,1,-1,-1,-1
45,14523,256.00,159.00,44.00,102.00,1,-1,-1,-1
46,14523,256.00,159.00,44.00,102.00,1,-1,-1,-1
47,14523,256.00,159.00,44.00,102.00,1,-1,-1,-1
48,14523,256.00,159.00,44.00,102.00,1,-1,-1,-1
49,14523,256.00,159.00,44.00,102.00,1,-1,-1,-1
50,14523,256.00,159.00,44.00,102.00,1,-1,-1,-1
51,14523,256.00,159.00,44.00,102.00,1,-1,-1,-1
52,14523,256.00,159.00,44.00,102.00,1,-1,-1,-1
53,14523,256.00,159.00,44.00,102.00,1,-1,-1,-1
54,14523,256.00,159.00,44.00,102.00,1,-1,-1,-1
55,14523,256.00,159.00,44.00,102.00,1,-1,-1,-1
56,14523,256.00,159.00,44.00,102.00,1,-1,-1,-1
67,14524,45.00,213.00,58.00,98.00,1,-1,-1,-1
68,14524,45.00,213.00,58.00,98.00,1,-1,-1,-1
69,14524,45.00,213.00,58.00,98.00,1,-1,-1,-1
70,14524,45.00,213.00,58.00,98.00,1,-1,-1,-1
71,14524,45.00,213.00,58.00,98.00,1,-1,-1,-1
72,14524,45.00,213.00,58.00,98.00,1,-1,-1,-1
73,14524,45.00,213.00,58.00,98.00,1,-1,-1,-1
74,14524,45.00,213.00,58.00,98.00,1,-1,-1,-1
75,14524,45.00,213.00,58.00,98.00,1,-1,-1,-1
76,14524,45.00,213.00,58.00,98.00,1,-1,-1,-1
77,14524,45.00,213.00,58.00,98.00,1,-1,-1,-1
78,14524,45.00,213.00,58.00,98.00,1,-1,-1,-1
78,14525,1084.00,151.00,91.00,198.00,1,-1,-1,-1
78,14526,800.00,162.00,46.00,107.00,1,-1,-1,-1
78,14527,783.00,164.00,44.00,102.00,1,-1,-1,-1
79,14525,1084.00,151.00,91.00,198.00,1,-1,-1,-1
79,14526,800.00,162.00,46.00,107.00,1,-1,-1,-1
79,14527,783.00,164.00,44.00,102.00,1,-1,-1,-1
80,14525,1084.00,151.00,91.00,198.00,1,-1,-1,-1
80,14526,800.00,162.00,46.00,107.00,1,-1,-1,-1
80,14527,783.00,164.00,44.00,102.00,1,-1,-1,-1
81,14525,1084.00,151.00,91.00,198.00,1,-1,-1,-1
81,14526,800.00,162.00,46.00,107.00,1,-1,-1,-1
81,14527,783.00,164.00,44.00,102.00,1,-1,-1,-1
82,14525,1084.00,151.00,91.00,198.00,1,-1,-1,-1
82,14526,812.22,168.52,43.28,100.48,1,-1,-1,-1
82,14527,783.00,164.00,44.00,102.00,1,-1,-1,-1
83,14526,821.13,175.15,41.72,96.77,1,-1,-1,-1
84,14526,825.51,177.89,40.82,94.67,1,-1,-1,-1
84,14527,819.27,175.71,41.71,96.60,1,-1,-1,-1
85,14527,825.53,177.73,41.30,95.67,1,-1,-1,-1
85,14528,923.00,153.00,85.00,212.00,1,-1,-1,-1
85,14529,862.00,185.00,50.00,109.00,1,-1,-1,-1
86,14528,923.00,153.00,85.00,212.00,1,-1,-1,-1
86,14529,862.00,185.00,50.00,109.00,1,-1,-1,-1
87,14530,910.00,210.00,59.00,110.00,1,-1,-1,-1
87,14531,1019.00,167.00,101.00,203.00,1,-1,-1,-1
87,14532,375.00,160.00,45.00,79.00,1,-1,-1,-1
88,14530,910.00,210.00,59.00,110.00,1,-1,-1,-1
88,14531,1019.00,167.00,101.00,203.00,1,-1,-1,-1
88,14532,375.00,160.00,45.00,79.00,1,-1,-1,-1
89,14533,978.00,227.00,101.00,128.00,1,-1,-1,-1
90,14533,978.00,227.00,101.00,128.00,1,-1,-1,-1
91,14533,978.00,227.00,101.00,128.00,1,-1,-1,-1
92,14533,978.00,227.00,101.00,128.00,1,-1,-1,-1
93,14533,978.00,227.00,101.00,128.00,1,-1,-1,-1
94,14533,978.00,227.00,101.00,128.00,1,-1,-1,-1
95,14533,978.00,227.00,101.00,128.00,1,-1,-1,-1
96,14533,978.00,227.00,101.00,128.00,1,-1,-1,-1
97,14533,978.00,227.00,101.00,128.00,1,-1,-1,-1
98,14533,978.00,227.00,101.00,128.00,1,-1,-1,-1
99,14533,978.00,227.00,101.00,128.00,1,-1,-1,-1
100,14533,978.00,227.00,101.00,128.00,1,-1,-1,-1
111,14534,1097.00,162.00,48.00,96.00,1,-1,-1,-1
111,14535,956.00,187.00,57.00,73.00,1,-1,-1,-1
112,14534,1110.43,167.14,46.01,91.71,1,-1,-1,-1
122,14536,375.00,152.00,42.00,116.00,1,-1,-1,-1
123,14536,375.00,152.00,42.00,116.00,1,-1,-1,-1
124,14536,375.00,152.00,42.00,116.00,1,-1,-1,-1
125,14536,375.00,152.00,42.00,116.00,1,-1,-1,-1
126,14536,375.00,152.00,42.00,116.00,1,-1,-1,-1
127,14536,375.00,152.00,42.00,116.00,1,-1,-1,-1
128,14536,375.00,152.00,42.00,116.00,1,-1,-1,-1
129,14536,375.00,152.00,42.00,116.00,1,-1,-1,-1
130,14536,375.00,152.00,42.00,116.00,1,-1,-1,-1
131,14536,375.00,152.00,42.00,116.00,1,-1,-1,-1
132,14536,375.00,152.00,42.00,116.00,1,-1,-1,-1
133,14536,375.00,152.00,42.00,116.00,1,-1,-1,-1
133,14537,8.00,188.00,85.00,195.00,1,-1,-1,-1
134,14537,8.00,188.00,85.00,195.00,1,-1,-1,-1
135,14537,8.00,188.00,85.00,195.00,1,-1,-1,-1
136,14537,8.00,188.00,85.00,195.00,1,-1,-1,-1
137,14537,8.00,188.00,85.00,195.00,1,-1,-1,-1
138,14537,8.00,188.00,85.00,195.00,1,-1,-1,-1
139,14537,8.00,188.00,85.00,195.00,1,-1,-1,-1
140,14537,8.00,188.00,85.00,195.00,1,-1,-1,-1
141,14537,8.00,188.00,85.00,195.00,1,-1,-1,-1
142,14537,8.00,188.00,85.00,195.00,1,-1,-1,-1
143,14537,8.00,188.00,85.00,195.00,1,-1,-1,-1
144,14537,8.00,188.00,85.00,195.00,1,-1,-1,-1
265,14538,165.00,156.00,109.00,220.00,1,-1,-1,-1
265,14539,828.00,167.00,37.00,109.00,1,-1,-1,-1
265,14540,861.00,164.00,42.00,125.00,1,-1,-1,-1
265,14541,336.00,195.00,49.00,107.00,1,-1,-1,-1
266,14538,165.00,156.00,109.00,220.00,1,-1,-1,-1
266,14539,828.00,167.00,37.00,109.00,1,-1,-1,-1
266,14540,861.00,164.00,42.00,125.00,1,-1,-1,-1
266,14541,336.00,195.00,49.00,107.00,1,-1,-1,-1
267,14538,165.00,156.00,109.00,220.00,1,-1,-1,-1
267,14539,828.00,167.00,37.00,109.00,1,-1,-1,-1
267,14540,861.00,164.00,42.00,125.00,1,-1,-1,-1
267,14541,336.00,195.00,49.00,107.00,1,-1,-1,-1
268,14538,165.00,156.00,109.00,220.00,1,-1,-1,-1
268,14539,828.00,167.00,37.00,109.00,1,-1,-1,-1
268,14540,861.00,164.00,42.00,125.00,1,-1,-1,-1
268,14541,336.00,195.00,49.00,107.00,1,-1,-1,-1
269,14538,165.00,156.00,109.00,220.00,1,-1,-1,-1
269,14539,828.00,167.00,37.00,109.00,1,-1,-1,-1
269,14540,861.00,164.00,42.00,125.00,1,-1,-1,-1
269,14541,336.00,195.00,49.00,107.00,1,-1,-1,-1
270,14538,165.00,156.00,109.00,220.00,1,-1,-1,-1
270,14539,828.00,167.00,37.00,109.00,1,-1,-1,-1
270,14540,861.00,164.00,42.00,125.00,1,-1,-1,-1
270,14541,336.00,195.00,49.00,107.00,1,-1,-1,-1
271,14538,165.00,156.00,109.00,220.00,1,-1,-1,-1
271,14539,828.00,167.00,37.00,109.00,1,-1,-1,-1
271,14540,861.00,164.00,42.00,125.00,1,-1,-1,-1
271,14541,336.00,195.00,49.00,107.00,1,-1,-1,-1
272,14538,165.00,156.00,109.00,220.00,1,-1,-1,-1
272,14539,828.00,167.00,37.00,109.00,1,-1,-1,-1
272,14540,861.00,164.00,42.00,125.00,1,-1,-1,-1
272,14541,336.00,195.00,49.00,107.00,1,-1,-1,-1
273,14538,165.00,156.00,109.00,220.00,1,-1,-1,-1
273,14539,828.00,167.00,37.00,109.00,1,-1,-1,-1
273,14540,861.00,164.00,42.00,125.00,1,-1,-1,-1
273,14541,336.00,195.00,49.00,107.00,1,-1,-1,-1
274,14538,165.00,156.00,109.00,220.00,1,-1,-1,-1
274,14539,828.00,167.00,37.00,109.00,1,-1,-1,-1
274,14540,861.00,164.00,42.00,125.00,1,-1,-1,-1
274,14541,336.00,195.00,49.00,107.00,1,-1,-1,-1
275,14538,165.00,156.00,109.00,220.00,1,-1,-1,-1
275,14539,828.00,167.00,37.00,109.00,1,-1,-1,-1
275,14540,861.00,164.00,42.00,125.00,1,-1,-1,-1
275,14541,336.00,195.00,49.00,107.00,1,-1,-1,-1
276,14538,165.00,156.00,109.00,220.00,1,-1,-1,-1
276,14539,828.00,167.00,37.00,109.00,1,-1,-1,-1
276,14540,861.00,164.00,42.00,125.00,1,-1,-1,-1
276,14541,336.00,195.00,49.00,107.00,1,-1,-1,-1
276,14542,292.00,208.00,49.00,124.00,1,-1,-1,-1
277,14542,292.00,208.00,49.00,124.00,1,-1,-1,-1
278,14542,292.00,208.00,49.00,124.00,1,-1,-1,-1
279,14542,292.00,208.00,49.00,124.00,1,-1,-1,-1
280,14542,292.00,208.00,49.00,124.00,1,-1,-1,-1
281,14542,292.00,208.00,49.00,124.00,1,-1,-1,-1
282,14542,292.00,208.00,49.00,124.00,1,-1,-1,-1
283,14542,292.00,208.00,49.00,124.00,1,-1,-1,-1
284,14542,292.00,208.00,49.00,124.00,1,-1,-1,-1
285,14542,292.00,208.00,49.00,124.00,1,-1,-1,-1
286,14542,292.00,208.00,49.00,124.00,1,-1,-1,-1
287,14542,292.00,208.00,49.00,124.00,1,-1,-1,-1
287,14543,235.00,188.00,33.00,129.00,1,-1,-1,-1
309,14544,114.00,160.00,98.00,211.00,1,-1,-1,-1
331,14545,376.00,170.00,45.00,144.00,1,-1,-1,-1
332,14545,376.00,170.00,45.00,144.00,1,-1,-1,-1
333,14545,376.00,170.00,45.00,144.00,1,-1,-1,-1
334,14545,376.00,170.00,45.00,144.00,1,-1,-1,-1
335,14545,376.00,170.00,45.00,144.00,1,-1,-1,-1
336,14545,376.00,170.00,45.00,144.00,1,-1,-1,-1
337,14545,376.00,170.00,45.00,144.00,1,-1,-1,-1
338,14545,376.00,170.00,45.00,144.00,1,-1,-1,-1
339,14545,376.00,170.00,45.00,144.00,1,-1,-1,-1
340,14545,376.00,170.00,45.00,144.00,1,-1,-1,-1
