1,3026,387.30,186.43,63.75,138.56,1,-1,-1,-1
1,3081,241.44,194.83,32.05,109.85,1,-1,-1,-1
1,3088,532.24,207.05,43.09,101.79,1,-1,-1,-1
1,3089,196.79,193.66,33.77,111.12,1,-1,-1,-1
22,3092,906.00,164.00,46.00,82.00,1,-1,-1,-1
23,3092,906.00,164.00,46.00,82.00,1,-1,-1,-1
24,3092,906.00,164.00,46.00,82.00,1,-1,-1,-1
25,3092,906.00,164.00,46.00,82.00,1,-1,-1,-1
25,3093,994.00,170.00,52.00,104.00,1,-1,-1,-1
25,3094,944.00,168.00,58.00,106.00,1,-1,-1,-1
26,3093,994.00,170.00,52.00,104.00,1,-1,-1,-1
26,3094,944.00,168.00,58.00,106.00,1,-1,-1,-1
27,3093,994.00,170.00,52.00,104.00,1,-1,-1,-1
27,3094,944.00,168.00,58.00,106.00,1,-1,-1,-1
28,3093,994.00,170.00,52.00,104.00,1,-1,-1,-1
28,3094,944.00,168.00,58.00,106.00,1,-1,-1,-1
28,3095,1036.00,142.00,98.00,148.00,1,-1,-1,-1
29,3095,1036.00,142.00,98.00,148.00,1,-1,-1,-1
30,3095,1036.00,142.00,98.00,148.00,1,-1,-1,-1
31,3095,1036.00,142.00,98.00,148.00,1,-1,-1,-1
46,3096,236.00,164.00,48.00,96.00,1,-1,-1,-1
47,3096,236.00,164.00,48.00,96.00,1,-1,-1,-1
48,3096,236.00,164.00,48.00,96.00,1,-1,-1,-1
49,3096,236.00,164.00,48.00,96.00,1,-1,-1,-1
49,3097,156.00,168.00,52.00,106.00,1,-1,-1,-1
49,3098,44.00,150.00,48.00,96.00,1,-1,-1,-1
50,3097,156.00,168.00,52.00,106.00,1,-1,-1,-1
50,3098,44.00,150.00,48.00,96.00,1,-1,-1,-1
51,3097,156.00,168.00,52.00,106.00,1,-1,-1,-1
51,3098,44.00,150.00,48.00,96.00,1,-1,-1,-1
52,3097,156.00,168.00,52.00,106.00,1,-1,-1,-1
52,3098,44.00,150.00,48.00,96.00,1,-1,-1,-1
67,3098,47.76,211.69,50.42,97.99,1,-1,-1,-1
68,3097,-0.52,209.81,54.44,111.97,1,-1,-1,-1
68,3098,48.02,215.27,50.48,98.11,1,-1,-1,-1
68,3099,810.00,162.00,52.00,92.00,1,-1,-1,-1
69,3097,-9.16,212.12,54.60,112.30,1,-1,-1,-1
73,3100,906.00,168.00,50.00,108.00,1,-1,-1,-1
73,3101,992.00,156.00,36.00,110.00,1,-1,-1,-1
74,3100,906.00,168.00,50.00,108.00,1,-1,-1,-1
74,3101,992.00,156.00,36.00,110.00,1,-1,-1,-1
75,3100,906.00,168.00,50.00,108.00,1,-1,-1,-1
75,3101,992.00,156.00,36.00,110.00,1,-1,-1,-1
76,3100,906.00,168.00,50.00,108.00,1,-1,-1,-1
76,3101,992.00,156.00,36.00,110.00,1,-1,-1,-1
76,3102,990.00,154.00,90.00,172.00,1,-1,-1,-1
76,3103,190.00,164.00,48.00,92.00,1,-1,-1,-1
76,3104,774.00,150.00,44.00,106.00,1,-1,-1,-1
77,3102,990.00,154.00,90.00,172.00,1,-1,-1,-1
77,3103,190.00,164.00,48.00,92.00,1,-1,-1,-1
77,3104,774.00,150.00,44.00,106.00,1,-1,-1,-1
78,3096,190.82,164.00,46.50,92.01,1,-1,-1,-1
78,3102,990.00,154.00,90.00,172.00,1,-1,-1,-1
78,3104,774.00,150.00,44.00,106.00,1,-1,-1,-1
79,3096,189.31,164.00,46.43,91.87,1,-1,-1,-1
79,3102,990.00,154.00,90.00,172.00,1,-1,-1,-1
79,3104,774.00,150.00,44.00,106.00,1,-1,-1,-1
79,3105,806.00,168.00,46.00,104.00,1,-1,-1,-1
79,3106,1144.00,136.00,80.00,238.00,1,-1,-1,-1
79,3107,1170.00,162.00,72.00,186.00,1,-1,-1,-1
80,3105,806.00,168.00,46.00,104.00,1,-1,-1,-1
80,3106,1144.00,136.00,80.00,238.00,1,-1,-1,-1
80,3107,1170.00,162.00,72.00,186.00,1,-1,-1,-1
81,3108,190.00,174.00,54.00,96.00,1,-1,-1,-1
82,3109,814.00,170.00,44.00,98.00,1,-1,-1,-1
83,3109,818.68,175.14,43.21,96.29,1,-1,-1,-1
84,3101,903.42,156.00,61.43,178.97,1,-1,-1,-1
84,3110,856.00,166.00,42.00,118.00,1,-1,-1,-1
85,3100,915.62,152.20,95.96,210.73,1,-1,-1,-1
85,3101,895.26,156.00,63.63,185.39,1,-1,-1,-1
85,3110,865.98,181.43,39.18,109.43,1,-1,-1,-1
86,3100,937.32,160.32,91.96,197.69,1,-1,-1,-1
86,3110,879.74,193.29,40.84,114.19,1,-1,-1,-1
86,3111,896.00,192.00,54.00,110.00,1,-1,-1,-1
87,3100,939.02,159.38,95.61,205.54,1,-1,-1,-1
87,3110,885.66,199.13,41.11,114.94,1,-1,-1,-1
87,3111,908.80,207.43,54.12,110.00,1,-1,-1,-1
87,3112,374.00,160.00,44.00,76.00,1,-1,-1,-1
87,3113,1020.00,166.00,100.00,204.00,1,-1,-1,-1
88,3114,342.00,168.00,52.00,76.00,1,-1,-1,-1
88,3115,946.00,214.00,52.00,120.00,1,-1,-1,-1
89,3114,342.00,168.00,52.00,76.00,1,-1,-1,-1
89,3115,946.00,214.00,52.00,120.00,1,-1,-1,-1
90,3116,1024.00,228.00,96.00,142.00,1,-1,-1,-1
94,3117,724.00,156.00,54.00,74.00,1,-1,-1,-1
94,3118,238.00,170.00,52.00,98.00,1,-1,-1,-1
95,3096,134.74,195.61,59.10,119.63,1,-1,-1,-1
95,3117,723.80,154.29,57.82,79.14,1,-1,-1,-1
96,3096,131.65,197.23,59.78,121.03,1,-1,-1,-1
96,3117,722.73,151.08,63.45,87.30,1,-1,-1,-1
96,3119,188.00,170.00,50.00,102.00,1,-1,-1,-1
97,3117,722.33,149.86,65.77,90.49,1,-1,-1,-1
103,3120,1100.00,168.00,48.00,86.00,1,-1,-1,-1
104,3121,1128.00,164.00,54.00,98.00,1,-1,-1,-1
105,3121,1144.94,172.57,49.27,89.43,1,-1,-1,-1
106,3122,1182.00,156.00,48.00,120.00,1,-1,-1,-1
106,3123,1010.00,164.00,44.00,80.00,1,-1,-1,-1
106,3124,900.00,186.00,62.00,56.00,1,-1,-1,-1
109,3125,1060.00,176.00,46.00,84.00,1,-1,-1,-1
109,3126,940.00,190.00,70.00,66.00,1,-1,-1,-1
110,3127,1092.00,148.00,40.00,106.00,1,-1,-1,-1
111,3127,1100.04,158.29,37.63,99.14,1,-1,-1,-1
111,3128,956.00,186.00,56.00,72.00,1,-1,-1,-1
112,3127,1112.83,164.63,35.94,93.37,1,-1,-1,-1
113,3127,1118.29,167.96,34.88,90.61,1,-1,-1,-1
113,3129,1142.00,164.00,54.00,100.00,1,-1,-1,-1
115,3130,1190.00,158.00,46.00,118.00,1,-1,-1,-1
118,3131,420.00,150.00,36.00,100.00,1,-1,-1,-1
119,3131,420.00,150.00,36.00,100.00,1,-1,-1,-1
120,3131,420.00,150.00,36.00,100.00,1,-1,-1,-1
121,3131,420.00,150.00,36.00,100.00,1,-1,-1,-1
121,3132,386.00,154.00,44.00,108.00,1,-1,-1,-1
122,3131,392.77,153.45,38.72,106.90,1,-1,-1,-1
123,3131,373.57,154.08,41.00,113.77,1,-1,-1,-1
124,3131,364.55,154.88,41.96,116.45,1,-1,-1,-1
124,3133,344.00,162.00,40.00,136.00,1,-1,-1,-1
125,3131,343.23,160.64,47.10,132.38,1,-1,-1,-1
126,3131,332.50,162.11,48.70,136.87,1,-1,-1,-1
126,3134,300.00,166.00,44.00,142.00,1,-1,-1,-1
127,3131,291.39,165.41,50.59,143.36,1,-1,-1,-1
128,3131,259.97,163.77,55.43,161.02,1,-1,-1,-1
129,3131,231.83,175.53,55.50,158.92,1,-1,-1,-1
130,3131,200.63,185.52,57.65,161.51,1,-1,-1,-1
131,3131,157.76,185.55,63.60,177.61,1,-1,-1,-1
132,3131,138.56,188.07,65.69,183.46,1,-1,-1,-1
132,3135,234.00,160.00,52.00,92.00,1,-1,-1,-1
132,3136,80.00,180.00,82.00,186.00,1,-1,-1,-1
133,3137,8.00,186.00,84.00,196.00,1,-1,-1,-1
134,3137,8.00,186.00,84.00,196.00,1,-1,-1,-1
135,3137,8.00,186.00,84.00,196.00,1,-1,-1,-1
136,3137,8.00,186.00,84.00,196.00,1,-1,-1,-1
169,3138,1040.00,176.00,58.00,90.00,1,-1,-1,-1
170,3138,1040.00,176.00,58.00,90.00,1,-1,-1,-1
171,3138,1040.00,176.00,58.00,90.00,1,-1,-1,-1
172,3138,1040.00,176.00,58.00,90.00,1,-1,-1,-1
226,3139,844.00,202.00,44.00,104.00,1,-1,-1,-1
227,3139,844.00,202.00,44.00,104.00,1,-1,-1,-1
228,3139,844.00,202.00,44.00,104.00,1,-1,-1,-1
229,3139,844.00,202.00,44.00,104.00,1,-1,-1,-1
229,3140,788.00,196.00,40.00,112.00,1,-1,-1,-1
230,3140,788.00,196.00,40.00,112.00,1,-1,-1,-1
231,3140,788.00,196.00,40.00,112.00,1,-1,-1,-1
232,3140,788.00,196.00,40.00,112.00,1,-1,-1,-1
256,3141,388.00,162.00,42.00,108.00,1,-1,-1,-1
256,3142,280.00,160.00,60.00,166.00,1,-1,-1,-1
257,3141,388.00,162.00,42.00,108.00,1,-1,-1,-1
257,3142,280.00,160.00,60.00,166.00,1,-1,-1,-1
258,3140,390.03,162.06,39.36,108.01,1,-1,-1,-1
258,3142,280.00,160.00,60.00,166.00,1,-1,-1,-1
259,3140,373.83,175.59,40.94,116.33,1,-1,-1,-1
259,3142,280.00,160.00,60.00,166.00,1,-1,-1,-1
259,3143,196.00,162.00,70.00,196.00,1,-1,-1,-1
259,3144,348.00,178.00,38.00,132.00,1,-1,-1,-1
260,3140,368.45,179.69,40.80,118.88,1,-1,-1,-1
260,3142,334.68,175.52,48.94,136.68,1,-1,-1,-1
260,3143,196.00,162.00,70.00,196.00,1,-1,-1,-1
261,3140,354.44,180.01,41.04,119.60,1,-1,-1,-1
261,3142,328.96,175.11,50.93,144.13,1,-1,-1,-1
261,3145,94.00,134.00,78.00,250.00,1,-1,-1,-1
262,3142,337.54,177.87,49.64,140.48,1,-1,-1,-1
262,3146,14.00,150.00,94.00,218.00,1,-1,-1,-1
262,3147,288.00,176.00,46.00,150.00,1,-1,-1,-1
262,3148,388.00,174.00,44.00,96.00,1,-1,-1,-1
262,3149,802.00,158.00,42.00,112.00,1,-1,-1,-1
263,3146,14.00,150.00,94.00,218.00,1,-1,-1,-1
263,3147,288.00,176.00,46.00,150.00,1,-1,-1,-1
263,3148,388.00,174.00,44.00,96.00,1,-1,-1,-1
263,3149,802.00,158.00,42.00,112.00,1,-1,-1,-1
264,3140,289.18,176.64,49.32,146.41,1,-1,-1,-1
264,3146,14.00,150.00,94.00,218.00,1,-1,-1,-1
264,3148,388.00,174.00,44.00,96.00,1,-1,-1,-1
264,3149,802.00,158.00,42.00,112.00,1,-1,-1,-1
265,3140,273.23,176.60,50.25,149.17,1,-1,-1,-1
265,3146,14.00,150.00,94.00,218.00,1,-1,-1,-1
265,3148,388.00,174.00,44.00,96.00,1,-1,-1,-1
265,3149,819.71,165.42,40.72,109.03,1,-1,-1,-1
265,3150,860.00,162.00,42.00,126.00,1,-1,-1,-1
265,3151,164.00,154.00,108.00,222.00,1,-1,-1,-1
265,3152,336.00,192.00,48.00,108.00,1,-1,-1,-1
266,3149,845.60,163.51,43.00,115.38,1,-1,-1,-1
266,3152,328.40,195.43,49.49,111.43,1,-1,-1,-1
267,3149,856.21,164.69,43.35,116.34,1,-1,-1,-1
267,3152,317.27,197.48,54.65,123.85,1,-1,-1,-1
267,3153,946.00,176.00,48.00,132.00,1,-1,-1,-1
267,3154,46.00,162.00,120.00,188.00,1,-1,-1,-1
267,3155,896.00,182.00,54.00,124.00,1,-1,-1,-1
268,3152,312.70,198.54,56.62,128.32,1,-1,-1,-1
268,3156,284.00,170.00,58.00,194.00,1,-1,-1,-1
269,3156,284.00,170.00,58.00,194.00,1,-1,-1,-1
270,3156,284.00,170.00,58.00,194.00,1,-1,-1,-1
271,3156,284.00,170.00,58.00,194.00,1,-1,-1,-1
271,3157,1126.00,156.00,94.00,200.00,1,-1,-1,-1
271,3158,1042.00,152.00,72.00,214.00,1,-1,-1,-1
272,3157,1126.00,156.00,94.00,200.00,1,-1,-1,-1
272,3158,1042.00,152.00,72.00,214.00,1,-1,-1,-1
273,3157,1126.00,156.00,94.00,200.00,1,-1,-1,-1
273,3158,1042.00,152.00,72.00,214.00,1,-1,-1,-1
274,3157,1126.00,156.00,94.00,200.00,1,-1,-1,-1
274,3158,1042.00,152.00,72.00,214.00,1,-1,-1,-1
277,3142,279.73,166.18,63.67,183.68,1,-1,-1,-1
278,3142,268.02,169.30,64.83,191.41,1,-1,-1,-1
279,3142,248.16,166.00,67.99,203.66,1,-1,-1,-1
280,3142,223.20,169.60,67.37,199.95,1,-1,-1,-1
281,3142,187.86,169.82,69.34,202.12,1,-1,-1,-1
282,3142,181.99,169.75,70.15,204.47,1,-1,-1,-1
286,3159,380.00,154.00,32.00,124.00,1,-1,-1,-1
287,3160,234.00,186.00,32.00,130.00,1,-1,-1,-1
292,3161,720.00,162.00,44.00,104.00,1,-1,-1,-1
293,3142,263.90,168.04,60.28,178.27,1,-1,-1,-1
294,3142,240.29,166.49,64.96,189.92,1,-1,-1,-1
294,3156,192.02,164.01,58.38,192.00,1,-1,-1,-1
295,3142,239.86,166.25,65.19,190.60,1,-1,-1,-1
295,3156,155.94,161.16,62.98,201.65,1,-1,-1,-1
295,3162,182.00,164.00,78.00,208.00,1,-1,-1,-1
296,3152,68.05,160.47,89.68,204.34,1,-1,-1,-1
296,3156,140.95,165.43,68.70,203.41,1,-1,-1,-1
297,3152,59.33,159.12,90.87,207.07,1,-1,-1,-1
297,3156,134.17,165.41,68.96,204.18,1,-1,-1,-1
301,3157,898.94,169.98,86.89,192.01,1,-1,-1,-1
302,3157,897.28,170.14,84.70,191.92,1,-1,-1,-1
303,3157,896.98,170.21,83.18,191.88,1,-1,-1,-1
304,3142,331.67,181.36,44.39,134.32,1,-1,-1,-1
304,3157,889.93,170.64,83.07,191.64,1,-1,-1,-1
305,3142,337.47,182.25,43.26,130.89,1,-1,-1,-1
305,3163,298.00,202.00,40.00,132.00,1,-1,-1,-1
306,3142,303.11,199.36,42.73,131.36,1,-1,-1,-1
307,3142,304.29,202.11,41.76,128.38,1,-1,-1,-1
307,3164,218.00,174.00,90.00,176.00,1,-1,-1,-1
307,3165,396.00,140.00,34.00,152.00,1,-1,-1,-1
308,3164,218.00,174.00,90.00,176.00,1,-1,-1,-1
308,3165,396.00,140.00,34.00,152.00,1,-1,-1,-1
309,3156,225.25,173.78,66.69,176.95,1,-1,-1,-1
309,3165,396.00,140.00,34.00,152.00,1,-1,-1,-1
310,3156,228.45,174.25,66.20,175.66,1,-1,-1,-1
310,3165,396.00,140.00,34.00,152.00,1,-1,-1,-1
313,3166,18.00,124.00,174.00,256.00,1,-1,-1,-1
319,3165,489.10,171.61,21.65,84.83,1,-1,-1,-1
320,3165,497.28,174.32,20.18,79.08,1,-1,-1,-1
322,3156,441.37,154.43,39.76,104.92,1,-1,-1,-1
323,3156,444.53,163.59,37.90,96.83,1,-1,-1,-1
324,3156,442.31,165.38,39.21,99.23,1,-1,-1,-1
325,3156,438.62,164.55,41.19,105.60,1,-1,-1,-1
326,3156,434.29,166.93,42.10,109.29,1,-1,-1,-1
327,3156,432.19,171.82,41.43,105.43,1,-1,-1,-1
328,3156,436.77,172.95,40.88,104.04,1,-1,-1,-1
331,3167,376.00,170.00,44.00,144.00,1,-1,-1,-1
332,3157,371.99,172.04,56.71,142.17,1,-1,-1,-1
332,3168,758.00,162.00,48.00,100.00,1,-1,-1,-1
332,3169,342.00,178.00,42.00,136.00,1,-1,-1,-1
333,3157,365.45,175.05,52.47,140.10,1,-1,-1,-1
333,3169,334.23,184.86,42.12,136.00,1,-1,-1,-1
334,3157,330.03,182.68,52.01,144.97,1,-1,-1,-1
334,3170,304.00,188.00,40.00,138.00,1,-1,-1,-1
335,3157,315.68,182.68,57.74,160.12,1,-1,-1,-1
335,3170,291.45,188.00,46.25,158.57,1,-1,-1,-1
335,3171,778.00,118.00,86.00,166.00,1,-1,-1,-1
336,3157,284.93,182.67,63.62,173.45,1,-1,-1,-1
336,3172,760.00,142.00,46.00,130.00,1,-1,-1,-1
337,3157,268.49,177.52,69.38,190.15,1,-1,-1,-1
337,3173,796.00,112.00,82.00,180.00,1,-1,-1,-1
338,3157,236.74,179.22,70.39,189.17,1,-1,-1,-1
339,3157,224.50,179.91,71.26,188.51,1,-1,-1,-1
340,3157,203.98,180.43,72.58,192.01,1,-1,-1,-1
340,3174,808.00,128.00,78.00,172.00,1,-1,-1,-1
