1,28267,376.00,170.00,45.00,144.00,1,-1,-1,-1
1,28268,392.00,155.00,110.00,191.00,1,-1,-1,-1
2,28268,392.00,155.00,110.00,191.00,1,-1,-1,-1
3,28268,392.00,155.00,110.00,191.00,1,-1,-1,-1
4,28268,392.00,155.00,110.00,191.00,1,-1,-1,-1
5,28268,392.00,155.00,110.00,191.00,1,-1,-1,-1
6,28268,392.00,155.00,110.00,191.00,1,-1,-1,-1
7,28268,392.00,155.00,110.00,191.00,1,-1,-1,-1
8,28268,392.00,155.00,110.00,191.00,1,-1,-1,-1
9,28268,392.00,155.00,110.00,191.00,1,-1,-1,-1
10,28268,392.00,155.00,110.00,191.00,1,-1,-1,-1
11,28268,392.00,155.00,110.00,191.00,1,-1,-1,-1
12,28268,392.00,155.00,110.00,191.00,1,-1,-1,-1
12,28269,546.00,143.00,106.00,224.00,1,-1,-1,-1
13,28269,546.00,143.00,106.00,224.00,1,-1,-1,-1
14,28269,546.00,143.00,106.00,224.00,1,-1,-1,-1
15,28269,546.00,143.00,106.00,224.00,1,-1,-1,-1
16,28269,546.00,143.00,106.00,224.00,1,-1,-1,-1
17,28269,546.00,143.00,106.00,224.00,1,-1,-1,-1
18,28269,546.00,143.00,106.00,224.00,1,-1,-1,-1
19,28269,546.00,143.00,106.00,224.00,1,-1,-1,-1
20,28269,546.00,143.00,106.00,224.00,1,-1,-1,-1
21,28269,546.00,143.00,106.00,224.00,1,-1,-1,-1
22,28269,546.00,143.00,106.00,224.00,1,-1,-1,-1
23,28269,546.00,143.00,106.00,224.00,1,-1,-1,-1
23,28270,1009.00,167.00,104.00,202.00,1,-1,-1,-1
23,28271,523.00,134.00,41.00,78.00,1,-1,-1,-1
23,28272,700.00,165.00,85.00,201.00,1,-1,-1,-1
23,28273,725.00,153.00,100.00,210.00,1,-1,-1,-1
24,28267,528.37,134.22,28.49,78.40,1,-1,-1,-1
24,28270,1009.00,167.00,104.00,202.00,1,-1,-1,-1
24,28272,700.00,165.00,85.00,201.00,1,-1,-1,-1
24,28273,725.00,153.00,100.00,210.00,1,-1,-1,-1
25,28267,528.91,133.81,30.72,77.65,1,-1,-1,-1
25,28270,1009.00,167.00,104.00,202.00,1,-1,-1,-1
25,28272,700.00,165.00,85.00,201.00,1,-1,-1,-1
25,28273,725.00,153.00,100.00,210.00,1,-1,-1,-1
26,28267,529.10,133.57,32.29,77.21,1,-1,-1,-1
26,28270,1009.00,167.00,104.00,202.00,1,-1,-1,-1
26,28272,700.00,165.00,85.00,201.00,1,-1,-1,-1
26,28273,725.00,153.00,100.00,210.00,1,-1,-1,-1
27,28267,528.54,133.55,33.55,77.17,1,-1,-1,-1
27,28270,1009.00,167.00,104.00,202.00,1,-1,-1,-1
27,28272,700.00,165.00,85.00,201.00,1,-1,-1,-1
27,28273,725.00,153.00,100.00,210.00,1,-1,-1,-1
28,28267,527.82,133.60,34.59,77.27,1,-1,-1,-1
28,28270,1009.00,167.00,104.00,202.00,1,-1,-1,-1
28,28272,700.00,165.00,85.00,201.00,1,-1,-1,-1
28,28273,725.00,153.00,100.00,210.00,1,-1,-1,-1
29,28267,527.17,133.66,35.43,77.37,1,-1,-1,-1
29,28270,1009.00,167.00,104.00,202.00,1,-1,-1,-1
29,28272,700.00,165.00,85.00,201.00,1,-1,-1,-1
29,28273,725.00,153.00,100.00,210.00,1,-1,-1,-1
30,28267,526.62,133.71,36.12,77.46,1,-1,-1,-1
30,28270,1009.00,167.00,104.00,202.00,1,-1,-1,-1
30,28272,700.00,165.00,85.00,201.00,1,-1,-1,-1
30,28273,725.00,153.00,100.00,210.00,1,-1,-1,-1
31,28267,526.17,133.75,36.70,77.54,1,-1,-1,-1
31,28270,1009.00,167.00,104.00,202.00,1,-1,-1,-1
31,28272,700.00,165.00,85.00,201.00,1,-1,-1,-1
31,28273,725.00,153.00,100.00,210.00,1,-1,-1,-1
32,28267,525.79,133.78,37.19,77.60,1,-1,-1,-1
32,28270,1009.00,167.00,104.00,202.00,1,-1,-1,-1
32,28272,700.00,165.00,85.00,201.00,1,-1,-1,-1
32,28273,725.00,153.00,100.00,210.00,1,-1,-1,-1
33,28267,525.47,133.81,37.61,77.65,1,-1,-1,-1
33,28270,1009.00,167.00,104.00,202.00,1,-1,-1,-1
33,28272,700.00,165.00,85.00,201.00,1,-1,-1,-1
33,28273,725.00,153.00,100.00,210.00,1,-1,-1,-1
34,28267,526.86,133.50,37.33,77.08,1,-1,-1,-1
34,28268,412.04,155.99,100.71,194.97,1,-1,-1,-1
34,28269,525.87,148.86,93.54,207.40,1,-1,-1,-1
34,28270,1009.00,167.00,104.00,202.00,1,-1,-1,-1
34,28272,700.00,165.00,85.00,201.00,1,-1,-1,-1
34,28273,725.49,164.96,92.37,198.04,1,-1,-1,-1
34,28274,881.00,146.00,167.00,217.00,1,-1,-1,-1
35,28268,416.01,156.01,93.32,195.04,1,-1,-1,-1
35,28269,526.81,149.06,89.81,206.82,1,-1,-1,-1
35,28273,726.19,169.50,88.46,193.50,1,-1,-1,-1
35,28274,881.00,146.00,167.00,217.00,1,-1,-1,-1
36,28268,418.70,156.02,88.14,195.07,1,-1,-1,-1
36,28269,527.88,149.14,87.00,206.61,1,-1,-1,-1
36,28273,726.94,171.09,86.06,191.91,1,-1,-1,-1
36,28274,881.00,146.00,167.00,217.00,1,-1,-1,-1
37,28268,420.65,156.02,84.29,195.07,1,-1,-1,-1
37,28269,528.91,149.16,84.78,206.56,1,-1,-1,-1
37,28273,727.70,171.61,84.27,191.39,1,-1,-1,-1
37,28274,881.00,146.00,167.00,217.00,1,-1,-1,-1
38,28268,422.13,156.02,81.30,195.07,1,-1,-1,-1
38,28269,529.83,149.15,82.98,206.57,1,-1,-1,-1
38,28273,728.41,171.74,82.76,191.26,1,-1,-1,-1
38,28274,881.00,146.00,167.00,217.00,1,-1,-1,-1
39,28268,423.30,156.02,78.90,195.07,1,-1,-1,-1
39,28269,530.64,149.14,81.47,206.60,1,-1,-1,-1
39,28273,729.09,171.73,81.42,191.27,1,-1,-1,-1
39,28274,881.00,146.00,167.00,217.00,1,-1,-1,-1
40,28268,424.26,156.01,76.94,195.06,1,-1,-1,-1
40,28269,531.34,149.13,80.18,206.64,1,-1,-1,-1
40,28273,729.71,171.68,80.21,191.32,1,-1,-1,-1
40,28274,881.00,146.00,167.00,217.00,1,-1,-1,-1
41,28268,425.06,156.01,75.30,195.05,1,-1,-1,-1
41,28269,531.95,149.11,79.07,206.67,1,-1,-1,-1
41,28273,730.28,171.62,79.10,191.38,1,-1,-1,-1
41,28274,881.00,146.00,167.00,217.00,1,-1,-1,-1
42,28268,425.74,156.01,73.90,195.05,1,-1,-1,-1
42,28269,532.48,149.10,78.11,206.71,1,-1,-1,-1
42,28273,730.80,171.56,78.08,191.44,1,-1,-1,-1
42,28274,881.00,146.00,167.00,217.00,1,-1,-1,-1
43,28268,426.32,156.01,72.71,195.04,1,-1,-1,-1
43,28269,532.95,149.09,77.27,206.74,1,-1,-1,-1
43,28273,731.28,171.50,77.16,191.50,1,-1,-1,-1
43,28274,881.00,146.00,167.00,217.00,1,-1,-1,-1
44,28268,426.82,156.01,71.67,195.04,1,-1,-1,-1
44,28269,533.36,149.08,76.52,206.76,1,-1,-1,-1
44,28273,731.72,171.45,76.31,191.55,1,-1,-1,-1
44,28274,881.00,146.00,167.00,217.00,1,-1,-1,-1
45,28268,427.06,156.03,71.69,195.10,1,-1,-1,-1
45,28269,521.00,157.59,73.16,191.73,1,-1,-1,-1
45,28272,679.59,145.48,98.49,224.43,1,-1,-1,-1
45,28273,731.66,172.19,76.02,190.81,1,-1,-1,-1
45,28274,881.00,146.00,167.00,217.00,1,-1,-1,-1
46,28269,515.77,160.86,72.85,185.95,1,-1,-1,-1
46,28272,677.53,144.75,101.59,225.29,1,-1,-1,-1
47,28269,513.46,162.00,73.74,183.93,1,-1,-1,-1
47,28272,676.22,144.50,103.86,225.60,1,-1,-1,-1
48,28269,512.24,162.39,74.96,183.26,1,-1,-1,-1
48,28272,675.30,144.44,105.62,225.67,1,-1,-1,-1
49,28269,511.45,162.49,76.22,183.08,1,-1,-1,-1
49,28272,674.59,144.45,107.04,225.66,1,-1,-1,-1
50,28269,510.85,162.49,77.42,183.08,1,-1,-1,-1
50,28272,674.03,144.48,108.21,225.62,1,-1,-1,-1
51,28269,510.36,162.46,78.53,183.14,1,-1,-1,-1
51,28272,673.56,144.52,109.21,225.57,1,-1,-1,-1
52,28269,509.94,162.42,79.53,183.21,1,-1,-1,-1
52,28272,673.16,144.56,110.07,225.52,1,-1,-1,-1
53,28269,509.56,162.38,80.44,183.29,1,-1,-1,-1
53,28272,672.82,144.60,110.81,225.48,1,-1,-1,-1
54,28269,509.22,162.35,81.26,183.36,1,-1,-1,-1
54,28272,672.52,144.64,111.46,225.43,1,-1,-1,-1
55,28269,508.91,162.31,82.00,183.42,1,-1,-1,-1
55,28272,672.26,144.67,112.03,225.39,1,-1,-1,-1
56,28269,508.17,162.82,81.58,182.48,1,-1,-1,-1
56,28270,894.60,141.18,131.20,234.77,1,-1,-1,-1
56,28272,671.74,144.15,112.34,226.02,1,-1,-1,-1
56,28273,792.62,141.98,95.03,229.80,1,-1,-1,-1
57,28270,889.18,140.69,138.19,235.40,1,-1,-1,-1
57,28273,793.71,140.79,98.24,231.32,1,-1,-1,-1
58,28270,886.14,140.52,142.96,235.61,1,-1,-1,-1
58,28273,793.53,140.38,100.46,231.85,1,-1,-1,-1
59,28270,884.28,140.49,146.43,235.65,1,-1,-1,-1
59,28273,792.95,140.26,102.11,232.00,1,-1,-1,-1
60,28270,883.02,140.50,149.09,235.63,1,-1,-1,-1
60,28273,792.28,140.25,103.40,232.00,1,-1,-1,-1
61,28270,882.10,140.54,151.20,235.59,1,-1,-1,-1
61,28273,791.65,140.29,104.46,231.95,1,-1,-1,-1
62,28270,881.39,140.58,152.93,235.54,1,-1,-1,-1
62,28273,791.07,140.34,105.34,231.88,1,-1,-1,-1
63,28270,880.82,140.61,154.36,235.49,1,-1,-1,-1
63,28273,790.56,140.39,106.09,231.81,1,-1,-1,-1
64,28270,880.35,140.65,155.58,235.44,1,-1,-1,-1
64,28273,790.10,140.44,106.74,231.74,1,-1,-1,-1
65,28270,879.95,140.68,156.62,235.40,1,-1,-1,-1
65,28273,789.69,140.49,107.30,231.68,1,-1,-1,-1
66,28270,879.62,140.71,157.52,235.36,1,-1,-1,-1
66,28273,789.32,140.54,107.79,231.61,1,-1,-1,-1
67,28270,877.63,140.25,157.91,235.95,1,-1,-1,-1
67,28273,791.03,139.80,108.25,232.60,1,-1,-1,-1
67,28275,624.00,148.00,48.00,95.00,1,-1,-1,-1
68,28275,624.00,148.00,48.00,95.00,1,-1,-1,-1
69,28275,624.00,148.00,48.00,95.00,1,-1,-1,-1
70,28275,624.00,148.00,48.00,95.00,1,-1,-1,-1
71,28275,624.00,148.00,48.00,95.00,1,-1,-1,-1
72,28275,624.00,148.00,48.00,95.00,1,-1,-1,-1
73,28275,624.00,148.00,48.00,95.00,1,-1,-1,-1
74,28275,624.00,148.00,48.00,95.00,1,-1,-1,-1
75,28275,624.00,148.00,48.00,95.00,1,-1,-1,-1
76,28275,624.00,148.00,48.00,95.00,1,-1,-1,-1
77,28275,624.00,148.00,48.00,95.00,1,-1,-1,-1
78,28273,690.98,153.32,55.40,121.85,1,-1,-1,-1
78,28275,624.00,148.00,48.00,95.00,1,-1,-1,-1
79,28273,687.44,153.98,52.61,117.71,1,-1,-1,-1
80,28273,686.55,154.13,51.32,116.36,1,-1,-1,-1
81,28273,686.62,154.17,50.69,116.15,1,-1,-1,-1
82,28273,686.97,154.15,50.32,116.31,1,-1,-1,-1
83,28273,687.35,154.14,50.06,116.53,1,-1,-1,-1
84,28273,687.69,154.12,49.84,116.74,1,-1,-1,-1
85,28273,687.97,154.10,49.65,116.91,1,-1,-1,-1
86,28273,688.21,154.09,49.48,117.05,1,-1,-1,-1
87,28273,688.42,154.08,49.34,117.17,1,-1,-1,-1
88,28273,688.59,154.07,49.20,117.27,1,-1,-1,-1
89,28273,687.53,154.18,48.70,116.08,1,-1,-1,-1
100,28273,647.71,140.31,48.62,115.74,1,-1,-1,-1
100,28276,613.00,121.00,51.00,143.00,1,-1,-1,-1
100,28277,738.00,139.00,37.00,121.00,1,-1,-1,-1
100,28278,911.00,146.00,68.00,206.00,1,-1,-1,-1
101,28273,646.37,139.83,48.68,115.78,1,-1,-1,-1
101,28275,605.06,121.17,66.99,142.70,1,-1,-1,-1
101,28277,738.00,139.00,37.00,121.00,1,-1,-1,-1
101,28278,911.00,146.00,68.00,206.00,1,-1,-1,-1
102,28273,645.91,139.66,48.72,115.80,1,-1,-1,-1
102,28275,606.27,120.63,64.20,143.66,1,-1,-1,-1
102,28277,738.00,139.00,37.00,121.00,1,-1,-1,-1
102,28278,911.00,146.00,68.00,206.00,1,-1,-1,-1
103,28273,645.80,139.62,48.75,115.81,1,-1,-1,-1
103,28275,607.28,120.47,62.07,143.95,1,-1,-1,-1
103,28277,738.00,139.00,37.00,121.00,1,-1,-1,-1
103,28278,911.00,146.00,68.00,206.00,1,-1,-1,-1
104,28273,645.83,139.63,48.78,115.83,1,-1,-1,-1
104,28275,608.09,120.43,60.43,144.01,1,-1,-1,-1
104,28277,738.00,139.00,37.00,121.00,1,-1,-1,-1
104,28278,911.00,146.00,68.00,206.00,1,-1,-1,-1
105,28273,645.91,139.66,48.81,115.85,1,-1,-1,-1
105,28275,608.74,120.45,59.13,143.98,1,-1,-1,-1
105,28277,738.00,139.00,37.00,121.00,1,-1,-1,-1
105,28278,911.00,146.00,68.00,206.00,1,-1,-1,-1
106,28273,646.00,139.69,48.83,115.86,1,-1,-1,-1
106,28275,609.28,120.48,58.08,143.93,1,-1,-1,-1
106,28277,738.00,139.00,37.00,121.00,1,-1,-1,-1
106,28278,911.00,146.00,68.00,206.00,1,-1,-1,-1
107,28273,646.09,139.71,48.84,115.87,1,-1,-1,-1
107,28275,609.72,120.52,57.22,143.86,1,-1,-1,-1
107,28277,738.00,139.00,37.00,121.00,1,-1,-1,-1
107,28278,911.00,146.00,68.00,206.00,1,-1,-1,-1
108,28273,646.18,139.74,48.86,115.88,1,-1,-1,-1
108,28275,610.10,120.55,56.49,143.79,1,-1,-1,-1
108,28277,738.00,139.00,37.00,121.00,1,-1,-1,-1
108,28278,911.00,146.00,68.00,206.00,1,-1,-1,-1
109,28273,646.25,139.77,48.87,115.90,1,-1,-1,-1
109,28275,610.42,120.59,55.87,143.73,1,-1,-1,-1
109,28277,738.00,139.00,37.00,121.00,1,-1,-1,-1
109,28278,911.00,146.00,68.00,206.00,1,-1,-1,-1
110,28273,646.32,139.79,48.89,115.91,1,-1,-1,-1
110,28275,610.70,120.62,55.34,143.67,1,-1,-1,-1
110,28277,738.00,139.00,37.00,121.00,1,-1,-1,-1
110,28278,911.00,146.00,68.00,206.00,1,-1,-1,-1
111,28273,645.17,139.44,48.82,115.75,1,-1,-1,-1
111,28275,619.01,125.83,60.10,163.03,1,-1,-1,-1
111,28277,738.00,139.00,37.00,121.00,1,-1,-1,-1
111,28278,911.00,146.00,68.00,206.00,1,-1,-1,-1
111,28279,696.00,156.00,42.00,130.00,1,-1,-1,-1
111,28280,1149.00,154.00,73.00,215.00,1,-1,-1,-1
111,28281,799.00,151.00,38.00,121.00,1,-1,-1,-1
112,28275,622.85,127.75,60.28,170.17,1,-1,-1,-1
112,28279,696.00,156.00,42.00,130.00,1,-1,-1,-1
112,28280,1149.00,154.00,73.00,215.00,1,-1,-1,-1
112,28281,799.00,151.00,38.00,121.00,1,-1,-1,-1
113,28275,625.05,128.54,59.10,173.02,1,-1,-1,-1
113,28279,696.00,156.00,42.00,130.00,1,-1,-1,-1
113,28280,1149.00,154.00,73.00,215.00,1,-1,-1,-1
113,28281,799.00,151.00,38.00,121.00,1,-1,-1,-1
114,28275,626.45,128.86,57.50,174.06,1,-1,-1,-1
114,28279,696.00,156.00,42.00,130.00,1,-1,-1,-1
114,28280,1149.00,154.00,73.00,215.00,1,-1,-1,-1
114,28281,799.00,151.00,38.00,121.00,1,-1,-1,-1
115,28275,627.48,128.98,55.87,174.38,1,-1,-1,-1
115,28279,696.00,156.00,42.00,130.00,1,-1,-1,-1
115,28280,1149.00,154.00,73.00,215.00,1,-1,-1,-1
115,28281,799.00,151.00,38.00,121.00,1,-1,-1,-1
116,28275,628.30,129.03,54.34,174.43,1,-1,-1,-1
116,28279,696.00,156.00,42.00,130.00,1,-1,-1,-1
116,28280,1149.00,154.00,73.00,215.00,1,-1,-1,-1
116,28281,799.00,151.00,38.00,121.00,1,-1,-1,-1
117,28275,628.99,129.04,52.94,174.37,1,-1,-1,-1
117,28279,696.00,156.00,42.00,130.00,1,-1,-1,-1
117,28280,1149.00,154.00,73.00,215.00,1,-1,-1,-1
117,28281,799.00,151.00,38.00,121.00,1,-1,-1,-1
118,28275,629.60,129.05,51.67,174.28,1,-1,-1,-1
118,28279,696.00,156.00,42.00,130.00,1,-1,-1,-1
118,28280,1149.00,154.00,73.00,215.00,1,-1,-1,-1
118,28281,799.00,151.00,38.00,121.00,1,-1,-1,-1
119,28275,630.14,129.04,50.53,174.18,1,-1,-1,-1
119,28279,696.00,156.00,42.00,130.00,1,-1,-1,-1
119,28280,1149.00,154.00,73.00,215.00,1,-1,-1,-1
119,28281,799.00,151.00,38.00,121.00,1,-1,-1,-1
120,28275,630.62,129.04,49.51,174.08,1,-1,-1,-1
120,28279,696.00,156.00,42.00,130.00,1,-1,-1,-1
120,28280,1149.00,154.00,73.00,215.00,1,-1,-1,-1
120,28281,799.00,151.00,38.00,121.00,1,-1,-1,-1
121,28275,631.05,129.04,48.58,173.98,1,-1,-1,-1
121,28279,696.00,156.00,42.00,130.00,1,-1,-1,-1
121,28280,1149.00,154.00,73.00,215.00,1,-1,-1,-1
121,28281,799.00,151.00,38.00,121.00,1,-1,-1,-1
122,28275,631.37,129.10,49.02,175.55,1,-1,-1,-1
122,28278,748.29,161.62,54.67,164.02,1,-1,-1,-1
122,28279,696.00,156.00,42.00,130.00,1,-1,-1,-1
122,28280,1149.00,154.00,73.00,215.00,1,-1,-1,-1
122,28281,799.00,151.00,38.00,121.00,1,-1,-1,-1
123,28278,742.64,162.14,54.60,162.61,1,-1,-1,-1
124,28278,740.45,162.34,54.73,162.09,1,-1,-1,-1
125,28278,739.87,162.38,54.94,161.97,1,-1,-1,-1
126,28278,739.92,162.37,55.16,162.01,1,-1,-1,-1
127,28278,740.17,162.34,55.36,162.09,1,-1,-1,-1
128,28278,740.45,162.30,55.54,162.19,1,-1,-1,-1
129,28278,740.73,162.27,55.70,162.28,1,-1,-1,-1
130,28278,740.97,162.24,55.84,162.35,1,-1,-1,-1
131,28278,741.18,162.22,55.96,162.42,1,-1,-1,-1
132,28278,741.37,162.19,56.07,162.48,1,-1,-1,-1
133,28275,757.81,148.36,61.59,214.25,1,-1,-1,-1
133,28278,738.13,162.51,55.78,161.64,1,-1,-1,-1
133,28282,836.00,160.00,76.00,220.00,1,-1,-1,-1
134,28275,762.48,149.16,63.30,215.70,1,-1,-1,-1
134,28282,836.00,160.00,76.00,220.00,1,-1,-1,-1
135,28275,763.88,149.45,64.45,216.21,1,-1,-1,-1
135,28282,836.00,160.00,76.00,220.00,1,-1,-1,-1
136,28275,764.03,149.53,65.29,216.34,1,-1,-1,-1
136,28282,836.00,160.00,76.00,220.00,1,-1,-1,-1
137,28275,763.72,149.53,65.92,216.32,1,-1,-1,-1
137,28282,836.00,160.00,76.00,220.00,1,-1,-1,-1
138,28275,763.27,149.50,66.44,216.24,1,-1,-1,-1
138,28282,836.00,160.00,76.00,220.00,1,-1,-1,-1
139,28275,762.80,149.47,66.86,216.14,1,-1,-1,-1
139,28282,836.00,160.00,76.00,220.00,1,-1,-1,-1
140,28275,762.35,149.43,67.22,216.04,1,-1,-1,-1
140,28282,836.00,160.00,76.00,220.00,1,-1,-1,-1
141,28275,761.94,149.39,67.53,215.95,1,-1,-1,-1
141,28282,836.00,160.00,76.00,220.00,1,-1,-1,-1
142,28275,761.56,149.35,67.79,215.87,1,-1,-1,-1
142,28282,836.00,160.00,76.00,220.00,1,-1,-1,-1
143,28275,761.22,149.32,68.02,215.79,1,-1,-1,-1
143,28282,836.00,160.00,76.00,220.00,1,-1,-1,-1
144,28275,764.57,149.83,68.42,217.04,1,-1,-1,-1
144,28280,889.67,130.17,94.12,255.72,1,-1,-1,-1
144,28282,836.00,160.00,76.00,220.00,1,-1,-1,-1
144,28283,1012.00,155.00,175.00,208.00,1,-1,-1,-1
145,28280,882.38,129.71,99.09,256.50,1,-1,-1,-1
145,28283,1012.00,155.00,175.00,208.00,1,-1,-1,-1
