1,3168,1677.00,392.00,132.00,351.00,1,-1,-1,-1
2,3168,1677.00,392.00,132.00,351.00,1,-1,-1,-1
3,3168,1677.00,392.00,132.00,351.00,1,-1,-1,-1
4,3168,1677.00,392.00,132.00,351.00,1,-1,-1,-1
5,3168,1677.00,392.00,132.00,351.00,1,-1,-1,-1
6,3168,1677.00,392.00,132.00,351.00,1,-1,-1,-1
7,3168,1677.00,392.00,132.00,351.00,1,-1,-1,-1
8,3168,1677.00,392.00,132.00,351.00,1,-1,-1,-1
9,3168,1677.00,392.00,132.00,351.00,1,-1,-1,-1
10,3168,1677.00,392.00,132.00,351.00,1,-1,-1,-1
19,3168,1671.56,386.18,140.94,376.23,1,-1,-1,-1
20,3168,1671.53,385.93,140.92,377.32,1,-1,-1,-1
21,3168,1671.62,385.84,140.71,377.70,1,-1,-1,-1
22,3168,1671.74,385.81,140.45,377.80,1,-1,-1,-1
23,3168,1671.87,385.82,140.20,377.79,1,-1,-1,-1
24,3168,1671.99,385.83,139.97,377.74,1,-1,-1,-1
25,3168,1672.09,385.84,139.76,377.68,1,-1,-1,-1
26,3168,1672.18,385.86,139.58,377.62,1,-1,-1,-1
27,3168,1672.27,385.87,139.42,377.56,1,-1,-1,-1
28,3168,1664.95,378.71,142.33,386.64,1,-1,-1,-1
29,3168,1662.31,376.02,143.18,390.03,1,-1,-1,-1
30,3168,1661.43,375.01,143.29,391.29,1,-1,-1,-1
31,3168,1661.21,374.66,143.13,391.71,1,-1,-1,-1
32,3168,1661.24,374.55,142.89,391.82,1,-1,-1,-1
33,3168,1661.36,374.54,142.63,391.81,1,-1,-1,-1
34,3168,1661.49,374.56,142.39,391.76,1,-1,-1,-1
35,3168,1661.63,374.60,142.16,391.70,1,-1,-1,-1
36,3168,1661.76,374.63,141.95,391.64,1,-1,-1,-1
37,3168,1657.63,353.81,149.60,418.29,1,-1,-1,-1
38,3168,1656.68,346.07,151.29,428.20,1,-1,-1,-1
39,3168,1656.82,343.09,150.95,432.02,1,-1,-1,-1
40,3168,1657.35,342.02,149.89,433.37,1,-1,-1,-1
41,3168,1657.99,341.69,148.65,433.78,1,-1,-1,-1
42,3168,1658.62,341.65,147.41,433.82,1,-1,-1,-1
43,3168,1659.21,341.71,146.25,433.74,1,-1,-1,-1
44,3168,1659.76,341.80,145.19,433.61,1,-1,-1,-1
45,3168,1660.26,341.90,144.22,433.48,1,-1,-1,-1
46,3168,1647.06,334.85,149.85,449.59,1,-1,-1,-1
47,3168,1642.02,332.23,152.12,455.61,1,-1,-1,-1
48,3168,1640.05,331.28,153.09,457.84,1,-1,-1,-1
49,3168,1639.29,330.99,153.55,458.58,1,-1,-1,-1
50,3168,1639.00,330.94,153.79,458.75,1,-1,-1,-1
51,3168,1638.90,330.99,153.95,458.72,1,-1,-1,-1
52,3168,1638.87,331.06,154.07,458.61,1,-1,-1,-1
53,3168,1638.86,331.14,154.17,458.48,1,-1,-1,-1
54,3168,1638.87,331.21,154.25,458.35,1,-1,-1,-1
55,3168,1626.40,329.98,157.82,462.13,1,-1,-1,-1
56,3168,1621.09,329.55,160.37,463.50,1,-1,-1,-1
57,3168,1618.58,329.43,162.42,463.95,1,-1,-1,-1
58,3168,1617.20,329.42,164.16,464.05,1,-1,-1,-1
59,3168,1616.29,329.45,165.70,464.03,1,-1,-1,-1
60,3168,1615.61,329.49,167.07,463.96,1,-1,-1,-1
61,3168,1615.04,329.54,168.31,463.88,1,-1,-1,-1
62,3168,1614.55,329.58,169.43,463.80,1,-1,-1,-1
63,3168,1614.11,329.62,170.44,463.73,1,-1,-1,-1
64,3168,1610.18,315.96,179.73,489.73,1,-1,-1,-1
64,3169,1528.00,374.00,151.00,434.00,1,-1,-1,-1
64,3170,605.00,436.00,235.00,398.00,1,-1,-1,-1
65,3168,1606.97,296.83,187.34,512.84,1,-1,-1,-1
65,3169,1525.11,370.57,152.49,439.14,1,-1,-1,-1
65,3170,601.21,370.00,276.87,470.86,1,-1,-1,-1
66,3168,1608.38,297.03,189.48,518.59,1,-1,-1,-1
66,3169,1520.36,376.72,151.57,437.01,1,-1,-1,-1
66,3170,596.52,340.14,292.67,501.16,1,-1,-1,-1
67,3168,1609.00,297.23,190.28,520.68,1,-1,-1,-1
67,3169,1518.88,378.84,151.06,436.23,1,-1,-1,-1
67,3170,595.67,329.44,296.36,511.94,1,-1,-1,-1
68,3168,1609.27,297.40,190.55,521.33,1,-1,-1,-1
68,3169,1518.60,379.45,150.71,435.97,1,-1,-1,-1
68,3170,596.54,326.55,294.97,514.78,1,-1,-1,-1
69,3168,1609.41,297.55,190.62,521.43,1,-1,-1,-1
69,3169,1518.70,379.57,150.38,435.90,1,-1,-1,-1
69,3170,598.10,326.30,291.71,514.98,1,-1,-1,-1
70,3168,1609.49,297.68,190.61,521.34,1,-1,-1,-1
70,3169,1518.91,379.55,150.06,435.89,1,-1,-1,-1
70,3170,599.92,326.79,287.84,514.45,1,-1,-1,-1
71,3168,1609.54,297.80,190.57,521.17,1,-1,-1,-1
71,3169,1519.14,379.49,149.74,435.90,1,-1,-1,-1
71,3170,601.83,327.41,283.78,513.79,1,-1,-1,-1
72,3168,1609.59,297.91,190.53,520.99,1,-1,-1,-1
72,3169,1519.37,379.42,149.41,435.91,1,-1,-1,-1
72,3170,603.75,328.00,279.74,513.18,1,-1,-1,-1
73,3168,1609.38,296.06,197.47,538.35,1,-1,-1,-1
73,3169,1514.30,382.05,148.91,433.90,1,-1,-1,-1
73,3170,684.42,320.54,258.92,480.13,1,-1,-1,-1
74,3168,1605.82,289.62,201.28,546.76,1,-1,-1,-1
74,3169,1510.79,368.29,154.05,448.55,1,-1,-1,-1
74,3170,693.33,314.02,259.91,481.98,1,-1,-1,-1
75,3168,1604.27,287.17,203.09,549.89,1,-1,-1,-1
75,3169,1509.49,363.21,156.02,453.94,1,-1,-1,-1
76,3168,1603.53,286.30,204.07,550.95,1,-1,-1,-1
76,3169,1509.03,361.30,156.81,455.95,1,-1,-1,-1
77,3168,1603.12,286.03,204.71,551.21,1,-1,-1,-1
77,3169,1508.87,360.62,157.15,456.64,1,-1,-1,-1
78,3168,1602.85,285.99,205.19,551.18,1,-1,-1,-1
78,3169,1508.83,360.41,157.31,456.84,1,-1,-1,-1
79,3168,1602.65,286.03,205.58,551.04,1,-1,-1,-1
79,3169,1508.83,360.38,157.40,456.85,1,-1,-1,-1
80,3168,1602.48,286.10,205.92,550.88,1,-1,-1,-1
80,3169,1508.85,360.40,157.46,456.81,1,-1,-1,-1
81,3168,1602.33,286.17,206.22,550.72,1,-1,-1,-1
81,3169,1508.86,360.45,157.52,456.74,1,-1,-1,-1
82,3168,1622.34,301.86,203.28,540.81,1,-1,-1,-1
82,3169,1488.53,347.42,166.87,479.55,1,-1,-1,-1
82,3170,809.24,369.79,218.95,401.71,1,-1,-1,-1
83,3168,1629.81,307.90,202.52,536.91,1,-1,-1,-1
83,3169,1480.53,342.57,171.21,488.05,1,-1,-1,-1
83,3170,812.77,373.24,218.59,397.68,1,-1,-1,-1
84,3168,1632.40,310.17,202.58,535.40,1,-1,-1,-1
84,3169,1477.12,340.75,173.61,491.26,1,-1,-1,-1
84,3170,813.90,374.23,219.35,396.32,1,-1,-1,-1
85,3168,1633.16,311.00,202.92,534.80,1,-1,-1,-1
85,3169,1475.56,340.12,175.17,492.38,1,-1,-1,-1
85,3170,813.64,374.54,220.41,395.97,1,-1,-1,-1
86,3168,1633.23,311.29,203.33,534.54,1,-1,-1,-1
86,3169,1474.75,339.95,176.34,492.70,1,-1,-1,-1
86,3170,812.87,374.60,221.49,396.00,1,-1,-1,-1
87,3168,1633.07,311.37,203.75,534.42,1,-1,-1,-1
87,3169,1474.25,339.95,177.31,492.71,1,-1,-1,-1
87,3170,811.99,374.58,222.49,396.16,1,-1,-1,-1
88,3168,1632.83,311.38,204.15,534.35,1,-1,-1,-1
88,3169,1473.88,340.01,178.15,492.62,1,-1,-1,-1
88,3170,811.16,374.53,223.39,396.34,1,-1,-1,-1
89,3168,1632.58,311.36,204.51,534.31,1,-1,-1,-1
89,3169,1473.59,340.08,178.90,492.49,1,-1,-1,-1
89,3170,810.40,374.48,224.18,396.51,1,-1,-1,-1
90,3168,1632.34,311.33,204.84,534.28,1,-1,-1,-1
90,3169,1473.33,340.16,179.58,492.36,1,-1,-1,-1
90,3170,809.74,374.43,224.89,396.67,1,-1,-1,-1
91,3168,1640.04,293.67,218.69,573.43,1,-1,-1,-1
91,3169,1471.53,338.83,180.38,494.55,1,-1,-1,-1
91,3170,814.69,375.13,223.66,394.51,1,-1,-1,-1
91,3171,955.00,337.00,189.00,424.00,1,-1,-1,-1
92,3168,1643.23,287.11,223.14,587.95,1,-1,-1,-1
92,3171,955.00,337.00,189.00,424.00,1,-1,-1,-1
93,3168,1644.72,284.55,224.28,593.57,1,-1,-1,-1
93,3170,915.83,343.21,231.42,418.68,1,-1,-1,-1
94,3168,1633.53,274.59,230.69,615.55,1,-1,-1,-1
94,3169,1395.23,374.20,165.04,449.59,1,-1,-1,-1
94,3170,950.51,368.81,214.56,392.52,1,-1,-1,-1
94,3172,1454.00,390.00,178.00,495.00,1,-1,-1,-1
95,3168,1629.75,270.82,232.07,623.85,1,-1,-1,-1
95,3169,1385.33,378.80,163.76,443.69,1,-1,-1,-1
95,3170,963.35,378.35,207.25,382.83,1,-1,-1,-1
95,3172,1454.00,390.00,178.00,495.00,1,-1,-1,-1
96,3168,1628.69,269.42,231.63,626.89,1,-1,-1,-1
96,3169,1381.86,380.27,163.83,441.83,1,-1,-1,-1
96,3170,968.11,381.78,203.67,379.40,1,-1,-1,-1
96,3172,1454.00,390.00,178.00,495.00,1,-1,-1,-1
97,3168,1624.46,276.68,224.85,606.64,1,-1,-1,-1
97,3169,1374.82,382.21,163.02,439.66,1,-1,-1,-1
97,3170,981.54,383.01,202.22,376.70,1,-1,-1,-1
97,3172,1454.00,390.00,178.00,495.00,1,-1,-1,-1
98,3168,1622.64,279.60,222.47,598.49,1,-1,-1,-1
99,3168,1621.80,280.74,221.86,595.33,1,-1,-1,-1
100,3168,1614.43,276.64,222.04,596.01,1,-1,-1,-1
100,3169,1369.02,346.43,178.61,481.67,1,-1,-1,-1
100,3170,1042.92,394.93,188.83,359.22,1,-1,-1,-1
101,3168,1611.67,275.12,222.05,596.19,1,-1,-1,-1
101,3169,1368.39,342.27,180.42,486.55,1,-1,-1,-1
101,3170,1050.90,396.27,184.53,357.30,1,-1,-1,-1
102,3168,1610.67,274.58,221.99,596.18,1,-1,-1,-1
102,3169,1368.24,340.77,181.08,488.31,1,-1,-1,-1
102,3170,1054.49,396.72,181.43,356.64,1,-1,-1,-1
103,3168,1610.34,274.42,221.91,596.11,1,-1,-1,-1
103,3169,1368.33,340.25,181.31,488.91,1,-1,-1,-1
103,3170,1056.09,396.84,178.99,356.48,1,-1,-1,-1
104,3168,1610.26,274.40,221.83,596.02,1,-1,-1,-1
104,3169,1368.51,340.12,181.37,489.07,1,-1,-1,-1
104,3170,1056.85,396.83,176.99,356.53,1,-1,-1,-1
105,3168,1610.28,274.42,221.75,595.93,1,-1,-1,-1
105,3169,1368.72,340.12,181.37,489.07,1,-1,-1,-1
105,3170,1057.26,396.77,175.27,356.63,1,-1,-1,-1
106,3168,1610.33,274.47,221.68,595.84,1,-1,-1,-1
106,3169,1368.92,340.17,181.35,489.01,1,-1,-1,-1
106,3170,1057.52,396.70,173.78,356.75,1,-1,-1,-1
107,3168,1610.38,274.51,221.62,595.76,1,-1,-1,-1
107,3169,1369.10,340.23,181.33,488.93,1,-1,-1,-1
107,3170,1057.70,396.64,172.47,356.87,1,-1,-1,-1
108,3168,1610.44,274.56,221.56,595.69,1,-1,-1,-1
108,3169,1369.28,340.30,181.30,488.85,1,-1,-1,-1
108,3170,1057.85,396.58,171.31,356.98,1,-1,-1,-1
109,3168,1609.78,273.85,221.97,596.80,1,-1,-1,-1
109,3169,1350.14,358.59,190.58,516.12,1,-1,-1,-1
109,3170,1064.74,397.51,170.52,355.33,1,-1,-1,-1
109,3173,1200.00,314.00,176.00,427.00,1,-1,-1,-1
110,3169,1343.25,365.44,193.57,526.29,1,-1,-1,-1
110,3173,1200.00,314.00,176.00,427.00,1,-1,-1,-1
111,3169,1340.88,368.12,194.31,530.17,1,-1,-1,-1
111,3173,1200.00,314.00,176.00,427.00,1,-1,-1,-1
112,3169,1340.29,369.12,194.20,531.54,1,-1,-1,-1
112,3173,1200.00,314.00,176.00,427.00,1,-1,-1,-1
113,3169,1340.35,369.47,193.80,531.93,1,-1,-1,-1
113,3173,1200.00,314.00,176.00,427.00,1,-1,-1,-1
114,3169,1340.64,369.57,193.31,531.97,1,-1,-1,-1
114,3173,1200.00,314.00,176.00,427.00,1,-1,-1,-1
115,3169,1340.99,369.57,192.83,531.87,1,-1,-1,-1
115,3173,1200.00,314.00,176.00,427.00,1,-1,-1,-1
116,3169,1341.35,369.54,192.38,531.73,1,-1,-1,-1
116,3173,1200.00,314.00,176.00,427.00,1,-1,-1,-1
117,3169,1341.68,369.50,191.96,531.58,1,-1,-1,-1
117,3173,1200.00,314.00,176.00,427.00,1,-1,-1,-1
118,3168,1204.74,301.63,227.37,604.11,1,-1,-1,-1
118,3169,1339.08,370.30,192.88,534.12,1,-1,-1,-1
118,3173,1200.00,314.00,176.00,427.00,1,-1,-1,-1
119,3168,1198.06,309.20,232.54,613.26,1,-1,-1,-1
120,3168,1194.87,311.69,235.05,616.25,1,-1,-1,-1
121,3168,1194.03,312.58,236.57,617.33,1,-1,-1,-1
122,3168,1194.17,312.85,237.62,617.69,1,-1,-1,-1
123,3168,1194.66,312.90,238.43,617.78,1,-1,-1,-1
124,3168,1195.24,312.86,239.08,617.76,1,-1,-1,-1
125,3168,1195.82,312.80,239.63,617.71,1,-1,-1,-1
126,3168,1196.37,312.73,240.10,617.65,1,-1,-1,-1
127,3168,1171.06,325.05,240.63,618.90,1,-1,-1,-1
128,3168,1161.85,329.69,240.83,619.34,1,-1,-1,-1
129,3168,1158.77,331.38,240.92,619.47,1,-1,-1,-1
130,3168,1158.00,331.94,240.95,619.49,1,-1,-1,-1
131,3168,1158.09,332.08,240.97,619.47,1,-1,-1,-1
132,3168,1158.46,332.07,240.98,619.43,1,-1,-1,-1
133,3168,1158.92,332.00,240.98,619.39,1,-1,-1,-1
134,3168,1159.38,331.92,240.99,619.36,1,-1,-1,-1
135,3168,1159.81,331.84,240.99,619.32,1,-1,-1,-1
136,3168,1125.28,293.25,272.99,685.86,1,-1,-1,-1
136,3174,4.00,460.00,172.00,416.00,1,-1,-1,-1
136,3175,1355.00,156.00,303.00,789.00,1,-1,-1,-1
137,3168,1110.71,279.07,288.43,710.33,1,-1,-1,-1
137,3174,4.00,460.00,172.00,416.00,1,-1,-1,-1
137,3175,1355.00,156.00,303.00,789.00,1,-1,-1,-1
138,3168,1103.69,273.41,297.57,719.99,1,-1,-1,-1
138,3174,4.00,460.00,172.00,416.00,1,-1,-1,-1
138,3175,1355.00,156.00,303.00,789.00,1,-1,-1,-1
139,3168,1099.89,271.28,303.76,723.54,1,-1,-1,-1
139,3174,4.00,460.00,172.00,416.00,1,-1,-1,-1
139,3175,1355.00,156.00,303.00,789.00,1,-1,-1,-1
140,3168,1097.47,270.56,308.50,724.66,1,-1,-1,-1
140,3174,4.00,460.00,172.00,416.00,1,-1,-1,-1
140,3175,1355.00,156.00,303.00,789.00,1,-1,-1,-1
141,3168,1095.68,270.38,312.45,724.87,1,-1,-1,-1
141,3174,4.00,460.00,172.00,416.00,1,-1,-1,-1
141,3175,1355.00,156.00,303.00,789.00,1,-1,-1,-1
142,3168,1094.23,270.41,315.88,724.73,1,-1,-1,-1
142,3174,4.00,460.00,172.00,416.00,1,-1,-1,-1
142,3175,1355.00,156.00,303.00,789.00,1,-1,-1,-1
143,3168,1092.98,270.50,318.92,724.48,1,-1,-1,-1
143,3174,4.00,460.00,172.00,416.00,1,-1,-1,-1
143,3175,1355.00,156.00,303.00,789.00,1,-1,-1,-1
144,3168,1091.88,270.62,321.65,724.20,1,-1,-1,-1
144,3174,4.00,460.00,172.00,416.00,1,-1,-1,-1
144,3175,1355.00,156.00,303.00,789.00,1,-1,-1,-1
145,3168,1075.95,213.03,351.40,790.06,1,-1,-1,-1
145,3174,4.00,460.00,172.00,416.00,1,-1,-1,-1
145,3175,1355.00,156.00,303.00,789.00,1,-1,-1,-1
146,3168,1069.88,191.61,362.77,814.55,1,-1,-1,-1
147,3168,1067.55,183.23,367.44,824.05,1,-1,-1,-1
148,3168,1066.73,180.18,369.33,827.42,1,-1,-1,-1
149,3168,1066.50,179.25,370.12,828.39,1,-1,-1,-1
150,3168,1066.49,179.11,370.47,828.44,1,-1,-1,-1
151,3168,1066.55,179.27,370.64,828.17,1,-1,-1,-1
152,3168,1066.65,179.53,370.74,827.80,1,-1,-1,-1
153,3168,1066.75,179.81,370.80,827.40,1,-1,-1,-1
154,3168,1083.49,158.71,380.97,856.17,1,-1,-1,-1
154,3174,217.01,411.48,201.05,475.19,1,-1,-1,-1
154,3176,418.00,420.00,155.00,360.00,1,-1,-1,-1
154,3177,110.00,342.00,213.00,484.00,1,-1,-1,-1
154,3178,843.00,282.00,311.00,737.00,1,-1,-1,-1
155,3168,1090.63,150.82,383.27,866.92,1,-1,-1,-1
155,3174,224.64,409.35,205.80,477.79,1,-1,-1,-1
155,3176,418.00,420.00,155.00,360.00,1,-1,-1,-1
155,3177,110.00,342.00,213.00,484.00,1,-1,-1,-1
155,3178,843.00,282.00,311.00,737.00,1,-1,-1,-1
156,3168,1094.15,147.96,382.73,870.83,1,-1,-1,-1
156,3174,226.44,408.61,209.16,478.70,1,-1,-1,-1
156,3176,418.00,420.00,155.00,360.00,1,-1,-1,-1
156,3177,110.00,342.00,213.00,484.00,1,-1,-1,-1
156,3178,843.00,282.00,311.00,737.00,1,-1,-1,-1
157,3168,1096.14,147.06,381.22,872.05,1,-1,-1,-1
157,3174,226.07,408.41,211.74,478.93,1,-1,-1,-1
157,3176,418.00,420.00,155.00,360.00,1,-1,-1,-1
157,3177,110.00,342.00,213.00,484.00,1,-1,-1,-1
157,3178,843.00,282.00,311.00,737.00,1,-1,-1,-1
158,3168,1116.03,140.44,381.77,878.72,1,-1,-1,-1
158,3174,225.28,371.57,227.38,520.95,1,-1,-1,-1
158,3176,402.53,398.27,167.82,393.32,1,-1,-1,-1
158,3177,110.00,342.00,213.00,484.00,1,-1,-1,-1
158,3178,825.04,277.65,319.39,757.28,1,-1,-1,-1
159,3168,1122.75,127.10,386.95,899.77,1,-1,-1,-1
159,3174,239.02,341.50,237.14,557.34,1,-1,-1,-1
159,3176,390.17,388.88,176.26,417.47,1,-1,-1,-1
159,3178,818.26,267.10,317.27,755.14,1,-1,-1,-1
160,3168,1126.36,122.14,386.71,907.62,1,-1,-1,-1
160,3174,245.80,329.64,237.81,571.70,1,-1,-1,-1
160,3176,386.31,385.53,177.97,426.32,1,-1,-1,-1
160,3178,816.47,263.33,315.54,754.09,1,-1,-1,-1
161,3168,1128.68,120.43,384.59,910.38,1,-1,-1,-1
161,3174,249.43,325.12,235.31,577.18,1,-1,-1,-1
161,3176,385.76,384.54,177.07,429.19,1,-1,-1,-1
161,3178,816.47,262.10,313.98,753.55,1,-1,-1,-1
162,3168,1130.39,119.97,381.95,911.16,1,-1,-1,-1
162,3174,251.69,323.59,231.86,579.05,1,-1,-1,-1
162,3176,386.45,384.41,175.21,429.82,1,-1,-1,-1
162,3178,817.09,261.78,312.52,753.24,1,-1,-1,-1
163,3168,1106.52,97.97,389.68,933.85,1,-1,-1,-1
163,3174,334.05,332.16,218.49,551.36,1,-1,-1,-1
163,3176,381.95,379.88,178.80,438.64,1,-1,-1,-1
163,3178,782.02,254.40,326.56,781.85,1,-1,-1,-1
164,3168,1097.92,89.74,391.58,942.30,1,-1,-1,-1
164,3174,366.47,335.87,212.03,540.09,1,-1,-1,-1
164,3178,768.52,251.75,333.08,792.33,1,-1,-1,-1
165,3168,1095.03,86.77,391.35,945.29,1,-1,-1,-1
165,3174,378.68,337.40,208.57,535.74,1,-1,-1,-1
165,3178,763.01,250.85,336.74,796.14,1,-1,-1,-1
166,3168,1094.36,85.85,390.38,946.16,1,-1,-1,-1
166,3174,383.28,338.12,206.32,533.98,1,-1,-1,-1
166,3178,760.61,250.62,339.23,797.37,1,-1,-1,-1
167,3168,1094.51,85.70,389.20,946.23,1,-1,-1,-1
167,3174,384.95,338.53,204.62,533.20,1,-1,-1,-1
167,3178,759.41,250.64,341.19,797.64,1,-1,-1,-1
168,3168,1094.94,85.83,388.02,946.02,1,-1,-1,-1
168,3174,385.49,338.82,203.22,532.80,1,-1,-1,-1
168,3178,758.68,250.73,342.89,797.56,1,-1,-1,-1
169,3168,1095.44,86.06,386.91,945.72,1,-1,-1,-1
169,3174,385.59,339.04,202.00,532.55,1,-1,-1,-1
169,3178,758.14,250.84,344.42,797.37,1,-1,-1,-1
170,3168,1095.94,86.30,385.88,945.40,1,-1,-1,-1
170,3174,385.54,339.24,200.92,532.38,1,-1,-1,-1
170,3178,757.68,250.95,345.81,797.16,1,-1,-1,-1
171,3168,1096.41,86.54,384.95,945.09,1,-1,-1,-1
171,3174,385.43,339.41,199.96,532.23,1,-1,-1,-1
171,3178,757.28,251.06,347.09,796.95,1,-1,-1,-1
172,3168,1014.21,56.85,404.33,979.93,1,-1,-1,-1
172,3174,394.53,336.88,200.69,534.19,1,-1,-1,-1
172,3176,531.54,197.47,320.55,771.42,1,-1,-1,-1
172,3178,753.11,249.54,348.46,800.09,1,-1,-1,-1
173,3168,976.07,42.54,407.43,976.91,1,-1,-1,-1
173,3176,538.07,168.65,343.03,813.83,1,-1,-1,-1
174,3168,960.34,37.18,410.74,975.42,1,-1,-1,-1
174,3176,539.57,156.59,354.43,831.30,1,-1,-1,-1
175,3168,953.64,35.35,413.97,974.64,1,-1,-1,-1
175,3176,539.07,152.08,360.52,837.68,1,-1,-1,-1
176,3168,950.48,34.86,416.98,974.16,1,-1,-1,-1
176,3176,537.92,150.64,364.19,839.57,1,-1,-1,-1
177,3168,948.76,34.87,419.74,973.82,1,-1,-1,-1
177,3176,536.62,150.41,366.70,839.71,1,-1,-1,-1
178,3168,947.63,35.05,422.25,973.53,1,-1,-1,-1
178,3176,535.37,150.65,368.58,839.17,1,-1,-1,-1
179,3168,946.79,35.28,424.53,973.29,1,-1,-1,-1
179,3176,534.21,151.07,370.07,838.38,1,-1,-1,-1
180,3168,946.09,35.52,426.58,973.07,1,-1,-1,-1
180,3176,533.15,151.55,371.30,837.51,1,-1,-1,-1
181,3168,860.45,44.22,423.93,968.96,1,-1,-1,-1
181,3176,446.20,156.52,386.40,853.88,1,-1,-1,-1
182,3168,828.34,47.66,422.42,967.29,1,-1,-1,-1
182,3176,410.55,158.66,396.08,859.80,1,-1,-1,-1
183,3168,816.81,49.05,421.41,966.58,1,-1,-1,-1
183,3176,394.87,159.77,403.14,861.57,1,-1,-1,-1
184,3168,813.11,49.64,420.63,966.24,1,-1,-1,-1
184,3176,387.30,160.46,408.80,861.73,1,-1,-1,-1
185,3168,812.35,49.93,419.97,966.05,1,-1,-1,-1
185,3176,383.10,160.95,413.59,861.32,1,-1,-1,-1
186,3168,812.65,50.09,419.40,965.92,1,-1,-1,-1
186,3176,380.34,161.35,417.77,860.72,1,-1,-1,-1
187,3168,813.30,50.20,418.88,965.82,1,-1,-1,-1
187,3176,378.27,161.69,421.47,860.07,1,-1,-1,-1
188,3168,814.04,50.29,418.42,965.74,1,-1,-1,-1
188,3176,376.57,161.99,424.78,859.45,1,-1,-1,-1
189,3168,814.76,50.36,418.01,965.67,1,-1,-1,-1
189,3176,375.10,162.27,427.73,858.87,1,-1,-1,-1
190,3168,727.47,17.13,446.06,1040.01,1,-1,-1,-1
190,3176,371.91,157.97,432.35,868.14,1,-1,-1,-1
190,3178,122.20,114.43,403.96,912.26,1,-1,-1,-1
191,3168,696.37,4.83,454.04,1067.56,1,-1,-1,-1
191,3178,105.19,111.32,409.44,914.65,1,-1,-1,-1
192,3168,685.59,0.07,455.07,1078.24,1,-1,-1,-1
192,3178,98.31,110.20,413.00,915.51,1,-1,-1,-1
193,3168,682.88,-1.63,453.52,1082.10,1,-1,-1,-1
193,3178,95.91,109.95,415.48,915.68,1,-1,-1,-1
194,3168,683.19,-2.14,451.13,1083.30,1,-1,-1,-1
194,3178,95.37,110.04,417.32,915.58,1,-1,-1,-1
195,3168,684.54,-2.21,448.60,1083.48,1,-1,-1,-1
195,3178,95.54,110.25,418.76,915.40,1,-1,-1,-1
196,3168,686.18,-2.11,446.16,1083.30,1,-1,-1,-1
196,3178,95.97,110.48,419.92,915.19,1,-1,-1,-1
197,3168,687.84,-1.96,443.90,1083.00,1,-1,-1,-1
197,3178,96.49,110.71,420.88,914.99,1,-1,-1,-1
198,3168,689.40,-1.79,441.83,1082.67,1,-1,-1,-1
198,3178,97.03,110.92,421.70,914.81,1,-1,-1,-1
199,3168,555.24,33.44,431.24,1044.68,1,-1,-1,-1
199,3176,-24.71,166.79,395.34,835.41,1,-1,-1,-1
199,3178,182.00,173.69,376.66,824.69,1,-1,-1,-1
200,3168,502.85,47.12,429.48,1029.80,1,-1,-1,-1
200,3176,-36.97,167.96,378.22,832.19,1,-1,-1,-1
200,3178,217.04,198.50,357.54,789.21,1,-1,-1,-1
201,3168,476.69,50.87,441.44,1026.19,1,-1,-1,-1
201,3176,-19.08,154.99,356.46,818.09,1,-1,-1,-1
201,3178,214.54,203.30,353.73,780.79,1,-1,-1,-1
202,3168,464.04,52.23,453.02,1024.82,1,-1,-1,-1
202,3176,-8.42,150.23,341.85,812.84,1,-1,-1,-1
203,3168,456.79,52.68,463.79,1024.30,1,-1,-1,-1
203,3176,-0.97,148.54,330.87,810.87,1,-1,-1,-1
204,3168,451.83,52.80,473.66,1024.11,1,-1,-1,-1
204,3176,4.83,147.99,322.04,810.14,1,-1,-1,-1
205,3168,447.96,52.79,482.63,1024.03,1,-1,-1,-1
205,3176,9.61,147.87,314.66,809.88,1,-1,-1,-1
206,3168,444.69,52.74,490.77,1024.00,1,-1,-1,-1
206,3176,13.68,147.90,308.36,809.80,1,-1,-1,-1
207,3168,441.82,52.68,498.14,1023.99,1,-1,-1,-1
207,3176,17.21,147.98,302.89,809.79,1,-1,-1,-1
208,3168,279.81,18.63,521.71,1050.79,1,-1,-1,-1
208,3176,6.29,146.29,302.75,809.40,1,-1,-1,-1
208,3179,951.00,379.00,173.00,410.00,1,-1,-1,-1
209,3168,135.49,20.06,552.62,1094.49,1,-1,-1,-1
209,3178,621.38,345.45,205.10,473.21,1,-1,-1,-1
209,3179,956.50,406.43,162.00,384.29,1,-1,-1,-1
210,3168,78.46,20.65,569.47,1111.11,1,-1,-1,-1
210,3178,641.64,350.65,193.26,461.70,1,-1,-1,-1
210,3179,957.50,411.00,159.99,380.00,1,-1,-1,-1
211,3168,55.23,20.95,580.39,1117.39,1,-1,-1,-1
211,3178,650.03,352.75,186.04,457.17,1,-1,-1,-1
211,3179,957.86,412.12,159.29,378.95,1,-1,-1,-1
212,3168,45.47,21.12,588.52,1119.59,1,-1,-1,-1
212,3178,653.24,353.08,181.44,456.44,1,-1,-1,-1
212,3179,958.03,412.22,158.95,378.85,1,-1,-1,-1
213,3168,41.03,21.22,595.17,1120.22,1,-1,-1,-1
213,3178,654.47,352.79,178.12,457.03,1,-1,-1,-1
213,3179,958.17,412.09,158.66,378.98,1,-1,-1,-1
214,3168,38.71,21.31,600.91,1120.26,1,-1,-1,-1
214,3178,655.04,352.37,175.47,457.91,1,-1,-1,-1
214,3179,958.31,411.92,158.37,379.13,1,-1,-1,-1
215,3168,37.28,21.37,605.99,1120.09,1,-1,-1,-1
215,3178,655.40,351.96,173.24,458.78,1,-1,-1,-1
215,3179,958.47,411.78,158.06,379.27,1,-1,-1,-1
216,3168,36.25,21.43,610.55,1119.86,1,-1,-1,-1
216,3178,655.70,351.60,171.31,459.53,1,-1,-1,-1
216,3179,958.63,411.66,157.73,379.38,1,-1,-1,-1
217,3168,12.52,20.53,613.10,1124.48,1,-1,-1,-1
217,3178,656.53,321.16,189.92,514.42,1,-1,-1,-1
217,3179,958.84,412.75,157.31,378.36,1,-1,-1,-1
217,3180,1711.00,410.00,80.00,234.00,1,-1,-1,-1
217,3181,1078.00,374.00,167.00,405.00,1,-1,-1,-1
218,3178,657.44,310.33,195.44,533.94,1,-1,-1,-1
218,3180,1711.00,410.00,80.00,234.00,1,-1,-1,-1
218,3181,1078.00,374.00,167.00,405.00,1,-1,-1,-1
219,3178,657.85,305.97,196.82,541.85,1,-1,-1,-1
219,3179,1060.47,379.86,166.56,400.89,1,-1,-1,-1
219,3180,1711.00,410.00,80.00,234.00,1,-1,-1,-1
220,3168,-34.35,24.08,519.49,976.00,1,-1,-1,-1
220,3178,660.64,279.08,207.68,577.90,1,-1,-1,-1
220,3179,1078.91,373.66,168.00,406.23,1,-1,-1,-1
220,3180,1711.60,408.52,80.28,233.26,1,-1,-1,-1
221,3168,-33.59,24.62,498.59,956.52,1,-1,-1,-1
221,3178,662.24,268.93,210.53,591.50,1,-1,-1,-1
221,3179,1085.58,371.47,168.07,408.11,1,-1,-1,-1
221,3180,1711.58,408.02,80.82,233.01,1,-1,-1,-1
222,3168,-31.20,24.77,486.50,950.53,1,-1,-1,-1
222,3178,663.15,265.03,210.57,596.75,1,-1,-1,-1
222,3179,1087.92,370.75,167.69,408.76,1,-1,-1,-1
222,3180,1711.32,407.87,81.48,232.93,1,-1,-1,-1
223,3168,-27.59,24.83,477.77,948.60,1,-1,-1,-1
223,3178,663.77,263.63,209.59,598.65,1,-1,-1,-1
223,3179,1088.59,370.57,167.17,408.94,1,-1,-1,-1
223,3180,1710.98,407.84,82.21,232.92,1,-1,-1,-1
224,3168,-23.69,24.86,470.80,948.17,1,-1,-1,-1
224,3178,664.26,263.21,208.32,599.23,1,-1,-1,-1
224,3179,1088.66,370.60,166.63,408.94,1,-1,-1,-1
224,3180,1710.59,407.84,82.97,232.92,1,-1,-1,-1
225,3168,-19.95,24.88,464.92,948.28,1,-1,-1,-1
225,3178,664.68,263.15,207.03,599.32,1,-1,-1,-1
225,3179,1088.52,370.69,166.11,408.89,1,-1,-1,-1
225,3180,1710.20,407.86,83.73,232.93,1,-1,-1,-1
226,3168,-33.32,24.69,461.81,941.89,1,-1,-1,-1
226,3176,218.62,273.20,278.64,682.38,1,-1,-1,-1
226,3178,742.97,297.52,193.55,555.23,1,-1,-1,-1
226,3179,1103.51,374.72,154.16,386.62,1,-1,-1,-1
226,3180,1710.34,407.63,83.69,232.81,1,-1,-1,-1
226,3182,1220.00,360.00,115.00,394.00,1,-1,-1,-1
227,3176,216.96,276.05,292.75,679.75,1,-1,-1,-1
227,3178,772.93,311.14,188.99,537.76,1,-1,-1,-1
227,3179,1109.57,376.39,148.13,377.96,1,-1,-1,-1
227,3182,1220.00,360.00,115.00,394.00,1,-1,-1,-1
228,3176,225.66,281.48,290.29,674.04,1,-1,-1,-1
228,3178,784.20,302.79,201.18,573.26,1,-1,-1,-1
228,3179,1114.74,376.37,145.51,372.84,1,-1,-1,-1
228,3182,1218.69,354.00,115.37,394.00,1,-1,-1,-1
229,3178,780.58,288.25,208.08,594.35,1,-1,-1,-1
229,3179,1119.31,372.43,146.69,378.28,1,-1,-1,-1
229,3182,1217.90,351.25,119.18,404.39,1,-1,-1,-1
230,3178,782.88,283.19,204.44,588.43,1,-1,-1,-1
230,3179,1121.34,373.63,146.07,380.33,1,-1,-1,-1
230,3182,1215.95,361.87,115.99,392.14,1,-1,-1,-1
231,3178,783.70,281.25,202.17,585.93,1,-1,-1,-1
231,3179,1122.24,374.13,145.08,381.15,1,-1,-1,-1
231,3182,1215.13,365.80,115.10,387.58,1,-1,-1,-1
232,3178,784.07,280.56,200.54,584.89,1,-1,-1,-1
232,3179,1122.70,374.35,144.04,381.49,1,-1,-1,-1
232,3182,1214.71,367.11,115.14,386.03,1,-1,-1,-1
233,3178,784.27,280.34,199.24,584.42,1,-1,-1,-1
233,3179,1122.98,374.47,143.03,381.63,1,-1,-1,-1
233,3182,1214.43,367.51,115.50,385.55,1,-1,-1,-1
234,3178,784.39,280.31,198.13,584.18,1,-1,-1,-1
234,3179,1123.19,374.55,142.09,381.71,1,-1,-1,-1
234,3182,1214.19,367.59,115.97,385.43,1,-1,-1,-1
235,3176,476.32,312.30,255.57,594.61,1,-1,-1,-1
235,3178,803.25,273.17,198.66,587.28,1,-1,-1,-1
235,3179,1127.71,373.84,141.93,381.27,1,-1,-1,-1
235,3182,1218.08,376.32,114.30,375.34,1,-1,-1,-1
236,3176,488.75,313.48,253.65,590.94,1,-1,-1,-1
236,3178,810.34,270.50,198.57,588.40,1,-1,-1,-1
236,3182,1219.15,379.51,114.48,371.64,1,-1,-1,-1
237,3176,493.20,313.97,252.83,589.60,1,-1,-1,-1
237,3178,812.91,269.54,198.27,588.77,1,-1,-1,-1
237,3182,1219.15,380.60,115.35,370.38,1,-1,-1,-1
238,3176,494.24,314.02,252.53,589.34,1,-1,-1,-1
238,3178,813.76,269.23,197.91,588.86,1,-1,-1,-1
238,3182,1218.76,380.91,116.42,370.01,1,-1,-1,-1
239,3176,493.96,313.90,252.45,589.51,1,-1,-1,-1
239,3178,813.95,269.17,197.55,588.84,1,-1,-1,-1
239,3182,1218.27,380.96,117.52,369.95,1,-1,-1,-1
240,3176,493.27,313.73,252.46,589.80,1,-1,-1,-1
240,3178,813.90,269.19,197.22,588.78,1,-1,-1,-1
240,3182,1217.75,380.90,118.59,370.01,1,-1,-1,-1
241,3176,492.50,313.56,252.49,590.10,1,-1,-1,-1
241,3178,813.78,269.25,196.91,588.71,1,-1,-1,-1
241,3182,1217.25,380.83,119.59,370.09,1,-1,-1,-1
242,3176,491.75,313.40,252.53,590.40,1,-1,-1,-1
242,3178,813.63,269.31,196.63,588.65,1,-1,-1,-1
242,3182,1216.79,380.75,120.52,370.18,1,-1,-1,-1
243,3176,491.07,313.26,252.57,590.66,1,-1,-1,-1
243,3178,813.49,269.38,196.38,588.59,1,-1,-1,-1
243,3182,1216.35,380.67,121.38,370.26,1,-1,-1,-1
244,3176,577.61,326.94,248.60,596.81,1,-1,-1,-1
244,3178,817.63,268.37,196.69,589.54,1,-1,-1,-1
244,3182,1247.33,375.34,123.17,370.99,1,-1,-1,-1
244,3183,967.00,318.00,136.00,472.00,1,-1,-1,-1
245,3176,611.37,332.00,243.84,599.22,1,-1,-1,-1
245,3178,926.31,306.28,164.27,499.42,1,-1,-1,-1
245,3182,1258.54,373.31,124.69,371.31,1,-1,-1,-1
246,3176,626.37,326.61,237.13,590.41,1,-1,-1,-1
246,3178,953.11,313.17,158.23,490.00,1,-1,-1,-1
246,3182,1261.99,373.84,126.63,376.70,1,-1,-1,-1
247,3176,632.12,324.44,233.09,587.16,1,-1,-1,-1
247,3178,962.38,315.32,154.66,486.99,1,-1,-1,-1
247,3182,1263.13,374.03,127.44,378.75,1,-1,-1,-1
248,3176,634.41,323.56,230.22,586.04,1,-1,-1,-1
248,3178,966.01,316.02,152.07,486.11,1,-1,-1,-1
248,3182,1263.40,374.09,127.81,379.54,1,-1,-1,-1
249,3176,635.38,323.16,227.94,585.71,1,-1,-1,-1
249,3178,967.50,316.18,149.98,486.01,1,-1,-1,-1
249,3182,1263.35,374.11,128.01,379.85,1,-1,-1,-1
250,3176,635.81,322.95,226.00,585.67,1,-1,-1,-1
250,3178,968.17,316.16,148.18,486.17,1,-1,-1,-1
250,3182,1263.19,374.11,128.14,379.96,1,-1,-1,-1
251,3176,636.04,322.82,224.31,585.74,1,-1,-1,-1
251,3178,968.54,316.07,146.60,486.42,1,-1,-1,-1
251,3182,1263.01,374.10,128.23,380.00,1,-1,-1,-1
252,3176,636.18,322.73,222.80,585.84,1,-1,-1,-1
252,3178,968.79,315.97,145.18,486.67,1,-1,-1,-1
252,3182,1262.83,374.09,128.31,380.02,1,-1,-1,-1
253,3168,769.80,335.91,237.88,530.82,1,-1,-1,-1
253,3176,657.73,328.55,203.43,540.77,1,-1,-1,-1
253,3178,963.20,334.99,139.68,471.09,1,-1,-1,-1
253,3182,1265.21,374.25,128.32,380.06,1,-1,-1,-1
253,3184,1582.00,453.00,79.00,276.00,1,-1,-1,-1
253,3185,1090.00,332.00,143.00,471.00,1,-1,-1,-1
254,3168,781.62,346.27,225.92,534.14,1,-1,-1,-1
254,3176,668.85,336.80,196.56,526.86,1,-1,-1,-1
254,3178,962.29,355.44,133.21,448.03,1,-1,-1,-1
254,3185,1097.40,330.29,137.62,452.14,1,-1,-1,-1
255,3168,793.10,340.39,217.33,522.44,1,-1,-1,-1
255,3176,679.39,345.04,179.78,479.25,1,-1,-1,-1
255,3178,958.33,358.81,135.54,453.88,1,-1,-1,-1
255,3182,1234.55,375.76,125.50,375.85,1,-1,-1,-1
255,3185,1098.48,344.50,137.81,451.29,1,-1,-1,-1
256,3168,789.51,356.59,208.27,499.40,1,-1,-1,-1
256,3176,696.27,359.68,168.46,446.06,1,-1,-1,-1
256,3178,958.16,367.20,136.39,449.46,1,-1,-1,-1
256,3182,1233.93,376.02,125.40,375.54,1,-1,-1,-1
256,3185,1094.49,336.33,144.92,475.92,1,-1,-1,-1
257,3168,792.02,353.40,207.01,500.44,1,-1,-1,-1
257,3176,708.08,363.90,163.37,432.59,1,-1,-1,-1
257,3178,953.56,370.16,138.19,448.01,1,-1,-1,-1
257,3185,1095.58,329.91,146.64,479.89,1,-1,-1,-1
258,3168,793.97,357.51,201.36,479.21,1,-1,-1,-1
258,3178,953.90,367.12,139.17,443.02,1,-1,-1,-1
258,3185,1093.57,314.26,156.21,511.71,1,-1,-1,-1
259,3168,792.57,359.96,197.90,469.42,1,-1,-1,-1
259,3178,957.25,371.31,137.60,438.05,1,-1,-1,-1
259,3185,1097.08,334.80,142.43,463.39,1,-1,-1,-1
260,3168,791.44,360.56,197.21,466.50,1,-1,-1,-1
260,3185,1098.25,343.35,137.16,443.13,1,-1,-1,-1
261,3168,790.51,360.56,197.41,465.91,1,-1,-1,-1
261,3185,1098.34,346.29,135.95,436.14,1,-1,-1,-1
262,3168,788.08,343.49,203.88,483.65,1,-1,-1,-1
262,3178,952.89,351.14,152.39,482.51,1,-1,-1,-1
262,3182,1375.37,391.12,111.36,332.65,1,-1,-1,-1
262,3185,1095.65,345.22,142.31,452.87,1,-1,-1,-1
262,3186,1227.00,376.00,118.00,374.00,1,-1,-1,-1
263,3168,787.31,337.23,205.75,490.27,1,-1,-1,-1
263,3178,952.11,348.89,154.68,487.49,1,-1,-1,-1
263,3182,1384.72,392.09,110.63,329.84,1,-1,-1,-1
263,3185,1094.31,344.81,145.34,458.91,1,-1,-1,-1
263,3186,1227.00,376.00,118.00,374.00,1,-1,-1,-1
264,3168,786.98,334.79,206.11,493.02,1,-1,-1,-1
264,3178,951.60,348.03,155.87,489.34,1,-1,-1,-1
264,3182,1387.76,392.42,110.49,328.90,1,-1,-1,-1
264,3185,1093.46,344.61,147.16,461.20,1,-1,-1,-1
264,3186,1227.00,376.00,118.00,374.00,1,-1,-1,-1
265,3168,786.86,333.83,205.91,494.23,1,-1,-1,-1
265,3178,951.21,347.67,156.62,490.02,1,-1,-1,-1
265,3182,1388.58,392.51,110.54,328.64,1,-1,-1,-1
265,3185,1092.82,344.49,148.47,462.04,1,-1,-1,-1
265,3186,1227.00,376.00,118.00,374.00,1,-1,-1,-1
266,3168,786.82,333.45,205.54,494.82,1,-1,-1,-1
266,3178,950.88,347.51,157.15,490.26,1,-1,-1,-1
266,3182,1388.55,392.51,110.66,328.64,1,-1,-1,-1
266,3185,1092.29,344.42,149.54,462.32,1,-1,-1,-1
266,3186,1227.00,376.00,118.00,374.00,1,-1,-1,-1
267,3168,786.81,333.29,205.13,495.16,1,-1,-1,-1
267,3178,950.59,347.42,157.58,490.33,1,-1,-1,-1
267,3182,1388.24,392.47,110.79,328.73,1,-1,-1,-1
267,3185,1091.82,344.36,150.47,462.40,1,-1,-1,-1
267,3186,1227.00,376.00,118.00,374.00,1,-1,-1,-1
268,3168,786.82,333.22,204.74,495.39,1,-1,-1,-1
268,3178,950.33,347.37,157.94,490.33,1,-1,-1,-1
268,3182,1387.86,392.43,110.91,328.85,1,-1,-1,-1
268,3185,1091.39,344.32,151.33,462.40,1,-1,-1,-1
268,3186,1227.00,376.00,118.00,374.00,1,-1,-1,-1
269,3168,786.84,333.18,204.38,495.57,1,-1,-1,-1
269,3178,950.11,347.33,158.25,490.32,1,-1,-1,-1
269,3182,1387.48,392.39,111.03,328.96,1,-1,-1,-1
269,3185,1090.99,344.29,152.10,462.37,1,-1,-1,-1
269,3186,1227.00,376.00,118.00,374.00,1,-1,-1,-1
270,3168,786.85,333.16,204.05,495.72,1,-1,-1,-1
270,3178,949.90,347.30,158.53,490.29,1,-1,-1,-1
270,3182,1387.14,392.35,111.13,329.06,1,-1,-1,-1
270,3185,1090.63,344.26,152.82,462.34,1,-1,-1,-1
270,3186,1227.00,376.00,118.00,374.00,1,-1,-1,-1
271,3168,789.50,333.40,203.20,493.65,1,-1,-1,-1
271,3178,946.76,356.39,152.96,472.68,1,-1,-1,-1
271,3182,1391.77,392.92,110.61,327.54,1,-1,-1,-1
271,3185,1092.46,341.61,158.33,479.99,1,-1,-1,-1
271,3186,1225.94,350.49,132.20,418.31,1,-1,-1,-1
272,3178,945.48,359.85,150.88,465.91,1,-1,-1,-1
272,3185,1093.23,340.61,160.20,486.58,1,-1,-1,-1
272,3186,1225.48,341.31,137.46,434.25,1,-1,-1,-1
273,3178,944.96,361.10,150.18,463.44,1,-1,-1,-1
273,3185,1093.61,340.22,160.74,489.06,1,-1,-1,-1
273,3186,1225.24,337.76,139.63,440.43,1,-1,-1,-1
274,3178,944.73,361.52,149.99,462.57,1,-1,-1,-1
274,3185,1093.82,340.07,160.77,489.93,1,-1,-1,-1
274,3186,1225.09,336.51,140.53,442.58,1,-1,-1,-1
275,3178,944.61,361.63,149.98,462.30,1,-1,-1,-1
275,3185,1093.97,340.01,160.62,490.18,1,-1,-1,-1
275,3186,1224.98,336.17,140.91,443.18,1,-1,-1,-1
276,3178,944.53,361.63,150.04,462.24,1,-1,-1,-1
276,3185,1094.07,339.99,160.42,490.19,1,-1,-1,-1
276,3186,1224.89,336.16,141.10,443.20,1,-1,-1,-1
277,3178,944.47,361.59,150.12,462.27,1,-1,-1,-1
277,3185,1094.17,339.99,160.21,490.13,1,-1,-1,-1
277,3186,1224.81,336.26,141.21,443.02,1,-1,-1,-1
278,3178,944.42,361.54,150.19,462.33,1,-1,-1,-1
278,3185,1094.25,339.99,160.01,490.04,1,-1,-1,-1
278,3186,1224.73,336.40,141.29,442.78,1,-1,-1,-1
279,3178,944.38,361.50,150.27,462.38,1,-1,-1,-1
279,3185,1094.32,339.99,159.82,489.95,1,-1,-1,-1
279,3186,1224.67,336.54,141.36,442.53,1,-1,-1,-1
280,3178,970.82,386.32,135.35,410.74,1,-1,-1,-1
280,3185,1091.23,347.80,152.93,459.25,1,-1,-1,-1
280,3186,1224.57,342.53,150.59,454.64,1,-1,-1,-1
281,3178,980.75,395.96,130.32,390.63,1,-1,-1,-1
281,3185,1089.29,350.83,151.70,447.28,1,-1,-1,-1
281,3186,1223.04,344.85,157.04,459.14,1,-1,-1,-1
282,3178,983.69,399.21,129.47,383.83,1,-1,-1,-1
282,3185,1087.87,351.91,152.72,442.98,1,-1,-1,-1
282,3186,1221.12,345.80,162.13,460.72,1,-1,-1,-1
283,3178,984.25,400.26,130.01,381.61,1,-1,-1,-1
283,3185,1086.69,352.28,154.43,441.47,1,-1,-1,-1
283,3186,1219.18,346.21,166.44,461.18,1,-1,-1,-1
284,3178,984.00,400.53,130.96,381.04,1,-1,-1,-1
284,3185,1085.66,352.39,156.29,440.99,1,-1,-1,-1
284,3186,1217.33,346.40,170.24,461.21,1,-1,-1,-1
285,3178,983.48,400.52,132.01,381.04,1,-1,-1,-1
285,3185,1084.73,352.40,158.09,440.89,1,-1,-1,-1
285,3186,1215.62,346.50,173.64,461.10,1,-1,-1,-1
286,3178,982.91,400.41,133.02,381.24,1,-1,-1,-1
286,3185,1083.90,352.38,159.76,440.93,1,-1,-1,-1
286,3186,1214.06,346.56,176.70,460.94,1,-1,-1,-1
287,3178,982.36,400.28,133.96,381.49,1,-1,-1,-1
287,3185,1083.15,352.35,161.29,441.01,1,-1,-1,-1
287,3186,1212.64,346.61,179.48,460.77,1,-1,-1,-1
288,3178,981.85,400.16,134.82,381.74,1,-1,-1,-1
288,3185,1082.48,352.32,162.68,441.09,1,-1,-1,-1
288,3186,1211.35,346.65,181.99,460.61,1,-1,-1,-1
289,3178,983.76,402.05,133.50,378.02,1,-1,-1,-1
289,3185,1077.01,341.14,161.19,441.18,1,-1,-1,-1
289,3186,1217.46,337.57,182.72,455.25,1,-1,-1,-1
290,3185,1075.35,336.91,159.85,441.26,1,-1,-1,-1
290,3186,1219.06,334.13,184.43,453.12,1,-1,-1,-1
291,3185,1075.11,335.34,158.63,441.33,1,-1,-1,-1
291,3186,1218.97,332.87,186.40,452.25,1,-1,-1,-1
292,3185,1075.37,334.78,157.53,441.40,1,-1,-1,-1
292,3186,1218.29,332.44,188.34,451.88,1,-1,-1,-1
293,3185,1075.79,334.59,156.53,441.46,1,-1,-1,-1
293,3186,1217.45,332.33,190.17,451.70,1,-1,-1,-1
294,3185,1076.24,334.56,155.62,441.51,1,-1,-1,-1
294,3186,1216.61,332.33,191.85,451.60,1,-1,-1,-1
295,3185,1076.68,334.57,154.80,441.56,1,-1,-1,-1
295,3186,1215.81,332.37,193.38,451.52,1,-1,-1,-1
296,3185,1077.08,334.60,154.06,441.60,1,-1,-1,-1
296,3186,1215.08,332.42,194.77,451.47,1,-1,-1,-1
297,3185,1077.45,334.63,153.39,441.64,1,-1,-1,-1
297,3186,1214.41,332.47,196.03,451.42,1,-1,-1,-1
298,3168,1368.62,360.91,153.57,405.14,1,-1,-1,-1
298,3185,1104.64,358.20,139.60,403.76,1,-1,-1,-1
298,3186,1212.04,353.41,176.53,415.47,1,-1,-1,-1
299,3168,1380.03,361.27,145.50,404.10,1,-1,-1,-1
299,3185,1115.37,367.38,133.97,389.10,1,-1,-1,-1
299,3186,1211.96,361.59,167.19,401.48,1,-1,-1,-1
300,3168,1385.44,361.40,140.30,403.69,1,-1,-1,-1
300,3185,1119.26,370.58,131.73,384.02,1,-1,-1,-1
300,3186,1212.83,364.48,162.10,396.56,1,-1,-1,-1
301,3168,1387.61,361.42,136.68,403.65,1,-1,-1,-1
301,3185,1120.71,371.67,130.70,382.33,1,-1,-1,-1
301,3186,1213.96,365.47,158.68,394.89,1,-1,-1,-1
302,3168,1388.42,361.39,134.00,403.74,1,-1,-1,-1
302,3185,1121.27,372.00,130.14,381.87,1,-1,-1,-1
302,3186,1215.11,365.78,156.01,394.39,1,-1,-1,-1
303,3168,1388.69,361.35,131.91,403.86,1,-1,-1,-1
303,3185,1121.50,372.04,129.77,381.85,1,-1,-1,-1
303,3186,1216.20,365.83,153.74,394.33,1,-1,-1,-1
304,3168,1388.77,361.32,130.24,403.98,1,-1,-1,-1
304,3185,1121.60,371.99,129.48,381.98,1,-1,-1,-1
304,3186,1217.21,365.80,151.75,394.41,1,-1,-1,-1
305,3168,1388.77,361.28,128.86,404.09,1,-1,-1,-1
305,3185,1121.65,371.91,129.24,382.16,1,-1,-1,-1
305,3186,1218.14,365.73,149.97,394.54,1,-1,-1,-1
306,3168,1388.73,361.25,127.70,404.19,1,-1,-1,-1
306,3185,1121.68,371.82,129.03,382.33,1,-1,-1,-1
306,3186,1218.98,365.67,148.36,394.68,1,-1,-1,-1
307,3168,1399.25,366.49,126.00,392.43,1,-1,-1,-1
307,3185,1133.07,374.37,132.43,387.10,1,-1,-1,-1
307,3186,1211.38,375.46,139.30,375.76,1,-1,-1,-1
308,3168,1403.08,363.14,130.26,398.01,1,-1,-1,-1
308,3185,1143.51,371.37,134.99,391.57,1,-1,-1,-1
308,3186,1203.35,367.75,141.50,384.71,1,-1,-1,-1
309,3168,1403.66,361.89,133.10,400.09,1,-1,-1,-1
309,3185,1147.11,370.19,136.52,393.32,1,-1,-1,-1
309,3186,1200.80,364.97,141.68,387.97,1,-1,-1,-1
310,3168,1403.06,361.41,135.27,400.93,1,-1,-1,-1
310,3185,1148.12,369.70,137.61,394.03,1,-1,-1,-1
310,3186,1200.16,363.89,141.23,389.28,1,-1,-1,-1
311,3168,1402.10,361.22,137.06,401.29,1,-1,-1,-1
311,3185,1148.16,369.49,138.48,394.34,1,-1,-1,-1
311,3186,1200.23,363.46,140.60,389.85,1,-1,-1,-1
312,3168,1401.08,361.14,138.60,401.46,1,-1,-1,-1
312,3185,1147.88,369.39,139.23,394.48,1,-1,-1,-1
312,3186,1200.54,363.28,139.93,390.11,1,-1,-1,-1
313,3168,1400.12,361.10,139.95,401.55,1,-1,-1,-1
313,3185,1147.49,369.33,139.88,394.56,1,-1,-1,-1
313,3186,1200.90,363.20,139.29,390.26,1,-1,-1,-1
314,3168,1399.24,361.08,141.14,401.60,1,-1,-1,-1
314,3185,1147.10,369.29,140.47,394.62,1,-1,-1,-1
314,3186,1201.27,363.16,138.70,390.35,1,-1,-1,-1
315,3168,1398.44,361.07,142.21,401.65,1,-1,-1,-1
315,3185,1146.72,369.26,141.00,394.66,1,-1,-1,-1
315,3186,1201.62,363.14,138.17,390.42,1,-1,-1,-1
316,3168,1391.20,371.53,134.61,380.10,1,-1,-1,-1
316,3178,1497.50,382.21,135.21,359.76,1,-1,-1,-1
316,3185,1148.79,369.68,140.80,394.11,1,-1,-1,-1
316,3186,1213.63,366.39,137.84,387.86,1,-1,-1,-1
317,3168,1385.30,381.55,128.82,365.85,1,-1,-1,-1
317,3178,1510.75,389.45,135.63,350.75,1,-1,-1,-1
317,3186,1215.62,370.24,138.31,386.93,1,-1,-1,-1
318,3168,1383.24,385.16,126.35,360.74,1,-1,-1,-1
318,3178,1514.57,392.38,136.74,347.19,1,-1,-1,-1
318,3186,1216.16,371.67,138.92,386.61,1,-1,-1,-1
319,3168,1382.60,386.42,125.15,358.98,1,-1,-1,-1
319,3178,1514.98,393.49,138.00,345.89,1,-1,-1,-1
319,3186,1216.15,372.18,139.55,386.52,1,-1,-1,-1
320,3168,1382.47,386.82,124.43,358.45,1,-1,-1,-1
320,3178,1514.24,393.90,139.16,345.45,1,-1,-1,-1
320,3186,1215.97,372.35,140.15,386.52,1,-1,-1,-1
321,3168,1382.52,386.90,123.92,358.37,1,-1,-1,-1
321,3178,1513.19,394.05,140.16,345.33,1,-1,-1,-1
321,3186,1215.73,372.39,140.70,386.55,1,-1,-1,-1
322,3168,1382.62,386.88,123.51,358.45,1,-1,-1,-1
322,3178,1512.10,394.10,141.00,345.33,1,-1,-1,-1
322,3186,1215.49,372.38,141.20,386.59,1,-1,-1,-1
323,3168,1382.74,386.81,123.16,358.57,1,-1,-1,-1
323,3178,1511.09,394.11,141.71,345.37,1,-1,-1,-1
323,3186,1215.26,372.35,141.65,386.62,1,-1,-1,-1
324,3168,1382.85,386.74,122.85,358.70,1,-1,-1,-1
324,3178,1510.17,394.11,142.32,345.42,1,-1,-1,-1
324,3186,1215.05,372.32,142.07,386.66,1,-1,-1,-1
325,3168,1383.66,387.94,122.12,356.58,1,-1,-1,-1
325,3178,1506.09,382.32,146.08,353.33,1,-1,-1,-1
325,3186,1217.48,375.56,135.22,363.81,1,-1,-1,-1
326,3178,1504.22,377.89,147.75,356.32,1,-1,-1,-1
326,3186,1218.04,376.78,133.32,355.06,1,-1,-1,-1
327,3178,1503.11,376.23,148.60,357.46,1,-1,-1,-1
327,3186,1217.87,377.20,133.38,351.96,1,-1,-1,-1
328,3178,1502.35,375.63,149.12,357.90,1,-1,-1,-1
328,3186,1217.47,377.33,134.09,350.92,1,-1,-1,-1
329,3178,1501.77,375.45,149.48,358.05,1,-1,-1,-1
329,3186,1217.01,377.35,134.97,350.63,1,-1,-1,-1
330,3178,1501.29,375.42,149.76,358.11,1,-1,-1,-1
330,3186,1216.55,377.34,135.87,350.62,1,-1,-1,-1
331,3178,1500.87,375.44,149.99,358.12,1,-1,-1,-1
331,3186,1216.13,377.31,136.72,350.70,1,-1,-1,-1
332,3178,1500.49,375.48,150.20,358.12,1,-1,-1,-1
332,3186,1215.74,377.28,137.50,350.81,1,-1,-1,-1
333,3178,1500.16,375.52,150.38,358.11,1,-1,-1,-1
333,3186,1215.38,377.26,138.21,350.92,1,-1,-1,-1
334,3178,1498.47,381.44,146.78,354.18,1,-1,-1,-1
334,3186,1221.03,394.95,133.47,332.00,1,-1,-1,-1
335,3178,1498.20,383.71,144.42,352.69,1,-1,-1,-1
335,3186,1222.52,401.69,133.01,324.85,1,-1,-1,-1
336,3178,1498.45,384.57,142.63,352.13,1,-1,-1,-1
336,3186,1222.39,404.07,134.15,322.37,1,-1,-1,-1
337,3178,1498.87,384.89,141.14,351.93,1,-1,-1,-1
337,3186,1221.74,404.86,135.77,321.57,1,-1,-1,-1
338,3178,1499.32,385.01,139.84,351.87,1,-1,-1,-1
338,3186,1220.94,405.08,137.46,321.39,1,-1,-1,-1
339,3178,1499.75,385.05,138.70,351.85,1,-1,-1,-1
339,3186,1220.13,405.08,139.07,321.43,1,-1,-1,-1
340,3178,1500.15,385.06,137.67,351.86,1,-1,-1,-1
340,3186,1219.38,405.02,140.57,321.54,1,-1,-1,-1
341,3178,1500.52,385.06,136.74,351.87,1,-1,-1,-1
341,3186,1218.68,404.93,141.93,321.67,1,-1,-1,-1
342,3178,1500.85,385.06,135.90,351.88,1,-1,-1,-1
342,3186,1218.05,404.85,143.17,321.79,1,-1,-1,-1
343,3168,1390.26,396.13,116.57,343.76,1,-1,-1,-1
343,3178,1506.09,396.16,128.53,336.86,1,-1,-1,-1
343,3186,1211.78,399.51,148.45,335.04,1,-1,-1,-1
343,3187,1646.00,394.00,116.00,343.00,1,-1,-1,-1
343,3188,1723.00,472.00,58.00,196.00,1,-1,-1,-1
344,3168,1390.68,396.23,115.82,343.62,1,-1,-1,-1
344,3178,1508.42,400.41,124.94,331.12,1,-1,-1,-1
344,3186,1209.62,397.51,150.09,339.99,1,-1,-1,-1
344,3187,1646.00,394.00,116.00,343.00,1,-1,-1,-1
344,3188,1723.00,472.00,58.00,196.00,1,-1,-1,-1
345,3168,1390.96,396.26,115.31,343.57,1,-1,-1,-1
345,3178,1509.60,401.93,122.91,329.06,1,-1,-1,-1
345,3186,1208.93,396.71,150.43,341.93,1,-1,-1,-1
345,3187,1646.00,394.00,116.00,343.00,1,-1,-1,-1
345,3188,1723.00,472.00,58.00,196.00,1,-1,-1,-1
346,3168,1391.14,396.26,114.94,343.58,1,-1,-1,-1
346,3178,1510.32,402.46,121.51,328.36,1,-1,-1,-1
346,3186,1208.81,396.38,150.29,342.67,1,-1,-1,-1
346,3187,1646.00,394.00,116.00,343.00,1,-1,-1,-1
346,3188,1723.00,472.00,58.00,196.00,1,-1,-1,-1
347,3168,1391.28,396.24,114.66,343.61,1,-1,-1,-1
347,3178,1510.84,402.61,120.41,328.15,1,-1,-1,-1
347,3186,1208.89,396.25,149.99,342.95,1,-1,-1,-1
347,3187,1646.00,394.00,116.00,343.00,1,-1,-1,-1
347,3188,1723.00,472.00,58.00,196.00,1,-1,-1,-1
348,3168,1391.38,396.22,114.43,343.64,1,-1,-1,-1
348,3178,1511.26,402.62,119.48,328.14,1,-1,-1,-1
348,3186,1209.05,396.19,149.66,343.05,1,-1,-1,-1
348,3187,1646.00,394.00,116.00,343.00,1,-1,-1,-1
348,3188,1723.00,472.00,58.00,196.00,1,-1,-1,-1
349,3168,1391.46,396.20,114.25,343.67,1,-1,-1,-1
349,3178,1511.63,402.59,118.66,328.18,1,-1,-1,-1
349,3186,1209.21,396.15,149.32,343.08,1,-1,-1,-1
349,3187,1646.00,394.00,116.00,343.00,1,-1,-1,-1
349,3188,1723.00,472.00,58.00,196.00,1,-1,-1,-1
350,3168,1391.53,396.18,114.09,343.71,1,-1,-1,-1
350,3178,1511.95,402.54,117.93,328.25,1,-1,-1,-1
350,3186,1209.38,396.13,149.02,343.09,1,-1,-1,-1
350,3187,1646.00,394.00,116.00,343.00,1,-1,-1,-1
350,3188,1723.00,472.00,58.00,196.00,1,-1,-1,-1
351,3168,1391.59,396.16,113.96,343.73,1,-1,-1,-1
351,3178,1512.24,402.49,117.26,328.32,1,-1,-1,-1
351,3186,1209.53,396.12,148.73,343.09,1,-1,-1,-1
351,3187,1646.00,394.00,116.00,343.00,1,-1,-1,-1
351,3188,1723.00,472.00,58.00,196.00,1,-1,-1,-1
352,3168,1401.51,398.76,110.45,332.64,1,-1,-1,-1
352,3178,1502.16,401.13,115.74,323.14,1,-1,-1,-1
352,3186,1209.32,396.31,148.80,343.23,1,-1,-1,-1
352,3187,1656.76,390.64,113.27,332.93,1,-1,-1,-1
352,3188,1723.00,472.00,58.00,196.00,1,-1,-1,-1
352,3189,1119.00,413.00,145.00,328.00,1,-1,-1,-1
353,3168,1405.25,399.74,109.20,328.43,1,-1,-1,-1
353,3178,1498.23,400.59,115.34,321.22,1,-1,-1,-1
353,3186,1140.79,409.18,144.03,331.56,1,-1,-1,-1
353,3187,1660.59,389.39,112.64,329.17,1,-1,-1,-1
354,3168,1405.64,402.73,109.35,324.28,1,-1,-1,-1
354,3178,1497.69,401.08,114.79,319.70,1,-1,-1,-1
354,3186,1124.05,405.41,144.67,333.61,1,-1,-1,-1
354,3187,1664.83,393.65,109.99,319.79,1,-1,-1,-1
355,3168,1405.36,403.83,110.18,322.78,1,-1,-1,-1
355,3186,1118.35,404.11,144.75,334.31,1,-1,-1,-1
355,3187,1666.16,395.25,109.34,316.40,1,-1,-1,-1
356,3168,1404.87,404.21,111.19,322.29,1,-1,-1,-1
356,3186,1116.48,403.60,144.67,334.60,1,-1,-1,-1
356,3187,1666.43,395.83,109.43,315.25,1,-1,-1,-1
357,3168,1404.35,404.33,112.20,322.16,1,-1,-1,-1
357,3186,1116.04,403.39,144.54,334.72,1,-1,-1,-1
357,3187,1666.32,396.03,109.77,314.91,1,-1,-1,-1
358,3168,1403.84,404.35,113.14,322.17,1,-1,-1,-1
358,3186,1116.13,403.29,144.40,334.78,1,-1,-1,-1
358,3187,1666.08,396.10,110.19,314.88,1,-1,-1,-1
359,3168,1403.37,404.34,114.00,322.22,1,-1,-1,-1
359,3186,1116.39,403.24,144.27,334.81,1,-1,-1,-1
359,3187,1665.82,396.11,110.60,314.94,1,-1,-1,-1
360,3168,1402.95,404.31,114.78,322.29,1,-1,-1,-1
360,3186,1116.69,403.21,144.15,334.83,1,-1,-1,-1
360,3187,1665.56,396.11,111.00,315.03,1,-1,-1,-1
361,3168,1417.82,401.66,115.76,321.70,1,-1,-1,-1
361,3186,1117.37,403.84,148.51,338.12,1,-1,-1,-1
361,3187,1666.76,396.31,110.43,313.43,1,-1,-1,-1
362,3168,1423.09,400.65,116.77,321.51,1,-1,-1,-1
362,3186,1116.96,404.07,151.73,339.36,1,-1,-1,-1
363,3168,1424.73,400.26,117.73,321.48,1,-1,-1,-1
363,3186,1116.23,404.14,154.34,339.84,1,-1,-1,-1
364,3168,1425.01,400.11,118.61,321.50,1,-1,-1,-1
364,3186,1115.44,404.16,156.59,340.01,1,-1,-1,-1
365,3168,1424.81,400.05,119.41,321.54,1,-1,-1,-1
365,3186,1114.66,404.16,158.58,340.07,1,-1,-1,-1
366,3168,1424.46,400.03,120.14,321.58,1,-1,-1,-1
366,3186,1113.94,404.15,160.36,340.09,1,-1,-1,-1
367,3168,1424.07,400.02,120.79,321.62,1,-1,-1,-1
367,3186,1113.27,404.13,161.96,340.09,1,-1,-1,-1
368,3168,1423.70,400.01,121.39,321.65,1,-1,-1,-1
368,3186,1112.67,404.12,163.40,340.08,1,-1,-1,-1
369,3168,1423.35,400.01,121.92,321.68,1,-1,-1,-1
369,3186,1112.13,404.11,164.70,340.08,1,-1,-1,-1
370,3168,1424.76,400.03,121.73,321.18,1,-1,-1,-1
370,3186,1098.34,400.18,168.98,349.86,1,-1,-1,-1
371,3186,1093.33,398.71,170.33,353.53,1,-1,-1,-1
372,3186,1091.59,398.14,170.62,354.91,1,-1,-1,-1
373,3186,1091.13,397.94,170.51,355.40,1,-1,-1,-1
374,3186,1091.13,397.87,170.26,355.55,1,-1,-1,-1
375,3186,1091.30,397.85,169.99,355.57,1,-1,-1,-1
376,3186,1091.51,397.85,169.72,355.55,1,-1,-1,-1
377,3186,1091.73,397.86,169.47,355.51,1,-1,-1,-1
378,3186,1091.94,397.87,169.24,355.46,1,-1,-1,-1
379,3186,1072.99,388.76,179.28,373.01,1,-1,-1,-1
380,3186,1065.45,385.36,183.99,379.57,1,-1,-1,-1
381,3186,1062.20,384.06,186.61,382.06,1,-1,-1,-1
382,3186,1060.69,383.60,188.32,382.94,1,-1,-1,-1
383,3186,1059.87,383.45,189.61,383.19,1,-1,-1,-1
384,3186,1059.36,383.44,190.68,383.22,1,-1,-1,-1
385,3186,1058.97,383.46,191.60,383.16,1,-1,-1,-1
386,3186,1058.66,383.50,192.42,383.07,1,-1,-1,-1
387,3186,1058.39,383.54,193.15,382.98,1,-1,-1,-1
388,3186,1055.05,379.68,196.13,391.35,1,-1,-1,-1
388,3190,960.00,410.00,181.00,375.00,1,-1,-1,-1
389,3186,1054.17,378.24,196.56,394.47,1,-1,-1,-1
389,3190,960.00,410.00,181.00,375.00,1,-1,-1,-1
390,3168,979.22,409.91,151.03,374.41,1,-1,-1,-1
390,3186,1054.20,377.72,196.10,395.61,1,-1,-1,-1
391,3168,959.87,410.35,151.96,376.71,1,-1,-1,-1
391,3186,1052.20,376.71,197.17,397.76,1,-1,-1,-1
391,3191,487.00,423.00,211.00,411.00,1,-1,-1,-1
392,3191,487.00,423.00,211.00,411.00,1,-1,-1,-1
393,3191,487.00,423.00,211.00,411.00,1,-1,-1,-1
394,3191,487.00,423.00,211.00,411.00,1,-1,-1,-1
395,3191,487.00,423.00,211.00,411.00,1,-1,-1,-1
396,3191,487.00,423.00,211.00,411.00,1,-1,-1,-1
397,3186,948.08,370.05,221.11,449.17,1,-1,-1,-1
397,3191,487.00,423.00,211.00,411.00,1,-1,-1,-1
398,3186,941.38,369.66,221.58,452.66,1,-1,-1,-1
399,3186,939.29,369.52,221.16,453.90,1,-1,-1,-1
400,3186,938.93,369.50,220.47,454.25,1,-1,-1,-1
401,3186,939.22,369.51,219.75,454.25,1,-1,-1,-1
402,3186,939.72,369.55,219.07,454.13,1,-1,-1,-1
403,3186,940.27,369.58,218.45,453.98,1,-1,-1,-1
404,3186,940.79,369.62,217.90,453.81,1,-1,-1,-1
405,3186,941.28,369.65,217.41,453.65,1,-1,-1,-1
406,3168,803.52,313.28,190.52,493.19,1,-1,-1,-1
406,3186,908.99,332.01,231.14,493.77,1,-1,-1,-1
406,3192,671.00,341.00,166.00,440.00,1,-1,-1,-1
407,3168,794.23,299.89,199.73,525.44,1,-1,-1,-1
407,3186,901.76,328.28,233.88,499.62,1,-1,-1,-1
407,3192,685.89,322.14,165.37,437.43,1,-1,-1,-1
408,3168,791.25,294.87,202.16,537.51,1,-1,-1,-1
408,3192,688.16,319.00,165.69,437.00,1,-1,-1,-1
409,3168,790.82,293.03,202.35,542.10,1,-1,-1,-1
409,3192,688.50,318.19,166.25,436.89,1,-1,-1,-1
410,3168,791.30,292.47,201.77,543.66,1,-1,-1,-1
410,3192,688.21,318.11,166.96,436.88,1,-1,-1,-1
411,3168,792.04,292.39,201.01,544.04,1,-1,-1,-1
411,3192,687.74,318.20,167.75,436.89,1,-1,-1,-1
412,3168,792.82,292.49,200.26,543.97,1,-1,-1,-1
412,3192,687.23,318.32,168.59,436.91,1,-1,-1,-1
413,3168,793.56,292.66,199.58,543.74,1,-1,-1,-1
413,3192,686.72,318.42,169.45,436.92,1,-1,-1,-1
414,3168,794.25,292.84,198.97,543.47,1,-1,-1,-1
414,3192,686.22,318.51,170.32,436.93,1,-1,-1,-1
415,3168,785.39,298.18,202.57,540.60,1,-1,-1,-1
415,3192,686.86,317.71,170.28,436.82,1,-1,-1,-1
416,3168,781.14,300.34,206.07,539.33,1,-1,-1,-1
417,3168,778.78,301.25,209.29,538.70,1,-1,-1,-1
418,3168,777.25,301.66,212.17,538.33,1,-1,-1,-1
419,3168,776.12,301.88,214.73,538.06,1,-1,-1,-1
420,3168,775.21,302.02,217.00,537.85,1,-1,-1,-1
421,3168,774.44,302.13,219.02,537.67,1,-1,-1,-1
422,3168,773.77,302.22,220.82,537.51,1,-1,-1,-1
423,3168,773.18,302.29,222.43,537.37,1,-1,-1,-1
424,3168,769.37,301.17,223.33,539.55,1,-1,-1,-1
433,3168,538.39,243.96,284.38,684.77,1,-1,-1,-1
434,3168,527.04,241.24,287.94,691.73,1,-1,-1,-1
435,3168,522.89,240.28,289.49,694.19,1,-1,-1,-1
436,3168,521.59,240.02,290.21,694.87,1,-1,-1,-1
437,3168,521.40,240.02,290.57,694.88,1,-1,-1,-1
438,3168,521.65,240.12,290.76,694.64,1,-1,-1,-1
439,3168,522.04,240.25,290.88,694.32,1,-1,-1,-1
440,3168,522.49,240.39,290.95,693.97,1,-1,-1,-1
441,3168,522.93,240.53,291.00,693.64,1,-1,-1,-1
442,3168,462.32,218.65,320.54,748.99,1,-1,-1,-1
442,3192,1087.03,398.58,140.89,351.34,1,-1,-1,-1
443,3168,437.94,210.48,335.09,769.66,1,-1,-1,-1
443,3192,1090.80,399.65,142.84,350.29,1,-1,-1,-1
444,3168,427.20,207.34,343.66,777.59,1,-1,-1,-1
444,3192,1092.16,400.10,144.26,349.83,1,-1,-1,-1
445,3168,422.16,206.25,349.44,780.35,1,-1,-1,-1
445,3192,1091.87,400.16,145.40,349.77,1,-1,-1,-1
446,3168,419.47,205.96,353.85,781.11,1,-1,-1,-1
446,3192,1091.02,400.08,146.32,349.85,1,-1,-1,-1
447,3168,417.77,205.96,357.48,781.10,1,-1,-1,-1
447,3192,1090.10,399.97,147.07,349.97,1,-1,-1,-1
448,3168,416.54,206.07,360.62,780.83,1,-1,-1,-1
448,3192,1089.27,399.86,147.69,350.09,1,-1,-1,-1
449,3168,415.56,206.22,363.38,780.47,1,-1,-1,-1
449,3192,1088.54,399.76,148.20,350.19,1,-1,-1,-1
450,3168,414.74,206.37,365.84,780.09,1,-1,-1,-1
450,3192,1087.91,399.68,148.64,350.28,1,-1,-1,-1
451,3168,281.65,227.25,365.10,774.55,1,-1,-1,-1
451,3192,1093.37,400.77,148.15,349.13,1,-1,-1,-1
452,3168,223.57,230.78,363.98,768.96,1,-1,-1,-1
453,3168,201.70,232.13,364.25,766.66,1,-1,-1,-1
454,3168,193.73,232.66,365.00,765.65,1,-1,-1,-1
455,3168,191.07,232.86,365.87,765.14,1,-1,-1,-1
456,3168,190.43,232.94,366.73,764.84,1,-1,-1,-1
457,3168,190.52,232.97,367.53,764.63,1,-1,-1,-1
458,3168,190.87,232.98,368.26,764.46,1,-1,-1,-1
459,3168,191.29,232.99,368.93,764.31,1,-1,-1,-1
460,3168,73.06,172.99,396.17,832.67,1,-1,-1,-1
460,3192,1211.70,381.00,131.34,285.79,1,-1,-1,-1
461,3168,25.44,140.69,409.61,872.47,1,-1,-1,-1
461,3192,1222.12,380.15,129.21,281.16,1,-1,-1,-1
462,3168,8.64,127.95,411.90,888.12,1,-1,-1,-1
463,3168,4.16,123.17,410.00,893.96,1,-1,-1,-1
464,3168,4.39,121.55,406.71,895.88,1,-1,-1,-1
465,3168,6.26,121.16,403.12,896.31,1,-1,-1,-1
466,3168,8.59,121.23,399.64,896.17,1,-1,-1,-1
467,3168,10.97,121.46,396.41,895.85,1,-1,-1,-1
468,3168,13.23,121.73,393.44,895.47,1,-1,-1,-1
469,3168,-1.96,116.51,396.59,902.60,1,-1,-1,-1
469,3193,268.00,339.00,232.00,517.00,1,-1,-1,-1
470,3193,268.00,339.00,232.00,517.00,1,-1,-1,-1
471,3193,268.00,339.00,232.00,517.00,1,-1,-1,-1
472,3193,268.00,339.00,232.00,517.00,1,-1,-1,-1
473,3193,268.00,339.00,232.00,517.00,1,-1,-1,-1
474,3193,268.00,339.00,232.00,517.00,1,-1,-1,-1
475,3193,268.00,339.00,232.00,517.00,1,-1,-1,-1
476,3193,268.00,339.00,232.00,517.00,1,-1,-1,-1
477,3193,268.00,339.00,232.00,517.00,1,-1,-1,-1
478,3193,346.48,365.18,214.68,478.06,1,-1,-1,-1
479,3193,383.29,378.54,204.29,453.66,1,-1,-1,-1
480,3193,395.63,383.10,201.05,445.30,1,-1,-1,-1
481,3193,399.37,384.55,200.34,442.61,1,-1,-1,-1
482,3193,400.10,384.90,200.49,441.91,1,-1,-1,-1
483,3193,399.80,384.88,200.92,441.90,1,-1,-1,-1
484,3193,399.17,384.74,201.43,442.12,1,-1,-1,-1
485,3193,398.50,384.57,201.93,442.39,1,-1,-1,-1
486,3193,397.85,384.41,202.40,442.66,1,-1,-1,-1
487,3193,459.33,371.71,213.48,468.01,1,-1,-1,-1
488,3193,487.96,363.78,218.92,479.97,1,-1,-1,-1
489,3193,498.66,360.67,221.04,484.65,1,-1,-1,-1
490,3193,502.31,359.47,221.85,486.44,1,-1,-1,-1
491,3193,503.28,359.03,222.14,487.10,1,-1,-1,-1
492,3193,503.25,358.87,222.23,487.32,1,-1,-1,-1
493,3193,502.89,358.82,222.25,487.39,1,-1,-1,-1
494,3193,502.42,358.81,222.25,487.38,1,-1,-1,-1
495,3193,501.95,358.82,222.23,487.36,1,-1,-1,-1
496,3193,527.23,377.08,197.47,436.50,1,-1,-1,-1
497,3193,536.88,384.26,187.08,416.52,1,-1,-1,-1
498,3193,540.38,386.73,182.79,409.65,1,-1,-1,-1
499,3193,541.70,387.57,180.68,407.34,1,-1,-1,-1
500,3193,542.20,387.81,179.40,406.67,1,-1,-1,-1
501,3193,542.39,387.84,178.48,406.60,1,-1,-1,-1
502,3193,542.47,387.79,177.73,406.74,1,-1,-1,-1
503,3193,542.51,387.72,177.09,406.93,1,-1,-1,-1
504,3193,542.54,387.66,176.51,407.12,1,-1,-1,-1
505,3193,546.94,388.73,175.18,404.06,1,-1,-1,-1
505,3194,644.00,357.00,193.00,422.00,1,-1,-1,-1
506,3193,626.73,364.31,181.95,417.32,1,-1,-1,-1
507,3193,644.59,359.02,183.99,419.91,1,-1,-1,-1
508,3193,650.63,357.12,185.23,420.87,1,-1,-1,-1
509,3193,652.34,356.46,186.12,421.27,1,-1,-1,-1
510,3193,652.44,356.26,186.85,421.45,1,-1,-1,-1
511,3193,651.98,356.23,187.47,421.54,1,-1,-1,-1
512,3193,651.35,356.27,188.01,421.60,1,-1,-1,-1
513,3193,650.70,356.32,188.50,421.65,1,-1,-1,-1
514,3193,628.93,319.81,226.65,511.81,1,-1,-1,-1
515,3193,622.10,306.70,238.88,544.07,1,-1,-1,-1
516,3193,619.48,301.30,242.88,557.51,1,-1,-1,-1
517,3193,618.76,299.28,243.37,562.63,1,-1,-1,-1
518,3193,618.82,298.64,242.55,564.36,1,-1,-1,-1
519,3193,619.16,298.52,241.31,564.77,1,-1,-1,-1
520,3193,619.58,298.60,240.00,564.68,1,-1,-1,-1
521,3193,620.00,298.75,238.73,564.42,1,-1,-1,-1
522,3193,620.39,298.92,237.54,564.09,1,-1,-1,-1
523,3193,651.41,292.00,235.12,568.28,1,-1,-1,-1
524,3193,664.33,289.43,231.91,569.70,1,-1,-1,-1
525,3193,670.16,288.56,228.63,570.06,1,-1,-1,-1
