1,1,438.00,94.00,90.00,240.00,1,-1,-1,-1
1,2,565.00,90.00,70.00,191.00,1,-1,-1,-1
1,3,340.00,81.00,88.00,253.00,1,-1,-1,-1
1,4,182.00,94.00,69.00,226.00,1,-1,-1,-1
2,1,438.00,94.00,90.00,240.00,1,-1,-1,-1
2,2,565.00,90.00,70.00,191.00,1,-1,-1,-1
2,3,340.00,81.00,88.00,253.00,1,-1,-1,-1
2,4,182.00,94.00,69.00,226.00,1,-1,-1,-1
3,1,438.00,94.00,90.00,240.00,1,-1,-1,-1
3,2,565.00,90.00,70.00,191.00,1,-1,-1,-1
3,3,340.00,81.00,88.00,253.00,1,-1,-1,-1
3,4,182.00,94.00,69.00,226.00,1,-1,-1,-1
4,1,438.00,94.00,90.00,240.00,1,-1,-1,-1
4,2,565.00,90.00,70.00,191.00,1,-1,-1,-1
4,3,340.00,81.00,88.00,253.00,1,-1,-1,-1
4,4,182.00,94.00,69.00,226.00,1,-1,-1,-1
5,1,438.00,94.00,90.00,240.00,1,-1,-1,-1
5,2,565.00,90.00,70.00,191.00,1,-1,-1,-1
5,3,340.00,81.00,88.00,253.00,1,-1,-1,-1
5,4,182.00,94.00,69.00,226.00,1,-1,-1,-1
6,1,448.24,87.64,90.02,239.29,1,-1,-1,-1
6,2,563.17,90.71,70.82,193.12,1,-1,-1,-1
6,3,353.69,82.41,86.07,247.34,1,-1,-1,-1
6,4,182.00,94.00,69.00,226.00,1,-1,-1,-1
6,5,61.00,87.00,90.00,242.00,1,-1,-1,-1
7,1,451.75,85.40,90.22,239.04,1,-1,-1,-1
7,2,562.52,90.96,71.15,193.87,1,-1,-1,-1
7,3,358.51,82.91,85.42,245.35,1,-1,-1,-1
7,5,61.00,87.00,90.00,242.00,1,-1,-1,-1
8,1,452.81,84.65,90.50,238.96,1,-1,-1,-1
8,2,562.28,91.04,71.29,194.12,1,-1,-1,-1
8,3,360.07,83.08,85.24,244.69,1,-1,-1,-1
8,5,61.00,87.00,90.00,242.00,1,-1,-1,-1
9,1,453.00,84.44,90.80,238.94,1,-1,-1,-1
9,2,562.19,91.06,71.37,194.19,1,-1,-1,-1
9,3,360.49,83.12,85.22,244.51,1,-1,-1,-1
9,5,61.00,87.00,90.00,242.00,1,-1,-1,-1
10,1,452.88,84.42,91.10,238.94,1,-1,-1,-1
10,2,562.16,91.07,71.42,194.20,1,-1,-1,-1
10,3,360.51,83.13,85.26,244.49,1,-1,-1,-1
10,5,61.00,87.00,90.00,242.00,1,-1,-1,-1
11,1,454.60,83.37,91.06,238.82,1,-1,-1,-1
11,2,558.46,87.06,74.17,200.85,1,-1,-1,-1
11,3,371.37,87.14,85.49,243.86,1,-1,-1,-1
11,4,227.86,96.86,71.81,224.09,1,-1,-1,-1
11,5,43.31,98.31,80.13,218.67,1,-1,-1,-1
11,6,175.00,85.00,51.00,169.00,1,-1,-1,-1
12,2,557.01,85.58,75.37,203.30,1,-1,-1,-1
12,3,375.18,88.62,85.86,243.66,1,-1,-1,-1
12,4,229.44,97.05,74.83,223.97,1,-1,-1,-1
12,5,37.33,102.37,75.85,210.30,1,-1,-1,-1
12,6,175.00,85.00,51.00,169.00,1,-1,-1,-1
13,2,556.39,85.03,75.98,204.19,1,-1,-1,-1
13,3,376.35,89.14,86.26,243.61,1,-1,-1,-1
13,4,229.12,97.12,77.59,223.92,1,-1,-1,-1
13,5,35.95,103.60,73.70,207.76,1,-1,-1,-1
13,6,175.00,85.00,51.00,169.00,1,-1,-1,-1
14,2,556.11,84.83,76.35,204.49,1,-1,-1,-1
14,3,376.55,89.31,86.65,243.63,1,-1,-1,-1
14,4,228.11,97.13,80.10,223.91,1,-1,-1,-1
14,5,36.04,103.92,72.22,207.09,1,-1,-1,-1
14,6,175.00,85.00,51.00,169.00,1,-1,-1,-1
15,2,555.95,84.78,76.62,204.56,1,-1,-1,-1
15,3,376.40,89.34,87.02,243.66,1,-1,-1,-1
15,4,226.91,97.13,82.37,223.92,1,-1,-1,-1
15,5,36.62,103.94,70.98,207.05,1,-1,-1,-1
15,6,175.00,85.00,51.00,169.00,1,-1,-1,-1
16,1,477.32,91.08,82.92,216.54,1,-1,-1,-1
16,2,555.34,84.34,77.01,205.59,1,-1,-1,-1
16,3,382.99,88.02,86.22,239.08,1,-1,-1,-1
16,4,241.92,105.02,77.72,210.75,1,-1,-1,-1
16,5,18.65,109.30,71.23,206.52,1,-1,-1,-1
16,6,172.42,87.12,50.50,167.59,1,-1,-1,-1
17,1,478.73,91.75,82.59,214.88,1,-1,-1,-1
17,3,385.14,87.49,86.37,237.37,1,-1,-1,-1
17,4,247.41,108.03,76.04,205.72,1,-1,-1,-1
17,5,12.08,111.19,71.63,206.47,1,-1,-1,-1
17,6,171.54,87.87,50.27,167.09,1,-1,-1,-1
18,1,479.16,91.96,82.63,214.32,1,-1,-1,-1
18,3,385.64,87.28,86.85,236.77,1,-1,-1,-1
18,4,249.20,109.08,75.53,203.96,1,-1,-1,-1
18,5,9.74,111.79,72.06,206.57,1,-1,-1,-1
18,6,171.27,88.12,50.14,166.92,1,-1,-1,-1
19,1,479.17,92.03,82.80,214.17,1,-1,-1,-1
19,3,385.54,87.19,87.42,236.58,1,-1,-1,-1
19,4,249.67,109.43,75.45,203.37,1,-1,-1,-1
19,5,8.95,111.94,72.48,206.71,1,-1,-1,-1
19,6,171.23,88.19,50.05,166.88,1,-1,-1,-1
20,1,479.03,92.05,83.00,214.18,1,-1,-1,-1
20,3,385.24,87.15,88.00,236.54,1,-1,-1,-1
20,4,249.66,109.52,75.52,203.21,1,-1,-1,-1
20,5,8.71,111.92,72.88,206.84,1,-1,-1,-1
20,6,171.26,88.19,49.97,166.87,1,-1,-1,-1
21,1,490.87,88.09,87.58,225.47,1,-1,-1,-1
21,3,396.68,88.44,87.94,232.61,1,-1,-1,-1
21,4,260.73,104.89,79.58,209.16,1,-1,-1,-1
21,5,4.88,113.53,72.21,204.94,1,-1,-1,-1
21,6,171.76,86.84,51.01,170.22,1,-1,-1,-1
22,1,495.14,86.63,89.40,229.65,1,-1,-1,-1
22,3,400.55,88.92,88.66,231.16,1,-1,-1,-1
22,4,264.23,103.15,82.13,211.40,1,-1,-1,-1
22,6,171.94,86.33,51.42,171.47,1,-1,-1,-1
23,1,496.64,86.07,90.20,231.28,1,-1,-1,-1
23,3,401.55,89.09,89.62,230.66,1,-1,-1,-1
23,4,264.96,102.47,84.01,212.28,1,-1,-1,-1
23,6,172.02,86.14,51.59,171.93,1,-1,-1,-1
24,1,497.06,85.87,90.59,231.90,1,-1,-1,-1
24,3,401.51,89.14,90.61,230.50,1,-1,-1,-1
24,4,264.68,102.20,85.55,212.63,1,-1,-1,-1
24,6,172.04,86.06,51.67,172.09,1,-1,-1,-1
25,1,497.08,85.81,90.81,232.12,1,-1,-1,-1
25,3,401.11,89.15,91.56,230.48,1,-1,-1,-1
25,4,264.07,102.10,86.87,212.77,1,-1,-1,-1
25,6,172.05,86.03,51.72,172.14,1,-1,-1,-1
26,1,506.37,87.75,87.79,225.02,1,-1,-1,-1
26,3,408.71,87.83,91.33,229.19,1,-1,-1,-1
26,4,273.78,101.40,82.92,206.96,1,-1,-1,-1
26,6,173.49,95.20,50.19,168.87,1,-1,-1,-1
27,1,509.88,88.51,86.51,222.29,1,-1,-1,-1
27,3,411.41,87.32,91.41,228.74,1,-1,-1,-1
27,4,277.73,101.14,80.63,204.75,1,-1,-1,-1
27,6,174.19,98.68,49.31,167.62,1,-1,-1,-1
28,1,511.14,88.80,85.92,221.28,1,-1,-1,-1
28,3,412.25,87.13,91.59,228.60,1,-1,-1,-1
28,4,279.45,101.04,79.05,203.95,1,-1,-1,-1
28,6,174.59,99.95,48.71,167.15,1,-1,-1,-1
29,1,511.57,88.91,85.60,220.92,1,-1,-1,-1
29,3,412.41,87.06,91.79,228.58,1,-1,-1,-1
29,4,280.31,101.00,77.80,203.68,1,-1,-1,-1
29,6,174.86,100.39,48.23,166.98,1,-1,-1,-1
30,1,511.68,88.96,85.40,220.80,1,-1,-1,-1
30,3,412.32,87.03,91.99,228.59,1,-1,-1,-1
30,4,280.81,100.99,76.73,203.61,1,-1,-1,-1
30,6,175.08,100.52,47.83,166.93,1,-1,-1,-1
31,1,534.49,94.21,81.57,208.97,1,-1,-1,-1
31,3,425.98,84.40,92.03,229.28,1,-1,-1,-1
31,4,283.84,100.96,76.45,202.86,1,-1,-1,-1
31,6,173.53,94.62,49.62,174.13,1,-1,-1,-1
32,1,542.92,96.23,80.46,204.47,1,-1,-1,-1
32,3,431.12,83.40,91.92,229.56,1,-1,-1,-1
32,6,173.03,92.41,50.13,176.81,1,-1,-1,-1
33,1,545.68,96.95,80.42,202.88,1,-1,-1,-1
33,3,433.01,83.04,91.77,229.68,1,-1,-1,-1
33,6,172.91,91.54,50.19,177.83,1,-1,-1,-1
34,1,546.39,97.19,80.74,202.35,1,-1,-1,-1
34,3,433.66,82.91,91.62,229.74,1,-1,-1,-1
34,6,172.93,91.20,50.09,178.20,1,-1,-1,-1
35,1,546.36,97.26,81.16,202.21,1,-1,-1,-1
35,3,433.85,82.87,91.47,229.78,1,-1,-1,-1
35,6,173.00,91.07,49.93,178.32,1,-1,-1,-1
36,1,548.26,95.29,81.87,205.51,1,-1,-1,-1
36,3,444.91,88.09,90.80,224.58,1,-1,-1,-1
36,4,319.03,100.98,76.63,203.64,1,-1,-1,-1
36,6,172.69,87.77,50.54,181.60,1,-1,-1,-1
37,1,549.02,94.55,81.82,206.78,1,-1,-1,-1
37,3,448.64,90.09,91.27,222.61,1,-1,-1,-1
37,4,321.61,100.99,76.58,203.76,1,-1,-1,-1
37,6,172.66,86.52,50.61,182.82,1,-1,-1,-1
38,1,549.34,94.25,81.52,207.30,1,-1,-1,-1
38,3,449.59,90.82,92.12,221.90,1,-1,-1,-1
38,4,322.53,100.99,76.51,203.79,1,-1,-1,-1
38,6,172.73,86.05,50.48,183.26,1,-1,-1,-1
39,1,549.48,94.14,81.15,207.52,1,-1,-1,-1
39,3,449.53,91.09,93.05,221.67,1,-1,-1,-1
39,4,322.78,100.99,76.45,203.81,1,-1,-1,-1
39,6,172.83,85.88,50.29,183.40,1,-1,-1,-1
40,1,549.56,94.09,80.78,207.62,1,-1,-1,-1
40,3,449.12,91.17,93.95,221.60,1,-1,-1,-1
40,4,322.76,100.99,76.40,203.83,1,-1,-1,-1
40,6,172.93,85.83,50.09,183.43,1,-1,-1,-1
41,1,551.50,86.22,85.81,225.34,1,-1,-1,-1
41,3,451.06,90.53,93.85,218.99,1,-1,-1,-1
41,4,334.84,95.11,75.50,203.20,1,-1,-1,-1
41,6,173.55,87.12,49.50,182.11,1,-1,-1,-1
42,1,552.76,83.31,86.56,231.88,1,-1,-1,-1
42,3,451.42,90.28,94.35,218.02,1,-1,-1,-1
42,4,339.47,92.89,74.84,202.96,1,-1,-1,-1
42,6,173.85,87.63,49.15,181.58,1,-1,-1,-1
43,1,553.63,82.18,85.93,234.44,1,-1,-1,-1
43,3,451.22,90.18,95.03,217.69,1,-1,-1,-1
43,4,341.22,92.07,74.31,202.89,1,-1,-1,-1
43,6,174.03,87.82,48.90,181.37,1,-1,-1,-1
44,1,554.31,81.76,84.83,235.39,1,-1,-1,-1
44,3,450.85,90.13,95.73,217.60,1,-1,-1,-1
44,4,341.88,91.78,73.86,202.87,1,-1,-1,-1
44,6,174.14,87.90,48.70,181.27,1,-1,-1,-1
45,1,554.89,81.63,83.64,235.71,1,-1,-1,-1
45,3,450.43,90.11,96.40,217.59,1,-1,-1,-1
45,4,342.12,91.69,73.47,202.87,1,-1,-1,-1
45,6,174.23,87.93,48.53,181.22,1,-1,-1,-1
46,1,556.62,80.87,84.17,237.21,1,-1,-1,-1
46,3,461.80,90.09,97.07,220.23,1,-1,-1,-1
46,4,353.86,99.52,70.72,194.38,1,-1,-1,-1
46,6,174.78,89.91,47.45,177.93,1,-1,-1,-1
47,3,466.14,90.08,97.06,221.24,1,-1,-1,-1
47,4,358.12,102.55,69.83,191.14,1,-1,-1,-1
47,6,175.04,90.66,46.92,176.66,1,-1,-1,-1
48,3,467.82,90.07,96.81,221.64,1,-1,-1,-1
48,4,359.49,103.65,69.66,189.98,1,-1,-1,-1
48,6,175.19,90.94,46.63,176.19,1,-1,-1,-1
49,3,468.48,90.07,96.51,221.80,1,-1,-1,-1
49,4,359.81,104.05,69.74,189.59,1,-1,-1,-1
49,6,175.28,91.04,46.44,176.01,1,-1,-1,-1
50,3,468.73,90.06,96.19,221.87,1,-1,-1,-1
50,4,359.75,104.18,69.91,189.48,1,-1,-1,-1
50,6,175.36,91.07,46.28,175.95,1,-1,-1,-1
51,3,482.57,94.62,94.55,214.06,1,-1,-1,-1
51,4,375.46,102.24,69.19,188.16,1,-1,-1,-1
51,6,174.90,89.77,46.54,177.24,1,-1,-1,-1
51,7,439.00,99.00,58.00,188.00,1,-1,-1,-1
52,3,487.32,96.37,94.79,211.09,1,-1,-1,-1
52,4,381.32,101.50,68.81,187.70,1,-1,-1,-1
52,6,174.75,89.27,46.60,177.73,1,-1,-1,-1
52,7,439.00,99.00,58.00,188.00,1,-1,-1,-1
53,3,488.56,96.99,95.71,210.01,1,-1,-1,-1
53,4,383.42,101.21,68.58,187.56,1,-1,-1,-1
53,6,174.71,89.09,46.59,177.92,1,-1,-1,-1
53,7,439.00,99.00,58.00,188.00,1,-1,-1,-1
54,3,488.54,97.21,96.81,209.65,1,-1,-1,-1
54,4,384.12,101.10,68.40,187.54,1,-1,-1,-1
54,6,174.72,89.02,46.55,177.99,1,-1,-1,-1
54,7,439.00,99.00,58.00,188.00,1,-1,-1,-1
55,3,488.09,97.27,97.90,209.54,1,-1,-1,-1
55,4,384.29,101.06,68.26,187.56,1,-1,-1,-1
55,6,174.73,88.99,46.50,178.01,1,-1,-1,-1
55,7,439.00,99.00,58.00,188.00,1,-1,-1,-1
56,3,501.22,99.90,93.82,202.97,1,-1,-1,-1
56,4,402.31,92.52,69.42,189.56,1,-1,-1,-1
56,6,174.48,89.63,46.36,178.02,1,-1,-1,-1
56,7,439.00,99.00,58.00,188.00,1,-1,-1,-1
57,3,506.33,100.87,91.79,200.52,1,-1,-1,-1
57,4,408.87,89.31,70.08,190.33,1,-1,-1,-1
57,6,174.42,89.88,46.23,178.02,1,-1,-1,-1
58,3,508.34,101.21,90.58,199.65,1,-1,-1,-1
58,4,411.09,88.12,70.55,190.64,1,-1,-1,-1
58,6,174.43,89.97,46.12,178.02,1,-1,-1,-1
59,3,509.17,101.31,89.72,199.38,1,-1,-1,-1
59,4,411.68,87.70,70.91,190.77,1,-1,-1,-1
59,6,174.47,90.01,46.01,178.02,1,-1,-1,-1
60,3,509.56,101.33,89.03,199.33,1,-1,-1,-1
60,4,411.67,87.57,71.22,190.83,1,-1,-1,-1
60,6,174.51,90.02,45.91,178.02,1,-1,-1,-1
61,3,512.63,101.92,88.49,198.10,1,-1,-1,-1
61,4,414.15,104.53,68.05,176.49,1,-1,-1,-1
61,6,174.22,86.10,47.16,181.94,1,-1,-1,-1
62,4,414.36,111.15,67.83,170.95,1,-1,-1,-1
62,6,174.04,84.63,47.76,183.41,1,-1,-1,-1
63,4,413.83,113.49,68.77,169.02,1,-1,-1,-1
63,6,173.92,84.07,48.10,183.96,1,-1,-1,-1
64,4,413.07,114.30,70.05,168.37,1,-1,-1,-1
64,6,173.82,83.88,48.33,184.16,1,-1,-1,-1
65,4,412.27,114.56,71.37,168.19,1,-1,-1,-1
65,6,173.74,83.81,48.51,184.21,1,-1,-1,-1
66,3,540.47,95.70,88.90,202.21,1,-1,-1,-1
66,4,396.48,100.07,72.93,175.45,1,-1,-1,-1
66,6,173.32,83.15,48.71,184.87,1,-1,-1,-1
66,7,432.21,99.98,56.84,181.12,1,-1,-1,-1
67,3,542.95,95.19,87.90,202.60,1,-1,-1,-1
67,4,391.04,94.71,72.66,178.15,1,-1,-1,-1
67,6,173.15,82.91,48.80,185.11,1,-1,-1,-1
67,7,431.60,100.02,57.55,180.89,1,-1,-1,-1
68,3,544.10,95.01,87.00,202.74,1,-1,-1,-1
68,4,389.29,92.65,71.82,179.22,1,-1,-1,-1
68,6,173.08,82.83,48.84,185.19,1,-1,-1,-1
68,7,431.20,100.03,58.17,180.80,1,-1,-1,-1
69,3,544.65,94.95,86.20,202.80,1,-1,-1,-1
69,4,388.95,91.90,70.84,179.64,1,-1,-1,-1
69,6,173.06,82.82,48.87,185.20,1,-1,-1,-1
69,7,430.91,100.03,58.71,180.78,1,-1,-1,-1
70,3,544.95,94.93,85.52,202.83,1,-1,-1,-1
70,4,389.13,91.64,69.86,179.81,1,-1,-1,-1
70,6,173.04,82.82,48.88,185.20,1,-1,-1,-1
70,7,430.68,100.03,59.18,180.79,1,-1,-1,-1
71,3,551.30,90.36,85.64,205.46,1,-1,-1,-1
71,4,383.94,88.96,69.57,181.18,1,-1,-1,-1
71,6,175.96,84.79,48.26,183.23,1,-1,-1,-1
71,7,443.97,100.03,61.56,184.09,1,-1,-1,-1
72,3,553.87,88.64,85.18,206.46,1,-1,-1,-1
72,4,382.21,87.98,69.02,181.71,1,-1,-1,-1
72,6,177.10,85.55,47.97,182.47,1,-1,-1,-1
72,7,448.63,100.03,63.11,185.34,1,-1,-1,-1
73,3,554.97,88.00,84.57,206.84,1,-1,-1,-1
73,4,381.77,87.63,68.42,181.91,1,-1,-1,-1
73,6,177.54,85.83,47.82,182.18,1,-1,-1,-1
73,7,450.08,100.02,64.27,185.81,1,-1,-1,-1
74,3,555.48,87.78,83.95,206.98,1,-1,-1,-1
74,4,381.80,87.54,67.83,181.98,1,-1,-1,-1
74,6,177.72,85.94,47.71,182.07,1,-1,-1,-1
74,7,450.33,100.02,65.22,185.99,1,-1,-1,-1
75,3,555.75,87.72,83.37,207.03,1,-1,-1,-1
75,4,382.00,87.53,67.29,182.01,1,-1,-1,-1
75,6,177.80,85.99,47.64,182.02,1,-1,-1,-1
75,7,450.16,100.02,66.02,186.05,1,-1,-1,-1
76,3,560.70,92.92,79.83,201.18,1,-1,-1,-1
76,4,375.02,92.12,66.25,179.41,1,-1,-1,-1
76,6,182.34,86.65,46.41,174.17,1,-1,-1,-1
76,7,457.53,101.32,65.06,181.50,1,-1,-1,-1
77,3,562.78,94.94,77.89,198.94,1,-1,-1,-1
77,4,372.41,93.89,65.81,178.42,1,-1,-1,-1
77,6,183.87,86.91,46.34,171.16,1,-1,-1,-1
77,7,460.13,101.82,65.02,179.76,1,-1,-1,-1
78,3,563.74,95.69,76.63,198.12,1,-1,-1,-1
78,4,371.48,94.57,65.62,178.05,1,-1,-1,-1
78,6,184.21,87.00,46.72,170.08,1,-1,-1,-1
78,7,460.89,102.00,65.30,179.12,1,-1,-1,-1
79,3,564.28,95.96,75.68,197.83,1,-1,-1,-1
79,4,371.19,94.83,65.51,177.92,1,-1,-1,-1
79,6,184.14,87.03,47.21,169.70,1,-1,-1,-1
79,7,460.97,102.06,65.68,178.89,1,-1,-1,-1
80,3,564.62,96.06,74.90,197.74,1,-1,-1,-1
80,4,371.14,94.93,65.44,177.88,1,-1,-1,-1
80,6,183.93,87.04,47.72,169.59,1,-1,-1,-1
80,7,460.83,102.08,66.07,178.82,1,-1,-1,-1
81,3,563.32,101.33,72.09,191.18,1,-1,-1,-1
81,4,363.60,95.62,63.53,170.68,1,-1,-1,-1
81,6,183.61,85.07,48.37,170.24,1,-1,-1,-1
81,7,473.35,99.46,68.47,184.05,1,-1,-1,-1
82,3,562.82,103.33,70.88,188.70,1,-1,-1,-1
82,4,360.60,95.89,63.17,167.94,1,-1,-1,-1
82,6,183.34,84.33,48.86,170.51,1,-1,-1,-1
82,7,477.87,98.48,69.63,186.01,1,-1,-1,-1
83,3,562.66,104.04,70.30,187.82,1,-1,-1,-1
83,4,359.37,95.98,63.39,166.96,1,-1,-1,-1
83,6,183.11,84.05,49.28,170.63,1,-1,-1,-1
83,7,479.41,98.10,70.29,186.76,1,-1,-1,-1
84,3,562.63,104.28,69.96,187.53,1,-1,-1,-1
84,4,358.81,96.02,63.79,166.63,1,-1,-1,-1
84,6,182.91,83.95,49.64,170.69,1,-1,-1,-1
84,7,479.80,97.96,70.74,187.04,1,-1,-1,-1
85,3,562.64,104.35,69.73,187.46,1,-1,-1,-1
85,4,358.51,96.03,64.24,166.54,1,-1,-1,-1
85,6,182.72,83.92,49.96,170.73,1,-1,-1,-1
85,7,479.78,97.92,71.09,187.13,1,-1,-1,-1
86,3,559.53,108.95,63.99,173.67,1,-1,-1,-1
86,4,354.28,92.74,65.53,171.14,1,-1,-1,-1
86,6,184.80,88.50,49.05,165.53,1,-1,-1,-1
86,7,492.25,103.12,68.24,176.74,1,-1,-1,-1
87,3,558.42,110.68,61.53,168.43,1,-1,-1,-1
87,4,352.87,91.52,65.76,172.87,1,-1,-1,-1
87,6,185.42,90.25,49.01,163.56,1,-1,-1,-1
87,7,496.69,105.13,67.64,172.71,1,-1,-1,-1
88,3,558.15,111.26,60.39,166.64,1,-1,-1,-1
88,4,352.50,91.06,65.62,173.55,1,-1,-1,-1
88,6,185.48,90.88,49.29,162.86,1,-1,-1,-1
88,7,497.96,105.86,67.94,171.26,1,-1,-1,-1
89,3,558.17,111.44,59.75,166.06,1,-1,-1,-1
89,4,352.52,90.89,65.36,173.81,1,-1,-1,-1
89,6,185.36,91.11,49.67,162.63,1,-1,-1,-1
89,7,498.10,106.11,68.52,170.75,1,-1,-1,-1
90,3,558.28,111.47,59.32,165.93,1,-1,-1,-1
90,4,352.67,90.84,65.07,173.91,1,-1,-1,-1
90,6,185.18,91.18,50.05,162.58,1,-1,-1,-1
90,7,497.84,106.19,69.16,170.59,1,-1,-1,-1
91,3,558.44,112.34,58.59,163.89,1,-1,-1,-1
91,4,338.73,94.10,65.01,171.35,1,-1,-1,-1
91,6,187.81,89.88,50.68,163.24,1,-1,-1,-1
91,7,512.76,102.92,70.10,171.22,1,-1,-1,-1
92,4,333.24,95.34,65.45,170.37,1,-1,-1,-1
92,6,188.67,89.38,51.15,163.51,1,-1,-1,-1
92,7,518.09,101.68,70.84,171.49,1,-1,-1,-1
93,4,331.04,95.81,66.05,170.01,1,-1,-1,-1
93,6,188.87,89.18,51.54,163.64,1,-1,-1,-1
93,7,519.80,101.21,71.45,171.61,1,-1,-1,-1
94,4,330.11,95.98,66.66,169.89,1,-1,-1,-1
94,6,188.82,89.10,51.88,163.70,1,-1,-1,-1
94,7,520.16,101.04,71.99,171.67,1,-1,-1,-1
95,4,329.66,96.04,67.25,169.85,1,-1,-1,-1
95,6,188.70,89.07,52.18,163.74,1,-1,-1,-1
95,7,520.04,100.97,72.47,171.72,1,-1,-1,-1
96,4,325.87,96.06,67.66,169.19,1,-1,-1,-1
96,6,190.34,89.06,52.81,165.08,1,-1,-1,-1
96,7,523.72,101.61,71.54,168.48,1,-1,-1,-1
96,8,390.00,111.00,44.00,144.00,1,-1,-1,-1
97,4,324.34,96.07,68.18,168.96,1,-1,-1,-1
97,6,190.89,89.05,53.15,165.59,1,-1,-1,-1
97,7,524.87,101.85,71.42,167.26,1,-1,-1,-1
97,8,390.00,111.00,44.00,144.00,1,-1,-1,-1
98,4,323.67,96.06,68.70,168.88,1,-1,-1,-1
98,6,191.03,89.04,53.38,165.80,1,-1,-1,-1
98,7,525.10,101.95,71.58,166.83,1,-1,-1,-1
98,8,390.00,111.00,44.00,144.00,1,-1,-1,-1
99,4,323.34,96.06,69.19,168.86,1,-1,-1,-1
99,6,191.02,89.04,53.56,165.88,1,-1,-1,-1
99,7,524.99,101.98,71.84,166.70,1,-1,-1,-1
99,8,390.00,111.00,44.00,144.00,1,-1,-1,-1
100,4,323.15,96.05,69.64,168.86,1,-1,-1,-1
100,6,190.95,89.03,53.70,165.92,1,-1,-1,-1
100,7,524.78,101.99,72.12,166.67,1,-1,-1,-1
100,8,390.00,111.00,44.00,144.00,1,-1,-1,-1
101,3,502.62,113.19,55.41,154.73,1,-1,-1,-1
101,4,317.33,91.47,70.96,174.10,1,-1,-1,-1
101,6,191.53,89.68,53.82,166.59,1,-1,-1,-1
101,7,524.82,107.24,67.89,160.78,1,-1,-1,-1
101,8,389.76,110.29,43.77,141.88,1,-1,-1,-1
101,9,548.00,102.00,70.00,171.00,1,-1,-1,-1
102,3,500.51,113.18,55.40,154.49,1,-1,-1,-1
102,4,315.42,89.75,70.99,176.06,1,-1,-1,-1
102,6,191.76,89.93,53.81,166.84,1,-1,-1,-1
102,7,525.15,109.24,65.45,158.56,1,-1,-1,-1
102,8,389.53,110.04,43.98,141.13,1,-1,-1,-1
102,9,548.00,102.00,70.00,171.00,1,-1,-1,-1
103,3,499.78,113.17,55.43,154.41,1,-1,-1,-1
103,4,314.96,89.10,70.59,176.81,1,-1,-1,-1
103,6,191.86,90.02,53.76,166.94,1,-1,-1,-1
103,7,525.61,109.96,63.78,157.78,1,-1,-1,-1
103,8,389.30,109.96,44.35,140.88,1,-1,-1,-1
103,9,548.00,102.00,70.00,171.00,1,-1,-1,-1
104,3,499.59,113.16,55.47,154.41,1,-1,-1,-1
104,4,315.03,88.87,70.07,177.09,1,-1,-1,-1
104,6,191.90,90.05,53.70,166.98,1,-1,-1,-1
104,7,526.08,110.21,62.46,157.53,1,-1,-1,-1
104,8,389.07,109.94,44.79,140.82,1,-1,-1,-1
104,9,548.00,102.00,70.00,171.00,1,-1,-1,-1
105,3,499.61,113.15,55.53,154.45,1,-1,-1,-1
105,4,315.29,88.79,69.53,177.18,1,-1,-1,-1
105,6,191.92,90.05,53.64,166.99,1,-1,-1,-1
105,7,526.53,110.28,61.33,157.47,1,-1,-1,-1
105,8,388.85,109.94,45.24,140.81,1,-1,-1,-1
105,9,548.00,102.00,70.00,171.00,1,-1,-1,-1
106,3,493.73,113.79,55.70,152.53,1,-1,-1,-1
106,4,308.27,88.78,68.70,176.55,1,-1,-1,-1
106,6,191.18,91.36,53.13,165.69,1,-1,-1,-1
106,7,523.88,110.29,59.89,156.17,1,-1,-1,-1
106,8,387.58,113.29,45.11,138.81,1,-1,-1,-1
106,9,560.26,98.46,70.23,173.12,1,-1,-1,-1
106,10,464.00,127.00,64.00,137.00,1,-1,-1,-1
107,3,491.41,114.03,56.18,151.83,1,-1,-1,-1
107,4,305.81,88.79,68.08,176.30,1,-1,-1,-1
107,6,190.91,91.85,52.88,165.20,1,-1,-1,-1
107,7,523.08,110.27,58.88,155.71,1,-1,-1,-1
107,8,386.95,114.54,45.37,138.09,1,-1,-1,-1
107,9,564.79,97.22,69.86,173.87,1,-1,-1,-1
107,10,464.00,127.00,64.00,137.00,1,-1,-1,-1
108,3,490.45,114.10,56.73,151.61,1,-1,-1,-1
108,4,305.08,88.80,67.57,176.19,1,-1,-1,-1
108,6,190.82,92.03,52.75,165.02,1,-1,-1,-1
108,7,522.98,110.25,58.07,155.58,1,-1,-1,-1
108,8,386.59,114.99,45.75,137.84,1,-1,-1,-1
108,9,566.55,96.81,69.25,174.12,1,-1,-1,-1
108,10,464.00,127.00,64.00,137.00,1,-1,-1,-1
109,3,490.02,114.13,57.25,151.55,1,-1,-1,-1
109,4,305.00,88.82,67.12,176.15,1,-1,-1,-1
109,6,190.80,92.09,52.66,164.95,1,-1,-1,-1
109,7,523.12,110.22,57.37,155.55,1,-1,-1,-1
109,8,386.32,115.14,46.17,137.76,1,-1,-1,-1
109,9,567.31,96.69,68.58,174.19,1,-1,-1,-1
109,10,464.00,127.00,64.00,137.00,1,-1,-1,-1
110,3,489.81,114.12,57.73,151.56,1,-1,-1,-1
110,4,305.14,88.84,66.73,176.12,1,-1,-1,-1
110,6,190.80,92.10,52.59,164.93,1,-1,-1,-1
110,7,523.34,110.20,56.76,155.57,1,-1,-1,-1
110,8,386.11,115.18,46.57,137.76,1,-1,-1,-1
110,9,567.70,96.67,67.88,174.20,1,-1,-1,-1
110,10,464.00,127.00,64.00,137.00,1,-1,-1,-1
111,3,487.68,114.34,57.45,150.81,1,-1,-1,-1
111,4,304.28,94.07,63.97,169.58,1,-1,-1,-1
111,6,190.35,90.80,52.81,164.93,1,-1,-1,-1
111,7,523.75,110.53,56.50,154.85,1,-1,-1,-1
111,8,386.48,113.87,47.82,140.41,1,-1,-1,-1
111,9,575.20,100.02,66.74,174.85,1,-1,-1,-1
111,10,465.57,128.41,64.40,134.88,1,-1,-1,-1
112,4,304.10,96.09,62.77,167.07,1,-1,-1,-1
112,6,190.11,90.30,53.02,164.93,1,-1,-1,-1
112,8,386.52,113.37,48.48,141.41,1,-1,-1,-1
112,9,578.33,101.29,65.48,175.08,1,-1,-1,-1
112,10,465.64,128.91,65.51,134.13,1,-1,-1,-1
113,4,304.15,96.82,62.20,166.15,1,-1,-1,-1
113,6,189.96,90.11,53.21,164.94,1,-1,-1,-1
113,8,386.45,113.17,48.91,141.79,1,-1,-1,-1
113,9,579.80,101.78,64.23,175.15,1,-1,-1,-1
113,10,465.15,129.08,66.90,133.88,1,-1,-1,-1
114,4,304.27,97.09,61.88,165.83,1,-1,-1,-1
114,6,189.85,90.03,53.38,164.94,1,-1,-1,-1
114,8,386.34,113.09,49.24,141.94,1,-1,-1,-1
114,9,580.63,101.96,63.04,175.17,1,-1,-1,-1
114,10,464.46,129.12,68.39,133.82,1,-1,-1,-1
115,4,304.42,97.17,61.65,165.73,1,-1,-1,-1
115,6,189.77,90.01,53.53,164.95,1,-1,-1,-1
115,8,386.23,113.06,49.51,141.99,1,-1,-1,-1
115,9,581.19,102.02,61.91,175.16,1,-1,-1,-1
115,10,463.72,129.13,69.89,133.81,1,-1,-1,-1
116,4,299.95,99.16,61.52,167.03,1,-1,-1,-1
116,6,192.30,89.34,53.67,164.95,1,-1,-1,-1
116,7,509.34,122.21,50.32,135.27,1,-1,-1,-1
116,8,387.42,112.39,49.77,143.32,1,-1,-1,-1
116,9,584.84,102.70,59.72,173.18,1,-1,-1,-1
116,10,452.06,128.45,69.75,135.16,1,-1,-1,-1
117,4,298.47,99.89,61.15,167.53,1,-1,-1,-1
117,6,193.22,89.09,53.80,164.96,1,-1,-1,-1
117,7,507.82,123.08,50.55,133.81,1,-1,-1,-1
117,8,387.92,112.13,49.76,143.82,1,-1,-1,-1
117,9,586.55,102.95,58.09,172.42,1,-1,-1,-1
117,10,447.99,128.19,69.20,135.67,1,-1,-1,-1
118,4,298.11,100.15,60.71,167.73,1,-1,-1,-1
118,6,193.53,89.00,53.92,164.96,1,-1,-1,-1
118,7,507.15,123.38,51.01,133.32,1,-1,-1,-1
118,8,388.16,112.04,49.65,144.00,1,-1,-1,-1
118,9,587.50,103.04,56.73,172.13,1,-1,-1,-1
118,10,446.74,128.09,68.53,135.87,1,-1,-1,-1
119,4,298.15,100.23,60.29,167.82,1,-1,-1,-1
119,6,193.61,88.97,54.02,164.97,1,-1,-1,-1
119,7,506.77,123.46,51.50,133.19,1,-1,-1,-1
119,8,388.29,112.00,49.52,144.07,1,-1,-1,-1
119,9,588.13,103.07,55.54,172.03,1,-1,-1,-1
119,10,446.54,128.05,67.84,135.94,1,-1,-1,-1
120,4,298.34,100.25,59.89,167.86,1,-1,-1,-1
120,6,193.60,88.96,54.11,164.97,1,-1,-1,-1
120,7,506.52,123.45,51.97,133.20,1,-1,-1,-1
120,8,388.38,111.99,49.38,144.09,1,-1,-1,-1
120,9,588.62,103.07,54.47,171.99,1,-1,-1,-1
120,10,446.73,128.03,67.17,135.97,1,-1,-1,-1
121,4,296.62,96.32,58.83,165.92,1,-1,-1,-1
121,6,193.94,88.31,54.75,166.93,1,-1,-1,-1
121,7,502.87,120.11,53.37,137.89,1,-1,-1,-1
121,8,391.33,112.64,49.35,144.74,1,-1,-1,-1
121,9,590.07,103.21,54.45,171.93,1,-1,-1,-1
121,10,432.75,119.48,68.81,143.22,1,-1,-1,-1
122,4,296.10,94.81,58.23,165.19,1,-1,-1,-1
122,6,194.06,88.06,54.98,167.67,1,-1,-1,-1
122,7,501.64,118.86,53.68,139.65,1,-1,-1,-1
122,8,392.51,112.88,49.21,144.98,1,-1,-1,-1
122,10,428.16,116.30,68.28,145.90,1,-1,-1,-1
123,4,296.04,94.24,57.84,164.93,1,-1,-1,-1
123,6,194.10,87.97,55.07,167.95,1,-1,-1,-1
123,7,501.30,118.37,53.62,140.35,1,-1,-1,-1
123,8,393.01,112.98,49.03,145.07,1,-1,-1,-1
123,10,426.96,115.09,67.06,146.93,1,-1,-1,-1
124,4,296.13,94.04,57.54,164.85,1,-1,-1,-1
124,6,194.11,87.94,55.09,168.05,1,-1,-1,-1
124,7,501.29,118.18,53.44,140.64,1,-1,-1,-1
124,8,393.24,113.01,48.85,145.09,1,-1,-1,-1
124,10,427.05,114.66,65.67,147.29,1,-1,-1,-1
125,4,296.27,93.96,57.28,164.82,1,-1,-1,-1
125,6,194.10,87.94,55.09,168.08,1,-1,-1,-1
125,7,501.39,118.10,53.22,140.76,1,-1,-1,-1
125,8,393.37,113.02,48.68,145.10,1,-1,-1,-1
125,10,427.60,114.53,64.28,147.41,1,-1,-1,-1
126,4,293.52,95.90,57.64,166.14,1,-1,-1,-1
126,6,195.02,87.29,55.19,168.09,1,-1,-1,-1
126,7,496.71,115.45,54.14,142.77,1,-1,-1,-1
126,8,402.10,111.72,51.42,148.35,1,-1,-1,-1
126,10,425.15,113.60,64.63,148.20,1,-1,-1,-1
127,4,292.53,96.63,57.72,166.64,1,-1,-1,-1
127,6,195.34,87.04,55.27,168.09,1,-1,-1,-1
127,7,494.93,114.45,54.57,143.54,1,-1,-1,-1
127,8,404.93,111.23,53.36,149.58,1,-1,-1,-1
128,4,292.22,96.91,57.71,166.84,1,-1,-1,-1
128,6,195.43,86.96,55.34,168.08,1,-1,-1,-1
128,7,494.26,114.08,54.80,143.84,1,-1,-1,-1
128,8,405.58,111.04,54.90,150.03,1,-1,-1,-1
129,4,292.16,97.01,57.66,166.91,1,-1,-1,-1
129,6,195.44,86.93,55.40,168.07,1,-1,-1,-1
129,7,494.00,113.94,54.96,143.95,1,-1,-1,-1
129,8,405.43,110.97,56.20,150.19,1,-1,-1,-1
130,4,292.18,97.05,57.61,166.95,1,-1,-1,-1
130,6,195.42,86.92,55.46,168.07,1,-1,-1,-1
130,7,493.92,113.90,55.07,143.99,1,-1,-1,-1
130,8,405.00,110.95,57.35,150.23,1,-1,-1,-1
131,4,289.25,97.71,58.32,166.31,1,-1,-1,-1
131,6,195.67,84.31,56.24,171.98,1,-1,-1,-1
131,7,486.98,113.89,55.94,144.01,1,-1,-1,-1
131,8,402.08,112.25,57.99,150.24,1,-1,-1,-1
132,4,287.92,97.96,59.07,166.07,1,-1,-1,-1
132,6,195.90,83.34,56.26,173.44,1,-1,-1,-1
132,7,484.16,113.89,56.72,144.01,1,-1,-1,-1
132,8,400.77,112.74,58.57,150.22,1,-1,-1,-1
133,4,287.23,98.04,59.79,165.98,1,-1,-1,-1
133,6,196.10,82.97,56.01,173.99,1,-1,-1,-1
133,7,482.93,113.90,57.42,144.01,1,-1,-1,-1
133,8,400.09,112.93,59.09,150.21,1,-1,-1,-1
134,4,286.81,98.07,60.47,165.95,1,-1,-1,-1
134,6,196.29,82.85,55.69,174.19,1,-1,-1,-1
134,7,482.33,113.91,58.06,144.01,1,-1,-1,-1
134,8,399.68,113.00,59.55,150.19,1,-1,-1,-1
135,4,286.49,98.08,61.09,165.94,1,-1,-1,-1
135,6,196.45,82.81,55.36,174.24,1,-1,-1,-1
135,7,481.99,113.92,58.63,144.01,1,-1,-1,-1
135,8,399.38,113.02,59.98,150.17,1,-1,-1,-1
136,4,281.29,96.12,62.40,165.29,1,-1,-1,-1
136,6,195.68,82.16,54.94,174.90,1,-1,-1,-1
136,7,471.51,110.66,60.05,146.62,1,-1,-1,-1
136,8,393.45,111.08,61.28,153.41,1,-1,-1,-1
137,4,278.94,95.37,63.71,165.05,1,-1,-1,-1
137,6,195.54,81.92,54.45,175.13,1,-1,-1,-1
137,7,467.50,109.44,60.77,147.60,1,-1,-1,-1
137,8,391.21,110.34,61.78,154.63,1,-1,-1,-1
138,4,277.72,95.09,64.94,164.96,1,-1,-1,-1
138,6,195.64,81.84,53.96,175.21,1,-1,-1,-1
138,7,465.94,108.98,61.22,147.97,1,-1,-1,-1
138,8,390.35,110.06,61.96,155.08,1,-1,-1,-1
139,4,276.96,94.99,66.08,164.93,1,-1,-1,-1
139,6,195.81,81.83,53.50,175.22,1,-1,-1,-1
139,7,465.34,108.83,61.54,148.10,1,-1,-1,-1
139,8,390.03,109.96,62.03,155.23,1,-1,-1,-1
140,4,276.41,94.95,67.11,164.93,1,-1,-1,-1
140,6,196.00,81.83,53.07,175.21,1,-1,-1,-1
140,7,465.11,108.78,61.79,148.14,1,-1,-1,-1
140,8,389.91,109.93,62.05,155.27,1,-1,-1,-1
141,4,270.26,94.29,67.67,164.93,1,-1,-1,-1
141,6,195.05,83.14,52.35,173.90,1,-1,-1,-1
141,7,461.29,114.64,59.72,143.59,1,-1,-1,-1
141,8,386.90,111.22,61.50,151.37,1,-1,-1,-1
142,4,267.83,94.04,68.18,164.93,1,-1,-1,-1
142,6,194.77,83.65,51.90,173.38,1,-1,-1,-1
142,7,459.95,116.90,58.83,141.83,1,-1,-1,-1
142,8,385.51,111.72,61.79,149.85,1,-1,-1,-1
143,4,266.81,93.95,68.64,164.94,1,-1,-1,-1
143,6,194.75,83.85,51.57,173.18,1,-1,-1,-1
143,7,459.55,117.73,58.42,141.19,1,-1,-1,-1
143,8,384.76,111.91,62.37,149.28,1,-1,-1,-1
144,4,266.36,93.93,69.05,164.95,1,-1,-1,-1
144,6,194.82,83.93,51.31,173.10,1,-1,-1,-1
144,7,459.49,118.04,58.20,140.95,1,-1,-1,-1
144,8,384.29,111.98,63.02,149.07,1,-1,-1,-1
145,4,266.12,93.92,69.43,164.95,1,-1,-1,-1
145,6,194.91,83.96,51.08,173.07,1,-1,-1,-1
145,7,459.57,118.14,58.05,140.88,1,-1,-1,-1
145,8,383.93,112.01,63.66,148.99,1,-1,-1,-1
146,4,260.73,93.92,68.50,163.00,1,-1,-1,-1
146,6,192.89,85.93,49.89,169.13,1,-1,-1,-1
146,7,458.06,118.17,57.88,141.51,1,-1,-1,-1
146,8,386.69,109.40,64.03,152.24,1,-1,-1,-1
146,9,435.70,112.96,46.92,149.13,1,-1,-1,-1
146,10,361.92,114.76,63.61,146.21,1,-1,-1,-1
146,11,27.00,114.00,59.00,171.00,1,-1,-1,-1
147,4,258.75,93.93,68.08,162.26,1,-1,-1,-1
147,6,192.13,86.68,49.42,167.63,1,-1,-1,-1
147,7,457.66,118.16,57.60,141.76,1,-1,-1,-1
147,8,388.01,108.42,63.62,153.46,1,-1,-1,-1
147,9,433.33,113.10,46.62,148.79,1,-1,-1,-1
147,10,360.96,114.91,63.44,146.06,1,-1,-1,-1
147,11,27.00,114.00,59.00,171.00,1,-1,-1,-1
148,4,258.09,93.94,67.88,161.99,1,-1,-1,-1
148,6,191.86,86.96,49.24,167.08,1,-1,-1,-1
148,7,457.66,118.15,57.29,141.86,1,-1,-1,-1
148,8,388.77,108.05,62.97,153.92,1,-1,-1,-1
148,9,432.43,113.15,46.46,148.66,1,-1,-1,-1
148,10,360.57,114.96,63.35,146.02,1,-1,-1,-1
148,11,27.00,114.00,59.00,171.00,1,-1,-1,-1
149,4,257.91,93.94,67.76,161.90,1,-1,-1,-1
149,6,191.78,87.06,49.16,166.89,1,-1,-1,-1
149,7,457.79,118.14,56.99,141.90,1,-1,-1,-1
149,8,389.28,107.92,62.27,154.08,1,-1,-1,-1
149,9,432.30,113.16,46.36,148.63,1,-1,-1,-1
149,10,360.52,114.97,63.29,146.00,1,-1,-1,-1
149,11,27.00,114.00,59.00,171.00,1,-1,-1,-1
150,4,257.92,93.95,67.67,161.87,1,-1,-1,-1
150,6,191.76,87.09,49.13,166.83,1,-1,-1,-1
150,7,457.97,118.13,56.71,141.92,1,-1,-1,-1
150,8,389.68,107.88,61.60,154.14,1,-1,-1,-1
150,9,432.47,113.15,46.30,148.66,1,-1,-1,-1
150,10,360.61,114.98,63.25,146.00,1,-1,-1,-1
150,11,27.00,114.00,59.00,171.00,1,-1,-1,-1
151,4,255.16,91.99,67.36,162.52,1,-1,-1,-1
151,6,190.26,86.44,48.85,166.16,1,-1,-1,-1
151,7,456.74,118.12,55.37,139.32,1,-1,-1,-1
151,8,396.25,109.17,60.22,154.15,1,-1,-1,-1
151,9,430.12,108.49,48.14,154.66,1,-1,-1,-1
151,10,351.75,111.69,63.39,151.27,1,-1,-1,-1
151,11,37.02,126.73,55.93,158.98,1,-1,-1,-1
152,4,254.31,91.25,66.94,162.78,1,-1,-1,-1
152,6,189.73,86.19,48.70,165.92,1,-1,-1,-1
152,7,456.38,118.10,54.70,138.34,1,-1,-1,-1
152,8,399.11,109.67,58.97,154.14,1,-1,-1,-1
152,9,429.33,106.76,48.81,156.90,1,-1,-1,-1
152,10,349.00,110.46,62.44,153.23,1,-1,-1,-1
152,11,40.25,131.27,55.53,154.69,1,-1,-1,-1
153,4,254.17,90.98,66.50,162.88,1,-1,-1,-1
153,6,189.56,86.09,48.61,165.85,1,-1,-1,-1
153,7,456.36,118.09,54.32,137.98,1,-1,-1,-1
153,8,400.51,109.86,57.83,154.13,1,-1,-1,-1
153,9,429.18,106.10,49.06,157.75,1,-1,-1,-1
153,10,348.46,110.00,61.24,153.97,1,-1,-1,-1
153,11,40.87,132.68,56.18,153.35,1,-1,-1,-1
154,4,254.29,90.89,66.09,162.92,1,-1,-1,-1
154,6,189.53,86.05,48.54,165.83,1,-1,-1,-1
154,7,456.45,118.09,54.05,137.86,1,-1,-1,-1
154,8,401.32,109.94,56.80,154.12,1,-1,-1,-1
154,9,429.25,105.87,49.14,158.06,1,-1,-1,-1
154,10,348.70,109.84,60.07,154.23,1,-1,-1,-1
154,11,40.62,133.06,57.19,153.00,1,-1,-1,-1
155,4,254.49,90.87,65.70,162.94,1,-1,-1,-1
155,6,189.54,86.03,48.49,165.83,1,-1,-1,-1
155,7,456.57,118.08,53.84,137.82,1,-1,-1,-1
155,8,401.88,109.97,55.87,154.11,1,-1,-1,-1
155,9,429.38,105.80,49.16,158.17,1,-1,-1,-1
155,10,349.20,109.80,59.00,154.31,1,-1,-1,-1
155,11,40.08,133.09,58.30,152.97,1,-1,-1,-1
156,4,253.59,90.86,64.97,162.95,1,-1,-1,-1
156,6,189.79,85.37,48.67,167.15,1,-1,-1,-1
156,7,454.01,118.07,54.44,140.44,1,-1,-1,-1
156,8,401.01,110.63,55.02,154.10,1,-1,-1,-1
156,9,433.53,107.75,48.99,157.54,1,-1,-1,-1
156,10,347.33,111.75,57.64,152.36,1,-1,-1,-1
156,11,41.79,135.12,57.57,151.05,1,-1,-1,-1
156,12,73.00,106.00,49.00,175.00,1,-1,-1,-1
157,4,253.48,90.87,64.31,162.96,1,-1,-1,-1
157,6,189.94,85.12,48.64,167.66,1,-1,-1,-1
157,7,453.19,118.06,54.44,141.43,1,-1,-1,-1
157,8,400.88,110.89,54.26,154.09,1,-1,-1,-1
157,9,435.19,108.50,48.93,157.29,1,-1,-1,-1
157,10,346.86,112.51,56.81,151.59,1,-1,-1,-1
157,11,60.70,112.31,63.23,169.76,1,-1,-1,-1
158,4,253.65,90.88,63.71,162.96,1,-1,-1,-1
158,6,190.06,85.03,48.53,167.85,1,-1,-1,-1
158,7,453.01,118.06,54.24,141.81,1,-1,-1,-1
158,8,401.02,110.98,53.57,154.08,1,-1,-1,-1
158,9,435.87,108.79,48.91,157.18,1,-1,-1,-1
158,10,346.89,112.80,56.23,151.30,1,-1,-1,-1
158,11,65.44,107.84,63.19,173.39,1,-1,-1,-1
159,4,253.91,90.89,63.17,162.97,1,-1,-1,-1
159,6,190.16,84.99,48.40,167.93,1,-1,-1,-1
159,7,453.06,118.05,53.98,141.96,1,-1,-1,-1
159,8,401.24,111.01,52.94,154.07,1,-1,-1,-1
159,9,436.17,108.90,48.91,157.14,1,-1,-1,-1
159,10,347.09,112.91,55.76,151.18,1,-1,-1,-1
159,11,67.53,106.16,62.39,174.76,1,-1,-1,-1
160,4,254.18,90.90,62.67,162.97,1,-1,-1,-1
160,6,190.24,84.98,48.27,167.96,1,-1,-1,-1
160,7,453.19,118.05,53.71,142.01,1,-1,-1,-1
160,8,401.48,111.02,52.38,154.07,1,-1,-1,-1
160,9,436.33,108.95,48.92,157.11,1,-1,-1,-1
160,10,347.33,112.95,55.37,151.12,1,-1,-1,-1
160,11,68.55,105.56,61.35,175.26,1,-1,-1,-1
161,4,254.02,91.56,61.10,161.01,1,-1,-1,-1
161,6,192.07,85.63,47.90,167.32,1,-1,-1,-1
161,7,454.43,123.91,50.63,133.55,1,-1,-1,-1
161,8,400.42,114.29,50.53,150.14,1,-1,-1,-1
161,9,438.16,111.58,48.06,153.83,1,-1,-1,-1
161,10,340.14,113.63,54.22,148.48,1,-1,-1,-1
161,11,85.46,107.98,61.53,173.46,1,-1,-1,-1
162,4,254.20,91.82,60.09,160.27,1,-1,-1,-1
162,6,192.82,85.88,47.66,167.08,1,-1,-1,-1
162,7,454.93,126.17,49.50,130.28,1,-1,-1,-1
162,8,400.14,115.53,49.56,148.64,1,-1,-1,-1
162,9,438.85,112.58,47.82,152.57,1,-1,-1,-1
162,10,337.52,113.88,53.68,147.47,1,-1,-1,-1
162,11,91.59,108.96,62.01,172.74,1,-1,-1,-1
163,4,254.48,91.92,59.32,160.00,1,-1,-1,-1
163,6,193.15,85.97,47.48,166.99,1,-1,-1,-1
163,7,455.09,126.97,49.15,129.12,1,-1,-1,-1
163,8,400.15,115.99,48.97,148.09,1,-1,-1,-1
163,9,439.10,112.95,47.81,152.11,1,-1,-1,-1
163,10,336.65,113.98,53.40,147.10,1,-1,-1,-1
163,11,93.57,109.35,62.57,172.45,1,-1,-1,-1
164,4,254.79,91.96,58.68,159.91,1,-1,-1,-1
164,6,193.32,86.00,47.33,166.96,1,-1,-1,-1
164,7,455.14,127.25,49.08,128.72,1,-1,-1,-1
164,8,400.26,116.14,48.53,147.90,1,-1,-1,-1
164,9,439.18,113.08,47.88,151.94,1,-1,-1,-1
164,10,336.43,114.01,53.22,146.96,1,-1,-1,-1
164,11,93.99,109.53,63.14,172.32,1,-1,-1,-1
165,4,255.08,91.98,58.13,159.88,1,-1,-1,-1
165,6,193.41,86.02,47.20,166.95,1,-1,-1,-1
165,7,455.15,127.32,49.11,128.60,1,-1,-1,-1
165,8,400.40,116.19,48.17,147.84,1,-1,-1,-1
165,9,439.20,113.12,47.97,151.89,1,-1,-1,-1
165,10,336.45,114.02,53.08,146.92,1,-1,-1,-1
165,11,93.85,109.62,63.67,172.26,1,-1,-1,-1
166,4,256.41,91.98,56.83,157.92,1,-1,-1,-1
166,6,192.91,87.33,46.92,166.30,1,-1,-1,-1
166,7,454.83,127.96,48.80,127.78,1,-1,-1,-1
166,8,399.34,112.92,48.96,151.10,1,-1,-1,-1
166,9,434.49,113.13,47.63,149.91,1,-1,-1,-1
166,10,331.96,113.37,52.98,147.56,1,-1,-1,-1
166,11,105.11,109.02,63.81,169.61,1,-1,-1,-1
167,4,257.09,91.99,56.04,157.18,1,-1,-1,-1
167,6,192.74,87.82,46.77,166.06,1,-1,-1,-1
167,8,399.01,111.68,49.12,152.33,1,-1,-1,-1
167,9,432.65,113.12,47.65,149.17,1,-1,-1,-1
167,10,330.41,113.12,52.77,147.81,1,-1,-1,-1
167,11,108.97,108.81,64.45,168.59,1,-1,-1,-1
168,4,257.49,91.99,55.47,156.92,1,-1,-1,-1
168,6,192.69,88.00,46.68,165.97,1,-1,-1,-1
168,8,398.96,111.21,49.05,152.81,1,-1,-1,-1
168,9,431.93,113.11,47.80,148.91,1,-1,-1,-1
168,10,329.97,113.03,52.53,147.91,1,-1,-1,-1
168,11,110.01,108.75,65.22,168.20,1,-1,-1,-1
169,4,257.78,91.99,55.01,156.83,1,-1,-1,-1
169,6,192.70,88.06,46.60,165.94,1,-1,-1,-1
169,8,399.00,111.03,48.90,152.98,1,-1,-1,-1
169,9,431.62,113.10,47.98,148.82,1,-1,-1,-1
169,10,329.94,113.00,52.30,147.95,1,-1,-1,-1
169,11,110.01,108.75,66.00,168.06,1,-1,-1,-1
170,4,258.01,91.99,54.62,156.81,1,-1,-1,-1
170,6,192.71,88.08,46.54,165.93,1,-1,-1,-1
170,8,399.07,110.97,48.74,153.04,1,-1,-1,-1
170,9,431.48,113.09,48.16,148.81,1,-1,-1,-1
170,10,330.05,112.98,52.08,147.97,1,-1,-1,-1
170,11,109.66,108.76,66.73,168.00,1,-1,-1,-1
171,4,256.43,91.34,54.55,156.82,1,-1,-1,-1
171,6,194.01,89.39,46.56,164.63,1,-1,-1,-1
171,8,384.52,113.55,47.86,151.11,1,-1,-1,-1
171,9,431.37,117.67,47.74,144.88,1,-1,-1,-1
171,10,326.77,114.94,50.90,144.71,1,-1,-1,-1
171,11,117.46,97.00,71.18,183.03,1,-1,-1,-1
172,4,255.85,91.09,54.50,156.83,1,-1,-1,-1
172,6,194.40,89.88,46.76,164.14,1,-1,-1,-1
172,8,379.06,114.54,47.38,150.37,1,-1,-1,-1
172,9,431.15,119.40,48.01,143.40,1,-1,-1,-1
172,10,325.59,115.69,50.44,143.47,1,-1,-1,-1
172,11,120.79,92.67,71.90,188.57,1,-1,-1,-1
173,4,255.66,91.00,54.45,156.84,1,-1,-1,-1
173,6,194.46,90.06,47.03,163.96,1,-1,-1,-1
173,8,377.11,114.91,47.08,150.09,1,-1,-1,-1
173,9,430.89,120.03,48.51,142.88,1,-1,-1,-1
173,10,325.22,115.96,50.25,143.02,1,-1,-1,-1
173,11,122.35,90.99,71.42,190.74,1,-1,-1,-1
174,4,255.62,90.97,54.41,156.86,1,-1,-1,-1
174,6,194.39,90.11,47.29,163.90,1,-1,-1,-1
174,8,376.49,115.04,46.85,149.99,1,-1,-1,-1
174,9,430.63,120.24,49.07,142.71,1,-1,-1,-1
174,10,325.13,116.06,50.17,142.86,1,-1,-1,-1
174,11,123.17,90.39,70.53,191.53,1,-1,-1,-1
175,4,255.63,90.96,54.37,156.87,1,-1,-1,-1
175,6,194.28,90.13,47.54,163.89,1,-1,-1,-1
175,8,376.37,115.09,46.66,149.95,1,-1,-1,-1
175,9,430.38,120.30,49.61,142.66,1,-1,-1,-1
175,10,325.15,116.09,50.13,142.82,1,-1,-1,-1
175,11,123.69,90.21,69.54,191.78,1,-1,-1,-1
176,4,252.38,90.31,54.34,158.19,1,-1,-1,-1
176,6,193.73,87.51,49.30,170.43,1,-1,-1,-1
176,8,374.01,113.79,47.40,151.91,1,-1,-1,-1
176,9,428.36,118.33,51.09,145.95,1,-1,-1,-1
176,10,322.47,114.13,51.00,146.09,1,-1,-1,-1
176,11,145.12,94.71,65.90,186.01,1,-1,-1,-1
177,4,251.29,90.06,54.07,158.69,1,-1,-1,-1
177,6,193.57,86.53,49.88,172.87,1,-1,-1,-1
177,8,373.13,113.29,47.75,152.64,1,-1,-1,-1
177,9,427.52,117.58,51.82,147.20,1,-1,-1,-1
177,10,321.58,113.39,51.18,147.32,1,-1,-1,-1
177,11,153.66,96.51,63.70,183.72,1,-1,-1,-1
178,4,251.01,89.97,53.74,158.89,1,-1,-1,-1
178,6,193.53,86.15,50.04,173.81,1,-1,-1,-1
178,8,372.81,113.10,47.95,152.92,1,-1,-1,-1
178,9,427.14,117.28,52.27,147.68,1,-1,-1,-1
178,10,321.35,113.11,51.11,147.79,1,-1,-1,-1
178,11,157.09,97.22,62.14,182.83,1,-1,-1,-1
179,4,251.03,89.94,53.40,158.96,1,-1,-1,-1
179,6,193.55,86.00,50.03,174.15,1,-1,-1,-1
179,8,372.71,113.03,48.08,153.02,1,-1,-1,-1
179,9,426.94,117.16,52.59,147.87,1,-1,-1,-1
179,10,321.37,113.00,50.97,147.97,1,-1,-1,-1
179,11,158.57,97.50,60.89,182.48,1,-1,-1,-1
