1,6488,362.41,99.10,105.60,284.41,1,-1,-1,-1
1,6514,321.79,129.41,55.30,183.93,1,-1,-1,-1
1,6527,80.72,132.13,73.28,213.53,1,-1,-1,-1
1,6541,272.61,180.13,40.90,114.18,1,-1,-1,-1
1,6543,161.29,162.97,55.00,177.25,1,-1,-1,-1
1,6546,60.00,185.00,56.00,152.00,1,-1,-1,-1
2,6541,270.67,183.20,42.13,119.01,1,-1,-1,-1
2,6546,60.00,185.00,56.00,152.00,1,-1,-1,-1
3,6541,270.03,184.46,42.34,120.93,1,-1,-1,-1
3,6546,60.00,185.00,56.00,152.00,1,-1,-1,-1
4,6541,267.30,179.85,44.84,128.64,1,-1,-1,-1
4,6546,50.63,181.29,58.41,158.68,1,-1,-1,-1
5,6541,266.31,178.08,45.67,131.58,1,-1,-1,-1
5,6546,47.51,180.05,59.18,160.92,1,-1,-1,-1
6,6541,265.99,177.36,45.88,132.69,1,-1,-1,-1
6,6546,46.57,179.66,59.37,161.61,1,-1,-1,-1
7,6541,268.66,184.73,41.67,122.21,1,-1,-1,-1
7,6546,27.85,169.98,64.90,177.53,1,-1,-1,-1
7,6547,303.00,206.00,35.00,110.00,1,-1,-1,-1
8,6541,269.89,187.69,39.69,117.89,1,-1,-1,-1
8,6546,21.29,166.52,66.64,183.21,1,-1,-1,-1
8,6547,303.00,206.00,35.00,110.00,1,-1,-1,-1
9,6541,270.49,188.76,38.69,116.29,1,-1,-1,-1
9,6546,19.05,165.27,67.05,185.26,1,-1,-1,-1
9,6547,303.00,206.00,35.00,110.00,1,-1,-1,-1
10,6541,266.90,187.17,39.40,117.63,1,-1,-1,-1
10,6546,0.69,165.55,69.30,194.36,1,-1,-1,-1
10,6547,307.46,192.64,37.20,116.68,1,-1,-1,-1
10,6548,157.00,210.00,33.00,108.00,1,-1,-1,-1
11,6541,267.82,183.96,40.35,120.72,1,-1,-1,-1
11,6546,-5.94,163.39,70.97,199.04,1,-1,-1,-1
11,6547,305.99,185.36,38.25,120.32,1,-1,-1,-1
11,6549,244.00,201.00,30.00,98.00,1,-1,-1,-1
12,6524,136.42,207.94,40.03,117.01,1,-1,-1,-1
12,6541,269.22,186.60,39.27,118.01,1,-1,-1,-1
12,6547,303.21,196.67,36.74,115.35,1,-1,-1,-1
12,6550,157.00,212.00,31.00,106.00,1,-1,-1,-1
13,6524,135.56,200.62,44.09,127.99,1,-1,-1,-1
13,6541,271.70,185.01,40.26,120.18,1,-1,-1,-1
13,6547,303.22,194.97,37.06,116.34,1,-1,-1,-1
14,6524,131.83,194.74,46.78,135.90,1,-1,-1,-1
14,6541,272.84,185.06,41.51,121.62,1,-1,-1,-1
15,6524,130.26,192.49,47.76,138.85,1,-1,-1,-1
15,6541,273.07,185.07,42.39,122.15,1,-1,-1,-1
16,6524,129.46,191.57,48.12,139.94,1,-1,-1,-1
16,6541,272.97,185.07,43.09,122.33,1,-1,-1,-1
17,6524,129.05,191.22,48.22,140.31,1,-1,-1,-1
17,6541,272.76,185.07,43.68,122.37,1,-1,-1,-1
18,6524,128.82,191.08,48.24,140.40,1,-1,-1,-1
18,6541,272.53,185.06,44.20,122.37,1,-1,-1,-1
19,6524,130.12,191.08,48.51,141.19,1,-1,-1,-1
19,6541,273.06,185.06,43.79,121.69,1,-1,-1,-1
19,6551,93.00,164.00,56.00,171.00,1,-1,-1,-1
20,6541,273.76,184.40,43.92,120.76,1,-1,-1,-1
20,6551,85.66,158.00,59.54,181.29,1,-1,-1,-1
21,6541,274.37,183.49,43.93,121.05,1,-1,-1,-1
21,6547,308.38,182.95,40.87,126.91,1,-1,-1,-1
21,6551,78.72,158.46,59.84,180.80,1,-1,-1,-1
22,6541,273.94,181.85,44.58,123.10,1,-1,-1,-1
22,6547,309.95,183.85,40.42,125.99,1,-1,-1,-1
22,6551,67.11,158.72,61.51,184.89,1,-1,-1,-1
22,6552,232.00,187.00,36.00,111.00,1,-1,-1,-1
22,6553,213.00,206.00,33.00,93.00,1,-1,-1,-1
23,6488,180.98,202.19,33.71,94.66,1,-1,-1,-1
23,6541,273.52,181.88,44.66,123.22,1,-1,-1,-1
23,6547,310.87,184.79,40.14,125.03,1,-1,-1,-1
23,6551,56.50,154.56,65.73,195.47,1,-1,-1,-1
24,6488,173.08,206.52,30.89,86.74,1,-1,-1,-1
24,6541,274.72,184.49,42.62,118.04,1,-1,-1,-1
24,6547,311.43,183.63,40.41,125.87,1,-1,-1,-1
24,6551,51.05,157.88,66.23,195.05,1,-1,-1,-1
25,6541,274.94,184.56,42.62,118.02,1,-1,-1,-1
25,6551,47.10,163.30,67.49,196.01,1,-1,-1,-1
26,6551,45.60,165.31,68.53,196.24,1,-1,-1,-1
27,6551,44.97,166.03,69.48,196.21,1,-1,-1,-1
28,6551,44.64,166.27,70.40,196.11,1,-1,-1,-1
29,6551,44.41,166.33,71.28,195.99,1,-1,-1,-1
30,6551,44.19,166.33,72.13,195.88,1,-1,-1,-1
31,6546,-14.17,125.90,89.06,270.41,1,-1,-1,-1
31,6551,41.14,166.90,72.65,197.28,1,-1,-1,-1
32,6546,-10.60,125.39,84.45,271.25,1,-1,-1,-1
33,6546,-8.56,125.16,81.09,271.66,1,-1,-1,-1
34,6546,-7.10,125.11,78.47,271.73,1,-1,-1,-1
35,6546,-5.98,125.15,76.38,271.64,1,-1,-1,-1
36,6546,-5.09,125.22,74.68,271.51,1,-1,-1,-1
37,6488,111.22,197.01,36.55,99.99,1,-1,-1,-1
37,6541,262.44,185.01,47.72,125.81,1,-1,-1,-1
37,6546,-5.79,123.96,75.34,273.94,1,-1,-1,-1
38,6488,108.49,196.98,37.07,99.91,1,-1,-1,-1
38,6541,261.19,185.02,49.49,126.08,1,-1,-1,-1
39,6488,107.96,196.97,37.43,99.90,1,-1,-1,-1
39,6541,260.42,185.02,50.78,126.18,1,-1,-1,-1
40,6488,107.93,196.97,37.69,99.90,1,-1,-1,-1
40,6541,259.88,185.02,51.78,126.20,1,-1,-1,-1
41,6488,108.00,196.97,37.88,99.91,1,-1,-1,-1
41,6541,259.48,185.02,52.59,126.20,1,-1,-1,-1
42,6488,108.11,196.98,38.04,99.92,1,-1,-1,-1
42,6541,259.16,185.02,53.24,126.19,1,-1,-1,-1
43,6488,104.31,196.94,37.98,99.78,1,-1,-1,-1
43,6541,262.74,184.37,52.64,126.17,1,-1,-1,-1
43,6546,79.27,178.46,44.90,160.39,1,-1,-1,-1
43,6554,179.00,172.00,28.00,96.00,1,-1,-1,-1
44,6541,265.51,184.12,51.56,124.85,1,-1,-1,-1
44,6546,84.83,181.53,43.08,153.88,1,-1,-1,-1
44,6554,178.42,172.00,28.30,96.86,1,-1,-1,-1
45,6541,266.52,182.71,51.91,126.96,1,-1,-1,-1
45,6547,295.13,183.73,41.42,125.20,1,-1,-1,-1
46,6541,267.02,182.19,51.77,127.74,1,-1,-1,-1
46,6547,294.36,183.89,42.13,125.07,1,-1,-1,-1
47,6541,267.32,182.00,51.49,128.03,1,-1,-1,-1
47,6547,293.96,183.93,42.63,125.04,1,-1,-1,-1
48,6541,267.53,181.93,51.17,128.13,1,-1,-1,-1
48,6547,293.74,183.95,43.00,125.02,1,-1,-1,-1
49,6541,267.71,181.74,51.30,128.46,1,-1,-1,-1
49,6546,28.96,175.53,54.72,184.44,1,-1,-1,-1
49,6547,299.09,185.28,42.21,123.70,1,-1,-1,-1
50,6546,21.60,162.54,56.33,181.06,1,-1,-1,-1
50,6547,303.74,188.44,40.02,119.22,1,-1,-1,-1
50,6555,128.00,142.00,52.00,147.00,1,-1,-1,-1
51,6546,18.25,156.80,57.84,179.59,1,-1,-1,-1
51,6547,305.62,189.62,38.91,117.54,1,-1,-1,-1
51,6555,128.00,142.00,52.00,147.00,1,-1,-1,-1
52,6546,16.69,154.63,59.21,179.05,1,-1,-1,-1
52,6547,306.41,190.04,38.27,116.94,1,-1,-1,-1
52,6555,128.00,142.00,52.00,147.00,1,-1,-1,-1
53,6546,15.88,153.85,60.39,178.86,1,-1,-1,-1
53,6547,306.79,190.18,37.83,116.75,1,-1,-1,-1
53,6555,128.00,142.00,52.00,147.00,1,-1,-1,-1
54,6546,15.38,153.59,61.40,178.80,1,-1,-1,-1
54,6547,307.00,190.21,37.49,116.70,1,-1,-1,-1
54,6555,128.00,142.00,52.00,147.00,1,-1,-1,-1
55,6541,270.41,189.38,43.55,109.47,1,-1,-1,-1
55,6546,13.01,152.61,61.27,178.40,1,-1,-1,-1
55,6547,307.56,190.62,37.31,116.12,1,-1,-1,-1
55,6555,128.00,142.00,52.00,147.00,1,-1,-1,-1
55,6556,42.00,104.00,111.00,332.00,1,-1,-1,-1
56,6541,270.63,189.95,42.87,108.09,1,-1,-1,-1
56,6556,42.00,104.00,111.00,332.00,1,-1,-1,-1
57,6541,270.74,190.12,42.59,107.66,1,-1,-1,-1
57,6556,42.00,104.00,111.00,332.00,1,-1,-1,-1
58,6541,270.80,190.18,42.45,107.53,1,-1,-1,-1
58,6556,42.00,104.00,111.00,332.00,1,-1,-1,-1
59,6541,270.83,190.18,42.38,107.52,1,-1,-1,-1
59,6556,42.00,104.00,111.00,332.00,1,-1,-1,-1
60,6541,270.85,190.17,42.32,107.55,1,-1,-1,-1
60,6556,42.00,104.00,111.00,332.00,1,-1,-1,-1
61,6541,271.03,190.46,42.02,106.78,1,-1,-1,-1
61,6547,296.19,184.51,41.08,125.25,1,-1,-1,-1
61,6556,42.00,104.00,111.00,332.00,1,-1,-1,-1
61,6557,1.00,37.00,87.00,398.00,1,-1,-1,-1
62,6547,295.12,184.09,41.94,125.87,1,-1,-1,-1
62,6556,-8.56,49.52,125.93,385.66,1,-1,-1,-1
63,6547,296.59,183.95,42.45,126.74,1,-1,-1,-1
63,6556,-16.64,41.03,128.66,394.03,1,-1,-1,-1
64,6547,297.11,183.90,42.74,127.06,1,-1,-1,-1
65,6547,297.28,183.88,42.92,127.17,1,-1,-1,-1
66,6547,297.32,183.89,43.06,127.20,1,-1,-1,-1
67,6547,299.21,186.49,42.62,127.20,1,-1,-1,-1
68,6547,300.04,187.49,42.24,127.18,1,-1,-1,-1
69,6547,300.45,187.87,41.90,127.17,1,-1,-1,-1
70,6547,300.69,188.01,41.60,127.15,1,-1,-1,-1
71,6547,300.85,188.05,41.34,127.14,1,-1,-1,-1
72,6547,300.98,188.07,41.10,127.13,1,-1,-1,-1
73,6547,295.75,185.46,43.09,129.72,1,-1,-1,-1
73,6558,338.00,201.00,35.00,118.00,1,-1,-1,-1
73,6559,403.00,202.00,30.00,96.00,1,-1,-1,-1
74,6547,295.89,185.12,42.85,127.46,1,-1,-1,-1
74,6559,408.07,204.57,28.43,90.86,1,-1,-1,-1
75,6547,297.87,196.78,42.21,121.99,1,-1,-1,-1
75,6559,408.44,205.77,28.36,90.00,1,-1,-1,-1
75,6560,334.00,203.00,40.00,118.00,1,-1,-1,-1
76,6547,296.99,186.61,44.58,125.87,1,-1,-1,-1
76,6559,409.15,206.46,28.09,89.14,1,-1,-1,-1
77,6547,296.39,182.93,46.02,127.28,1,-1,-1,-1
78,6547,295.92,181.52,47.05,127.82,1,-1,-1,-1
79,6547,294.52,182.30,47.29,126.71,1,-1,-1,-1
79,6561,345.00,182.00,41.00,129.00,1,-1,-1,-1
80,6547,293.82,182.61,47.70,126.28,1,-1,-1,-1
80,6561,345.00,182.00,41.00,129.00,1,-1,-1,-1
81,6547,293.41,182.74,48.16,126.12,1,-1,-1,-1
81,6561,345.00,182.00,41.00,129.00,1,-1,-1,-1
82,6547,295.70,186.07,46.08,117.56,1,-1,-1,-1
82,6561,345.00,182.00,41.00,129.00,1,-1,-1,-1
83,6547,296.32,187.37,45.82,114.26,1,-1,-1,-1
84,6547,296.27,187.84,46.28,113.09,1,-1,-1,-1
85,6547,296.49,188.02,45.87,112.08,1,-1,-1,-1
91,6547,299.25,187.11,49.97,120.20,1,-1,-1,-1
92,6547,299.13,187.05,50.82,120.76,1,-1,-1,-1
93,6547,298.94,187.02,51.41,120.95,1,-1,-1,-1
94,6547,298.74,187.01,51.86,121.03,1,-1,-1,-1
95,6547,298.56,187.01,52.23,121.05,1,-1,-1,-1
96,6547,298.39,187.01,52.54,121.06,1,-1,-1,-1
97,6547,304.58,186.36,49.91,113.89,1,-1,-1,-1
97,6559,412.63,177.07,41.74,129.91,1,-1,-1,-1
97,6562,368.00,182.00,45.00,126.00,1,-1,-1,-1
98,6547,306.85,186.10,49.10,111.12,1,-1,-1,-1
98,6559,412.44,176.49,42.56,130.71,1,-1,-1,-1
98,6562,368.00,182.00,45.00,126.00,1,-1,-1,-1
99,6547,307.55,186.01,49.01,110.13,1,-1,-1,-1
99,6559,412.24,176.34,43.04,130.91,1,-1,-1,-1
99,6562,368.00,182.00,45.00,126.00,1,-1,-1,-1
100,6547,307.70,185.98,49.17,109.79,1,-1,-1,-1
100,6559,412.08,176.33,43.37,130.94,1,-1,-1,-1
100,6562,368.00,182.00,45.00,126.00,1,-1,-1,-1
101,6547,307.64,185.97,49.40,109.68,1,-1,-1,-1
101,6559,411.95,176.35,43.62,130.91,1,-1,-1,-1
101,6562,368.00,182.00,45.00,126.00,1,-1,-1,-1
102,6547,307.52,185.97,49.63,109.67,1,-1,-1,-1
102,6559,411.84,176.38,43.81,130.86,1,-1,-1,-1
102,6562,368.00,182.00,45.00,126.00,1,-1,-1,-1
103,6547,308.24,185.92,49.37,109.07,1,-1,-1,-1
103,6559,412.00,175.40,44.27,132.23,1,-1,-1,-1
103,6562,366.70,182.00,45.53,126.00,1,-1,-1,-1
103,6563,182.00,210.00,23.00,73.00,1,-1,-1,-1
103,6564,252.00,209.00,25.00,77.00,1,-1,-1,-1
104,6562,366.05,182.00,46.07,126.00,1,-1,-1,-1
104,6563,182.00,210.00,23.00,73.00,1,-1,-1,-1
104,6564,252.00,209.00,25.00,77.00,1,-1,-1,-1
105,6562,365.65,182.00,46.62,126.00,1,-1,-1,-1
105,6563,182.00,210.00,23.00,73.00,1,-1,-1,-1
105,6564,252.00,209.00,25.00,77.00,1,-1,-1,-1
106,6562,365.34,182.00,47.16,126.00,1,-1,-1,-1
106,6563,182.00,210.00,23.00,73.00,1,-1,-1,-1
106,6564,252.00,209.00,25.00,77.00,1,-1,-1,-1
107,6562,365.07,182.00,47.69,126.00,1,-1,-1,-1
107,6563,182.00,210.00,23.00,73.00,1,-1,-1,-1
107,6564,252.00,209.00,25.00,77.00,1,-1,-1,-1
108,6562,364.82,182.00,48.19,126.00,1,-1,-1,-1
108,6563,182.00,210.00,23.00,73.00,1,-1,-1,-1
108,6564,252.00,209.00,25.00,77.00,1,-1,-1,-1
109,6547,292.19,182.21,54.69,120.10,1,-1,-1,-1
109,6559,407.12,176.41,53.22,146.48,1,-1,-1,-1
109,6562,346.81,187.30,49.14,124.68,1,-1,-1,-1
109,6563,182.00,210.00,23.00,73.00,1,-1,-1,-1
109,6564,252.00,209.00,25.00,77.00,1,-1,-1,-1
109,6565,153.00,182.00,37.00,115.00,1,-1,-1,-1
109,6566,214.00,198.00,33.00,97.00,1,-1,-1,-1
110,6547,291.38,182.62,55.15,120.86,1,-1,-1,-1
110,6559,407.03,175.85,53.85,148.22,1,-1,-1,-1
110,6562,344.06,187.96,48.10,122.19,1,-1,-1,-1
110,6564,244.16,207.37,28.48,87.57,1,-1,-1,-1
110,6565,159.77,188.86,35.46,109.86,1,-1,-1,-1
110,6566,212.86,205.71,30.99,91.00,1,-1,-1,-1
111,6547,291.07,182.78,55.37,121.12,1,-1,-1,-1
111,6562,343.12,188.19,47.68,121.26,1,-1,-1,-1
111,6564,242.54,207.04,29.24,89.73,1,-1,-1,-1
111,6565,160.82,190.00,35.35,109.00,1,-1,-1,-1
111,6566,212.66,207.00,30.68,90.00,1,-1,-1,-1
112,6547,290.95,182.85,55.50,121.21,1,-1,-1,-1
112,6562,342.86,188.25,47.50,120.94,1,-1,-1,-1
112,6564,241.94,206.92,29.54,90.50,1,-1,-1,-1
112,6565,161.00,190.28,35.49,108.79,1,-1,-1,-1
112,6566,212.59,207.32,30.65,89.75,1,-1,-1,-1
113,6547,290.90,182.88,55.58,121.23,1,-1,-1,-1
113,6562,342.85,188.26,47.41,120.83,1,-1,-1,-1
113,6564,241.74,206.89,29.67,90.74,1,-1,-1,-1
113,6565,160.91,190.31,35.73,108.77,1,-1,-1,-1
113,6566,212.55,207.34,30.70,89.73,1,-1,-1,-1
114,6547,290.89,182.90,55.63,121.23,1,-1,-1,-1
114,6562,342.91,188.24,47.36,120.80,1,-1,-1,-1
114,6564,241.70,206.88,29.72,90.77,1,-1,-1,-1
114,6565,160.74,190.28,36.01,108.79,1,-1,-1,-1
114,6566,212.53,207.31,30.77,89.76,1,-1,-1,-1
115,6547,294.70,180.96,55.86,124.46,1,-1,-1,-1
115,6559,415.74,160.27,59.44,161.54,1,-1,-1,-1
115,6562,339.38,182.96,50.63,130.02,1,-1,-1,-1
115,6564,242.35,202.98,31.06,95.29,1,-1,-1,-1
115,6565,165.80,193.72,34.87,104.64,1,-1,-1,-1
115,6566,212.10,201.68,33.05,96.78,1,-1,-1,-1
115,6567,127.00,189.00,57.00,111.00,1,-1,-1,-1
115,6568,540.00,182.00,44.00,132.00,1,-1,-1,-1
116,6547,298.78,183.45,51.96,118.59,1,-1,-1,-1
116,6559,417.68,160.30,60.88,163.86,1,-1,-1,-1
116,6562,337.44,184.20,50.56,130.22,1,-1,-1,-1
116,6564,241.02,202.15,31.55,96.97,1,-1,-1,-1
116,6565,173.57,191.44,35.78,108.06,1,-1,-1,-1
116,6566,211.94,202.35,33.20,97.25,1,-1,-1,-1
116,6567,122.72,179.57,63.85,124.71,1,-1,-1,-1
116,6568,538.17,187.14,45.10,135.43,1,-1,-1,-1
117,6547,300.68,184.45,49.85,116.25,1,-1,-1,-1
117,6559,418.22,160.30,61.64,164.68,1,-1,-1,-1
117,6562,336.79,184.71,50.44,130.27,1,-1,-1,-1
117,6564,240.54,201.85,31.70,97.58,1,-1,-1,-1
117,6565,176.31,190.63,35.94,109.26,1,-1,-1,-1
117,6566,211.89,202.65,33.24,97.38,1,-1,-1,-1
117,6567,122.14,178.00,64.73,127.00,1,-1,-1,-1
117,6568,537.89,188.00,45.22,136.00,1,-1,-1,-1
118,6547,301.65,184.82,48.52,115.38,1,-1,-1,-1
118,6559,418.33,160.33,62.09,164.94,1,-1,-1,-1
118,6562,336.64,184.90,50.32,130.27,1,-1,-1,-1
118,6564,240.39,201.75,31.71,97.75,1,-1,-1,-1
118,6565,177.30,190.31,35.86,109.72,1,-1,-1,-1
118,6566,211.88,202.78,33.23,97.39,1,-1,-1,-1
118,6567,122.11,177.56,64.69,127.64,1,-1,-1,-1
118,6568,537.85,188.23,45.19,136.15,1,-1,-1,-1
119,6547,302.25,184.95,47.55,115.06,1,-1,-1,-1
119,6559,418.27,160.37,62.40,164.99,1,-1,-1,-1
119,6562,336.66,184.98,50.20,130.26,1,-1,-1,-1
119,6564,240.38,201.73,31.68,97.77,1,-1,-1,-1
119,6565,177.65,190.17,35.69,109.90,1,-1,-1,-1
119,6566,211.89,202.84,33.22,97.36,1,-1,-1,-1
119,6567,122.30,177.50,64.31,127.72,1,-1,-1,-1
119,6568,537.89,188.25,45.10,136.17,1,-1,-1,-1
120,6547,302.69,185.00,46.75,114.95,1,-1,-1,-1
120,6559,418.17,160.43,62.62,164.95,1,-1,-1,-1
120,6562,336.75,185.00,50.09,130.24,1,-1,-1,-1
120,6564,240.41,201.73,31.63,97.74,1,-1,-1,-1
120,6565,177.76,190.12,35.50,109.97,1,-1,-1,-1
120,6566,211.90,202.87,33.20,97.33,1,-1,-1,-1
120,6567,122.56,177.55,63.80,127.66,1,-1,-1,-1
120,6568,537.95,188.22,44.98,136.15,1,-1,-1,-1
121,6547,291.94,179.12,47.96,119.50,1,-1,-1,-1
121,6559,421.41,163.06,62.57,164.88,1,-1,-1,-1
121,6562,337.40,184.36,47.58,126.96,1,-1,-1,-1
121,6564,239.75,201.30,32.01,98.93,1,-1,-1,-1
121,6565,173.75,197.36,37.42,116.61,1,-1,-1,-1
121,6566,209.24,201.57,37.18,111.13,1,-1,-1,-1
121,6567,122.20,176.76,64.38,128.81,1,-1,-1,-1
121,6568,532.73,191.65,42.99,125.06,1,-1,-1,-1
121,6569,17.00,196.00,46.00,128.00,1,-1,-1,-1
121,6570,94.00,175.00,56.00,147.00,1,-1,-1,-1
122,6547,281.65,175.00,52.57,133.45,1,-1,-1,-1
122,6559,422.14,162.44,63.10,166.30,1,-1,-1,-1
122,6562,332.63,180.82,48.87,132.27,1,-1,-1,-1
122,6565,171.58,200.04,38.19,120.35,1,-1,-1,-1
122,6566,206.93,203.59,38.21,114.90,1,-1,-1,-1
122,6568,531.84,192.59,42.39,123.31,1,-1,-1,-1
122,6569,0.68,200.29,45.22,126.29,1,-1,-1,-1
122,6570,76.26,163.00,61.48,161.57,1,-1,-1,-1
123,6547,278.07,173.44,53.73,138.72,1,-1,-1,-1
123,6562,331.08,179.53,48.95,134.22,1,-1,-1,-1
123,6565,170.81,201.05,38.24,121.78,1,-1,-1,-1
123,6566,206.06,204.45,38.48,116.37,1,-1,-1,-1
123,6569,-1.94,201.00,44.89,126.00,1,-1,-1,-1
123,6570,73.34,161.00,62.31,164.00,1,-1,-1,-1
124,6547,276.91,172.84,53.71,140.81,1,-1,-1,-1
124,6562,330.71,179.03,48.63,134.96,1,-1,-1,-1
124,6565,170.59,201.40,38.02,122.30,1,-1,-1,-1
124,6566,205.79,204.79,38.43,116.87,1,-1,-1,-1
124,6569,-2.49,201.18,44.57,125.93,1,-1,-1,-1
124,6570,72.59,160.45,62.44,164.67,1,-1,-1,-1
125,6547,276.73,172.63,53.24,141.58,1,-1,-1,-1
125,6562,330.77,178.86,48.19,135.22,1,-1,-1,-1
125,6565,170.59,201.50,37.72,122.47,1,-1,-1,-1
125,6566,205.76,204.93,38.28,117.00,1,-1,-1,-1
125,6569,-2.39,201.20,44.22,125.92,1,-1,-1,-1
125,6570,72.56,160.38,62.33,164.75,1,-1,-1,-1
126,6547,276.91,172.58,52.65,141.82,1,-1,-1,-1
126,6562,330.98,178.81,47.73,135.30,1,-1,-1,-1
126,6565,170.67,201.51,37.41,122.50,1,-1,-1,-1
126,6566,205.82,204.98,38.10,117.00,1,-1,-1,-1
126,6569,-2.12,201.18,43.84,125.93,1,-1,-1,-1
126,6570,72.73,160.44,62.14,164.68,1,-1,-1,-1
127,6547,264.34,171.93,52.73,141.87,1,-1,-1,-1
127,6562,316.09,177.50,47.68,135.96,1,-1,-1,-1
127,6565,171.09,202.37,37.67,123.37,1,-1,-1,-1
127,6566,187.86,197.90,41.10,127.26,1,-1,-1,-1
127,6567,83.88,201.52,62.16,130.27,1,-1,-1,-1
127,6569,-3.36,201.50,43.80,125.80,1,-1,-1,-1
127,6570,71.26,159.45,62.59,165.88,1,-1,-1,-1
127,6571,10.00,143.00,70.00,192.00,1,-1,-1,-1
127,6572,133.00,179.00,41.00,134.00,1,-1,-1,-1
128,6547,259.00,173.00,52.56,139.91,1,-1,-1,-1
128,6562,310.72,176.36,47.79,136.19,1,-1,-1,-1
128,6566,179.09,196.50,42.54,132.36,1,-1,-1,-1
128,6567,89.87,197.51,62.09,137.28,1,-1,-1,-1
128,6571,7.69,144.71,72.90,199.71,1,-1,-1,-1
129,6547,258.01,175.38,52.44,137.80,1,-1,-1,-1
129,6562,308.05,175.84,47.99,136.76,1,-1,-1,-1
129,6566,175.16,193.43,44.65,139.39,1,-1,-1,-1
129,6567,92.93,184.02,67.84,155.04,1,-1,-1,-1
129,6571,3.97,139.09,75.64,206.91,1,-1,-1,-1
130,6547,257.50,173.05,53.49,140.22,1,-1,-1,-1
130,6562,306.59,173.55,46.57,134.78,1,-1,-1,-1
130,6565,187.41,201.52,38.65,126.00,1,-1,-1,-1
130,6566,171.65,192.23,45.71,143.98,1,-1,-1,-1
130,6567,95.09,181.47,67.92,159.20,1,-1,-1,-1
130,6570,32.86,199.40,56.37,148.27,1,-1,-1,-1
130,6571,3.06,133.51,74.39,202.80,1,-1,-1,-1
131,6547,257.32,172.18,53.94,141.10,1,-1,-1,-1
131,6562,306.23,172.96,45.79,134.37,1,-1,-1,-1
131,6565,189.38,201.36,38.89,126.28,1,-1,-1,-1
131,6566,170.44,191.78,45.89,145.74,1,-1,-1,-1
131,6567,96.54,180.42,67.05,160.78,1,-1,-1,-1
131,6570,28.56,203.85,56.00,146.27,1,-1,-1,-1
131,6571,2.74,131.65,74.07,201.09,1,-1,-1,-1
132,6547,257.30,171.87,54.17,141.41,1,-1,-1,-1
132,6562,306.29,172.76,45.17,134.23,1,-1,-1,-1
132,6565,190.02,201.31,39.05,126.38,1,-1,-1,-1
132,6566,170.14,191.62,45.73,146.34,1,-1,-1,-1
132,6567,97.57,180.02,65.88,161.31,1,-1,-1,-1
132,6570,27.04,205.25,56.12,145.65,1,-1,-1,-1
132,6571,2.58,131.15,74.16,200.45,1,-1,-1,-1
133,6547,254.05,172.41,55.02,143.44,1,-1,-1,-1
133,6559,330.77,177.25,47.11,128.84,1,-1,-1,-1
133,6562,308.87,174.66,44.53,134.82,1,-1,-1,-1
133,6565,192.58,199.98,39.59,129.65,1,-1,-1,-1
133,6566,165.55,190.95,47.08,149.03,1,-1,-1,-1
133,6567,88.51,163.19,63.91,155.65,1,-1,-1,-1
133,6570,22.30,209.00,55.63,144.37,1,-1,-1,-1
133,6571,1.79,129.01,74.24,200.66,1,-1,-1,-1
134,6547,254.38,172.63,54.25,141.60,1,-1,-1,-1
134,6559,326.80,177.19,45.22,127.06,1,-1,-1,-1
134,6562,311.43,175.40,43.20,133.08,1,-1,-1,-1
134,6565,194.46,199.47,39.17,130.22,1,-1,-1,-1
134,6566,163.52,190.07,47.56,150.65,1,-1,-1,-1
134,6567,81.78,152.71,65.69,159.19,1,-1,-1,-1
135,6547,252.88,172.08,54.73,142.81,1,-1,-1,-1
135,6559,326.16,176.54,44.04,127.89,1,-1,-1,-1
135,6562,310.14,175.04,43.43,135.03,1,-1,-1,-1
135,6565,196.08,199.72,39.46,131.17,1,-1,-1,-1
135,6566,161.64,189.11,48.14,152.48,1,-1,-1,-1
135,6567,76.46,146.91,63.70,151.49,1,-1,-1,-1
136,6547,252.36,171.89,54.92,143.24,1,-1,-1,-1
136,6559,326.37,176.30,42.99,128.22,1,-1,-1,-1
136,6562,309.80,174.91,43.30,135.75,1,-1,-1,-1
136,6566,160.98,188.76,48.34,153.12,1,-1,-1,-1
136,6567,74.22,144.75,63.42,148.33,1,-1,-1,-1
137,6547,252.22,171.82,54.99,143.38,1,-1,-1,-1
137,6559,326.89,176.20,42.12,128.39,1,-1,-1,-1
137,6562,309.81,174.87,43.05,136.02,1,-1,-1,-1
137,6566,160.80,188.65,48.39,153.28,1,-1,-1,-1
137,6567,73.19,144.02,63.84,147.12,1,-1,-1,-1
138,6547,252.21,171.81,55.01,143.40,1,-1,-1,-1
138,6559,327.44,176.15,41.38,128.49,1,-1,-1,-1
138,6562,309.94,174.86,42.79,136.11,1,-1,-1,-1
138,6566,160.80,188.62,48.39,153.28,1,-1,-1,-1
138,6567,72.65,143.82,64.47,146.64,1,-1,-1,-1
139,6547,250.88,173.77,52.56,138.84,1,-1,-1,-1
139,6559,324.45,176.36,41.13,127.71,1,-1,-1,-1
139,6562,310.16,178.13,41.78,132.23,1,-1,-1,-1
139,6566,157.39,186.06,53.37,169.96,1,-1,-1,-1
139,6567,70.36,141.60,64.75,147.27,1,-1,-1,-1
139,6573,14.00,128.00,120.00,283.00,1,-1,-1,-1
140,6547,250.61,174.54,51.26,137.05,1,-1,-1,-1
140,6562,310.24,179.39,41.49,130.73,1,-1,-1,-1
140,6566,156.20,185.10,55.06,176.20,1,-1,-1,-1
140,6573,14.00,128.00,120.00,283.00,1,-1,-1,-1
141,6547,250.71,174.82,50.45,136.38,1,-1,-1,-1
141,6562,310.26,179.85,41.48,130.18,1,-1,-1,-1
141,6566,155.87,184.74,55.57,178.63,1,-1,-1,-1
141,6573,14.00,128.00,120.00,283.00,1,-1,-1,-1
142,6547,250.59,174.28,51.86,140.06,1,-1,-1,-1
142,6562,324.89,184.61,39.19,120.79,1,-1,-1,-1
142,6564,107.45,147.60,83.70,251.29,1,-1,-1,-1
142,6566,153.92,183.96,56.63,182.05,1,-1,-1,-1
142,6573,-15.62,100.54,140.66,336.43,1,-1,-1,-1
143,6547,249.47,171.48,54.59,145.97,1,-1,-1,-1
143,6562,327.36,179.68,42.01,125.97,1,-1,-1,-1
143,6564,98.25,143.47,86.09,259.60,1,-1,-1,-1
143,6573,-24.88,92.20,147.45,352.67,1,-1,-1,-1
144,6547,248.92,170.42,55.93,148.22,1,-1,-1,-1
144,6562,327.89,177.96,43.65,127.78,1,-1,-1,-1
144,6564,94.27,141.64,86.97,263.08,1,-1,-1,-1
145,6547,248.74,170.66,55.81,147.78,1,-1,-1,-1
145,6562,326.94,177.30,47.19,133.05,1,-1,-1,-1
145,6564,88.55,139.27,89.14,269.64,1,-1,-1,-1
146,6547,248.69,170.76,55.78,147.57,1,-1,-1,-1
146,6562,326.08,177.05,49.48,135.05,1,-1,-1,-1
147,6547,248.69,170.82,55.79,147.47,1,-1,-1,-1
147,6562,325.30,176.96,51.21,135.82,1,-1,-1,-1
148,6547,248.71,170.84,55.80,147.41,1,-1,-1,-1
148,6562,324.60,176.93,52.63,136.10,1,-1,-1,-1
149,6547,248.73,170.86,55.82,147.36,1,-1,-1,-1
149,6562,323.96,176.92,53.85,136.19,1,-1,-1,-1
150,6547,248.75,170.88,55.83,147.32,1,-1,-1,-1
150,6562,323.39,176.93,54.93,136.21,1,-1,-1,-1
151,6547,249.49,175.45,52.46,140.13,1,-1,-1,-1
151,6562,308.03,191.24,51.11,126.45,1,-1,-1,-1
151,6564,11.51,64.03,133.23,409.43,1,-1,-1,-1
151,6574,181.00,203.00,23.00,73.00,1,-1,-1,-1
152,6547,251.52,175.89,50.38,134.68,1,-1,-1,-1
152,6562,326.13,184.08,51.01,128.66,1,-1,-1,-1
152,6564,2.88,34.88,142.68,443.69,1,-1,-1,-1
152,6574,183.70,201.29,22.74,72.14,1,-1,-1,-1
152,6575,308.00,182.00,42.00,127.00,1,-1,-1,-1
153,6547,250.68,178.71,49.50,132.67,1,-1,-1,-1
153,6562,327.00,184.43,50.92,128.42,1,-1,-1,-1
153,6564,-6.43,20.43,143.73,458.91,1,-1,-1,-1
153,6566,145.97,190.33,30.55,100.34,1,-1,-1,-1
153,6567,118.17,194.29,39.98,99.16,1,-1,-1,-1
153,6575,304.83,202.57,38.05,114.14,1,-1,-1,-1
154,6547,250.42,179.73,49.12,131.96,1,-1,-1,-1
154,6562,306.56,201.16,46.68,115.69,1,-1,-1,-1
154,6564,-9.30,14.63,142.58,464.85,1,-1,-1,-1
154,6566,146.54,190.92,28.56,95.31,1,-1,-1,-1
154,6567,121.03,196.09,36.92,97.77,1,-1,-1,-1
155,6547,246.02,176.13,50.33,137.01,1,-1,-1,-1
155,6562,303.32,200.90,48.33,118.98,1,-1,-1,-1
155,6564,-16.92,8.25,146.21,476.71,1,-1,-1,-1
155,6566,145.43,190.98,27.63,92.23,1,-1,-1,-1
155,6567,118.56,208.55,29.40,80.48,1,-1,-1,-1
155,6576,178.00,207.00,27.00,80.00,1,-1,-1,-1
156,6547,245.23,176.26,50.26,136.81,1,-1,-1,-1
156,6562,300.79,200.20,49.81,121.98,1,-1,-1,-1
156,6564,-20.34,68.59,118.93,410.55,1,-1,-1,-1
156,6567,119.54,212.30,27.72,75.89,1,-1,-1,-1
156,6576,177.53,204.43,28.79,85.14,1,-1,-1,-1
157,6562,299.93,199.25,52.22,128.35,1,-1,-1,-1
157,6564,-27.85,65.43,121.27,418.65,1,-1,-1,-1
157,6576,177.03,204.00,29.94,88.19,1,-1,-1,-1
158,6562,299.04,197.57,54.31,133.33,1,-1,-1,-1
158,6565,467.75,195.11,39.84,132.21,1,-1,-1,-1
158,6576,177.53,203.16,30.42,89.21,1,-1,-1,-1
159,6547,254.08,186.61,51.49,140.42,1,-1,-1,-1
159,6562,299.06,196.88,55.77,135.90,1,-1,-1,-1
159,6565,478.90,194.93,39.88,132.31,1,-1,-1,-1
159,6576,177.27,204.31,30.04,88.05,1,-1,-1,-1
160,6547,255.22,187.86,51.57,140.86,1,-1,-1,-1
160,6562,299.00,196.59,56.54,136.89,1,-1,-1,-1
160,6576,177.17,204.75,29.89,87.56,1,-1,-1,-1
161,6547,255.63,188.29,51.56,141.01,1,-1,-1,-1
161,6562,298.92,196.45,57.02,137.24,1,-1,-1,-1
161,6576,177.13,204.91,29.84,87.35,1,-1,-1,-1
162,6547,255.80,188.42,51.52,141.07,1,-1,-1,-1
162,6562,298.84,196.37,57.37,137.35,1,-1,-1,-1
162,6576,177.11,204.97,29.82,87.25,1,-1,-1,-1
163,6547,255.07,180.63,50.46,138.47,1,-1,-1,-1
163,6562,306.23,200.86,49.82,121.81,1,-1,-1,-1
163,6567,110.29,187.47,40.49,109.39,1,-1,-1,-1
163,6576,174.68,196.22,32.65,95.29,1,-1,-1,-1
164,6547,254.33,178.28,50.31,137.48,1,-1,-1,-1
164,6562,309.40,201.92,48.50,119.69,1,-1,-1,-1
164,6567,109.43,187.19,41.42,111.65,1,-1,-1,-1
164,6576,174.26,202.74,30.81,89.80,1,-1,-1,-1
165,6547,253.99,177.40,50.37,137.11,1,-1,-1,-1
165,6562,310.62,202.27,47.80,118.97,1,-1,-1,-1
165,6567,109.04,187.22,41.83,112.59,1,-1,-1,-1
165,6576,174.11,205.50,30.04,87.45,1,-1,-1,-1
166,6547,253.82,177.07,50.49,136.98,1,-1,-1,-1
166,6562,311.17,202.38,47.34,118.73,1,-1,-1,-1
166,6567,108.90,187.29,42.00,112.89,1,-1,-1,-1
166,6576,174.06,206.52,29.77,86.56,1,-1,-1,-1
167,6547,253.71,176.95,50.62,136.93,1,-1,-1,-1
167,6562,311.47,202.39,46.98,118.66,1,-1,-1,-1
167,6567,108.84,187.34,42.07,112.96,1,-1,-1,-1
167,6576,174.04,206.89,29.69,86.23,1,-1,-1,-1
168,6547,253.63,176.92,50.75,136.92,1,-1,-1,-1
168,6562,311.66,202.37,46.68,118.66,1,-1,-1,-1
168,6567,108.83,187.39,42.10,112.95,1,-1,-1,-1
168,6576,174.03,207.03,29.68,86.11,1,-1,-1,-1
169,6547,258.31,175.60,51.17,137.57,1,-1,-1,-1
169,6562,311.83,202.99,46.45,118.07,1,-1,-1,-1
169,6567,105.89,179.13,46.06,122.48,1,-1,-1,-1
169,6576,169.87,191.22,38.67,109.17,1,-1,-1,-1
170,6547,260.03,175.11,51.43,137.83,1,-1,-1,-1
170,6567,104.68,176.02,47.78,126.08,1,-1,-1,-1
170,6576,168.02,185.67,42.58,117.29,1,-1,-1,-1
171,6547,260.63,174.93,51.61,137.92,1,-1,-1,-1
171,6567,104.12,174.81,48.62,127.46,1,-1,-1,-1
171,6576,166.97,183.31,44.81,120.71,1,-1,-1,-1
172,6547,260.80,174.87,51.76,137.96,1,-1,-1,-1
172,6567,103.84,174.37,49.07,127.94,1,-1,-1,-1
172,6576,166.30,182.42,46.21,122.00,1,-1,-1,-1
173,6547,260.81,174.86,51.88,137.98,1,-1,-1,-1
173,6567,103.69,174.25,49.36,128.07,1,-1,-1,-1
173,6576,165.81,182.12,47.21,122.42,1,-1,-1,-1
174,6547,260.77,174.87,51.99,137.98,1,-1,-1,-1
174,6567,103.59,174.24,49.57,128.06,1,-1,-1,-1
174,6576,165.42,182.06,48.02,122.50,1,-1,-1,-1
175,6547,261.23,174.64,51.99,137.96,1,-1,-1,-1
175,6567,90.56,172.35,53.80,131.22,1,-1,-1,-1
175,6576,161.88,182.72,46.80,119.26,1,-1,-1,-1
176,6547,258.12,173.33,53.45,137.99,1,-1,-1,-1
176,6566,62.39,160.01,53.25,138.96,1,-1,-1,-1
176,6567,89.18,171.04,54.56,133.07,1,-1,-1,-1
176,6576,161.07,181.28,47.63,121.38,1,-1,-1,-1
177,6547,259.82,173.67,55.09,140.00,1,-1,-1,-1
177,6566,55.16,160.35,60.95,143.97,1,-1,-1,-1
178,6547,260.18,173.79,56.12,140.71,1,-1,-1,-1
178,6566,51.29,160.80,65.94,146.57,1,-1,-1,-1
179,6547,260.12,173.85,56.91,140.97,1,-1,-1,-1
179,6566,49.21,161.05,69.20,147.59,1,-1,-1,-1
180,6547,259.91,173.88,57.55,141.07,1,-1,-1,-1
180,6566,47.96,161.17,71.48,147.95,1,-1,-1,-1
181,6547,262.02,178.45,56.64,136.53,1,-1,-1,-1
181,6566,33.20,153.07,75.25,157.48,1,-1,-1,-1
181,6567,96.27,158.61,61.27,158.35,1,-1,-1,-1
181,6576,165.59,182.17,44.77,119.31,1,-1,-1,-1
182,6547,262.58,180.21,56.74,134.79,1,-1,-1,-1
182,6566,27.76,149.98,76.30,161.12,1,-1,-1,-1
182,6567,98.39,157.62,59.10,160.44,1,-1,-1,-1
182,6576,166.87,182.48,42.91,118.78,1,-1,-1,-1
183,6547,262.56,180.86,57.22,134.15,1,-1,-1,-1
183,6566,25.84,148.78,76.39,162.52,1,-1,-1,-1
183,6567,99.86,157.26,56.92,161.19,1,-1,-1,-1
183,6576,167.69,182.54,41.48,118.66,1,-1,-1,-1
184,6547,262.34,181.09,57.78,133.92,1,-1,-1,-1
184,6566,25.32,148.34,76.14,163.02,1,-1,-1,-1
184,6567,101.00,157.17,54.93,161.41,1,-1,-1,-1
184,6576,168.33,182.59,40.28,118.59,1,-1,-1,-1
185,6547,262.06,181.16,58.35,133.85,1,-1,-1,-1
185,6566,25.33,148.22,75.79,163.15,1,-1,-1,-1
185,6567,101.93,157.18,53.17,161.42,1,-1,-1,-1
185,6576,168.86,182.62,39.25,118.53,1,-1,-1,-1
186,6547,261.79,181.18,58.88,133.83,1,-1,-1,-1
186,6566,25.52,148.20,75.43,163.15,1,-1,-1,-1
186,6567,102.72,157.22,51.64,161.35,1,-1,-1,-1
186,6576,169.31,182.66,38.36,118.48,1,-1,-1,-1
187,6547,262.58,179.86,57.91,131.22,1,-1,-1,-1
187,6562,298.94,170.42,53.33,141.67,1,-1,-1,-1
187,6566,22.21,146.88,76.31,165.04,1,-1,-1,-1
187,6567,88.95,153.42,58.59,181.20,1,-1,-1,-1
187,6576,169.18,182.12,38.61,119.23,1,-1,-1,-1
188,6547,262.82,179.35,57.63,130.24,1,-1,-1,-1
188,6562,299.40,169.62,51.95,142.26,1,-1,-1,-1
188,6567,83.66,151.99,61.52,188.61,1,-1,-1,-1
189,6547,262.86,179.16,57.62,129.89,1,-1,-1,-1
189,6562,299.86,169.35,50.88,142.46,1,-1,-1,-1
189,6567,81.39,151.46,62.96,191.53,1,-1,-1,-1
190,6547,262.82,179.08,57.70,129.77,1,-1,-1,-1
190,6562,300.26,169.29,50.04,142.50,1,-1,-1,-1
190,6567,80.41,151.29,63.73,192.57,1,-1,-1,-1
191,6547,262.75,179.05,57.80,129.75,1,-1,-1,-1
191,6562,300.61,169.31,49.37,142.49,1,-1,-1,-1
191,6567,79.97,151.27,64.21,192.86,1,-1,-1,-1
192,6547,262.69,179.04,57.91,129.76,1,-1,-1,-1
192,6562,300.90,169.35,48.81,142.46,1,-1,-1,-1
192,6567,79.74,151.30,64.55,192.87,1,-1,-1,-1
193,6547,259.83,172.48,64.26,144.84,1,-1,-1,-1
193,6562,297.36,171.34,53.33,150.84,1,-1,-1,-1
193,6567,90.33,137.87,81.24,240.25,1,-1,-1,-1
193,6577,1.00,104.00,101.00,275.00,1,-1,-1,-1
193,6578,320.00,198.00,57.00,126.00,1,-1,-1,-1
194,6547,258.84,173.22,65.20,147.84,1,-1,-1,-1
194,6562,296.73,170.53,53.81,152.19,1,-1,-1,-1
194,6566,-10.43,103.44,120.47,269.48,1,-1,-1,-1
194,6567,91.27,131.76,90.65,265.32,1,-1,-1,-1
195,6547,259.00,172.27,65.08,149.01,1,-1,-1,-1
195,6562,317.40,186.48,50.45,138.84,1,-1,-1,-1
195,6566,-14.09,97.69,122.01,284.54,1,-1,-1,-1
195,6567,90.96,127.98,96.75,283.85,1,-1,-1,-1
196,6547,259.24,171.92,64.68,149.43,1,-1,-1,-1
196,6562,322.11,190.39,50.40,135.61,1,-1,-1,-1
196,6566,-14.50,95.31,120.51,290.86,1,-1,-1,-1
196,6567,90.90,126.46,99.10,291.37,1,-1,-1,-1
197,6547,259.48,171.80,64.21,149.56,1,-1,-1,-1
197,6562,323.42,191.70,50.93,134.54,1,-1,-1,-1
197,6566,-13.67,94.44,118.03,293.21,1,-1,-1,-1
197,6567,90.94,125.92,99.86,294.19,1,-1,-1,-1
198,6547,259.71,171.77,63.74,149.57,1,-1,-1,-1
198,6562,323.64,192.16,51.59,134.14,1,-1,-1,-1
198,6566,-12.48,94.18,115.46,293.96,1,-1,-1,-1
198,6567,91.01,125.77,99.99,295.09,1,-1,-1,-1
199,6547,259.42,178.24,57.85,137.24,1,-1,-1,-1
199,6562,323.58,194.28,52.02,132.69,1,-1,-1,-1
199,6566,-15.96,91.03,118.22,300.99,1,-1,-1,-1
199,6567,50.86,85.35,126.69,373.54,1,-1,-1,-1
200,6547,259.45,180.80,55.22,132.35,1,-1,-1,-1
200,6562,323.27,195.05,52.68,132.14,1,-1,-1,-1
200,6567,36.06,70.42,136.69,402.68,1,-1,-1,-1
201,6547,259.61,181.72,53.99,130.60,1,-1,-1,-1
201,6562,322.90,195.31,53.36,131.95,1,-1,-1,-1
201,6567,29.57,63.99,141.00,415.06,1,-1,-1,-1
202,6547,259.81,182.05,53.28,129.98,1,-1,-1,-1
202,6562,322.53,195.39,54.01,131.88,1,-1,-1,-1
202,6567,26.95,61.48,142.71,419.79,1,-1,-1,-1
203,6547,260.00,182.15,52.79,129.77,1,-1,-1,-1
203,6562,322.18,195.39,54.60,131.87,1,-1,-1,-1
203,6567,25.96,60.61,143.32,421.35,1,-1,-1,-1
204,6547,260.19,182.18,52.40,129.71,1,-1,-1,-1
204,6562,321.87,195.36,55.13,131.87,1,-1,-1,-1
204,6567,25.64,60.39,143.51,421.65,1,-1,-1,-1
205,6547,260.09,182.52,52.17,129.15,1,-1,-1,-1
205,6562,318.57,184.20,57.72,141.05,1,-1,-1,-1
205,6567,22.56,55.98,147.23,432.60,1,-1,-1,-1
206,6562,317.69,180.07,57.97,144.44,1,-1,-1,-1
207,6562,317.63,178.45,57.47,145.76,1,-1,-1,-1
208,6562,317.87,177.85,56.73,146.25,1,-1,-1,-1
209,6562,318.20,177.65,55.95,146.40,1,-1,-1,-1
210,6562,318.54,177.59,55.21,146.43,1,-1,-1,-1
211,6562,322.78,173.71,55.77,149.66,1,-1,-1,-1
211,6576,81.63,153.14,68.97,224.25,1,-1,-1,-1
211,6579,183.00,204.00,25.00,88.00,1,-1,-1,-1
211,6580,210.00,204.00,28.00,90.00,1,-1,-1,-1
212,6547,272.06,172.61,56.33,144.06,1,-1,-1,-1
212,6562,326.32,172.25,55.31,150.23,1,-1,-1,-1
212,6576,81.31,156.06,64.17,218.88,1,-1,-1,-1
212,6579,178.63,204.86,24.31,85.43,1,-1,-1,-1
212,6580,211.27,204.86,27.18,87.43,1,-1,-1,-1
213,6547,277.94,172.68,55.35,143.63,1,-1,-1,-1
213,6562,328.52,172.37,54.10,149.76,1,-1,-1,-1
213,6576,77.88,155.05,65.29,222.69,1,-1,-1,-1
213,6579,178.41,205.00,24.71,86.52,1,-1,-1,-1
214,6547,280.28,172.72,54.62,143.46,1,-1,-1,-1
214,6562,329.61,172.45,53.08,149.56,1,-1,-1,-1
214,6579,178.33,205.04,24.94,86.90,1,-1,-1,-1
215,6547,281.28,172.74,54.05,143.38,1,-1,-1,-1
215,6562,330.25,172.51,52.19,149.45,1,-1,-1,-1
215,6579,178.29,205.04,25.11,87.02,1,-1,-1,-1
216,6547,281.75,172.77,53.57,143.33,1,-1,-1,-1
216,6562,330.70,172.55,51.40,149.39,1,-1,-1,-1
216,6579,178.25,205.04,25.27,87.06,1,-1,-1,-1
217,6547,287.85,183.17,53.17,138.10,1,-1,-1,-1
217,6562,331.33,180.40,50.13,144.14,1,-1,-1,-1
217,6576,33.37,132.72,83.38,271.95,1,-1,-1,-1
217,6579,182.02,207.11,24.71,85.67,1,-1,-1,-1
217,6581,213.00,210.00,24.00,86.00,1,-1,-1,-1
218,6547,289.80,187.19,53.71,136.07,1,-1,-1,-1
218,6562,331.41,183.45,49.89,142.10,1,-1,-1,-1
218,6576,27.54,130.28,87.52,277.19,1,-1,-1,-1
218,6579,183.44,207.86,24.40,85.17,1,-1,-1,-1
218,6581,213.00,210.00,24.00,86.00,1,-1,-1,-1
219,6547,290.15,188.66,54.56,135.32,1,-1,-1,-1
219,6562,331.30,184.58,50.06,141.34,1,-1,-1,-1
219,6576,24.92,129.37,89.99,279.12,1,-1,-1,-1
219,6579,183.98,208.11,24.19,84.99,1,-1,-1,-1
219,6581,213.00,210.00,24.00,86.00,1,-1,-1,-1
220,6547,283.25,180.67,55.74,138.97,1,-1,-1,-1
220,6562,336.46,179.74,50.18,143.03,1,-1,-1,-1
220,6566,223.38,204.20,35.98,97.44,1,-1,-1,-1
220,6576,3.82,108.20,96.52,305.67,1,-1,-1,-1
220,6579,178.70,206.83,24.92,87.63,1,-1,-1,-1
220,6581,214.46,207.03,25.52,91.19,1,-1,-1,-1
221,6547,282.82,176.37,56.35,140.99,1,-1,-1,-1
221,6562,338.43,177.91,48.80,141.06,1,-1,-1,-1
221,6566,232.81,208.54,33.16,89.80,1,-1,-1,-1
221,6576,-8.17,96.44,96.43,318.26,1,-1,-1,-1
221,6579,176.15,205.03,25.73,89.92,1,-1,-1,-1
221,6581,214.83,205.34,26.28,93.64,1,-1,-1,-1
222,6547,282.69,174.72,56.48,141.76,1,-1,-1,-1
222,6562,339.33,177.22,47.93,140.30,1,-1,-1,-1
222,6576,-12.01,91.72,94.56,323.20,1,-1,-1,-1
222,6579,175.14,204.34,26.13,90.78,1,-1,-1,-1
222,6581,214.91,204.76,26.59,94.44,1,-1,-1,-1
223,6547,282.61,175.40,55.88,140.09,1,-1,-1,-1
223,6562,339.77,173.03,48.63,143.96,1,-1,-1,-1
223,6576,-18.15,88.11,96.56,330.01,1,-1,-1,-1
223,6579,172.14,198.84,28.27,98.30,1,-1,-1,-1
223,6581,213.83,196.44,29.55,104.86,1,-1,-1,-1
224,6547,282.55,175.67,55.68,139.44,1,-1,-1,-1
224,6562,340.07,171.48,48.58,145.33,1,-1,-1,-1
224,6579,171.04,196.79,29.04,101.10,1,-1,-1,-1
224,6581,213.43,193.44,30.62,108.62,1,-1,-1,-1
225,6547,282.49,175.79,55.63,139.19,1,-1,-1,-1
225,6562,340.28,170.90,48.30,145.85,1,-1,-1,-1
225,6579,170.64,196.00,29.33,102.17,1,-1,-1,-1
225,6581,213.25,192.34,31.02,109.98,1,-1,-1,-1
226,6547,282.44,175.84,55.63,139.09,1,-1,-1,-1
226,6562,340.46,170.71,47.95,146.05,1,-1,-1,-1
226,6579,170.52,195.71,29.41,102.54,1,-1,-1,-1
226,6581,213.17,192.01,31.16,110.38,1,-1,-1,-1
227,6547,282.40,175.86,55.66,139.05,1,-1,-1,-1
227,6562,340.61,170.66,47.59,146.11,1,-1,-1,-1
227,6579,170.50,195.63,29.41,102.64,1,-1,-1,-1
227,6581,213.14,191.96,31.19,110.42,1,-1,-1,-1
228,6547,282.36,175.88,55.68,139.04,1,-1,-1,-1
228,6562,340.75,170.66,47.26,146.12,1,-1,-1,-1
228,6579,170.53,195.62,29.39,102.64,1,-1,-1,-1
228,6581,213.12,192.01,31.18,110.34,1,-1,-1,-1
229,6547,280.42,174.59,58.87,146.87,1,-1,-1,-1
229,6562,342.55,171.98,48.81,148.73,1,-1,-1,-1
229,6579,171.08,195.64,30.27,105.19,1,-1,-1,-1
229,6581,210.45,195.34,30.62,106.98,1,-1,-1,-1
229,6582,115.00,196.00,33.00,100.00,1,-1,-1,-1
230,6547,282.73,174.75,58.47,145.30,1,-1,-1,-1
230,6562,342.83,171.85,49.50,149.06,1,-1,-1,-1
230,6579,171.23,193.74,31.38,109.35,1,-1,-1,-1
230,6581,208.95,192.10,31.97,111.50,1,-1,-1,-1
230,6582,115.13,201.14,31.87,96.57,1,-1,-1,-1
231,6547,283.76,174.83,57.39,141.40,1,-1,-1,-1
231,6562,342.68,170.51,48.94,146.57,1,-1,-1,-1
231,6579,171.06,192.38,32.28,111.56,1,-1,-1,-1
231,6581,206.45,191.56,32.51,112.51,1,-1,-1,-1
231,6582,112.48,198.19,33.23,100.57,1,-1,-1,-1
231,6583,137.00,190.00,37.00,113.00,1,-1,-1,-1
232,6547,284.77,174.21,58.35,143.17,1,-1,-1,-1
232,6562,341.87,170.67,49.52,148.22,1,-1,-1,-1
232,6579,170.79,186.11,34.34,118.78,1,-1,-1,-1
232,6581,205.63,188.81,33.04,115.41,1,-1,-1,-1
232,6582,108.31,192.08,35.93,108.46,1,-1,-1,-1
232,6583,135.75,187.43,37.78,115.57,1,-1,-1,-1
233,6547,285.07,173.98,58.84,143.82,1,-1,-1,-1
233,6562,341.54,170.74,49.74,148.84,1,-1,-1,-1
233,6579,170.70,183.71,35.11,121.53,1,-1,-1,-1
233,6581,205.42,187.79,33.06,116.48,1,-1,-1,-1
233,6582,106.86,189.97,36.92,111.17,1,-1,-1,-1
233,6583,135.58,187.00,37.84,116.00,1,-1,-1,-1
234,6547,285.24,175.21,59.53,146.01,1,-1,-1,-1
234,6562,341.22,172.08,48.89,147.76,1,-1,-1,-1
234,6579,170.88,185.97,34.36,118.75,1,-1,-1,-1
234,6581,204.87,186.42,33.59,118.34,1,-1,-1,-1
234,6582,103.01,189.31,35.84,107.88,1,-1,-1,-1
234,6583,135.37,186.57,37.98,116.43,1,-1,-1,-1
235,6547,284.40,175.68,59.62,147.48,1,-1,-1,-1
235,6562,340.46,171.95,49.80,151.91,1,-1,-1,-1
235,6579,167.48,189.51,33.26,114.33,1,-1,-1,-1
235,6582,99.62,185.07,39.50,118.87,1,-1,-1,-1
235,6583,135.86,185.16,38.06,116.98,1,-1,-1,-1
236,6547,284.20,175.86,59.38,148.02,1,-1,-1,-1
236,6562,340.30,171.91,49.88,153.46,1,-1,-1,-1
236,6579,166.14,190.91,32.91,112.57,1,-1,-1,-1
236,6582,98.43,183.58,40.79,122.73,1,-1,-1,-1
236,6583,135.98,184.86,37.99,117.12,1,-1,-1,-1
237,6547,283.41,175.29,59.39,147.57,1,-1,-1,-1
237,6562,340.70,171.90,48.96,151.45,1,-1,-1,-1
237,6579,162.44,188.18,33.98,117.10,1,-1,-1,-1
237,6582,92.64,181.14,42.99,129.95,1,-1,-1,-1
237,6583,135.94,184.27,38.12,117.52,1,-1,-1,-1
238,6547,283.05,175.07,59.49,147.37,1,-1,-1,-1
238,6562,340.92,171.90,48.46,150.65,1,-1,-1,-1
238,6579,161.14,187.18,34.22,118.77,1,-1,-1,-1
238,6582,90.52,180.26,43.69,132.66,1,-1,-1,-1
239,6547,282.87,174.99,59.62,147.28,1,-1,-1,-1
239,6562,341.06,171.91,48.15,150.33,1,-1,-1,-1
239,6579,160.73,186.81,34.18,119.38,1,-1,-1,-1
239,6582,89.85,180.00,43.80,133.57,1,-1,-1,-1
240,6547,282.75,174.96,59.74,147.23,1,-1,-1,-1
240,6562,341.16,171.92,47.91,150.21,1,-1,-1,-1
240,6579,160.66,186.69,34.04,119.58,1,-1,-1,-1
240,6582,89.73,179.97,43.69,133.79,1,-1,-1,-1
241,6547,281.83,174.30,62.83,153.07,1,-1,-1,-1
241,6562,337.99,173.88,49.02,151.45,1,-1,-1,-1
241,6566,215.90,202.04,43.35,122.92,1,-1,-1,-1
241,6579,156.62,192.48,36.23,127.38,1,-1,-1,-1
241,6582,73.60,174.86,46.23,142.16,1,-1,-1,-1
241,6583,99.34,181.06,39.69,126.45,1,-1,-1,-1
242,6547,283.46,174.70,65.18,155.89,1,-1,-1,-1
242,6562,335.21,174.63,51.29,154.52,1,-1,-1,-1
242,6566,215.92,202.12,43.65,123.76,1,-1,-1,-1
242,6579,153.50,188.34,40.27,135.99,1,-1,-1,-1
242,6582,63.77,170.41,48.32,149.72,1,-1,-1,-1
242,6583,95.27,180.38,40.07,127.64,1,-1,-1,-1
243,6547,283.78,174.86,66.71,156.96,1,-1,-1,-1
243,6562,333.81,174.91,52.83,155.68,1,-1,-1,-1
243,6579,151.86,186.71,42.73,139.35,1,-1,-1,-1
243,6582,60.07,168.70,48.90,152.63,1,-1,-1,-1
244,6547,283.61,174.92,67.86,157.35,1,-1,-1,-1
244,6562,332.98,175.01,54.03,156.10,1,-1,-1,-1
244,6579,150.86,186.07,44.46,140.62,1,-1,-1,-1
244,6582,58.82,168.09,48.90,153.65,1,-1,-1,-1
245,6547,283.28,174.95,68.80,157.46,1,-1,-1,-1
245,6562,332.40,175.05,55.03,156.24,1,-1,-1,-1
245,6579,150.15,185.84,45.81,141.04,1,-1,-1,-1
245,6582,58.55,167.92,48.68,153.93,1,-1,-1,-1
246,6547,282.91,174.96,69.61,157.47,1,-1,-1,-1
246,6562,331.94,175.06,55.91,156.28,1,-1,-1,-1
246,6579,149.60,185.76,46.95,141.14,1,-1,-1,-1
246,6582,58.64,167.92,48.40,153.92,1,-1,-1,-1
247,6547,283.14,174.91,69.97,158.29,1,-1,-1,-1
247,6562,331.64,175.17,56.09,156.79,1,-1,-1,-1
247,6566,205.78,197.61,46.79,136.00,1,-1,-1,-1
247,6579,135.57,170.97,54.49,163.61,1,-1,-1,-1
247,6582,31.85,164.13,50.73,162.16,1,-1,-1,-1
247,6583,90.91,166.85,51.71,163.51,1,-1,-1,-1
248,6547,278.64,175.73,64.44,146.80,1,-1,-1,-1
248,6562,336.05,174.30,52.26,147.11,1,-1,-1,-1
248,6566,204.64,197.16,46.02,137.08,1,-1,-1,-1
248,6579,129.32,166.11,55.12,166.45,1,-1,-1,-1
248,6582,11.00,158.28,52.79,172.84,1,-1,-1,-1
248,6583,89.01,163.25,53.47,169.51,1,-1,-1,-1
249,6547,280.62,173.87,64.64,149.61,1,-1,-1,-1
249,6562,337.40,174.10,50.01,144.19,1,-1,-1,-1
249,6566,201.45,193.16,47.47,144.50,1,-1,-1,-1
249,6579,126.03,168.53,52.39,159.28,1,-1,-1,-1
249,6582,2.17,157.27,53.75,177.60,1,-1,-1,-1
249,6583,86.84,159.36,55.86,178.71,1,-1,-1,-1
249,6584,67.00,160.00,54.00,176.00,1,-1,-1,-1
250,6547,278.59,173.25,64.18,149.89,1,-1,-1,-1
250,6562,337.10,173.37,50.09,145.86,1,-1,-1,-1
250,6566,198.41,187.25,49.82,154.21,1,-1,-1,-1
250,6579,103.03,161.19,56.65,176.26,1,-1,-1,-1
250,6582,-0.44,161.99,51.36,170.55,1,-1,-1,-1
250,6583,67.80,153.49,59.55,192.25,1,-1,-1,-1
251,6547,278.58,172.36,63.17,149.34,1,-1,-1,-1
251,6562,337.71,176.38,48.02,141.24,1,-1,-1,-1
251,6566,195.22,183.07,51.00,159.24,1,-1,-1,-1
251,6579,99.19,159.27,57.87,180.05,1,-1,-1,-1
251,6582,-3.48,157.52,52.39,175.91,1,-1,-1,-1
251,6583,58.25,150.57,61.37,197.55,1,-1,-1,-1
252,6547,278.78,172.04,62.38,149.13,1,-1,-1,-1
252,6562,338.06,177.53,47.01,139.49,1,-1,-1,-1
252,6566,194.06,181.41,51.27,161.20,1,-1,-1,-1
252,6582,-4.39,155.87,52.44,177.88,1,-1,-1,-1
252,6583,54.44,149.45,62.16,199.56,1,-1,-1,-1
253,6547,277.86,173.88,62.78,150.36,1,-1,-1,-1
253,6562,332.61,187.88,47.20,138.87,1,-1,-1,-1
253,6566,191.41,181.41,52.63,161.90,1,-1,-1,-1
253,6582,-10.10,154.02,53.44,181.27,1,-1,-1,-1
253,6583,74.68,149.69,63.35,205.90,1,-1,-1,-1
253,6585,500.00,369.00,139.00,108.00,1,-1,-1,-1
254,6547,277.55,174.59,62.87,150.82,1,-1,-1,-1
254,6562,330.48,191.71,47.50,138.67,1,-1,-1,-1
254,6566,190.15,181.45,53.64,162.12,1,-1,-1,-1
254,6583,82.85,149.83,63.39,208.29,1,-1,-1,-1
254,6585,500.00,369.00,139.00,108.00,1,-1,-1,-1
255,6547,277.47,174.86,62.85,150.99,1,-1,-1,-1
255,6562,329.60,193.10,47.81,138.62,1,-1,-1,-1
255,6566,189.49,181.48,54.43,162.14,1,-1,-1,-1
255,6583,86.34,149.93,63.02,209.10,1,-1,-1,-1
255,6585,500.00,369.00,139.00,108.00,1,-1,-1,-1
256,6547,277.47,174.96,62.80,151.05,1,-1,-1,-1
256,6562,329.20,193.57,48.11,138.63,1,-1,-1,-1
256,6566,189.08,181.52,55.09,162.09,1,-1,-1,-1
256,6583,87.92,150.03,62.53,209.29,1,-1,-1,-1
256,6585,500.00,369.00,139.00,108.00,1,-1,-1,-1
257,6547,277.50,175.00,62.73,151.07,1,-1,-1,-1
257,6562,328.99,193.69,48.38,138.65,1,-1,-1,-1
257,6566,188.79,181.56,55.64,162.02,1,-1,-1,-1
257,6583,88.72,150.11,62.03,209.25,1,-1,-1,-1
257,6585,500.00,369.00,139.00,108.00,1,-1,-1,-1
258,6547,277.54,175.01,62.67,151.07,1,-1,-1,-1
258,6562,328.86,193.69,48.63,138.68,1,-1,-1,-1
258,6566,188.57,181.60,56.12,161.94,1,-1,-1,-1
258,6583,89.19,150.18,61.55,209.12,1,-1,-1,-1
258,6585,500.00,369.00,139.00,108.00,1,-1,-1,-1
259,6547,277.00,175.01,60.50,146.50,1,-1,-1,-1
259,6562,330.81,182.50,50.02,140.68,1,-1,-1,-1
259,6566,169.26,170.00,60.54,178.66,1,-1,-1,-1
259,6583,61.82,135.47,63.83,216.67,1,-1,-1,-1
259,6585,500.00,369.00,139.00,108.00,1,-1,-1,-1
260,6547,276.73,175.04,60.38,146.20,1,-1,-1,-1
260,6562,330.13,193.27,48.18,135.58,1,-1,-1,-1
260,6566,163.86,171.30,61.11,181.76,1,-1,-1,-1
260,6583,58.66,133.16,64.92,220.36,1,-1,-1,-1
261,6562,329.89,197.41,47.46,133.62,1,-1,-1,-1
261,6566,161.88,171.90,61.07,182.91,1,-1,-1,-1
262,6562,329.81,198.91,47.19,132.93,1,-1,-1,-1
262,6566,161.29,172.18,60.81,183.28,1,-1,-1,-1
263,6562,329.79,199.42,47.08,132.69,1,-1,-1,-1
263,6566,161.23,172.33,60.49,183.34,1,-1,-1,-1
264,6562,329.80,199.57,47.04,132.63,1,-1,-1,-1
264,6566,161.37,172.41,60.17,183.29,1,-1,-1,-1
265,6547,282.77,170.39,61.16,152.38,1,-1,-1,-1
265,6562,327.73,183.17,50.55,144.46,1,-1,-1,-1
265,6566,149.43,162.16,66.09,200.62,1,-1,-1,-1
265,6583,-6.22,112.92,90.66,324.02,1,-1,-1,-1
266,6547,282.04,174.05,57.61,145.49,1,-1,-1,-1
266,6562,328.58,180.96,49.24,141.17,1,-1,-1,-1
266,6566,146.55,160.52,67.18,203.93,1,-1,-1,-1
266,6583,-12.64,110.05,93.23,333.21,1,-1,-1,-1
267,6547,281.96,175.35,56.02,143.07,1,-1,-1,-1
267,6562,328.99,180.10,48.62,139.81,1,-1,-1,-1
268,6547,282.08,175.81,55.15,142.20,1,-1,-1,-1
268,6562,329.19,179.79,48.31,139.29,1,-1,-1,-1
269,6547,282.25,175.98,54.57,141.89,1,-1,-1,-1
269,6562,329.31,179.70,48.13,139.10,1,-1,-1,-1
270,6547,282.42,176.04,54.14,141.79,1,-1,-1,-1
270,6562,329.39,179.68,48.00,139.03,1,-1,-1,-1
271,6547,271.67,176.06,52.65,136.52,1,-1,-1,-1
271,6562,321.51,177.09,48.76,140.96,1,-1,-1,-1
271,6566,118.65,134.89,87.06,266.05,1,-1,-1,-1
272,6547,267.26,174.07,54.07,139.86,1,-1,-1,-1
272,6562,321.80,178.07,47.08,135.84,1,-1,-1,-1
272,6566,112.77,130.18,90.29,278.35,1,-1,-1,-1
273,6547,265.64,173.34,54.65,141.08,1,-1,-1,-1
273,6562,321.93,178.49,46.48,133.85,1,-1,-1,-1
273,6566,110.70,128.38,91.16,283.08,1,-1,-1,-1
274,6547,265.04,173.07,54.94,141.56,1,-1,-1,-1
274,6562,321.98,178.66,46.31,133.13,1,-1,-1,-1
274,6566,110.14,127.73,91.14,284.78,1,-1,-1,-1
275,6547,264.83,172.97,55.10,141.76,1,-1,-1,-1
275,6562,322.00,178.73,46.29,132.87,1,-1,-1,-1
275,6566,110.15,127.56,90.82,285.28,1,-1,-1,-1
276,6547,264.76,172.94,55.21,141.84,1,-1,-1,-1
276,6562,322.00,178.78,46.32,132.79,1,-1,-1,-1
276,6566,110.37,127.56,90.41,285.31,1,-1,-1,-1
277,6547,261.73,175.54,56.12,143.18,1,-1,-1,-1
277,6562,321.84,176.18,50.64,143.93,1,-1,-1,-1
277,6566,74.72,106.58,108.27,335.56,1,-1,-1,-1
278,6547,260.51,176.53,56.67,143.70,1,-1,-1,-1
278,6562,321.66,175.23,52.47,148.03,1,-1,-1,-1
278,6566,60.85,98.75,116.10,354.30,1,-1,-1,-1
279,6547,260.00,176.90,57.06,143.89,1,-1,-1,-1
279,6562,321.50,174.87,53.41,149.63,1,-1,-1,-1
279,6566,54.73,95.57,120.21,361.92,1,-1,-1,-1
280,6547,259.76,177.04,57.37,143.97,1,-1,-1,-1
280,6562,321.35,174.75,53.95,150.23,1,-1,-1,-1
280,6566,52.03,94.41,122.58,364.72,1,-1,-1,-1
281,6547,259.63,177.08,57.64,144.00,1,-1,-1,-1
281,6562,321.22,174.72,54.32,150.42,1,-1,-1,-1
281,6566,50.77,94.05,124.14,365.57,1,-1,-1,-1
282,6547,259.55,177.09,57.87,144.01,1,-1,-1,-1
282,6562,321.11,174.73,54.61,150.47,1,-1,-1,-1
282,6566,50.11,94.02,125.32,365.66,1,-1,-1,-1
283,6547,263.40,174.48,58.08,144.01,1,-1,-1,-1
283,6562,320.81,170.21,54.58,151.76,1,-1,-1,-1
283,6566,9.11,32.93,148.86,442.57,1,-1,-1,-1
284,6547,264.83,173.49,58.26,144.01,1,-1,-1,-1
284,6562,320.83,168.50,54.31,152.22,1,-1,-1,-1
284,6566,-5.23,10.34,155.78,471.14,1,-1,-1,-1
285,6547,265.34,173.11,58.43,144.01,1,-1,-1,-1
285,6562,320.97,167.87,53.96,152.38,1,-1,-1,-1
285,6566,-10.41,0.87,157.21,482.95,1,-1,-1,-1
286,6547,265.50,172.98,58.58,144.01,1,-1,-1,-1
286,6562,321.13,167.66,53.60,152.41,1,-1,-1,-1
286,6566,-11.64,-2.74,156.39,487.34,1,-1,-1,-1
287,6547,265.52,172.93,58.72,144.01,1,-1,-1,-1
287,6562,321.30,167.60,53.27,152.40,1,-1,-1,-1
287,6566,-11.33,-3.95,154.80,488.71,1,-1,-1,-1
288,6547,265.50,172.92,58.84,144.01,1,-1,-1,-1
288,6562,321.46,167.61,52.96,152.37,1,-1,-1,-1
288,6566,-10.49,-4.21,153.03,488.91,1,-1,-1,-1
289,6547,272.80,169.00,59.94,147.92,1,-1,-1,-1
289,6562,321.26,166.94,53.17,152.97,1,-1,-1,-1
289,6566,-17.12,-11.28,156.58,500.27,1,-1,-1,-1
290,6547,275.68,167.54,60.08,149.39,1,-1,-1,-1
291,6547,276.89,166.99,59.89,149.95,1,-1,-1,-1
292,6547,277.44,166.79,59.60,150.15,1,-1,-1,-1
293,6547,277.72,166.74,59.29,150.21,1,-1,-1,-1
294,6547,277.90,166.73,58.98,150.22,1,-1,-1,-1
295,6547,293.24,170.00,60.16,150.86,1,-1,-1,-1
296,6547,298.80,171.26,61.09,151.09,1,-1,-1,-1
297,6547,300.63,171.74,61.88,151.17,1,-1,-1,-1
298,6547,301.06,171.92,62.58,151.18,1,-1,-1,-1
299,6547,300.97,171.99,63.20,151.18,1,-1,-1,-1
300,6547,300.70,172.01,63.75,151.17,1,-1,-1,-1
301,6547,302.50,172.06,63.87,151.44,1,-1,-1,-1
307,6547,342.08,169.22,64.84,152.07,1,-1,-1,-1
307,6562,401.69,168.81,55.32,156.11,1,-1,-1,-1
308,6547,349.28,171.76,63.16,145.91,1,-1,-1,-1
308,6562,405.41,168.78,55.40,156.35,1,-1,-1,-1
309,6547,351.46,172.60,63.04,143.87,1,-1,-1,-1
310,6547,351.98,172.91,63.36,143.13,1,-1,-1,-1
311,6547,351.90,173.01,63.78,142.88,1,-1,-1,-1
312,6547,351.63,173.05,64.21,142.80,1,-1,-1,-1
313,6547,365.41,170.43,65.27,147.38,1,-1,-1,-1
313,6562,434.32,169.90,54.81,156.12,1,-1,-1,-1
313,6586,255.00,214.00,23.00,76.00,1,-1,-1,-1
314,6547,370.74,169.46,65.15,149.09,1,-1,-1,-1
314,6562,436.43,169.99,54.47,156.08,1,-1,-1,-1
314,6586,255.00,214.00,23.00,76.00,1,-1,-1,-1
315,6547,372.88,169.08,64.66,149.75,1,-1,-1,-1
315,6562,437.25,170.02,54.23,156.07,1,-1,-1,-1
315,6586,255.00,214.00,23.00,76.00,1,-1,-1,-1
316,6547,373.76,168.95,64.08,150.00,1,-1,-1,-1
316,6562,437.48,170.03,54.04,156.06,1,-1,-1,-1
316,6586,255.00,214.00,23.00,76.00,1,-1,-1,-1
317,6547,374.15,168.90,63.51,150.08,1,-1,-1,-1
317,6562,437.48,170.03,53.90,156.05,1,-1,-1,-1
317,6586,255.00,214.00,23.00,76.00,1,-1,-1,-1
318,6547,374.34,168.90,62.97,150.11,1,-1,-1,-1
318,6562,437.39,170.03,53.79,156.05,1,-1,-1,-1
318,6586,255.00,214.00,23.00,76.00,1,-1,-1,-1
319,6547,382.25,171.50,60.56,145.55,1,-1,-1,-1
319,6562,444.96,175.92,52.72,150.81,1,-1,-1,-1
319,6586,247.65,209.14,25.90,85.02,1,-1,-1,-1
319,6587,177.00,218.00,22.00,69.00,1,-1,-1,-1
320,6547,385.28,172.51,59.39,143.80,1,-1,-1,-1
320,6562,447.56,178.16,52.64,148.81,1,-1,-1,-1
320,6586,245.02,207.44,27.05,88.18,1,-1,-1,-1
320,6587,177.00,218.00,22.00,69.00,1,-1,-1,-1
321,6547,386.42,172.88,58.72,143.15,1,-1,-1,-1
321,6562,448.28,178.97,52.90,148.08,1,-1,-1,-1
321,6586,243.97,206.81,27.60,89.35,1,-1,-1,-1
321,6587,177.00,218.00,22.00,69.00,1,-1,-1,-1
322,6547,386.85,173.02,58.27,142.92,1,-1,-1,-1
322,6562,448.31,179.25,53.26,147.83,1,-1,-1,-1
322,6586,243.57,206.60,27.90,89.73,1,-1,-1,-1
322,6587,177.00,218.00,22.00,69.00,1,-1,-1,-1
323,6547,387.00,173.06,57.92,142.85,1,-1,-1,-1
323,6562,448.12,179.33,53.62,147.75,1,-1,-1,-1
323,6586,243.42,206.56,28.10,89.81,1,-1,-1,-1
323,6587,177.00,218.00,22.00,69.00,1,-1,-1,-1
324,6547,387.05,173.07,57.63,142.83,1,-1,-1,-1
324,6562,447.85,179.34,53.96,147.74,1,-1,-1,-1
324,6586,243.35,206.58,28.27,89.79,1,-1,-1,-1
324,6587,177.00,218.00,22.00,69.00,1,-1,-1,-1
325,6547,393.46,175.69,55.07,134.98,1,-1,-1,-1
325,6562,455.10,170.13,58.92,160.87,1,-1,-1,-1
325,6586,241.36,206.61,32.33,102.78,1,-1,-1,-1
325,6587,177.00,218.00,22.00,69.00,1,-1,-1,-1
325,6588,207.00,211.00,35.00,106.00,1,-1,-1,-1
326,6547,395.17,176.69,56.68,138.00,1,-1,-1,-1
326,6562,458.27,168.65,60.36,162.53,1,-1,-1,-1
326,6586,240.34,209.09,33.15,104.47,1,-1,-1,-1
326,6589,288.00,212.00,25.00,78.00,1,-1,-1,-1
327,6547,395.65,177.04,57.46,139.10,1,-1,-1,-1
327,6562,459.20,168.08,61.34,163.15,1,-1,-1,-1
327,6586,239.90,210.17,33.59,105.04,1,-1,-1,-1
327,6589,288.00,212.00,25.00,78.00,1,-1,-1,-1
328,6547,395.65,177.16,57.94,139.53,1,-1,-1,-1
328,6562,459.28,167.87,62.09,163.37,1,-1,-1,-1
328,6586,239.69,210.61,33.88,105.18,1,-1,-1,-1
328,6589,288.00,212.00,25.00,78.00,1,-1,-1,-1
329,6547,395.49,177.19,58.29,139.71,1,-1,-1,-1
329,6562,459.05,167.80,62.71,163.42,1,-1,-1,-1
329,6586,239.58,210.79,34.10,105.17,1,-1,-1,-1
329,6589,288.00,212.00,25.00,78.00,1,-1,-1,-1
330,6547,395.29,177.19,58.57,139.79,1,-1,-1,-1
330,6562,458.74,167.79,63.24,163.42,1,-1,-1,-1
330,6586,239.51,210.86,34.29,105.10,1,-1,-1,-1
330,6589,288.00,212.00,25.00,78.00,1,-1,-1,-1
331,6547,399.75,177.18,54.71,129.37,1,-1,-1,-1
331,6562,465.59,167.80,62.35,163.39,1,-1,-1,-1
331,6586,232.38,189.62,43.44,131.45,1,-1,-1,-1
331,6589,284.92,200.69,29.74,93.56,1,-1,-1,-1
332,6547,401.24,177.16,53.46,125.35,1,-1,-1,-1
332,6562,468.36,167.81,61.54,163.36,1,-1,-1,-1
332,6586,229.58,181.93,47.15,141.05,1,-1,-1,-1
332,6589,283.98,196.84,31.14,98.85,1,-1,-1,-1
333,6547,401.61,177.14,53.25,123.96,1,-1,-1,-1
333,6562,469.54,167.83,60.81,163.33,1,-1,-1,-1
333,6586,228.27,178.65,49.01,145.08,1,-1,-1,-1
333,6589,283.72,195.37,31.49,100.86,1,-1,-1,-1
334,6547,401.57,177.13,53.41,123.49,1,-1,-1,-1
334,6562,470.10,167.84,60.15,163.30,1,-1,-1,-1
334,6586,227.65,177.37,49.99,146.59,1,-1,-1,-1
334,6589,283.74,194.91,31.39,101.50,1,-1,-1,-1
335,6547,401.41,177.11,53.68,123.37,1,-1,-1,-1
335,6562,470.41,167.86,59.56,163.27,1,-1,-1,-1
335,6586,227.32,176.93,50.59,147.07,1,-1,-1,-1
335,6589,283.86,194.83,31.13,101.61,1,-1,-1,-1
336,6547,401.20,177.10,53.97,123.36,1,-1,-1,-1
336,6562,470.62,167.87,59.03,163.25,1,-1,-1,-1
336,6586,227.12,176.82,51.01,147.15,1,-1,-1,-1
336,6589,284.02,194.88,30.83,101.54,1,-1,-1,-1
337,6547,398.39,177.75,53.53,122.74,1,-1,-1,-1
337,6562,469.35,177.00,56.83,156.71,1,-1,-1,-1
337,6586,205.65,173.65,55.85,161.70,1,-1,-1,-1
337,6589,283.52,193.06,31.59,104.04,1,-1,-1,-1
338,6547,397.53,176.67,54.22,124.53,1,-1,-1,-1
338,6562,469.21,181.18,56.44,154.18,1,-1,-1,-1
338,6586,194.79,169.36,60.02,175.25,1,-1,-1,-1
338,6590,135.00,177.00,55.00,173.00,1,-1,-1,-1
338,6591,253.00,209.00,27.00,89.00,1,-1,-1,-1
339,6547,395.76,177.57,56.04,128.50,1,-1,-1,-1
339,6562,468.17,186.67,55.55,149.29,1,-1,-1,-1
339,6586,188.36,167.05,63.39,188.04,1,-1,-1,-1
339,6590,127.19,167.57,56.05,176.43,1,-1,-1,-1
339,6591,252.98,209.86,27.04,89.00,1,-1,-1,-1
340,6547,397.92,174.67,57.50,131.95,1,-1,-1,-1
340,6562,468.15,186.69,55.71,148.81,1,-1,-1,-1
340,6586,177.82,165.54,64.07,192.53,1,-1,-1,-1
340,6589,278.49,209.52,26.36,86.05,1,-1,-1,-1
340,6590,119.02,160.04,60.29,190.40,1,-1,-1,-1
340,6591,249.99,207.75,28.52,93.50,1,-1,-1,-1
341,6547,398.07,173.55,57.47,131.99,1,-1,-1,-1
341,6562,466.82,174.12,59.01,157.89,1,-1,-1,-1
341,6586,165.65,161.25,67.70,201.06,1,-1,-1,-1
341,6589,277.72,209.45,26.50,86.51,1,-1,-1,-1
341,6590,115.41,156.50,61.88,195.41,1,-1,-1,-1
341,6591,249.39,207.76,28.22,92.11,1,-1,-1,-1
342,6547,398.40,176.37,55.55,127.45,1,-1,-1,-1
342,6562,466.35,171.43,60.81,159.95,1,-1,-1,-1
342,6586,153.92,153.37,74.98,219.90,1,-1,-1,-1
342,6589,278.26,211.53,26.03,84.54,1,-1,-1,-1
342,6591,247.15,208.54,27.94,90.05,1,-1,-1,-1
343,6547,398.99,176.15,55.81,127.03,1,-1,-1,-1
343,6562,468.78,178.80,59.46,152.32,1,-1,-1,-1
343,6586,136.09,151.51,79.18,229.12,1,-1,-1,-1
343,6589,278.34,207.10,27.17,87.67,1,-1,-1,-1
343,6590,91.63,152.62,62.93,197.00,1,-1,-1,-1
343,6591,246.00,208.40,27.94,90.04,1,-1,-1,-1
344,6547,399.08,176.06,56.15,126.88,1,-1,-1,-1
344,6562,469.31,181.70,59.66,149.33,1,-1,-1,-1
344,6586,128.61,150.83,81.40,232.73,1,-1,-1,-1
344,6589,278.32,205.60,27.64,88.72,1,-1,-1,-1
344,6590,88.06,152.04,63.60,197.28,1,-1,-1,-1
345,6547,398.98,176.03,56.49,126.83,1,-1,-1,-1
345,6562,469.12,182.75,60.46,148.24,1,-1,-1,-1
345,6586,125.50,150.63,82.72,233.98,1,-1,-1,-1
345,6589,278.30,205.04,27.89,89.11,1,-1,-1,-1
345,6590,86.73,151.87,64.22,197.36,1,-1,-1,-1
346,6547,398.83,176.02,56.82,126.83,1,-1,-1,-1
346,6562,468.70,183.12,61.41,147.86,1,-1,-1,-1
346,6586,124.20,150.63,83.64,234.30,1,-1,-1,-1
346,6589,278.27,204.85,28.05,89.23,1,-1,-1,-1
346,6590,86.27,151.89,64.79,197.28,1,-1,-1,-1
347,6547,398.67,176.01,57.12,126.84,1,-1,-1,-1
347,6562,468.21,183.24,62.37,147.74,1,-1,-1,-1
347,6586,123.62,150.69,84.35,234.26,1,-1,-1,-1
347,6589,278.24,204.79,28.16,89.26,1,-1,-1,-1
347,6590,86.12,151.99,65.32,197.16,1,-1,-1,-1
348,6547,398.52,176.01,57.40,126.85,1,-1,-1,-1
348,6562,467.74,183.27,63.26,147.71,1,-1,-1,-1
348,6586,123.35,150.77,84.95,234.09,1,-1,-1,-1
348,6589,278.22,204.78,28.25,89.26,1,-1,-1,-1
348,6590,86.08,152.10,65.83,197.03,1,-1,-1,-1
349,6547,397.79,176.01,55.54,121.63,1,-1,-1,-1
349,6562,468.09,189.17,59.87,139.84,1,-1,-1,-1
349,6586,91.77,120.82,108.71,304.19,1,-1,-1,-1
349,6589,277.92,204.40,28.39,89.69,1,-1,-1,-1
349,6590,82.54,150.64,66.39,198.67,1,-1,-1,-1
349,6591,220.16,207.99,29.03,90.97,1,-1,-1,-1
349,6592,240.00,210.00,35.00,91.00,1,-1,-1,-1
349,6593,2.00,117.00,94.00,308.00,1,-1,-1,-1
350,6547,397.37,176.01,55.08,119.65,1,-1,-1,-1
350,6562,468.19,191.40,58.58,136.86,1,-1,-1,-1
350,6586,80.73,109.92,116.20,329.73,1,-1,-1,-1
350,6587,242.03,210.03,30.41,90.92,1,-1,-1,-1
350,6591,218.42,207.97,29.75,91.02,1,-1,-1,-1
350,6593,2.00,117.00,94.00,308.00,1,-1,-1,-1
351,6547,397.09,176.00,55.16,118.94,1,-1,-1,-1
351,6562,468.21,192.17,58.11,135.82,1,-1,-1,-1
351,6586,76.56,105.23,118.52,340.69,1,-1,-1,-1
351,6587,242.68,209.90,31.44,91.28,1,-1,-1,-1
351,6591,217.63,207.96,30.39,91.03,1,-1,-1,-1
351,6593,2.00,117.00,94.00,308.00,1,-1,-1,-1
352,6547,396.87,176.00,55.42,118.70,1,-1,-1,-1
352,6562,468.21,192.43,57.95,135.48,1,-1,-1,-1
352,6586,75.45,103.43,118.58,344.89,1,-1,-1,-1
352,6587,242.70,209.86,32.12,91.40,1,-1,-1,-1
352,6591,217.25,207.96,30.95,91.04,1,-1,-1,-1
352,6593,2.00,117.00,94.00,308.00,1,-1,-1,-1
353,6547,396.68,176.00,55.72,118.64,1,-1,-1,-1
353,6562,468.19,192.49,57.90,135.40,1,-1,-1,-1
353,6586,75.55,102.83,117.78,346.28,1,-1,-1,-1
353,6587,242.52,209.85,32.59,91.42,1,-1,-1,-1
353,6591,217.05,207.96,31.45,91.04,1,-1,-1,-1
353,6593,2.00,117.00,94.00,308.00,1,-1,-1,-1
354,6547,396.52,176.00,56.02,118.64,1,-1,-1,-1
354,6562,468.17,192.47,57.89,135.41,1,-1,-1,-1
354,6586,76.09,102.70,116.71,346.56,1,-1,-1,-1
354,6587,242.29,209.85,32.95,91.40,1,-1,-1,-1
354,6591,216.92,207.96,31.90,91.03,1,-1,-1,-1
354,6593,2.00,117.00,94.00,308.00,1,-1,-1,-1
