1,1,392.00,154.00,108.00,190.00,1,-1,-1,-1
2,1,392.00,154.00,108.00,190.00,1,-1,-1,-1
3,1,392.00,154.00,108.00,190.00,1,-1,-1,-1
4,1,392.00,154.00,108.00,190.00,1,-1,-1,-1
4,2,512.00,130.00,64.00,212.00,1,-1,-1,-1
4,3,462.00,138.00,54.00,212.00,1,-1,-1,-1
5,2,512.00,130.00,64.00,212.00,1,-1,-1,-1
5,3,462.00,138.00,54.00,212.00,1,-1,-1,-1
6,2,512.00,130.00,64.00,212.00,1,-1,-1,-1
6,3,462.00,138.00,54.00,212.00,1,-1,-1,-1
7,2,512.00,130.00,64.00,212.00,1,-1,-1,-1
7,3,478.28,143.94,54.09,210.52,1,-1,-1,-1
8,3,483.55,145.93,54.51,210.02,1,-1,-1,-1
9,3,484.89,146.52,55.07,209.87,1,-1,-1,-1
10,2,550.26,141.33,64.90,212.00,1,-1,-1,-1
10,3,512.80,142.47,56.91,215.40,1,-1,-1,-1
11,2,553.28,142.35,65.81,212.00,1,-1,-1,-1
11,3,522.45,140.98,57.85,217.38,1,-1,-1,-1
12,2,553.94,142.67,66.70,212.00,1,-1,-1,-1
12,3,525.53,140.40,58.45,218.09,1,-1,-1,-1
13,2,586.50,145.42,67.80,206.63,1,-1,-1,-1
13,3,533.65,140.53,58.68,218.95,1,-1,-1,-1
14,2,601.33,159.86,65.01,191.13,1,-1,-1,-1
14,4,640.00,128.00,50.00,232.00,1,-1,-1,-1
15,2,605.69,165.12,65.18,185.41,1,-1,-1,-1
15,4,640.00,128.00,50.00,232.00,1,-1,-1,-1
16,1,629.88,144.08,114.59,211.83,1,-1,-1,-1
16,2,604.96,158.67,71.89,201.23,1,-1,-1,-1
17,1,656.26,146.45,106.02,207.13,1,-1,-1,-1
17,2,614.90,164.23,70.78,192.44,1,-1,-1,-1
17,5,630.00,152.00,104.00,204.00,1,-1,-1,-1
18,1,666.84,147.31,100.20,205.43,1,-1,-1,-1
18,2,617.79,166.29,71.35,188.97,1,-1,-1,-1
18,3,646.36,151.26,60.70,205.31,1,-1,-1,-1
19,1,682.94,146.98,100.59,206.22,1,-1,-1,-1
19,2,625.75,168.86,70.70,187.26,1,-1,-1,-1
19,3,652.15,154.91,62.16,197.08,1,-1,-1,-1
19,6,1144.00,144.00,76.00,226.00,1,-1,-1,-1
20,3,653.12,156.05,64.68,194.54,1,-1,-1,-1
20,6,1144.00,144.00,76.00,226.00,1,-1,-1,-1
21,3,652.30,156.43,67.28,193.67,1,-1,-1,-1
21,6,1144.00,144.00,76.00,226.00,1,-1,-1,-1
22,3,686.50,155.20,74.18,205.36,1,-1,-1,-1
22,6,1144.00,144.00,76.00,226.00,1,-1,-1,-1
22,7,524.00,134.00,42.00,74.00,1,-1,-1,-1
22,8,1044.00,158.00,94.00,208.00,1,-1,-1,-1
23,1,725.02,153.17,101.02,208.14,1,-1,-1,-1
23,3,703.19,161.20,74.53,203.18,1,-1,-1,-1
23,7,522.21,134.00,43.86,77.43,1,-1,-1,-1
23,8,1018.09,164.86,92.68,204.57,1,-1,-1,-1
24,1,753.95,136.08,103.54,228.73,1,-1,-1,-1
24,3,730.31,158.26,76.83,206.27,1,-1,-1,-1
24,7,521.26,134.00,44.01,78.00,1,-1,-1,-1
24,8,978.80,159.95,97.40,216.09,1,-1,-1,-1
25,1,768.83,129.26,103.50,240.51,1,-1,-1,-1
25,3,740.85,141.47,82.67,223.08,1,-1,-1,-1
25,7,522.82,132.53,43.23,76.69,1,-1,-1,-1
25,8,947.49,156.84,98.65,221.34,1,-1,-1,-1
25,9,392.00,170.00,96.00,166.00,1,-1,-1,-1
25,10,308.00,146.00,86.00,196.00,1,-1,-1,-1
26,1,775.55,126.60,100.94,245.12,1,-1,-1,-1
26,3,744.78,135.20,84.60,229.35,1,-1,-1,-1
26,7,523.40,132.03,42.92,76.19,1,-1,-1,-1
26,8,937.85,155.79,98.07,222.98,1,-1,-1,-1
26,9,392.00,170.00,96.00,166.00,1,-1,-1,-1
26,10,308.00,146.00,86.00,196.00,1,-1,-1,-1
27,1,811.00,138.34,90.61,225.18,1,-1,-1,-1
27,3,766.48,140.40,86.13,227.95,1,-1,-1,-1
27,7,519.39,134.71,44.16,78.86,1,-1,-1,-1
27,8,893.82,154.11,96.23,219.17,1,-1,-1,-1
27,10,340.65,155.01,82.26,186.99,1,-1,-1,-1
28,1,826.82,137.60,91.22,226.69,1,-1,-1,-1
28,3,779.58,145.09,85.48,220.85,1,-1,-1,-1
28,7,518.67,134.91,44.42,79.33,1,-1,-1,-1
28,8,868.84,159.11,89.22,203.77,1,-1,-1,-1
28,10,354.21,150.41,86.27,197.67,1,-1,-1,-1
28,11,460.00,154.00,60.00,178.00,1,-1,-1,-1
29,3,783.53,146.92,86.19,218.04,1,-1,-1,-1
29,8,861.39,161.03,86.45,198.01,1,-1,-1,-1
29,10,358.51,148.88,86.96,201.12,1,-1,-1,-1
29,11,460.00,154.00,60.00,178.00,1,-1,-1,-1
30,3,784.13,147.60,87.38,216.96,1,-1,-1,-1
30,8,859.73,161.71,85.36,196.07,1,-1,-1,-1
30,10,359.69,148.29,86.55,202.28,1,-1,-1,-1
30,11,460.00,154.00,60.00,178.00,1,-1,-1,-1
31,1,872.38,132.44,95.45,237.13,1,-1,-1,-1
31,3,812.30,150.48,88.60,215.23,1,-1,-1,-1
31,8,841.68,161.82,84.58,194.27,1,-1,-1,-1
31,10,367.60,148.25,87.27,203.97,1,-1,-1,-1
31,11,460.00,154.00,60.00,178.00,1,-1,-1,-1
32,1,877.37,131.83,95.97,238.36,1,-1,-1,-1
32,3,822.04,151.57,90.05,214.55,1,-1,-1,-1
33,1,907.22,134.21,97.13,238.79,1,-1,-1,-1
33,3,857.57,150.66,94.00,223.44,1,-1,-1,-1
33,8,758.74,160.27,88.18,209.15,1,-1,-1,-1
33,10,398.42,141.08,92.05,221.79,1,-1,-1,-1
33,11,511.44,143.01,67.05,198.15,1,-1,-1,-1
34,1,916.42,141.62,100.96,224.65,1,-1,-1,-1
34,3,873.53,150.89,94.45,224.51,1,-1,-1,-1
34,8,731.58,166.75,81.51,196.48,1,-1,-1,-1
34,10,417.36,150.76,83.26,204.34,1,-1,-1,-1
34,11,531.74,147.10,68.88,203.41,1,-1,-1,-1
35,1,917.14,144.53,106.43,219.06,1,-1,-1,-1
35,8,722.97,169.15,78.37,191.77,1,-1,-1,-1
35,10,424.29,154.41,79.12,197.67,1,-1,-1,-1
35,11,538.80,148.64,69.55,205.20,1,-1,-1,-1
36,1,915.06,145.60,112.28,217.00,1,-1,-1,-1
36,8,720.88,169.99,76.62,190.12,1,-1,-1,-1
36,10,426.86,155.69,76.84,195.28,1,-1,-1,-1
36,11,540.98,149.27,69.79,205.71,1,-1,-1,-1
37,1,928.67,145.95,112.13,216.72,1,-1,-1,-1
37,8,686.57,174.26,73.88,180.24,1,-1,-1,-1
37,10,458.96,154.80,78.46,205.09,1,-1,-1,-1
37,11,551.01,148.65,70.95,209.15,1,-1,-1,-1
38,8,674.46,175.82,73.50,176.61,1,-1,-1,-1
38,10,471.19,154.47,77.71,208.66,1,-1,-1,-1
39,8,670.47,176.35,73.99,175.38,1,-1,-1,-1
39,10,476.06,154.32,76.23,210.01,1,-1,-1,-1
40,8,651.74,177.50,72.99,173.01,1,-1,-1,-1
40,10,486.98,154.70,76.72,211.36,1,-1,-1,-1
40,11,601.24,128.58,82.66,235.70,1,-1,-1,-1
40,12,1044.00,132.00,150.00,232.00,1,-1,-1,-1
41,1,1066.87,129.79,127.52,246.81,1,-1,-1,-1
41,10,531.42,155.79,75.49,204.48,1,-1,-1,-1
41,11,623.53,139.25,78.97,223.13,1,-1,-1,-1
42,1,1097.65,137.36,122.70,237.96,1,-1,-1,-1
42,10,543.14,147.95,81.27,216.53,1,-1,-1,-1
42,11,636.84,134.06,81.29,234.11,1,-1,-1,-1
43,1,1118.80,136.96,123.42,239.34,1,-1,-1,-1
43,10,551.32,133.72,89.48,234.79,1,-1,-1,-1
43,11,646.11,118.15,89.79,261.06,1,-1,-1,-1
44,10,553.89,128.27,93.38,241.77,1,-1,-1,-1
44,11,649.88,112.05,92.54,271.37,1,-1,-1,-1
45,10,554.08,126.14,95.56,244.45,1,-1,-1,-1
45,11,651.12,109.65,93.19,275.39,1,-1,-1,-1
46,2,498.88,166.20,64.11,169.92,1,-1,-1,-1
46,10,565.74,124.22,96.89,247.87,1,-1,-1,-1
46,11,680.28,113.86,93.56,270.43,1,-1,-1,-1
47,2,494.39,166.15,63.86,169.26,1,-1,-1,-1
47,10,615.18,134.14,91.25,233.73,1,-1,-1,-1
47,11,711.22,132.36,84.83,241.22,1,-1,-1,-1
48,10,628.24,136.40,89.90,230.56,1,-1,-1,-1
48,11,722.38,139.86,81.82,229.28,1,-1,-1,-1
49,10,642.58,135.63,90.56,232.25,1,-1,-1,-1
49,11,735.99,139.67,82.39,230.87,1,-1,-1,-1
52,10,717.34,142.62,86.76,223.98,1,-1,-1,-1
52,11,813.99,146.91,81.95,227.18,1,-1,-1,-1
53,10,725.99,143.56,85.83,222.81,1,-1,-1,-1
53,11,822.46,147.81,82.50,226.64,1,-1,-1,-1
54,10,729.19,143.86,85.29,222.44,1,-1,-1,-1
54,11,825.25,148.11,83.08,226.47,1,-1,-1,-1
55,3,874.56,122.36,112.03,261.84,1,-1,-1,-1
55,10,761.63,133.49,92.51,238.02,1,-1,-1,-1
55,11,840.08,148.60,83.32,227.13,1,-1,-1,-1
56,3,898.57,135.13,108.85,243.74,1,-1,-1,-1
56,10,788.41,137.31,93.43,234.85,1,-1,-1,-1
57,3,906.29,139.64,109.08,237.35,1,-1,-1,-1
57,10,797.79,138.88,94.76,233.49,1,-1,-1,-1
58,3,928.77,129.34,117.32,233.72,1,-1,-1,-1
58,10,814.70,138.56,95.24,234.65,1,-1,-1,-1
59,3,935.03,125.52,124.25,232.38,1,-1,-1,-1
60,3,935.54,124.12,130.05,231.90,1,-1,-1,-1
61,3,941.88,122.95,129.69,231.25,1,-1,-1,-1
61,13,604.00,124.00,42.00,108.00,1,-1,-1,-1
62,14,1090.00,150.00,116.00,206.00,1,-1,-1,-1
63,14,1090.00,150.00,116.00,206.00,1,-1,-1,-1
64,15,618.00,144.00,48.00,98.00,1,-1,-1,-1
65,3,1035.44,119.84,142.15,248.07,1,-1,-1,-1
65,15,619.71,145.71,48.00,98.00,1,-1,-1,-1
66,3,1069.88,114.28,144.70,260.31,1,-1,-1,-1
66,15,622.62,144.50,45.76,93.50,1,-1,-1,-1
67,3,1083.63,112.86,145.75,262.20,1,-1,-1,-1
67,15,624.31,145.59,46.55,95.04,1,-1,-1,-1
68,15,624.78,145.94,46.87,95.58,1,-1,-1,-1
69,15,624.86,146.05,47.02,95.80,1,-1,-1,-1
70,15,633.45,141.91,53.46,111.16,1,-1,-1,-1
71,15,636.87,140.48,54.84,116.49,1,-1,-1,-1
72,15,638.53,139.92,54.58,118.54,1,-1,-1,-1
73,15,651.88,141.03,52.15,114.03,1,-1,-1,-1
74,15,657.12,141.50,50.93,112.09,1,-1,-1,-1
75,15,659.07,141.69,50.25,111.30,1,-1,-1,-1
76,15,668.72,139.15,52.91,118.82,1,-1,-1,-1
77,15,672.49,138.21,53.45,121.60,1,-1,-1,-1
78,15,674.03,137.86,53.23,122.63,1,-1,-1,-1
79,15,682.30,136.46,56.84,133.26,1,-1,-1,-1
80,15,685.71,135.93,57.59,137.27,1,-1,-1,-1
81,15,687.20,135.74,57.33,138.79,1,-1,-1,-1
82,15,706.37,148.44,54.18,131.64,1,-1,-1,-1
83,15,713.85,153.52,52.77,128.66,1,-1,-1,-1
84,15,716.55,155.41,52.14,127.49,1,-1,-1,-1
85,15,734.98,153.49,53.26,132.22,1,-1,-1,-1
86,15,742.04,152.76,53.22,133.97,1,-1,-1,-1
87,15,744.78,152.45,52.79,134.59,1,-1,-1,-1
88,15,750.59,152.88,53.42,136.20,1,-1,-1,-1
91,15,790.66,145.38,62.48,159.16,1,-1,-1,-1
91,16,622.00,142.00,46.00,102.00,1,-1,-1,-1
91,17,696.00,150.00,38.00,90.00,1,-1,-1,-1
91,18,576.00,134.00,46.00,120.00,1,-1,-1,-1
92,15,795.60,144.41,63.66,162.05,1,-1,-1,-1
92,16,622.00,142.00,46.00,102.00,1,-1,-1,-1
92,17,696.00,150.00,38.00,90.00,1,-1,-1,-1
92,18,576.00,134.00,46.00,120.00,1,-1,-1,-1
93,15,797.35,144.05,64.11,163.09,1,-1,-1,-1
93,16,622.00,142.00,46.00,102.00,1,-1,-1,-1
93,17,696.00,150.00,38.00,90.00,1,-1,-1,-1
93,18,576.00,134.00,46.00,120.00,1,-1,-1,-1
94,15,813.47,138.81,67.42,173.63,1,-1,-1,-1
94,16,617.69,139.03,48.69,107.94,1,-1,-1,-1
94,17,705.42,147.03,39.93,94.45,1,-1,-1,-1
94,18,576.00,134.00,46.00,120.00,1,-1,-1,-1
95,15,819.78,136.81,68.23,177.63,1,-1,-1,-1
95,16,616.24,138.04,49.60,109.92,1,-1,-1,-1
95,17,708.55,146.04,40.63,95.94,1,-1,-1,-1
96,15,822.25,136.03,68.14,179.12,1,-1,-1,-1
96,16,615.78,137.73,49.90,110.55,1,-1,-1,-1
96,17,709.50,145.73,40.89,96.41,1,-1,-1,-1
97,15,851.87,147.20,71.40,183.42,1,-1,-1,-1
97,16,606.74,129.46,55.53,124.35,1,-1,-1,-1
97,17,715.08,144.29,43.90,103.35,1,-1,-1,-1
97,18,644.78,141.55,42.50,110.56,1,-1,-1,-1
98,15,873.30,159.16,70.20,177.40,1,-1,-1,-1
98,16,604.52,132.92,55.54,125.43,1,-1,-1,-1
98,17,717.08,151.67,42.28,97.96,1,-1,-1,-1
98,18,652.83,148.12,41.04,105.31,1,-1,-1,-1
99,15,881.16,163.92,70.19,174.85,1,-1,-1,-1
99,16,603.91,134.48,55.15,125.64,1,-1,-1,-1
99,17,717.45,154.69,41.94,95.63,1,-1,-1,-1
99,18,655.01,150.07,40.98,103.74,1,-1,-1,-1
100,15,899.87,152.74,77.05,195.84,1,-1,-1,-1
100,16,604.81,125.97,59.42,137.37,1,-1,-1,-1
100,17,727.13,145.00,48.09,112.26,1,-1,-1,-1
100,18,652.43,143.77,44.23,111.56,1,-1,-1,-1
101,15,907.34,148.65,78.64,203.58,1,-1,-1,-1
101,16,605.44,122.80,60.43,141.73,1,-1,-1,-1
101,17,731.01,141.62,49.43,118.10,1,-1,-1,-1
101,18,651.41,141.56,45.47,114.30,1,-1,-1,-1
102,15,910.37,146.95,78.49,206.62,1,-1,-1,-1
102,16,606.04,121.58,60.27,143.34,1,-1,-1,-1
102,17,732.78,140.24,49.26,120.41,1,-1,-1,-1
102,18,650.62,140.67,46.05,115.38,1,-1,-1,-1
103,15,944.39,156.43,78.05,205.15,1,-1,-1,-1
103,16,605.65,118.62,64.09,156.63,1,-1,-1,-1
103,17,743.86,144.83,47.29,117.39,1,-1,-1,-1
103,18,651.32,142.95,47.71,121.07,1,-1,-1,-1
104,15,957.44,160.17,77.89,204.43,1,-1,-1,-1
104,16,606.05,117.49,64.45,161.69,1,-1,-1,-1
104,17,748.30,146.70,46.06,116.05,1,-1,-1,-1
104,18,651.65,143.80,47.95,123.19,1,-1,-1,-1
105,15,962.12,161.60,77.85,204.05,1,-1,-1,-1
105,16,606.75,117.11,63.58,163.59,1,-1,-1,-1
105,17,750.05,147.43,45.20,115.46,1,-1,-1,-1
105,18,651.75,144.11,47.71,123.99,1,-1,-1,-1
106,15,972.94,162.36,79.01,207.09,1,-1,-1,-1
106,16,608.27,123.36,62.05,162.92,1,-1,-1,-1
106,17,764.98,151.61,43.35,111.28,1,-1,-1,-1
106,18,663.16,146.81,50.53,130.77,1,-1,-1,-1
106,19,1008.00,144.00,118.00,216.00,1,-1,-1,-1
107,15,1013.69,148.67,85.55,214.57,1,-1,-1,-1
107,16,609.25,125.89,60.72,162.50,1,-1,-1,-1
107,17,770.63,153.24,42.50,109.58,1,-1,-1,-1
107,18,667.33,147.82,51.72,133.32,1,-1,-1,-1
108,15,1023.33,145.51,89.67,216.68,1,-1,-1,-1
108,16,609.98,126.91,59.53,162.22,1,-1,-1,-1
108,17,772.65,153.84,42.07,108.91,1,-1,-1,-1
108,18,668.75,148.19,52.27,134.27,1,-1,-1,-1
109,15,1036.36,144.96,91.02,219.95,1,-1,-1,-1
109,16,617.77,126.05,58.21,159.43,1,-1,-1,-1
109,17,778.00,146.20,46.82,123.03,1,-1,-1,-1
109,18,673.28,148.89,52.82,135.67,1,-1,-1,-1
109,20,1104.00,152.00,80.00,228.00,1,-1,-1,-1
110,15,1085.97,150.14,92.31,226.83,1,-1,-1,-1
110,16,620.91,125.74,57.49,158.23,1,-1,-1,-1
110,17,780.23,143.41,48.10,128.20,1,-1,-1,-1
111,15,1099.71,151.31,91.76,228.83,1,-1,-1,-1
111,16,622.19,125.65,57.04,157.68,1,-1,-1,-1
111,17,781.13,142.28,48.24,130.23,1,-1,-1,-1
112,15,1115.24,151.28,93.13,232.26,1,-1,-1,-1
112,16,622.72,134.71,56.74,158.69,1,-1,-1,-1
112,17,796.12,145.68,46.72,127.13,1,-1,-1,-1
112,18,696.22,160.50,47.68,122.70,1,-1,-1,-1
113,16,623.10,138.19,56.25,159.01,1,-1,-1,-1
113,17,801.96,147.05,45.89,125.80,1,-1,-1,-1
113,18,698.82,161.97,46.89,120.83,1,-1,-1,-1
114,16,623.40,139.52,55.71,159.07,1,-1,-1,-1
114,17,804.13,147.58,45.38,125.24,1,-1,-1,-1
114,18,699.78,162.46,46.60,120.27,1,-1,-1,-1
115,16,623.55,140.05,56.35,160.91,1,-1,-1,-1
115,17,818.72,141.31,49.76,141.82,1,-1,-1,-1
115,18,704.37,163.77,46.57,120.19,1,-1,-1,-1
116,16,636.28,138.61,57.45,165.23,1,-1,-1,-1
116,17,825.33,139.00,51.50,151.66,1,-1,-1,-1
116,21,706.00,144.00,66.00,160.00,1,-1,-1,-1
117,16,639.42,138.34,57.49,166.44,1,-1,-1,-1
117,17,828.34,138.07,51.24,155.62,1,-1,-1,-1
117,18,708.65,147.56,60.00,153.63,1,-1,-1,-1
118,16,644.13,138.23,58.10,166.85,1,-1,-1,-1
118,17,833.66,137.26,52.35,158.99,1,-1,-1,-1
118,18,712.80,147.16,61.16,156.61,1,-1,-1,-1
119,16,645.77,138.18,58.55,166.96,1,-1,-1,-1
120,16,646.25,138.15,58.92,166.94,1,-1,-1,-1
121,16,647.82,138.38,59.47,168.49,1,-1,-1,-1
121,17,872.44,144.30,44.88,139.33,1,-1,-1,-1
121,18,733.92,159.55,63.30,165.93,1,-1,-1,-1
122,17,877.62,145.45,42.97,135.97,1,-1,-1,-1
122,18,737.04,161.32,62.48,166.99,1,-1,-1,-1
123,17,879.65,145.77,41.97,135.04,1,-1,-1,-1
123,18,738.47,161.95,61.63,167.39,1,-1,-1,-1
124,16,681.45,150.28,63.84,182.56,1,-1,-1,-1
124,17,885.77,145.70,42.26,135.98,1,-1,-1,-1
124,18,750.80,158.33,64.39,173.87,1,-1,-1,-1
125,16,685.87,151.78,63.94,184.28,1,-1,-1,-1
125,18,755.35,156.94,65.61,176.31,1,-1,-1,-1
126,16,687.57,152.32,63.72,184.89,1,-1,-1,-1
126,18,756.92,156.39,66.21,177.18,1,-1,-1,-1
127,16,699.57,155.07,67.76,197.95,1,-1,-1,-1
127,18,771.77,158.73,70.93,195.36,1,-1,-1,-1
128,16,704.19,156.10,69.04,202.86,1,-1,-1,-1
128,18,777.96,159.61,71.55,202.21,1,-1,-1,-1
129,16,705.99,156.47,69.31,204.72,1,-1,-1,-1
129,18,780.75,159.96,70.82,204.87,1,-1,-1,-1
130,16,716.34,142.51,74.11,225.80,1,-1,-1,-1
130,18,797.60,161.36,72.90,213.41,1,-1,-1,-1
131,16,720.94,137.24,74.58,233.78,1,-1,-1,-1
131,18,804.28,161.90,73.23,216.65,1,-1,-1,-1
132,16,723.19,135.08,73.63,236.88,1,-1,-1,-1
132,18,806.94,162.10,72.92,217.80,1,-1,-1,-1
133,16,747.04,143.10,70.12,225.29,1,-1,-1,-1
133,18,828.17,160.89,74.11,220.67,1,-1,-1,-1
134,16,756.32,146.32,68.69,220.45,1,-1,-1,-1
134,18,836.20,160.42,74.66,221.69,1,-1,-1,-1
135,16,759.65,147.53,68.17,218.55,1,-1,-1,-1
135,18,839.07,160.22,74.94,221.96,1,-1,-1,-1
136,16,778.37,137.60,71.63,224.24,1,-1,-1,-1
136,17,1054.75,155.71,61.00,184.99,1,-1,-1,-1
136,18,870.00,157.57,76.60,225.81,1,-1,-1,-1
137,16,784.87,133.84,73.84,226.35,1,-1,-1,-1
137,17,1059.43,156.09,64.08,186.77,1,-1,-1,-1
137,18,881.63,156.55,77.39,227.20,1,-1,-1,-1
138,16,786.77,132.40,75.46,227.07,1,-1,-1,-1
138,17,1060.51,156.23,66.15,187.38,1,-1,-1,-1
138,18,885.82,156.16,77.83,227.64,1,-1,-1,-1
139,16,803.94,131.86,80.22,240.19,1,-1,-1,-1
139,17,1071.18,156.74,67.16,190.24,1,-1,-1,-1
139,18,921.00,165.02,74.68,207.10,1,-1,-1,-1
139,22,1106.00,166.00,78.00,168.00,1,-1,-1,-1
140,16,818.31,138.01,81.30,236.24,1,-1,-1,-1
140,17,1118.59,157.81,71.15,192.28,1,-1,-1,-1
140,18,931.66,165.60,75.13,208.35,1,-1,-1,-1
141,16,834.61,130.16,84.51,244.84,1,-1,-1,-1
141,17,1144.39,158.12,68.00,186.54,1,-1,-1,-1
141,18,970.68,159.83,77.68,206.81,1,-1,-1,-1
142,16,850.44,132.31,82.67,237.84,1,-1,-1,-1
142,17,1153.08,151.72,71.89,198.67,1,-1,-1,-1
142,18,991.95,155.93,83.54,220.01,1,-1,-1,-1
143,16,856.17,133.20,82.17,234.90,1,-1,-1,-1
143,17,1156.44,149.38,73.04,203.12,1,-1,-1,-1
143,18,999.25,154.57,86.11,224.61,1,-1,-1,-1
144,16,857.93,133.55,82.22,233.72,1,-1,-1,-1
144,17,1157.41,148.44,73.25,204.80,1,-1,-1,-1
144,18,1001.41,154.05,87.51,226.34,1,-1,-1,-1
145,16,899.77,125.89,87.85,244.92,1,-1,-1,-1
145,17,1169.36,148.23,74.31,207.76,1,-1,-1,-1
145,18,1013.97,153.61,88.40,228.63,1,-1,-1,-1
145,23,1074.00,176.00,120.00,178.00,1,-1,-1,-1
