1,23997,388.32,187.23,64.92,138.56,1,-1,-1,-1
1,24044,534.24,207.57,41.72,101.99,1,-1,-1,-1
1,24045,195.97,194.91,34.28,109.41,1,-1,-1,-1
1,24047,240.11,198.13,32.89,107.00,1,-1,-1,-1
28,24050,1036.00,143.00,99.00,147.00,1,-1,-1,-1
29,24050,1036.00,143.00,99.00,147.00,1,-1,-1,-1
30,24050,1036.00,143.00,99.00,147.00,1,-1,-1,-1
31,24050,1036.00,143.00,99.00,147.00,1,-1,-1,-1
32,24050,1036.00,143.00,99.00,147.00,1,-1,-1,-1
33,24050,1036.00,143.00,99.00,147.00,1,-1,-1,-1
34,24050,1036.00,143.00,99.00,147.00,1,-1,-1,-1
35,24050,1036.00,143.00,99.00,147.00,1,-1,-1,-1
36,24050,1036.00,143.00,99.00,147.00,1,-1,-1,-1
37,24050,1036.00,143.00,99.00,147.00,1,-1,-1,-1
46,24051,237.00,165.00,48.00,96.00,1,-1,-1,-1
47,24051,237.00,165.00,48.00,96.00,1,-1,-1,-1
48,24051,237.00,165.00,48.00,96.00,1,-1,-1,-1
49,24051,237.00,165.00,48.00,96.00,1,-1,-1,-1
50,24051,237.00,165.00,48.00,96.00,1,-1,-1,-1
51,24051,237.00,165.00,48.00,96.00,1,-1,-1,-1
52,24051,237.00,165.00,48.00,96.00,1,-1,-1,-1
53,24051,237.00,165.00,48.00,96.00,1,-1,-1,-1
54,24051,237.00,165.00,48.00,96.00,1,-1,-1,-1
55,24051,237.00,165.00,48.00,96.00,1,-1,-1,-1
73,24052,908.00,168.00,50.00,108.00,1,-1,-1,-1
73,24053,993.00,158.00,37.00,112.00,1,-1,-1,-1
74,24052,908.00,168.00,50.00,108.00,1,-1,-1,-1
74,24053,993.00,158.00,37.00,112.00,1,-1,-1,-1
75,24052,908.00,168.00,50.00,108.00,1,-1,-1,-1
75,24053,993.00,158.00,37.00,112.00,1,-1,-1,-1
76,24052,908.00,168.00,50.00,108.00,1,-1,-1,-1
76,24053,993.00,158.00,37.00,112.00,1,-1,-1,-1
77,24052,908.00,168.00,50.00,108.00,1,-1,-1,-1
77,24053,993.00,158.00,37.00,112.00,1,-1,-1,-1
78,24052,908.00,168.00,50.00,108.00,1,-1,-1,-1
78,24053,993.00,158.00,37.00,112.00,1,-1,-1,-1
79,24052,908.00,168.00,50.00,108.00,1,-1,-1,-1
79,24053,993.00,158.00,37.00,112.00,1,-1,-1,-1
80,24052,908.00,168.00,50.00,108.00,1,-1,-1,-1
80,24053,993.00,158.00,37.00,112.00,1,-1,-1,-1
81,24052,908.00,168.00,50.00,108.00,1,-1,-1,-1
81,24053,993.00,158.00,37.00,112.00,1,-1,-1,-1
82,24052,908.00,168.00,50.00,108.00,1,-1,-1,-1
82,24053,993.00,158.00,37.00,112.00,1,-1,-1,-1
82,24054,816.00,171.00,44.00,98.00,1,-1,-1,-1
83,24054,816.00,171.00,44.00,98.00,1,-1,-1,-1
84,24054,816.00,171.00,44.00,98.00,1,-1,-1,-1
85,24054,816.00,171.00,44.00,98.00,1,-1,-1,-1
86,24054,816.00,171.00,44.00,98.00,1,-1,-1,-1
87,24054,816.00,171.00,44.00,98.00,1,-1,-1,-1
88,24054,816.00,171.00,44.00,98.00,1,-1,-1,-1
89,24054,816.00,171.00,44.00,98.00,1,-1,-1,-1
90,24054,816.00,171.00,44.00,98.00,1,-1,-1,-1
91,24054,816.00,171.00,44.00,98.00,1,-1,-1,-1
91,24055,1121.00,244.00,103.00,128.00,1,-1,-1,-1
92,24055,1121.00,244.00,103.00,128.00,1,-1,-1,-1
93,24055,1121.00,244.00,103.00,128.00,1,-1,-1,-1
94,24055,1121.00,244.00,103.00,128.00,1,-1,-1,-1
95,24055,1121.00,244.00,103.00,128.00,1,-1,-1,-1
96,24055,1121.00,244.00,103.00,128.00,1,-1,-1,-1
97,24055,1121.00,244.00,103.00,128.00,1,-1,-1,-1
98,24055,1121.00,244.00,103.00,128.00,1,-1,-1,-1
99,24055,1121.00,244.00,103.00,128.00,1,-1,-1,-1
100,24055,1121.00,244.00,103.00,128.00,1,-1,-1,-1
109,24056,941.00,190.00,71.00,67.00,1,-1,-1,-1
109,24057,1060.00,178.00,46.00,85.00,1,-1,-1,-1
110,24056,944.51,194.29,67.41,63.57,1,-1,-1,-1
110,24058,1093.00,150.00,41.00,105.00,1,-1,-1,-1
111,24056,945.92,188.86,74.37,70.67,1,-1,-1,-1
111,24058,1100.83,160.29,38.20,97.29,1,-1,-1,-1
112,24056,946.70,187.45,76.57,72.76,1,-1,-1,-1
112,24058,1113.89,166.65,36.67,92.13,1,-1,-1,-1
113,24058,1117.54,168.45,36.71,90.65,1,-1,-1,-1
114,24058,1122.57,171.29,35.80,88.40,1,-1,-1,-1
118,24059,420.00,148.00,37.00,104.00,1,-1,-1,-1
119,24059,420.00,148.00,37.00,104.00,1,-1,-1,-1
120,24059,420.00,148.00,37.00,104.00,1,-1,-1,-1
121,24059,420.00,148.00,37.00,104.00,1,-1,-1,-1
122,24059,420.00,148.00,37.00,104.00,1,-1,-1,-1
123,24059,420.00,148.00,37.00,104.00,1,-1,-1,-1
124,24059,420.00,148.00,37.00,104.00,1,-1,-1,-1
125,24059,420.00,148.00,37.00,104.00,1,-1,-1,-1
126,24059,420.00,148.00,37.00,104.00,1,-1,-1,-1
127,24059,420.00,148.00,37.00,104.00,1,-1,-1,-1
127,24060,283.00,167.00,47.00,145.00,1,-1,-1,-1
128,24060,283.00,167.00,47.00,145.00,1,-1,-1,-1
129,24060,283.00,167.00,47.00,145.00,1,-1,-1,-1
130,24060,283.00,167.00,47.00,145.00,1,-1,-1,-1
131,24060,283.00,167.00,47.00,145.00,1,-1,-1,-1
132,24060,283.00,167.00,47.00,145.00,1,-1,-1,-1
133,24060,283.00,167.00,47.00,145.00,1,-1,-1,-1
134,24060,283.00,167.00,47.00,145.00,1,-1,-1,-1
135,24060,283.00,167.00,47.00,145.00,1,-1,-1,-1
136,24060,283.00,167.00,47.00,145.00,1,-1,-1,-1
226,24061,845.00,203.00,45.00,104.00,1,-1,-1,-1
227,24061,845.00,203.00,45.00,104.00,1,-1,-1,-1
228,24061,845.00,203.00,45.00,104.00,1,-1,-1,-1
229,24061,845.00,203.00,45.00,104.00,1,-1,-1,-1
230,24061,845.00,203.00,45.00,104.00,1,-1,-1,-1
231,24061,845.00,203.00,45.00,104.00,1,-1,-1,-1
232,24061,845.00,203.00,45.00,104.00,1,-1,-1,-1
233,24061,845.00,203.00,45.00,104.00,1,-1,-1,-1
234,24061,845.00,203.00,45.00,104.00,1,-1,-1,-1
235,24061,845.00,203.00,45.00,104.00,1,-1,-1,-1
262,24062,289.00,176.00,46.00,150.00,1,-1,-1,-1
262,24063,388.00,175.00,43.00,98.00,1,-1,-1,-1
262,24064,15.00,152.00,95.00,217.00,1,-1,-1,-1
263,24062,289.00,176.00,46.00,150.00,1,-1,-1,-1
263,24063,388.00,175.00,43.00,98.00,1,-1,-1,-1
263,24064,15.00,152.00,95.00,217.00,1,-1,-1,-1
264,24062,289.00,176.00,46.00,150.00,1,-1,-1,-1
264,24063,388.00,175.00,43.00,98.00,1,-1,-1,-1
264,24064,15.00,152.00,95.00,217.00,1,-1,-1,-1
265,24062,289.00,176.00,46.00,150.00,1,-1,-1,-1
265,24063,388.00,175.00,43.00,98.00,1,-1,-1,-1
265,24064,15.00,152.00,95.00,217.00,1,-1,-1,-1
266,24062,289.00,176.00,46.00,150.00,1,-1,-1,-1
266,24063,388.00,175.00,43.00,98.00,1,-1,-1,-1
266,24064,15.00,152.00,95.00,217.00,1,-1,-1,-1
267,24062,289.00,176.00,46.00,150.00,1,-1,-1,-1
267,24063,388.00,175.00,43.00,98.00,1,-1,-1,-1
267,24064,15.00,152.00,95.00,217.00,1,-1,-1,-1
268,24062,289.00,176.00,46.00,150.00,1,-1,-1,-1
268,24063,388.00,175.00,43.00,98.00,1,-1,-1,-1
268,24064,15.00,152.00,95.00,217.00,1,-1,-1,-1
269,24062,289.00,176.00,46.00,150.00,1,-1,-1,-1
269,24063,388.00,175.00,43.00,98.00,1,-1,-1,-1
269,24064,15.00,152.00,95.00,217.00,1,-1,-1,-1
270,24062,289.00,176.00,46.00,150.00,1,-1,-1,-1
270,24063,388.00,175.00,43.00,98.00,1,-1,-1,-1
270,24064,15.00,152.00,95.00,217.00,1,-1,-1,-1
271,24062,289.00,176.00,46.00,150.00,1,-1,-1,-1
271,24063,388.00,175.00,43.00,98.00,1,-1,-1,-1
271,24064,15.00,152.00,95.00,217.00,1,-1,-1,-1
271,24065,1043.00,153.00,73.00,213.00,1,-1,-1,-1
271,24066,1126.00,155.00,93.00,200.00,1,-1,-1,-1
272,24065,1043.00,153.00,73.00,213.00,1,-1,-1,-1
272,24066,1126.00,155.00,93.00,200.00,1,-1,-1,-1
273,24065,1043.00,153.00,73.00,213.00,1,-1,-1,-1
273,24066,1126.00,155.00,93.00,200.00,1,-1,-1,-1
274,24065,1043.00,153.00,73.00,213.00,1,-1,-1,-1
274,24066,1126.00,155.00,93.00,200.00,1,-1,-1,-1
275,24065,1043.00,153.00,73.00,213.00,1,-1,-1,-1
275,24066,1126.00,155.00,93.00,200.00,1,-1,-1,-1
276,24065,1043.00,153.00,73.00,213.00,1,-1,-1,-1
276,24066,1126.00,155.00,93.00,200.00,1,-1,-1,-1
277,24065,1043.00,153.00,73.00,213.00,1,-1,-1,-1
277,24066,1126.00,155.00,93.00,200.00,1,-1,-1,-1
278,24065,1043.00,153.00,73.00,213.00,1,-1,-1,-1
278,24066,1126.00,155.00,93.00,200.00,1,-1,-1,-1
279,24065,1043.00,153.00,73.00,213.00,1,-1,-1,-1
279,24066,1126.00,155.00,93.00,200.00,1,-1,-1,-1
280,24062,216.13,172.12,60.75,192.69,1,-1,-1,-1
280,24065,1043.00,153.00,73.00,213.00,1,-1,-1,-1
280,24066,1126.00,155.00,93.00,200.00,1,-1,-1,-1
281,24062,186.10,171.94,64.66,198.39,1,-1,-1,-1
282,24062,179.51,171.68,65.68,201.53,1,-1,-1,-1
307,24067,218.00,174.00,89.00,177.00,1,-1,-1,-1
307,24068,397.00,141.00,34.00,152.00,1,-1,-1,-1
308,24067,179.26,168.00,93.61,186.43,1,-1,-1,-1
309,24069,114.00,160.00,98.00,211.00,1,-1,-1,-1
310,24069,114.00,160.00,98.00,211.00,1,-1,-1,-1
311,24069,114.00,160.00,98.00,211.00,1,-1,-1,-1
312,24069,114.00,160.00,98.00,211.00,1,-1,-1,-1
313,24069,114.00,160.00,98.00,211.00,1,-1,-1,-1
314,24069,114.00,160.00,98.00,211.00,1,-1,-1,-1
315,24069,114.00,160.00,98.00,211.00,1,-1,-1,-1
316,24069,114.00,160.00,98.00,211.00,1,-1,-1,-1
325,24070,435.00,163.00,41.00,112.00,1,-1,-1,-1
326,24070,435.00,163.00,41.00,112.00,1,-1,-1,-1
327,24070,435.00,163.00,41.00,112.00,1,-1,-1,-1
328,24070,435.00,163.00,41.00,112.00,1,-1,-1,-1
329,24070,435.00,163.00,41.00,112.00,1,-1,-1,-1
330,24070,435.00,163.00,41.00,112.00,1,-1,-1,-1
331,24070,435.00,163.00,41.00,112.00,1,-1,-1,-1
332,24070,435.00,163.00,41.00,112.00,1,-1,-1,-1
333,24070,435.00,163.00,41.00,112.00,1,-1,-1,-1
334,24069,314.91,185.79,64.23,148.50,1,-1,-1,-1
334,24070,435.00,163.00,41.00,112.00,1,-1,-1,-1
334,24071,304.00,189.00,41.00,138.00,1,-1,-1,-1
335,24069,289.35,187.79,66.78,156.84,1,-1,-1,-1
335,24071,321.19,183.00,48.62,162.86,1,-1,-1,-1
335,24072,781.00,118.00,84.00,168.00,1,-1,-1,-1
336,24069,282.12,184.99,72.40,171.15,1,-1,-1,-1
336,24073,760.00,144.00,45.00,131.00,1,-1,-1,-1
337,24069,273.42,178.76,78.03,188.07,1,-1,-1,-1
337,24074,797.00,113.00,82.00,180.00,1,-1,-1,-1
338,24069,275.82,178.63,79.04,190.50,1,-1,-1,-1
338,24075,226.00,181.00,79.00,186.00,1,-1,-1,-1
339,24069,239.05,180.40,78.11,187.66,1,-1,-1,-1
340,24069,237.61,180.46,78.91,189.57,1,-1,-1,-1
340,24076,809.00,128.00,77.00,172.00,1,-1,-1,-1
