1,13110,369.40,118.81,98.99,263.83,1,-1,-1,-1
1,13149,201.83,169.42,48.20,152.06,1,-1,-1,-1
1,13155,14.05,106.41,111.66,293.03,1,-1,-1,-1
1,13157,235.04,179.65,37.39,118.83,1,-1,-1,-1
1,13162,536.70,5.11,119.33,421.60,1,-1,-1,-1
1,13173,142.71,150.83,52.18,171.78,1,-1,-1,-1
1,13174,271.86,181.40,41.36,114.10,1,-1,-1,-1
1,13175,62.00,186.00,52.00,150.00,1,-1,-1,-1
2,13174,268.22,180.64,45.04,124.89,1,-1,-1,-1
2,13175,57.69,187.71,52.04,150.00,1,-1,-1,-1
3,13174,266.61,180.31,45.55,128.10,1,-1,-1,-1
3,13175,54.17,186.50,53.15,153.00,1,-1,-1,-1
4,13174,265.47,178.90,45.51,129.28,1,-1,-1,-1
4,13175,49.83,184.61,54.08,155.47,1,-1,-1,-1
5,13174,265.19,178.33,45.20,129.63,1,-1,-1,-1
5,13175,48.41,183.97,54.43,156.26,1,-1,-1,-1
6,13174,265.24,178.11,44.80,129.66,1,-1,-1,-1
6,13175,48.01,183.78,54.59,156.46,1,-1,-1,-1
7,13174,265.41,178.02,44.40,129.59,1,-1,-1,-1
7,13175,47.93,183.75,54.69,156.47,1,-1,-1,-1
8,13174,265.61,177.99,44.01,129.47,1,-1,-1,-1
8,13175,47.95,183.76,54.77,156.43,1,-1,-1,-1
9,13174,265.82,177.98,43.65,129.35,1,-1,-1,-1
9,13175,47.99,183.79,54.85,156.38,1,-1,-1,-1
10,13174,266.01,177.98,43.32,129.23,1,-1,-1,-1
10,13175,48.03,183.81,54.92,156.33,1,-1,-1,-1
11,13174,266.57,179.27,42.27,126.54,1,-1,-1,-1
11,13175,47.10,183.50,55.11,156.87,1,-1,-1,-1
11,13176,306.00,182.00,36.00,124.00,1,-1,-1,-1
11,13177,240.00,194.00,34.00,104.00,1,-1,-1,-1
12,13157,155.80,209.01,33.79,108.50,1,-1,-1,-1
12,13174,268.72,182.38,40.64,122.81,1,-1,-1,-1
12,13176,304.03,200.86,33.08,113.71,1,-1,-1,-1
13,13157,138.98,201.52,39.41,123.89,1,-1,-1,-1
13,13174,268.23,182.72,40.99,123.89,1,-1,-1,-1
14,13157,130.39,195.81,42.96,134.42,1,-1,-1,-1
14,13174,273.76,185.32,39.44,118.07,1,-1,-1,-1
15,13157,127.08,193.51,44.46,138.59,1,-1,-1,-1
15,13174,274.88,185.96,39.35,116.81,1,-1,-1,-1
16,13157,125.93,192.57,45.11,140.20,1,-1,-1,-1
16,13174,275.18,186.17,39.49,116.38,1,-1,-1,-1
17,13157,125.64,192.20,45.41,140.77,1,-1,-1,-1
17,13174,275.21,186.24,39.69,116.21,1,-1,-1,-1
18,13157,125.67,192.05,45.56,140.93,1,-1,-1,-1
18,13174,275.15,186.24,39.90,116.14,1,-1,-1,-1
19,13157,125.80,192.00,45.64,140.94,1,-1,-1,-1
19,13174,275.06,186.23,40.10,116.11,1,-1,-1,-1
20,13157,125.96,191.98,45.70,140.89,1,-1,-1,-1
20,13174,274.96,186.21,40.28,116.09,1,-1,-1,-1
21,13157,122.25,191.93,46.16,142.33,1,-1,-1,-1
21,13174,274.48,186.19,41.22,116.08,1,-1,-1,-1
21,13178,70.00,160.00,76.00,178.00,1,-1,-1,-1
22,13174,274.20,182.25,43.07,121.30,1,-1,-1,-1
22,13178,57.49,160.00,78.74,184.86,1,-1,-1,-1
22,13179,310.00,182.00,40.00,128.00,1,-1,-1,-1
22,13180,212.00,204.00,34.00,94.00,1,-1,-1,-1
23,13143,57.88,151.97,65.58,200.05,1,-1,-1,-1
23,13174,272.46,182.06,43.18,121.97,1,-1,-1,-1
23,13179,311.14,182.00,39.44,126.29,1,-1,-1,-1
24,13143,49.64,157.75,67.07,195.83,1,-1,-1,-1
24,13174,274.08,184.58,41.20,117.01,1,-1,-1,-1
25,13143,46.41,159.57,68.47,194.50,1,-1,-1,-1
25,13174,274.77,185.56,40.30,115.06,1,-1,-1,-1
26,13143,45.20,160.21,69.60,194.03,1,-1,-1,-1
26,13174,275.07,185.92,39.86,114.34,1,-1,-1,-1
27,13143,44.82,160.41,70.52,193.86,1,-1,-1,-1
27,13174,275.23,186.05,39.60,114.07,1,-1,-1,-1
28,13143,44.75,160.45,71.26,193.82,1,-1,-1,-1
28,13174,275.33,186.09,39.42,113.98,1,-1,-1,-1
29,13143,44.80,160.43,71.87,193.82,1,-1,-1,-1
29,13174,275.41,186.10,39.27,113.94,1,-1,-1,-1
30,13143,44.88,160.39,72.37,193.83,1,-1,-1,-1
30,13174,275.47,186.10,39.15,113.94,1,-1,-1,-1
31,13143,40.20,161.04,72.27,193.54,1,-1,-1,-1
31,13174,275.56,186.26,39.11,113.82,1,-1,-1,-1
31,13175,-10.86,124.49,88.18,269.07,1,-1,-1,-1
32,13175,-10.11,123.10,84.80,271.70,1,-1,-1,-1
33,13175,-8.99,122.68,82.01,272.51,1,-1,-1,-1
34,13175,-7.92,122.59,79.77,272.69,1,-1,-1,-1
35,13175,-6.99,122.61,77.96,272.64,1,-1,-1,-1
36,13175,-6.19,122.68,76.47,272.51,1,-1,-1,-1
37,13175,-5.51,122.77,75.23,272.34,1,-1,-1,-1
38,13175,-4.92,122.86,74.17,272.17,1,-1,-1,-1
39,13175,-4.40,122.94,73.27,272.01,1,-1,-1,-1
40,13175,-3.95,123.03,72.49,271.84,1,-1,-1,-1
41,13174,264.76,182.18,46.95,131.40,1,-1,-1,-1
41,13175,-5.45,121.50,73.27,274.76,1,-1,-1,-1
41,13181,88.00,196.00,50.00,132.00,1,-1,-1,-1
42,13174,263.66,182.00,48.57,132.15,1,-1,-1,-1
42,13181,88.00,196.00,50.00,132.00,1,-1,-1,-1
43,13174,262.98,181.93,49.72,132.41,1,-1,-1,-1
43,13181,88.00,196.00,50.00,132.00,1,-1,-1,-1
44,13174,262.52,181.91,50.59,132.49,1,-1,-1,-1
44,13181,88.00,196.00,50.00,132.00,1,-1,-1,-1
45,13174,262.17,181.91,51.28,132.49,1,-1,-1,-1
45,13181,88.00,196.00,50.00,132.00,1,-1,-1,-1
46,13174,261.90,181.91,51.85,132.46,1,-1,-1,-1
46,13181,88.00,196.00,50.00,132.00,1,-1,-1,-1
47,13174,261.67,181.92,52.33,132.43,1,-1,-1,-1
47,13181,88.00,196.00,50.00,132.00,1,-1,-1,-1
48,13174,261.48,181.93,52.74,132.39,1,-1,-1,-1
48,13181,88.00,196.00,50.00,132.00,1,-1,-1,-1
49,13174,261.32,181.93,53.09,132.36,1,-1,-1,-1
49,13181,88.00,196.00,50.00,132.00,1,-1,-1,-1
50,13174,261.18,181.94,53.40,132.33,1,-1,-1,-1
50,13181,88.00,196.00,50.00,132.00,1,-1,-1,-1
51,13174,260.87,181.84,53.61,132.85,1,-1,-1,-1
51,13175,10.97,142.47,52.61,183.09,1,-1,-1,-1
51,13181,88.00,196.00,50.00,132.00,1,-1,-1,-1
51,13182,114.00,134.00,70.00,164.00,1,-1,-1,-1
52,13174,283.13,194.19,50.85,124.66,1,-1,-1,-1
52,13175,11.41,143.01,51.47,179.10,1,-1,-1,-1
53,13174,271.57,190.26,48.26,118.68,1,-1,-1,-1
53,13183,300.00,188.00,48.00,124.00,1,-1,-1,-1
53,13184,0.00,184.00,116.00,260.00,1,-1,-1,-1
53,13185,82.00,126.00,88.00,158.00,1,-1,-1,-1
54,13143,-6.74,124.34,106.43,297.28,1,-1,-1,-1
54,13174,270.32,187.57,47.31,116.64,1,-1,-1,-1
54,13185,66.14,117.43,107.72,194.00,1,-1,-1,-1
55,13143,-6.05,123.54,104.43,299.43,1,-1,-1,-1
55,13174,269.89,186.59,46.91,115.92,1,-1,-1,-1
55,13185,63.72,116.00,110.56,200.00,1,-1,-1,-1
56,13143,-5.26,123.29,102.80,300.08,1,-1,-1,-1
56,13174,269.75,186.22,46.72,115.69,1,-1,-1,-1
56,13185,63.24,115.58,110.92,201.78,1,-1,-1,-1
57,13143,-4.58,123.24,101.52,300.21,1,-1,-1,-1
57,13174,269.72,186.08,46.61,115.63,1,-1,-1,-1
57,13185,63.49,115.51,110.34,202.04,1,-1,-1,-1
58,13143,-4.02,123.26,100.49,300.15,1,-1,-1,-1
58,13174,269.73,186.03,46.54,115.63,1,-1,-1,-1
58,13185,63.97,115.55,109.44,201.88,1,-1,-1,-1
59,13143,-3.55,123.29,99.66,300.04,1,-1,-1,-1
59,13174,269.74,186.01,46.48,115.65,1,-1,-1,-1
59,13185,64.50,115.61,108.46,201.64,1,-1,-1,-1
60,13143,-3.15,123.34,98.97,299.90,1,-1,-1,-1
60,13174,269.77,186.00,46.43,115.68,1,-1,-1,-1
60,13185,65.03,115.66,107.46,201.41,1,-1,-1,-1
61,13143,-12.85,68.12,114.62,361.46,1,-1,-1,-1
61,13174,283.86,184.69,48.46,122.28,1,-1,-1,-1
61,13185,64.05,115.12,108.67,203.68,1,-1,-1,-1
62,13143,-15.12,84.15,109.28,358.65,1,-1,-1,-1
62,13174,289.79,184.20,49.05,124.73,1,-1,-1,-1
63,13143,-15.06,91.54,104.97,356.90,1,-1,-1,-1
63,13174,292.16,184.01,49.08,125.68,1,-1,-1,-1
64,13143,-14.08,94.56,101.45,356.00,1,-1,-1,-1
64,13174,293.11,183.95,48.91,126.03,1,-1,-1,-1
65,13143,-12.86,95.81,98.48,355.50,1,-1,-1,-1
65,13174,293.49,183.93,48.68,126.16,1,-1,-1,-1
66,13143,-11.64,96.36,95.91,355.15,1,-1,-1,-1
66,13174,293.66,183.92,48.44,126.19,1,-1,-1,-1
67,13143,-10.50,96.64,93.65,354.86,1,-1,-1,-1
67,13174,293.74,183.93,48.21,126.19,1,-1,-1,-1
68,13143,-9.46,96.81,91.66,354.61,1,-1,-1,-1
68,13174,293.78,183.93,48.00,126.18,1,-1,-1,-1
69,13143,-8.52,96.94,89.88,354.38,1,-1,-1,-1
69,13174,293.81,183.94,47.81,126.17,1,-1,-1,-1
70,13143,-7.68,97.04,88.29,354.17,1,-1,-1,-1
70,13174,293.84,183.94,47.64,126.15,1,-1,-1,-1
71,13143,-8.95,95.53,89.14,357.61,1,-1,-1,-1
71,13174,295.79,191.77,46.23,122.23,1,-1,-1,-1
71,13186,332.00,198.00,36.00,120.00,1,-1,-1,-1
72,13174,296.12,196.09,45.09,119.40,1,-1,-1,-1
72,13186,334.80,199.71,35.54,118.29,1,-1,-1,-1
73,13174,295.66,198.99,44.45,118.35,1,-1,-1,-1
73,13186,338.75,203.02,34.54,114.98,1,-1,-1,-1
74,13174,296.79,192.14,45.51,120.61,1,-1,-1,-1
74,13175,406.28,205.94,26.48,90.00,1,-1,-1,-1
74,13186,340.40,204.33,34.14,113.67,1,-1,-1,-1
75,13174,296.97,190.87,46.36,120.15,1,-1,-1,-1
75,13175,422.86,208.61,25.29,85.96,1,-1,-1,-1
76,13174,296.73,190.37,47.22,119.98,1,-1,-1,-1
77,13174,296.37,190.18,48.03,119.93,1,-1,-1,-1
78,13174,295.99,190.10,48.78,119.91,1,-1,-1,-1
79,13174,295.62,190.07,49.46,119.91,1,-1,-1,-1
80,13174,295.28,190.05,50.09,119.92,1,-1,-1,-1
81,13174,295.84,190.13,50.03,119.78,1,-1,-1,-1
91,13174,298.05,186.15,50.10,118.01,1,-1,-1,-1
92,13174,297.80,185.98,50.67,117.95,1,-1,-1,-1
93,13174,297.59,185.92,51.13,117.93,1,-1,-1,-1
94,13174,297.41,185.91,51.50,117.93,1,-1,-1,-1
95,13174,297.24,185.91,51.80,117.93,1,-1,-1,-1
96,13174,297.10,185.91,52.06,117.94,1,-1,-1,-1
97,13174,296.98,185.92,52.28,117.94,1,-1,-1,-1
98,13174,296.88,185.93,52.47,117.95,1,-1,-1,-1
99,13174,296.78,185.93,52.63,117.95,1,-1,-1,-1
100,13174,296.70,185.94,52.78,117.96,1,-1,-1,-1
101,13174,302.59,183.33,51.43,114.04,1,-1,-1,-1
101,13186,369.58,180.04,38.84,121.97,1,-1,-1,-1
102,13174,304.74,182.34,51.11,112.55,1,-1,-1,-1
102,13186,369.33,179.69,40.29,122.08,1,-1,-1,-1
103,13174,305.42,181.98,51.18,112.01,1,-1,-1,-1
103,13186,368.94,179.60,41.29,122.12,1,-1,-1,-1
104,13174,305.56,181.86,51.38,111.82,1,-1,-1,-1
104,13186,368.58,179.60,42.02,122.12,1,-1,-1,-1
105,13174,305.52,181.83,51.61,111.77,1,-1,-1,-1
105,13186,368.27,179.61,42.59,122.12,1,-1,-1,-1
106,13174,305.41,181.83,51.83,111.77,1,-1,-1,-1
106,13186,368.00,179.64,43.04,122.11,1,-1,-1,-1
107,13174,305.29,181.84,52.04,111.78,1,-1,-1,-1
107,13186,367.77,179.67,43.41,122.10,1,-1,-1,-1
108,13174,305.17,181.85,52.23,111.80,1,-1,-1,-1
108,13186,367.58,179.70,43.71,122.09,1,-1,-1,-1
109,13174,305.06,181.87,52.40,111.82,1,-1,-1,-1
109,13186,367.41,179.72,43.97,122.08,1,-1,-1,-1
110,13174,304.96,181.88,52.55,111.83,1,-1,-1,-1
110,13186,367.26,179.75,44.20,122.08,1,-1,-1,-1
111,13174,297.19,181.89,54.95,118.39,1,-1,-1,-1
111,13186,362.17,186.28,42.61,116.86,1,-1,-1,-1
111,13187,158.00,186.00,42.00,116.00,1,-1,-1,-1
111,13188,240.00,206.00,34.00,90.00,1,-1,-1,-1
111,13189,208.00,200.00,36.00,98.00,1,-1,-1,-1
111,13190,96.00,212.00,28.00,82.00,1,-1,-1,-1
111,13191,408.00,164.00,68.00,156.00,1,-1,-1,-1
112,13174,294.50,181.90,55.45,120.83,1,-1,-1,-1
112,13186,360.12,188.81,42.13,114.85,1,-1,-1,-1
112,13187,158.00,186.00,42.00,116.00,1,-1,-1,-1
112,13188,240.00,206.00,34.00,90.00,1,-1,-1,-1
112,13189,208.00,200.00,36.00,98.00,1,-1,-1,-1
112,13190,96.00,212.00,28.00,82.00,1,-1,-1,-1
112,13191,408.00,164.00,68.00,156.00,1,-1,-1,-1
113,13174,293.62,181.91,55.32,121.78,1,-1,-1,-1
113,13186,359.30,189.73,42.09,114.13,1,-1,-1,-1
113,13187,158.00,186.00,42.00,116.00,1,-1,-1,-1
113,13188,240.00,206.00,34.00,90.00,1,-1,-1,-1
113,13189,208.00,200.00,36.00,98.00,1,-1,-1,-1
113,13190,96.00,212.00,28.00,82.00,1,-1,-1,-1
113,13191,408.00,164.00,68.00,156.00,1,-1,-1,-1
114,13174,293.45,181.91,54.95,122.12,1,-1,-1,-1
114,13186,358.94,190.06,42.19,113.87,1,-1,-1,-1
114,13187,158.00,186.00,42.00,116.00,1,-1,-1,-1
114,13188,240.00,206.00,34.00,90.00,1,-1,-1,-1
114,13189,208.00,200.00,36.00,98.00,1,-1,-1,-1
114,13190,96.00,212.00,28.00,82.00,1,-1,-1,-1
114,13191,408.00,164.00,68.00,156.00,1,-1,-1,-1
115,13174,293.53,181.92,54.54,122.24,1,-1,-1,-1
115,13186,358.76,190.17,42.34,113.79,1,-1,-1,-1
115,13187,158.00,186.00,42.00,116.00,1,-1,-1,-1
115,13188,240.00,206.00,34.00,90.00,1,-1,-1,-1
115,13189,208.00,200.00,36.00,98.00,1,-1,-1,-1
115,13190,96.00,212.00,28.00,82.00,1,-1,-1,-1
115,13191,408.00,164.00,68.00,156.00,1,-1,-1,-1
116,13174,293.71,181.93,54.13,122.27,1,-1,-1,-1
116,13186,358.65,190.20,42.49,113.77,1,-1,-1,-1
116,13187,158.00,186.00,42.00,116.00,1,-1,-1,-1
116,13188,240.00,206.00,34.00,90.00,1,-1,-1,-1
116,13189,208.00,200.00,36.00,98.00,1,-1,-1,-1
116,13190,96.00,212.00,28.00,82.00,1,-1,-1,-1
116,13191,408.00,164.00,68.00,156.00,1,-1,-1,-1
117,13174,293.90,181.94,53.74,122.26,1,-1,-1,-1
117,13186,358.57,190.20,42.64,113.78,1,-1,-1,-1
117,13187,158.00,186.00,42.00,116.00,1,-1,-1,-1
117,13188,240.00,206.00,34.00,90.00,1,-1,-1,-1
117,13189,208.00,200.00,36.00,98.00,1,-1,-1,-1
117,13190,96.00,212.00,28.00,82.00,1,-1,-1,-1
117,13191,408.00,164.00,68.00,156.00,1,-1,-1,-1
118,13174,294.09,181.94,53.39,122.24,1,-1,-1,-1
118,13186,358.51,190.18,42.77,113.80,1,-1,-1,-1
118,13187,158.00,186.00,42.00,116.00,1,-1,-1,-1
118,13188,240.00,206.00,34.00,90.00,1,-1,-1,-1
118,13189,208.00,200.00,36.00,98.00,1,-1,-1,-1
118,13190,96.00,212.00,28.00,82.00,1,-1,-1,-1
118,13191,408.00,164.00,68.00,156.00,1,-1,-1,-1
119,13174,294.27,181.95,53.07,122.22,1,-1,-1,-1
119,13186,358.46,190.17,42.89,113.82,1,-1,-1,-1
119,13187,158.00,186.00,42.00,116.00,1,-1,-1,-1
119,13188,240.00,206.00,34.00,90.00,1,-1,-1,-1
119,13189,208.00,200.00,36.00,98.00,1,-1,-1,-1
119,13190,96.00,212.00,28.00,82.00,1,-1,-1,-1
119,13191,408.00,164.00,68.00,156.00,1,-1,-1,-1
120,13174,294.43,181.95,52.77,122.20,1,-1,-1,-1
120,13186,358.41,190.15,42.99,113.83,1,-1,-1,-1
120,13187,158.00,186.00,42.00,116.00,1,-1,-1,-1
120,13188,240.00,206.00,34.00,90.00,1,-1,-1,-1
120,13189,208.00,200.00,36.00,98.00,1,-1,-1,-1
120,13190,96.00,212.00,28.00,82.00,1,-1,-1,-1
120,13191,408.00,164.00,68.00,156.00,1,-1,-1,-1
121,13174,287.71,176.75,51.94,122.19,1,-1,-1,-1
121,13186,343.77,183.59,46.11,124.32,1,-1,-1,-1
121,13187,163.81,195.34,42.40,118.67,1,-1,-1,-1
121,13188,240.00,206.00,34.00,90.00,1,-1,-1,-1
121,13189,208.00,200.00,36.00,98.00,1,-1,-1,-1
121,13190,96.89,205.33,38.24,108.70,1,-1,-1,-1
121,13191,413.53,161.33,70.28,162.67,1,-1,-1,-1
121,13192,18.00,196.00,46.00,128.00,1,-1,-1,-1
122,13174,280.67,174.77,55.38,132.59,1,-1,-1,-1
122,13186,332.60,179.92,48.72,131.97,1,-1,-1,-1
122,13187,168.71,198.80,42.30,120.97,1,-1,-1,-1
122,13190,83.95,178.04,50.43,142.92,1,-1,-1,-1
122,13191,414.18,161.00,70.63,163.49,1,-1,-1,-1
122,13193,210.00,206.00,32.00,114.00,1,-1,-1,-1
123,13174,278.36,174.04,56.08,136.45,1,-1,-1,-1
123,13186,328.26,178.47,49.63,134.99,1,-1,-1,-1
123,13187,170.81,200.07,41.73,121.84,1,-1,-1,-1
123,13190,78.34,166.34,55.77,157.57,1,-1,-1,-1
123,13193,210.00,206.00,32.00,114.00,1,-1,-1,-1
124,13174,277.73,173.78,55.87,137.95,1,-1,-1,-1
124,13186,326.67,177.91,49.86,136.15,1,-1,-1,-1
124,13187,171.83,200.51,41.00,122.15,1,-1,-1,-1
124,13190,75.76,161.13,58.21,163.97,1,-1,-1,-1
124,13193,210.00,206.00,32.00,114.00,1,-1,-1,-1
125,13174,277.75,173.69,55.33,138.49,1,-1,-1,-1
125,13186,326.17,177.72,49.84,136.56,1,-1,-1,-1
125,13187,172.40,200.62,40.26,122.24,1,-1,-1,-1
125,13190,74.66,159.04,59.24,166.46,1,-1,-1,-1
125,13193,210.00,206.00,32.00,114.00,1,-1,-1,-1
126,13174,278.00,173.68,54.72,138.65,1,-1,-1,-1
126,13186,326.10,177.66,49.72,136.68,1,-1,-1,-1
126,13187,172.80,200.63,39.54,122.26,1,-1,-1,-1
126,13190,74.21,158.30,59.68,167.28,1,-1,-1,-1
126,13193,210.00,206.00,32.00,114.00,1,-1,-1,-1
127,13174,278.32,173.69,54.11,138.68,1,-1,-1,-1
127,13186,326.17,177.66,49.58,136.68,1,-1,-1,-1
127,13187,173.11,200.59,38.87,122.25,1,-1,-1,-1
127,13190,74.02,158.09,59.88,167.45,1,-1,-1,-1
127,13193,210.00,206.00,32.00,114.00,1,-1,-1,-1
128,13174,278.65,173.72,53.54,138.65,1,-1,-1,-1
128,13186,326.30,177.68,49.44,136.65,1,-1,-1,-1
128,13187,173.38,200.54,38.25,122.23,1,-1,-1,-1
128,13190,73.95,158.10,59.97,167.36,1,-1,-1,-1
128,13193,210.00,206.00,32.00,114.00,1,-1,-1,-1
129,13174,278.96,173.74,53.01,138.60,1,-1,-1,-1
129,13186,326.44,177.70,49.31,136.60,1,-1,-1,-1
129,13187,173.62,200.49,37.68,122.21,1,-1,-1,-1
129,13190,73.91,158.19,60.02,167.18,1,-1,-1,-1
129,13193,210.00,206.00,32.00,114.00,1,-1,-1,-1
130,13174,279.24,173.76,52.54,138.55,1,-1,-1,-1
130,13186,326.58,177.73,49.19,136.55,1,-1,-1,-1
130,13187,173.84,200.44,37.16,122.19,1,-1,-1,-1
130,13190,73.90,158.30,60.05,166.96,1,-1,-1,-1
130,13193,210.00,206.00,32.00,114.00,1,-1,-1,-1
131,13174,264.08,172.48,53.10,139.80,1,-1,-1,-1
131,13186,313.98,177.75,47.30,132.61,1,-1,-1,-1
131,13187,172.29,199.09,40.17,131.32,1,-1,-1,-1
131,13190,72.95,155.67,61.69,171.54,1,-1,-1,-1
131,13193,198.13,203.31,34.26,120.71,1,-1,-1,-1
131,13194,50.00,214.00,56.00,140.00,1,-1,-1,-1
132,13174,256.62,172.01,54.15,141.55,1,-1,-1,-1
132,13186,309.46,176.46,47.32,133.68,1,-1,-1,-1
132,13187,168.47,193.51,43.96,142.32,1,-1,-1,-1
132,13190,50.40,185.10,60.76,165.58,1,-1,-1,-1
132,13193,194.81,201.03,35.67,125.77,1,-1,-1,-1
133,13174,254.26,171.84,54.97,143.48,1,-1,-1,-1
133,13186,308.48,174.70,47.36,136.67,1,-1,-1,-1
133,13187,166.84,192.56,45.68,146.61,1,-1,-1,-1
133,13190,47.97,184.72,62.17,169.42,1,-1,-1,-1
133,13193,192.37,198.87,37.31,131.58,1,-1,-1,-1
133,13195,80.00,150.00,68.00,142.00,1,-1,-1,-1
134,13174,253.49,173.08,53.87,140.32,1,-1,-1,-1
134,13186,319.55,175.33,45.28,131.34,1,-1,-1,-1
134,13187,165.39,190.91,46.68,150.81,1,-1,-1,-1
134,13193,193.65,198.04,37.46,132.50,1,-1,-1,-1
134,13195,73.76,148.29,77.06,160.86,1,-1,-1,-1
135,13174,252.63,170.97,54.77,142.97,1,-1,-1,-1
135,13186,324.43,174.29,44.93,131.85,1,-1,-1,-1
135,13187,163.61,190.26,46.93,151.13,1,-1,-1,-1
135,13193,192.11,197.29,37.95,134.25,1,-1,-1,-1
135,13195,69.85,145.15,71.48,148.34,1,-1,-1,-1
135,13196,312.00,172.00,40.00,140.00,1,-1,-1,-1
136,13174,252.22,170.18,55.37,142.65,1,-1,-1,-1
136,13186,314.44,172.61,46.23,135.95,1,-1,-1,-1
136,13187,161.15,181.05,50.53,161.42,1,-1,-1,-1
136,13190,9.45,185.66,70.61,192.16,1,-1,-1,-1
136,13195,68.00,143.99,70.68,146.68,1,-1,-1,-1
137,13174,251.95,169.90,55.97,142.50,1,-1,-1,-1
137,13186,310.73,171.99,46.66,137.48,1,-1,-1,-1
137,13187,160.10,177.56,52.13,165.32,1,-1,-1,-1
137,13190,4.48,185.80,71.73,194.97,1,-1,-1,-1
138,13174,251.74,169.80,56.53,142.42,1,-1,-1,-1
138,13186,309.38,171.77,46.78,138.06,1,-1,-1,-1
138,13187,159.59,176.18,52.94,166.78,1,-1,-1,-1
138,13190,2.66,185.85,72.17,195.99,1,-1,-1,-1
139,13174,251.56,169.78,57.05,142.37,1,-1,-1,-1
139,13186,308.94,171.71,46.77,138.25,1,-1,-1,-1
139,13187,159.32,175.68,53.41,167.27,1,-1,-1,-1
139,13190,2.05,185.88,72.34,196.26,1,-1,-1,-1
140,13174,251.41,169.79,57.52,142.33,1,-1,-1,-1
140,13186,308.85,171.70,46.73,138.31,1,-1,-1,-1
140,13187,159.14,175.51,53.73,167.38,1,-1,-1,-1
140,13190,1.93,185.89,72.38,196.24,1,-1,-1,-1
141,13174,248.75,171.10,56.48,139.69,1,-1,-1,-1
141,13186,307.29,171.20,46.92,138.89,1,-1,-1,-1
141,13187,158.75,174.53,54.50,169.77,1,-1,-1,-1
141,13190,-2.64,137.14,98.35,271.84,1,-1,-1,-1
142,13174,247.79,171.62,56.08,138.66,1,-1,-1,-1
142,13190,-3.85,119.86,106.26,298.86,1,-1,-1,-1
143,13174,247.47,171.82,55.94,138.27,1,-1,-1,-1
143,13190,-3.69,112.10,108.80,310.81,1,-1,-1,-1
144,13174,247.39,171.90,55.90,138.12,1,-1,-1,-1
144,13190,-3.05,108.98,108.89,315.48,1,-1,-1,-1
145,13174,247.39,171.93,55.89,138.06,1,-1,-1,-1
145,13190,-2.30,107.85,108.06,317.08,1,-1,-1,-1
146,13174,247.43,171.95,55.89,138.04,1,-1,-1,-1
146,13190,-1.56,107.52,106.95,317.46,1,-1,-1,-1
147,13174,247.48,171.96,55.90,138.02,1,-1,-1,-1
147,13190,-0.88,107.51,105.81,317.36,1,-1,-1,-1
148,13174,247.53,171.96,55.91,138.02,1,-1,-1,-1
148,13190,-0.25,107.61,104.73,317.08,1,-1,-1,-1
149,13174,247.57,171.97,55.92,138.02,1,-1,-1,-1
149,13190,0.33,107.76,103.73,316.74,1,-1,-1,-1
150,13174,247.61,171.97,55.92,138.01,1,-1,-1,-1
150,13190,0.85,107.93,102.81,316.39,1,-1,-1,-1
151,13174,248.88,171.97,56.08,140.63,1,-1,-1,-1
151,13186,302.20,179.51,44.98,132.44,1,-1,-1,-1
151,13190,3.55,74.80,124.41,385.18,1,-1,-1,-1
151,13191,334.31,175.87,56.54,138.26,1,-1,-1,-1
151,13197,178.00,202.00,26.00,72.00,1,-1,-1,-1
152,13174,250.51,173.27,53.88,136.42,1,-1,-1,-1
152,13186,303.71,179.94,44.67,130.67,1,-1,-1,-1
152,13190,1.04,39.80,139.26,433.38,1,-1,-1,-1
152,13191,333.30,177.62,53.17,133.26,1,-1,-1,-1
152,13197,181.47,200.29,25.92,72.00,1,-1,-1,-1
153,13174,248.77,173.78,53.84,137.41,1,-1,-1,-1
153,13186,303.00,180.24,44.57,130.39,1,-1,-1,-1
153,13187,123.82,192.93,31.65,103.38,1,-1,-1,-1
153,13190,-5.88,21.34,144.05,456.10,1,-1,-1,-1
153,13191,331.21,176.70,55.63,137.53,1,-1,-1,-1
154,13174,248.26,173.96,53.60,137.78,1,-1,-1,-1
154,13187,123.09,193.93,29.57,100.11,1,-1,-1,-1
154,13190,-8.10,13.79,144.62,465.20,1,-1,-1,-1
154,13191,330.39,176.37,56.79,139.03,1,-1,-1,-1
155,13174,248.18,174.03,53.30,137.93,1,-1,-1,-1
155,13187,123.03,194.17,28.51,99.26,1,-1,-1,-1
155,13190,-8.35,10.96,143.53,468.47,1,-1,-1,-1
155,13191,330.10,176.22,57.45,139.61,1,-1,-1,-1
156,13174,248.26,174.05,53.01,137.98,1,-1,-1,-1
156,13187,123.26,194.22,27.83,99.08,1,-1,-1,-1
156,13190,-7.86,10.04,141.91,469.38,1,-1,-1,-1
156,13191,330.00,176.16,57.87,139.84,1,-1,-1,-1
157,13174,248.39,174.05,52.73,138.00,1,-1,-1,-1
157,13187,123.57,194.21,27.32,99.12,1,-1,-1,-1
157,13190,-7.12,9.89,140.20,469.38,1,-1,-1,-1
157,13191,329.97,176.12,58.17,139.93,1,-1,-1,-1
158,13174,248.53,174.05,52.47,138.01,1,-1,-1,-1
158,13187,123.87,194.19,26.93,99.22,1,-1,-1,-1
158,13190,-6.33,10.02,138.55,469.04,1,-1,-1,-1
158,13191,329.96,176.10,58.40,139.96,1,-1,-1,-1
159,13174,248.67,174.05,52.24,138.01,1,-1,-1,-1
159,13187,124.12,194.17,26.59,99.33,1,-1,-1,-1
159,13190,-5.58,10.26,137.01,468.58,1,-1,-1,-1
159,13191,329.96,176.09,58.59,139.98,1,-1,-1,-1
160,13174,248.79,174.05,52.02,138.01,1,-1,-1,-1
160,13187,124.34,194.14,26.31,99.42,1,-1,-1,-1
160,13190,-4.87,10.53,135.60,468.09,1,-1,-1,-1
160,13191,329.97,176.08,58.75,139.99,1,-1,-1,-1
161,13174,248.47,174.12,52.03,138.02,1,-1,-1,-1
161,13187,119.10,196.81,26.20,94.13,1,-1,-1,-1
161,13190,-6.37,5.10,138.35,477.59,1,-1,-1,-1
161,13191,328.91,176.20,58.74,139.97,1,-1,-1,-1
161,13198,174.00,192.00,36.00,100.00,1,-1,-1,-1
162,13187,116.88,197.79,26.77,92.20,1,-1,-1,-1
162,13198,174.00,192.00,36.00,100.00,1,-1,-1,-1
163,13187,115.84,198.12,27.54,91.56,1,-1,-1,-1
163,13198,174.00,192.00,36.00,100.00,1,-1,-1,-1
164,13187,115.26,198.22,28.33,91.38,1,-1,-1,-1
164,13198,174.00,192.00,36.00,100.00,1,-1,-1,-1
165,13187,114.87,198.24,29.08,91.37,1,-1,-1,-1
165,13198,174.00,192.00,36.00,100.00,1,-1,-1,-1
166,13187,114.56,198.23,29.76,91.40,1,-1,-1,-1
166,13198,174.00,192.00,36.00,100.00,1,-1,-1,-1
167,13187,114.30,198.21,30.37,91.46,1,-1,-1,-1
167,13198,174.00,192.00,36.00,100.00,1,-1,-1,-1
168,13187,114.08,198.19,30.92,91.51,1,-1,-1,-1
168,13198,174.00,192.00,36.00,100.00,1,-1,-1,-1
169,13187,113.88,198.17,31.41,91.56,1,-1,-1,-1
169,13198,174.00,192.00,36.00,100.00,1,-1,-1,-1
170,13187,113.70,198.16,31.86,91.60,1,-1,-1,-1
170,13198,174.00,192.00,36.00,100.00,1,-1,-1,-1
171,13174,257.01,177.90,51.24,132.20,1,-1,-1,-1
171,13186,319.25,172.14,48.84,143.81,1,-1,-1,-1
171,13187,102.71,181.04,40.76,115.32,1,-1,-1,-1
171,13198,167.32,189.33,40.02,109.34,1,-1,-1,-1
172,13174,256.90,178.05,52.19,131.96,1,-1,-1,-1
172,13186,319.76,171.93,48.77,144.14,1,-1,-1,-1
172,13187,98.59,175.03,44.33,123.64,1,-1,-1,-1
172,13198,164.67,188.36,41.92,112.74,1,-1,-1,-1
173,13174,256.64,178.10,52.97,131.87,1,-1,-1,-1
173,13186,319.97,171.86,48.67,144.25,1,-1,-1,-1
173,13187,96.72,172.48,46.18,127.18,1,-1,-1,-1
173,13198,163.46,187.99,43.04,114.04,1,-1,-1,-1
174,13174,256.36,178.11,53.61,131.85,1,-1,-1,-1
174,13186,320.06,171.84,48.59,144.28,1,-1,-1,-1
174,13187,95.86,171.51,47.21,128.54,1,-1,-1,-1
174,13198,162.85,187.86,43.80,114.50,1,-1,-1,-1
175,13174,256.09,178.11,54.14,131.85,1,-1,-1,-1
175,13186,320.09,171.84,48.51,144.27,1,-1,-1,-1
175,13187,95.44,171.18,47.87,129.01,1,-1,-1,-1
175,13198,162.48,187.82,44.41,114.63,1,-1,-1,-1
176,13174,255.86,178.10,54.59,131.86,1,-1,-1,-1
176,13186,320.10,171.85,48.45,144.25,1,-1,-1,-1
176,13187,95.19,171.10,48.35,129.13,1,-1,-1,-1
176,13198,162.22,187.82,44.93,114.64,1,-1,-1,-1
177,13174,255.65,178.09,54.98,131.87,1,-1,-1,-1
177,13186,320.10,171.87,48.40,144.23,1,-1,-1,-1
177,13187,95.03,171.11,48.74,129.12,1,-1,-1,-1
177,13198,162.00,187.83,45.39,114.60,1,-1,-1,-1
178,13174,255.47,178.09,55.31,131.88,1,-1,-1,-1
178,13186,320.10,171.88,48.35,144.21,1,-1,-1,-1
178,13187,94.90,171.16,49.07,129.06,1,-1,-1,-1
178,13198,161.82,187.84,45.81,114.56,1,-1,-1,-1
179,13174,255.32,178.08,55.60,131.89,1,-1,-1,-1
179,13186,320.09,171.89,48.31,144.19,1,-1,-1,-1
179,13187,94.80,171.22,49.36,128.99,1,-1,-1,-1
179,13198,161.65,187.86,46.20,114.51,1,-1,-1,-1
180,13174,255.18,178.07,55.85,131.91,1,-1,-1,-1
180,13186,320.08,171.90,48.28,144.17,1,-1,-1,-1
180,13187,94.71,171.28,49.62,128.91,1,-1,-1,-1
180,13198,161.50,187.87,46.55,114.46,1,-1,-1,-1
181,13174,255.38,178.18,55.78,131.75,1,-1,-1,-1
181,13186,320.40,171.74,48.37,144.45,1,-1,-1,-1
181,13187,97.01,166.18,54.14,145.62,1,-1,-1,-1
181,13198,160.94,183.98,47.70,120.93,1,-1,-1,-1
182,13174,259.41,179.61,56.64,133.45,1,-1,-1,-1
182,13187,97.61,165.51,53.84,149.34,1,-1,-1,-1
182,13198,160.37,183.44,48.19,122.17,1,-1,-1,-1
182,13199,24.00,140.00,66.00,184.00,1,-1,-1,-1
183,13174,260.30,179.95,56.92,133.82,1,-1,-1,-1
183,13187,98.32,165.31,52.81,150.77,1,-1,-1,-1
183,13199,24.00,140.00,66.00,184.00,1,-1,-1,-1
184,13174,260.58,180.06,57.09,133.95,1,-1,-1,-1
184,13187,99.02,165.27,51.58,151.24,1,-1,-1,-1
184,13199,24.00,140.00,66.00,184.00,1,-1,-1,-1
185,13174,260.64,180.10,57.20,134.00,1,-1,-1,-1
185,13187,99.68,165.30,50.35,151.35,1,-1,-1,-1
185,13199,24.00,140.00,66.00,184.00,1,-1,-1,-1
186,13174,260.62,180.11,57.29,134.02,1,-1,-1,-1
186,13187,100.28,165.34,49.20,151.32,1,-1,-1,-1
186,13199,24.00,140.00,66.00,184.00,1,-1,-1,-1
187,13174,260.58,180.10,57.36,134.02,1,-1,-1,-1
187,13187,100.82,165.39,48.14,151.24,1,-1,-1,-1
187,13199,24.00,140.00,66.00,184.00,1,-1,-1,-1
188,13174,260.53,180.10,57.43,134.02,1,-1,-1,-1
188,13187,101.32,165.44,47.17,151.14,1,-1,-1,-1
188,13199,24.00,140.00,66.00,184.00,1,-1,-1,-1
189,13174,260.48,180.09,57.49,134.02,1,-1,-1,-1
189,13187,101.76,165.49,46.30,151.05,1,-1,-1,-1
189,13199,24.00,140.00,66.00,184.00,1,-1,-1,-1
190,13174,260.43,180.08,57.54,134.02,1,-1,-1,-1
190,13187,102.17,165.53,45.50,150.96,1,-1,-1,-1
190,13199,24.00,140.00,66.00,184.00,1,-1,-1,-1
191,13174,257.57,176.16,59.30,139.24,1,-1,-1,-1
191,13187,108.38,147.44,64.17,207.86,1,-1,-1,-1
191,13199,38.23,129.26,72.45,201.46,1,-1,-1,-1
192,13174,257.29,175.97,58.38,138.62,1,-1,-1,-1
192,13186,324.87,199.13,44.34,122.74,1,-1,-1,-1
192,13187,111.29,137.57,75.04,239.52,1,-1,-1,-1
192,13199,26.45,122.80,84.22,228.33,1,-1,-1,-1
192,13200,296.00,180.00,56.00,150.00,1,-1,-1,-1
193,13174,260.29,173.31,60.89,143.56,1,-1,-1,-1
193,13186,324.00,197.23,47.63,127.77,1,-1,-1,-1
193,13187,105.01,133.19,81.99,257.18,1,-1,-1,-1
193,13199,11.15,110.34,95.23,257.44,1,-1,-1,-1
193,13200,293.19,173.14,58.19,155.14,1,-1,-1,-1
194,13174,259.81,174.88,59.91,141.56,1,-1,-1,-1
194,13186,324.43,198.46,47.40,127.17,1,-1,-1,-1
194,13187,99.34,130.18,87.13,269.37,1,-1,-1,-1
194,13199,3.84,102.86,101.82,275.31,1,-1,-1,-1
194,13200,291.28,173.48,58.48,154.52,1,-1,-1,-1
195,13174,260.48,172.91,60.38,143.34,1,-1,-1,-1
195,13187,95.52,127.79,92.13,284.02,1,-1,-1,-1
195,13199,-2.63,97.37,105.20,287.47,1,-1,-1,-1
195,13200,316.31,187.00,53.06,139.45,1,-1,-1,-1
196,13174,264.06,174.76,55.18,131.06,1,-1,-1,-1
196,13187,89.03,123.18,99.08,303.30,1,-1,-1,-1
196,13199,-8.08,91.49,103.45,288.43,1,-1,-1,-1
196,13200,322.73,187.09,52.50,137.34,1,-1,-1,-1
197,13174,265.46,175.52,53.11,126.18,1,-1,-1,-1
197,13187,86.23,121.37,102.22,310.93,1,-1,-1,-1
197,13199,-9.66,89.23,101.52,288.51,1,-1,-1,-1
197,13200,324.38,187.02,52.58,136.82,1,-1,-1,-1
198,13174,265.96,175.80,52.36,124.44,1,-1,-1,-1
198,13187,84.94,120.71,103.74,313.77,1,-1,-1,-1
198,13199,-9.71,88.45,99.65,288.31,1,-1,-1,-1
198,13200,324.55,186.89,52.86,136.79,1,-1,-1,-1
199,13174,266.13,175.90,52.09,123.84,1,-1,-1,-1
199,13187,84.29,120.53,104.56,314.66,1,-1,-1,-1
199,13199,-9.19,88.24,97.89,288.03,1,-1,-1,-1
199,13200,324.27,186.76,53.20,136.91,1,-1,-1,-1
200,13174,266.17,175.94,51.99,123.64,1,-1,-1,-1
200,13187,83.92,120.53,105.09,314.78,1,-1,-1,-1
200,13199,-8.49,88.26,96.26,287.72,1,-1,-1,-1
200,13200,323.89,186.65,53.55,137.05,1,-1,-1,-1
201,13174,263.82,177.28,52.72,126.24,1,-1,-1,-1
201,13187,36.62,63.54,134.91,399.55,1,-1,-1,-1
201,13199,-10.19,85.41,98.20,293.53,1,-1,-1,-1
201,13200,319.12,186.56,54.55,139.88,1,-1,-1,-1
202,13174,263.03,177.78,52.81,127.22,1,-1,-1,-1
202,13187,18.77,42.61,146.98,430.89,1,-1,-1,-1
202,13200,317.32,186.49,54.87,140.96,1,-1,-1,-1
203,13174,262.81,177.97,52.67,127.61,1,-1,-1,-1
203,13187,10.62,33.58,152.90,444.21,1,-1,-1,-1
203,13200,316.60,186.43,54.94,141.40,1,-1,-1,-1
204,13174,262.80,178.03,52.47,127.77,1,-1,-1,-1
204,13187,7.02,30.04,155.92,449.28,1,-1,-1,-1
204,13200,316.30,186.38,54.92,141.60,1,-1,-1,-1
205,13174,262.87,178.05,52.25,127.84,1,-1,-1,-1
205,13187,5.37,28.80,157.65,450.93,1,-1,-1,-1
205,13200,316.17,186.34,54.86,141.69,1,-1,-1,-1
206,13174,262.96,178.06,52.05,127.88,1,-1,-1,-1
206,13187,4.53,28.49,158.80,451.24,1,-1,-1,-1
206,13200,316.11,186.30,54.80,141.74,1,-1,-1,-1
207,13174,263.05,178.06,51.85,127.89,1,-1,-1,-1
207,13187,4.05,28.52,159.67,451.04,1,-1,-1,-1
207,13200,316.08,186.27,54.73,141.78,1,-1,-1,-1
208,13174,263.14,178.05,51.68,127.91,1,-1,-1,-1
208,13187,3.73,28.70,160.38,450.64,1,-1,-1,-1
208,13200,316.06,186.24,54.67,141.80,1,-1,-1,-1
209,13174,263.22,178.05,51.52,127.92,1,-1,-1,-1
209,13187,3.49,28.92,160.99,450.18,1,-1,-1,-1
209,13200,316.05,186.21,54.61,141.82,1,-1,-1,-1
210,13174,263.30,178.04,51.37,127.93,1,-1,-1,-1
210,13187,3.30,29.15,161.52,449.71,1,-1,-1,-1
210,13200,316.04,186.19,54.56,141.84,1,-1,-1,-1
211,13174,267.73,178.04,52.97,131.85,1,-1,-1,-1
211,13187,0.22,24.70,164.72,458.61,1,-1,-1,-1
211,13200,321.98,178.31,54.39,143.17,1,-1,-1,-1
211,13201,208.00,204.00,30.00,88.00,1,-1,-1,-1
211,13202,182.00,202.00,28.00,88.00,1,-1,-1,-1
211,13203,2.00,128.00,88.00,244.00,1,-1,-1,-1
211,13204,80.00,152.00,62.00,224.00,1,-1,-1,-1
212,13174,268.13,178.10,53.07,132.10,1,-1,-1,-1
212,13186,211.13,206.13,30.02,84.29,1,-1,-1,-1
212,13200,326.04,175.34,54.58,144.98,1,-1,-1,-1
212,13202,178.84,203.71,27.47,86.29,1,-1,-1,-1
212,13204,82.31,157.14,59.10,213.71,1,-1,-1,-1
213,13174,277.36,173.45,55.21,139.73,1,-1,-1,-1
213,13186,208.67,203.04,30.60,86.70,1,-1,-1,-1
213,13200,327.10,172.92,54.25,146.97,1,-1,-1,-1
213,13202,177.29,204.00,27.91,87.51,1,-1,-1,-1
214,13174,279.84,172.39,55.09,141.51,1,-1,-1,-1
214,13186,207.69,202.38,30.53,87.06,1,-1,-1,-1
214,13200,327.75,172.03,53.53,147.73,1,-1,-1,-1
214,13202,176.79,204.07,28.12,87.93,1,-1,-1,-1
215,13174,280.96,172.00,54.61,142.16,1,-1,-1,-1
215,13186,207.57,202.14,30.46,87.25,1,-1,-1,-1
215,13200,328.23,171.71,52.73,148.01,1,-1,-1,-1
215,13202,176.64,204.08,28.25,88.06,1,-1,-1,-1
216,13174,281.55,171.86,54.04,142.38,1,-1,-1,-1
216,13186,207.75,202.05,30.40,87.38,1,-1,-1,-1
216,13200,328.61,171.62,51.95,148.10,1,-1,-1,-1
216,13202,176.60,204.07,28.35,88.09,1,-1,-1,-1
217,13174,281.90,171.82,53.48,142.44,1,-1,-1,-1
217,13186,207.99,202.01,30.35,87.48,1,-1,-1,-1
217,13200,328.94,171.61,51.21,148.13,1,-1,-1,-1
217,13202,176.58,204.06,28.45,88.09,1,-1,-1,-1
218,13174,282.16,171.81,52.95,142.44,1,-1,-1,-1
218,13186,208.23,202.00,30.31,87.55,1,-1,-1,-1
218,13200,329.24,171.63,50.54,148.13,1,-1,-1,-1
218,13202,176.55,204.05,28.55,88.08,1,-1,-1,-1
219,13174,282.36,171.82,52.47,142.41,1,-1,-1,-1
219,13186,208.43,202.00,30.27,87.61,1,-1,-1,-1
219,13200,329.50,171.65,49.92,148.13,1,-1,-1,-1
219,13202,176.53,204.05,28.64,88.07,1,-1,-1,-1
220,13174,282.53,171.84,52.04,142.38,1,-1,-1,-1
220,13186,208.61,202.00,30.24,87.65,1,-1,-1,-1
220,13200,329.74,171.68,49.36,148.12,1,-1,-1,-1
220,13202,176.50,204.04,28.74,88.06,1,-1,-1,-1
221,13174,284.54,173.15,51.83,141.05,1,-1,-1,-1
221,13186,210.67,205.96,30.38,89.01,1,-1,-1,-1
221,13187,-20.01,83.00,113.07,338.19,1,-1,-1,-1
221,13200,335.17,174.32,47.54,144.19,1,-1,-1,-1
221,13202,173.95,205.37,28.53,88.05,1,-1,-1,-1
222,13174,285.20,173.66,51.88,140.52,1,-1,-1,-1
222,13186,211.57,207.44,30.26,89.54,1,-1,-1,-1
222,13187,-17.36,87.26,104.06,329.48,1,-1,-1,-1
222,13200,337.35,175.35,46.59,142.69,1,-1,-1,-1
222,13202,173.08,205.86,28.33,88.05,1,-1,-1,-1
223,13174,285.37,173.86,52.02,140.30,1,-1,-1,-1
223,13186,212.04,207.99,30.08,89.75,1,-1,-1,-1
223,13187,-15.41,88.24,98.73,327.45,1,-1,-1,-1
223,13200,338.25,175.74,45.99,142.13,1,-1,-1,-1
223,13202,172.82,206.04,28.13,88.04,1,-1,-1,-1
224,13174,285.34,173.93,52.19,140.21,1,-1,-1,-1
224,13186,212.33,208.17,29.88,89.84,1,-1,-1,-1
224,13187,-13.60,88.54,94.78,326.84,1,-1,-1,-1
224,13200,338.66,175.89,45.55,141.94,1,-1,-1,-1
224,13202,172.80,206.10,27.95,88.04,1,-1,-1,-1
225,13174,285.26,173.96,52.35,140.17,1,-1,-1,-1
225,13186,212.53,208.23,29.70,89.88,1,-1,-1,-1
225,13187,-11.99,88.58,91.67,326.75,1,-1,-1,-1
225,13200,338.88,175.94,45.19,141.87,1,-1,-1,-1
225,13202,172.86,206.11,27.78,88.03,1,-1,-1,-1
226,13174,285.15,173.98,52.51,140.14,1,-1,-1,-1
226,13186,212.69,208.23,29.53,89.90,1,-1,-1,-1
226,13187,-10.59,88.55,89.11,326.83,1,-1,-1,-1
226,13200,339.02,175.97,44.88,141.86,1,-1,-1,-1
226,13202,172.95,206.11,27.63,88.03,1,-1,-1,-1
227,13174,285.05,173.98,52.65,140.13,1,-1,-1,-1
227,13186,212.83,208.22,29.38,89.91,1,-1,-1,-1
227,13187,-9.39,88.49,86.95,326.95,1,-1,-1,-1
227,13200,339.13,175.98,44.60,141.86,1,-1,-1,-1
227,13202,173.04,206.10,27.48,88.03,1,-1,-1,-1
228,13174,284.95,173.99,52.78,140.11,1,-1,-1,-1
228,13186,212.94,208.20,29.24,89.92,1,-1,-1,-1
228,13187,-8.35,88.44,85.09,327.07,1,-1,-1,-1
228,13200,339.22,175.98,44.36,141.87,1,-1,-1,-1
228,13202,173.13,206.09,27.35,88.02,1,-1,-1,-1
229,13174,284.86,173.99,52.89,140.10,1,-1,-1,-1
229,13186,213.05,208.19,29.12,89.93,1,-1,-1,-1
229,13187,-7.45,88.39,83.48,327.17,1,-1,-1,-1
229,13200,339.29,175.99,44.13,141.88,1,-1,-1,-1
229,13202,173.21,206.08,27.22,88.02,1,-1,-1,-1
230,13174,284.78,173.99,53.00,140.09,1,-1,-1,-1
230,13186,213.14,208.17,29.01,89.94,1,-1,-1,-1
230,13187,-6.67,88.35,82.08,327.27,1,-1,-1,-1
230,13200,339.36,175.99,43.93,141.89,1,-1,-1,-1
230,13202,173.28,206.07,27.11,88.02,1,-1,-1,-1
231,13174,284.86,172.68,54.09,141.39,1,-1,-1,-1
231,13186,205.81,197.69,33.28,103.02,1,-1,-1,-1
231,13187,-7.53,88.90,81.78,326.08,1,-1,-1,-1
231,13200,341.70,170.76,45.73,145.83,1,-1,-1,-1
231,13202,173.08,200.83,30.16,97.18,1,-1,-1,-1
231,13205,110.00,196.00,36.00,100.00,1,-1,-1,-1
232,13174,284.51,170.89,55.24,143.17,1,-1,-1,-1
232,13186,205.46,191.41,35.16,110.25,1,-1,-1,-1
232,13200,341.85,170.09,46.53,147.30,1,-1,-1,-1
232,13202,169.45,190.09,34.62,111.88,1,-1,-1,-1
232,13205,106.50,192.57,37.85,105.14,1,-1,-1,-1
232,13206,136.00,186.00,36.00,116.00,1,-1,-1,-1
233,13174,283.69,171.51,55.73,143.85,1,-1,-1,-1
233,13186,204.34,190.26,35.66,111.83,1,-1,-1,-1
233,13200,342.72,171.15,46.48,146.57,1,-1,-1,-1
233,13202,170.15,187.10,35.79,116.42,1,-1,-1,-1
233,13205,102.79,190.53,38.55,107.47,1,-1,-1,-1
234,13174,283.30,171.76,56.03,144.09,1,-1,-1,-1
234,13200,342.97,171.57,46.55,146.28,1,-1,-1,-1
234,13202,170.53,185.90,36.13,118.24,1,-1,-1,-1
234,13205,101.59,189.86,38.64,108.22,1,-1,-1,-1
235,13174,283.09,171.86,56.26,144.17,1,-1,-1,-1
235,13200,343.01,171.75,46.65,146.16,1,-1,-1,-1
235,13202,170.76,185.46,36.14,118.89,1,-1,-1,-1
235,13205,101.35,189.69,38.49,108.40,1,-1,-1,-1
236,13174,282.95,171.90,56.44,144.19,1,-1,-1,-1
236,13200,342.96,171.82,46.77,146.11,1,-1,-1,-1
236,13202,170.91,185.33,36.02,119.09,1,-1,-1,-1
236,13205,101.42,189.68,38.27,108.40,1,-1,-1,-1
237,13174,282.85,171.92,56.59,144.18,1,-1,-1,-1
237,13200,342.89,171.86,46.88,146.08,1,-1,-1,-1
237,13202,171.02,185.32,35.86,119.10,1,-1,-1,-1
237,13205,101.59,189.71,38.01,108.36,1,-1,-1,-1
238,13174,282.76,171.93,56.73,144.17,1,-1,-1,-1
238,13200,342.81,171.88,46.99,146.07,1,-1,-1,-1
238,13202,171.12,185.35,35.70,119.05,1,-1,-1,-1
238,13205,101.77,189.75,37.74,108.31,1,-1,-1,-1
239,13174,282.69,171.94,56.85,144.16,1,-1,-1,-1
239,13200,342.74,171.89,47.08,146.06,1,-1,-1,-1
239,13202,171.20,185.39,35.55,118.98,1,-1,-1,-1
239,13205,101.95,189.78,37.48,108.27,1,-1,-1,-1
240,13174,282.62,171.95,56.96,144.14,1,-1,-1,-1
240,13200,342.67,171.90,47.17,146.06,1,-1,-1,-1
240,13202,171.28,185.44,35.41,118.90,1,-1,-1,-1
240,13205,102.12,189.81,37.22,108.23,1,-1,-1,-1
241,13174,282.51,170.65,61.08,153.26,1,-1,-1,-1
241,13200,337.77,171.91,49.08,149.97,1,-1,-1,-1
241,13202,158.78,190.65,38.47,129.15,1,-1,-1,-1
241,13205,97.87,183.18,40.47,121.51,1,-1,-1,-1
241,13207,66.00,172.00,44.00,144.00,1,-1,-1,-1
242,13174,283.95,171.44,63.47,156.65,1,-1,-1,-1
242,13200,334.45,173.21,51.46,152.72,1,-1,-1,-1
242,13202,153.82,182.57,42.68,139.26,1,-1,-1,-1
242,13205,96.84,182.11,41.11,123.44,1,-1,-1,-1
242,13207,61.55,168.57,46.05,150.86,1,-1,-1,-1
243,13174,284.24,171.76,64.95,157.95,1,-1,-1,-1
243,13200,332.78,173.72,53.15,153.77,1,-1,-1,-1
243,13202,151.53,179.36,45.02,143.24,1,-1,-1,-1
243,13207,60.84,168.00,46.33,152.00,1,-1,-1,-1
244,13174,284.09,171.89,66.01,158.42,1,-1,-1,-1
244,13200,331.80,173.91,54.50,154.16,1,-1,-1,-1
244,13202,150.36,178.08,46.52,144.76,1,-1,-1,-1
244,13207,60.68,167.85,46.33,152.31,1,-1,-1,-1
245,13174,283.80,171.94,66.85,158.56,1,-1,-1,-1
245,13200,331.11,173.98,55.65,154.28,1,-1,-1,-1
245,13202,149.68,177.62,47.62,145.28,1,-1,-1,-1
245,13207,60.71,167.83,46.24,152.34,1,-1,-1,-1
246,13174,283.48,171.96,67.56,158.58,1,-1,-1,-1
246,13200,330.57,174.01,56.65,154.31,1,-1,-1,-1
246,13202,149.22,177.47,48.50,145.40,1,-1,-1,-1
246,13207,60.79,167.85,46.12,152.31,1,-1,-1,-1
247,13174,283.16,171.97,68.19,158.55,1,-1,-1,-1
247,13200,330.12,174.02,57.55,154.30,1,-1,-1,-1
247,13202,148.86,177.44,49.26,145.37,1,-1,-1,-1
247,13207,60.87,167.87,45.99,152.26,1,-1,-1,-1
248,13174,282.86,171.98,68.76,158.51,1,-1,-1,-1
248,13200,329.72,174.02,58.36,154.28,1,-1,-1,-1
248,13202,148.56,177.46,49.92,145.29,1,-1,-1,-1
248,13207,60.96,167.89,45.85,152.22,1,-1,-1,-1
249,13174,282.59,171.98,69.26,158.47,1,-1,-1,-1
249,13200,329.36,174.02,59.09,154.26,1,-1,-1,-1
249,13202,148.30,177.49,50.51,145.19,1,-1,-1,-1
249,13207,61.04,167.90,45.72,152.19,1,-1,-1,-1
250,13174,282.34,171.98,69.72,158.43,1,-1,-1,-1
250,13200,329.04,174.02,59.75,154.24,1,-1,-1,-1
250,13202,148.07,177.53,51.05,145.09,1,-1,-1,-1
250,13207,61.12,167.92,45.59,152.17,1,-1,-1,-1
251,13174,279.22,171.98,66.83,153.19,1,-1,-1,-1
251,13186,99.90,156.28,57.42,187.03,1,-1,-1,-1
251,13187,56.43,147.63,54.04,202.78,1,-1,-1,-1
251,13200,332.52,175.32,55.40,145.09,1,-1,-1,-1
251,13202,147.13,176.79,51.65,146.82,1,-1,-1,-1
251,13205,0.29,156.76,55.42,170.57,1,-1,-1,-1
251,13207,60.95,167.78,45.67,152.43,1,-1,-1,-1
251,13208,194.00,180.00,52.00,162.00,1,-1,-1,-1
252,13174,277.47,173.30,66.78,153.78,1,-1,-1,-1
252,13186,90.32,148.06,65.07,206.26,1,-1,-1,-1
252,13187,59.29,150.30,52.55,197.17,1,-1,-1,-1
252,13200,332.60,175.46,55.22,144.63,1,-1,-1,-1
252,13205,-6.11,154.73,56.64,174.32,1,-1,-1,-1
252,13208,193.35,180.00,51.58,160.29,1,-1,-1,-1
253,13174,276.91,173.79,66.60,154.00,1,-1,-1,-1
253,13186,86.21,144.78,68.79,213.94,1,-1,-1,-1
253,13208,193.16,180.00,51.68,160.00,1,-1,-1,-1
254,13174,278.42,173.97,63.11,146.24,1,-1,-1,-1
254,13186,82.54,147.21,67.12,214.49,1,-1,-1,-1
254,13187,26.68,155.97,55.75,195.08,1,-1,-1,-1
254,13208,187.72,178.51,53.57,165.88,1,-1,-1,-1
254,13209,494.00,368.00,148.00,108.00,1,-1,-1,-1
255,13174,279.05,174.04,61.69,143.24,1,-1,-1,-1
255,13186,81.58,148.26,65.70,214.55,1,-1,-1,-1
255,13187,22.37,156.80,58.08,194.39,1,-1,-1,-1
255,13208,185.91,178.02,54.19,167.85,1,-1,-1,-1
255,13209,494.00,368.00,148.00,108.00,1,-1,-1,-1
256,13174,279.32,174.06,61.12,142.16,1,-1,-1,-1
256,13186,81.63,148.73,64.51,214.46,1,-1,-1,-1
256,13187,20.47,157.02,59.86,194.25,1,-1,-1,-1
256,13208,185.37,177.86,54.38,168.47,1,-1,-1,-1
256,13209,494.00,368.00,148.00,108.00,1,-1,-1,-1
257,13174,279.45,174.06,60.86,141.79,1,-1,-1,-1
257,13186,82.03,148.95,63.51,214.32,1,-1,-1,-1
257,13187,19.48,157.01,61.28,194.35,1,-1,-1,-1
257,13208,185.26,177.83,54.41,168.61,1,-1,-1,-1
257,13209,494.00,368.00,148.00,108.00,1,-1,-1,-1
258,13174,279.52,174.06,60.72,141.67,1,-1,-1,-1
258,13186,82.52,149.08,62.65,214.16,1,-1,-1,-1
258,13187,18.89,156.92,62.44,194.51,1,-1,-1,-1
258,13208,185.29,177.84,54.39,168.59,1,-1,-1,-1
258,13209,494.00,368.00,148.00,108.00,1,-1,-1,-1
259,13174,279.58,174.05,60.63,141.65,1,-1,-1,-1
259,13186,83.01,149.17,61.92,214.00,1,-1,-1,-1
259,13187,18.48,156.82,63.38,194.68,1,-1,-1,-1
259,13208,185.36,177.85,54.36,168.54,1,-1,-1,-1
259,13209,494.00,368.00,148.00,108.00,1,-1,-1,-1
260,13174,279.62,174.05,60.57,141.67,1,-1,-1,-1
260,13186,83.48,149.25,61.29,213.84,1,-1,-1,-1
260,13187,18.16,156.73,64.17,194.84,1,-1,-1,-1
260,13208,185.43,177.87,54.33,168.48,1,-1,-1,-1
260,13209,494.00,368.00,148.00,108.00,1,-1,-1,-1
261,13174,281.69,180.61,61.69,146.95,1,-1,-1,-1
261,13186,80.09,148.07,62.12,216.75,1,-1,-1,-1
261,13187,18.84,140.70,66.96,200.28,1,-1,-1,-1
261,13200,326.31,193.42,51.92,140.02,1,-1,-1,-1
261,13208,164.45,169.91,60.46,188.37,1,-1,-1,-1
261,13209,494.00,368.00,148.00,108.00,1,-1,-1,-1
261,13210,272.00,180.00,50.00,128.00,1,-1,-1,-1
262,13174,281.59,179.17,58.68,141.16,1,-1,-1,-1
262,13187,16.16,130.83,69.98,203.65,1,-1,-1,-1
262,13200,324.13,195.58,50.07,135.71,1,-1,-1,-1
262,13208,154.23,163.21,65.36,205.73,1,-1,-1,-1
263,13174,281.69,178.56,57.22,138.89,1,-1,-1,-1
263,13187,14.70,127.10,72.07,204.97,1,-1,-1,-1
263,13200,323.47,196.29,49.35,134.30,1,-1,-1,-1
263,13208,150.43,160.56,66.89,212.60,1,-1,-1,-1
264,13174,281.86,178.33,56.42,138.07,1,-1,-1,-1
264,13187,13.77,125.74,73.69,205.49,1,-1,-1,-1
264,13200,323.29,196.52,49.01,133.81,1,-1,-1,-1
264,13208,149.23,159.55,67.09,215.22,1,-1,-1,-1
265,13174,282.04,178.23,55.89,137.78,1,-1,-1,-1
265,13187,13.08,125.29,75.02,205.70,1,-1,-1,-1
265,13200,323.27,196.57,48.82,133.65,1,-1,-1,-1
265,13208,149.06,159.21,66.78,216.09,1,-1,-1,-1
266,13174,282.22,178.18,55.48,137.70,1,-1,-1,-1
266,13187,12.53,125.17,76.16,205.79,1,-1,-1,-1
266,13200,323.32,196.55,48.70,133.62,1,-1,-1,-1
266,13208,149.28,159.14,66.29,216.28,1,-1,-1,-1
267,13174,282.39,178.15,55.13,137.69,1,-1,-1,-1
267,13187,12.06,125.18,77.17,205.84,1,-1,-1,-1
267,13200,323.38,196.50,48.61,133.64,1,-1,-1,-1
267,13208,149.61,159.16,65.77,216.23,1,-1,-1,-1
268,13174,282.54,178.13,54.83,137.70,1,-1,-1,-1
268,13187,11.64,125.23,78.05,205.86,1,-1,-1,-1
268,13200,323.44,196.46,48.54,133.66,1,-1,-1,-1
268,13208,149.98,159.21,65.26,216.09,1,-1,-1,-1
269,13174,282.68,178.12,54.55,137.73,1,-1,-1,-1
269,13187,11.28,125.30,78.84,205.88,1,-1,-1,-1
269,13200,323.49,196.41,48.48,133.69,1,-1,-1,-1
269,13208,150.33,159.27,64.78,215.92,1,-1,-1,-1
270,13174,282.80,178.11,54.31,137.75,1,-1,-1,-1
270,13187,10.96,125.36,79.55,205.89,1,-1,-1,-1
270,13200,323.54,196.37,48.43,133.72,1,-1,-1,-1
270,13208,150.66,159.34,64.35,215.75,1,-1,-1,-1
271,13174,270.60,175.48,53.84,136.47,1,-1,-1,-1
271,13187,10.55,124.33,79.48,205.72,1,-1,-1,-1
271,13200,318.70,183.23,48.99,135.06,1,-1,-1,-1
271,13208,131.17,142.57,75.07,250.55,1,-1,-1,-1
272,13174,266.85,173.16,54.57,138.62,1,-1,-1,-1
272,13200,318.02,179.58,48.25,132.97,1,-1,-1,-1
272,13208,119.08,132.71,81.44,271.96,1,-1,-1,-1
273,13174,265.51,172.30,54.79,139.44,1,-1,-1,-1
273,13200,317.79,178.21,47.97,132.18,1,-1,-1,-1
273,13208,114.17,128.68,84.02,280.71,1,-1,-1,-1
274,13174,265.07,171.98,54.82,139.75,1,-1,-1,-1
274,13200,317.72,177.73,47.88,131.90,1,-1,-1,-1
274,13208,112.33,127.13,84.99,284.05,1,-1,-1,-1
275,13174,264.97,171.88,54.78,139.88,1,-1,-1,-1
275,13200,317.71,177.58,47.85,131.81,1,-1,-1,-1
275,13208,111.74,126.61,85.29,285.18,1,-1,-1,-1
276,13174,265.00,171.84,54.72,139.93,1,-1,-1,-1
276,13200,317.73,177.56,47.85,131.79,1,-1,-1,-1
276,13208,111.64,126.49,85.33,285.43,1,-1,-1,-1
277,13174,265.07,171.84,54.66,139.95,1,-1,-1,-1
277,13200,317.75,177.57,47.86,131.79,1,-1,-1,-1
277,13208,111.72,126.52,85.28,285.35,1,-1,-1,-1
278,13174,265.15,171.85,54.60,139.96,1,-1,-1,-1
278,13200,317.77,177.60,47.87,131.81,1,-1,-1,-1
278,13208,111.86,126.60,85.19,285.15,1,-1,-1,-1
279,13174,265.22,171.86,54.54,139.97,1,-1,-1,-1
279,13200,317.79,177.64,47.88,131.82,1,-1,-1,-1
279,13208,112.03,126.71,85.10,284.92,1,-1,-1,-1
280,13174,265.30,171.88,54.49,139.97,1,-1,-1,-1
280,13200,317.81,177.67,47.90,131.84,1,-1,-1,-1
280,13208,112.19,126.81,85.01,284.68,1,-1,-1,-1
281,13174,266.03,173.19,53.10,134.75,1,-1,-1,-1
281,13186,7.09,35.41,129.19,435.45,1,-1,-1,-1
281,13200,318.07,169.86,51.35,142.32,1,-1,-1,-1
281,13208,109.50,124.94,86.27,288.90,1,-1,-1,-1
282,13174,266.19,173.71,52.89,132.76,1,-1,-1,-1
282,13186,4.14,32.49,133.71,441.05,1,-1,-1,-1
282,13200,318.27,166.97,52.43,146.19,1,-1,-1,-1
283,13174,266.11,173.90,53.12,132.04,1,-1,-1,-1
283,13186,2.71,31.53,136.24,442.87,1,-1,-1,-1
283,13200,318.44,165.87,52.68,147.70,1,-1,-1,-1
284,13174,265.96,173.97,53.48,131.79,1,-1,-1,-1
284,13186,1.91,31.29,137.84,443.31,1,-1,-1,-1
284,13200,318.60,165.48,52.61,148.26,1,-1,-1,-1
285,13174,265.79,173.99,53.88,131.72,1,-1,-1,-1
285,13186,1.41,31.32,138.95,443.25,1,-1,-1,-1
285,13200,318.73,165.38,52.43,148.44,1,-1,-1,-1
286,13174,265.63,174.00,54.26,131.71,1,-1,-1,-1
286,13186,1.06,31.44,139.77,443.02,1,-1,-1,-1
286,13200,318.85,165.37,52.23,148.48,1,-1,-1,-1
287,13174,265.48,174.01,54.61,131.72,1,-1,-1,-1
287,13186,0.81,31.59,140.40,442.71,1,-1,-1,-1
287,13200,318.96,165.41,52.03,148.47,1,-1,-1,-1
288,13174,265.34,174.01,54.93,131.75,1,-1,-1,-1
288,13186,0.63,31.76,140.91,442.38,1,-1,-1,-1
288,13200,319.06,165.45,51.84,148.44,1,-1,-1,-1
289,13174,265.21,174.01,55.22,131.77,1,-1,-1,-1
289,13186,0.50,31.93,141.32,442.05,1,-1,-1,-1
289,13200,319.15,165.50,51.66,148.41,1,-1,-1,-1
290,13174,265.10,174.01,55.49,131.79,1,-1,-1,-1
290,13186,0.39,32.10,141.65,441.72,1,-1,-1,-1
290,13200,319.23,165.54,51.51,148.37,1,-1,-1,-1
291,13174,264.91,174.02,55.34,131.45,1,-1,-1,-1
291,13186,-1.77,29.10,143.53,447.58,1,-1,-1,-1
291,13200,319.11,164.81,51.71,148.96,1,-1,-1,-1
311,13174,361.75,174.00,62.64,147.80,1,-1,-1,-1
311,13200,424.25,173.73,57.00,158.03,1,-1,-1,-1
312,13174,366.48,174.00,62.67,146.87,1,-1,-1,-1
312,13200,429.55,172.63,56.59,154.02,1,-1,-1,-1
313,13174,368.10,174.00,62.81,146.51,1,-1,-1,-1
313,13200,431.14,172.28,56.83,152.73,1,-1,-1,-1
314,13174,368.53,174.00,62.96,146.36,1,-1,-1,-1
314,13200,431.47,172.15,57.18,152.25,1,-1,-1,-1
315,13174,368.53,174.00,63.10,146.28,1,-1,-1,-1
315,13200,431.33,172.09,57.52,152.07,1,-1,-1,-1
316,13174,368.38,174.00,63.22,146.24,1,-1,-1,-1
316,13200,431.06,172.07,57.82,152.00,1,-1,-1,-1
317,13174,368.18,174.00,63.31,146.21,1,-1,-1,-1
317,13200,430.76,172.05,58.08,151.98,1,-1,-1,-1
318,13174,367.98,174.00,63.40,146.19,1,-1,-1,-1
318,13200,430.48,172.04,58.31,151.97,1,-1,-1,-1
319,13174,367.79,174.00,63.47,146.17,1,-1,-1,-1
319,13200,430.22,172.04,58.50,151.97,1,-1,-1,-1
320,13174,367.62,174.00,63.53,146.16,1,-1,-1,-1
320,13200,429.99,172.04,58.66,151.97,1,-1,-1,-1
321,13174,380.72,175.30,63.15,146.14,1,-1,-1,-1
321,13200,440.15,179.89,57.74,150.67,1,-1,-1,-1
321,13211,280.00,212.00,26.00,78.00,1,-1,-1,-1
322,13174,385.71,175.80,62.82,146.13,1,-1,-1,-1
322,13200,444.02,182.86,57.18,150.17,1,-1,-1,-1
322,13211,280.00,212.00,26.00,78.00,1,-1,-1,-1
323,13174,387.58,175.98,62.53,146.11,1,-1,-1,-1
323,13200,445.47,183.95,56.80,149.99,1,-1,-1,-1
323,13211,280.00,212.00,26.00,78.00,1,-1,-1,-1
324,13174,388.26,176.05,62.28,146.10,1,-1,-1,-1
324,13200,446.01,184.33,56.49,149.93,1,-1,-1,-1
324,13211,280.00,212.00,26.00,78.00,1,-1,-1,-1
325,13174,388.48,176.07,62.05,146.09,1,-1,-1,-1
325,13200,446.19,184.44,56.23,149.91,1,-1,-1,-1
325,13211,280.00,212.00,26.00,78.00,1,-1,-1,-1
326,13174,388.54,176.07,61.85,146.09,1,-1,-1,-1
326,13200,446.24,184.45,56.01,149.91,1,-1,-1,-1
326,13211,280.00,212.00,26.00,78.00,1,-1,-1,-1
327,13174,388.52,176.07,61.66,146.08,1,-1,-1,-1
327,13200,446.25,184.43,55.81,149.92,1,-1,-1,-1
327,13211,280.00,212.00,26.00,78.00,1,-1,-1,-1
328,13174,388.49,176.06,61.50,146.07,1,-1,-1,-1
328,13200,446.24,184.40,55.63,149.93,1,-1,-1,-1
328,13211,280.00,212.00,26.00,78.00,1,-1,-1,-1
329,13174,388.45,176.06,61.36,146.06,1,-1,-1,-1
329,13200,446.22,184.36,55.47,149.93,1,-1,-1,-1
329,13211,280.00,212.00,26.00,78.00,1,-1,-1,-1
330,13174,388.41,176.05,61.22,146.06,1,-1,-1,-1
330,13200,446.20,184.33,55.33,149.94,1,-1,-1,-1
330,13211,280.00,212.00,26.00,78.00,1,-1,-1,-1
331,13174,397.73,174.74,56.74,134.30,1,-1,-1,-1
331,13200,462.49,173.84,57.87,157.79,1,-1,-1,-1
331,13211,280.00,212.00,26.00,78.00,1,-1,-1,-1
331,13212,226.00,178.00,54.00,144.00,1,-1,-1,-1
332,13174,399.32,172.88,56.17,132.43,1,-1,-1,-1
332,13200,465.94,171.21,57.61,156.87,1,-1,-1,-1
332,13212,223.28,188.29,52.59,140.57,1,-1,-1,-1
333,13174,399.78,172.22,56.09,131.79,1,-1,-1,-1
333,13200,467.16,170.19,57.53,156.48,1,-1,-1,-1
333,13212,222.91,190.00,52.19,140.00,1,-1,-1,-1
334,13174,399.83,171.98,56.18,131.58,1,-1,-1,-1
334,13200,467.52,169.82,57.53,156.31,1,-1,-1,-1
334,13212,222.90,190.43,51.90,139.86,1,-1,-1,-1
335,13174,399.73,171.91,56.32,131.54,1,-1,-1,-1
335,13200,467.56,169.71,57.56,156.24,1,-1,-1,-1
335,13212,223.03,190.48,51.63,139.84,1,-1,-1,-1
336,13174,399.59,171.88,56.47,131.55,1,-1,-1,-1
336,13200,467.48,169.68,57.60,156.20,1,-1,-1,-1
336,13212,223.19,190.43,51.34,139.86,1,-1,-1,-1
337,13174,399.45,171.88,56.61,131.59,1,-1,-1,-1
337,13200,467.37,169.69,57.63,156.17,1,-1,-1,-1
337,13212,223.36,190.36,51.03,139.88,1,-1,-1,-1
338,13174,399.31,171.89,56.74,131.62,1,-1,-1,-1
338,13200,467.25,169.71,57.67,156.15,1,-1,-1,-1
338,13212,223.54,190.31,50.71,139.90,1,-1,-1,-1
339,13174,399.18,171.90,56.86,131.66,1,-1,-1,-1
339,13200,467.13,169.74,57.70,156.14,1,-1,-1,-1
339,13212,223.72,190.26,50.39,139.91,1,-1,-1,-1
340,13174,399.07,171.91,56.97,131.69,1,-1,-1,-1
340,13200,467.03,169.76,57.73,156.12,1,-1,-1,-1
340,13212,223.89,190.23,50.07,139.92,1,-1,-1,-1
341,13174,397.35,170.61,57.66,134.34,1,-1,-1,-1
341,13200,466.93,173.70,57.76,156.11,1,-1,-1,-1
341,13211,248.27,206.16,31.06,91.63,1,-1,-1,-1
341,13212,223.79,190.59,50.03,139.80,1,-1,-1,-1
341,13213,162.00,156.00,68.00,206.00,1,-1,-1,-1
342,13174,396.81,170.12,57.68,135.35,1,-1,-1,-1
342,13200,466.84,175.20,57.78,156.10,1,-1,-1,-1
342,13211,246.79,205.92,31.64,92.18,1,-1,-1,-1
342,13213,162.00,156.00,68.00,206.00,1,-1,-1,-1
343,13174,396.69,169.95,57.47,135.74,1,-1,-1,-1
343,13200,466.76,175.77,57.80,156.09,1,-1,-1,-1
343,13211,246.19,205.84,32.03,92.37,1,-1,-1,-1
343,13213,162.00,156.00,68.00,206.00,1,-1,-1,-1
344,13174,396.73,169.89,57.19,135.89,1,-1,-1,-1
344,13200,466.69,175.98,57.82,156.08,1,-1,-1,-1
344,13211,245.94,205.82,32.31,92.42,1,-1,-1,-1
344,13213,162.00,156.00,68.00,206.00,1,-1,-1,-1
345,13174,396.81,169.88,56.91,135.95,1,-1,-1,-1
345,13200,466.62,176.06,57.84,156.08,1,-1,-1,-1
345,13211,245.84,205.82,32.53,92.42,1,-1,-1,-1
345,13213,162.00,156.00,68.00,206.00,1,-1,-1,-1
346,13174,396.91,169.88,56.64,135.97,1,-1,-1,-1
346,13200,466.56,176.08,57.85,156.07,1,-1,-1,-1
346,13211,245.80,205.83,32.70,92.39,1,-1,-1,-1
346,13213,162.00,156.00,68.00,206.00,1,-1,-1,-1
347,13174,397.01,169.89,56.39,135.98,1,-1,-1,-1
347,13200,466.51,176.08,57.87,156.06,1,-1,-1,-1
347,13211,245.79,205.84,32.85,92.36,1,-1,-1,-1
347,13213,162.00,156.00,68.00,206.00,1,-1,-1,-1
348,13174,397.10,169.89,56.17,135.99,1,-1,-1,-1
348,13200,466.46,176.08,57.88,156.06,1,-1,-1,-1
348,13211,245.80,205.86,32.98,92.33,1,-1,-1,-1
348,13213,162.00,156.00,68.00,206.00,1,-1,-1,-1
349,13174,397.19,169.90,55.96,135.99,1,-1,-1,-1
349,13200,466.42,176.07,57.89,156.05,1,-1,-1,-1
349,13211,245.81,205.87,33.09,92.30,1,-1,-1,-1
349,13213,162.00,156.00,68.00,206.00,1,-1,-1,-1
350,13174,397.27,169.91,55.77,135.99,1,-1,-1,-1
350,13200,466.38,176.07,57.90,156.05,1,-1,-1,-1
350,13211,245.82,205.88,33.18,92.28,1,-1,-1,-1
350,13213,162.00,156.00,68.00,206.00,1,-1,-1,-1
351,13174,394.24,173.84,55.27,133.38,1,-1,-1,-1
351,13200,462.82,189.12,53.20,141.68,1,-1,-1,-1
351,13211,244.73,207.19,32.86,92.25,1,-1,-1,-1
351,13212,206.82,201.80,35.59,99.06,1,-1,-1,-1
351,13213,162.00,156.00,68.00,206.00,1,-1,-1,-1
351,13214,8.00,78.00,154.00,388.00,1,-1,-1,-1
352,13174,392.93,175.34,55.37,132.39,1,-1,-1,-1
352,13200,461.26,194.19,51.65,136.08,1,-1,-1,-1
352,13211,244.43,207.70,32.57,92.23,1,-1,-1,-1
352,13212,206.18,202.14,35.19,97.64,1,-1,-1,-1
352,13214,8.00,78.00,154.00,388.00,1,-1,-1,-1
353,13174,392.31,175.89,55.67,132.03,1,-1,-1,-1
353,13200,460.56,195.95,51.40,134.14,1,-1,-1,-1
353,13211,244.42,207.89,32.32,92.21,1,-1,-1,-1
353,13212,205.92,202.29,35.09,97.10,1,-1,-1,-1
353,13214,8.00,78.00,154.00,388.00,1,-1,-1,-1
354,13174,391.96,176.09,56.03,131.90,1,-1,-1,-1
354,13200,460.18,196.54,51.59,133.48,1,-1,-1,-1
354,13211,244.51,207.96,32.09,92.19,1,-1,-1,-1
354,13212,205.84,202.32,35.12,96.99,1,-1,-1,-1
354,13214,8.00,78.00,154.00,388.00,1,-1,-1,-1
