1,2306,365.43,117.29,41.41,140.26,1,-1,-1,-1
1,2311,413.26,112.81,49.37,153.11,1,-1,-1,-1
1,2313,167.18,100.69,58.28,173.80,1,-1,-1,-1
1,2314,322.81,112.87,42.73,139.87,1,-1,-1,-1
1,2319,1358.00,426.00,174.00,340.00,1,-1,-1,-1
2,2319,1358.00,426.00,174.00,340.00,1,-1,-1,-1
3,2319,1358.00,426.00,174.00,340.00,1,-1,-1,-1
4,2319,1358.00,426.00,174.00,340.00,1,-1,-1,-1
5,2319,1358.00,426.00,174.00,340.00,1,-1,-1,-1
6,2319,1358.00,426.00,174.00,340.00,1,-1,-1,-1
7,2319,1373.22,419.06,183.80,364.97,1,-1,-1,-1
8,2319,1379.68,416.61,185.09,373.80,1,-1,-1,-1
9,2319,1383.07,415.72,183.47,377.00,1,-1,-1,-1
10,2319,1385.22,415.44,180.80,378.01,1,-1,-1,-1
11,2319,1386.87,415.39,177.81,378.20,1,-1,-1,-1
12,2319,1388.30,415.41,174.81,378.12,1,-1,-1,-1
13,2319,1444.93,425.95,163.59,358.27,1,-1,-1,-1
14,2319,1467.16,430.07,158.12,350.43,1,-1,-1,-1
15,2319,1475.56,431.56,155.07,347.54,1,-1,-1,-1
16,2319,1478.86,432.09,152.97,346.47,1,-1,-1,-1
17,2319,1480.24,432.27,151.30,346.08,1,-1,-1,-1
18,2319,1480.89,432.31,149.86,345.94,1,-1,-1,-1
19,2319,1501.25,436.25,153.32,349.84,1,-1,-1,-1
20,2319,1508.22,437.71,155.59,351.31,1,-1,-1,-1
21,2319,1510.15,438.24,157.32,351.86,1,-1,-1,-1
22,2319,1510.22,438.40,158.77,352.06,1,-1,-1,-1
23,2319,1509.64,438.44,160.04,352.13,1,-1,-1,-1
24,2319,1508.87,438.42,161.17,352.14,1,-1,-1,-1
25,2319,1514.53,439.13,161.29,352.40,1,-1,-1,-1
25,2320,1590.00,402.00,190.00,382.00,1,-1,-1,-1
26,2319,1579.04,410.69,173.27,375.26,1,-1,-1,-1
27,2319,1593.74,404.37,177.03,380.44,1,-1,-1,-1
28,2319,1598.67,402.05,179.13,382.33,1,-1,-1,-1
29,2319,1599.90,401.22,180.53,382.98,1,-1,-1,-1
30,2319,1599.76,400.97,181.59,383.16,1,-1,-1,-1
31,2319,1613.18,399.65,192.03,402.61,1,-1,-1,-1
32,2319,1617.76,399.17,196.61,409.89,1,-1,-1,-1
33,2319,1618.94,399.06,198.93,412.64,1,-1,-1,-1
34,2319,1618.84,399.07,200.29,413.58,1,-1,-1,-1
35,2319,1618.30,399.12,201.23,413.82,1,-1,-1,-1
36,2319,1617.64,399.19,201.96,413.81,1,-1,-1,-1
37,2319,1624.60,400.56,214.52,438.32,1,-1,-1,-1
37,2321,536.00,428.00,164.00,304.00,1,-1,-1,-1
38,2319,1626.98,401.08,219.56,447.49,1,-1,-1,-1
38,2321,536.00,428.00,164.00,304.00,1,-1,-1,-1
39,2319,1627.54,401.33,221.76,450.95,1,-1,-1,-1
39,2321,536.00,428.00,164.00,304.00,1,-1,-1,-1
40,2319,1627.42,401.45,222.79,452.14,1,-1,-1,-1
40,2321,536.00,428.00,164.00,304.00,1,-1,-1,-1
41,2319,1627.07,401.53,223.35,452.44,1,-1,-1,-1
41,2321,536.00,428.00,164.00,304.00,1,-1,-1,-1
42,2319,1626.66,401.58,223.71,452.42,1,-1,-1,-1
42,2321,536.00,428.00,164.00,304.00,1,-1,-1,-1
43,2319,1631.34,400.93,225.70,456.44,1,-1,-1,-1
43,2321,536.00,428.00,164.00,304.00,1,-1,-1,-1
61,2321,532.62,428.00,168.78,315.92,1,-1,-1,-1
62,2321,533.11,428.00,167.74,316.16,1,-1,-1,-1
63,2321,533.52,428.00,166.93,316.25,1,-1,-1,-1
64,2321,533.85,428.00,166.26,316.26,1,-1,-1,-1
65,2321,534.12,428.00,165.72,316.25,1,-1,-1,-1
66,2321,534.35,428.00,165.27,316.23,1,-1,-1,-1
67,2321,528.49,424.08,167.83,321.44,1,-1,-1,-1
68,2321,526.32,422.60,168.72,323.39,1,-1,-1,-1
69,2321,525.55,422.05,168.98,324.11,1,-1,-1,-1
70,2321,525.31,421.85,169.01,324.36,1,-1,-1,-1
71,2321,525.27,421.79,168.96,324.42,1,-1,-1,-1
72,2321,525.30,421.78,168.88,324.42,1,-1,-1,-1
73,2321,528.13,427.01,164.55,311.36,1,-1,-1,-1
74,2321,528.66,429.03,164.03,306.31,1,-1,-1,-1
75,2321,528.31,429.77,164.96,304.47,1,-1,-1,-1
76,2321,527.69,430.04,166.30,303.81,1,-1,-1,-1
77,2321,527.01,430.13,167.71,303.60,1,-1,-1,-1
78,2321,526.36,430.15,169.05,303.55,1,-1,-1,-1
79,2321,524.77,428.84,176.19,317.99,1,-1,-1,-1
80,2321,524.43,428.35,178.34,323.36,1,-1,-1,-1
81,2321,524.52,428.15,178.74,325.44,1,-1,-1,-1
82,2321,524.76,428.07,178.48,326.20,1,-1,-1,-1
83,2321,525.03,428.04,178.01,326.46,1,-1,-1,-1
84,2321,525.30,428.03,177.49,326.52,1,-1,-1,-1
85,2321,528.28,430.62,172.83,321.31,1,-1,-1,-1
86,2321,529.89,431.61,170.11,319.28,1,-1,-1,-1
87,2321,530.92,431.98,168.22,318.51,1,-1,-1,-1
88,2321,531.70,432.10,166.73,318.22,1,-1,-1,-1
89,2321,532.33,432.14,165.47,318.10,1,-1,-1,-1
90,2321,532.89,432.15,164.35,318.05,1,-1,-1,-1
91,2321,537.40,437.37,163.16,314.12,1,-1,-1,-1
92,2321,538.89,439.34,163.14,312.62,1,-1,-1,-1
93,2321,539.24,440.06,163.54,312.07,1,-1,-1,-1
94,2321,539.16,440.30,164.05,311.87,1,-1,-1,-1
95,2321,538.95,440.37,164.58,311.81,1,-1,-1,-1
96,2321,538.71,440.37,165.08,311.80,1,-1,-1,-1
97,2321,539.23,441.00,164.90,311.46,1,-1,-1,-1
109,2321,530.03,430.43,174.41,331.42,1,-1,-1,-1
110,2321,530.03,430.01,174.02,332.15,1,-1,-1,-1
111,2321,530.18,429.86,173.58,332.40,1,-1,-1,-1
112,2321,530.37,429.82,173.15,332.47,1,-1,-1,-1
113,2321,530.55,429.81,172.78,332.47,1,-1,-1,-1
114,2321,530.72,429.82,172.46,332.44,1,-1,-1,-1
115,2321,531.56,432.44,175.99,340.22,1,-1,-1,-1
116,2321,532.01,433.44,177.06,343.14,1,-1,-1,-1
117,2321,532.30,433.82,177.23,344.22,1,-1,-1,-1
118,2321,532.51,433.96,177.09,344.58,1,-1,-1,-1
119,2321,532.67,434.02,176.85,344.68,1,-1,-1,-1
120,2321,532.81,434.04,176.59,344.67,1,-1,-1,-1
121,2321,536.78,441.85,181.66,355.04,1,-1,-1,-1
122,2321,538.34,444.79,183.42,358.92,1,-1,-1,-1
123,2321,539.00,445.90,183.96,360.36,1,-1,-1,-1
124,2321,539.29,446.30,184.04,360.85,1,-1,-1,-1
125,2321,539.43,446.42,183.94,360.97,1,-1,-1,-1
126,2321,539.52,446.44,183.79,360.96,1,-1,-1,-1
127,2321,538.34,436.03,180.92,360.90,1,-1,-1,-1
128,2321,538.62,432.04,178.32,360.83,1,-1,-1,-1
129,2321,539.39,430.53,175.97,360.76,1,-1,-1,-1
130,2321,540.29,429.97,173.86,360.69,1,-1,-1,-1
131,2321,541.17,429.78,171.95,360.62,1,-1,-1,-1
132,2321,542.00,429.73,170.23,360.57,1,-1,-1,-1
133,2321,549.82,455.79,164.97,347.48,1,-1,-1,-1
134,2321,552.60,465.81,163.40,342.42,1,-1,-1,-1
135,2321,553.39,469.46,163.25,340.56,1,-1,-1,-1
136,2321,553.46,470.74,163.60,339.89,1,-1,-1,-1
137,2321,553.28,471.14,164.09,339.67,1,-1,-1,-1
138,2321,553.02,471.20,164.61,339.61,1,-1,-1,-1
139,2321,550.60,472.46,172.04,352.72,1,-1,-1,-1
140,2321,549.38,472.89,175.42,357.62,1,-1,-1,-1
141,2321,548.63,472.99,177.23,359.50,1,-1,-1,-1
142,2321,548.10,472.96,178.39,360.19,1,-1,-1,-1
143,2321,547.67,472.90,179.23,360.42,1,-1,-1,-1
144,2321,547.31,472.82,179.93,360.48,1,-1,-1,-1
145,2321,542.44,467.54,189.61,382.60,1,-1,-1,-1
146,2321,541.02,465.56,192.45,390.85,1,-1,-1,-1
147,2321,540.79,464.75,192.86,394.01,1,-1,-1,-1
148,2321,541.01,464.41,192.37,395.13,1,-1,-1,-1
149,2321,541.38,464.27,191.59,395.47,1,-1,-1,-1
150,2321,541.78,464.21,190.76,395.51,1,-1,-1,-1
151,2321,535.17,461.58,192.29,400.62,1,-1,-1,-1
152,2321,532.92,460.58,192.33,402.50,1,-1,-1,-1
153,2321,532.31,460.19,191.86,403.13,1,-1,-1,-1
154,2321,532.31,460.04,191.24,403.29,1,-1,-1,-1
155,2321,532.52,459.99,190.59,403.27,1,-1,-1,-1
156,2321,532.80,459.97,189.98,403.19,1,-1,-1,-1
157,2321,524.90,456.06,192.80,409.60,1,-1,-1,-1
158,2321,521.98,454.59,193.73,411.98,1,-1,-1,-1
159,2321,520.95,454.03,193.96,412.81,1,-1,-1,-1
160,2321,520.66,453.84,193.92,413.06,1,-1,-1,-1
161,2321,520.63,453.78,193.79,413.09,1,-1,-1,-1
162,2321,520.70,453.77,193.65,413.03,1,-1,-1,-1
163,2321,522.27,462.89,193.16,416.86,1,-1,-1,-1
164,2321,523.51,466.35,191.74,418.26,1,-1,-1,-1
165,2321,524.55,467.67,190.09,418.74,1,-1,-1,-1
166,2321,525.48,468.15,188.45,418.86,1,-1,-1,-1
167,2321,526.30,468.30,186.91,418.85,1,-1,-1,-1
168,2321,527.04,468.34,185.49,418.80,1,-1,-1,-1
169,2321,526.53,463.13,196.98,443.49,1,-1,-1,-1
169,2322,816.00,430.00,148.00,334.00,1,-1,-1,-1
170,2321,526.18,461.17,201.58,452.69,1,-1,-1,-1
170,2322,816.00,430.00,148.00,334.00,1,-1,-1,-1
171,2321,525.94,460.40,203.61,456.20,1,-1,-1,-1
171,2322,816.00,430.00,148.00,334.00,1,-1,-1,-1
172,2321,525.74,460.10,204.59,457.43,1,-1,-1,-1
172,2322,816.00,430.00,148.00,334.00,1,-1,-1,-1
173,2321,525.56,459.99,205.13,457.79,1,-1,-1,-1
173,2322,816.00,430.00,148.00,334.00,1,-1,-1,-1
174,2321,525.41,459.95,205.49,457.82,1,-1,-1,-1
174,2322,816.00,430.00,148.00,334.00,1,-1,-1,-1
175,2321,534.15,461.23,197.10,439.58,1,-1,-1,-1
175,2322,820.14,427.23,150.82,340.94,1,-1,-1,-1
176,2321,537.59,461.73,193.69,432.40,1,-1,-1,-1
176,2322,821.71,426.23,151.65,343.42,1,-1,-1,-1
177,2321,538.91,461.92,192.31,429.70,1,-1,-1,-1
177,2322,822.35,425.89,151.76,344.28,1,-1,-1,-1
178,2321,539.42,461.99,191.70,428.67,1,-1,-1,-1
178,2322,822.63,425.78,151.61,344.55,1,-1,-1,-1
179,2321,539.64,462.01,191.39,428.28,1,-1,-1,-1
179,2322,822.79,425.76,151.37,344.59,1,-1,-1,-1
180,2321,539.73,462.02,191.20,428.13,1,-1,-1,-1
180,2322,822.90,425.77,151.11,344.57,1,-1,-1,-1
181,2321,545.00,455.48,198.94,443.77,1,-1,-1,-1
181,2322,823.45,425.39,151.53,345.52,1,-1,-1,-1
182,2321,546.75,453.03,202.26,449.62,1,-1,-1,-1
183,2321,547.21,452.11,203.89,451.83,1,-1,-1,-1
184,2321,547.18,451.77,204.82,452.62,1,-1,-1,-1
185,2321,546.99,451.67,205.44,452.86,1,-1,-1,-1
186,2321,546.74,451.65,205.93,452.89,1,-1,-1,-1
187,2321,602.04,447.76,208.47,468.47,1,-1,-1,-1
188,2321,624.08,446.31,206.90,474.30,1,-1,-1,-1
189,2321,633.56,445.78,204.06,476.47,1,-1,-1,-1
190,2321,637.98,445.60,200.95,477.21,1,-1,-1,-1
191,2321,640.36,445.56,197.93,477.40,1,-1,-1,-1
192,2321,641.89,445.57,195.11,477.39,1,-1,-1,-1
193,2321,663.14,458.59,165.28,405.86,1,-1,-1,-1
193,2322,944.35,410.25,154.01,352.11,1,-1,-1,-1
194,2321,673.78,468.02,153.53,378.42,1,-1,-1,-1
194,2322,948.17,415.29,154.54,350.86,1,-1,-1,-1
195,2321,677.36,471.18,149.31,369.28,1,-1,-1,-1
195,2322,949.31,416.89,155.19,350.48,1,-1,-1,-1
196,2321,678.57,472.24,147.63,366.26,1,-1,-1,-1
196,2322,949.38,417.50,155.79,350.32,1,-1,-1,-1
197,2321,678.92,472.58,146.86,365.38,1,-1,-1,-1
197,2322,949.05,417.74,156.29,350.24,1,-1,-1,-1
198,2321,678.95,472.65,146.44,365.27,1,-1,-1,-1
198,2322,948.61,417.84,156.73,350.20,1,-1,-1,-1
199,2321,668.03,468.63,165.21,412.00,1,-1,-1,-1
199,2322,937.56,408.73,161.32,364.57,1,-1,-1,-1
200,2321,663.96,462.15,174.84,435.02,1,-1,-1,-1
200,2322,935.15,405.33,163.26,372.50,1,-1,-1,-1
201,2321,662.09,459.51,178.93,444.29,1,-1,-1,-1
201,2322,934.50,404.04,163.22,375.53,1,-1,-1,-1
202,2321,661.17,458.46,180.70,447.86,1,-1,-1,-1
202,2322,934.50,403.58,162.50,376.63,1,-1,-1,-1
203,2321,660.65,458.06,181.52,449.14,1,-1,-1,-1
203,2322,934.72,403.44,161.59,376.98,1,-1,-1,-1
204,2321,660.32,457.91,181.96,449.53,1,-1,-1,-1
204,2322,935.00,403.43,160.69,377.05,1,-1,-1,-1
205,2321,660.74,459.16,189.95,470.29,1,-1,-1,-1
205,2322,941.18,409.95,161.05,377.01,1,-1,-1,-1
206,2321,660.99,459.63,192.72,478.07,1,-1,-1,-1
206,2322,943.39,412.46,161.36,376.94,1,-1,-1,-1
207,2321,661.14,459.83,193.56,480.98,1,-1,-1,-1
207,2322,944.07,413.43,161.62,376.86,1,-1,-1,-1
208,2321,661.25,459.90,193.64,481.97,1,-1,-1,-1
208,2322,944.19,413.80,161.86,376.79,1,-1,-1,-1
209,2321,661.33,459.94,193.46,482.21,1,-1,-1,-1
209,2322,944.10,413.94,162.07,376.71,1,-1,-1,-1
210,2321,661.41,459.95,193.19,482.17,1,-1,-1,-1
210,2322,943.95,413.99,162.26,376.65,1,-1,-1,-1
211,2321,670.71,459.96,187.39,460.03,1,-1,-1,-1
211,2322,956.88,404.89,160.98,375.28,1,-1,-1,-1
212,2321,673.53,459.97,186.55,451.28,1,-1,-1,-1
212,2322,961.93,401.43,160.12,374.73,1,-1,-1,-1
213,2321,673.81,459.97,187.65,448.01,1,-1,-1,-1
213,2322,963.92,400.15,159.46,374.50,1,-1,-1,-1
214,2321,673.22,459.97,189.34,446.77,1,-1,-1,-1
214,2322,964.73,399.69,158.91,374.39,1,-1,-1,-1
215,2321,672.35,459.98,191.13,446.30,1,-1,-1,-1
215,2322,965.09,399.55,158.43,374.32,1,-1,-1,-1
216,2321,671.44,459.98,192.86,446.12,1,-1,-1,-1
216,2322,965.27,399.53,158.00,374.28,1,-1,-1,-1
217,2321,677.24,462.60,188.99,434.27,1,-1,-1,-1
217,2322,958.15,389.11,165.53,401.67,1,-1,-1,-1
217,2323,1066.00,378.00,144.00,404.00,1,-1,-1,-1
218,2321,679.07,463.60,188.15,429.76,1,-1,-1,-1
218,2322,956.67,385.24,165.99,411.82,1,-1,-1,-1
218,2323,1066.00,378.00,144.00,404.00,1,-1,-1,-1
219,2321,681.04,463.89,187.52,428.34,1,-1,-1,-1
219,2322,1023.61,386.33,162.85,408.07,1,-1,-1,-1
220,2322,1052.91,397.21,158.04,397.38,1,-1,-1,-1
221,2322,1064.06,401.44,155.87,393.18,1,-1,-1,-1
222,2322,1068.15,403.04,154.79,391.55,1,-1,-1,-1
223,2321,672.14,456.83,199.63,458.40,1,-1,-1,-1
223,2322,1078.50,404.95,153.24,392.21,1,-1,-1,-1
223,2324,804.00,424.00,142.00,466.00,1,-1,-1,-1
224,2321,671.61,456.15,200.01,461.28,1,-1,-1,-1
224,2322,1082.66,405.68,151.69,392.42,1,-1,-1,-1
224,2324,804.00,424.00,142.00,466.00,1,-1,-1,-1
225,2321,669.38,462.41,192.54,444.10,1,-1,-1,-1
225,2322,1084.22,407.25,146.71,385.95,1,-1,-1,-1
225,2324,813.94,427.00,140.13,460.00,1,-1,-1,-1
226,2321,668.51,464.83,189.64,437.45,1,-1,-1,-1
226,2322,1085.16,407.85,143.54,383.45,1,-1,-1,-1
226,2324,817.28,428.00,139.46,457.99,1,-1,-1,-1
227,2321,668.18,465.72,188.55,434.99,1,-1,-1,-1
227,2322,1085.89,408.06,141.19,382.51,1,-1,-1,-1
227,2324,818.21,428.27,139.23,457.45,1,-1,-1,-1
228,2321,668.06,466.04,188.14,434.09,1,-1,-1,-1
228,2322,1086.51,408.13,139.24,382.15,1,-1,-1,-1
228,2324,818.39,428.32,139.13,457.37,1,-1,-1,-1
229,2321,669.54,456.98,188.87,439.01,1,-1,-1,-1
229,2322,1084.40,396.37,144.14,396.41,1,-1,-1,-1
229,2324,813.71,418.56,148.36,486.61,1,-1,-1,-1
230,2321,670.46,453.57,188.43,440.88,1,-1,-1,-1
230,2322,1083.61,391.97,145.80,401.74,1,-1,-1,-1
230,2324,811.89,415.11,151.87,496.96,1,-1,-1,-1
231,2321,671.12,452.28,187.64,441.60,1,-1,-1,-1
231,2322,1083.22,390.29,146.29,403.77,1,-1,-1,-1
231,2324,811.04,413.84,153.38,500.72,1,-1,-1,-1
232,2321,671.65,451.82,186.77,441.88,1,-1,-1,-1
232,2322,1083.01,389.69,146.32,404.49,1,-1,-1,-1
232,2324,810.58,413.42,154.11,501.94,1,-1,-1,-1
233,2321,672.10,451.67,185.93,441.98,1,-1,-1,-1
233,2322,1082.88,389.49,146.20,404.72,1,-1,-1,-1
233,2324,810.29,413.33,154.54,502.21,1,-1,-1,-1
234,2321,672.49,451.64,185.16,442.01,1,-1,-1,-1
234,2322,1082.78,389.45,146.03,404.76,1,-1,-1,-1
234,2324,810.06,413.34,154.85,502.14,1,-1,-1,-1
235,2321,672.60,450.98,185.18,442.08,1,-1,-1,-1
235,2322,1098.43,403.78,149.52,408.63,1,-1,-1,-1
235,2324,803.94,418.65,159.11,503.29,1,-1,-1,-1
236,2322,1103.74,409.24,151.94,410.06,1,-1,-1,-1
236,2324,800.51,420.69,162.89,503.60,1,-1,-1,-1
237,2322,1105.14,411.31,153.85,410.56,1,-1,-1,-1
237,2324,798.20,421.48,166.33,503.61,1,-1,-1,-1
238,2322,1105.10,412.08,155.46,410.70,1,-1,-1,-1
238,2324,796.39,421.79,169.49,503.51,1,-1,-1,-1
239,2322,1104.55,412.34,156.88,410.71,1,-1,-1,-1
239,2324,794.85,421.90,172.40,503.38,1,-1,-1,-1
240,2322,1103.86,412.41,158.14,410.67,1,-1,-1,-1
240,2324,793.47,421.95,175.08,503.25,1,-1,-1,-1
241,2322,1109.30,435.86,149.59,383.26,1,-1,-1,-1
241,2324,786.54,416.74,188.92,530.57,1,-1,-1,-1
242,2322,1110.77,444.90,147.19,372.58,1,-1,-1,-1
242,2324,782.70,414.80,196.59,540.75,1,-1,-1,-1
243,2322,1110.75,448.09,147.27,368.77,1,-1,-1,-1
243,2324,780.14,414.05,201.71,544.58,1,-1,-1,-1
244,2322,1110.23,449.16,148.17,367.43,1,-1,-1,-1
244,2324,778.19,413.79,205.60,545.91,1,-1,-1,-1
245,2322,1109.56,449.46,149.29,367.02,1,-1,-1,-1
245,2324,776.58,413.71,208.84,546.26,1,-1,-1,-1
246,2322,1108.88,449.46,150.43,366.94,1,-1,-1,-1
246,2324,775.16,413.69,211.66,546.26,1,-1,-1,-1
247,2322,1111.08,452.02,149.63,365.00,1,-1,-1,-1
247,2324,792.69,424.09,199.98,509.79,1,-1,-1,-1
247,2325,1208.00,408.00,146.00,394.00,1,-1,-1,-1
248,2322,1181.58,418.42,157.11,387.08,1,-1,-1,-1
248,2324,798.98,428.17,196.48,495.38,1,-1,-1,-1
249,2321,903.21,416.49,188.74,465.57,1,-1,-1,-1
249,2322,1209.03,432.31,151.27,373.34,1,-1,-1,-1
249,2324,805.13,432.29,187.44,472.89,1,-1,-1,-1
250,2321,916.97,420.91,184.63,464.92,1,-1,-1,-1
250,2322,1219.87,432.26,151.36,373.46,1,-1,-1,-1
250,2324,809.51,436.47,181.11,456.53,1,-1,-1,-1
251,2321,922.39,425.01,176.70,450.35,1,-1,-1,-1
251,2322,1226.55,437.48,150.79,366.97,1,-1,-1,-1
251,2324,811.91,440.64,177.11,445.31,1,-1,-1,-1
252,2321,926.38,425.31,176.78,450.05,1,-1,-1,-1
252,2322,1228.30,434.16,156.65,371.14,1,-1,-1,-1
252,2324,806.03,434.07,182.37,457.45,1,-1,-1,-1
253,2321,925.29,425.44,176.15,452.56,1,-1,-1,-1
253,2322,1228.79,442.06,158.68,364.88,1,-1,-1,-1
253,2324,809.18,434.30,181.56,455.37,1,-1,-1,-1
254,2321,924.14,426.82,178.07,458.74,1,-1,-1,-1
254,2322,1232.44,449.00,159.68,359.89,1,-1,-1,-1
254,2324,810.13,433.03,183.01,461.31,1,-1,-1,-1
255,2321,925.93,426.07,177.70,464.98,1,-1,-1,-1
255,2322,1228.94,446.28,163.96,362.03,1,-1,-1,-1
255,2324,811.25,436.47,181.95,463.61,1,-1,-1,-1
256,2321,927.62,428.40,185.41,493.30,1,-1,-1,-1
256,2322,1237.13,457.02,160.53,353.69,1,-1,-1,-1
256,2324,806.73,435.13,190.06,492.09,1,-1,-1,-1
257,2321,928.97,429.28,186.68,503.95,1,-1,-1,-1
257,2322,1239.85,461.05,159.42,350.58,1,-1,-1,-1
257,2324,805.92,434.62,191.31,502.68,1,-1,-1,-1
258,2321,934.51,433.50,184.28,500.34,1,-1,-1,-1
258,2322,1247.40,451.92,166.59,362.68,1,-1,-1,-1
258,2324,803.48,439.56,192.12,510.67,1,-1,-1,-1
259,2321,936.30,439.04,183.54,503.95,1,-1,-1,-1
259,2322,1252.65,456.30,167.98,361.99,1,-1,-1,-1
259,2324,804.63,440.16,193.36,521.43,1,-1,-1,-1
260,2321,935.02,429.51,189.40,522.03,1,-1,-1,-1
260,2322,1259.82,457.84,167.65,361.27,1,-1,-1,-1
260,2324,804.67,441.02,194.52,524.58,1,-1,-1,-1
261,2321,936.41,423.33,191.45,526.27,1,-1,-1,-1
262,2321,936.64,420.92,192.45,527.77,1,-1,-1,-1
263,2321,936.45,420.01,193.02,528.20,1,-1,-1,-1
264,2321,936.13,419.69,193.39,528.23,1,-1,-1,-1
265,2321,935.33,426.07,195.88,534.59,1,-1,-1,-1
266,2321,934.88,428.52,196.88,536.91,1,-1,-1,-1
267,2321,934.56,429.47,197.29,537.68,1,-1,-1,-1
268,2321,934.30,429.84,197.48,537.86,1,-1,-1,-1
269,2321,934.08,429.97,197.57,537.81,1,-1,-1,-1
270,2321,933.89,430.02,197.62,537.69,1,-1,-1,-1
271,2321,935.50,417.04,199.28,542.76,1,-1,-1,-1
271,2322,1365.02,466.23,160.62,350.09,1,-1,-1,-1
271,2324,789.22,421.00,189.26,521.29,1,-1,-1,-1
272,2321,936.11,412.11,199.78,544.60,1,-1,-1,-1
272,2322,1368.85,466.39,159.11,349.75,1,-1,-1,-1
272,2324,789.99,420.06,186.07,520.69,1,-1,-1,-1
273,2321,936.31,410.26,199.85,545.21,1,-1,-1,-1
273,2322,1370.55,466.46,158.01,349.62,1,-1,-1,-1
273,2324,790.87,419.75,183.74,520.54,1,-1,-1,-1
274,2321,936.37,409.59,199.75,545.36,1,-1,-1,-1
274,2322,1371.19,466.46,157.18,349.59,1,-1,-1,-1
274,2324,791.70,419.65,181.91,520.46,1,-1,-1,-1
275,2321,936.38,409.38,199.61,545.33,1,-1,-1,-1
275,2322,1371.36,466.44,156.51,349.61,1,-1,-1,-1
275,2324,792.44,419.64,180.42,520.41,1,-1,-1,-1
276,2321,936.36,409.35,199.46,545.24,1,-1,-1,-1
276,2322,1371.35,466.40,155.97,349.64,1,-1,-1,-1
276,2324,793.08,419.66,179.18,520.36,1,-1,-1,-1
277,2321,940.54,411.97,192.21,517.80,1,-1,-1,-1
277,2322,1376.95,467.05,155.71,349.05,1,-1,-1,-1
277,2324,794.40,423.61,175.29,511.16,1,-1,-1,-1
277,2326,1478.00,444.00,170.00,336.00,1,-1,-1,-1
278,2321,941.42,413.05,190.71,507.11,1,-1,-1,-1
278,2322,1462.80,449.39,153.63,338.84,1,-1,-1,-1
278,2324,795.09,425.14,173.47,507.64,1,-1,-1,-1
279,2321,943.58,424.05,185.07,488.66,1,-1,-1,-1
279,2322,1471.02,448.13,159.40,348.65,1,-1,-1,-1
279,2324,803.31,434.92,167.43,493.19,1,-1,-1,-1
280,2321,943.98,428.18,183.65,481.83,1,-1,-1,-1
280,2322,1473.56,447.69,162.07,352.00,1,-1,-1,-1
280,2324,806.69,438.61,164.63,487.75,1,-1,-1,-1
281,2321,943.76,429.68,183.78,479.43,1,-1,-1,-1
281,2322,1473.85,447.55,163.65,353.28,1,-1,-1,-1
281,2324,808.16,439.94,163.15,485.81,1,-1,-1,-1
282,2321,943.35,430.20,184.42,478.65,1,-1,-1,-1
282,2322,1473.34,447.53,164.73,353.77,1,-1,-1,-1
282,2324,808.91,440.40,162.19,485.16,1,-1,-1,-1
283,2321,939.14,426.41,188.76,486.39,1,-1,-1,-1
283,2322,1457.12,427.99,180.86,391.79,1,-1,-1,-1
283,2324,816.63,443.17,164.04,487.62,1,-1,-1,-1
284,2321,937.16,424.98,191.14,489.35,1,-1,-1,-1
284,2322,1451.64,420.79,185.89,405.78,1,-1,-1,-1
284,2324,819.24,444.17,165.28,488.60,1,-1,-1,-1
285,2321,936.05,424.42,192.72,490.55,1,-1,-1,-1
285,2322,1449.49,417.97,187.13,411.31,1,-1,-1,-1
285,2324,819.94,444.50,166.24,489.03,1,-1,-1,-1
286,2321,935.31,424.20,193.93,491.05,1,-1,-1,-1
286,2322,1448.74,416.96,186.91,413.35,1,-1,-1,-1
286,2324,819.95,444.59,167.03,489.24,1,-1,-1,-1
287,2321,934.74,424.11,194.94,491.28,1,-1,-1,-1
287,2322,1448.57,416.65,186.18,414.00,1,-1,-1,-1
287,2324,819.71,444.58,167.73,489.36,1,-1,-1,-1
288,2321,934.27,424.07,195.82,491.40,1,-1,-1,-1
288,2322,1448.62,416.61,185.32,414.13,1,-1,-1,-1
288,2324,819.41,444.54,168.34,489.43,1,-1,-1,-1
289,2321,932.56,425.36,195.27,491.48,1,-1,-1,-1
289,2322,1469.75,412.80,186.33,417.93,1,-1,-1,-1
289,2324,816.79,445.81,174.83,503.89,1,-1,-1,-1
290,2321,928.64,427.16,196.37,500.69,1,-1,-1,-1
290,2322,1482.66,421.72,181.93,407.69,1,-1,-1,-1
290,2324,816.24,443.67,181.52,522.25,1,-1,-1,-1
291,2321,935.03,429.12,195.32,497.68,1,-1,-1,-1
291,2322,1489.34,414.83,186.80,412.70,1,-1,-1,-1
291,2324,817.00,444.33,182.25,524.36,1,-1,-1,-1
292,2321,937.46,429.87,194.99,496.52,1,-1,-1,-1
292,2322,1491.00,412.29,190.01,414.52,1,-1,-1,-1
293,2321,938.34,430.13,194.93,496.09,1,-1,-1,-1
293,2322,1490.82,411.38,192.44,415.13,1,-1,-1,-1
294,2321,938.62,430.22,194.96,495.94,1,-1,-1,-1
294,2322,1490.01,411.10,194.45,415.28,1,-1,-1,-1
295,2321,929.31,428.93,202.03,519.40,1,-1,-1,-1
295,2322,1499.43,434.43,183.17,389.28,1,-1,-1,-1
296,2321,926.44,428.44,203.44,528.15,1,-1,-1,-1
296,2322,1502.60,443.60,179.13,379.05,1,-1,-1,-1
297,2321,925.86,428.24,202.92,531.51,1,-1,-1,-1
297,2322,1503.40,446.91,178.08,375.34,1,-1,-1,-1
298,2321,926.13,428.15,201.74,532.72,1,-1,-1,-1
298,2322,1503.36,448.10,178.08,374.01,1,-1,-1,-1
299,2321,926.69,428.11,200.40,533.11,1,-1,-1,-1
299,2322,1503.02,448.50,178.43,373.55,1,-1,-1,-1
300,2321,927.32,428.09,199.08,533.18,1,-1,-1,-1
300,2322,1502.60,448.61,178.88,373.42,1,-1,-1,-1
301,2321,931.17,433.28,197.87,525.34,1,-1,-1,-1
301,2322,1506.21,449.76,178.34,372.30,1,-1,-1,-1
301,2327,1586.00,418.00,224.00,438.00,1,-1,-1,-1
302,2321,932.23,435.25,198.25,522.28,1,-1,-1,-1
302,2322,1573.61,425.42,204.02,422.94,1,-1,-1,-1
303,2321,932.18,435.98,197.98,525.01,1,-1,-1,-1
303,2322,1592.63,411.30,211.08,432.61,1,-1,-1,-1
304,2321,932.51,436.24,197.17,526.01,1,-1,-1,-1
304,2322,1599.15,405.81,215.02,436.28,1,-1,-1,-1
305,2321,932.95,436.31,196.22,526.36,1,-1,-1,-1
305,2322,1600.82,403.75,217.58,437.57,1,-1,-1,-1
306,2321,933.41,436.32,195.29,526.46,1,-1,-1,-1
306,2322,1600.66,403.03,219.48,437.95,1,-1,-1,-1
307,2321,937.05,435.00,197.12,535.60,1,-1,-1,-1
307,2322,1606.42,398.95,233.78,474.14,1,-1,-1,-1
308,2321,938.84,434.49,196.97,539.02,1,-1,-1,-1
308,2322,1609.66,397.43,236.91,487.67,1,-1,-1,-1
309,2321,939.89,434.28,196.15,540.28,1,-1,-1,-1
309,2322,1611.56,396.91,236.23,492.89,1,-1,-1,-1
310,2321,940.62,434.19,195.14,540.70,1,-1,-1,-1
310,2322,1612.87,396.79,234.21,494.73,1,-1,-1,-1
311,2321,941.20,434.15,194.13,540.81,1,-1,-1,-1
311,2322,1613.90,396.81,231.84,495.24,1,-1,-1,-1
312,2321,941.68,434.12,193.17,540.80,1,-1,-1,-1
312,2322,1614.76,396.88,229.49,495.25,1,-1,-1,-1
313,2321,939.45,445.83,187.20,531.64,1,-1,-1,-1
313,2322,1634.91,409.85,212.99,465.43,1,-1,-1,-1
313,2324,1056.77,501.58,182.20,476.93,1,-1,-1,-1
314,2321,939.28,450.29,183.52,528.09,1,-1,-1,-1
314,2322,1643.10,415.02,205.18,453.48,1,-1,-1,-1
314,2324,1056.14,502.54,191.99,475.77,1,-1,-1,-1
315,2321,939.85,451.92,180.87,526.75,1,-1,-1,-1
315,2322,1646.53,416.94,201.06,449.03,1,-1,-1,-1
315,2324,1054.43,502.94,198.86,475.35,1,-1,-1,-1
316,2321,940.65,452.49,178.71,526.24,1,-1,-1,-1
316,2322,1648.16,417.65,198.41,447.34,1,-1,-1,-1
316,2324,1052.21,503.01,203.97,475.25,1,-1,-1,-1
317,2321,941.48,452.66,176.86,526.05,1,-1,-1,-1
317,2322,1649.07,417.92,196.41,446.68,1,-1,-1,-1
317,2324,1050.01,502.96,207.95,475.27,1,-1,-1,-1
318,2321,942.28,452.68,175.22,525.98,1,-1,-1,-1
318,2322,1649.67,418.01,194.75,446.41,1,-1,-1,-1
318,2324,1048.06,502.87,211.13,475.33,1,-1,-1,-1
319,2321,942.08,453.87,175.17,525.88,1,-1,-1,-1
319,2322,1654.57,418.13,194.94,446.84,1,-1,-1,-1
319,2324,1057.33,452.50,219.62,509.81,1,-1,-1,-1
320,2324,1062.42,433.98,219.26,522.48,1,-1,-1,-1
321,2324,1065.54,426.84,216.34,527.37,1,-1,-1,-1
322,2324,1067.73,424.27,212.79,529.13,1,-1,-1,-1
323,2324,1069.42,423.48,209.31,529.68,1,-1,-1,-1
324,2324,1070.83,423.34,206.11,529.78,1,-1,-1,-1
325,2324,1078.76,459.86,202.77,507.60,1,-1,-1,-1
325,2328,92.00,398.00,186.00,428.00,1,-1,-1,-1
326,2324,1080.40,474.16,203.89,498.91,1,-1,-1,-1
326,2328,92.00,398.00,186.00,428.00,1,-1,-1,-1
327,2324,1079.71,479.46,206.62,495.67,1,-1,-1,-1
327,2328,92.00,398.00,186.00,428.00,1,-1,-1,-1
328,2324,1078.27,481.42,209.72,494.47,1,-1,-1,-1
328,2328,92.00,398.00,186.00,428.00,1,-1,-1,-1
329,2324,1076.67,482.13,212.74,494.03,1,-1,-1,-1
329,2328,92.00,398.00,186.00,428.00,1,-1,-1,-1
330,2324,1075.11,482.37,215.55,493.87,1,-1,-1,-1
330,2328,92.00,398.00,186.00,428.00,1,-1,-1,-1
331,2324,1069.22,450.98,229.62,527.90,1,-1,-1,-1
331,2328,110.54,388.29,191.93,439.10,1,-1,-1,-1
332,2324,1067.24,439.36,234.38,540.49,1,-1,-1,-1
332,2328,116.77,384.82,194.81,443.06,1,-1,-1,-1
333,2324,1066.55,434.84,235.84,545.36,1,-1,-1,-1
333,2328,118.58,383.61,196.58,444.45,1,-1,-1,-1
334,2324,1066.39,433.19,236.02,547.13,1,-1,-1,-1
334,2328,118.74,383.23,197.92,444.88,1,-1,-1,-1
335,2324,1066.43,432.65,235.73,547.69,1,-1,-1,-1
335,2328,118.31,383.17,199.06,444.95,1,-1,-1,-1
336,2324,1066.54,432.54,235.29,547.79,1,-1,-1,-1
336,2328,117.70,383.20,200.12,444.91,1,-1,-1,-1
337,2324,1069.96,423.50,234.73,549.03,1,-1,-1,-1
337,2328,187.35,412.30,189.84,407.88,1,-1,-1,-1
338,2324,1071.51,420.13,233.91,549.40,1,-1,-1,-1
338,2328,212.51,423.63,188.93,393.49,1,-1,-1,-1
339,2324,1072.32,418.94,233.04,549.46,1,-1,-1,-1
339,2328,219.46,427.56,191.87,388.49,1,-1,-1,-1
340,2324,1072.81,418.59,232.21,549.39,1,-1,-1,-1
340,2328,220.09,428.88,195.99,386.81,1,-1,-1,-1
341,2324,1073.18,418.54,231.44,549.29,1,-1,-1,-1
341,2328,218.54,429.26,200.32,386.34,1,-1,-1,-1
342,2324,1073.47,418.61,230.73,549.18,1,-1,-1,-1
342,2328,216.33,429.31,204.50,386.29,1,-1,-1,-1
343,2324,1079.20,440.86,225.64,529.54,1,-1,-1,-1
343,2328,237.83,405.39,213.80,407.58,1,-1,-1,-1
344,2324,1080.58,449.50,225.21,521.91,1,-1,-1,-1
344,2328,246.18,396.57,216.08,415.45,1,-1,-1,-1
345,2324,1080.31,452.69,226.53,519.09,1,-1,-1,-1
345,2328,249.54,393.16,215.98,418.52,1,-1,-1,-1
346,2324,1079.49,453.87,228.36,518.06,1,-1,-1,-1
346,2328,250.95,391.89,215.03,419.69,1,-1,-1,-1
347,2324,1078.53,454.28,230.27,517.71,1,-1,-1,-1
347,2328,251.61,391.46,213.83,420.12,1,-1,-1,-1
348,2324,1077.57,454.40,232.10,517.60,1,-1,-1,-1
348,2328,251.97,391.34,212.61,420.26,1,-1,-1,-1
349,2324,1074.70,453.11,228.56,508.42,1,-1,-1,-1
349,2328,258.87,390.09,212.91,420.85,1,-1,-1,-1
350,2324,1073.42,452.59,227.53,504.97,1,-1,-1,-1
351,2324,1072.78,452.38,227.44,503.73,1,-1,-1,-1
352,2324,1072.39,452.28,227.68,503.32,1,-1,-1,-1
353,2324,1072.12,452.23,228.02,503.22,1,-1,-1,-1
354,2324,1071.90,452.20,228.38,503.23,1,-1,-1,-1
355,2324,1072.96,452.18,220.97,486.25,1,-1,-1,-1
355,2329,920.00,458.00,180.00,482.00,1,-1,-1,-1
356,2324,1073.27,452.15,218.33,479.84,1,-1,-1,-1
356,2329,920.00,458.00,180.00,482.00,1,-1,-1,-1
357,2324,1073.30,452.14,217.54,477.57,1,-1,-1,-1
357,2329,920.00,458.00,180.00,482.00,1,-1,-1,-1
358,2324,1073.23,452.12,217.41,476.82,1,-1,-1,-1
358,2329,920.00,458.00,180.00,482.00,1,-1,-1,-1
359,2324,1073.13,452.11,217.53,476.63,1,-1,-1,-1
359,2329,920.00,458.00,180.00,482.00,1,-1,-1,-1
360,2324,1073.03,452.10,217.72,476.65,1,-1,-1,-1
360,2329,920.00,458.00,180.00,482.00,1,-1,-1,-1
361,2324,1070.46,446.84,224.19,495.13,1,-1,-1,-1
361,2328,361.31,381.83,202.72,402.65,1,-1,-1,-1
361,2329,923.17,458.00,180.60,484.77,1,-1,-1,-1
362,2324,1070.04,444.88,225.52,502.04,1,-1,-1,-1
362,2328,364.38,381.69,201.66,401.95,1,-1,-1,-1
362,2329,924.45,458.00,180.52,485.77,1,-1,-1,-1
363,2324,1070.36,444.13,225.08,504.72,1,-1,-1,-1
363,2328,365.74,381.62,201.00,401.70,1,-1,-1,-1
363,2329,925.05,458.00,180.19,486.11,1,-1,-1,-1
364,2324,1070.92,443.86,224.05,505.74,1,-1,-1,-1
364,2328,366.15,381.61,200.54,401.64,1,-1,-1,-1
364,2329,925.38,458.00,179.77,486.22,1,-1,-1,-1
365,2324,1071.53,443.78,222.87,506.11,1,-1,-1,-1
365,2328,366.17,381.64,200.19,401.64,1,-1,-1,-1
365,2329,925.62,458.00,179.34,486.23,1,-1,-1,-1
366,2324,1072.12,443.76,221.70,506.23,1,-1,-1,-1
366,2328,366.04,381.67,199.92,401.66,1,-1,-1,-1
366,2329,925.82,458.00,178.92,486.22,1,-1,-1,-1
367,2324,1065.32,432.04,223.59,516.68,1,-1,-1,-1
367,2328,392.85,407.94,189.05,382.01,1,-1,-1,-1
367,2329,932.56,451.38,181.28,496.79,1,-1,-1,-1
368,2324,1063.49,427.64,222.83,520.61,1,-1,-1,-1
368,2328,403.08,418.02,184.44,374.52,1,-1,-1,-1
368,2329,935.50,448.92,181.26,500.72,1,-1,-1,-1
369,2324,1063.46,425.99,221.23,522.08,1,-1,-1,-1
369,2328,406.81,421.63,182.35,371.87,1,-1,-1,-1
369,2329,937.00,448.00,180.42,502.16,1,-1,-1,-1
370,2324,1064.07,425.41,219.43,522.59,1,-1,-1,-1
370,2328,408.16,422.86,181.24,370.98,1,-1,-1,-1
370,2329,937.90,447.69,179.33,502.65,1,-1,-1,-1
371,2324,1064.86,425.24,217.66,522.73,1,-1,-1,-1
371,2328,408.61,423.23,180.53,370.74,1,-1,-1,-1
371,2329,938.55,447.60,178.21,502.78,1,-1,-1,-1
372,2324,1065.67,425.23,216.01,522.74,1,-1,-1,-1
372,2328,408.72,423.28,180.01,370.74,1,-1,-1,-1
372,2329,939.08,447.59,177.13,502.78,1,-1,-1,-1
373,2324,1064.84,423.90,216.53,524.00,1,-1,-1,-1
373,2328,413.84,425.55,178.94,368.55,1,-1,-1,-1
373,2329,943.24,445.00,171.34,485.74,1,-1,-1,-1
373,2330,118.00,444.00,190.00,376.00,1,-1,-1,-1
374,2329,944.74,444.04,169.21,479.16,1,-1,-1,-1
374,2330,118.00,444.00,190.00,376.00,1,-1,-1,-1
375,2329,945.20,443.71,168.53,476.74,1,-1,-1,-1
375,2330,118.00,444.00,190.00,376.00,1,-1,-1,-1
376,2329,945.29,443.62,168.39,475.87,1,-1,-1,-1
376,2330,118.00,444.00,190.00,376.00,1,-1,-1,-1
377,2329,945.25,443.61,168.43,475.58,1,-1,-1,-1
377,2330,118.00,444.00,190.00,376.00,1,-1,-1,-1
378,2329,945.16,443.63,168.54,475.50,1,-1,-1,-1
378,2330,118.00,444.00,190.00,376.00,1,-1,-1,-1
379,2329,946.02,443.01,168.21,474.58,1,-1,-1,-1
379,2330,126.47,453.71,186.94,366.29,1,-1,-1,-1
380,2330,128.93,457.22,187.03,362.78,1,-1,-1,-1
381,2330,129.13,458.40,188.31,361.60,1,-1,-1,-1
382,2330,128.54,458.75,189.99,361.25,1,-1,-1,-1
383,2330,127.69,458.80,191.78,361.20,1,-1,-1,-1
384,2330,126.78,458.76,193.54,361.24,1,-1,-1,-1
385,2330,128.05,460.06,192.84,359.94,1,-1,-1,-1
397,2324,1051.41,441.62,227.10,530.19,1,-1,-1,-1
398,2324,1047.25,442.08,231.07,534.33,1,-1,-1,-1
398,2331,130.00,412.00,152.00,372.00,1,-1,-1,-1
399,2324,1045.54,442.24,233.12,535.64,1,-1,-1,-1
399,2331,130.00,412.00,152.00,372.00,1,-1,-1,-1
400,2324,1044.65,442.28,234.41,536.11,1,-1,-1,-1
400,2331,130.00,412.00,152.00,372.00,1,-1,-1,-1
401,2324,1044.14,442.28,235.30,536.26,1,-1,-1,-1
401,2331,130.00,412.00,152.00,372.00,1,-1,-1,-1
402,2324,1043.79,442.26,235.97,536.30,1,-1,-1,-1
402,2331,130.00,412.00,152.00,372.00,1,-1,-1,-1
403,2324,1046.87,443.55,231.14,521.85,1,-1,-1,-1
403,2331,130.00,412.00,152.00,372.00,1,-1,-1,-1
404,2324,1047.74,444.02,229.94,516.33,1,-1,-1,-1
405,2324,1047.77,444.18,230.10,514.32,1,-1,-1,-1
406,2324,1047.53,444.22,230.68,513.61,1,-1,-1,-1
407,2324,1047.22,444.22,231.36,513.39,1,-1,-1,-1
408,2324,1046.90,444.21,232.02,513.36,1,-1,-1,-1
409,2324,1045.08,442.88,235.69,516.01,1,-1,-1,-1
410,2324,1043.75,442.37,238.35,517.04,1,-1,-1,-1
411,2324,1042.70,442.17,240.48,517.46,1,-1,-1,-1
412,2324,1041.80,442.09,242.29,517.63,1,-1,-1,-1
413,2324,1041.01,442.06,243.87,517.72,1,-1,-1,-1
414,2324,1040.32,442.04,245.28,517.76,1,-1,-1,-1
415,2324,1038.29,438.11,245.42,516.49,1,-1,-1,-1
416,2324,1037.33,436.62,245.86,516.01,1,-1,-1,-1
417,2324,1036.80,436.07,246.39,515.85,1,-1,-1,-1
418,2324,1036.44,435.88,246.90,515.80,1,-1,-1,-1
419,2324,1036.17,435.82,247.39,515.80,1,-1,-1,-1
420,2324,1035.95,435.81,247.84,515.81,1,-1,-1,-1
421,2324,1035.80,435.46,247.69,515.49,1,-1,-1,-1
439,2324,1031.32,400.34,207.84,442.79,1,-1,-1,-1
440,2324,1032.83,399.63,203.83,441.27,1,-1,-1,-1
441,2324,1033.94,399.35,201.21,440.68,1,-1,-1,-1
442,2324,1034.81,399.29,199.40,440.56,1,-1,-1,-1
443,2324,1035.51,399.33,198.05,440.63,1,-1,-1,-1
444,2324,1036.08,399.39,196.99,440.75,1,-1,-1,-1
445,2324,1035.83,398.37,196.07,438.68,1,-1,-1,-1
445,2332,1212.00,412.00,198.00,386.00,1,-1,-1,-1
445,2333,810.00,382.00,526.00,624.00,1,-1,-1,-1
446,2332,1212.00,412.00,198.00,386.00,1,-1,-1,-1
446,2333,810.00,382.00,526.00,624.00,1,-1,-1,-1
447,2332,1212.00,412.00,198.00,386.00,1,-1,-1,-1
447,2333,810.00,382.00,526.00,624.00,1,-1,-1,-1
448,2332,1212.00,412.00,198.00,386.00,1,-1,-1,-1
448,2333,810.00,382.00,526.00,624.00,1,-1,-1,-1
449,2332,1212.00,412.00,198.00,386.00,1,-1,-1,-1
449,2333,810.00,382.00,526.00,624.00,1,-1,-1,-1
450,2332,1212.00,412.00,198.00,386.00,1,-1,-1,-1
450,2333,810.00,382.00,526.00,624.00,1,-1,-1,-1
451,2332,1212.00,412.00,198.00,386.00,1,-1,-1,-1
451,2333,810.00,382.00,526.00,624.00,1,-1,-1,-1
457,2334,1362.00,428.00,136.00,354.00,1,-1,-1,-1
457,2335,374.00,362.00,440.00,656.00,1,-1,-1,-1
458,2334,1362.00,428.00,136.00,354.00,1,-1,-1,-1
458,2335,374.00,362.00,440.00,656.00,1,-1,-1,-1
459,2333,338.05,362.55,538.18,655.12,1,-1,-1,-1
459,2334,1362.00,428.00,136.00,354.00,1,-1,-1,-1
460,2333,247.00,353.52,530.26,652.44,1,-1,-1,-1
460,2334,1368.65,422.06,147.94,383.68,1,-1,-1,-1
461,2333,217.41,350.45,524.70,651.54,1,-1,-1,-1
461,2334,1370.63,420.08,152.40,393.61,1,-1,-1,-1
462,2333,208.70,349.36,520.25,651.15,1,-1,-1,-1
462,2334,1371.01,419.45,154.33,396.77,1,-1,-1,-1
463,2333,152.84,345.10,516.52,652.25,1,-1,-1,-1
463,2334,1372.87,417.83,157.47,404.85,1,-1,-1,-1
464,2333,134.08,343.56,512.78,652.62,1,-1,-1,-1
465,2333,129.29,343.05,509.31,652.71,1,-1,-1,-1
466,2333,129.62,342.93,506.17,652.70,1,-1,-1,-1
467,2333,131.69,342.95,503.36,652.65,1,-1,-1,-1
468,2333,134.23,343.02,500.84,652.60,1,-1,-1,-1
469,2333,51.97,335.27,511.50,666.91,1,-1,-1,-1
469,2334,1360.00,447.69,171.11,433.17,1,-1,-1,-1
470,2333,21.74,332.39,515.32,672.27,1,-1,-1,-1
470,2334,1357.91,449.84,173.84,434.30,1,-1,-1,-1
471,2333,11.26,331.36,516.59,674.26,1,-1,-1,-1
471,2334,1356.60,450.57,176.04,434.81,1,-1,-1,-1
472,2333,8.35,331.03,516.88,674.94,1,-1,-1,-1
472,2334,1355.61,450.80,177.82,434.85,1,-1,-1,-1
473,2333,8.25,330.98,516.81,675.12,1,-1,-1,-1
473,2334,1354.79,450.83,179.32,434.69,1,-1,-1,-1
474,2333,9.12,331.02,516.62,675.12,1,-1,-1,-1
474,2334,1354.09,450.79,180.62,434.47,1,-1,-1,-1
475,2333,-13.90,329.38,518.08,677.03,1,-1,-1,-1
475,2334,1353.89,452.08,182.27,438.44,1,-1,-1,-1
499,2334,1313.12,382.94,295.74,629.10,1,-1,-1,-1
500,2334,1302.15,381.38,318.16,632.44,1,-1,-1,-1
501,2334,1294.90,380.83,332.82,633.58,1,-1,-1,-1
502,2334,1289.75,380.70,343.15,633.80,1,-1,-1,-1
503,2334,1285.88,380.72,350.86,633.68,1,-1,-1,-1
504,2334,1282.86,380.80,356.86,633.44,1,-1,-1,-1
505,2334,1281.78,378.86,359.97,638.96,1,-1,-1,-1
523,2334,1360.70,403.04,340.62,604.18,1,-1,-1,-1
524,2334,1362.73,403.95,339.75,602.41,1,-1,-1,-1
525,2334,1363.46,404.24,339.54,601.89,1,-1,-1,-1
526,2334,1363.62,404.33,339.51,601.72,1,-1,-1,-1
527,2334,1363.55,404.33,339.54,601.69,1,-1,-1,-1
528,2334,1363.41,404.31,339.59,601.70,1,-1,-1,-1
529,2334,1365.54,404.83,339.30,601.18,1,-1,-1,-1
