1,7413,396.48,192.05,83.06,178.98,1,-1,-1,-1
1,7419,541.59,204.08,66.11,165.12,1,-1,-1,-1
1,7420,291.00,187.00,80.00,223.00,1,-1,-1,-1
1,7421,549.00,97.00,60.00,184.00,1,-1,-1,-1
1,7422,180.00,86.00,70.00,259.00,1,-1,-1,-1
1,7423,341.00,90.00,88.00,259.00,1,-1,-1,-1
1,7424,98.00,76.00,64.00,246.00,1,-1,-1,-1
1,7425,445.00,101.00,84.00,240.00,1,-1,-1,-1
2,7421,549.00,97.00,60.00,184.00,1,-1,-1,-1
2,7422,180.00,86.00,70.00,259.00,1,-1,-1,-1
2,7423,341.00,90.00,88.00,259.00,1,-1,-1,-1
2,7424,98.00,76.00,64.00,246.00,1,-1,-1,-1
2,7425,445.00,101.00,84.00,240.00,1,-1,-1,-1
3,7421,549.00,97.00,60.00,184.00,1,-1,-1,-1
3,7422,180.00,86.00,70.00,259.00,1,-1,-1,-1
3,7423,341.00,90.00,88.00,259.00,1,-1,-1,-1
3,7424,98.00,76.00,64.00,246.00,1,-1,-1,-1
3,7425,445.00,101.00,84.00,240.00,1,-1,-1,-1
4,7421,549.00,97.00,60.00,184.00,1,-1,-1,-1
4,7422,180.00,86.00,70.00,259.00,1,-1,-1,-1
4,7423,341.00,90.00,88.00,259.00,1,-1,-1,-1
4,7424,98.00,76.00,64.00,246.00,1,-1,-1,-1
4,7425,445.00,101.00,84.00,240.00,1,-1,-1,-1
5,7421,549.00,97.00,60.00,184.00,1,-1,-1,-1
5,7422,180.00,86.00,70.00,259.00,1,-1,-1,-1
5,7423,341.00,90.00,88.00,259.00,1,-1,-1,-1
5,7424,98.00,76.00,64.00,246.00,1,-1,-1,-1
5,7425,445.00,101.00,84.00,240.00,1,-1,-1,-1
6,7421,549.00,97.00,60.00,184.00,1,-1,-1,-1
6,7422,180.00,86.00,70.00,259.00,1,-1,-1,-1
6,7423,341.00,90.00,88.00,259.00,1,-1,-1,-1
6,7424,98.00,76.00,64.00,246.00,1,-1,-1,-1
6,7425,445.00,101.00,84.00,240.00,1,-1,-1,-1
7,7421,549.00,97.00,60.00,184.00,1,-1,-1,-1
7,7422,180.00,86.00,70.00,259.00,1,-1,-1,-1
7,7423,341.00,90.00,88.00,259.00,1,-1,-1,-1
7,7424,98.00,76.00,64.00,246.00,1,-1,-1,-1
7,7425,445.00,101.00,84.00,240.00,1,-1,-1,-1
8,7421,549.00,97.00,60.00,184.00,1,-1,-1,-1
8,7422,180.00,86.00,70.00,259.00,1,-1,-1,-1
8,7423,341.00,90.00,88.00,259.00,1,-1,-1,-1
8,7424,98.00,76.00,64.00,246.00,1,-1,-1,-1
8,7425,445.00,101.00,84.00,240.00,1,-1,-1,-1
9,7421,549.00,97.00,60.00,184.00,1,-1,-1,-1
9,7422,180.00,86.00,70.00,259.00,1,-1,-1,-1
9,7423,341.00,90.00,88.00,259.00,1,-1,-1,-1
9,7424,98.00,76.00,64.00,246.00,1,-1,-1,-1
9,7425,445.00,101.00,84.00,240.00,1,-1,-1,-1
10,7421,546.29,95.66,60.05,184.67,1,-1,-1,-1
10,7422,208.74,85.33,66.24,237.52,1,-1,-1,-1
10,7423,341.00,90.00,88.00,259.00,1,-1,-1,-1
10,7424,98.00,76.00,64.00,246.00,1,-1,-1,-1
10,7425,450.20,96.97,78.30,227.24,1,-1,-1,-1
10,7426,485.00,98.00,64.00,225.00,1,-1,-1,-1
10,7427,52.00,99.00,55.00,222.00,1,-1,-1,-1
11,7421,545.34,95.16,59.96,184.92,1,-1,-1,-1
11,7422,219.10,85.07,65.88,229.36,1,-1,-1,-1
11,7424,60.68,94.17,58.84,227.04,1,-1,-1,-1
11,7425,452.49,95.46,75.48,222.45,1,-1,-1,-1
11,7426,485.00,98.00,64.00,225.00,1,-1,-1,-1
12,7413,467.50,100.61,96.70,223.72,1,-1,-1,-1
12,7421,545.05,94.98,59.83,185.01,1,-1,-1,-1
12,7422,222.01,84.99,66.92,226.63,1,-1,-1,-1
12,7424,52.46,98.21,57.53,222.82,1,-1,-1,-1
12,7425,453.64,94.93,73.80,220.79,1,-1,-1,-1
13,7413,472.59,97.00,92.20,225.49,1,-1,-1,-1
13,7421,545.00,94.92,59.69,185.04,1,-1,-1,-1
13,7422,222.34,84.96,68.38,225.77,1,-1,-1,-1
13,7424,49.86,99.52,56.98,221.45,1,-1,-1,-1
13,7425,454.35,94.77,72.56,220.26,1,-1,-1,-1
14,7413,475.44,95.74,88.41,226.11,1,-1,-1,-1
14,7421,545.04,94.91,59.55,185.05,1,-1,-1,-1
14,7422,221.80,84.96,69.95,225.58,1,-1,-1,-1
14,7424,49.14,99.92,56.69,221.04,1,-1,-1,-1
14,7425,454.89,94.73,71.53,220.14,1,-1,-1,-1
15,7413,477.22,95.40,85.26,226.27,1,-1,-1,-1
15,7421,545.11,94.91,59.42,185.05,1,-1,-1,-1
15,7422,220.99,84.96,71.47,225.62,1,-1,-1,-1
15,7424,49.08,99.99,56.50,220.97,1,-1,-1,-1
15,7425,455.35,94.73,70.60,220.16,1,-1,-1,-1
16,7413,478.47,95.40,82.64,226.27,1,-1,-1,-1
16,7421,545.18,94.91,59.29,185.04,1,-1,-1,-1
16,7422,220.13,84.96,72.92,225.73,1,-1,-1,-1
16,7424,49.26,99.94,56.35,221.02,1,-1,-1,-1
16,7425,455.76,94.76,69.76,220.22,1,-1,-1,-1
17,7413,479.40,95.54,80.44,226.21,1,-1,-1,-1
17,7421,545.25,94.92,59.18,185.04,1,-1,-1,-1
17,7422,219.30,84.96,74.26,225.85,1,-1,-1,-1
17,7424,49.50,99.86,56.23,221.10,1,-1,-1,-1
17,7425,456.14,94.78,68.98,220.30,1,-1,-1,-1
18,7413,480.15,95.71,78.57,226.12,1,-1,-1,-1
18,7421,545.32,94.93,59.07,185.04,1,-1,-1,-1
18,7422,218.53,84.97,75.50,225.97,1,-1,-1,-1
18,7424,49.74,99.78,56.12,221.19,1,-1,-1,-1
18,7425,456.48,94.80,68.26,220.37,1,-1,-1,-1
19,7413,492.67,95.25,77.03,222.80,1,-1,-1,-1
19,7421,536.38,96.90,62.57,193.55,1,-1,-1,-1
19,7422,244.77,90.91,76.21,228.06,1,-1,-1,-1
19,7423,388.27,84.18,87.58,257.06,1,-1,-1,-1
19,7424,47.11,101.05,55.78,219.86,1,-1,-1,-1
19,7425,456.83,94.48,67.94,219.34,1,-1,-1,-1
19,7428,0.00,118.00,67.00,200.00,1,-1,-1,-1
19,7429,177.00,97.00,53.00,155.00,1,-1,-1,-1
20,7413,497.45,95.20,76.23,221.46,1,-1,-1,-1
20,7421,532.82,97.64,64.33,196.72,1,-1,-1,-1
20,7422,254.49,93.13,76.50,228.89,1,-1,-1,-1
20,7423,390.19,83.93,87.75,256.98,1,-1,-1,-1
20,7424,15.36,114.52,53.45,204.11,1,-1,-1,-1
20,7429,177.00,97.00,53.00,155.00,1,-1,-1,-1
21,7413,499.22,95.28,75.75,220.91,1,-1,-1,-1
21,7421,531.28,97.92,65.39,197.93,1,-1,-1,-1
21,7422,257.99,93.95,76.63,229.24,1,-1,-1,-1
21,7423,390.82,83.84,87.89,256.95,1,-1,-1,-1
21,7424,7.41,117.68,53.94,200.43,1,-1,-1,-1
21,7429,177.00,97.00,53.00,155.00,1,-1,-1,-1
22,7413,499.83,95.40,75.42,220.67,1,-1,-1,-1
22,7421,530.55,98.03,66.15,198.36,1,-1,-1,-1
22,7422,259.14,94.23,76.70,229.41,1,-1,-1,-1
22,7423,390.94,83.82,88.02,256.94,1,-1,-1,-1
22,7424,4.40,118.72,54.91,199.22,1,-1,-1,-1
22,7429,177.00,97.00,53.00,155.00,1,-1,-1,-1
23,7413,500.00,95.54,75.15,220.55,1,-1,-1,-1
23,7421,530.14,98.06,66.75,198.49,1,-1,-1,-1
23,7422,259.40,94.32,76.74,229.51,1,-1,-1,-1
23,7423,390.86,83.82,88.13,256.94,1,-1,-1,-1
23,7424,3.11,119.03,55.97,198.85,1,-1,-1,-1
23,7429,177.00,97.00,53.00,155.00,1,-1,-1,-1
24,7413,500.01,95.67,74.92,220.48,1,-1,-1,-1
24,7421,529.88,98.07,67.26,198.50,1,-1,-1,-1
24,7422,259.35,94.33,76.77,229.57,1,-1,-1,-1
24,7423,390.71,83.84,88.23,256.95,1,-1,-1,-1
24,7424,2.50,119.07,56.99,198.81,1,-1,-1,-1
24,7429,177.00,97.00,53.00,155.00,1,-1,-1,-1
25,7413,499.95,95.79,74.73,220.42,1,-1,-1,-1
25,7421,529.68,98.07,67.72,198.48,1,-1,-1,-1
25,7422,259.19,94.31,76.79,229.62,1,-1,-1,-1
25,7423,390.55,83.85,88.31,256.95,1,-1,-1,-1
25,7424,2.16,119.01,57.95,198.87,1,-1,-1,-1
25,7429,177.00,97.00,53.00,155.00,1,-1,-1,-1
26,7413,499.88,95.91,74.56,220.38,1,-1,-1,-1
26,7421,529.51,98.07,68.13,198.45,1,-1,-1,-1
26,7422,259.00,94.29,76.81,229.66,1,-1,-1,-1
26,7423,390.41,83.86,88.38,256.95,1,-1,-1,-1
26,7424,1.92,118.93,58.81,198.96,1,-1,-1,-1
26,7429,177.00,97.00,53.00,155.00,1,-1,-1,-1
27,7413,499.81,96.01,74.40,220.34,1,-1,-1,-1
27,7421,529.36,98.06,68.49,198.41,1,-1,-1,-1
27,7422,258.82,94.26,76.83,229.69,1,-1,-1,-1
27,7423,390.27,83.88,88.45,256.96,1,-1,-1,-1
27,7424,1.73,118.84,59.60,199.06,1,-1,-1,-1
27,7429,177.00,97.00,53.00,155.00,1,-1,-1,-1
28,7413,502.13,94.42,74.58,220.89,1,-1,-1,-1
28,7421,534.55,101.31,67.30,191.86,1,-1,-1,-1
28,7422,281.27,98.82,73.46,221.87,1,-1,-1,-1
28,7423,416.41,85.20,81.74,238.65,1,-1,-1,-1
28,7424,-1.27,120.21,59.14,197.52,1,-1,-1,-1
28,7429,173.77,93.64,54.08,159.03,1,-1,-1,-1
29,7421,536.31,102.55,67.37,189.32,1,-1,-1,-1
29,7422,289.90,100.53,71.79,218.91,1,-1,-1,-1
29,7423,426.51,85.72,78.97,231.59,1,-1,-1,-1
29,7429,172.68,92.41,54.30,160.51,1,-1,-1,-1
30,7421,536.71,103.00,67.90,188.38,1,-1,-1,-1
30,7422,293.12,101.14,70.83,217.86,1,-1,-1,-1
30,7423,430.11,85.91,77.82,229.10,1,-1,-1,-1
30,7429,172.36,91.96,54.21,161.05,1,-1,-1,-1
31,7421,536.63,103.16,68.55,188.03,1,-1,-1,-1
31,7422,294.33,101.34,70.16,217.50,1,-1,-1,-1
31,7423,431.37,85.98,77.26,228.26,1,-1,-1,-1
31,7429,172.34,91.80,54.00,161.23,1,-1,-1,-1
32,7421,536.39,103.20,69.22,187.91,1,-1,-1,-1
32,7422,294.78,101.39,69.63,217.41,1,-1,-1,-1
32,7423,431.77,86.00,76.93,228.03,1,-1,-1,-1
32,7429,172.43,91.77,53.77,161.28,1,-1,-1,-1
33,7421,536.11,103.20,69.84,187.87,1,-1,-1,-1
33,7422,294.94,101.38,69.18,217.42,1,-1,-1,-1
33,7423,431.85,86.01,76.71,228.01,1,-1,-1,-1
33,7429,172.54,91.77,53.54,161.28,1,-1,-1,-1
34,7421,535.83,103.19,70.42,187.87,1,-1,-1,-1
34,7422,295.00,101.36,68.78,217.46,1,-1,-1,-1
34,7423,431.82,86.01,76.53,228.07,1,-1,-1,-1
34,7429,172.67,91.78,53.32,161.26,1,-1,-1,-1
35,7421,535.57,103.18,70.95,187.88,1,-1,-1,-1
35,7422,295.01,101.33,68.42,217.50,1,-1,-1,-1
35,7423,431.76,86.01,76.38,228.15,1,-1,-1,-1
35,7429,172.79,91.80,53.11,161.24,1,-1,-1,-1
36,7421,535.32,103.16,71.43,187.89,1,-1,-1,-1
36,7422,295.01,101.30,68.09,217.55,1,-1,-1,-1
36,7423,431.68,86.01,76.24,228.23,1,-1,-1,-1
36,7429,172.90,91.82,52.92,161.21,1,-1,-1,-1
37,7421,540.38,104.45,71.77,190.51,1,-1,-1,-1
37,7422,316.67,106.51,63.77,197.94,1,-1,-1,-1
37,7423,449.58,92.58,75.67,219.11,1,-1,-1,-1
37,7429,172.61,91.53,53.03,161.56,1,-1,-1,-1
38,7421,542.46,104.93,71.54,191.51,1,-1,-1,-1
38,7422,324.49,108.50,62.92,190.39,1,-1,-1,-1
38,7423,455.67,95.07,76.68,215.70,1,-1,-1,-1
39,7421,543.40,105.10,71.14,191.88,1,-1,-1,-1
39,7422,326.70,109.17,63.48,187.80,1,-1,-1,-1
39,7423,457.20,95.97,78.23,214.51,1,-1,-1,-1
40,7421,543.87,105.16,70.70,192.02,1,-1,-1,-1
40,7422,326.98,109.38,64.46,186.96,1,-1,-1,-1
40,7423,457.11,96.27,79.86,214.14,1,-1,-1,-1
41,7421,544.17,105.17,70.27,192.07,1,-1,-1,-1
41,7422,326.59,109.43,65.54,186.74,1,-1,-1,-1
41,7423,456.47,96.36,81.44,214.07,1,-1,-1,-1
42,7421,544.37,105.16,69.87,192.08,1,-1,-1,-1
42,7422,325.99,109.42,66.58,186.75,1,-1,-1,-1
42,7423,455.69,96.36,82.90,214.10,1,-1,-1,-1
43,7421,544.54,105.15,69.50,192.08,1,-1,-1,-1
43,7422,325.37,109.39,67.56,186.84,1,-1,-1,-1
43,7423,454.90,96.34,84.23,214.17,1,-1,-1,-1
44,7421,544.69,105.14,69.17,192.07,1,-1,-1,-1
44,7422,324.77,109.35,68.45,186.94,1,-1,-1,-1
44,7423,454.16,96.32,85.44,214.24,1,-1,-1,-1
45,7421,544.81,105.12,68.87,192.07,1,-1,-1,-1
45,7422,324.22,109.32,69.26,187.04,1,-1,-1,-1
45,7423,453.48,96.29,86.54,214.31,1,-1,-1,-1
46,7421,545.19,105.32,68.91,192.18,1,-1,-1,-1
46,7422,346.86,102.05,71.10,192.40,1,-1,-1,-1
46,7423,467.44,95.60,85.94,213.07,1,-1,-1,-1
47,7422,355.26,99.33,71.71,194.43,1,-1,-1,-1
47,7423,472.64,95.33,85.68,212.64,1,-1,-1,-1
48,7422,358.36,98.30,71.89,195.23,1,-1,-1,-1
48,7423,474.51,95.22,85.55,212.51,1,-1,-1,-1
49,7422,359.41,97.93,71.90,195.56,1,-1,-1,-1
49,7423,475.12,95.17,85.48,212.49,1,-1,-1,-1
50,7422,359.69,97.80,71.85,195.70,1,-1,-1,-1
50,7423,475.27,95.14,85.42,212.52,1,-1,-1,-1
51,7422,359.69,97.77,71.78,195.77,1,-1,-1,-1
51,7423,475.24,95.12,85.38,212.56,1,-1,-1,-1
52,7422,359.59,97.77,71.71,195.80,1,-1,-1,-1
52,7423,475.16,95.11,85.34,212.60,1,-1,-1,-1
53,7422,359.47,97.78,71.65,195.83,1,-1,-1,-1
53,7423,475.06,95.10,85.31,212.63,1,-1,-1,-1
54,7422,359.34,97.80,71.59,195.84,1,-1,-1,-1
54,7423,474.96,95.09,85.28,212.67,1,-1,-1,-1
55,7421,526.69,98.34,71.26,197.82,1,-1,-1,-1
55,7422,362.02,97.48,71.50,195.60,1,-1,-1,-1
55,7423,476.85,95.22,85.07,212.13,1,-1,-1,-1
55,7430,396.00,89.00,90.00,200.00,1,-1,-1,-1
56,7421,525.67,98.00,71.60,198.07,1,-1,-1,-1
56,7422,394.43,90.88,74.45,198.93,1,-1,-1,-1
57,7421,525.26,97.88,71.82,198.16,1,-1,-1,-1
57,7422,401.52,89.34,76.26,199.66,1,-1,-1,-1
58,7421,525.09,97.84,71.99,198.18,1,-1,-1,-1
58,7422,403.60,88.80,77.73,199.92,1,-1,-1,-1
59,7421,525.02,97.84,72.12,198.18,1,-1,-1,-1
59,7422,403.87,88.62,78.99,200.02,1,-1,-1,-1
60,7421,524.99,97.85,72.23,198.17,1,-1,-1,-1
60,7422,403.50,88.58,80.09,200.05,1,-1,-1,-1
61,7421,524.98,97.86,72.31,198.15,1,-1,-1,-1
61,7422,402.93,88.59,81.07,200.06,1,-1,-1,-1
62,7421,524.97,97.87,72.39,198.14,1,-1,-1,-1
62,7422,402.32,88.62,81.94,200.06,1,-1,-1,-1
63,7421,524.97,97.88,72.46,198.13,1,-1,-1,-1
63,7422,401.73,88.65,82.73,200.06,1,-1,-1,-1
64,7421,537.18,99.85,69.63,188.33,1,-1,-1,-1
64,7422,405.43,96.51,76.91,185.05,1,-1,-1,-1
65,7421,541.73,100.62,68.89,184.55,1,-1,-1,-1
65,7422,406.57,99.59,74.82,179.22,1,-1,-1,-1
66,7421,543.20,100.90,68.95,183.19,1,-1,-1,-1
66,7422,406.81,100.69,74.27,177.18,1,-1,-1,-1
67,7421,543.57,101.00,69.29,182.72,1,-1,-1,-1
67,7422,406.72,101.07,74.24,176.48,1,-1,-1,-1
68,7421,543.54,101.03,69.69,182.57,1,-1,-1,-1
68,7422,406.53,101.20,74.40,176.27,1,-1,-1,-1
69,7421,543.37,101.04,70.09,182.55,1,-1,-1,-1
69,7422,406.30,101.23,74.61,176.25,1,-1,-1,-1
70,7421,543.17,101.04,70.46,182.57,1,-1,-1,-1
70,7422,406.09,101.22,74.83,176.29,1,-1,-1,-1
71,7421,542.97,101.04,70.80,182.60,1,-1,-1,-1
71,7422,405.88,101.21,75.03,176.35,1,-1,-1,-1
72,7421,542.78,101.04,71.11,182.64,1,-1,-1,-1
72,7422,405.70,101.19,75.22,176.41,1,-1,-1,-1
73,7421,548.08,94.48,73.57,193.16,1,-1,-1,-1
73,7422,407.21,101.50,74.81,175.45,1,-1,-1,-1
73,7423,374.31,98.00,67.54,177.28,1,-1,-1,-1
73,7431,461.00,97.00,54.00,182.00,1,-1,-1,-1
73,7432,172.00,94.00,54.00,161.00,1,-1,-1,-1
74,7421,550.50,92.05,73.55,197.06,1,-1,-1,-1
74,7423,373.10,98.04,64.94,176.60,1,-1,-1,-1
74,7431,461.00,97.00,54.00,182.00,1,-1,-1,-1
74,7432,172.00,94.00,54.00,161.00,1,-1,-1,-1
75,7421,551.80,91.12,72.74,198.58,1,-1,-1,-1
75,7422,444.29,97.82,74.41,180.65,1,-1,-1,-1
75,7423,373.05,98.06,63.18,176.34,1,-1,-1,-1
75,7432,172.00,94.00,54.00,161.00,1,-1,-1,-1
76,7421,552.63,90.78,71.71,199.14,1,-1,-1,-1
76,7422,451.04,97.25,72.48,181.44,1,-1,-1,-1
76,7423,373.49,98.06,61.91,176.29,1,-1,-1,-1
76,7432,172.00,94.00,54.00,161.00,1,-1,-1,-1
77,7421,553.23,90.67,70.66,199.33,1,-1,-1,-1
77,7422,453.98,97.05,70.61,181.72,1,-1,-1,-1
77,7423,374.06,98.06,60.94,176.32,1,-1,-1,-1
77,7432,172.00,94.00,54.00,161.00,1,-1,-1,-1
78,7421,553.73,90.66,69.67,199.38,1,-1,-1,-1
78,7422,455.45,96.98,68.92,181.84,1,-1,-1,-1
78,7423,374.62,98.05,60.17,176.39,1,-1,-1,-1
78,7432,172.00,94.00,54.00,161.00,1,-1,-1,-1
79,7421,554.15,90.67,68.75,199.37,1,-1,-1,-1
79,7422,456.32,96.95,67.41,181.88,1,-1,-1,-1
79,7423,375.12,98.05,59.54,176.45,1,-1,-1,-1
79,7432,172.00,94.00,54.00,161.00,1,-1,-1,-1
80,7421,554.53,90.69,67.92,199.35,1,-1,-1,-1
80,7422,456.91,96.95,66.06,181.91,1,-1,-1,-1
80,7423,375.55,98.04,59.01,176.51,1,-1,-1,-1
80,7432,172.00,94.00,54.00,161.00,1,-1,-1,-1
81,7421,554.86,90.72,67.16,199.32,1,-1,-1,-1
81,7422,457.37,96.95,64.86,181.92,1,-1,-1,-1
81,7423,375.93,98.04,58.56,176.56,1,-1,-1,-1
81,7432,172.00,94.00,54.00,161.00,1,-1,-1,-1
82,7421,549.55,103.76,60.79,183.67,1,-1,-1,-1
82,7422,475.93,102.17,63.98,181.93,1,-1,-1,-1
82,7423,368.04,101.98,55.52,164.10,1,-1,-1,-1
82,7432,176.26,100.04,52.20,154.96,1,-1,-1,-1
83,7421,547.69,108.87,57.80,177.55,1,-1,-1,-1
83,7422,483.09,104.15,63.20,181.94,1,-1,-1,-1
83,7423,364.90,103.49,54.83,159.37,1,-1,-1,-1
83,7432,177.79,102.30,51.65,152.70,1,-1,-1,-1
84,7421,547.27,110.67,56.24,175.38,1,-1,-1,-1
84,7422,485.86,104.89,62.50,181.94,1,-1,-1,-1
84,7423,363.63,104.02,55.06,157.73,1,-1,-1,-1
84,7432,178.26,103.09,51.59,151.91,1,-1,-1,-1
85,7421,547.36,111.30,55.23,174.64,1,-1,-1,-1
85,7422,486.96,105.15,61.86,181.95,1,-1,-1,-1
85,7423,363.03,104.19,55.58,157.21,1,-1,-1,-1
85,7432,178.34,103.35,51.70,151.65,1,-1,-1,-1
86,7421,547.60,111.49,54.46,174.41,1,-1,-1,-1
86,7422,487.40,105.23,61.30,181.95,1,-1,-1,-1
86,7423,362.71,104.24,56.15,157.08,1,-1,-1,-1
86,7432,178.30,103.41,51.86,151.59,1,-1,-1,-1
87,7421,547.88,111.52,53.81,174.36,1,-1,-1,-1
87,7422,487.59,105.25,60.78,181.96,1,-1,-1,-1
87,7423,362.50,104.24,56.70,157.10,1,-1,-1,-1
87,7432,178.20,103.40,52.04,151.60,1,-1,-1,-1
88,7421,548.17,111.50,53.25,174.39,1,-1,-1,-1
88,7422,487.68,105.24,60.32,181.96,1,-1,-1,-1
88,7423,362.34,104.22,57.22,157.16,1,-1,-1,-1
88,7432,178.10,103.37,52.21,151.63,1,-1,-1,-1
89,7421,548.43,111.46,52.75,174.44,1,-1,-1,-1
89,7422,487.73,105.22,59.91,181.97,1,-1,-1,-1
89,7423,362.21,104.20,57.68,157.24,1,-1,-1,-1
89,7432,178.00,103.34,52.37,151.66,1,-1,-1,-1
90,7421,548.67,111.42,52.30,174.49,1,-1,-1,-1
90,7422,487.77,105.20,59.53,181.97,1,-1,-1,-1
90,7423,362.09,104.18,58.10,157.31,1,-1,-1,-1
90,7432,177.91,103.30,52.52,151.70,1,-1,-1,-1
91,7421,538.06,105.47,53.87,172.57,1,-1,-1,-1
91,7422,490.25,105.53,59.52,181.92,1,-1,-1,-1
91,7423,356.34,104.16,58.59,158.04,1,-1,-1,-1
91,7432,178.27,103.80,52.35,151.20,1,-1,-1,-1
92,7421,533.50,103.20,55.58,171.87,1,-1,-1,-1
92,7423,354.17,104.15,58.90,158.34,1,-1,-1,-1
93,7421,531.32,102.35,57.25,171.64,1,-1,-1,-1
93,7423,353.35,104.13,59.14,158.49,1,-1,-1,-1
94,7421,530.09,102.04,58.81,171.59,1,-1,-1,-1
94,7423,353.05,104.12,59.33,158.57,1,-1,-1,-1
95,7421,529.24,101.93,60.24,171.59,1,-1,-1,-1
95,7423,352.94,104.11,59.49,158.62,1,-1,-1,-1
96,7421,528.59,101.90,61.55,171.62,1,-1,-1,-1
96,7423,352.91,104.10,59.64,158.66,1,-1,-1,-1
97,7421,528.03,101.89,62.73,171.65,1,-1,-1,-1
97,7423,352.90,104.09,59.77,158.70,1,-1,-1,-1
98,7421,527.55,101.90,63.80,171.68,1,-1,-1,-1
98,7423,352.90,104.08,59.89,158.73,1,-1,-1,-1
99,7421,527.11,101.90,64.77,171.71,1,-1,-1,-1
99,7423,352.91,104.07,59.99,158.75,1,-1,-1,-1
100,7421,530.96,101.91,65.02,169.78,1,-1,-1,-1
100,7422,504.65,111.87,54.50,158.87,1,-1,-1,-1
100,7423,356.53,107.34,56.14,152.24,1,-1,-1,-1
100,7432,183.60,101.25,52.58,148.92,1,-1,-1,-1
100,7433,321.00,103.00,47.00,156.00,1,-1,-1,-1
101,7421,532.19,101.92,65.63,169.06,1,-1,-1,-1
101,7422,504.10,112.11,56.04,157.84,1,-1,-1,-1
101,7423,358.30,108.58,53.98,149.77,1,-1,-1,-1
101,7432,183.44,101.09,53.34,148.87,1,-1,-1,-1
101,7433,321.00,103.00,47.00,156.00,1,-1,-1,-1
102,7421,532.42,101.93,66.33,168.81,1,-1,-1,-1
102,7422,503.56,112.21,57.39,157.47,1,-1,-1,-1
102,7423,359.29,109.02,52.55,148.89,1,-1,-1,-1
102,7432,183.22,101.04,53.95,148.84,1,-1,-1,-1
102,7433,321.00,103.00,47.00,156.00,1,-1,-1,-1
103,7421,532.30,101.94,67.02,168.74,1,-1,-1,-1
103,7422,502.99,112.23,58.56,157.38,1,-1,-1,-1
103,7423,359.96,109.17,51.44,148.60,1,-1,-1,-1
103,7432,182.98,101.02,54.46,148.84,1,-1,-1,-1
103,7433,321.00,103.00,47.00,156.00,1,-1,-1,-1
104,7421,532.07,101.94,67.67,168.73,1,-1,-1,-1
104,7422,502.44,112.22,59.55,157.39,1,-1,-1,-1
104,7423,360.49,109.21,50.50,148.52,1,-1,-1,-1
104,7432,182.76,101.01,54.88,148.85,1,-1,-1,-1
104,7433,321.00,103.00,47.00,156.00,1,-1,-1,-1
105,7421,531.80,101.95,68.27,168.74,1,-1,-1,-1
105,7422,501.95,112.20,60.41,157.44,1,-1,-1,-1
105,7423,360.94,109.21,49.68,148.53,1,-1,-1,-1
105,7432,182.57,101.01,55.23,148.86,1,-1,-1,-1
105,7433,321.00,103.00,47.00,156.00,1,-1,-1,-1
106,7421,531.55,101.95,68.81,168.76,1,-1,-1,-1
106,7422,501.52,112.18,61.14,157.49,1,-1,-1,-1
106,7423,361.33,109.20,48.94,148.56,1,-1,-1,-1
106,7432,182.40,101.01,55.54,148.88,1,-1,-1,-1
106,7433,321.00,103.00,47.00,156.00,1,-1,-1,-1
107,7421,531.31,101.96,69.31,168.78,1,-1,-1,-1
107,7422,501.14,112.16,61.77,157.54,1,-1,-1,-1
107,7423,361.68,109.18,48.28,148.59,1,-1,-1,-1
107,7432,182.25,101.01,55.81,148.89,1,-1,-1,-1
107,7433,321.00,103.00,47.00,156.00,1,-1,-1,-1
108,7421,531.09,101.96,69.75,168.80,1,-1,-1,-1
108,7422,500.81,112.15,62.32,157.58,1,-1,-1,-1
108,7423,362.00,109.17,47.68,148.63,1,-1,-1,-1
108,7432,182.12,101.01,56.04,148.90,1,-1,-1,-1
108,7433,321.00,103.00,47.00,156.00,1,-1,-1,-1
109,7421,540.18,107.85,62.71,155.74,1,-1,-1,-1
109,7422,496.00,116.07,58.71,147.12,1,-1,-1,-1
109,7423,362.20,103.91,47.96,151.29,1,-1,-1,-1
109,7432,180.77,102.31,56.76,150.22,1,-1,-1,-1
109,7433,313.78,95.62,50.03,165.40,1,-1,-1,-1
110,7421,544.06,110.13,59.24,150.71,1,-1,-1,-1
110,7422,493.99,117.57,57.57,143.14,1,-1,-1,-1
110,7423,362.44,101.93,47.76,152.30,1,-1,-1,-1
110,7432,180.19,102.80,57.14,150.72,1,-1,-1,-1
110,7433,311.08,92.92,51.26,168.83,1,-1,-1,-1
111,7421,545.81,110.93,57.26,148.96,1,-1,-1,-1
111,7422,493.14,118.08,57.41,141.76,1,-1,-1,-1
111,7423,362.67,101.18,47.41,152.69,1,-1,-1,-1
111,7432,179.92,102.99,57.39,150.91,1,-1,-1,-1
111,7433,310.01,91.91,51.84,170.11,1,-1,-1,-1
112,7421,546.76,111.20,55.87,148.38,1,-1,-1,-1
112,7422,492.73,118.25,57.57,141.32,1,-1,-1,-1
112,7423,362.89,100.91,47.03,152.85,1,-1,-1,-1
112,7432,179.77,103.05,57.58,150.98,1,-1,-1,-1
112,7433,309.59,91.57,52.16,170.55,1,-1,-1,-1
113,7421,547.39,111.28,54.76,148.22,1,-1,-1,-1
113,7422,492.49,118.29,57.84,141.21,1,-1,-1,-1
113,7423,363.09,100.82,46.66,152.91,1,-1,-1,-1
113,7432,179.67,103.07,57.73,151.01,1,-1,-1,-1
113,7433,309.41,91.48,52.37,170.66,1,-1,-1,-1
114,7421,547.87,111.29,53.81,148.22,1,-1,-1,-1
114,7422,492.31,118.29,58.13,141.22,1,-1,-1,-1
114,7423,363.27,100.80,46.32,152.94,1,-1,-1,-1
114,7432,179.60,103.07,57.86,151.01,1,-1,-1,-1
114,7433,309.34,91.48,52.52,170.66,1,-1,-1,-1
115,7421,548.28,111.27,52.97,148.27,1,-1,-1,-1
115,7422,492.17,118.27,58.40,141.28,1,-1,-1,-1
115,7423,363.44,100.81,46.00,152.95,1,-1,-1,-1
115,7432,179.54,103.07,57.97,151.02,1,-1,-1,-1
115,7433,309.29,91.51,52.66,170.62,1,-1,-1,-1
116,7421,548.63,111.25,52.21,148.33,1,-1,-1,-1
116,7422,492.05,118.24,58.65,141.34,1,-1,-1,-1
116,7423,363.59,100.82,45.72,152.96,1,-1,-1,-1
116,7432,179.48,103.07,58.07,151.02,1,-1,-1,-1
116,7433,309.26,91.55,52.78,170.57,1,-1,-1,-1
117,7421,548.95,111.23,51.52,148.39,1,-1,-1,-1
117,7422,491.95,118.22,58.88,141.41,1,-1,-1,-1
117,7423,363.72,100.84,45.46,152.96,1,-1,-1,-1
117,7432,179.43,103.06,58.16,151.02,1,-1,-1,-1
117,7433,309.24,91.60,52.89,170.52,1,-1,-1,-1
118,7421,549.48,111.60,51.18,147.40,1,-1,-1,-1
118,7422,495.88,116.23,57.61,139.49,1,-1,-1,-1
118,7423,363.65,100.57,45.44,152.91,1,-1,-1,-1
118,7432,179.83,101.75,58.67,152.32,1,-1,-1,-1
118,7433,306.67,92.94,51.56,167.86,1,-1,-1,-1
118,7434,456.00,115.00,44.00,143.00,1,-1,-1,-1
118,7435,413.00,115.00,43.00,138.00,1,-1,-1,-1
119,7422,497.48,115.46,56.90,138.81,1,-1,-1,-1
119,7432,179.98,101.25,58.87,152.81,1,-1,-1,-1
119,7433,305.85,93.48,50.78,166.81,1,-1,-1,-1
119,7434,456.00,115.00,44.00,143.00,1,-1,-1,-1
119,7435,413.00,115.00,43.00,138.00,1,-1,-1,-1
120,7422,498.18,115.17,56.43,138.59,1,-1,-1,-1
120,7432,180.03,101.06,58.94,152.99,1,-1,-1,-1
120,7433,305.69,93.69,50.23,166.40,1,-1,-1,-1
120,7434,456.00,115.00,44.00,143.00,1,-1,-1,-1
120,7435,413.00,115.00,43.00,138.00,1,-1,-1,-1
121,7422,498.53,115.06,56.06,138.53,1,-1,-1,-1
121,7432,180.05,100.99,58.97,153.06,1,-1,-1,-1
121,7433,305.77,93.78,49.80,166.24,1,-1,-1,-1
121,7434,456.00,115.00,44.00,143.00,1,-1,-1,-1
121,7435,413.00,115.00,43.00,138.00,1,-1,-1,-1
122,7422,498.73,115.02,55.76,138.54,1,-1,-1,-1
122,7432,180.05,100.97,58.98,153.08,1,-1,-1,-1
122,7433,305.93,93.83,49.43,166.17,1,-1,-1,-1
122,7434,456.00,115.00,44.00,143.00,1,-1,-1,-1
122,7435,413.00,115.00,43.00,138.00,1,-1,-1,-1
123,7422,498.88,115.01,55.49,138.58,1,-1,-1,-1
123,7432,180.05,100.96,58.99,153.08,1,-1,-1,-1
123,7433,306.10,93.86,49.10,166.13,1,-1,-1,-1
123,7434,456.00,115.00,44.00,143.00,1,-1,-1,-1
123,7435,413.00,115.00,43.00,138.00,1,-1,-1,-1
124,7422,498.99,115.00,55.25,138.61,1,-1,-1,-1
124,7432,180.04,100.96,58.99,153.08,1,-1,-1,-1
124,7433,306.27,93.87,48.81,166.11,1,-1,-1,-1
124,7434,456.00,115.00,44.00,143.00,1,-1,-1,-1
124,7435,413.00,115.00,43.00,138.00,1,-1,-1,-1
125,7422,499.09,115.00,55.04,138.65,1,-1,-1,-1
125,7432,180.04,100.96,58.99,153.07,1,-1,-1,-1
125,7433,306.44,93.89,48.54,166.10,1,-1,-1,-1
125,7434,456.00,115.00,44.00,143.00,1,-1,-1,-1
125,7435,413.00,115.00,43.00,138.00,1,-1,-1,-1
126,7422,499.18,115.00,54.84,138.68,1,-1,-1,-1
126,7432,180.04,100.97,58.99,153.06,1,-1,-1,-1
126,7433,306.58,93.90,48.30,166.09,1,-1,-1,-1
126,7434,456.00,115.00,44.00,143.00,1,-1,-1,-1
126,7435,413.00,115.00,43.00,138.00,1,-1,-1,-1
127,7422,499.07,113.69,55.05,138.71,1,-1,-1,-1
127,7432,183.24,91.18,60.40,159.58,1,-1,-1,-1
127,7433,289.16,87.37,52.49,181.11,1,-1,-1,-1
127,7434,456.00,115.00,44.00,143.00,1,-1,-1,-1
127,7435,412.89,118.36,43.88,139.34,1,-1,-1,-1
128,7422,498.96,113.20,55.24,138.74,1,-1,-1,-1
128,7432,184.75,87.52,60.31,162.02,1,-1,-1,-1
128,7433,282.78,84.97,53.93,186.65,1,-1,-1,-1
128,7435,412.71,119.60,44.49,139.84,1,-1,-1,-1
129,7422,498.87,113.01,55.40,138.76,1,-1,-1,-1
129,7432,185.60,86.13,59.73,162.95,1,-1,-1,-1
129,7433,280.35,84.03,54.41,188.81,1,-1,-1,-1
129,7435,412.51,120.05,44.99,140.02,1,-1,-1,-1
130,7422,498.79,112.95,55.56,138.79,1,-1,-1,-1
130,7432,186.15,85.63,59.02,163.28,1,-1,-1,-1
130,7433,279.51,83.69,54.49,189.60,1,-1,-1,-1
130,7435,412.31,120.20,45.42,140.08,1,-1,-1,-1
131,7422,498.71,112.93,55.70,138.81,1,-1,-1,-1
131,7432,186.57,85.48,58.30,163.38,1,-1,-1,-1
131,7433,279.30,83.59,54.44,189.85,1,-1,-1,-1
131,7435,412.12,120.23,45.82,140.09,1,-1,-1,-1
132,7422,498.65,112.93,55.82,138.83,1,-1,-1,-1
132,7432,186.92,85.45,57.62,163.39,1,-1,-1,-1
132,7433,279.32,83.58,54.34,189.89,1,-1,-1,-1
132,7435,411.93,120.23,46.18,140.09,1,-1,-1,-1
133,7422,498.58,112.93,55.93,138.84,1,-1,-1,-1
133,7432,187.22,85.47,57.00,163.37,1,-1,-1,-1
133,7433,279.42,83.59,54.22,189.86,1,-1,-1,-1
133,7435,411.76,120.21,46.52,140.09,1,-1,-1,-1
134,7422,498.53,112.94,56.04,138.86,1,-1,-1,-1
134,7432,187.49,85.51,56.43,163.35,1,-1,-1,-1
134,7433,279.54,83.62,54.11,189.80,1,-1,-1,-1
134,7435,411.61,120.20,46.83,140.08,1,-1,-1,-1
135,7422,498.48,112.94,56.13,138.87,1,-1,-1,-1
135,7432,187.73,85.55,55.91,163.32,1,-1,-1,-1
135,7433,279.67,83.65,54.01,189.73,1,-1,-1,-1
135,7435,411.46,120.18,47.11,140.07,1,-1,-1,-1
136,7422,498.58,112.85,56.04,138.66,1,-1,-1,-1
136,7432,186.22,90.15,53.05,156.13,1,-1,-1,-1
136,7433,281.28,88.23,51.59,177.98,1,-1,-1,-1
136,7434,463.84,100.45,47.73,151.73,1,-1,-1,-1
136,7435,404.12,116.23,46.73,139.41,1,-1,-1,-1
137,7432,185.72,91.95,51.76,153.34,1,-1,-1,-1
137,7433,281.77,90.03,51.06,173.36,1,-1,-1,-1
137,7434,463.78,99.82,48.68,152.11,1,-1,-1,-1
137,7435,401.38,114.73,46.50,139.15,1,-1,-1,-1
138,7432,185.62,92.62,51.10,152.32,1,-1,-1,-1
138,7433,281.76,90.69,51.29,171.67,1,-1,-1,-1
138,7434,463.57,99.60,49.40,152.24,1,-1,-1,-1
138,7435,400.41,114.16,46.33,139.06,1,-1,-1,-1
139,7432,185.67,92.87,50.69,151.95,1,-1,-1,-1
139,7433,281.60,90.94,51.77,171.06,1,-1,-1,-1
139,7434,463.32,99.54,49.97,152.28,1,-1,-1,-1
139,7435,400.11,113.96,46.20,139.02,1,-1,-1,-1
140,7432,185.77,92.97,50.39,151.83,1,-1,-1,-1
140,7433,281.39,91.02,52.30,170.85,1,-1,-1,-1
140,7434,463.08,99.55,50.44,152.27,1,-1,-1,-1
140,7435,400.06,113.89,46.08,139.01,1,-1,-1,-1
141,7432,185.87,93.00,50.15,151.79,1,-1,-1,-1
141,7433,281.18,91.05,52.82,170.79,1,-1,-1,-1
141,7434,462.86,99.57,50.84,152.26,1,-1,-1,-1
141,7435,400.10,113.87,45.98,139.00,1,-1,-1,-1
142,7432,185.98,93.01,49.94,151.80,1,-1,-1,-1
142,7433,280.98,91.06,53.30,170.78,1,-1,-1,-1
142,7434,462.67,99.61,51.18,152.23,1,-1,-1,-1
142,7435,400.17,113.88,45.89,139.00,1,-1,-1,-1
143,7432,186.07,93.02,49.75,151.81,1,-1,-1,-1
143,7433,280.79,91.06,53.74,170.79,1,-1,-1,-1
143,7434,462.50,99.64,51.48,152.21,1,-1,-1,-1
143,7435,400.24,113.88,45.80,139.00,1,-1,-1,-1
144,7432,186.16,93.02,49.58,151.83,1,-1,-1,-1
144,7433,280.63,91.05,54.15,170.80,1,-1,-1,-1
144,7434,462.34,99.68,51.74,152.19,1,-1,-1,-1
144,7435,400.31,113.89,45.73,139.00,1,-1,-1,-1
145,7423,379.10,120.86,44.63,137.08,1,-1,-1,-1
145,7432,181.29,94.32,50.17,153.81,1,-1,-1,-1
145,7433,273.20,86.46,55.30,174.10,1,-1,-1,-1
145,7434,461.30,104.27,50.53,148.91,1,-1,-1,-1
145,7435,400.10,111.94,46.21,141.61,1,-1,-1,-1
146,7423,378.21,121.17,46.85,136.85,1,-1,-1,-1
146,7432,179.47,94.82,50.36,154.56,1,-1,-1,-1
146,7433,270.39,84.74,55.80,175.34,1,-1,-1,-1
146,7434,460.92,106.05,50.01,147.65,1,-1,-1,-1
146,7435,400.13,111.21,46.18,142.60,1,-1,-1,-1
147,7423,377.55,121.29,48.34,136.77,1,-1,-1,-1
147,7432,178.81,95.00,50.41,154.85,1,-1,-1,-1
147,7433,269.33,84.09,56.05,175.82,1,-1,-1,-1
147,7434,460.79,106.71,49.77,147.18,1,-1,-1,-1
147,7435,400.26,110.95,45.99,142.96,1,-1,-1,-1
148,7423,377.02,121.31,49.42,136.75,1,-1,-1,-1
148,7432,178.59,95.06,50.40,154.96,1,-1,-1,-1
148,7433,268.94,83.86,56.19,175.99,1,-1,-1,-1
148,7434,460.76,106.96,49.64,147.01,1,-1,-1,-1
148,7435,400.40,110.85,45.75,143.10,1,-1,-1,-1
149,7423,376.60,121.30,50.24,136.77,1,-1,-1,-1
149,7432,178.54,95.08,50.37,155.00,1,-1,-1,-1
149,7433,268.81,83.79,56.29,176.05,1,-1,-1,-1
149,7434,460.76,107.04,49.56,146.95,1,-1,-1,-1
149,7435,400.55,110.83,45.50,143.14,1,-1,-1,-1
150,7423,376.25,121.27,50.89,136.79,1,-1,-1,-1
150,7432,178.55,95.08,50.34,155.01,1,-1,-1,-1
150,7433,268.77,83.78,56.36,176.07,1,-1,-1,-1
150,7434,460.78,107.07,49.50,146.93,1,-1,-1,-1
150,7435,400.68,110.83,45.27,143.14,1,-1,-1,-1
151,7423,375.97,121.24,51.42,136.81,1,-1,-1,-1
151,7432,178.58,95.08,50.31,155.02,1,-1,-1,-1
151,7433,268.77,83.78,56.42,176.07,1,-1,-1,-1
151,7434,460.80,107.08,49.45,146.93,1,-1,-1,-1
151,7435,400.80,110.84,45.06,143.14,1,-1,-1,-1
152,7423,375.73,121.22,51.85,136.83,1,-1,-1,-1
152,7432,178.61,95.07,50.28,155.02,1,-1,-1,-1
152,7433,268.79,83.80,56.48,176.07,1,-1,-1,-1
152,7434,460.82,107.07,49.40,146.93,1,-1,-1,-1
152,7435,400.92,110.86,44.86,143.13,1,-1,-1,-1
153,7423,375.53,121.19,52.22,136.85,1,-1,-1,-1
153,7432,178.65,95.06,50.25,155.02,1,-1,-1,-1
153,7433,268.80,83.82,56.53,176.07,1,-1,-1,-1
153,7434,460.83,107.07,49.36,146.94,1,-1,-1,-1
153,7435,401.02,110.87,44.69,143.11,1,-1,-1,-1
154,7423,366.99,118.54,50.21,134.89,1,-1,-1,-1
154,7432,178.30,97.67,49.69,153.06,1,-1,-1,-1
154,7433,267.81,97.54,50.76,159.09,1,-1,-1,-1
154,7434,455.90,106.41,49.42,147.60,1,-1,-1,-1
154,7435,407.44,112.19,43.60,141.80,1,-1,-1,-1
154,7436,323.00,115.00,43.00,135.00,1,-1,-1,-1
155,7423,364.04,117.53,48.86,134.16,1,-1,-1,-1
155,7432,178.16,98.66,49.51,152.31,1,-1,-1,-1
155,7433,267.54,102.91,48.37,152.46,1,-1,-1,-1
155,7434,454.08,106.16,49.36,147.85,1,-1,-1,-1
155,7435,410.07,112.69,42.84,141.29,1,-1,-1,-1
155,7436,323.00,115.00,43.00,135.00,1,-1,-1,-1
156,7423,363.23,117.15,47.84,133.90,1,-1,-1,-1
156,7432,178.11,99.02,49.48,152.04,1,-1,-1,-1
156,7433,267.54,104.78,47.40,150.17,1,-1,-1,-1
156,7434,453.44,106.06,49.25,147.94,1,-1,-1,-1
156,7435,411.20,112.89,42.24,141.10,1,-1,-1,-1
156,7436,323.00,115.00,43.00,135.00,1,-1,-1,-1
157,7423,363.20,117.01,46.99,133.82,1,-1,-1,-1
157,7432,178.08,99.14,49.49,151.94,1,-1,-1,-1
157,7433,267.63,105.41,46.93,149.40,1,-1,-1,-1
157,7434,453.26,106.02,49.14,147.98,1,-1,-1,-1
157,7435,411.76,112.96,41.72,141.03,1,-1,-1,-1
157,7436,323.00,115.00,43.00,135.00,1,-1,-1,-1
158,7423,363.42,116.96,46.26,133.80,1,-1,-1,-1
158,7432,178.07,99.17,49.53,151.91,1,-1,-1,-1
158,7433,267.74,105.59,46.66,149.18,1,-1,-1,-1
158,7434,453.23,106.01,49.04,148.00,1,-1,-1,-1
158,7435,412.09,112.99,41.26,141.00,1,-1,-1,-1
158,7436,323.00,115.00,43.00,135.00,1,-1,-1,-1
159,7423,363.72,116.95,45.62,133.81,1,-1,-1,-1
159,7432,178.06,99.17,49.57,151.90,1,-1,-1,-1
159,7433,267.85,105.61,46.47,149.16,1,-1,-1,-1
159,7434,453.27,106.00,48.94,148.00,1,-1,-1,-1
159,7435,412.31,113.00,40.86,140.99,1,-1,-1,-1
159,7436,323.00,115.00,43.00,135.00,1,-1,-1,-1
160,7423,364.02,116.95,45.06,133.82,1,-1,-1,-1
160,7432,178.05,99.16,49.61,151.91,1,-1,-1,-1
160,7433,267.96,105.58,46.32,149.21,1,-1,-1,-1
160,7434,453.33,106.00,48.85,148.00,1,-1,-1,-1
160,7435,412.49,113.00,40.49,140.99,1,-1,-1,-1
160,7436,323.00,115.00,43.00,135.00,1,-1,-1,-1
161,7423,364.31,116.95,44.56,133.84,1,-1,-1,-1
161,7432,178.05,99.15,49.65,151.91,1,-1,-1,-1
161,7433,268.06,105.53,46.20,149.28,1,-1,-1,-1
161,7434,453.39,106.00,48.77,148.00,1,-1,-1,-1
161,7435,412.64,113.00,40.16,140.99,1,-1,-1,-1
161,7436,323.00,115.00,43.00,135.00,1,-1,-1,-1
162,7423,364.57,116.95,44.11,133.85,1,-1,-1,-1
162,7432,178.04,99.14,49.68,151.92,1,-1,-1,-1
162,7433,268.15,105.48,46.08,149.34,1,-1,-1,-1
162,7434,453.44,106.00,48.70,148.00,1,-1,-1,-1
162,7435,412.77,113.00,39.86,140.99,1,-1,-1,-1
162,7436,323.00,115.00,43.00,135.00,1,-1,-1,-1
163,7423,362.65,119.58,44.10,133.87,1,-1,-1,-1
163,7432,177.87,99.36,49.64,151.80,1,-1,-1,-1
163,7433,267.81,106.28,45.75,148.27,1,-1,-1,-1
163,7434,448.99,109.92,49.15,145.39,1,-1,-1,-1
163,7435,416.64,114.96,41.23,142.30,1,-1,-1,-1
163,7436,324.45,116.34,43.45,136.34,1,-1,-1,-1
164,7423,361.94,120.57,44.09,133.88,1,-1,-1,-1
164,7434,446.98,111.41,49.99,144.40,1,-1,-1,-1
164,7435,417.82,115.70,42.28,142.79,1,-1,-1,-1
164,7436,324.98,116.84,43.64,136.84,1,-1,-1,-1
165,7423,361.70,120.94,44.08,133.89,1,-1,-1,-1
165,7434,445.93,111.95,50.93,144.03,1,-1,-1,-1
165,7435,418.01,115.98,43.16,142.98,1,-1,-1,-1
165,7436,325.16,117.02,43.72,137.02,1,-1,-1,-1
166,7423,361.64,121.07,44.07,133.90,1,-1,-1,-1
166,7434,445.28,112.14,51.84,143.91,1,-1,-1,-1
166,7435,417.84,116.07,43.92,143.04,1,-1,-1,-1
166,7436,325.22,117.08,43.76,137.08,1,-1,-1,-1
167,7423,361.64,121.11,44.06,133.91,1,-1,-1,-1
167,7434,444.81,112.20,52.70,143.87,1,-1,-1,-1
167,7435,417.56,116.10,44.60,143.06,1,-1,-1,-1
167,7436,325.22,117.09,43.79,137.09,1,-1,-1,-1
168,7423,361.66,121.12,44.06,133.92,1,-1,-1,-1
168,7434,444.42,112.21,53.48,143.86,1,-1,-1,-1
168,7435,417.25,116.11,45.21,143.07,1,-1,-1,-1
168,7436,325.21,117.09,43.81,137.09,1,-1,-1,-1
169,7423,361.69,121.11,44.05,133.93,1,-1,-1,-1
169,7434,444.09,112.20,54.19,143.87,1,-1,-1,-1
169,7435,416.95,116.10,45.77,143.06,1,-1,-1,-1
169,7436,325.19,117.09,43.83,137.09,1,-1,-1,-1
170,7423,361.71,121.11,44.05,133.94,1,-1,-1,-1
170,7434,443.79,112.18,54.84,143.88,1,-1,-1,-1
170,7435,416.68,116.10,46.27,143.06,1,-1,-1,-1
170,7436,325.18,117.08,43.84,137.08,1,-1,-1,-1
171,7423,361.74,121.10,44.04,133.94,1,-1,-1,-1
171,7434,443.52,112.17,55.43,143.89,1,-1,-1,-1
171,7435,416.42,116.09,46.72,143.05,1,-1,-1,-1
171,7436,325.16,117.07,43.86,137.07,1,-1,-1,-1
172,7423,361.50,115.86,45.23,138.52,1,-1,-1,-1
172,7432,178.31,103.90,52.12,157.73,1,-1,-1,-1
172,7434,443.13,112.44,55.36,143.71,1,-1,-1,-1
172,7435,416.03,110.86,49.40,150.88,1,-1,-1,-1
172,7436,323.03,109.86,46.13,143.61,1,-1,-1,-1
172,7437,127.00,91.00,68.00,189.00,1,-1,-1,-1
173,7423,361.50,113.90,45.50,140.24,1,-1,-1,-1
173,7432,178.15,104.09,52.63,158.02,1,-1,-1,-1
173,7435,415.85,108.91,50.47,153.80,1,-1,-1,-1
173,7436,322.19,107.17,47.07,146.05,1,-1,-1,-1
173,7437,127.00,91.00,68.00,189.00,1,-1,-1,-1
174,7423,361.59,113.15,45.45,140.89,1,-1,-1,-1
174,7432,178.01,104.16,52.98,158.12,1,-1,-1,-1
174,7435,415.73,108.15,50.95,154.91,1,-1,-1,-1
174,7436,321.82,106.14,47.52,146.98,1,-1,-1,-1
174,7437,127.00,91.00,68.00,189.00,1,-1,-1,-1
175,7423,361.70,112.88,45.29,141.13,1,-1,-1,-1
175,7432,177.88,104.18,53.26,158.14,1,-1,-1,-1
175,7435,415.64,107.88,51.18,155.31,1,-1,-1,-1
175,7436,321.64,105.77,47.76,147.30,1,-1,-1,-1
175,7437,127.00,91.00,68.00,189.00,1,-1,-1,-1
176,7423,361.82,112.79,45.10,141.20,1,-1,-1,-1
176,7432,177.78,104.17,53.47,158.15,1,-1,-1,-1
176,7435,415.58,107.79,51.31,155.44,1,-1,-1,-1
176,7436,321.54,105.65,47.92,147.40,1,-1,-1,-1
176,7437,127.00,91.00,68.00,189.00,1,-1,-1,-1
177,7423,361.93,112.77,44.91,141.22,1,-1,-1,-1
177,7432,177.69,104.16,53.65,158.14,1,-1,-1,-1
177,7435,415.52,107.77,51.39,155.46,1,-1,-1,-1
177,7436,321.48,105.63,48.04,147.41,1,-1,-1,-1
177,7437,127.00,91.00,68.00,189.00,1,-1,-1,-1
178,7423,362.03,112.78,44.73,141.21,1,-1,-1,-1
178,7432,177.61,104.15,53.81,158.13,1,-1,-1,-1
178,7435,415.47,107.77,51.46,155.44,1,-1,-1,-1
178,7436,321.43,105.64,48.13,147.39,1,-1,-1,-1
178,7437,127.00,91.00,68.00,189.00,1,-1,-1,-1
179,7423,362.12,112.79,44.56,141.19,1,-1,-1,-1
179,7432,177.54,104.13,53.94,158.12,1,-1,-1,-1
179,7435,415.43,107.79,51.51,155.41,1,-1,-1,-1
179,7436,321.38,105.67,48.22,147.36,1,-1,-1,-1
179,7437,127.00,91.00,68.00,189.00,1,-1,-1,-1
