1,1,753.00,170.00,17.00,33.00,1,-1,-1,-1
1,2,707.00,169.00,21.00,30.00,1,-1,-1,-1
2,1,753.00,170.00,17.00,33.00,1,-1,-1,-1
2,2,707.00,169.00,21.00,30.00,1,-1,-1,-1
3,1,753.00,170.00,17.00,33.00,1,-1,-1,-1
3,2,707.00,169.00,21.00,30.00,1,-1,-1,-1
4,1,753.00,170.00,17.00,33.00,1,-1,-1,-1
4,2,707.00,169.00,21.00,30.00,1,-1,-1,-1
5,1,753.00,170.00,17.00,33.00,1,-1,-1,-1
5,2,707.00,169.00,21.00,30.00,1,-1,-1,-1
6,1,753.00,170.00,17.00,33.00,1,-1,-1,-1
6,2,707.00,169.00,21.00,30.00,1,-1,-1,-1
7,1,753.00,170.00,17.00,33.00,1,-1,-1,-1
7,2,707.00,169.00,21.00,30.00,1,-1,-1,-1
8,1,754.49,167.95,19.49,37.79,1,-1,-1,-1
8,2,701.00,166.95,24.12,34.79,1,-1,-1,-1
9,1,755.01,167.23,20.39,39.47,1,-1,-1,-1
9,2,698.98,166.23,25.03,36.47,1,-1,-1,-1
10,1,755.20,166.95,20.75,40.12,1,-1,-1,-1
10,2,698.27,165.95,25.23,37.12,1,-1,-1,-1
11,1,755.25,166.85,20.89,40.35,1,-1,-1,-1
11,2,698.11,165.85,25.14,37.35,1,-1,-1,-1
12,1,755.26,166.83,20.94,40.40,1,-1,-1,-1
12,2,698.16,165.83,24.94,37.40,1,-1,-1,-1
13,1,755.25,166.83,20.96,40.39,1,-1,-1,-1
13,2,698.27,165.83,24.72,37.40,1,-1,-1,-1
14,1,755.23,166.84,20.96,40.37,1,-1,-1,-1
14,2,698.41,165.84,24.49,37.37,1,-1,-1,-1
15,1,762.11,172.70,16.90,31.24,1,-1,-1,-1
15,2,695.67,167.80,22.90,35.39,1,-1,-1,-1
15,3,483.00,174.00,17.00,26.00,1,-1,-1,-1
15,4,828.00,179.00,31.00,48.00,1,-1,-1,-1
16,1,764.84,175.16,15.37,27.39,1,-1,-1,-1
16,2,694.71,168.58,22.11,34.59,1,-1,-1,-1
16,3,483.00,174.00,17.00,26.00,1,-1,-1,-1
16,4,828.00,179.00,31.00,48.00,1,-1,-1,-1
17,1,763.74,172.35,19.47,34.75,1,-1,-1,-1
17,2,693.76,168.60,22.27,34.84,1,-1,-1,-1
17,4,823.12,171.49,31.76,49.50,1,-1,-1,-1
18,1,763.50,171.55,20.66,36.92,1,-1,-1,-1
18,4,821.59,168.99,31.82,50.00,1,-1,-1,-1
19,1,763.35,171.19,21.15,37.83,1,-1,-1,-1
19,4,821.27,168.28,31.60,50.14,1,-1,-1,-1
20,1,763.27,171.05,21.32,38.17,1,-1,-1,-1
20,4,821.36,168.17,31.27,50.17,1,-1,-1,-1
21,1,763.22,171.00,21.36,38.28,1,-1,-1,-1
21,4,821.58,168.22,30.90,50.16,1,-1,-1,-1
22,1,763.70,170.94,21.68,38.86,1,-1,-1,-1
22,4,821.16,171.72,22.33,35.84,1,-1,-1,-1
22,5,881.00,162.00,37.00,78.00,1,-1,-1,-1
22,6,701.00,156.00,19.00,26.00,1,-1,-1,-1
22,7,748.00,168.00,22.00,39.00,1,-1,-1,-1
23,4,821.11,173.36,18.95,30.08,1,-1,-1,-1
23,5,881.00,162.00,37.00,78.00,1,-1,-1,-1
23,6,701.00,156.00,19.00,26.00,1,-1,-1,-1
23,7,748.00,168.00,22.00,39.00,1,-1,-1,-1
24,4,821.06,173.80,18.24,28.63,1,-1,-1,-1
24,5,881.00,162.00,37.00,78.00,1,-1,-1,-1
24,6,701.00,156.00,19.00,26.00,1,-1,-1,-1
24,7,748.00,168.00,22.00,39.00,1,-1,-1,-1
25,4,820.99,173.93,18.20,28.27,1,-1,-1,-1
25,5,881.00,162.00,37.00,78.00,1,-1,-1,-1
25,6,701.00,156.00,19.00,26.00,1,-1,-1,-1
25,7,748.00,168.00,22.00,39.00,1,-1,-1,-1
26,4,820.92,173.97,18.36,28.24,1,-1,-1,-1
26,5,881.00,162.00,37.00,78.00,1,-1,-1,-1
26,6,701.00,156.00,19.00,26.00,1,-1,-1,-1
26,7,748.00,168.00,22.00,39.00,1,-1,-1,-1
27,4,820.64,173.96,17.33,26.66,1,-1,-1,-1
27,5,889.08,182.51,22.95,46.89,1,-1,-1,-1
27,6,701.00,156.00,19.00,26.00,1,-1,-1,-1
27,7,748.00,168.00,22.00,39.00,1,-1,-1,-1
27,8,1047.00,162.00,67.00,128.00,1,-1,-1,-1
27,9,434.00,181.00,23.00,40.00,1,-1,-1,-1
28,5,892.15,190.41,17.65,34.90,1,-1,-1,-1
28,8,1047.00,162.00,67.00,128.00,1,-1,-1,-1
28,9,434.00,181.00,23.00,40.00,1,-1,-1,-1
29,5,894.41,195.62,13.65,26.99,1,-1,-1,-1
29,10,1100.00,157.00,94.00,144.00,1,-1,-1,-1
29,11,428.00,176.00,19.00,29.00,1,-1,-1,-1
30,10,1100.00,157.00,94.00,144.00,1,-1,-1,-1
30,11,428.00,176.00,19.00,29.00,1,-1,-1,-1
31,10,1100.00,157.00,94.00,144.00,1,-1,-1,-1
31,11,428.00,176.00,19.00,29.00,1,-1,-1,-1
32,10,1100.00,157.00,94.00,144.00,1,-1,-1,-1
32,11,428.00,176.00,19.00,29.00,1,-1,-1,-1
33,10,1100.00,157.00,94.00,144.00,1,-1,-1,-1
33,11,428.00,176.00,19.00,29.00,1,-1,-1,-1
34,10,1100.00,157.00,94.00,144.00,1,-1,-1,-1
34,11,428.00,176.00,19.00,29.00,1,-1,-1,-1
35,10,1100.00,157.00,94.00,144.00,1,-1,-1,-1
35,11,428.00,176.00,19.00,29.00,1,-1,-1,-1
36,10,1100.00,157.00,94.00,144.00,1,-1,-1,-1
36,11,428.00,176.00,19.00,29.00,1,-1,-1,-1
36,12,298.00,172.00,24.00,37.00,1,-1,-1,-1
36,13,482.00,173.00,16.00,31.00,1,-1,-1,-1
36,14,372.00,176.00,29.00,50.00,1,-1,-1,-1
36,15,377.00,175.00,21.00,33.00,1,-1,-1,-1
37,12,298.00,172.00,24.00,37.00,1,-1,-1,-1
37,13,482.00,173.00,16.00,31.00,1,-1,-1,-1
37,14,372.00,176.00,29.00,50.00,1,-1,-1,-1
37,15,377.00,175.00,21.00,33.00,1,-1,-1,-1
38,12,298.00,172.00,24.00,37.00,1,-1,-1,-1
38,13,482.00,173.00,16.00,31.00,1,-1,-1,-1
38,14,372.00,176.00,29.00,50.00,1,-1,-1,-1
38,15,377.00,175.00,21.00,33.00,1,-1,-1,-1
39,12,298.00,172.00,24.00,37.00,1,-1,-1,-1
39,13,482.00,173.00,16.00,31.00,1,-1,-1,-1
39,14,372.00,176.00,29.00,50.00,1,-1,-1,-1
39,15,377.00,175.00,21.00,33.00,1,-1,-1,-1
40,12,298.00,172.00,24.00,37.00,1,-1,-1,-1
40,13,482.00,173.00,16.00,31.00,1,-1,-1,-1
40,14,372.00,176.00,29.00,50.00,1,-1,-1,-1
40,15,377.00,175.00,21.00,33.00,1,-1,-1,-1
41,12,298.00,172.00,24.00,37.00,1,-1,-1,-1
41,13,482.00,173.00,16.00,31.00,1,-1,-1,-1
41,14,372.00,176.00,29.00,50.00,1,-1,-1,-1
41,15,377.00,175.00,21.00,33.00,1,-1,-1,-1
42,12,298.00,172.00,24.00,37.00,1,-1,-1,-1
42,13,482.00,173.00,16.00,31.00,1,-1,-1,-1
42,14,372.00,176.00,29.00,50.00,1,-1,-1,-1
42,15,377.00,175.00,21.00,33.00,1,-1,-1,-1
43,11,429.13,171.18,24.45,37.67,1,-1,-1,-1
43,12,298.00,172.00,24.00,37.00,1,-1,-1,-1
43,13,482.00,173.00,16.00,31.00,1,-1,-1,-1
43,14,372.00,176.00,29.00,50.00,1,-1,-1,-1
43,15,377.00,175.00,21.00,33.00,1,-1,-1,-1
43,16,207.00,170.00,28.00,47.00,1,-1,-1,-1
43,17,179.00,168.00,27.00,53.00,1,-1,-1,-1
43,18,289.00,176.00,44.00,76.00,1,-1,-1,-1
44,11,429.28,170.92,24.56,38.14,1,-1,-1,-1
44,16,207.00,170.00,28.00,47.00,1,-1,-1,-1
44,17,179.00,168.00,27.00,53.00,1,-1,-1,-1
44,18,289.00,176.00,44.00,76.00,1,-1,-1,-1
45,11,429.39,170.83,24.50,38.31,1,-1,-1,-1
45,16,207.00,170.00,28.00,47.00,1,-1,-1,-1
45,17,179.00,168.00,27.00,53.00,1,-1,-1,-1
45,18,289.00,176.00,44.00,76.00,1,-1,-1,-1
46,11,429.46,170.80,24.39,38.35,1,-1,-1,-1
46,16,207.00,170.00,28.00,47.00,1,-1,-1,-1
46,17,179.00,168.00,27.00,53.00,1,-1,-1,-1
46,18,289.00,176.00,44.00,76.00,1,-1,-1,-1
47,11,429.52,170.81,24.26,38.35,1,-1,-1,-1
47,16,207.00,170.00,28.00,47.00,1,-1,-1,-1
47,17,179.00,168.00,27.00,53.00,1,-1,-1,-1
47,18,289.00,176.00,44.00,76.00,1,-1,-1,-1
48,11,429.58,170.82,24.14,38.33,1,-1,-1,-1
48,16,207.00,170.00,28.00,47.00,1,-1,-1,-1
48,17,179.00,168.00,27.00,53.00,1,-1,-1,-1
48,18,289.00,176.00,44.00,76.00,1,-1,-1,-1
49,11,429.62,170.83,24.03,38.31,1,-1,-1,-1
49,16,207.00,170.00,28.00,47.00,1,-1,-1,-1
49,17,179.00,168.00,27.00,53.00,1,-1,-1,-1
49,18,289.00,176.00,44.00,76.00,1,-1,-1,-1
50,11,428.24,171.49,22.26,35.70,1,-1,-1,-1
50,16,207.00,170.00,28.00,47.00,1,-1,-1,-1
50,17,179.00,168.00,27.00,53.00,1,-1,-1,-1
50,18,289.00,176.00,44.00,76.00,1,-1,-1,-1
51,11,427.73,171.76,21.48,34.66,1,-1,-1,-1
52,11,427.57,171.87,21.13,34.27,1,-1,-1,-1
53,11,427.55,171.91,20.95,34.12,1,-1,-1,-1
54,11,427.56,171.93,20.82,34.06,1,-1,-1,-1
55,11,427.60,171.94,20.73,34.04,1,-1,-1,-1
56,11,427.63,171.95,20.66,34.03,1,-1,-1,-1
57,11,431.44,175.88,18.94,31.40,1,-1,-1,-1
57,16,224.99,189.26,21.87,35.44,1,-1,-1,-1
57,17,161.02,189.19,20.58,38.55,1,-1,-1,-1
57,18,288.79,188.52,28.05,48.07,1,-1,-1,-1
57,19,753.00,169.00,24.00,43.00,1,-1,-1,-1
58,11,429.41,175.38,19.21,31.74,1,-1,-1,-1
58,12,275.51,182.88,42.28,65.68,1,-1,-1,-1
58,16,226.52,190.85,21.28,34.49,1,-1,-1,-1
58,17,165.39,190.99,20.76,36.30,1,-1,-1,-1
58,18,288.78,189.55,26.71,45.76,1,-1,-1,-1
58,20,101.00,190.00,30.00,33.00,1,-1,-1,-1
59,11,428.67,175.21,19.34,31.86,1,-1,-1,-1
59,12,274.96,183.20,42.59,66.53,1,-1,-1,-1
59,17,165.91,191.51,21.58,35.70,1,-1,-1,-1
59,20,101.00,190.00,30.00,33.00,1,-1,-1,-1
60,11,426.64,176.45,18.31,29.93,1,-1,-1,-1
60,12,273.76,183.78,43.56,68.06,1,-1,-1,-1
60,17,161.45,191.64,21.45,33.46,1,-1,-1,-1
60,21,83.00,191.00,27.00,32.00,1,-1,-1,-1
61,11,425.82,176.91,17.99,29.20,1,-1,-1,-1
61,17,159.60,191.59,22.02,32.73,1,-1,-1,-1
61,21,83.00,191.00,27.00,32.00,1,-1,-1,-1
62,11,425.55,177.22,17.77,28.85,1,-1,-1,-1
62,14,433.73,177.99,15.74,25.18,1,-1,-1,-1
62,17,158.83,188.75,26.04,38.08,1,-1,-1,-1
62,22,749.00,179.00,29.00,46.00,1,-1,-1,-1
62,23,879.00,167.00,29.00,48.00,1,-1,-1,-1
62,24,12.00,188.00,38.00,37.00,1,-1,-1,-1
62,25,820.00,175.00,19.00,32.00,1,-1,-1,-1
62,26,96.00,189.00,34.00,36.00,1,-1,-1,-1
62,27,362.00,181.00,24.00,42.00,1,-1,-1,-1
63,14,436.65,178.08,15.02,24.03,1,-1,-1,-1
63,17,157.96,189.29,25.85,37.80,1,-1,-1,-1
63,26,90.51,189.00,36.41,38.57,1,-1,-1,-1
64,14,429.02,177.10,17.67,27.55,1,-1,-1,-1
64,15,417.68,177.98,29.11,44.93,1,-1,-1,-1
64,26,74.81,189.00,39.41,41.92,1,-1,-1,-1
64,28,757.00,184.00,24.00,37.00,1,-1,-1,-1
64,29,344.00,181.00,31.00,43.00,1,-1,-1,-1
64,30,137.00,172.00,68.00,113.00,1,-1,-1,-1
65,14,430.53,177.05,17.35,27.04,1,-1,-1,-1
65,15,419.45,178.11,29.44,45.45,1,-1,-1,-1
65,18,306.89,184.15,22.74,38.89,1,-1,-1,-1
65,26,69.14,189.00,40.69,43.28,1,-1,-1,-1
65,29,341.17,180.14,31.53,43.86,1,-1,-1,-1
65,30,121.03,165.14,75.08,125.00,1,-1,-1,-1
66,18,307.56,184.01,22.52,38.47,1,-1,-1,-1
66,29,340.75,180.00,31.50,44.00,1,-1,-1,-1
66,30,118.47,164.00,76.07,127.00,1,-1,-1,-1
67,18,307.73,183.97,22.50,38.39,1,-1,-1,-1
67,29,340.71,179.96,31.35,44.04,1,-1,-1,-1
67,30,117.86,163.68,76.14,127.56,1,-1,-1,-1
68,18,307.72,183.95,22.53,38.41,1,-1,-1,-1
68,29,340.80,179.96,31.16,44.04,1,-1,-1,-1
68,30,117.92,163.64,75.87,127.62,1,-1,-1,-1
69,18,307.67,183.95,22.57,38.46,1,-1,-1,-1
69,29,340.92,179.96,30.94,44.04,1,-1,-1,-1
69,30,118.17,163.68,75.49,127.57,1,-1,-1,-1
70,18,307.61,183.96,22.62,38.52,1,-1,-1,-1
70,29,341.05,179.97,30.71,44.03,1,-1,-1,-1
70,30,118.45,163.72,75.09,127.49,1,-1,-1,-1
71,18,308.55,183.88,22.14,37.70,1,-1,-1,-1
71,29,340.87,179.91,30.75,44.09,1,-1,-1,-1
71,30,117.37,163.26,75.56,128.30,1,-1,-1,-1
71,31,560.00,175.00,18.00,27.00,1,-1,-1,-1
71,32,361.00,180.00,31.00,56.00,1,-1,-1,-1
71,33,284.00,179.00,28.00,60.00,1,-1,-1,-1
71,34,504.00,178.00,15.00,22.00,1,-1,-1,-1
71,35,746.00,176.00,22.00,29.00,1,-1,-1,-1
72,12,279.05,179.57,36.84,61.27,1,-1,-1,-1
72,31,560.00,175.00,18.00,27.00,1,-1,-1,-1
72,32,361.00,180.00,31.00,56.00,1,-1,-1,-1
72,34,504.00,178.00,15.00,22.00,1,-1,-1,-1
72,35,746.00,176.00,22.00,29.00,1,-1,-1,-1
73,12,280.44,179.15,34.76,60.39,1,-1,-1,-1
73,31,560.00,175.00,18.00,27.00,1,-1,-1,-1
73,32,361.00,180.00,31.00,56.00,1,-1,-1,-1
73,34,504.00,178.00,15.00,22.00,1,-1,-1,-1
73,35,746.00,176.00,22.00,29.00,1,-1,-1,-1
74,12,281.10,179.06,33.57,60.21,1,-1,-1,-1
74,31,560.00,175.00,18.00,27.00,1,-1,-1,-1
74,32,361.00,180.00,31.00,56.00,1,-1,-1,-1
74,34,504.00,178.00,15.00,22.00,1,-1,-1,-1
74,35,746.00,176.00,22.00,29.00,1,-1,-1,-1
75,12,281.56,179.02,32.71,60.14,1,-1,-1,-1
75,31,560.00,175.00,18.00,27.00,1,-1,-1,-1
75,32,361.00,180.00,31.00,56.00,1,-1,-1,-1
75,34,504.00,178.00,15.00,22.00,1,-1,-1,-1
75,35,746.00,176.00,22.00,29.00,1,-1,-1,-1
76,12,281.90,179.01,32.05,60.11,1,-1,-1,-1
76,31,560.00,175.00,18.00,27.00,1,-1,-1,-1
76,32,361.00,180.00,31.00,56.00,1,-1,-1,-1
76,34,504.00,178.00,15.00,22.00,1,-1,-1,-1
76,35,746.00,176.00,22.00,29.00,1,-1,-1,-1
77,12,282.18,179.00,31.52,60.09,1,-1,-1,-1
77,31,560.00,175.00,18.00,27.00,1,-1,-1,-1
77,32,361.00,180.00,31.00,56.00,1,-1,-1,-1
77,34,504.00,178.00,15.00,22.00,1,-1,-1,-1
77,35,746.00,176.00,22.00,29.00,1,-1,-1,-1
78,12,286.74,180.32,36.29,70.65,1,-1,-1,-1
78,29,350.70,183.83,25.93,36.32,1,-1,-1,-1
78,31,560.00,175.00,18.00,27.00,1,-1,-1,-1
78,32,361.00,180.00,31.00,56.00,1,-1,-1,-1
78,34,504.00,178.00,15.00,22.00,1,-1,-1,-1
78,35,744.02,169.16,30.06,39.94,1,-1,-1,-1
78,36,1075.00,160.00,120.00,171.00,1,-1,-1,-1
78,37,150.00,181.00,31.00,63.00,1,-1,-1,-1
79,12,288.61,180.80,37.55,74.45,1,-1,-1,-1
79,29,350.98,184.03,26.15,35.93,1,-1,-1,-1
79,35,743.45,166.85,32.59,43.64,1,-1,-1,-1
79,36,1075.00,160.00,120.00,171.00,1,-1,-1,-1
79,37,150.00,181.00,31.00,63.00,1,-1,-1,-1
80,12,289.54,180.99,37.72,75.99,1,-1,-1,-1
80,29,350.95,184.10,26.47,35.79,1,-1,-1,-1
80,30,146.22,180.35,37.51,65.15,1,-1,-1,-1
80,35,743.29,165.86,33.51,45.22,1,-1,-1,-1
80,36,1075.00,160.00,120.00,171.00,1,-1,-1,-1
81,12,290.03,181.06,37.48,76.55,1,-1,-1,-1
81,29,350.81,184.12,26.81,35.76,1,-1,-1,-1
81,30,147.76,181.05,35.45,62.75,1,-1,-1,-1
81,35,743.31,165.50,33.67,45.80,1,-1,-1,-1
81,36,1075.00,160.00,120.00,171.00,1,-1,-1,-1
82,12,290.34,181.08,37.11,76.72,1,-1,-1,-1
82,29,350.64,184.12,27.14,35.76,1,-1,-1,-1
82,30,148.39,181.27,34.42,61.90,1,-1,-1,-1
82,35,743.41,165.40,33.54,45.97,1,-1,-1,-1
82,36,1075.00,160.00,120.00,171.00,1,-1,-1,-1
83,12,290.55,181.09,36.73,76.74,1,-1,-1,-1
83,29,350.48,184.11,27.43,35.78,1,-1,-1,-1
83,30,148.67,181.31,33.90,61.79,1,-1,-1,-1
83,35,743.53,165.39,33.31,45.97,1,-1,-1,-1
83,36,1075.00,160.00,120.00,171.00,1,-1,-1,-1
84,12,290.72,181.08,36.36,76.71,1,-1,-1,-1
84,29,350.33,184.10,27.69,35.81,1,-1,-1,-1
84,30,148.83,181.28,33.57,61.91,1,-1,-1,-1
84,35,743.65,165.42,33.05,45.92,1,-1,-1,-1
84,36,1075.00,160.00,120.00,171.00,1,-1,-1,-1
85,11,408.41,176.03,35.17,58.86,1,-1,-1,-1
85,12,291.10,181.22,36.90,77.85,1,-1,-1,-1
85,14,419.03,174.00,21.10,32.97,1,-1,-1,-1
85,18,298.26,183.00,26.79,42.85,1,-1,-1,-1
85,29,350.74,184.25,27.44,35.48,1,-1,-1,-1
85,30,152.19,178.45,34.49,63.45,1,-1,-1,-1
85,35,740.37,167.38,33.19,46.50,1,-1,-1,-1
85,36,1075.00,160.00,120.00,171.00,1,-1,-1,-1
85,38,85.00,149.00,1014.00,94.00,1,-1,-1,-1
86,11,408.39,176.00,34.87,59.51,1,-1,-1,-1
86,14,418.81,173.94,21.15,33.09,1,-1,-1,-1
86,18,297.46,182.97,27.98,42.98,1,-1,-1,-1
86,30,153.33,177.44,34.89,64.06,1,-1,-1,-1
86,35,739.18,168.16,33.07,46.68,1,-1,-1,-1
86,38,85.00,149.00,1014.00,94.00,1,-1,-1,-1
87,11,408.54,175.99,34.50,59.67,1,-1,-1,-1
87,14,418.76,173.92,21.15,33.12,1,-1,-1,-1
87,18,296.97,182.97,28.82,43.03,1,-1,-1,-1
87,30,153.67,177.07,35.11,64.34,1,-1,-1,-1
87,35,738.80,168.49,32.85,46.71,1,-1,-1,-1
87,38,85.00,149.00,1014.00,94.00,1,-1,-1,-1
88,11,408.70,175.98,34.18,59.70,1,-1,-1,-1
88,14,418.75,173.92,21.14,33.12,1,-1,-1,-1
88,18,296.64,182.97,29.44,43.05,1,-1,-1,-1
88,30,153.74,176.95,35.24,64.49,1,-1,-1,-1
88,35,738.73,168.64,32.62,46.68,1,-1,-1,-1
88,38,85.00,149.00,1014.00,94.00,1,-1,-1,-1
89,11,408.84,175.98,33.91,59.68,1,-1,-1,-1
89,14,418.76,173.93,21.13,33.12,1,-1,-1,-1
89,18,296.39,182.97,29.93,43.05,1,-1,-1,-1
89,30,153.71,176.91,35.34,64.57,1,-1,-1,-1
89,35,738.77,168.71,32.38,46.63,1,-1,-1,-1
89,38,85.00,149.00,1014.00,94.00,1,-1,-1,-1
90,11,408.20,175.96,34.52,60.76,1,-1,-1,-1
90,14,418.43,173.81,21.25,33.31,1,-1,-1,-1
90,18,296.12,182.92,29.99,43.15,1,-1,-1,-1
90,30,154.57,176.71,34.97,63.90,1,-1,-1,-1
90,35,733.71,175.20,32.16,45.93,1,-1,-1,-1
90,38,90.77,149.71,998.21,91.88,1,-1,-1,-1
90,39,352.00,165.00,29.00,73.00,1,-1,-1,-1
91,35,731.70,177.73,32.18,45.63,1,-1,-1,-1
91,38,90.36,149.96,997.55,91.13,1,-1,-1,-1
91,39,352.00,165.00,29.00,73.00,1,-1,-1,-1
92,35,730.75,178.11,32.71,46.38,1,-1,-1,-1
92,38,92.60,150.12,992.06,90.63,1,-1,-1,-1
113,40,686.00,170.00,27.00,36.00,1,-1,-1,-1
114,40,686.00,170.00,27.00,36.00,1,-1,-1,-1
115,40,688.40,179.01,29.71,39.75,1,-1,-1,-1
115,41,12.00,154.00,63.00,97.00,1,-1,-1,-1
116,40,689.25,182.01,30.51,41.00,1,-1,-1,-1
116,41,12.00,154.00,63.00,97.00,1,-1,-1,-1
117,40,689.57,182.91,30.63,41.38,1,-1,-1,-1
117,41,12.00,154.00,63.00,97.00,1,-1,-1,-1
118,40,689.70,183.07,30.50,41.45,1,-1,-1,-1
118,41,12.00,154.00,63.00,97.00,1,-1,-1,-1
119,40,689.77,183.01,30.30,41.42,1,-1,-1,-1
119,41,12.00,154.00,63.00,97.00,1,-1,-1,-1
120,40,690.23,184.76,30.83,42.15,1,-1,-1,-1
120,41,12.00,154.00,63.00,97.00,1,-1,-1,-1
127,42,275.00,186.00,64.00,120.00,1,-1,-1,-1
128,42,275.00,186.00,64.00,120.00,1,-1,-1,-1
129,42,275.00,186.00,64.00,120.00,1,-1,-1,-1
130,42,275.00,186.00,64.00,120.00,1,-1,-1,-1
131,42,275.00,186.00,64.00,120.00,1,-1,-1,-1
132,42,275.00,186.00,64.00,120.00,1,-1,-1,-1
133,42,275.00,186.00,64.00,120.00,1,-1,-1,-1
134,42,275.00,186.00,64.00,120.00,1,-1,-1,-1
218,43,626.00,173.00,15.00,28.00,1,-1,-1,-1
218,44,758.00,168.00,18.00,41.00,1,-1,-1,-1
219,43,626.00,173.00,15.00,28.00,1,-1,-1,-1
219,44,758.00,168.00,18.00,41.00,1,-1,-1,-1
220,43,626.00,173.00,15.00,28.00,1,-1,-1,-1
220,44,758.00,168.00,18.00,41.00,1,-1,-1,-1
221,43,626.00,173.00,15.00,28.00,1,-1,-1,-1
221,44,758.00,168.00,18.00,41.00,1,-1,-1,-1
222,43,626.00,173.00,15.00,28.00,1,-1,-1,-1
222,44,758.00,168.00,18.00,41.00,1,-1,-1,-1
223,43,626.00,173.00,15.00,28.00,1,-1,-1,-1
223,44,758.00,168.00,18.00,41.00,1,-1,-1,-1
224,43,626.00,173.00,15.00,28.00,1,-1,-1,-1
224,44,758.00,168.00,18.00,41.00,1,-1,-1,-1
225,43,622.00,170.26,16.85,31.42,1,-1,-1,-1
225,44,760.99,171.42,14.76,33.48,1,-1,-1,-1
225,45,878.00,177.00,14.00,30.00,1,-1,-1,-1
225,46,881.00,183.00,19.00,42.00,1,-1,-1,-1
226,43,620.57,169.30,17.52,32.63,1,-1,-1,-1
226,44,762.12,172.73,13.54,30.59,1,-1,-1,-1
226,45,878.00,177.00,14.00,30.00,1,-1,-1,-1
226,46,881.00,183.00,19.00,42.00,1,-1,-1,-1
227,43,620.02,168.93,17.79,33.09,1,-1,-1,-1
227,44,762.43,173.11,13.22,29.76,1,-1,-1,-1
227,45,878.00,177.00,14.00,30.00,1,-1,-1,-1
227,46,881.00,183.00,19.00,42.00,1,-1,-1,-1
228,43,619.83,168.80,17.89,33.25,1,-1,-1,-1
228,44,762.50,173.21,13.17,29.53,1,-1,-1,-1
228,45,878.00,177.00,14.00,30.00,1,-1,-1,-1
228,46,881.00,183.00,19.00,42.00,1,-1,-1,-1
229,43,619.78,168.77,17.93,33.28,1,-1,-1,-1
229,44,762.49,173.23,13.21,29.50,1,-1,-1,-1
229,45,878.00,177.00,14.00,30.00,1,-1,-1,-1
229,46,881.00,183.00,19.00,42.00,1,-1,-1,-1
230,43,619.78,168.78,17.95,33.28,1,-1,-1,-1
230,44,762.45,173.21,13.27,29.53,1,-1,-1,-1
230,45,878.00,177.00,14.00,30.00,1,-1,-1,-1
230,46,881.00,183.00,19.00,42.00,1,-1,-1,-1
231,43,619.79,168.79,17.95,33.26,1,-1,-1,-1
231,44,762.41,173.19,13.33,29.58,1,-1,-1,-1
231,45,878.00,177.00,14.00,30.00,1,-1,-1,-1
231,46,881.00,183.00,19.00,42.00,1,-1,-1,-1
232,43,624.91,172.72,13.61,24.78,1,-1,-1,-1
232,44,762.19,171.82,15.78,35.02,1,-1,-1,-1
232,45,878.00,177.00,14.00,30.00,1,-1,-1,-1
232,46,881.00,183.00,19.00,42.00,1,-1,-1,-1
233,43,627.09,174.40,11.82,21.17,1,-1,-1,-1
233,44,762.12,171.35,16.61,36.91,1,-1,-1,-1
234,43,627.70,174.91,11.39,20.10,1,-1,-1,-1
234,44,762.09,171.15,16.96,37.69,1,-1,-1,-1
235,43,627.83,175.06,11.36,19.79,1,-1,-1,-1
235,44,762.07,171.07,17.08,37.99,1,-1,-1,-1
236,43,627.82,175.10,11.45,19.71,1,-1,-1,-1
236,44,762.06,171.03,17.12,38.09,1,-1,-1,-1
237,43,627.77,175.11,11.57,19.71,1,-1,-1,-1
237,44,762.05,171.02,17.13,38.13,1,-1,-1,-1
238,43,627.70,175.10,11.70,19.73,1,-1,-1,-1
238,44,762.05,171.01,17.13,38.13,1,-1,-1,-1
239,43,627.93,175.27,11.42,19.26,1,-1,-1,-1
239,44,762.17,171.03,17.23,38.36,1,-1,-1,-1
239,47,748.00,170.00,21.00,41.00,1,-1,-1,-1
239,48,550.00,178.00,25.00,49.00,1,-1,-1,-1
240,47,748.00,170.00,21.00,41.00,1,-1,-1,-1
240,48,550.00,178.00,25.00,49.00,1,-1,-1,-1
241,44,751.42,170.18,18.52,40.62,1,-1,-1,-1
241,48,550.00,178.00,25.00,49.00,1,-1,-1,-1
242,43,622.49,174.17,13.04,21.61,1,-1,-1,-1
242,44,749.91,174.00,17.57,37.04,1,-1,-1,-1
242,48,556.28,177.26,15.41,29.71,1,-1,-1,-1
242,49,512.00,174.00,17.00,34.00,1,-1,-1,-1
242,50,724.00,173.00,15.00,27.00,1,-1,-1,-1
242,51,497.00,177.00,25.00,53.00,1,-1,-1,-1
243,43,621.85,174.06,13.37,21.83,1,-1,-1,-1
243,44,749.23,175.42,17.51,35.69,1,-1,-1,-1
243,48,558.39,177.00,12.21,23.09,1,-1,-1,-1
243,49,512.00,174.00,17.00,34.00,1,-1,-1,-1
243,50,724.00,173.00,15.00,27.00,1,-1,-1,-1
243,51,497.00,177.00,25.00,53.00,1,-1,-1,-1
244,43,621.57,174.02,13.59,21.92,1,-1,-1,-1
244,44,748.86,175.92,17.77,35.21,1,-1,-1,-1
244,48,558.56,176.97,12.00,22.23,1,-1,-1,-1
244,49,512.00,174.00,17.00,34.00,1,-1,-1,-1
244,50,724.00,173.00,15.00,27.00,1,-1,-1,-1
244,51,497.00,177.00,25.00,53.00,1,-1,-1,-1
245,43,621.44,174.00,13.76,21.96,1,-1,-1,-1
245,44,748.62,176.10,18.12,35.04,1,-1,-1,-1
245,48,558.51,176.96,12.13,22.00,1,-1,-1,-1
245,49,512.00,174.00,17.00,34.00,1,-1,-1,-1
245,50,724.00,173.00,15.00,27.00,1,-1,-1,-1
245,51,497.00,177.00,25.00,53.00,1,-1,-1,-1
246,43,621.08,174.00,13.73,21.92,1,-1,-1,-1
246,44,748.02,176.44,18.06,34.93,1,-1,-1,-1
246,48,564.22,175.45,11.30,19.81,1,-1,-1,-1
246,49,512.00,174.00,17.00,34.00,1,-1,-1,-1
246,50,724.00,173.00,15.00,27.00,1,-1,-1,-1
246,51,486.55,176.28,27.79,58.80,1,-1,-1,-1
247,48,563.65,173.45,12.61,21.66,1,-1,-1,-1
247,51,481.54,174.69,30.34,64.11,1,-1,-1,-1
247,52,497.00,169.00,21.00,49.00,1,-1,-1,-1
248,48,563.44,172.88,13.14,22.13,1,-1,-1,-1
248,51,479.69,174.08,31.33,66.11,1,-1,-1,-1
248,52,497.00,169.00,21.00,49.00,1,-1,-1,-1
249,48,563.20,172.71,13.54,22.38,1,-1,-1,-1
249,51,479.10,173.86,31.70,66.79,1,-1,-1,-1
249,52,497.00,169.00,21.00,49.00,1,-1,-1,-1
250,48,562.98,172.69,13.86,22.51,1,-1,-1,-1
250,51,478.99,173.80,31.83,66.96,1,-1,-1,-1
250,52,497.00,169.00,21.00,49.00,1,-1,-1,-1
251,48,562.79,172.70,14.14,22.59,1,-1,-1,-1
251,51,479.03,173.79,31.87,66.95,1,-1,-1,-1
251,52,497.00,169.00,21.00,49.00,1,-1,-1,-1
252,48,562.62,172.73,14.39,22.65,1,-1,-1,-1
252,51,479.12,173.80,31.88,66.88,1,-1,-1,-1
252,52,497.00,169.00,21.00,49.00,1,-1,-1,-1
253,48,563.34,172.27,14.03,22.07,1,-1,-1,-1
253,51,477.29,173.49,32.55,68.29,1,-1,-1,-1
253,52,497.00,169.00,21.00,49.00,1,-1,-1,-1
260,53,415.00,182.00,35.00,71.00,1,-1,-1,-1
261,51,418.02,181.41,34.23,71.46,1,-1,-1,-1
262,51,413.33,181.76,34.66,72.35,1,-1,-1,-1
267,51,415.61,183.96,26.22,53.06,1,-1,-1,-1
267,54,926.00,169.00,65.00,129.00,1,-1,-1,-1
267,55,321.00,183.00,66.00,133.00,1,-1,-1,-1
268,51,413.51,181.74,25.62,51.28,1,-1,-1,-1
268,56,567.00,175.00,18.00,26.00,1,-1,-1,-1
268,57,275.00,186.00,68.00,138.00,1,-1,-1,-1
268,58,956.00,168.00,89.00,141.00,1,-1,-1,-1
269,51,412.74,181.26,25.59,50.81,1,-1,-1,-1
269,56,567.00,175.00,18.00,26.00,1,-1,-1,-1
269,57,275.00,186.00,68.00,138.00,1,-1,-1,-1
269,58,956.00,168.00,89.00,141.00,1,-1,-1,-1
270,51,412.50,181.09,25.69,50.67,1,-1,-1,-1
270,56,567.00,175.00,18.00,26.00,1,-1,-1,-1
270,57,275.00,186.00,68.00,138.00,1,-1,-1,-1
270,58,956.00,168.00,89.00,141.00,1,-1,-1,-1
271,51,412.47,181.03,25.82,50.66,1,-1,-1,-1
271,56,567.00,175.00,18.00,26.00,1,-1,-1,-1
271,57,275.00,186.00,68.00,138.00,1,-1,-1,-1
271,58,956.00,168.00,89.00,141.00,1,-1,-1,-1
272,48,567.60,174.97,16.82,25.96,1,-1,-1,-1
272,51,412.50,181.01,25.95,50.68,1,-1,-1,-1
272,56,567.00,175.00,18.00,26.00,1,-1,-1,-1
272,57,275.00,186.00,68.00,138.00,1,-1,-1,-1
272,58,956.00,168.00,89.00,141.00,1,-1,-1,-1
273,48,567.61,175.02,17.09,26.03,1,-1,-1,-1
273,51,412.56,181.00,26.07,50.71,1,-1,-1,-1
273,57,275.00,186.00,68.00,138.00,1,-1,-1,-1
273,58,956.00,168.00,89.00,141.00,1,-1,-1,-1
274,48,567.88,175.09,17.16,26.15,1,-1,-1,-1
274,51,418.43,181.00,26.53,52.07,1,-1,-1,-1
274,57,275.00,186.00,68.00,138.00,1,-1,-1,-1
274,58,956.00,168.00,89.00,141.00,1,-1,-1,-1
275,51,420.69,181.00,26.58,52.59,1,-1,-1,-1
276,51,421.62,181.00,26.50,52.79,1,-1,-1,-1
277,51,422.03,181.00,26.37,52.88,1,-1,-1,-1
278,51,422.23,181.00,26.25,52.92,1,-1,-1,-1
279,51,422.34,181.00,26.13,52.93,1,-1,-1,-1
280,51,422.42,181.00,26.02,52.94,1,-1,-1,-1
281,51,422.36,180.99,25.97,52.86,1,-1,-1,-1
281,59,627.00,176.00,12.00,24.00,1,-1,-1,-1
281,60,579.00,181.00,11.00,18.00,1,-1,-1,-1
288,61,630.00,177.00,14.00,25.00,1,-1,-1,-1
289,61,630.00,177.00,14.00,25.00,1,-1,-1,-1
290,61,630.00,177.00,14.00,25.00,1,-1,-1,-1
291,61,630.00,177.00,14.00,25.00,1,-1,-1,-1
292,61,630.00,177.00,14.00,25.00,1,-1,-1,-1
293,61,630.00,177.00,14.00,25.00,1,-1,-1,-1
294,61,630.00,177.00,14.00,25.00,1,-1,-1,-1
295,58,760.60,170.98,24.23,40.53,1,-1,-1,-1
295,62,635.00,181.00,14.00,15.00,1,-1,-1,-1
296,58,752.00,171.11,21.62,36.17,1,-1,-1,-1
302,57,501.82,178.02,31.11,65.22,1,-1,-1,-1
302,63,545.00,180.00,17.00,24.00,1,-1,-1,-1
302,64,638.00,181.00,13.00,18.00,1,-1,-1,-1
303,57,509.76,177.74,29.88,62.66,1,-1,-1,-1
303,63,546.61,179.14,16.35,23.14,1,-1,-1,-1
303,65,500.00,175.00,18.00,33.00,1,-1,-1,-1
304,63,546.91,179.00,16.18,23.00,1,-1,-1,-1
304,65,500.00,175.00,18.00,33.00,1,-1,-1,-1
305,63,547.02,178.96,16.08,22.96,1,-1,-1,-1
305,65,500.00,175.00,18.00,33.00,1,-1,-1,-1
306,63,547.07,178.96,15.98,22.96,1,-1,-1,-1
306,65,500.00,175.00,18.00,33.00,1,-1,-1,-1
307,63,547.11,178.96,15.88,22.96,1,-1,-1,-1
307,65,500.00,175.00,18.00,33.00,1,-1,-1,-1
308,63,547.16,178.97,15.77,22.97,1,-1,-1,-1
308,65,500.00,175.00,18.00,33.00,1,-1,-1,-1
309,63,547.25,178.92,15.73,22.92,1,-1,-1,-1
309,65,502.72,172.92,22.27,40.63,1,-1,-1,-1
309,66,510.00,178.00,24.00,45.00,1,-1,-1,-1
309,67,642.00,178.00,15.00,22.00,1,-1,-1,-1
310,65,503.61,172.21,23.82,43.25,1,-1,-1,-1
310,66,510.00,178.00,24.00,45.00,1,-1,-1,-1
310,67,642.00,178.00,15.00,22.00,1,-1,-1,-1
311,65,499.78,176.36,25.83,46.82,1,-1,-1,-1
311,67,643.87,175.00,16.51,24.25,1,-1,-1,-1
311,68,683.00,176.00,18.00,29.00,1,-1,-1,-1
312,65,501.48,179.91,25.12,45.08,1,-1,-1,-1
312,67,644.50,173.99,17.02,25.01,1,-1,-1,-1
313,65,502.12,181.40,24.89,44.24,1,-1,-1,-1
314,58,501.64,181.98,25.98,42.84,1,-1,-1,-1
314,65,502.41,181.87,25.59,45.47,1,-1,-1,-1
315,58,488.24,182.54,25.94,42.77,1,-1,-1,-1
315,65,493.62,179.81,29.53,52.24,1,-1,-1,-1
316,65,488.04,178.77,30.17,53.35,1,-1,-1,-1
317,65,485.81,178.34,30.39,53.75,1,-1,-1,-1
318,65,484.95,178.17,30.45,53.85,1,-1,-1,-1
319,65,484.64,178.10,30.45,53.84,1,-1,-1,-1
320,65,484.55,178.06,30.43,53.79,1,-1,-1,-1
321,65,484.54,178.05,30.39,53.73,1,-1,-1,-1
322,65,484.56,178.04,30.36,53.67,1,-1,-1,-1
323,65,483.84,178.10,30.96,54.73,1,-1,-1,-1
