6,1,750.00,164.00,24.00,42.00,1,-1,-1,-1
7,1,750.00,164.00,24.00,42.00,1,-1,-1,-1
8,1,750.00,164.00,24.00,42.00,1,-1,-1,-1
9,1,750.00,164.00,24.00,42.00,1,-1,-1,-1
10,1,750.00,164.00,24.00,42.00,1,-1,-1,-1
11,1,750.00,164.00,24.00,42.00,1,-1,-1,-1
16,2,694.00,166.00,20.00,34.00,1,-1,-1,-1
17,2,694.00,166.00,20.00,34.00,1,-1,-1,-1
18,2,694.00,166.00,20.00,34.00,1,-1,-1,-1
19,2,694.00,166.00,20.00,34.00,1,-1,-1,-1
20,2,694.00,166.00,20.00,34.00,1,-1,-1,-1
21,2,694.00,166.00,20.00,34.00,1,-1,-1,-1
21,3,870.00,164.00,32.00,74.00,1,-1,-1,-1
21,4,820.00,170.00,22.00,34.00,1,-1,-1,-1
21,5,748.00,168.00,24.00,36.00,1,-1,-1,-1
22,3,870.00,164.00,32.00,74.00,1,-1,-1,-1
22,4,820.00,170.00,22.00,34.00,1,-1,-1,-1
22,5,748.00,168.00,24.00,36.00,1,-1,-1,-1
23,3,870.00,164.00,32.00,74.00,1,-1,-1,-1
23,4,820.00,170.00,22.00,34.00,1,-1,-1,-1
23,5,748.00,168.00,24.00,36.00,1,-1,-1,-1
24,3,870.00,164.00,32.00,74.00,1,-1,-1,-1
24,4,820.00,170.00,22.00,34.00,1,-1,-1,-1
24,5,748.00,168.00,24.00,36.00,1,-1,-1,-1
25,3,870.00,164.00,32.00,74.00,1,-1,-1,-1
25,4,820.00,170.00,22.00,34.00,1,-1,-1,-1
25,5,748.00,168.00,24.00,36.00,1,-1,-1,-1
26,2,707.37,164.09,20.00,34.00,1,-1,-1,-1
26,3,877.57,182.38,21.10,47.13,1,-1,-1,-1
26,4,820.00,170.00,22.00,34.00,1,-1,-1,-1
26,5,748.00,168.00,24.00,36.00,1,-1,-1,-1
26,6,998.00,168.00,58.00,114.00,1,-1,-1,-1
26,7,434.00,180.00,24.00,38.00,1,-1,-1,-1
27,2,708.24,163.97,20.00,34.00,1,-1,-1,-1
27,3,880.38,189.41,17.10,36.87,1,-1,-1,-1
27,6,998.00,168.00,58.00,114.00,1,-1,-1,-1
27,7,434.00,180.00,24.00,38.00,1,-1,-1,-1
28,2,709.62,163.77,20.00,34.00,1,-1,-1,-1
28,3,882.49,194.04,13.95,30.09,1,-1,-1,-1
28,8,892.00,180.00,24.00,38.00,1,-1,-1,-1
28,9,426.00,174.00,20.00,34.00,1,-1,-1,-1
28,10,1090.00,160.00,82.00,136.00,1,-1,-1,-1
29,8,892.00,180.00,24.00,38.00,1,-1,-1,-1
29,9,426.00,174.00,20.00,34.00,1,-1,-1,-1
29,10,1090.00,160.00,82.00,136.00,1,-1,-1,-1
30,8,892.00,180.00,24.00,38.00,1,-1,-1,-1
30,9,426.00,174.00,20.00,34.00,1,-1,-1,-1
30,10,1090.00,160.00,82.00,136.00,1,-1,-1,-1
31,8,892.00,180.00,24.00,38.00,1,-1,-1,-1
31,9,424.27,175.48,17.52,29.55,1,-1,-1,-1
31,10,1090.00,160.00,82.00,136.00,1,-1,-1,-1
31,11,414.00,176.00,24.00,44.00,1,-1,-1,-1
31,12,372.00,178.00,18.00,26.00,1,-1,-1,-1
31,13,694.00,148.00,22.00,40.00,1,-1,-1,-1
32,9,423.64,175.99,16.78,28.04,1,-1,-1,-1
32,11,414.00,176.00,24.00,44.00,1,-1,-1,-1
32,12,372.00,178.00,18.00,26.00,1,-1,-1,-1
32,13,694.00,148.00,22.00,40.00,1,-1,-1,-1
33,9,423.41,176.11,16.72,27.66,1,-1,-1,-1
33,11,414.00,176.00,24.00,44.00,1,-1,-1,-1
33,12,372.00,178.00,18.00,26.00,1,-1,-1,-1
33,13,694.00,148.00,22.00,40.00,1,-1,-1,-1
34,9,423.30,176.14,16.85,27.59,1,-1,-1,-1
34,11,414.00,176.00,24.00,44.00,1,-1,-1,-1
34,12,372.00,178.00,18.00,26.00,1,-1,-1,-1
34,13,694.00,148.00,22.00,40.00,1,-1,-1,-1
35,9,423.21,176.13,17.05,27.61,1,-1,-1,-1
35,11,414.00,176.00,24.00,44.00,1,-1,-1,-1
35,12,372.00,178.00,18.00,26.00,1,-1,-1,-1
35,13,694.00,148.00,22.00,40.00,1,-1,-1,-1
36,9,422.95,176.38,16.59,26.87,1,-1,-1,-1
36,11,414.00,176.00,24.00,44.00,1,-1,-1,-1
36,12,373.21,173.76,22.66,33.07,1,-1,-1,-1
36,13,694.00,148.00,22.00,40.00,1,-1,-1,-1
36,14,374.00,174.00,26.00,48.00,1,-1,-1,-1
37,12,373.72,172.33,24.02,35.45,1,-1,-1,-1
37,14,374.00,174.00,26.00,48.00,1,-1,-1,-1
38,12,374.01,171.77,24.37,36.39,1,-1,-1,-1
38,14,374.00,174.00,26.00,48.00,1,-1,-1,-1
39,12,374.20,171.58,24.29,36.70,1,-1,-1,-1
39,14,374.00,174.00,26.00,48.00,1,-1,-1,-1
40,9,427.43,176.08,18.26,29.65,1,-1,-1,-1
40,12,374.44,170.73,25.22,38.11,1,-1,-1,-1
40,14,374.00,174.00,26.00,48.00,1,-1,-1,-1
40,15,338.00,174.00,34.00,62.00,1,-1,-1,-1
40,16,360.00,174.00,18.00,34.00,1,-1,-1,-1
41,9,427.77,176.18,18.19,29.54,1,-1,-1,-1
41,15,334.19,175.71,33.04,60.29,1,-1,-1,-1
41,16,359.17,174.00,16.23,30.57,1,-1,-1,-1
41,17,230.00,170.00,24.00,44.00,1,-1,-1,-1
42,15,333.57,176.00,32.86,60.00,1,-1,-1,-1
42,16,359.01,174.00,15.98,30.00,1,-1,-1,-1
42,17,230.00,170.00,24.00,44.00,1,-1,-1,-1
43,15,333.43,176.07,32.79,59.93,1,-1,-1,-1
43,16,358.94,174.00,15.99,29.86,1,-1,-1,-1
43,17,230.00,170.00,24.00,44.00,1,-1,-1,-1
44,15,333.43,176.08,32.75,59.92,1,-1,-1,-1
44,16,358.89,174.00,16.07,29.85,1,-1,-1,-1
44,17,230.00,170.00,24.00,44.00,1,-1,-1,-1
45,15,333.47,176.07,32.71,59.93,1,-1,-1,-1
45,16,358.85,174.00,16.17,29.87,1,-1,-1,-1
45,17,230.00,170.00,24.00,44.00,1,-1,-1,-1
46,9,427.59,181.61,24.59,39.19,1,-1,-1,-1
46,15,333.18,176.20,32.64,59.80,1,-1,-1,-1
46,16,358.79,174.00,16.05,29.63,1,-1,-1,-1
46,17,230.00,170.00,24.00,44.00,1,-1,-1,-1
46,18,262.00,180.00,38.00,74.00,1,-1,-1,-1
46,19,128.00,174.00,46.00,66.00,1,-1,-1,-1
47,9,424.45,182.03,25.18,39.94,1,-1,-1,-1
47,20,224.00,180.00,46.00,80.00,1,-1,-1,-1
47,21,94.00,172.00,38.00,70.00,1,-1,-1,-1
48,9,423.11,182.19,25.46,40.22,1,-1,-1,-1
48,20,224.00,180.00,46.00,80.00,1,-1,-1,-1
48,21,94.00,172.00,38.00,70.00,1,-1,-1,-1
49,9,422.56,182.23,25.60,40.32,1,-1,-1,-1
49,20,224.00,180.00,46.00,80.00,1,-1,-1,-1
49,21,94.00,172.00,38.00,70.00,1,-1,-1,-1
50,9,422.32,182.24,25.68,40.34,1,-1,-1,-1
50,20,224.00,180.00,46.00,80.00,1,-1,-1,-1
50,21,94.00,172.00,38.00,70.00,1,-1,-1,-1
51,9,422.22,182.64,26.04,40.90,1,-1,-1,-1
51,20,224.00,180.00,46.00,80.00,1,-1,-1,-1
51,21,94.00,172.00,38.00,70.00,1,-1,-1,-1
51,22,88.00,180.00,64.00,122.00,1,-1,-1,-1
52,22,88.00,180.00,64.00,122.00,1,-1,-1,-1
53,22,88.00,180.00,64.00,122.00,1,-1,-1,-1
54,22,88.00,180.00,64.00,122.00,1,-1,-1,-1
55,22,88.00,180.00,64.00,122.00,1,-1,-1,-1
56,9,427.08,175.02,21.38,34.93,1,-1,-1,-1
56,15,290.18,187.81,25.28,44.27,1,-1,-1,-1
56,17,224.76,187.70,22.69,40.07,1,-1,-1,-1
56,22,88.00,180.00,64.00,122.00,1,-1,-1,-1
56,23,162.00,188.00,28.00,40.00,1,-1,-1,-1
57,9,431.50,175.68,18.84,31.33,1,-1,-1,-1
57,15,286.07,186.61,27.59,48.42,1,-1,-1,-1
57,17,222.57,188.28,22.37,38.50,1,-1,-1,-1
57,23,156.02,188.00,27.96,40.00,1,-1,-1,-1
58,9,432.83,175.87,17.97,30.32,1,-1,-1,-1
58,15,284.81,186.42,28.01,49.27,1,-1,-1,-1
58,17,221.76,188.48,22.57,38.03,1,-1,-1,-1
58,21,156.41,187.62,22.55,40.70,1,-1,-1,-1
59,9,431.17,175.93,17.80,29.98,1,-1,-1,-1
59,15,281.84,186.96,27.79,48.87,1,-1,-1,-1
59,17,221.26,189.60,22.32,37.61,1,-1,-1,-1
59,21,162.43,189.12,21.00,37.90,1,-1,-1,-1
60,9,430.54,175.95,17.76,29.88,1,-1,-1,-1
61,9,432.30,175.96,16.45,27.17,1,-1,-1,-1
61,24,88.00,190.00,32.00,32.00,1,-1,-1,-1
61,25,212.00,184.00,38.00,62.00,1,-1,-1,-1
61,26,150.00,190.00,32.00,38.00,1,-1,-1,-1
61,27,752.00,178.00,26.00,46.00,1,-1,-1,-1
62,9,432.88,175.97,16.09,26.17,1,-1,-1,-1
62,20,213.14,183.95,36.09,62.21,1,-1,-1,-1
62,24,88.00,190.00,32.00,32.00,1,-1,-1,-1
62,26,150.00,190.00,32.00,38.00,1,-1,-1,-1
62,27,752.00,178.00,26.00,46.00,1,-1,-1,-1
63,9,433.01,175.98,16.10,25.84,1,-1,-1,-1
63,20,212.74,184.06,36.08,61.75,1,-1,-1,-1
63,24,88.00,190.00,32.00,32.00,1,-1,-1,-1
63,26,150.00,190.00,32.00,38.00,1,-1,-1,-1
63,27,752.00,178.00,26.00,46.00,1,-1,-1,-1
64,9,432.98,175.98,16.23,25.75,1,-1,-1,-1
64,20,212.51,184.10,36.18,61.55,1,-1,-1,-1
64,24,88.00,190.00,32.00,32.00,1,-1,-1,-1
64,26,150.00,190.00,32.00,38.00,1,-1,-1,-1
64,27,752.00,178.00,26.00,46.00,1,-1,-1,-1
65,9,432.91,175.98,16.38,25.74,1,-1,-1,-1
65,20,212.40,184.11,36.33,61.51,1,-1,-1,-1
65,24,88.00,190.00,32.00,32.00,1,-1,-1,-1
65,26,150.00,190.00,32.00,38.00,1,-1,-1,-1
65,27,752.00,178.00,26.00,46.00,1,-1,-1,-1
66,9,433.26,175.96,16.07,25.25,1,-1,-1,-1
66,12,422.61,171.61,19.86,30.74,1,-1,-1,-1
66,16,370.15,172.01,19.57,35.96,1,-1,-1,-1
66,20,211.86,184.31,35.79,60.60,1,-1,-1,-1
66,22,74.10,164.27,66.23,123.97,1,-1,-1,-1
66,24,88.00,190.00,32.00,32.00,1,-1,-1,-1
66,26,150.00,190.00,32.00,38.00,1,-1,-1,-1
66,27,752.00,178.00,26.00,46.00,1,-1,-1,-1
67,12,423.58,171.96,19.13,30.05,1,-1,-1,-1
67,16,370.35,171.97,19.72,36.09,1,-1,-1,-1
67,22,73.15,163.72,67.25,124.03,1,-1,-1,-1
68,12,424.06,172.01,18.85,29.93,1,-1,-1,-1
68,16,370.39,171.96,19.79,36.12,1,-1,-1,-1
68,22,72.58,163.53,68.07,124.06,1,-1,-1,-1
69,12,424.16,172.02,18.70,29.90,1,-1,-1,-1
69,16,370.38,171.95,19.83,36.13,1,-1,-1,-1
69,22,72.20,163.49,68.76,124.06,1,-1,-1,-1
70,12,424.15,172.02,18.59,29.91,1,-1,-1,-1
70,16,370.35,171.96,19.86,36.13,1,-1,-1,-1
70,22,71.92,163.50,69.35,124.06,1,-1,-1,-1
71,12,424.99,172.05,18.49,29.75,1,-1,-1,-1
71,15,277.04,178.26,32.73,59.73,1,-1,-1,-1
71,16,370.76,171.88,19.98,36.34,1,-1,-1,-1
71,22,71.22,162.67,69.40,124.17,1,-1,-1,-1
71,28,354.00,176.00,30.00,56.00,1,-1,-1,-1
71,29,742.00,172.00,22.00,34.00,1,-1,-1,-1
72,15,277.36,177.96,32.08,60.11,1,-1,-1,-1
72,28,354.00,176.00,30.00,56.00,1,-1,-1,-1
72,29,742.00,172.00,22.00,34.00,1,-1,-1,-1
73,15,277.68,177.85,31.52,60.23,1,-1,-1,-1
73,28,354.00,176.00,30.00,56.00,1,-1,-1,-1
73,29,742.00,172.00,22.00,34.00,1,-1,-1,-1
74,15,277.96,177.82,31.05,60.27,1,-1,-1,-1
74,28,354.00,176.00,30.00,56.00,1,-1,-1,-1
74,29,742.00,172.00,22.00,34.00,1,-1,-1,-1
75,15,278.20,177.82,30.66,60.27,1,-1,-1,-1
75,28,354.00,176.00,30.00,56.00,1,-1,-1,-1
75,29,742.00,172.00,22.00,34.00,1,-1,-1,-1
76,15,277.34,177.51,30.89,60.71,1,-1,-1,-1
76,28,351.58,180.24,23.52,43.27,1,-1,-1,-1
76,29,739.77,170.59,25.05,38.24,1,-1,-1,-1
76,30,212.00,174.00,32.00,70.00,1,-1,-1,-1
76,31,988.00,158.00,96.00,154.00,1,-1,-1,-1
76,32,802.00,178.00,40.00,70.00,1,-1,-1,-1
76,33,294.00,172.00,34.00,72.00,1,-1,-1,-1
77,20,208.19,174.20,39.39,69.69,1,-1,-1,-1
77,28,350.61,181.81,21.28,38.57,1,-1,-1,-1
77,29,738.88,170.10,26.34,39.70,1,-1,-1,-1
77,31,988.00,158.00,96.00,154.00,1,-1,-1,-1
77,32,802.00,178.00,40.00,70.00,1,-1,-1,-1
77,33,294.00,172.00,34.00,72.00,1,-1,-1,-1
78,15,289.83,172.87,35.33,70.15,1,-1,-1,-1
78,20,208.67,173.85,38.30,70.00,1,-1,-1,-1
78,28,350.25,182.20,20.94,37.39,1,-1,-1,-1
78,29,738.44,169.92,27.05,40.24,1,-1,-1,-1
78,31,988.00,158.00,96.00,154.00,1,-1,-1,-1
78,32,802.00,178.00,40.00,70.00,1,-1,-1,-1
79,15,289.98,172.27,35.87,71.21,1,-1,-1,-1
79,20,208.25,173.27,38.48,70.33,1,-1,-1,-1
79,28,349.81,183.10,19.44,34.70,1,-1,-1,-1
79,29,737.97,169.61,27.67,41.16,1,-1,-1,-1
79,31,988.00,158.00,96.00,154.00,1,-1,-1,-1
79,32,802.00,178.00,40.00,70.00,1,-1,-1,-1
81,12,440.33,173.97,19.06,31.93,1,-1,-1,-1
81,21,301.84,186.05,22.25,37.92,1,-1,-1,-1
81,34,62.00,198.00,44.00,68.00,1,-1,-1,-1
81,35,496.00,176.00,14.00,28.00,1,-1,-1,-1
82,12,441.13,174.04,18.56,32.02,1,-1,-1,-1
82,21,304.02,186.02,22.99,37.87,1,-1,-1,-1
82,22,64.38,196.78,40.04,69.57,1,-1,-1,-1
82,35,496.00,176.00,14.00,28.00,1,-1,-1,-1
83,12,441.50,174.06,18.18,32.04,1,-1,-1,-1
83,21,304.47,186.01,23.50,37.87,1,-1,-1,-1
83,22,63.93,198.08,39.79,67.75,1,-1,-1,-1
83,35,496.00,176.00,14.00,28.00,1,-1,-1,-1
84,12,442.66,174.20,18.24,32.15,1,-1,-1,-1
84,21,310.50,186.00,23.37,37.64,1,-1,-1,-1
84,22,63.42,199.74,38.02,64.73,1,-1,-1,-1
84,35,496.00,176.00,14.00,28.00,1,-1,-1,-1
84,36,738.00,164.00,30.00,50.00,1,-1,-1,-1
84,37,290.00,182.00,34.00,42.00,1,-1,-1,-1
85,36,738.00,164.00,30.00,50.00,1,-1,-1,-1
85,37,290.00,182.00,34.00,42.00,1,-1,-1,-1
86,37,286.33,183.50,33.83,42.00,1,-1,-1,-1
86,38,402.00,174.00,36.00,60.00,1,-1,-1,-1
87,20,219.10,185.08,26.93,49.32,1,-1,-1,-1
87,37,288.38,186.97,30.20,37.55,1,-1,-1,-1
87,39,916.00,210.00,70.00,110.00,1,-1,-1,-1
88,20,219.83,185.89,26.20,48.05,1,-1,-1,-1
88,37,289.21,188.09,28.95,36.05,1,-1,-1,-1
88,39,916.00,210.00,70.00,110.00,1,-1,-1,-1
89,20,220.04,186.10,25.97,47.68,1,-1,-1,-1
89,37,289.49,188.37,28.58,35.65,1,-1,-1,-1
89,39,916.00,210.00,70.00,110.00,1,-1,-1,-1
90,20,220.10,186.16,25.90,47.59,1,-1,-1,-1
90,37,289.59,188.41,28.47,35.57,1,-1,-1,-1
90,39,916.00,210.00,70.00,110.00,1,-1,-1,-1
91,15,283.02,177.52,36.86,72.44,1,-1,-1,-1
91,20,221.46,183.45,28.62,50.30,1,-1,-1,-1
91,26,149.38,184.02,47.19,57.94,1,-1,-1,-1
91,29,733.51,177.63,32.97,48.13,1,-1,-1,-1
91,37,289.67,189.27,27.73,34.64,1,-1,-1,-1
91,39,916.00,210.00,70.00,110.00,1,-1,-1,-1
92,15,282.57,177.87,37.02,72.26,1,-1,-1,-1
92,20,221.63,182.47,30.23,51.29,1,-1,-1,-1
92,26,149.88,183.92,46.44,58.28,1,-1,-1,-1
92,29,733.20,177.99,33.51,48.25,1,-1,-1,-1
93,15,282.37,177.98,37.18,72.23,1,-1,-1,-1
93,20,221.43,182.10,31.33,51.69,1,-1,-1,-1
93,26,150.24,183.89,45.79,58.38,1,-1,-1,-1
93,29,732.97,178.12,33.92,48.31,1,-1,-1,-1
94,15,282.27,178.01,37.31,72.21,1,-1,-1,-1
94,20,221.13,181.97,32.16,51.85,1,-1,-1,-1
94,26,150.51,183.88,45.27,58.40,1,-1,-1,-1
94,29,732.82,178.16,34.22,48.32,1,-1,-1,-1
95,15,282.22,178.03,37.41,72.19,1,-1,-1,-1
95,20,220.82,181.92,32.84,51.91,1,-1,-1,-1
95,26,150.72,183.88,44.84,58.38,1,-1,-1,-1
95,29,732.71,178.16,34.45,48.30,1,-1,-1,-1
96,15,281.99,178.08,37.56,72.50,1,-1,-1,-1
96,20,209.25,180.60,33.62,51.94,1,-1,-1,-1
96,26,150.69,183.70,45.32,59.01,1,-1,-1,-1
96,29,732.42,178.44,34.81,48.80,1,-1,-1,-1
97,20,204.69,180.11,34.29,51.95,1,-1,-1,-1
98,20,202.83,179.93,34.89,51.96,1,-1,-1,-1
99,20,202.01,179.87,35.41,51.97,1,-1,-1,-1
100,20,201.60,179.86,35.87,51.97,1,-1,-1,-1
101,20,200.65,179.61,35.84,51.92,1,-1,-1,-1
131,40,124.00,188.00,92.00,164.00,1,-1,-1,-1
132,40,124.00,188.00,92.00,164.00,1,-1,-1,-1
133,40,124.00,188.00,92.00,164.00,1,-1,-1,-1
134,40,124.00,188.00,92.00,164.00,1,-1,-1,-1
135,40,124.00,188.00,92.00,164.00,1,-1,-1,-1
136,40,124.00,188.00,92.00,164.00,1,-1,-1,-1
141,41,74.00,152.00,66.00,104.00,1,-1,-1,-1
221,42,754.00,162.00,20.00,46.00,1,-1,-1,-1
221,43,694.00,160.00,14.00,24.00,1,-1,-1,-1
222,42,754.00,162.00,20.00,46.00,1,-1,-1,-1
222,43,694.00,160.00,14.00,24.00,1,-1,-1,-1
223,42,754.00,162.00,20.00,46.00,1,-1,-1,-1
223,43,694.00,160.00,14.00,24.00,1,-1,-1,-1
224,42,754.00,162.00,20.00,46.00,1,-1,-1,-1
224,43,694.00,160.00,14.00,24.00,1,-1,-1,-1
225,42,754.00,162.00,20.00,46.00,1,-1,-1,-1
225,43,694.00,160.00,14.00,24.00,1,-1,-1,-1
226,42,761.18,164.83,16.95,38.93,1,-1,-1,-1
226,43,694.00,160.00,14.00,24.00,1,-1,-1,-1
226,44,618.00,170.00,16.00,26.00,1,-1,-1,-1
227,42,764.48,165.86,15.97,36.36,1,-1,-1,-1
227,44,617.81,168.29,18.10,29.43,1,-1,-1,-1
228,42,765.37,166.15,15.79,35.64,1,-1,-1,-1
228,44,617.78,168.00,18.44,30.00,1,-1,-1,-1
229,42,765.55,166.22,15.85,35.46,1,-1,-1,-1
229,44,617.78,167.92,18.52,30.16,1,-1,-1,-1
230,42,765.51,166.22,15.98,35.45,1,-1,-1,-1
230,44,617.79,167.91,18.52,30.18,1,-1,-1,-1
231,42,763.35,171.70,14.73,32.75,1,-1,-1,-1
231,44,617.77,167.73,18.74,30.54,1,-1,-1,-1
232,42,763.17,169.44,15.73,34.65,1,-1,-1,-1
232,45,620.00,172.00,14.00,24.00,1,-1,-1,-1
233,42,763.07,168.70,16.14,35.28,1,-1,-1,-1
233,45,620.00,172.00,14.00,24.00,1,-1,-1,-1
234,42,762.97,168.40,16.39,35.55,1,-1,-1,-1
234,45,620.00,172.00,14.00,24.00,1,-1,-1,-1
235,42,762.88,168.26,16.57,35.67,1,-1,-1,-1
235,45,620.00,172.00,14.00,24.00,1,-1,-1,-1
236,42,763.26,168.60,16.36,35.22,1,-1,-1,-1
236,45,620.00,172.00,14.00,24.00,1,-1,-1,-1
236,46,1060.00,172.00,176.00,196.00,1,-1,-1,-1
237,46,1060.00,172.00,176.00,196.00,1,-1,-1,-1
238,46,1060.00,172.00,176.00,196.00,1,-1,-1,-1
239,46,1060.00,172.00,176.00,196.00,1,-1,-1,-1
240,46,1060.00,172.00,176.00,196.00,1,-1,-1,-1
241,42,749.43,168.15,19.06,39.55,1,-1,-1,-1
241,46,1060.00,172.00,176.00,196.00,1,-1,-1,-1
241,47,562.00,172.00,18.00,32.00,1,-1,-1,-1
242,42,748.62,173.29,17.55,35.98,1,-1,-1,-1
242,47,563.15,175.43,12.27,21.71,1,-1,-1,-1
243,42,748.31,175.29,17.03,34.59,1,-1,-1,-1
243,47,563.31,176.00,11.38,20.00,1,-1,-1,-1
244,42,748.19,175.99,16.93,34.09,1,-1,-1,-1
244,47,563.30,176.10,11.31,19.70,1,-1,-1,-1
245,42,748.13,176.22,16.97,33.92,1,-1,-1,-1
245,47,563.24,176.11,11.41,19.68,1,-1,-1,-1
246,42,747.47,176.86,16.81,33.62,1,-1,-1,-1
246,47,566.83,174.61,11.66,19.73,1,-1,-1,-1
246,48,480.00,174.00,30.00,64.00,1,-1,-1,-1
247,47,567.92,174.11,11.93,19.78,1,-1,-1,-1
247,48,480.00,174.00,30.00,64.00,1,-1,-1,-1
248,47,568.16,173.94,12.21,19.82,1,-1,-1,-1
248,48,480.00,174.00,30.00,64.00,1,-1,-1,-1
249,47,568.11,173.90,12.48,19.85,1,-1,-1,-1
249,48,480.00,174.00,30.00,64.00,1,-1,-1,-1
250,47,567.98,173.89,12.74,19.87,1,-1,-1,-1
250,48,480.00,174.00,30.00,64.00,1,-1,-1,-1
251,47,568.69,173.70,12.60,19.65,1,-1,-1,-1
251,48,480.00,174.00,30.00,64.00,1,-1,-1,-1
256,49,296.00,168.00,50.00,124.00,1,-1,-1,-1
256,50,418.00,178.00,28.00,70.00,1,-1,-1,-1
257,49,296.00,168.00,50.00,124.00,1,-1,-1,-1
257,50,418.00,178.00,28.00,70.00,1,-1,-1,-1
258,49,296.00,168.00,50.00,124.00,1,-1,-1,-1
258,50,418.00,178.00,28.00,70.00,1,-1,-1,-1
259,49,296.00,168.00,50.00,124.00,1,-1,-1,-1
259,50,418.00,178.00,28.00,70.00,1,-1,-1,-1
260,49,296.00,168.00,50.00,124.00,1,-1,-1,-1
260,50,418.00,178.00,28.00,70.00,1,-1,-1,-1
261,49,296.00,168.00,50.00,124.00,1,-1,-1,-1
261,50,413.52,179.41,29.88,74.24,1,-1,-1,-1
262,50,411.90,179.91,30.67,75.72,1,-1,-1,-1
263,50,411.26,180.08,31.09,76.23,1,-1,-1,-1
264,50,411.00,180.13,31.36,76.39,1,-1,-1,-1
265,50,410.87,180.14,31.58,76.41,1,-1,-1,-1
266,50,410.12,180.38,31.87,77.13,1,-1,-1,-1
266,51,862.00,164.00,64.00,128.00,1,-1,-1,-1
267,51,862.00,164.00,64.00,128.00,1,-1,-1,-1
268,51,862.00,164.00,64.00,128.00,1,-1,-1,-1
269,51,862.00,164.00,64.00,128.00,1,-1,-1,-1
270,51,862.00,164.00,64.00,128.00,1,-1,-1,-1
271,50,415.57,178.27,22.27,52.31,1,-1,-1,-1
271,51,862.00,164.00,64.00,128.00,1,-1,-1,-1
272,50,415.94,178.05,21.89,50.15,1,-1,-1,-1
273,50,415.85,178.00,22.09,49.56,1,-1,-1,-1
274,50,415.70,177.99,22.41,49.41,1,-1,-1,-1
275,50,415.53,177.98,22.76,49.42,1,-1,-1,-1
276,50,415.63,177.94,22.27,48.35,1,-1,-1,-1
281,52,624.00,170.00,14.00,28.00,1,-1,-1,-1
282,52,624.00,170.00,14.00,28.00,1,-1,-1,-1
283,52,624.00,170.00,14.00,28.00,1,-1,-1,-1
284,52,624.00,170.00,14.00,28.00,1,-1,-1,-1
285,52,624.00,170.00,14.00,28.00,1,-1,-1,-1
286,52,624.00,170.00,14.00,28.00,1,-1,-1,-1
286,53,630.00,176.00,16.00,20.00,1,-1,-1,-1
287,53,630.00,176.00,16.00,20.00,1,-1,-1,-1
288,53,630.00,176.00,16.00,20.00,1,-1,-1,-1
289,53,630.00,176.00,16.00,20.00,1,-1,-1,-1
290,53,630.00,176.00,16.00,20.00,1,-1,-1,-1
291,53,630.00,176.00,16.00,20.00,1,-1,-1,-1
301,54,644.00,178.00,16.00,22.00,1,-1,-1,-1
302,53,643.12,177.97,17.35,21.97,1,-1,-1,-1
303,53,643.64,178.04,17.22,22.04,1,-1,-1,-1
304,53,643.86,178.06,17.09,22.06,1,-1,-1,-1
305,53,643.96,178.06,16.97,22.06,1,-1,-1,-1
306,53,644.69,178.17,17.05,22.17,1,-1,-1,-1
306,55,824.00,172.00,22.00,36.00,1,-1,-1,-1
307,55,824.00,172.00,22.00,36.00,1,-1,-1,-1
308,55,824.00,172.00,22.00,36.00,1,-1,-1,-1
309,55,824.00,172.00,22.00,36.00,1,-1,-1,-1
310,55,824.00,172.00,22.00,36.00,1,-1,-1,-1
311,55,824.00,172.00,22.00,36.00,1,-1,-1,-1
311,56,496.00,178.00,26.00,48.00,1,-1,-1,-1
312,56,496.00,178.00,26.00,48.00,1,-1,-1,-1
313,56,496.00,178.00,26.00,48.00,1,-1,-1,-1
314,56,496.00,178.00,26.00,48.00,1,-1,-1,-1
315,56,496.00,178.00,26.00,48.00,1,-1,-1,-1
316,56,488.52,176.59,28.23,52.24,1,-1,-1,-1
317,56,485.95,176.10,28.96,53.71,1,-1,-1,-1
318,56,485.06,175.92,29.17,54.23,1,-1,-1,-1
319,56,484.82,175.87,29.18,54.39,1,-1,-1,-1
320,56,484.82,175.86,29.12,54.41,1,-1,-1,-1
321,56,479.19,178.50,33.87,63.61,1,-1,-1,-1
321,57,686.00,166.00,20.00,40.00,1,-1,-1,-1
322,56,477.18,179.46,35.48,66.96,1,-1,-1,-1
322,57,686.00,166.00,20.00,40.00,1,-1,-1,-1
323,56,476.47,179.86,36.02,68.29,1,-1,-1,-1
323,57,686.00,166.00,20.00,40.00,1,-1,-1,-1
324,56,476.30,180.01,36.10,68.76,1,-1,-1,-1
324,57,686.00,166.00,20.00,40.00,1,-1,-1,-1
325,56,476.33,180.07,36.02,68.88,1,-1,-1,-1
325,57,686.00,166.00,20.00,40.00,1,-1,-1,-1
326,56,474.84,180.23,36.84,70.44,1,-1,-1,-1
326,57,688.83,164.59,21.41,42.83,1,-1,-1,-1
326,58,426.00,182.00,32.00,64.00,1,-1,-1,-1
327,57,689.81,164.09,21.91,43.81,1,-1,-1,-1
327,58,426.00,182.00,32.00,64.00,1,-1,-1,-1
328,57,690.16,163.92,22.08,44.16,1,-1,-1,-1
328,58,426.00,182.00,32.00,64.00,1,-1,-1,-1
329,57,690.26,163.87,22.13,44.26,1,-1,-1,-1
329,58,426.00,182.00,32.00,64.00,1,-1,-1,-1
330,57,690.27,163.86,22.14,44.27,1,-1,-1,-1
330,58,426.00,182.00,32.00,64.00,1,-1,-1,-1
331,57,690.76,163.62,22.38,44.76,1,-1,-1,-1
331,58,426.00,182.00,32.00,64.00,1,-1,-1,-1
336,59,932.00,178.00,36.00,68.00,1,-1,-1,-1
337,59,932.00,178.00,36.00,68.00,1,-1,-1,-1
338,59,932.00,178.00,36.00,68.00,1,-1,-1,-1
339,59,932.00,178.00,36.00,68.00,1,-1,-1,-1
340,59,932.00,178.00,36.00,68.00,1,-1,-1,-1
