1,2914,385.04,179.39,62.78,136.07,1,-1,-1,-1
1,2945,455.84,190.59,62.46,147.22,1,-1,-1,-1
1,2967,-18.29,17.97,152.46,458.96,1,-1,-1,-1
1,2975,243.49,196.07,35.81,108.06,1,-1,-1,-1
1,2977,194.77,190.01,45.36,117.21,1,-1,-1,-1
21,2979,890.00,169.00,46.00,77.00,1,-1,-1,-1
22,2979,890.00,169.00,46.00,77.00,1,-1,-1,-1
23,2979,894.62,164.50,51.78,86.76,1,-1,-1,-1
23,2980,923.00,163.00,66.00,93.00,1,-1,-1,-1
24,2979,896.18,163.00,53.66,90.01,1,-1,-1,-1
24,2980,923.00,163.00,66.00,93.00,1,-1,-1,-1
25,2979,897.72,161.49,55.61,93.28,1,-1,-1,-1
25,2980,933.87,168.25,59.27,83.99,1,-1,-1,-1
25,2981,985.00,170.00,59.00,107.00,1,-1,-1,-1
26,2980,937.64,170.00,56.73,80.99,1,-1,-1,-1
26,2981,985.00,170.00,59.00,107.00,1,-1,-1,-1
27,2980,941.21,171.76,54.62,77.98,1,-1,-1,-1
27,2982,1055.00,163.00,53.00,129.00,1,-1,-1,-1
28,2982,1055.00,163.00,53.00,129.00,1,-1,-1,-1
29,2983,1171.00,159.00,48.00,148.00,1,-1,-1,-1
30,2983,1171.00,159.00,48.00,148.00,1,-1,-1,-1
39,2984,941.00,180.00,29.00,48.00,1,-1,-1,-1
39,2985,349.00,176.00,31.00,52.00,1,-1,-1,-1
40,2984,941.00,180.00,29.00,48.00,1,-1,-1,-1
40,2985,349.00,176.00,31.00,52.00,1,-1,-1,-1
43,2986,197.00,172.00,29.00,58.00,1,-1,-1,-1
44,2986,197.00,172.00,29.00,58.00,1,-1,-1,-1
47,2987,210.00,179.00,56.00,95.00,1,-1,-1,-1
48,2987,210.00,179.00,56.00,95.00,1,-1,-1,-1
49,2988,162.00,176.00,52.00,105.00,1,-1,-1,-1
49,2989,37.00,164.00,45.00,89.00,1,-1,-1,-1
50,2988,162.00,176.00,52.00,105.00,1,-1,-1,-1
50,2989,37.00,164.00,45.00,89.00,1,-1,-1,-1
51,2990,98.00,185.00,53.00,121.00,1,-1,-1,-1
51,2991,366.00,180.00,31.00,45.00,1,-1,-1,-1
52,2990,98.00,185.00,53.00,121.00,1,-1,-1,-1
52,2991,366.00,180.00,31.00,45.00,1,-1,-1,-1
53,2991,359.00,182.25,31.50,45.75,1,-1,-1,-1
53,2992,16.00,176.00,54.00,146.00,1,-1,-1,-1
54,2991,356.67,183.00,31.64,46.00,1,-1,-1,-1
54,2992,16.00,176.00,54.00,146.00,1,-1,-1,-1
55,2991,354.32,183.76,31.82,46.25,1,-1,-1,-1
61,2993,764.00,169.00,35.00,60.00,1,-1,-1,-1
61,2994,240.00,189.00,46.00,78.00,1,-1,-1,-1
62,2993,764.00,169.00,35.00,60.00,1,-1,-1,-1
62,2994,240.00,189.00,46.00,78.00,1,-1,-1,-1
65,2995,912.00,194.00,28.00,54.00,1,-1,-1,-1
65,2996,96.00,184.00,50.00,93.00,1,-1,-1,-1
65,2997,24.00,182.00,58.00,91.00,1,-1,-1,-1
66,2995,912.00,194.00,28.00,54.00,1,-1,-1,-1
66,2996,96.00,184.00,50.00,93.00,1,-1,-1,-1
66,2997,24.00,182.00,58.00,91.00,1,-1,-1,-1
67,2991,358.50,180.15,31.28,45.05,1,-1,-1,-1
67,2995,913.41,170.73,42.45,81.77,1,-1,-1,-1
67,2998,809.00,162.00,52.00,86.00,1,-1,-1,-1
68,2991,358.59,180.02,31.49,45.01,1,-1,-1,-1
68,2995,913.85,162.97,47.32,91.04,1,-1,-1,-1
68,2998,809.00,162.00,52.00,86.00,1,-1,-1,-1
69,2991,358.43,179.93,31.47,44.98,1,-1,-1,-1
69,2995,914.32,155.17,52.16,100.35,1,-1,-1,-1
71,2999,931.00,176.00,42.00,76.00,1,-1,-1,-1
71,3000,370.00,181.00,29.00,49.00,1,-1,-1,-1
71,3001,1056.00,173.00,52.00,107.00,1,-1,-1,-1
72,2991,366.65,180.84,33.17,48.52,1,-1,-1,-1
72,2999,931.00,176.00,42.00,76.00,1,-1,-1,-1
72,3001,1056.00,173.00,52.00,107.00,1,-1,-1,-1
73,2991,367.23,180.86,33.37,48.81,1,-1,-1,-1
73,2995,932.23,164.51,58.49,112.94,1,-1,-1,-1
73,3002,225.00,184.00,46.00,64.00,1,-1,-1,-1
74,2995,934.66,167.70,57.99,112.39,1,-1,-1,-1
74,3002,225.00,184.00,46.00,64.00,1,-1,-1,-1
75,2995,936.52,163.93,61.39,118.98,1,-1,-1,-1
75,3002,211.94,174.99,53.36,74.51,1,-1,-1,-1
75,3003,976.00,157.00,83.00,148.00,1,-1,-1,-1
75,3004,801.00,156.00,59.00,98.00,1,-1,-1,-1
76,3002,207.68,171.99,55.61,78.01,1,-1,-1,-1
76,3003,976.00,157.00,83.00,148.00,1,-1,-1,-1
76,3004,801.00,156.00,59.00,98.00,1,-1,-1,-1
77,3002,195.09,167.62,60.35,85.28,1,-1,-1,-1
77,3004,816.76,171.76,49.25,82.24,1,-1,-1,-1
77,3005,924.00,185.00,36.00,61.00,1,-1,-1,-1
77,3006,1051.00,151.00,78.00,182.00,1,-1,-1,-1
78,3002,190.68,166.08,61.69,87.89,1,-1,-1,-1
78,3004,822.10,177.01,45.81,76.99,1,-1,-1,-1
78,3005,924.00,185.00,36.00,61.00,1,-1,-1,-1
78,3006,1051.00,151.00,78.00,182.00,1,-1,-1,-1
79,3002,197.03,168.92,68.14,97.87,1,-1,-1,-1
79,3004,827.31,182.29,42.67,71.71,1,-1,-1,-1
79,3005,921.66,190.25,37.68,63.25,1,-1,-1,-1
79,3007,101.00,181.00,60.00,90.00,1,-1,-1,-1
80,3002,199.73,170.04,70.16,101.64,1,-1,-1,-1
80,3005,920.72,192.00,38.57,64.00,1,-1,-1,-1
80,3007,101.00,181.00,60.00,90.00,1,-1,-1,-1
81,3002,184.37,176.32,68.04,99.16,1,-1,-1,-1
81,3005,919.99,193.76,39.02,64.76,1,-1,-1,-1
81,3007,88.23,181.75,62.27,93.75,1,-1,-1,-1
81,3008,848.00,152.00,71.00,116.00,1,-1,-1,-1
81,3009,141.00,179.00,62.00,102.00,1,-1,-1,-1
82,3002,178.41,178.99,66.77,97.88,1,-1,-1,-1
82,3007,84.09,182.00,62.79,95.00,1,-1,-1,-1
82,3008,848.00,152.00,71.00,116.00,1,-1,-1,-1
82,3009,141.00,179.00,62.00,102.00,1,-1,-1,-1
83,3002,173.61,178.31,69.18,101.40,1,-1,-1,-1
83,3007,77.53,179.93,68.00,103.92,1,-1,-1,-1
83,3010,26.00,173.00,50.00,110.00,1,-1,-1,-1
84,3007,75.60,179.21,69.23,107.01,1,-1,-1,-1
84,3010,26.00,173.00,50.00,110.00,1,-1,-1,-1
85,3007,71.18,178.82,71.24,110.10,1,-1,-1,-1
85,3010,16.21,179.00,56.82,125.01,1,-1,-1,-1
85,3011,374.00,180.00,29.00,48.00,1,-1,-1,-1
86,3010,12.95,181.01,59.09,130.02,1,-1,-1,-1
86,3011,374.00,180.00,29.00,48.00,1,-1,-1,-1
87,3010,9.67,183.02,61.38,135.04,1,-1,-1,-1
87,3011,371.33,177.00,38.09,63.01,1,-1,-1,-1
87,3012,99.00,158.00,54.00,97.00,1,-1,-1,-1
87,3013,253.00,174.00,32.00,58.00,1,-1,-1,-1
87,3014,236.00,175.00,39.00,66.00,1,-1,-1,-1
88,3011,370.43,176.00,41.15,68.02,1,-1,-1,-1
88,3012,99.00,158.00,54.00,97.00,1,-1,-1,-1
88,3013,253.00,174.00,32.00,58.00,1,-1,-1,-1
88,3014,236.00,175.00,39.00,66.00,1,-1,-1,-1
89,2991,338.55,175.11,49.03,74.62,1,-1,-1,-1
89,3007,76.43,171.58,56.75,88.46,1,-1,-1,-1
89,3011,369.53,174.99,44.20,73.05,1,-1,-1,-1
89,3015,1141.00,126.00,89.00,242.00,1,-1,-1,-1
89,3016,39.00,175.00,43.00,79.00,1,-1,-1,-1
90,2991,338.25,174.93,48.26,75.37,1,-1,-1,-1
90,3007,77.89,170.92,54.59,85.76,1,-1,-1,-1
90,3015,1141.00,126.00,89.00,242.00,1,-1,-1,-1
90,3016,39.00,175.00,43.00,79.00,1,-1,-1,-1
91,2991,319.96,172.36,51.10,80.64,1,-1,-1,-1
91,3007,76.06,170.02,54.29,85.28,1,-1,-1,-1
91,3016,20.76,176.50,49.46,91.01,1,-1,-1,-1
91,3017,1046.00,203.00,55.00,89.00,1,-1,-1,-1
91,3018,214.00,181.00,45.00,66.00,1,-1,-1,-1
92,2991,312.97,171.37,51.99,82.68,1,-1,-1,-1
92,3016,14.71,177.00,51.54,95.01,1,-1,-1,-1
92,3017,1046.00,203.00,55.00,89.00,1,-1,-1,-1
92,3018,214.00,181.00,45.00,66.00,1,-1,-1,-1
93,2991,310.50,170.94,52.96,84.21,1,-1,-1,-1
93,3016,8.60,177.50,53.72,99.03,1,-1,-1,-1
93,3017,1048.94,204.50,55.13,88.25,1,-1,-1,-1
93,3018,208.86,179.50,48.53,71.25,1,-1,-1,-1
93,3019,87.00,181.00,59.00,73.00,1,-1,-1,-1
93,3020,1138.00,212.00,95.00,107.00,1,-1,-1,-1
93,3021,219.00,181.00,57.00,93.00,1,-1,-1,-1
94,3007,90.33,179.68,48.63,74.05,1,-1,-1,-1
94,3017,1049.64,205.00,55.72,88.00,1,-1,-1,-1
94,3018,207.17,179.00,49.66,73.01,1,-1,-1,-1
94,3020,1138.00,212.00,95.00,107.00,1,-1,-1,-1
94,3021,219.00,181.00,57.00,93.00,1,-1,-1,-1
95,3007,90.76,180.13,47.61,72.49,1,-1,-1,-1
95,3017,1050.73,205.50,55.56,87.75,1,-1,-1,-1
95,3018,200.07,178.15,63.18,93.94,1,-1,-1,-1
96,3018,197.88,177.83,67.26,101.28,1,-1,-1,-1
97,3002,131.92,178.65,74.35,110.44,1,-1,-1,-1
97,3016,9.14,173.52,67.91,126.05,1,-1,-1,-1
97,3018,194.94,177.29,71.48,107.65,1,-1,-1,-1
97,3022,1052.00,175.00,37.00,74.00,1,-1,-1,-1
97,3023,944.00,173.00,28.00,55.00,1,-1,-1,-1
98,3002,132.07,178.87,73.16,109.73,1,-1,-1,-1
98,3016,9.63,173.12,68.77,128.50,1,-1,-1,-1
98,3022,1052.00,175.00,37.00,74.00,1,-1,-1,-1
98,3023,944.00,173.00,28.00,55.00,1,-1,-1,-1
99,3002,128.78,178.71,74.06,111.08,1,-1,-1,-1
99,3016,15.04,177.44,74.01,137.65,1,-1,-1,-1
100,3016,17.05,179.11,76.21,141.13,1,-1,-1,-1
101,3016,15.15,179.41,79.02,146.34,1,-1,-1,-1
101,3024,1054.00,174.00,36.00,77.00,1,-1,-1,-1
101,3025,947.00,176.00,30.00,55.00,1,-1,-1,-1
102,3024,1054.00,174.00,36.00,77.00,1,-1,-1,-1
102,3025,947.00,176.00,30.00,55.00,1,-1,-1,-1
105,3026,1146.00,154.00,54.00,110.00,1,-1,-1,-1
106,3026,1146.00,154.00,54.00,110.00,1,-1,-1,-1
107,3027,913.00,191.00,59.00,60.00,1,-1,-1,-1
108,3027,913.00,191.00,59.00,60.00,1,-1,-1,-1
111,3028,748.00,190.00,186.00,102.00,1,-1,-1,-1
112,3028,748.00,190.00,186.00,102.00,1,-1,-1,-1
113,3007,81.66,146.14,55.69,89.85,1,-1,-1,-1
114,3007,82.50,145.37,53.79,90.21,1,-1,-1,-1
115,3007,82.06,143.82,54.17,90.85,1,-1,-1,-1
115,3029,18.00,152.00,57.00,105.00,1,-1,-1,-1
116,3029,18.00,152.00,57.00,105.00,1,-1,-1,-1
117,3030,773.00,201.00,112.00,82.00,1,-1,-1,-1
118,3030,773.00,201.00,112.00,82.00,1,-1,-1,-1
119,3031,923.00,176.00,290.00,191.00,1,-1,-1,-1
120,3031,923.00,176.00,290.00,191.00,1,-1,-1,-1
123,3032,349.00,179.00,50.00,96.00,1,-1,-1,-1
124,3032,349.00,179.00,50.00,96.00,1,-1,-1,-1
125,3033,952.00,135.00,41.00,73.00,1,-1,-1,-1
125,3034,770.00,205.00,143.00,89.00,1,-1,-1,-1
126,3033,952.00,135.00,41.00,73.00,1,-1,-1,-1
126,3034,770.00,205.00,143.00,89.00,1,-1,-1,-1
127,3034,780.28,207.25,171.98,107.01,1,-1,-1,-1
128,3034,783.68,208.00,181.69,113.02,1,-1,-1,-1
129,3034,814.07,222.46,187.85,116.31,1,-1,-1,-1
130,3034,825.32,228.02,190.32,117.24,1,-1,-1,-1
131,3034,834.78,231.91,197.96,121.94,1,-1,-1,-1
131,3035,792.00,209.00,121.00,86.00,1,-1,-1,-1
131,3036,932.00,125.00,51.00,87.00,1,-1,-1,-1
132,3035,792.00,209.00,121.00,86.00,1,-1,-1,-1
132,3036,932.00,125.00,51.00,87.00,1,-1,-1,-1
135,3037,847.00,234.00,169.00,115.00,1,-1,-1,-1
136,3037,847.00,234.00,169.00,115.00,1,-1,-1,-1
137,3037,865.79,247.51,178.71,121.00,1,-1,-1,-1
137,3038,932.00,128.00,50.00,91.00,1,-1,-1,-1
138,3037,871.62,252.01,182.80,123.01,1,-1,-1,-1
138,3038,932.00,128.00,50.00,91.00,1,-1,-1,-1
139,3037,878.05,256.54,185.78,125.02,1,-1,-1,-1
141,3007,93.03,154.50,57.56,104.03,1,-1,-1,-1
142,3007,94.46,154.97,55.27,104.17,1,-1,-1,-1
143,3007,94.80,155.38,55.53,104.65,1,-1,-1,-1
147,3039,930.00,280.00,260.00,96.00,1,-1,-1,-1
147,3040,764.00,229.00,162.00,96.00,1,-1,-1,-1
148,3039,930.00,280.00,260.00,96.00,1,-1,-1,-1
148,3040,764.00,229.00,162.00,96.00,1,-1,-1,-1
149,3040,785.76,235.00,177.03,105.01,1,-1,-1,-1
150,3040,793.10,237.01,181.86,108.01,1,-1,-1,-1
151,3040,816.98,250.92,188.27,111.01,1,-1,-1,-1
151,3041,1072.00,205.00,63.00,86.00,1,-1,-1,-1
152,3040,824.81,255.89,191.39,111.95,1,-1,-1,-1
152,3041,1072.00,205.00,63.00,86.00,1,-1,-1,-1
153,3040,835.50,260.66,195.88,114.58,1,-1,-1,-1
157,3042,816.00,216.00,186.00,127.00,1,-1,-1,-1
158,3042,816.00,216.00,186.00,127.00,1,-1,-1,-1
163,3043,890.00,185.00,50.00,88.00,1,-1,-1,-1
164,3043,890.00,185.00,50.00,88.00,1,-1,-1,-1
215,3044,738.00,173.00,42.00,73.00,1,-1,-1,-1
216,3044,738.00,173.00,42.00,73.00,1,-1,-1,-1
217,3045,922.00,160.00,43.00,71.00,1,-1,-1,-1
217,3046,815.00,220.00,168.00,107.00,1,-1,-1,-1
218,3045,922.00,160.00,43.00,71.00,1,-1,-1,-1
218,3046,815.00,220.00,168.00,107.00,1,-1,-1,-1
219,3047,750.00,171.00,44.00,79.00,1,-1,-1,-1
219,3048,790.00,168.00,39.00,77.00,1,-1,-1,-1
220,3047,750.00,171.00,44.00,79.00,1,-1,-1,-1
220,3048,790.00,168.00,39.00,77.00,1,-1,-1,-1
221,3047,744.96,167.25,48.08,86.51,1,-1,-1,-1
221,3048,792.45,161.24,45.36,89.76,1,-1,-1,-1
222,3047,743.33,166.00,49.34,89.01,1,-1,-1,-1
222,3048,793.31,158.99,47.38,94.01,1,-1,-1,-1
223,3047,741.62,164.74,50.74,91.52,1,-1,-1,-1
223,3048,794.12,156.73,49.54,98.29,1,-1,-1,-1
229,3049,794.00,194.00,55.00,108.00,1,-1,-1,-1
230,3048,794.52,191.42,54.99,108.98,1,-1,-1,-1
231,3048,794.89,193.41,56.33,111.64,1,-1,-1,-1
235,3050,1004.00,153.00,151.00,219.00,1,-1,-1,-1
236,3050,1004.00,153.00,151.00,219.00,1,-1,-1,-1
243,3051,1077.00,156.00,53.00,105.00,1,-1,-1,-1
244,3051,1077.00,156.00,53.00,105.00,1,-1,-1,-1
245,3052,1167.00,155.00,59.00,132.00,1,-1,-1,-1
246,3052,1167.00,155.00,59.00,132.00,1,-1,-1,-1
247,3053,441.00,164.00,43.00,89.00,1,-1,-1,-1
248,3053,441.00,164.00,43.00,89.00,1,-1,-1,-1
249,3053,434.34,167.00,41.32,85.25,1,-1,-1,-1
250,3053,432.06,168.00,40.87,84.00,1,-1,-1,-1
251,3053,438.53,169.74,39.86,82.20,1,-1,-1,-1
251,3054,388.00,172.00,34.00,83.00,1,-1,-1,-1
252,3053,440.85,170.26,39.46,81.66,1,-1,-1,-1
252,3054,388.00,172.00,34.00,83.00,1,-1,-1,-1
253,3053,441.39,171.31,38.88,80.46,1,-1,-1,-1
253,3055,356.00,177.00,52.00,98.00,1,-1,-1,-1
253,3056,417.00,179.00,41.00,86.00,1,-1,-1,-1
254,3055,356.00,177.00,52.00,98.00,1,-1,-1,-1
254,3056,417.00,179.00,41.00,86.00,1,-1,-1,-1
255,3055,353.09,176.25,52.57,99.50,1,-1,-1,-1
256,3055,352.23,176.00,52.54,100.00,1,-1,-1,-1
257,3055,335.71,176.65,52.67,100.86,1,-1,-1,-1
257,3057,391.00,178.00,41.00,98.00,1,-1,-1,-1
257,3058,278.00,177.00,60.00,109.00,1,-1,-1,-1
258,3055,330.16,176.89,52.46,101.13,1,-1,-1,-1
258,3057,391.00,178.00,41.00,98.00,1,-1,-1,-1
258,3058,278.00,177.00,60.00,109.00,1,-1,-1,-1
259,3053,407.68,179.92,42.85,89.46,1,-1,-1,-1
259,3055,322.57,185.94,53.71,104.65,1,-1,-1,-1
259,3057,389.47,187.01,42.57,101.75,1,-1,-1,-1
259,3059,202.00,179.00,70.00,154.00,1,-1,-1,-1
260,3053,405.97,180.42,42.75,89.94,1,-1,-1,-1
260,3055,320.19,189.19,53.75,105.90,1,-1,-1,-1
260,3057,388.96,190.01,43.09,103.00,1,-1,-1,-1
260,3059,202.00,179.00,70.00,154.00,1,-1,-1,-1
261,3053,403.00,181.62,42.94,90.33,1,-1,-1,-1
261,3055,315.08,191.06,54.30,106.99,1,-1,-1,-1
261,3057,388.44,193.02,43.61,104.26,1,-1,-1,-1
261,3060,357.00,178.00,40.00,102.00,1,-1,-1,-1
261,3061,278.00,182.00,54.00,133.00,1,-1,-1,-1
262,3060,357.00,178.00,40.00,102.00,1,-1,-1,-1
262,3061,278.00,182.00,54.00,133.00,1,-1,-1,-1
263,3060,355.73,181.00,38.03,96.00,1,-1,-1,-1
264,3060,355.14,182.00,37.71,94.00,1,-1,-1,-1
265,3060,349.73,180.04,40.74,100.15,1,-1,-1,-1
265,3062,866.00,169.00,52.00,112.00,1,-1,-1,-1
266,3060,347.75,179.38,42.20,102.18,1,-1,-1,-1
266,3062,866.00,169.00,52.00,112.00,1,-1,-1,-1
267,3060,346.11,179.41,42.43,102.76,1,-1,-1,-1
267,3062,864.10,163.75,46.04,99.24,1,-1,-1,-1
267,3063,923.00,163.00,62.00,132.00,1,-1,-1,-1
267,3064,37.00,174.00,131.00,195.00,1,-1,-1,-1
268,3062,863.48,162.00,44.03,94.99,1,-1,-1,-1
268,3063,923.00,163.00,62.00,132.00,1,-1,-1,-1
268,3064,37.00,174.00,131.00,195.00,1,-1,-1,-1
269,3062,862.84,160.24,42.05,90.72,1,-1,-1,-1
269,3063,924.27,156.24,53.46,113.99,1,-1,-1,-1
269,3065,888.00,158.00,46.00,96.00,1,-1,-1,-1
270,3063,924.73,154.00,50.54,107.99,1,-1,-1,-1
270,3065,888.00,158.00,46.00,96.00,1,-1,-1,-1
271,3063,925.13,151.73,47.72,101.96,1,-1,-1,-1
271,3066,1121.00,135.00,102.00,227.00,1,-1,-1,-1
272,3066,1121.00,135.00,102.00,227.00,1,-1,-1,-1
273,3055,337.22,175.89,53.75,107.30,1,-1,-1,-1
274,3055,338.84,175.16,53.16,107.18,1,-1,-1,-1
275,3055,338.76,174.77,53.31,107.48,1,-1,-1,-1
277,3067,338.00,184.00,50.00,80.00,1,-1,-1,-1
278,3055,341.75,182.75,43.08,83.42,1,-1,-1,-1
279,3055,352.39,183.04,39.38,72.84,1,-1,-1,-1
280,3055,354.82,183.12,39.20,70.00,1,-1,-1,-1
281,3055,352.89,181.74,40.29,71.26,1,-1,-1,-1
281,3068,327.00,181.00,51.00,84.00,1,-1,-1,-1
282,3055,352.10,181.26,40.88,71.75,1,-1,-1,-1
282,3068,327.00,181.00,51.00,84.00,1,-1,-1,-1
283,3055,353.10,181.25,39.86,69.95,1,-1,-1,-1
283,3068,325.38,182.50,53.49,88.50,1,-1,-1,-1
284,3068,324.96,183.00,54.08,90.00,1,-1,-1,-1
285,3057,365.05,178.42,40.08,97.18,1,-1,-1,-1
285,3060,381.45,170.09,36.04,87.23,1,-1,-1,-1
285,3068,324.38,183.50,54.99,91.51,1,-1,-1,-1
286,3057,364.98,178.00,39.62,96.99,1,-1,-1,-1
286,3060,382.25,169.91,35.91,86.89,1,-1,-1,-1
287,3057,357.47,175.83,42.11,101.68,1,-1,-1,-1
287,3060,383.66,169.49,35.64,86.25,1,-1,-1,-1
288,3057,354.69,175.07,43.23,103.35,1,-1,-1,-1
289,3057,352.86,174.41,43.48,103.94,1,-1,-1,-1
297,3069,13.00,164.00,144.00,211.00,1,-1,-1,-1
298,3069,13.00,164.00,144.00,211.00,1,-1,-1,-1
309,3070,350.00,155.00,48.00,104.00,1,-1,-1,-1
309,3071,219.00,169.00,51.00,132.00,1,-1,-1,-1
310,3057,218.34,168.93,54.02,131.86,1,-1,-1,-1
310,3070,350.00,155.00,48.00,104.00,1,-1,-1,-1
311,3057,212.35,168.63,54.54,133.12,1,-1,-1,-1
313,3072,8.00,138.00,173.00,230.00,1,-1,-1,-1
314,3072,8.00,138.00,173.00,230.00,1,-1,-1,-1
327,3073,418.00,185.00,53.00,83.00,1,-1,-1,-1
328,3073,418.00,185.00,53.00,83.00,1,-1,-1,-1
337,3074,951.00,186.00,34.00,63.00,1,-1,-1,-1
338,3074,951.00,186.00,34.00,63.00,1,-1,-1,-1
339,3074,944.24,163.48,49.77,93.02,1,-1,-1,-1
340,3074,942.24,155.97,54.53,103.04,1,-1,-1,-1
