1,4228,1680.00,392.00,130.00,352.00,1,-1,-1,-1
2,4228,1680.00,392.00,130.00,352.00,1,-1,-1,-1
3,4228,1680.00,392.00,130.00,352.00,1,-1,-1,-1
4,4228,1680.00,392.00,130.00,352.00,1,-1,-1,-1
5,4228,1680.00,392.00,130.00,352.00,1,-1,-1,-1
6,4228,1680.00,392.00,130.00,352.00,1,-1,-1,-1
7,4228,1680.00,392.00,130.00,352.00,1,-1,-1,-1
8,4228,1680.00,392.00,130.00,352.00,1,-1,-1,-1
9,4228,1680.00,392.00,130.00,352.00,1,-1,-1,-1
10,4228,1680.00,392.00,130.00,352.00,1,-1,-1,-1
11,4228,1680.00,392.00,130.00,352.00,1,-1,-1,-1
21,4228,1674.29,395.89,133.63,363.68,1,-1,-1,-1
22,4228,1674.32,396.05,133.27,364.14,1,-1,-1,-1
23,4228,1674.45,396.10,132.90,364.30,1,-1,-1,-1
24,4228,1674.60,396.11,132.57,364.34,1,-1,-1,-1
25,4228,1674.75,396.11,132.28,364.34,1,-1,-1,-1
26,4228,1674.88,396.11,132.03,364.32,1,-1,-1,-1
27,4228,1675.00,396.10,131.81,364.29,1,-1,-1,-1
28,4228,1675.11,396.09,131.61,364.26,1,-1,-1,-1
29,4228,1675.20,396.08,131.45,364.24,1,-1,-1,-1
30,4228,1675.28,396.07,131.30,364.22,1,-1,-1,-1
31,4228,1664.10,390.84,132.77,366.81,1,-1,-1,-1
31,4229,80.00,508.00,238.00,398.00,1,-1,-1,-1
32,4228,1659.75,388.86,133.60,367.77,1,-1,-1,-1
32,4229,80.00,508.00,238.00,398.00,1,-1,-1,-1
33,4228,1658.00,388.12,134.16,368.13,1,-1,-1,-1
33,4229,80.00,508.00,238.00,398.00,1,-1,-1,-1
34,4228,1657.28,387.86,134.59,368.24,1,-1,-1,-1
34,4229,80.00,508.00,238.00,398.00,1,-1,-1,-1
35,4228,1656.95,387.77,134.94,368.27,1,-1,-1,-1
35,4229,80.00,508.00,238.00,398.00,1,-1,-1,-1
36,4228,1656.77,387.76,135.24,368.26,1,-1,-1,-1
36,4229,80.00,508.00,238.00,398.00,1,-1,-1,-1
37,4228,1656.67,387.77,135.51,368.24,1,-1,-1,-1
37,4229,80.00,508.00,238.00,398.00,1,-1,-1,-1
38,4228,1656.59,387.78,135.76,368.22,1,-1,-1,-1
38,4229,80.00,508.00,238.00,398.00,1,-1,-1,-1
39,4228,1656.53,387.80,135.97,368.20,1,-1,-1,-1
39,4229,80.00,508.00,238.00,398.00,1,-1,-1,-1
40,4228,1656.48,387.82,136.17,368.18,1,-1,-1,-1
40,4229,80.00,508.00,238.00,398.00,1,-1,-1,-1
41,4228,1654.44,361.73,150.77,411.24,1,-1,-1,-1
41,4229,80.00,508.00,238.00,398.00,1,-1,-1,-1
42,4228,1653.02,354.66,154.95,427.03,1,-1,-1,-1
43,4228,1652.90,351.89,155.74,433.30,1,-1,-1,-1
44,4228,1653.28,350.89,155.23,435.61,1,-1,-1,-1
45,4228,1653.80,350.60,154.28,436.35,1,-1,-1,-1
46,4228,1654.35,350.57,153.23,436.49,1,-1,-1,-1
47,4228,1654.87,350.63,152.21,436.41,1,-1,-1,-1
48,4228,1655.35,350.73,151.25,436.25,1,-1,-1,-1
49,4228,1655.79,350.83,150.38,436.07,1,-1,-1,-1
50,4228,1656.19,350.93,149.58,435.89,1,-1,-1,-1
51,4228,1634.58,330.27,156.48,457.78,1,-1,-1,-1
52,4228,1623.14,328.90,159.32,460.87,1,-1,-1,-1
53,4228,1618.25,328.49,161.31,461.91,1,-1,-1,-1
54,4228,1616.04,328.43,162.87,462.17,1,-1,-1,-1
55,4228,1614.91,328.49,164.19,462.14,1,-1,-1,-1
56,4228,1614.22,328.60,165.34,462.01,1,-1,-1,-1
57,4228,1613.72,328.72,166.37,461.85,1,-1,-1,-1
58,4228,1613.33,328.83,167.30,461.69,1,-1,-1,-1
59,4228,1613.00,328.94,168.13,461.54,1,-1,-1,-1
60,4228,1612.70,329.03,168.89,461.40,1,-1,-1,-1
61,4228,1612.01,310.91,179.54,492.49,1,-1,-1,-1
62,4228,1609.88,309.24,180.92,497.73,1,-1,-1,-1
63,4228,1609.24,308.70,181.13,499.62,1,-1,-1,-1
64,4228,1609.18,308.58,180.90,500.19,1,-1,-1,-1
65,4228,1609.31,308.62,180.54,500.28,1,-1,-1,-1
66,4228,1609.52,308.71,180.15,500.18,1,-1,-1,-1
67,4228,1609.73,308.81,179.77,500.02,1,-1,-1,-1
68,4228,1609.94,308.91,179.42,499.85,1,-1,-1,-1
69,4228,1610.13,309.01,179.10,499.69,1,-1,-1,-1
70,4228,1610.31,309.10,178.80,499.54,1,-1,-1,-1
71,4228,1609.83,298.78,188.92,524.11,1,-1,-1,-1
71,4230,1514.00,382.00,154.00,426.00,1,-1,-1,-1
72,4228,1609.29,294.93,193.44,533.29,1,-1,-1,-1
72,4230,1514.00,382.00,154.00,426.00,1,-1,-1,-1
73,4228,1608.79,293.49,195.79,536.74,1,-1,-1,-1
73,4230,1514.00,382.00,154.00,426.00,1,-1,-1,-1
74,4228,1608.34,293.01,197.22,537.92,1,-1,-1,-1
74,4230,1514.00,382.00,154.00,426.00,1,-1,-1,-1
75,4228,1607.92,292.90,198.24,538.23,1,-1,-1,-1
75,4230,1514.00,382.00,154.00,426.00,1,-1,-1,-1
76,4228,1607.54,292.92,199.06,538.22,1,-1,-1,-1
76,4230,1514.00,382.00,154.00,426.00,1,-1,-1,-1
77,4228,1607.20,292.99,199.75,538.09,1,-1,-1,-1
77,4230,1514.00,382.00,154.00,426.00,1,-1,-1,-1
78,4228,1606.90,293.07,200.36,537.93,1,-1,-1,-1
78,4230,1514.00,382.00,154.00,426.00,1,-1,-1,-1
79,4228,1606.62,293.15,200.91,537.76,1,-1,-1,-1
79,4230,1514.00,382.00,154.00,426.00,1,-1,-1,-1
80,4228,1606.37,293.23,201.40,537.60,1,-1,-1,-1
80,4230,1514.00,382.00,154.00,426.00,1,-1,-1,-1
81,4228,1629.28,305.01,199.80,532.25,1,-1,-1,-1
81,4230,1483.62,359.31,169.37,467.38,1,-1,-1,-1
81,4231,788.00,370.00,248.00,402.00,1,-1,-1,-1
82,4228,1633.00,308.24,201.38,534.04,1,-1,-1,-1
82,4230,1475.17,344.67,176.19,484.96,1,-1,-1,-1
82,4231,792.42,368.29,247.73,402.00,1,-1,-1,-1
83,4228,1634.11,309.46,202.44,534.66,1,-1,-1,-1
83,4230,1471.82,338.94,179.10,491.77,1,-1,-1,-1
83,4231,793.33,368.00,247.33,402.00,1,-1,-1,-1
84,4228,1634.26,309.91,203.25,534.84,1,-1,-1,-1
84,4230,1470.55,336.85,180.39,494.20,1,-1,-1,-1
84,4231,793.77,367.93,246.83,402.00,1,-1,-1,-1
85,4228,1634.06,310.08,203.93,534.85,1,-1,-1,-1
85,4230,1470.08,336.18,181.04,494.92,1,-1,-1,-1
85,4231,794.08,367.92,246.25,402.00,1,-1,-1,-1
86,4228,1633.75,310.13,204.52,534.81,1,-1,-1,-1
86,4230,1469.92,336.05,181.43,495.00,1,-1,-1,-1
86,4231,794.38,367.93,245.61,402.00,1,-1,-1,-1
87,4228,1633.42,310.14,205.05,534.74,1,-1,-1,-1
87,4230,1469.87,336.12,181.70,494.85,1,-1,-1,-1
87,4231,794.69,367.94,244.93,402.00,1,-1,-1,-1
88,4228,1633.11,310.14,205.52,534.68,1,-1,-1,-1
88,4230,1469.87,336.26,181.92,494.63,1,-1,-1,-1
88,4231,795.02,367.95,244.23,402.00,1,-1,-1,-1
89,4228,1632.82,310.13,205.95,534.61,1,-1,-1,-1
89,4230,1469.88,336.41,182.12,494.40,1,-1,-1,-1
89,4231,795.35,367.95,243.52,402.00,1,-1,-1,-1
90,4228,1632.55,310.12,206.34,534.56,1,-1,-1,-1
90,4230,1469.89,336.55,182.29,494.18,1,-1,-1,-1
90,4231,795.68,367.96,242.82,402.00,1,-1,-1,-1
91,4228,1638.78,293.14,218.54,569.73,1,-1,-1,-1
91,4230,1467.72,334.24,183.57,497.66,1,-1,-1,-1
91,4231,795.84,367.90,242.82,402.00,1,-1,-1,-1
91,4232,954.00,334.00,192.00,422.00,1,-1,-1,-1
92,4228,1636.57,272.82,228.28,599.37,1,-1,-1,-1
92,4230,1411.19,362.61,166.51,449.73,1,-1,-1,-1
92,4232,967.10,328.86,186.38,408.29,1,-1,-1,-1
93,4228,1632.93,268.68,229.93,607.09,1,-1,-1,-1
93,4230,1396.98,374.76,162.30,438.54,1,-1,-1,-1
93,4231,921.53,366.27,232.59,390.10,1,-1,-1,-1
94,4228,1628.81,264.59,233.19,621.45,1,-1,-1,-1
94,4230,1387.01,370.72,164.82,444.23,1,-1,-1,-1
94,4231,948.71,377.09,223.68,379.95,1,-1,-1,-1
95,4228,1627.79,263.08,233.22,626.84,1,-1,-1,-1
95,4230,1383.43,369.24,165.96,446.32,1,-1,-1,-1
95,4231,958.51,380.70,219.11,376.58,1,-1,-1,-1
96,4228,1627.91,262.60,232.11,628.73,1,-1,-1,-1
96,4230,1382.25,368.65,166.60,447.15,1,-1,-1,-1
96,4231,962.36,381.98,216.10,375.42,1,-1,-1,-1
97,4228,1628.42,262.50,230.67,629.25,1,-1,-1,-1
97,4230,1381.97,368.40,167.03,447.49,1,-1,-1,-1
97,4231,963.96,382.42,213.78,375.06,1,-1,-1,-1
98,4228,1629.04,262.55,229.19,629.26,1,-1,-1,-1
98,4230,1382.00,368.29,167.35,447.64,1,-1,-1,-1
98,4231,964.70,382.54,211.83,375.00,1,-1,-1,-1
99,4228,1629.67,262.64,227.79,629.08,1,-1,-1,-1
99,4230,1382.14,368.24,167.62,447.71,1,-1,-1,-1
99,4231,965.11,382.54,210.12,375.05,1,-1,-1,-1
100,4228,1630.26,262.75,226.49,628.85,1,-1,-1,-1
100,4230,1382.30,368.20,167.86,447.75,1,-1,-1,-1
100,4231,965.39,382.51,208.59,375.13,1,-1,-1,-1
101,4228,1630.23,260.75,228.14,633.43,1,-1,-1,-1
101,4230,1367.86,340.69,181.56,489.68,1,-1,-1,-1
101,4231,1018.78,374.58,204.77,379.15,1,-1,-1,-1
102,4228,1615.08,271.91,215.65,599.86,1,-1,-1,-1
102,4230,1362.27,325.50,189.69,512.69,1,-1,-1,-1
102,4231,1043.90,376.81,199.20,376.78,1,-1,-1,-1
103,4228,1607.11,266.25,218.86,616.71,1,-1,-1,-1
103,4230,1348.75,311.89,199.34,544.62,1,-1,-1,-1
103,4231,1061.20,381.60,193.83,371.97,1,-1,-1,-1
104,4228,1605.12,264.90,219.86,619.53,1,-1,-1,-1
104,4230,1344.63,316.71,199.70,548.19,1,-1,-1,-1
104,4231,1070.70,374.18,195.48,380.73,1,-1,-1,-1
105,4230,1343.46,318.82,199.26,549.33,1,-1,-1,-1
105,4231,1074.74,371.42,194.50,384.01,1,-1,-1,-1
106,4230,1343.41,319.75,198.57,549.55,1,-1,-1,-1
106,4231,1076.56,370.36,192.72,385.27,1,-1,-1,-1
107,4230,1343.76,320.19,197.83,549.45,1,-1,-1,-1
107,4231,1077.49,369.98,190.77,385.76,1,-1,-1,-1
108,4230,1344.23,320.45,197.12,549.23,1,-1,-1,-1
108,4231,1078.08,369.84,188.87,385.94,1,-1,-1,-1
109,4230,1344.72,320.62,196.46,548.98,1,-1,-1,-1
109,4231,1078.51,369.80,187.11,386.01,1,-1,-1,-1
110,4230,1345.19,320.76,195.85,548.73,1,-1,-1,-1
110,4231,1078.87,369.80,185.49,386.03,1,-1,-1,-1
111,4230,1341.42,318.80,197.40,553.08,1,-1,-1,-1
111,4231,1086.29,369.47,185.53,386.11,1,-1,-1,-1
111,4233,1194.00,310.00,200.00,480.00,1,-1,-1,-1
112,4230,1237.53,311.63,180.97,498.40,1,-1,-1,-1
113,4230,1207.59,298.71,196.18,538.09,1,-1,-1,-1
114,4230,1200.43,288.08,206.84,560.99,1,-1,-1,-1
115,4230,1197.42,284.03,212.20,569.83,1,-1,-1,-1
116,4230,1196.16,282.58,215.30,573.13,1,-1,-1,-1
117,4230,1195.58,282.15,217.40,574.23,1,-1,-1,-1
118,4230,1195.27,282.11,219.02,574.49,1,-1,-1,-1
119,4230,1195.06,282.20,220.36,574.44,1,-1,-1,-1
120,4230,1194.91,282.33,221.52,574.29,1,-1,-1,-1
121,4228,1484.37,192.76,212.31,577.39,1,-1,-1,-1
121,4230,1193.81,318.83,229.70,593.58,1,-1,-1,-1
122,4228,1481.68,189.74,212.04,555.74,1,-1,-1,-1
122,4230,1187.47,335.22,233.36,600.79,1,-1,-1,-1
123,4228,1479.11,188.74,215.09,549.49,1,-1,-1,-1
123,4230,1185.01,341.58,235.17,603.43,1,-1,-1,-1
124,4228,1477.26,188.47,218.34,547.34,1,-1,-1,-1
124,4230,1184.08,343.97,236.22,604.28,1,-1,-1,-1
125,4228,1475.90,188.49,221.27,546.67,1,-1,-1,-1
125,4230,1183.74,344.82,236.93,604.45,1,-1,-1,-1
126,4228,1474.85,188.60,223.80,546.54,1,-1,-1,-1
126,4230,1183.63,345.07,237.48,604.37,1,-1,-1,-1
127,4228,1474.00,188.74,225.96,546.60,1,-1,-1,-1
127,4230,1183.60,345.10,237.94,604.21,1,-1,-1,-1
128,4228,1473.29,188.87,227.80,546.71,1,-1,-1,-1
128,4230,1183.61,345.04,238.34,604.03,1,-1,-1,-1
129,4228,1472.69,188.99,229.38,546.83,1,-1,-1,-1
129,4230,1183.63,344.97,238.69,603.85,1,-1,-1,-1
130,4228,1472.18,189.10,230.75,546.95,1,-1,-1,-1
130,4230,1183.66,344.88,239.01,603.68,1,-1,-1,-1
131,4228,1402.37,191.82,285.21,685.08,1,-1,-1,-1
131,4230,1180.21,346.30,240.08,606.36,1,-1,-1,-1
132,4228,1377.64,195.13,301.97,736.26,1,-1,-1,-1
133,4228,1364.54,191.68,312.12,765.31,1,-1,-1,-1
133,4230,1130.96,288.36,278.02,686.75,1,-1,-1,-1
134,4228,1359.59,185.28,313.46,771.68,1,-1,-1,-1
134,4230,1122.63,277.86,289.92,704.85,1,-1,-1,-1
135,4228,1358.27,182.75,313.15,773.68,1,-1,-1,-1
135,4230,1118.42,273.93,296.72,711.58,1,-1,-1,-1
136,4228,1358.32,181.79,312.29,774.03,1,-1,-1,-1
136,4230,1115.98,272.51,301.23,713.92,1,-1,-1,-1
137,4228,1358.86,181.45,311.28,773.77,1,-1,-1,-1
137,4230,1114.35,272.09,304.63,714.55,1,-1,-1,-1
138,4228,1359.54,181.36,310.29,773.28,1,-1,-1,-1
138,4230,1113.11,272.03,307.40,714.54,1,-1,-1,-1
139,4228,1360.25,181.36,309.35,772.74,1,-1,-1,-1
139,4230,1112.09,272.12,309.76,714.29,1,-1,-1,-1
140,4228,1360.93,181.39,308.48,772.19,1,-1,-1,-1
140,4230,1111.23,272.25,311.82,713.97,1,-1,-1,-1
141,4228,1354.50,180.41,312.38,781.96,1,-1,-1,-1
141,4230,1095.72,228.39,325.05,748.59,1,-1,-1,-1
141,4234,4.00,396.00,186.00,512.00,1,-1,-1,-1
142,4228,1334.03,146.49,318.27,816.20,1,-1,-1,-1
142,4230,1078.26,208.07,334.24,774.28,1,-1,-1,-1
142,4234,6.97,418.29,176.64,486.29,1,-1,-1,-1
143,4228,1326.25,142.93,322.83,827.89,1,-1,-1,-1
143,4230,1052.90,200.28,348.35,800.66,1,-1,-1,-1
144,4230,1042.42,197.42,355.21,810.71,1,-1,-1,-1
145,4230,1037.90,196.54,359.02,814.30,1,-1,-1,-1
146,4230,1035.81,196.41,361.51,815.35,1,-1,-1,-1
147,4230,1034.71,196.56,363.38,815.43,1,-1,-1,-1
148,4230,1034.02,196.80,364.91,815.17,1,-1,-1,-1
149,4230,1033.53,197.05,366.23,814.80,1,-1,-1,-1
150,4230,1033.13,197.31,367.40,814.40,1,-1,-1,-1
151,4230,1071.67,174.22,381.41,843.82,1,-1,-1,-1
151,4235,408.00,420.00,152.00,336.00,1,-1,-1,-1
151,4236,108.00,344.00,188.00,550.00,1,-1,-1,-1
152,4228,889.70,262.22,295.78,753.24,1,-1,-1,-1
152,4230,1082.05,166.85,382.41,849.70,1,-1,-1,-1
152,4235,407.02,418.29,155.67,344.57,1,-1,-1,-1
152,4236,111.66,342.29,185.83,543.14,1,-1,-1,-1
153,4228,868.28,267.84,296.13,751.21,1,-1,-1,-1
153,4230,1081.76,161.60,381.15,852.97,1,-1,-1,-1
154,4228,860.38,269.68,296.84,750.75,1,-1,-1,-1
154,4230,1082.38,159.76,379.12,853.96,1,-1,-1,-1
155,4228,858.00,270.22,297.48,750.56,1,-1,-1,-1
155,4230,1083.27,159.24,376.94,854.09,1,-1,-1,-1
156,4228,857.87,270.25,298.02,750.45,1,-1,-1,-1
156,4230,1084.22,159.21,374.84,853.90,1,-1,-1,-1
157,4228,858.51,270.11,298.49,750.39,1,-1,-1,-1
157,4230,1085.12,159.36,372.89,853.62,1,-1,-1,-1
158,4228,859.35,269.92,298.89,750.34,1,-1,-1,-1
158,4230,1085.95,159.56,371.10,853.31,1,-1,-1,-1
159,4228,860.20,269.73,299.23,750.30,1,-1,-1,-1
159,4230,1086.72,159.77,369.48,853.01,1,-1,-1,-1
160,4228,860.98,269.56,299.53,750.27,1,-1,-1,-1
160,4230,1087.41,159.97,368.00,852.74,1,-1,-1,-1
161,4228,817.85,269.40,308.81,765.97,1,-1,-1,-1
161,4230,1099.52,127.63,386.64,905.83,1,-1,-1,-1
161,4237,386.00,368.00,166.00,464.00,1,-1,-1,-1
161,4238,258.00,372.00,192.00,518.00,1,-1,-1,-1
162,4228,791.74,261.48,317.21,775.75,1,-1,-1,-1
162,4230,1095.36,104.13,395.71,937.07,1,-1,-1,-1
162,4237,382.35,356.00,171.59,479.43,1,-1,-1,-1
163,4228,781.12,258.38,322.68,779.44,1,-1,-1,-1
163,4230,1094.83,95.04,396.88,949.13,1,-1,-1,-1
163,4237,381.70,354.00,172.61,482.00,1,-1,-1,-1
164,4228,776.61,257.15,326.75,780.76,1,-1,-1,-1
164,4230,1095.64,91.71,395.15,953.51,1,-1,-1,-1
164,4237,381.47,353.47,172.98,482.68,1,-1,-1,-1
165,4228,774.51,256.65,330.07,781.17,1,-1,-1,-1
165,4230,1096.89,90.66,392.49,954.87,1,-1,-1,-1
165,4237,381.38,353.41,173.15,482.75,1,-1,-1,-1
166,4228,773.37,256.44,332.92,781.25,1,-1,-1,-1
166,4230,1098.21,90.47,389.66,955.08,1,-1,-1,-1
166,4237,381.32,353.47,173.29,482.68,1,-1,-1,-1
167,4228,772.63,256.34,335.42,781.20,1,-1,-1,-1
167,4230,1099.48,90.59,386.94,954.88,1,-1,-1,-1
167,4237,381.25,353.55,173.43,482.58,1,-1,-1,-1
168,4228,772.09,256.28,337.64,781.12,1,-1,-1,-1
168,4230,1100.66,90.83,384.42,954.54,1,-1,-1,-1
168,4237,381.18,353.61,173.58,482.50,1,-1,-1,-1
169,4228,771.65,256.25,339.63,781.02,1,-1,-1,-1
169,4230,1101.73,91.08,382.11,954.17,1,-1,-1,-1
169,4237,381.11,353.67,173.73,482.42,1,-1,-1,-1
170,4228,771.28,256.22,341.42,780.93,1,-1,-1,-1
170,4230,1102.71,91.34,380.01,953.80,1,-1,-1,-1
170,4237,381.04,353.72,173.89,482.37,1,-1,-1,-1
171,4228,762.91,256.57,342.08,782.42,1,-1,-1,-1
171,4230,1034.42,70.80,394.35,967.75,1,-1,-1,-1
171,4237,380.90,353.26,174.10,482.96,1,-1,-1,-1
171,4239,544.00,142.00,384.00,864.00,1,-1,-1,-1
172,4228,582.56,203.96,348.72,791.66,1,-1,-1,-1
172,4230,991.45,52.77,406.73,984.51,1,-1,-1,-1
173,4228,540.37,170.67,359.55,812.55,1,-1,-1,-1
173,4230,965.03,40.87,408.40,979.15,1,-1,-1,-1
174,4228,524.94,158.80,364.30,820.00,1,-1,-1,-1
174,4230,954.12,36.50,410.91,976.78,1,-1,-1,-1
175,4228,519.41,154.45,366.81,822.74,1,-1,-1,-1
175,4230,949.36,35.06,413.62,975.69,1,-1,-1,-1
176,4228,517.72,153.01,368.37,823.66,1,-1,-1,-1
176,4230,947.02,34.72,416.23,975.09,1,-1,-1,-1
177,4228,517.47,152.68,369.51,823.89,1,-1,-1,-1
177,4230,945.67,34.79,418.65,974.71,1,-1,-1,-1
178,4228,517.73,152.75,370.42,823.86,1,-1,-1,-1
178,4230,944.74,35.00,420.87,974.42,1,-1,-1,-1
179,4228,518.17,152.96,371.20,823.75,1,-1,-1,-1
179,4230,944.02,35.25,422.88,974.18,1,-1,-1,-1
180,4228,518.65,153.21,371.88,823.61,1,-1,-1,-1
180,4230,943.42,35.50,424.71,973.96,1,-1,-1,-1
181,4228,436.14,161.27,386.10,840.39,1,-1,-1,-1
181,4230,858.20,44.85,421.09,969.87,1,-1,-1,-1
182,4228,411.10,177.34,385.07,825.98,1,-1,-1,-1
182,4230,829.48,48.54,412.73,960.37,1,-1,-1,-1
183,4228,400.82,183.72,387.39,820.24,1,-1,-1,-1
183,4230,820.13,50.03,407.33,956.69,1,-1,-1,-1
184,4228,396.25,186.17,390.84,818.01,1,-1,-1,-1
184,4230,818.07,50.66,403.27,955.26,1,-1,-1,-1
185,4228,393.92,187.12,394.47,817.12,1,-1,-1,-1
185,4230,818.64,50.96,399.92,954.69,1,-1,-1,-1
186,4228,392.52,187.51,397.95,816.75,1,-1,-1,-1
186,4230,820.10,51.12,397.00,954.45,1,-1,-1,-1
187,4228,391.52,187.67,401.18,816.57,1,-1,-1,-1
187,4230,821.78,51.23,394.40,954.34,1,-1,-1,-1
188,4228,390.73,187.74,404.12,816.48,1,-1,-1,-1
188,4230,823.43,51.32,392.06,954.28,1,-1,-1,-1
189,4228,390.06,187.79,406.80,816.42,1,-1,-1,-1
189,4230,824.99,51.39,389.96,954.25,1,-1,-1,-1
190,4228,389.47,187.81,409.22,816.37,1,-1,-1,-1
190,4230,826.41,51.45,388.06,954.22,1,-1,-1,-1
191,4228,379.79,187.52,409.53,816.96,1,-1,-1,-1
191,4230,736.33,27.99,413.64,1016.90,1,-1,-1,-1
191,4240,96.00,126.00,456.00,868.00,1,-1,-1,-1
192,4230,695.43,9.08,420.31,1042.73,1,-1,-1,-1
192,4240,7.85,129.43,455.73,868.00,1,-1,-1,-1
192,4241,522.00,378.00,162.00,410.00,1,-1,-1,-1
193,4230,667.43,10.70,415.55,1033.48,1,-1,-1,-1
193,4240,-10.30,101.48,471.60,899.53,1,-1,-1,-1
194,4230,653.86,6.31,409.78,1025.66,1,-1,-1,-1
194,4240,-18.99,96.50,482.54,924.60,1,-1,-1,-1
195,4230,649.94,4.76,406.15,1022.48,1,-1,-1,-1
195,4240,-20.16,95.29,484.20,932.76,1,-1,-1,-1
196,4230,649.60,4.29,403.47,1021.13,1,-1,-1,-1
196,4240,-18.83,95.28,482.41,934.87,1,-1,-1,-1
197,4230,650.54,4.22,401.28,1020.48,1,-1,-1,-1
197,4240,-16.81,95.58,479.42,935.01,1,-1,-1,-1
198,4230,651.87,4.29,399.39,1020.11,1,-1,-1,-1
198,4240,-14.66,95.90,476.05,934.58,1,-1,-1,-1
199,4230,653.28,4.42,397.71,1019.86,1,-1,-1,-1
199,4240,-12.56,96.19,472.61,934.04,1,-1,-1,-1
200,4230,654.63,4.55,396.20,1019.66,1,-1,-1,-1
200,4240,-10.56,96.43,469.22,933.54,1,-1,-1,-1
201,4230,541.63,32.05,413.51,1024.71,1,-1,-1,-1
201,4240,-18.44,128.52,417.71,856.03,1,-1,-1,-1
201,4242,224.00,170.00,330.00,798.00,1,-1,-1,-1
202,4230,482.25,42.54,430.39,1025.25,1,-1,-1,-1
202,4240,-24.16,130.15,415.63,851.76,1,-1,-1,-1
203,4230,438.30,43.92,446.82,1021.45,1,-1,-1,-1
204,4230,407.78,15.68,462.51,1047.33,1,-1,-1,-1
205,4230,395.62,5.06,470.76,1057.00,1,-1,-1,-1
206,4230,390.67,1.01,475.98,1060.59,1,-1,-1,-1
207,4230,388.55,-0.47,479.80,1061.82,1,-1,-1,-1
208,4230,387.53,-0.97,482.92,1062.14,1,-1,-1,-1
209,4230,386.95,-1.08,485.60,1062.13,1,-1,-1,-1
210,4230,386.56,-1.06,487.97,1062.01,1,-1,-1,-1
211,4228,38.18,15.67,573.03,1097.30,1,-1,-1,-1
211,4230,372.22,-2.84,489.48,1065.29,1,-1,-1,-1
211,4243,676.00,360.00,152.00,490.00,1,-1,-1,-1
211,4244,976.00,396.00,160.00,400.00,1,-1,-1,-1
211,4245,1054.00,386.00,150.00,390.00,1,-1,-1,-1
212,4228,14.33,20.47,578.00,1096.21,1,-1,-1,-1
212,4243,678.71,356.57,150.00,483.14,1,-1,-1,-1
212,4244,971.26,392.57,157.48,394.86,1,-1,-1,-1
212,4245,1062.91,377.43,154.47,402.00,1,-1,-1,-1
213,4228,4.50,22.75,581.36,1095.23,1,-1,-1,-1
213,4243,679.09,356.00,149.83,482.00,1,-1,-1,-1
213,4244,970.76,392.00,156.47,394.00,1,-1,-1,-1
213,4245,1064.48,376.00,155.03,404.00,1,-1,-1,-1
214,4228,-11.16,16.42,587.15,1106.09,1,-1,-1,-1
214,4230,187.97,16.40,414.93,882.21,1,-1,-1,-1
214,4243,665.97,336.49,162.80,523.42,1,-1,-1,-1
214,4244,960.47,385.90,155.70,393.78,1,-1,-1,-1
214,4245,1075.81,365.32,159.86,416.31,1,-1,-1,-1
215,4230,136.02,20.54,469.67,950.63,1,-1,-1,-1
215,4243,661.55,321.68,170.00,545.55,1,-1,-1,-1
215,4244,953.68,365.02,162.27,414.09,1,-1,-1,-1
215,4245,1076.16,351.82,165.48,430.33,1,-1,-1,-1
216,4230,109.59,21.07,467.76,946.74,1,-1,-1,-1
216,4240,467.46,246.79,331.00,641.94,1,-1,-1,-1
216,4243,657.71,313.27,174.48,559.94,1,-1,-1,-1
216,4244,948.91,358.01,164.10,418.76,1,-1,-1,-1
216,4245,1083.32,374.75,154.32,397.90,1,-1,-1,-1
217,4240,494.20,253.63,324.50,629.33,1,-1,-1,-1
217,4245,1085.37,376.85,154.82,396.40,1,-1,-1,-1
218,4245,1085.58,377.58,155.74,395.91,1,-1,-1,-1
219,4245,1085.14,377.85,156.80,395.76,1,-1,-1,-1
220,4245,1084.49,377.95,157.90,395.73,1,-1,-1,-1
221,4240,609.71,265.07,291.87,615.54,1,-1,-1,-1
221,4245,1092.65,384.68,156.01,390.39,1,-1,-1,-1
222,4240,627.79,275.63,268.44,597.88,1,-1,-1,-1
222,4245,1098.23,387.19,151.36,379.05,1,-1,-1,-1
223,4240,639.85,284.54,257.30,592.00,1,-1,-1,-1
223,4245,1100.89,388.08,148.17,370.85,1,-1,-1,-1
224,4240,645.24,287.58,249.90,590.18,1,-1,-1,-1
224,4245,1101.71,388.37,147.09,367.94,1,-1,-1,-1
225,4240,647.92,288.48,244.43,589.83,1,-1,-1,-1
225,4245,1101.87,388.44,146.78,366.97,1,-1,-1,-1
226,4240,649.44,288.62,240.11,590.00,1,-1,-1,-1
226,4245,1101.81,388.43,146.75,366.72,1,-1,-1,-1
227,4240,650.44,288.49,236.56,590.32,1,-1,-1,-1
227,4245,1101.67,388.40,146.82,366.72,1,-1,-1,-1
228,4240,651.18,288.29,233.57,590.66,1,-1,-1,-1
228,4245,1101.51,388.36,146.91,366.81,1,-1,-1,-1
229,4240,651.76,288.07,231.00,590.99,1,-1,-1,-1
229,4245,1101.36,388.33,147.01,366.91,1,-1,-1,-1
230,4240,652.24,287.87,228.76,591.30,1,-1,-1,-1
230,4245,1101.23,388.29,147.10,367.02,1,-1,-1,-1
231,4240,733.17,283.74,231.50,602.09,1,-1,-1,-1
231,4245,1102.81,388.77,146.46,365.42,1,-1,-1,-1
231,4246,1214.00,370.00,124.00,378.00,1,-1,-1,-1
232,4240,772.36,279.51,223.19,587.96,1,-1,-1,-1
233,4240,787.35,277.78,218.65,582.67,1,-1,-1,-1
234,4240,793.00,277.09,215.72,580.83,1,-1,-1,-1
235,4240,795.13,276.79,213.52,580.27,1,-1,-1,-1
236,4240,795.91,276.64,211.70,580.18,1,-1,-1,-1
237,4240,796.19,276.55,210.14,580.26,1,-1,-1,-1
238,4240,796.27,276.48,208.75,580.39,1,-1,-1,-1
239,4240,796.27,276.43,207.51,580.53,1,-1,-1,-1
240,4240,796.26,276.39,206.40,580.67,1,-1,-1,-1
241,4240,809.76,298.61,190.13,548.06,1,-1,-1,-1
241,4243,926.01,304.17,166.45,527.57,1,-1,-1,-1
241,4245,1232.89,388.16,135.66,340.27,1,-1,-1,-1
241,4247,516.00,324.00,234.00,564.00,1,-1,-1,-1
241,4248,650.00,334.00,180.00,554.00,1,-1,-1,-1
242,4240,819.14,301.22,188.41,543.11,1,-1,-1,-1
242,4243,932.79,289.15,167.61,540.92,1,-1,-1,-1
242,4245,1242.04,386.70,136.68,346.40,1,-1,-1,-1
242,4247,527.60,325.71,226.24,545.14,1,-1,-1,-1
242,4248,644.63,334.00,187.31,576.29,1,-1,-1,-1
243,4243,938.19,293.22,166.29,536.37,1,-1,-1,-1
243,4245,1251.11,386.24,135.61,349.57,1,-1,-1,-1
244,4243,939.68,294.78,165.84,534.69,1,-1,-1,-1
244,4245,1254.76,386.07,134.20,350.80,1,-1,-1,-1
245,4243,939.78,295.41,165.71,534.08,1,-1,-1,-1
245,4245,1256.28,386.01,132.85,351.30,1,-1,-1,-1
246,4243,939.47,295.67,165.68,533.88,1,-1,-1,-1
246,4245,1256.95,385.99,131.63,351.52,1,-1,-1,-1
247,4243,939.07,295.78,165.70,533.82,1,-1,-1,-1
247,4245,1257.27,385.98,130.57,351.62,1,-1,-1,-1
248,4243,938.70,295.83,165.73,533.82,1,-1,-1,-1
248,4245,1257.45,385.98,129.64,351.68,1,-1,-1,-1
249,4243,938.38,295.86,165.76,533.83,1,-1,-1,-1
249,4245,1257.56,385.98,128.83,351.72,1,-1,-1,-1
250,4243,938.10,295.88,165.78,533.85,1,-1,-1,-1
250,4245,1257.64,385.98,128.11,351.75,1,-1,-1,-1
251,4240,1068.84,341.48,154.64,457.28,1,-1,-1,-1
251,4243,955.53,335.54,150.28,484.98,1,-1,-1,-1
251,4245,1246.40,388.60,125.23,350.47,1,-1,-1,-1
251,4249,664.00,316.00,194.00,546.00,1,-1,-1,-1
251,4250,806.00,344.00,164.00,504.00,1,-1,-1,-1
251,4251,1576.00,464.00,82.00,284.00,1,-1,-1,-1
252,4240,1088.61,341.47,145.60,445.58,1,-1,-1,-1
252,4243,956.67,344.00,144.05,468.88,1,-1,-1,-1
252,4245,1237.88,384.35,124.53,356.54,1,-1,-1,-1
252,4249,664.38,314.29,188.09,528.86,1,-1,-1,-1
252,4250,806.10,323.43,172.37,529.71,1,-1,-1,-1
253,4240,1096.21,341.56,140.44,441.91,1,-1,-1,-1
253,4243,957.27,346.84,141.29,463.41,1,-1,-1,-1
253,4245,1235.38,382.75,122.76,358.83,1,-1,-1,-1
253,4249,664.34,314.00,187.33,526.00,1,-1,-1,-1
253,4250,806.11,320.00,173.77,534.00,1,-1,-1,-1
254,4240,1099.29,341.51,136.90,440.81,1,-1,-1,-1
254,4243,957.63,347.72,139.80,461.66,1,-1,-1,-1
254,4245,1235.02,382.15,120.76,359.70,1,-1,-1,-1
254,4249,664.19,313.93,187.40,525.28,1,-1,-1,-1
254,4250,806.11,319.08,174.16,535.15,1,-1,-1,-1
255,4240,1103.98,348.06,139.32,444.67,1,-1,-1,-1
255,4243,954.03,355.91,139.87,459.90,1,-1,-1,-1
255,4245,1236.00,381.80,120.89,360.07,1,-1,-1,-1
255,4249,664.26,313.71,186.62,523.09,1,-1,-1,-1
255,4250,806.80,327.59,174.26,530.97,1,-1,-1,-1
256,4240,1101.89,342.44,140.29,450.28,1,-1,-1,-1
256,4243,955.20,362.79,140.04,455.46,1,-1,-1,-1
256,4249,703.03,356.34,162.30,452.27,1,-1,-1,-1
256,4250,799.60,346.21,169.37,509.59,1,-1,-1,-1
257,4240,1101.46,332.34,146.97,469.67,1,-1,-1,-1
257,4243,951.28,369.17,140.70,450.03,1,-1,-1,-1
257,4249,711.34,365.12,156.34,435.67,1,-1,-1,-1
257,4250,801.85,347.18,170.63,507.55,1,-1,-1,-1
258,4240,1099.14,316.87,157.15,504.22,1,-1,-1,-1
258,4243,951.55,368.70,141.39,442.88,1,-1,-1,-1
258,4250,804.55,355.65,165.97,480.78,1,-1,-1,-1
259,4240,1102.44,333.90,145.92,462.62,1,-1,-1,-1
259,4243,953.48,373.03,139.61,437.30,1,-1,-1,-1
259,4250,803.10,357.15,166.41,473.98,1,-1,-1,-1
260,4240,1102.05,339.60,144.42,450.77,1,-1,-1,-1
260,4243,948.32,362.15,149.93,463.36,1,-1,-1,-1
260,4250,799.96,353.42,173.25,486.92,1,-1,-1,-1
261,4240,1097.08,340.30,146.48,457.20,1,-1,-1,-1
261,4243,947.75,361.68,153.96,472.24,1,-1,-1,-1
261,4250,802.17,357.35,173.08,480.99,1,-1,-1,-1
262,4240,1095.10,340.53,147.24,459.60,1,-1,-1,-1
262,4243,947.22,361.45,156.07,475.53,1,-1,-1,-1
262,4250,802.43,358.71,174.20,478.95,1,-1,-1,-1
263,4240,1094.10,340.58,147.55,460.58,1,-1,-1,-1
263,4243,946.71,361.29,157.41,476.83,1,-1,-1,-1
263,4250,801.96,359.10,175.74,478.35,1,-1,-1,-1
264,4240,1093.50,340.56,147.69,461.01,1,-1,-1,-1
264,4243,946.25,361.15,158.40,477.35,1,-1,-1,-1
264,4250,801.26,359.16,177.37,478.26,1,-1,-1,-1
265,4240,1093.08,340.52,147.75,461.21,1,-1,-1,-1
265,4243,945.83,361.04,159.20,477.57,1,-1,-1,-1
265,4250,800.51,359.10,178.96,478.35,1,-1,-1,-1
266,4240,1092.75,340.47,147.79,461.33,1,-1,-1,-1
266,4243,945.46,360.94,159.89,477.67,1,-1,-1,-1
266,4250,799.78,359.00,180.45,478.49,1,-1,-1,-1
267,4240,1092.47,340.43,147.81,461.41,1,-1,-1,-1
267,4243,945.12,360.85,160.49,477.72,1,-1,-1,-1
267,4250,799.09,358.91,181.84,478.64,1,-1,-1,-1
268,4240,1092.23,340.39,147.83,461.48,1,-1,-1,-1
268,4243,944.82,360.77,161.03,477.76,1,-1,-1,-1
268,4250,798.45,358.81,183.12,478.78,1,-1,-1,-1
269,4240,1092.02,340.35,147.84,461.53,1,-1,-1,-1
269,4243,944.55,360.70,161.51,477.78,1,-1,-1,-1
269,4250,797.86,358.73,184.30,478.90,1,-1,-1,-1
270,4240,1091.82,340.32,147.86,461.58,1,-1,-1,-1
270,4243,944.30,360.63,161.95,477.81,1,-1,-1,-1
270,4250,797.32,358.66,185.37,479.01,1,-1,-1,-1
271,4240,1094.55,340.29,153.83,479.92,1,-1,-1,-1
271,4243,943.94,363.18,157.39,466.07,1,-1,-1,-1
271,4250,797.65,359.72,184.76,477.42,1,-1,-1,-1
271,4252,1224.00,336.00,138.00,446.00,1,-1,-1,-1
272,4240,1089.99,337.69,159.39,493.22,1,-1,-1,-1
272,4243,951.84,352.25,155.37,462.93,1,-1,-1,-1
272,4252,1229.02,339.43,134.81,435.71,1,-1,-1,-1
273,4240,1090.34,345.68,157.14,473.89,1,-1,-1,-1
273,4243,950.90,357.35,149.23,444.72,1,-1,-1,-1
273,4252,1229.73,329.39,142.12,458.25,1,-1,-1,-1
274,4240,1092.05,344.86,158.10,468.81,1,-1,-1,-1
274,4243,950.53,368.61,140.19,420.58,1,-1,-1,-1
274,4252,1227.06,340.62,140.08,449.70,1,-1,-1,-1
275,4240,1091.93,344.54,159.84,466.91,1,-1,-1,-1
275,4243,950.59,372.75,136.42,411.79,1,-1,-1,-1
275,4252,1225.79,344.86,139.68,446.12,1,-1,-1,-1
276,4240,1088.52,337.85,169.70,480.61,1,-1,-1,-1
276,4243,951.16,374.57,134.60,406.29,1,-1,-1,-1
276,4252,1227.56,346.24,132.28,417.87,1,-1,-1,-1
277,4240,1087.71,339.22,171.06,472.80,1,-1,-1,-1
277,4243,957.91,385.53,135.99,406.47,1,-1,-1,-1
277,4252,1225.01,338.01,140.35,437.88,1,-1,-1,-1
278,4240,1087.51,335.83,176.43,477.58,1,-1,-1,-1
278,4243,959.18,388.29,134.34,401.55,1,-1,-1,-1
278,4252,1216.23,337.98,145.33,447.27,1,-1,-1,-1
279,4240,1084.54,338.46,175.02,467.66,1,-1,-1,-1
279,4243,966.50,388.64,133.58,396.13,1,-1,-1,-1
279,4252,1216.25,335.29,151.36,458.84,1,-1,-1,-1
280,4240,1081.11,347.36,169.69,450.68,1,-1,-1,-1
280,4243,978.17,391.73,132.33,390.37,1,-1,-1,-1
280,4252,1220.18,342.23,155.12,457.83,1,-1,-1,-1
281,4240,1084.47,354.70,167.55,441.64,1,-1,-1,-1
281,4243,981.12,394.31,130.62,385.33,1,-1,-1,-1
281,4252,1215.32,348.88,158.70,458.65,1,-1,-1,-1
282,4240,1085.35,357.37,167.44,438.38,1,-1,-1,-1
282,4252,1212.54,351.35,161.94,458.89,1,-1,-1,-1
283,4240,1085.33,358.32,168.02,437.24,1,-1,-1,-1
283,4252,1210.60,352.24,164.96,458.90,1,-1,-1,-1
284,4240,1085.01,358.62,168.81,436.90,1,-1,-1,-1
284,4252,1209.05,352.53,167.77,458.85,1,-1,-1,-1
285,4240,1084.60,358.69,169.63,436.85,1,-1,-1,-1
285,4252,1207.69,352.59,170.39,458.78,1,-1,-1,-1
286,4240,1084.19,358.67,170.40,436.91,1,-1,-1,-1
286,4252,1206.46,352.58,172.82,458.70,1,-1,-1,-1
287,4240,1083.80,358.62,171.12,436.99,1,-1,-1,-1
287,4252,1205.34,352.54,175.07,458.63,1,-1,-1,-1
288,4240,1083.44,358.56,171.77,437.09,1,-1,-1,-1
288,4252,1204.32,352.49,177.14,458.57,1,-1,-1,-1
289,4240,1083.11,358.51,172.36,437.17,1,-1,-1,-1
289,4252,1203.38,352.44,179.04,458.51,1,-1,-1,-1
290,4240,1082.81,358.46,172.90,437.25,1,-1,-1,-1
290,4252,1202.52,352.40,180.78,458.46,1,-1,-1,-1
291,4240,1077.40,361.04,166.64,428.16,1,-1,-1,-1
291,4252,1216.91,344.51,178.18,449.26,1,-1,-1,-1
291,4253,1348.00,366.00,136.00,382.00,1,-1,-1,-1
292,4240,1080.87,359.34,163.76,426.08,1,-1,-1,-1
292,4252,1220.15,346.76,173.75,435.19,1,-1,-1,-1
292,4253,1354.64,360.86,138.14,387.14,1,-1,-1,-1
293,4240,1085.89,361.32,159.19,417.47,1,-1,-1,-1
293,4243,1351.49,366.97,137.48,392.87,1,-1,-1,-1
293,4252,1222.01,354.24,172.05,428.58,1,-1,-1,-1
294,4240,1096.74,362.04,154.11,407.69,1,-1,-1,-1
294,4243,1368.92,372.53,132.57,381.55,1,-1,-1,-1
294,4252,1220.56,362.29,165.04,411.63,1,-1,-1,-1
295,4240,1101.11,362.28,151.56,404.14,1,-1,-1,-1
295,4243,1374.89,374.67,130.39,377.30,1,-1,-1,-1
295,4252,1220.01,365.28,162.34,405.37,1,-1,-1,-1
296,4240,1102.99,362.34,150.01,402.93,1,-1,-1,-1
296,4243,1376.64,375.47,129.31,375.77,1,-1,-1,-1
296,4252,1219.82,366.32,161.30,403.19,1,-1,-1,-1
297,4240,1103.93,362.34,148.89,402.58,1,-1,-1,-1
297,4243,1376.79,375.78,128.70,375.26,1,-1,-1,-1
297,4252,1219.77,366.65,160.87,402.51,1,-1,-1,-1
298,4240,1104.49,362.32,147.99,402.55,1,-1,-1,-1
298,4243,1376.36,375.90,128.29,375.12,1,-1,-1,-1
298,4252,1219.76,366.72,160.68,402.37,1,-1,-1,-1
299,4240,1104.89,362.30,147.21,402.63,1,-1,-1,-1
299,4243,1375.73,375.94,127.99,375.13,1,-1,-1,-1
299,4252,1219.77,366.70,160.58,402.43,1,-1,-1,-1
300,4240,1105.20,362.27,146.52,402.74,1,-1,-1,-1
300,4243,1375.07,375.96,127.75,375.18,1,-1,-1,-1
300,4252,1219.78,366.65,160.51,402.55,1,-1,-1,-1
301,4240,1105.48,368.80,140.63,388.42,1,-1,-1,-1
301,4243,1387.25,361.58,133.31,390.95,1,-1,-1,-1
301,4252,1222.19,365.27,151.74,385.58,1,-1,-1,-1
302,4240,1105.71,371.27,138.09,383.07,1,-1,-1,-1
302,4243,1391.52,356.22,135.49,396.84,1,-1,-1,-1
302,4252,1223.57,364.70,147.47,379.25,1,-1,-1,-1
303,4240,1105.92,372.14,136.87,381.20,1,-1,-1,-1
303,4243,1392.69,354.19,136.42,399.13,1,-1,-1,-1
303,4252,1224.53,364.47,145.01,377.06,1,-1,-1,-1
304,4240,1106.11,372.43,136.17,380.62,1,-1,-1,-1
304,4243,1392.70,353.46,136.85,399.98,1,-1,-1,-1
304,4252,1225.29,364.36,143.29,376.37,1,-1,-1,-1
305,4240,1106.29,372.50,135.69,380.50,1,-1,-1,-1
305,4243,1392.32,353.24,137.07,400.28,1,-1,-1,-1
305,4252,1225.95,364.30,141.93,376.24,1,-1,-1,-1
306,4240,1106.45,372.50,135.31,380.56,1,-1,-1,-1
306,4243,1391.82,353.20,137.20,400.37,1,-1,-1,-1
306,4252,1226.53,364.26,140.76,376.31,1,-1,-1,-1
307,4240,1106.60,372.46,134.98,380.66,1,-1,-1,-1
307,4243,1391.32,353.24,137.30,400.38,1,-1,-1,-1
307,4252,1227.05,364.23,139.73,376.43,1,-1,-1,-1
308,4240,1106.73,372.42,134.69,380.78,1,-1,-1,-1
308,4243,1390.84,353.29,137.37,400.36,1,-1,-1,-1
308,4252,1227.52,364.21,138.81,376.58,1,-1,-1,-1
309,4240,1106.85,372.38,134.44,380.90,1,-1,-1,-1
309,4243,1390.40,353.35,137.44,400.34,1,-1,-1,-1
309,4252,1227.94,364.19,137.97,376.71,1,-1,-1,-1
310,4240,1106.96,372.35,134.20,381.00,1,-1,-1,-1
310,4243,1389.99,353.41,137.49,400.31,1,-1,-1,-1
310,4252,1228.32,364.17,137.22,376.84,1,-1,-1,-1
311,4240,1136.49,384.11,132.78,371.93,1,-1,-1,-1
311,4243,1393.33,357.37,137.93,400.28,1,-1,-1,-1
311,4252,1214.49,373.33,134.73,373.01,1,-1,-1,-1
311,4254,1488.00,368.00,136.00,378.00,1,-1,-1,-1
312,4240,1145.30,380.61,134.38,373.84,1,-1,-1,-1
312,4243,1390.92,357.60,139.86,405.47,1,-1,-1,-1
312,4252,1211.28,370.20,137.68,383.48,1,-1,-1,-1
312,4254,1486.78,371.43,136.72,379.71,1,-1,-1,-1
313,4240,1148.71,384.53,131.89,362.80,1,-1,-1,-1
313,4243,1388.56,360.30,139.31,406.12,1,-1,-1,-1
313,4252,1212.74,369.02,138.73,388.70,1,-1,-1,-1
313,4254,1488.01,372.00,136.97,380.00,1,-1,-1,-1
314,4240,1147.95,388.62,132.10,358.68,1,-1,-1,-1
314,4243,1388.24,363.95,137.57,398.53,1,-1,-1,-1
314,4252,1212.48,372.44,138.26,385.53,1,-1,-1,-1
314,4254,1494.42,379.56,132.50,365.25,1,-1,-1,-1
315,4240,1146.92,390.09,133.48,357.25,1,-1,-1,-1
315,4243,1384.59,367.97,134.43,387.72,1,-1,-1,-1
315,4252,1218.65,375.04,137.41,379.09,1,-1,-1,-1
315,4254,1499.15,382.06,131.70,358.78,1,-1,-1,-1
316,4240,1150.02,391.72,132.45,354.50,1,-1,-1,-1
316,4243,1386.17,373.44,131.03,377.05,1,-1,-1,-1
316,4252,1217.18,372.05,139.52,384.57,1,-1,-1,-1
316,4254,1498.95,382.76,133.35,359.74,1,-1,-1,-1
317,4240,1153.88,386.07,137.95,362.83,1,-1,-1,-1
317,4243,1383.58,380.77,126.60,366.47,1,-1,-1,-1
317,4252,1215.91,374.83,139.18,382.72,1,-1,-1,-1
317,4254,1507.05,389.89,131.39,351.86,1,-1,-1,-1
318,4240,1157.17,387.02,137.30,361.12,1,-1,-1,-1
318,4243,1379.26,375.46,127.50,367.94,1,-1,-1,-1
318,4252,1215.16,373.25,139.60,382.03,1,-1,-1,-1
318,4254,1508.73,382.58,135.70,358.97,1,-1,-1,-1
319,4243,1385.04,372.17,127.49,367.22,1,-1,-1,-1
319,4252,1214.48,373.94,136.68,371.33,1,-1,-1,-1
319,4254,1506.16,381.28,135.25,354.82,1,-1,-1,-1
320,4243,1387.08,370.90,127.64,367.03,1,-1,-1,-1
320,4252,1213.99,374.18,136.08,367.28,1,-1,-1,-1
320,4254,1504.69,380.73,135.81,353.40,1,-1,-1,-1
321,4243,1389.36,371.21,126.98,365.14,1,-1,-1,-1
321,4252,1217.92,374.25,135.58,365.83,1,-1,-1,-1
321,4254,1506.21,385.87,134.43,348.94,1,-1,-1,-1
322,4252,1219.39,374.26,135.43,365.34,1,-1,-1,-1
322,4254,1506.59,387.74,134.15,347.40,1,-1,-1,-1
323,4252,1219.93,374.25,135.41,365.22,1,-1,-1,-1
323,4254,1506.56,388.38,134.26,346.93,1,-1,-1,-1
324,4252,1220.12,374.23,135.44,365.22,1,-1,-1,-1
324,4254,1506.40,388.56,134.51,346.85,1,-1,-1,-1
325,4252,1220.18,374.21,135.49,365.27,1,-1,-1,-1
325,4254,1506.20,388.59,134.79,346.90,1,-1,-1,-1
326,4252,1220.19,374.19,135.53,365.33,1,-1,-1,-1
326,4254,1506.00,388.56,135.07,346.99,1,-1,-1,-1
327,4252,1220.18,374.17,135.58,365.39,1,-1,-1,-1
327,4254,1505.82,388.51,135.34,347.09,1,-1,-1,-1
328,4252,1220.17,374.15,135.62,365.45,1,-1,-1,-1
328,4254,1505.65,388.46,135.58,347.18,1,-1,-1,-1
329,4252,1220.15,374.14,135.65,365.50,1,-1,-1,-1
329,4254,1505.49,388.42,135.80,347.26,1,-1,-1,-1
330,4252,1220.14,374.13,135.69,365.55,1,-1,-1,-1
330,4254,1505.35,388.37,136.01,347.34,1,-1,-1,-1
331,4252,1217.05,379.34,134.03,359.05,1,-1,-1,-1
331,4254,1499.86,387.03,136.42,351.34,1,-1,-1,-1
332,4252,1215.67,381.32,133.80,356.61,1,-1,-1,-1
332,4254,1498.09,386.50,135.95,352.87,1,-1,-1,-1
333,4252,1214.99,382.03,134.08,355.74,1,-1,-1,-1
333,4254,1497.70,386.29,135.21,353.47,1,-1,-1,-1
334,4252,1214.58,382.28,134.53,355.46,1,-1,-1,-1
334,4254,1497.81,386.20,134.43,353.71,1,-1,-1,-1
335,4252,1214.28,382.35,135.00,355.39,1,-1,-1,-1
335,4254,1498.10,386.15,133.66,353.81,1,-1,-1,-1
336,4252,1214.05,382.35,135.46,355.41,1,-1,-1,-1
336,4254,1498.42,386.13,132.95,353.86,1,-1,-1,-1
337,4252,1213.85,382.33,135.89,355.45,1,-1,-1,-1
337,4254,1498.74,386.11,132.30,353.88,1,-1,-1,-1
338,4252,1213.67,382.30,136.28,355.49,1,-1,-1,-1
338,4254,1499.04,386.10,131.71,353.90,1,-1,-1,-1
339,4252,1213.51,382.27,136.63,355.54,1,-1,-1,-1
339,4254,1499.32,386.09,131.17,353.91,1,-1,-1,-1
340,4252,1213.37,382.25,136.95,355.58,1,-1,-1,-1
340,4254,1499.57,386.08,130.68,353.92,1,-1,-1,-1
341,4243,1380.50,391.89,119.80,347.84,1,-1,-1,-1
341,4252,1223.59,400.54,133.54,342.55,1,-1,-1,-1
341,4254,1503.26,388.69,127.25,348.70,1,-1,-1,-1
342,4243,1385.30,392.27,118.91,348.98,1,-1,-1,-1
342,4252,1218.89,400.86,133.54,340.25,1,-1,-1,-1
342,4254,1507.92,392.30,123.36,342.78,1,-1,-1,-1
342,4255,1714.00,468.00,64.00,204.00,1,-1,-1,-1
343,4240,1129.72,410.00,133.57,325.96,1,-1,-1,-1
343,4243,1389.63,392.41,117.14,346.75,1,-1,-1,-1
343,4252,1214.17,398.30,135.56,343.41,1,-1,-1,-1
343,4254,1508.67,397.60,119.95,335.31,1,-1,-1,-1
343,4255,1718.87,469.71,62.83,200.57,1,-1,-1,-1
344,4240,1128.98,410.92,132.99,324.55,1,-1,-1,-1
344,4243,1393.46,393.74,116.02,341.99,1,-1,-1,-1
344,4252,1210.19,395.98,136.82,342.02,1,-1,-1,-1
344,4254,1507.29,399.55,116.68,325.94,1,-1,-1,-1
344,4255,1710.93,453.37,71.07,227.21,1,-1,-1,-1
345,4243,1391.81,398.17,115.16,338.91,1,-1,-1,-1
345,4252,1215.71,400.31,135.07,334.97,1,-1,-1,-1
345,4254,1507.60,400.73,115.81,323.52,1,-1,-1,-1
345,4255,1674.34,403.38,95.70,304.29,1,-1,-1,-1
346,4243,1391.13,399.80,114.93,337.80,1,-1,-1,-1
346,4252,1217.54,401.90,134.99,332.36,1,-1,-1,-1
346,4255,1660.34,384.58,105.50,333.28,1,-1,-1,-1
347,4243,1390.82,400.37,114.93,337.44,1,-1,-1,-1
347,4252,1217.95,402.45,135.49,331.45,1,-1,-1,-1
347,4255,1654.66,377.47,109.73,344.22,1,-1,-1,-1
348,4240,1123.21,419.53,135.64,319.90,1,-1,-1,-1
348,4243,1396.77,403.17,114.61,333.40,1,-1,-1,-1
348,4252,1218.46,403.78,134.73,329.58,1,-1,-1,-1
348,4255,1643.38,360.86,117.96,370.05,1,-1,-1,-1
349,4240,1121.50,420.27,138.37,319.55,1,-1,-1,-1
349,4243,1398.76,404.18,115.00,331.93,1,-1,-1,-1
350,4240,1120.41,420.52,140.30,319.43,1,-1,-1,-1
350,4243,1399.25,404.51,115.59,331.43,1,-1,-1,-1
351,4240,1119.75,421.70,139.81,318.30,1,-1,-1,-1
351,4243,1402.67,407.23,113.22,324.72,1,-1,-1,-1
351,4255,1661.32,377.10,112.94,345.85,1,-1,-1,-1
352,4243,1404.11,402.91,113.29,326.22,1,-1,-1,-1
352,4254,1496.10,400.40,114.85,319.40,1,-1,-1,-1
352,4255,1661.93,378.77,112.46,342.48,1,-1,-1,-1
353,4243,1404.73,401.28,113.10,326.82,1,-1,-1,-1
353,4254,1495.26,400.31,115.23,319.33,1,-1,-1,-1
353,4255,1661.54,378.67,113.00,342.40,1,-1,-1,-1
354,4243,1405.02,400.64,112.84,327.10,1,-1,-1,-1
354,4254,1494.88,400.28,115.54,319.30,1,-1,-1,-1
354,4255,1661.38,378.86,113.40,342.02,1,-1,-1,-1
355,4243,1405.18,400.38,112.58,327.25,1,-1,-1,-1
355,4254,1494.68,400.25,115.82,319.32,1,-1,-1,-1
355,4255,1661.39,379.26,113.67,341.37,1,-1,-1,-1
356,4243,1405.28,400.27,112.33,327.35,1,-1,-1,-1
356,4254,1494.56,400.23,116.06,319.37,1,-1,-1,-1
356,4255,1661.45,379.72,113.88,340.65,1,-1,-1,-1
357,4243,1405.36,400.21,112.10,327.42,1,-1,-1,-1
357,4254,1494.48,400.21,116.27,319.43,1,-1,-1,-1
357,4255,1661.53,380.16,114.05,339.96,1,-1,-1,-1
358,4243,1405.43,400.18,111.90,327.48,1,-1,-1,-1
358,4254,1494.42,400.19,116.45,319.48,1,-1,-1,-1
358,4255,1661.60,380.56,114.21,339.33,1,-1,-1,-1
359,4243,1405.48,400.16,111.72,327.54,1,-1,-1,-1
359,4254,1494.37,400.17,116.62,319.53,1,-1,-1,-1
359,4255,1661.66,380.92,114.36,338.77,1,-1,-1,-1
360,4243,1405.54,400.14,111.55,327.58,1,-1,-1,-1
360,4254,1494.33,400.15,116.76,319.58,1,-1,-1,-1
360,4255,1661.71,381.24,114.50,338.28,1,-1,-1,-1
361,4240,1110.74,408.72,150.21,333.23,1,-1,-1,-1
361,4243,1418.26,400.13,112.19,325.01,1,-1,-1,-1
361,4254,1493.99,400.40,116.51,318.89,1,-1,-1,-1
361,4255,1658.97,376.94,116.76,344.94,1,-1,-1,-1
362,4240,1103.40,406.78,156.69,340.61,1,-1,-1,-1
362,4243,1420.06,400.33,111.90,324.16,1,-1,-1,-1
363,4240,1100.25,406.10,160.14,343.16,1,-1,-1,-1
364,4240,1098.65,405.86,162.30,344.11,1,-1,-1,-1
365,4240,1097.73,405.78,163.80,344.44,1,-1,-1,-1
366,4240,1097.12,405.76,164.93,344.53,1,-1,-1,-1
367,4240,1096.68,405.77,165.83,344.53,1,-1,-1,-1
368,4240,1096.34,405.79,166.57,344.50,1,-1,-1,-1
369,4240,1096.06,405.81,167.19,344.46,1,-1,-1,-1
370,4240,1095.82,405.82,167.72,344.42,1,-1,-1,-1
371,4240,1094.58,409.75,167.66,343.08,1,-1,-1,-1
371,4243,1479.59,409.72,111.55,310.23,1,-1,-1,-1
371,4256,1672.00,418.00,122.00,310.00,1,-1,-1,-1
372,4240,1090.82,399.50,172.95,354.30,1,-1,-1,-1
372,4243,1486.07,407.35,111.93,308.30,1,-1,-1,-1
372,4256,1667.66,407.71,123.82,315.14,1,-1,-1,-1
373,4240,1093.87,412.41,168.60,344.31,1,-1,-1,-1
373,4243,1486.78,406.60,110.97,305.02,1,-1,-1,-1
374,4240,1094.99,417.51,167.11,340.33,1,-1,-1,-1
374,4243,1486.86,406.32,110.72,303.84,1,-1,-1,-1
375,4240,1095.31,419.41,166.78,338.83,1,-1,-1,-1
375,4243,1486.70,406.20,110.73,303.45,1,-1,-1,-1
376,4240,1095.34,420.10,166.87,338.26,1,-1,-1,-1
376,4243,1486.48,406.15,110.81,303.35,1,-1,-1,-1
377,4240,1095.26,420.33,167.09,338.05,1,-1,-1,-1
377,4243,1486.24,406.12,110.92,303.35,1,-1,-1,-1
378,4240,1095.16,420.39,167.35,337.97,1,-1,-1,-1
378,4243,1486.02,406.10,111.03,303.40,1,-1,-1,-1
379,4240,1095.05,420.39,167.60,337.95,1,-1,-1,-1
379,4243,1485.82,406.09,111.13,303.45,1,-1,-1,-1
380,4240,1094.95,420.37,167.83,337.94,1,-1,-1,-1
380,4243,1485.64,406.08,111.22,303.50,1,-1,-1,-1
381,4240,1063.90,391.58,180.28,364.09,1,-1,-1,-1
381,4243,1487.81,406.21,110.92,302.68,1,-1,-1,-1
382,4240,1047.50,375.85,188.37,381.38,1,-1,-1,-1
382,4243,1504.31,409.17,106.23,288.07,1,-1,-1,-1
382,4257,350.00,354.00,196.00,452.00,1,-1,-1,-1
383,4240,1041.24,369.69,191.28,388.15,1,-1,-1,-1
383,4243,1508.08,409.86,105.54,284.64,1,-1,-1,-1
383,4257,350.00,354.00,196.00,452.00,1,-1,-1,-1
384,4240,1039.02,367.36,192.14,390.70,1,-1,-1,-1
384,4243,1509.20,410.09,105.60,283.48,1,-1,-1,-1
384,4257,350.00,354.00,196.00,452.00,1,-1,-1,-1
385,4240,1038.40,366.57,192.21,391.58,1,-1,-1,-1
385,4243,1509.39,410.16,105.90,283.12,1,-1,-1,-1
385,4257,350.00,354.00,196.00,452.00,1,-1,-1,-1
386,4240,1038.38,366.36,191.99,391.80,1,-1,-1,-1
386,4243,1509.24,410.18,106.26,283.05,1,-1,-1,-1
386,4257,350.00,354.00,196.00,452.00,1,-1,-1,-1
387,4240,1038.57,366.38,191.69,391.78,1,-1,-1,-1
387,4243,1508.99,410.17,106.61,283.08,1,-1,-1,-1
387,4257,350.00,354.00,196.00,452.00,1,-1,-1,-1
388,4240,1038.83,366.47,191.37,391.68,1,-1,-1,-1
388,4243,1508.72,410.16,106.94,283.15,1,-1,-1,-1
388,4257,350.00,354.00,196.00,452.00,1,-1,-1,-1
389,4240,1039.10,366.59,191.07,391.55,1,-1,-1,-1
389,4243,1508.46,410.15,107.24,283.23,1,-1,-1,-1
389,4257,350.00,354.00,196.00,452.00,1,-1,-1,-1
390,4240,1039.36,366.71,190.79,391.42,1,-1,-1,-1
390,4243,1508.22,410.13,107.51,283.30,1,-1,-1,-1
390,4257,350.00,354.00,196.00,452.00,1,-1,-1,-1
391,4240,989.42,356.44,207.78,428.95,1,-1,-1,-1
391,4243,1510.02,410.35,107.09,282.17,1,-1,-1,-1
391,4257,350.00,354.00,196.00,452.00,1,-1,-1,-1
391,4258,490.00,418.00,200.00,420.00,1,-1,-1,-1
392,4240,970.71,348.86,215.71,449.15,1,-1,-1,-1
392,4258,498.33,400.86,210.76,442.29,1,-1,-1,-1
393,4240,963.89,345.90,217.83,457.11,1,-1,-1,-1
393,4258,499.63,398.00,212.75,446.00,1,-1,-1,-1
394,4240,959.98,353.74,212.57,449.87,1,-1,-1,-1
394,4258,513.78,408.94,201.76,423.57,1,-1,-1,-1
395,4240,959.19,356.95,209.49,446.76,1,-1,-1,-1
395,4258,518.68,412.97,197.59,415.50,1,-1,-1,-1
396,4240,959.51,358.25,207.39,445.42,1,-1,-1,-1
396,4258,520.18,414.24,196.06,413.04,1,-1,-1,-1
397,4240,960.21,358.79,205.77,444.77,1,-1,-1,-1
397,4258,520.61,414.59,195.38,412.40,1,-1,-1,-1
398,4240,961.02,359.05,204.40,444.39,1,-1,-1,-1
398,4258,520.72,414.64,194.96,412.36,1,-1,-1,-1
399,4240,961.81,359.19,203.20,444.12,1,-1,-1,-1
399,4258,520.75,414.60,194.63,412.49,1,-1,-1,-1
400,4240,962.57,359.29,202.13,443.91,1,-1,-1,-1
400,4258,520.77,414.54,194.32,412.66,1,-1,-1,-1
401,4240,925.43,321.70,223.56,495.68,1,-1,-1,-1
401,4257,632.89,367.65,177.98,416.91,1,-1,-1,-1
401,4258,542.23,401.07,187.35,399.42,1,-1,-1,-1
402,4240,910.71,314.05,227.21,508.58,1,-1,-1,-1
402,4257,641.91,342.55,191.89,452.58,1,-1,-1,-1
402,4258,546.68,400.16,185.65,395.81,1,-1,-1,-1
402,4259,826.00,318.00,148.00,484.00,1,-1,-1,-1
403,4240,903.20,313.63,225.81,509.74,1,-1,-1,-1
403,4257,652.27,336.55,194.41,462.88,1,-1,-1,-1
403,4259,824.10,328.29,146.66,478.86,1,-1,-1,-1
404,4240,901.01,313.64,224.15,509.92,1,-1,-1,-1
404,4257,656.08,334.26,194.54,466.86,1,-1,-1,-1
404,4259,823.63,330.00,146.73,478.00,1,-1,-1,-1
405,4240,899.29,322.76,220.49,508.49,1,-1,-1,-1
405,4257,668.89,326.95,192.73,465.74,1,-1,-1,-1
405,4259,824.72,317.04,151.79,492.66,1,-1,-1,-1
406,4240,899.49,313.50,220.31,515.48,1,-1,-1,-1
406,4257,674.79,334.63,183.74,449.59,1,-1,-1,-1
406,4259,824.44,308.36,154.79,500.45,1,-1,-1,-1
407,4240,892.68,310.09,222.93,521.60,1,-1,-1,-1
407,4257,684.83,324.47,179.19,440.68,1,-1,-1,-1
407,4259,816.85,297.05,166.56,535.11,1,-1,-1,-1
408,4257,698.78,322.21,178.93,440.03,1,-1,-1,-1
408,4259,814.11,287.78,170.80,540.67,1,-1,-1,-1
409,4259,812.30,284.51,173.88,542.22,1,-1,-1,-1
410,4259,810.86,283.54,176.54,542.38,1,-1,-1,-1
411,4259,810.77,304.59,175.30,522.23,1,-1,-1,-1
412,4259,805.17,303.51,180.60,526.20,1,-1,-1,-1
413,4259,801.95,303.17,184.86,527.55,1,-1,-1,-1
414,4259,799.69,303.11,188.60,527.90,1,-1,-1,-1
415,4259,797.85,303.15,192.01,527.89,1,-1,-1,-1
416,4259,796.25,303.22,195.14,527.76,1,-1,-1,-1
417,4259,794.80,303.29,198.04,527.60,1,-1,-1,-1
418,4259,793.47,303.36,200.72,527.44,1,-1,-1,-1
419,4259,792.25,303.43,203.18,527.30,1,-1,-1,-1
420,4259,791.13,303.49,205.45,527.17,1,-1,-1,-1
421,4259,782.19,294.38,219.43,561.05,1,-1,-1,-1
422,4259,778.10,287.18,224.90,573.64,1,-1,-1,-1
423,4259,776.39,284.39,227.28,578.43,1,-1,-1,-1
424,4259,775.64,283.37,228.40,580.11,1,-1,-1,-1
425,4259,775.28,283.05,229.00,580.58,1,-1,-1,-1
426,4259,775.08,282.99,229.39,580.60,1,-1,-1,-1
427,4259,774.95,283.03,229.68,580.46,1,-1,-1,-1
428,4259,774.84,283.09,229.91,580.27,1,-1,-1,-1
429,4259,774.76,283.17,230.12,580.08,1,-1,-1,-1
430,4259,774.68,283.24,230.30,579.89,1,-1,-1,-1
431,4240,623.67,483.17,194.01,416.79,1,-1,-1,-1
431,4259,773.82,282.04,231.50,582.90,1,-1,-1,-1
432,4240,613.05,489.89,192.21,412.91,1,-1,-1,-1
441,4240,436.00,233.77,343.90,753.16,1,-1,-1,-1
441,4260,1070.00,390.00,156.00,364.00,1,-1,-1,-1
442,4240,419.99,214.10,355.89,768.90,1,-1,-1,-1
442,4260,1077.46,393.43,153.09,357.14,1,-1,-1,-1
443,4240,403.17,196.91,366.98,792.84,1,-1,-1,-1
443,4260,1094.68,400.05,147.88,343.90,1,-1,-1,-1
444,4260,1099.15,399.13,145.27,336.64,1,-1,-1,-1
445,4260,1099.97,398.68,144.99,334.63,1,-1,-1,-1
446,4260,1099.74,398.47,145.47,334.24,1,-1,-1,-1
447,4260,1099.21,398.35,146.19,334.32,1,-1,-1,-1
448,4260,1098.64,398.28,146.98,334.52,1,-1,-1,-1
449,4260,1098.08,398.23,147.78,334.71,1,-1,-1,-1
450,4260,1097.55,398.20,148.56,334.88,1,-1,-1,-1
451,4240,216.55,221.57,367.97,789.35,1,-1,-1,-1
451,4260,1099.32,398.52,147.75,333.05,1,-1,-1,-1
452,4240,201.14,224.94,363.29,773.81,1,-1,-1,-1
453,4240,195.15,225.30,363.46,770.37,1,-1,-1,-1
454,4240,192.98,225.59,364.07,768.87,1,-1,-1,-1
455,4240,192.48,225.97,364.65,767.92,1,-1,-1,-1
456,4240,192.62,226.36,365.13,767.21,1,-1,-1,-1
457,4240,192.99,226.72,365.53,766.63,1,-1,-1,-1
458,4240,193.41,227.06,365.86,766.14,1,-1,-1,-1
459,4240,193.83,227.36,366.14,765.71,1,-1,-1,-1
460,4240,194.22,227.62,366.37,765.34,1,-1,-1,-1
461,4240,69.35,158.70,399.12,847.21,1,-1,-1,-1
462,4240,25.08,133.26,407.54,877.44,1,-1,-1,-1
463,4240,9.32,123.31,407.81,889.23,1,-1,-1,-1
464,4240,5.15,119.76,405.11,893.41,1,-1,-1,-1
465,4240,5.37,118.73,401.54,894.60,1,-1,-1,-1
466,4240,7.10,118.65,397.91,894.67,1,-1,-1,-1
467,4240,9.27,118.91,394.49,894.33,1,-1,-1,-1
468,4240,11.47,119.28,391.35,893.86,1,-1,-1,-1
469,4240,13.55,119.67,388.51,893.37,1,-1,-1,-1
470,4240,15.46,120.05,385.94,892.90,1,-1,-1,-1
471,4240,3.36,113.79,389.31,900.67,1,-1,-1,-1
471,4261,344.00,360.00,198.00,462.00,1,-1,-1,-1
472,4261,344.00,360.00,198.00,462.00,1,-1,-1,-1
473,4261,344.00,360.00,198.00,462.00,1,-1,-1,-1
474,4261,344.00,360.00,198.00,462.00,1,-1,-1,-1
475,4261,344.00,360.00,198.00,462.00,1,-1,-1,-1
476,4261,344.00,360.00,198.00,462.00,1,-1,-1,-1
477,4261,344.00,360.00,198.00,462.00,1,-1,-1,-1
478,4261,344.00,360.00,198.00,462.00,1,-1,-1,-1
479,4261,344.00,360.00,198.00,462.00,1,-1,-1,-1
480,4261,344.00,360.00,198.00,462.00,1,-1,-1,-1
481,4261,390.18,377.35,196.40,455.33,1,-1,-1,-1
482,4261,409.02,383.84,192.67,443.47,1,-1,-1,-1
483,4261,415.38,386.16,192.07,439.10,1,-1,-1,-1
484,4261,417.10,386.92,192.62,437.57,1,-1,-1,-1
485,4261,417.15,387.12,193.55,437.09,1,-1,-1,-1
486,4261,416.62,387.11,194.56,436.99,1,-1,-1,-1
487,4261,415.92,387.03,195.55,437.02,1,-1,-1,-1
488,4261,415.21,386.94,196.49,437.09,1,-1,-1,-1
489,4261,414.53,386.85,197.35,437.18,1,-1,-1,-1
490,4261,413.92,386.76,198.15,437.26,1,-1,-1,-1
491,4261,479.47,377.50,203.15,455.71,1,-1,-1,-1
492,4261,504.32,375.32,206.57,467.75,1,-1,-1,-1
492,4262,96.00,494.00,190.00,484.00,1,-1,-1,-1
493,4261,519.49,387.37,198.73,453.05,1,-1,-1,-1
493,4262,122.50,478.57,193.56,492.57,1,-1,-1,-1
494,4261,529.02,386.83,197.94,455.09,1,-1,-1,-1
494,4262,139.77,499.84,178.88,450.78,1,-1,-1,-1
495,4261,539.66,395.73,181.62,416.71,1,-1,-1,-1
495,4262,148.78,505.18,173.76,437.88,1,-1,-1,-1
496,4261,541.51,391.04,179.79,413.90,1,-1,-1,-1
497,4261,542.18,389.36,178.83,412.95,1,-1,-1,-1
498,4261,542.27,388.71,178.22,412.70,1,-1,-1,-1
499,4261,542.15,388.44,177.77,412.69,1,-1,-1,-1
500,4261,541.96,388.33,177.39,412.77,1,-1,-1,-1
501,4261,537.54,347.52,201.29,469.39,1,-1,-1,-1
502,4261,535.81,330.24,212.87,498.63,1,-1,-1,-1
503,4261,598.68,351.02,195.73,461.33,1,-1,-1,-1
504,4261,634.68,354.69,186.32,438.85,1,-1,-1,-1
505,4261,645.88,352.42,186.54,439.37,1,-1,-1,-1
521,4263,664.00,290.00,198.00,568.00,1,-1,-1,-1
522,4263,675.24,298.57,190.95,547.43,1,-1,-1,-1
523,4263,685.23,290.85,193.35,554.67,1,-1,-1,-1
524,4263,689.88,289.14,193.43,554.91,1,-1,-1,-1
