1,1,182.00,95.00,70.00,223.00,1,-1,-1,-1
1,2,336.00,78.00,91.00,252.00,1,-1,-1,-1
1,3,105.00,97.00,67.00,217.00,1,-1,-1,-1
1,4,570.00,82.00,64.00,198.00,1,-1,-1,-1
1,5,437.00,100.00,87.00,235.00,1,-1,-1,-1
2,1,182.00,95.00,70.00,223.00,1,-1,-1,-1
2,2,336.00,78.00,91.00,252.00,1,-1,-1,-1
2,3,105.00,97.00,67.00,217.00,1,-1,-1,-1
2,4,570.00,82.00,64.00,198.00,1,-1,-1,-1
2,5,437.00,100.00,87.00,235.00,1,-1,-1,-1
3,1,182.00,95.00,70.00,223.00,1,-1,-1,-1
3,2,336.00,78.00,91.00,252.00,1,-1,-1,-1
3,3,105.00,97.00,67.00,217.00,1,-1,-1,-1
3,4,570.00,82.00,64.00,198.00,1,-1,-1,-1
3,5,437.00,100.00,87.00,235.00,1,-1,-1,-1
4,1,193.13,98.71,64.81,205.19,1,-1,-1,-1
4,2,351.70,80.23,92.25,253.48,1,-1,-1,-1
4,3,82.15,93.29,71.14,228.87,1,-1,-1,-1
4,4,571.58,86.45,62.33,192.06,1,-1,-1,-1
4,5,437.00,100.00,87.00,235.00,1,-1,-1,-1
5,1,196.72,99.96,63.38,199.19,1,-1,-1,-1
5,2,356.67,80.97,93.27,253.98,1,-1,-1,-1
5,3,74.29,92.05,72.95,232.85,1,-1,-1,-1
5,4,572.01,87.95,61.97,190.07,1,-1,-1,-1
6,1,197.52,100.30,63.36,197.55,1,-1,-1,-1
6,2,357.81,81.20,94.26,254.13,1,-1,-1,-1
6,3,71.61,91.66,73.97,234.09,1,-1,-1,-1
6,4,572.02,88.38,62.10,189.49,1,-1,-1,-1
7,1,209.37,93.27,67.64,208.58,1,-1,-1,-1
7,2,362.72,88.86,89.30,237.54,1,-1,-1,-1
7,3,68.51,103.88,68.28,211.80,1,-1,-1,-1
7,4,568.56,91.97,62.74,187.97,1,-1,-1,-1
7,5,461.36,107.55,75.09,201.01,1,-1,-1,-1
7,6,180.00,98.00,41.00,161.00,1,-1,-1,-1
8,1,213.09,90.85,69.67,212.44,1,-1,-1,-1
8,2,363.84,91.62,88.20,231.45,1,-1,-1,-1
8,3,67.47,108.57,66.82,203.13,1,-1,-1,-1
8,4,566.94,93.19,63.75,187.51,1,-1,-1,-1
8,5,463.13,108.19,74.68,198.14,1,-1,-1,-1
8,6,180.00,98.00,41.00,161.00,1,-1,-1,-1
9,1,214.01,89.97,70.96,213.96,1,-1,-1,-1
9,2,363.68,92.50,88.64,229.46,1,-1,-1,-1
9,3,66.88,110.11,67.20,200.25,1,-1,-1,-1
9,4,565.98,93.56,64.89,187.40,1,-1,-1,-1
9,5,463.48,108.40,74.98,197.21,1,-1,-1,-1
9,6,180.00,98.00,41.00,161.00,1,-1,-1,-1
10,1,223.45,96.38,72.92,217.89,1,-1,-1,-1
10,2,371.17,89.32,90.53,234.33,1,-1,-1,-1
10,3,51.68,109.21,67.50,201.38,1,-1,-1,-1
10,4,563.30,92.28,65.97,188.09,1,-1,-1,-1
10,5,467.57,99.47,81.45,212.92,1,-1,-1,-1
10,6,182.91,100.23,38.89,152.10,1,-1,-1,-1
11,1,226.61,98.78,74.05,219.37,1,-1,-1,-1
11,2,373.76,88.13,91.24,236.17,1,-1,-1,-1
11,3,46.39,108.83,67.58,201.86,1,-1,-1,-1
11,4,562.06,91.76,66.90,188.39,1,-1,-1,-1
11,5,468.81,96.33,84.05,218.47,1,-1,-1,-1
11,6,183.83,100.98,38.30,149.10,1,-1,-1,-1
12,1,227.43,99.69,74.86,219.91,1,-1,-1,-1
12,2,374.56,87.64,91.54,236.93,1,-1,-1,-1
12,3,44.69,108.64,67.59,202.11,1,-1,-1,-1
12,4,561.39,91.53,67.74,188.54,1,-1,-1,-1
12,5,468.99,95.14,85.36,220.68,1,-1,-1,-1
12,6,184.02,101.19,38.27,148.26,1,-1,-1,-1
13,1,235.22,103.97,72.36,210.89,1,-1,-1,-1
13,2,379.97,82.12,93.11,243.91,1,-1,-1,-1
13,3,25.55,98.52,72.33,217.61,1,-1,-1,-1
13,4,560.82,92.23,67.50,187.87,1,-1,-1,-1
13,5,469.91,93.40,87.21,223.51,1,-1,-1,-1
13,6,181.50,94.18,42.67,165.70,1,-1,-1,-1
14,1,237.82,105.59,71.71,207.42,1,-1,-1,-1
14,2,382.22,80.05,93.04,246.52,1,-1,-1,-1
14,3,18.77,94.83,73.78,223.27,1,-1,-1,-1
14,5,469.95,92.78,88.33,224.58,1,-1,-1,-1
14,6,180.68,91.79,44.09,171.66,1,-1,-1,-1
15,1,238.48,106.16,71.78,206.17,1,-1,-1,-1
15,2,383.25,79.27,92.42,247.53,1,-1,-1,-1
15,3,16.51,93.39,74.10,225.46,1,-1,-1,-1
15,5,469.67,92.58,89.15,224.97,1,-1,-1,-1
15,6,180.39,90.89,44.56,173.94,1,-1,-1,-1
16,1,244.26,98.39,74.35,216.34,1,-1,-1,-1
16,2,386.94,78.98,91.22,245.28,1,-1,-1,-1
16,3,3.35,79.86,81.73,252.92,1,-1,-1,-1
16,5,478.30,95.82,89.51,221.84,1,-1,-1,-1
16,6,179.81,91.91,43.67,171.44,1,-1,-1,-1
17,1,246.61,95.52,74.73,220.09,1,-1,-1,-1
17,2,388.33,78.88,90.57,244.43,1,-1,-1,-1
17,3,-1.12,74.84,83.68,263.10,1,-1,-1,-1
17,5,481.07,97.08,90.49,220.63,1,-1,-1,-1
17,6,179.66,92.35,43.17,170.38,1,-1,-1,-1
18,1,247.61,94.41,74.38,221.53,1,-1,-1,-1
18,2,388.84,78.86,90.14,244.11,1,-1,-1,-1
18,3,-2.30,72.86,83.70,267.13,1,-1,-1,-1
18,5,481.62,97.57,91.66,220.18,1,-1,-1,-1
18,6,179.68,92.54,42.83,169.92,1,-1,-1,-1
19,1,251.88,84.24,77.25,231.83,1,-1,-1,-1
19,2,393.72,86.07,87.62,236.78,1,-1,-1,-1
19,3,0.53,102.11,74.37,232.89,1,-1,-1,-1
19,5,486.62,95.79,90.84,219.36,1,-1,-1,-1
19,6,178.08,87.37,44.60,178.92,1,-1,-1,-1
20,1,258.52,86.82,76.45,227.37,1,-1,-1,-1
20,2,403.35,92.13,84.13,222.73,1,-1,-1,-1
20,3,-0.82,103.42,75.89,236.80,1,-1,-1,-1
20,5,503.61,99.07,86.39,205.93,1,-1,-1,-1
20,6,178.49,86.10,44.53,180.32,1,-1,-1,-1
21,1,260.80,87.91,76.45,225.52,1,-1,-1,-1
21,2,406.39,94.39,83.68,217.51,1,-1,-1,-1
21,3,-1.41,103.87,76.58,238.15,1,-1,-1,-1
21,5,509.69,100.35,85.22,200.79,1,-1,-1,-1
21,6,178.77,85.65,44.26,180.78,1,-1,-1,-1
22,1,265.95,91.61,76.11,220.23,1,-1,-1,-1
22,2,407.89,95.17,85.21,217.70,1,-1,-1,-1
22,3,-6.35,104.10,77.09,239.74,1,-1,-1,-1
22,5,514.73,96.80,87.56,208.33,1,-1,-1,-1
22,6,179.07,85.51,43.79,180.25,1,-1,-1,-1
23,1,267.38,93.05,76.72,218.19,1,-1,-1,-1
23,2,407.93,95.42,86.59,217.84,1,-1,-1,-1
23,5,516.73,95.52,87.92,211.08,1,-1,-1,-1
23,6,179.28,85.50,43.41,179.98,1,-1,-1,-1
24,1,267.45,93.59,77.64,217.42,1,-1,-1,-1
24,2,407.47,95.48,87.85,217.96,1,-1,-1,-1
24,5,517.54,95.04,87.65,212.16,1,-1,-1,-1
24,6,179.45,85.52,43.09,179.83,1,-1,-1,-1
25,1,277.62,98.39,74.49,206.65,1,-1,-1,-1
25,2,416.47,90.85,90.25,224.66,1,-1,-1,-1
25,5,516.48,92.26,88.71,215.86,1,-1,-1,-1
25,6,179.37,84.91,43.25,181.03,1,-1,-1,-1
26,1,281.16,100.23,73.63,202.53,1,-1,-1,-1
26,2,419.82,89.11,90.98,227.19,1,-1,-1,-1
26,5,516.10,91.22,88.85,217.26,1,-1,-1,-1
26,6,179.38,84.70,43.24,181.45,1,-1,-1,-1
27,1,282.16,100.90,73.65,201.06,1,-1,-1,-1
27,2,421.06,88.44,91.13,228.19,1,-1,-1,-1
27,5,515.95,90.85,88.68,217.80,1,-1,-1,-1
27,6,179.42,84.64,43.16,181.57,1,-1,-1,-1
28,1,287.64,100.46,73.13,200.56,1,-1,-1,-1
28,2,426.09,84.26,89.66,227.28,1,-1,-1,-1
28,5,519.40,95.94,85.31,206.27,1,-1,-1,-1
28,6,180.02,87.25,41.95,177.02,1,-1,-1,-1
29,1,289.65,100.29,72.77,200.42,1,-1,-1,-1
29,2,428.18,82.67,88.53,226.95,1,-1,-1,-1
29,5,520.27,97.93,84.64,201.81,1,-1,-1,-1
29,6,180.29,88.27,41.41,175.23,1,-1,-1,-1
30,1,290.35,100.21,72.48,200.41,1,-1,-1,-1
30,2,429.12,82.08,87.59,226.83,1,-1,-1,-1
30,5,520.20,98.66,85.02,200.21,1,-1,-1,-1
30,6,180.43,88.67,41.14,174.55,1,-1,-1,-1
31,1,301.28,99.51,69.88,191.23,1,-1,-1,-1
31,2,437.33,82.53,87.03,228.77,1,-1,-1,-1
31,5,521.31,102.89,84.74,197.67,1,-1,-1,-1
31,6,175.29,94.72,40.28,168.38,1,-1,-1,-1
32,1,305.09,99.23,69.26,187.79,1,-1,-1,-1
32,2,440.68,82.71,86.13,229.51,1,-1,-1,-1
32,5,521.42,104.47,85.07,196.77,1,-1,-1,-1
32,6,173.19,97.03,40.24,166.02,1,-1,-1,-1
33,1,306.18,99.13,69.39,186.60,1,-1,-1,-1
33,2,442.16,82.79,85.16,229.79,1,-1,-1,-1
33,5,521.20,105.04,85.59,196.47,1,-1,-1,-1
33,6,172.29,97.87,40.50,165.17,1,-1,-1,-1
34,1,313.47,99.08,74.63,199.47,1,-1,-1,-1
34,2,450.84,81.52,84.66,227.95,1,-1,-1,-1
34,5,528.49,98.64,88.69,204.97,1,-1,-1,-1
34,6,171.23,95.53,41.45,168.16,1,-1,-1,-1
35,1,315.96,99.07,76.82,204.17,1,-1,-1,-1
35,2,453.98,81.05,84.56,227.25,1,-1,-1,-1
35,5,531.32,96.27,89.50,208.13,1,-1,-1,-1
35,6,170.78,94.64,41.93,169.29,1,-1,-1,-1
36,1,316.66,99.06,77.91,206.03,1,-1,-1,-1
36,2,455.01,80.89,84.61,226.99,1,-1,-1,-1
36,5,532.48,95.35,89.53,209.36,1,-1,-1,-1
36,6,170.59,94.29,42.21,169.72,1,-1,-1,-1
37,1,326.42,102.29,76.58,201.55,1,-1,-1,-1
37,2,455.38,76.26,90.32,241.29,1,-1,-1,-1
37,5,546.78,96.31,90.25,215.03,1,-1,-1,-1
37,6,177.11,95.46,40.93,164.66,1,-1,-1,-1
38,1,329.92,103.54,76.24,199.82,1,-1,-1,-1
38,2,455.38,74.55,92.67,246.59,1,-1,-1,-1
38,5,552.61,96.68,89.58,217.18,1,-1,-1,-1
38,6,179.64,95.90,40.42,162.73,1,-1,-1,-1
39,1,331.02,103.99,76.29,199.18,1,-1,-1,-1
39,2,455.17,73.90,93.76,248.65,1,-1,-1,-1
39,5,555.15,96.83,88.50,217.98,1,-1,-1,-1
39,6,180.57,96.06,40.23,162.03,1,-1,-1,-1
40,1,334.49,101.53,74.51,195.02,1,-1,-1,-1
40,2,460.18,76.90,91.53,244.23,1,-1,-1,-1
40,5,556.51,96.24,86.43,217.62,1,-1,-1,-1
40,6,175.05,95.45,41.36,165.74,1,-1,-1,-1
41,1,335.70,100.58,73.75,193.45,1,-1,-1,-1
41,2,462.16,78.09,90.36,242.47,1,-1,-1,-1
41,5,557.43,96.02,84.63,217.45,1,-1,-1,-1
41,6,172.93,95.22,41.90,167.13,1,-1,-1,-1
42,1,336.07,100.22,73.38,192.89,1,-1,-1,-1
42,2,462.96,78.56,89.65,241.78,1,-1,-1,-1
42,5,558.13,95.95,83.03,217.37,1,-1,-1,-1
42,6,172.07,95.12,42.22,167.67,1,-1,-1,-1
43,1,343.35,96.80,73.87,193.36,1,-1,-1,-1
43,2,469.71,86.56,86.10,229.11,1,-1,-1,-1
43,5,555.62,83.56,89.12,239.45,1,-1,-1,-1
43,6,178.19,96.39,40.55,161.36,1,-1,-1,-1
44,1,345.89,95.52,74.22,193.56,1,-1,-1,-1
44,2,471.90,89.66,85.27,224.21,1,-1,-1,-1
44,5,555.40,78.98,89.95,247.60,1,-1,-1,-1
44,6,180.58,96.87,39.88,158.94,1,-1,-1,-1
45,1,346.66,95.04,74.50,193.66,1,-1,-1,-1
45,2,472.36,90.78,85.51,222.43,1,-1,-1,-1
45,5,555.81,77.18,89.10,250.80,1,-1,-1,-1
45,6,181.47,97.04,39.60,158.06,1,-1,-1,-1
46,1,355.26,92.91,78.70,202.88,1,-1,-1,-1
46,2,476.41,93.15,83.60,213.89,1,-1,-1,-1
46,5,558.64,87.39,80.70,228.31,1,-1,-1,-1
46,6,175.43,96.43,40.36,161.05,1,-1,-1,-1
46,7,439.00,108.00,42.00,139.00,1,-1,-1,-1
47,1,358.23,92.13,80.63,206.31,1,-1,-1,-1
47,2,477.47,94.01,83.60,210.71,1,-1,-1,-1
47,5,559.75,91.58,77.10,219.11,1,-1,-1,-1
47,6,173.17,96.20,40.66,162.18,1,-1,-1,-1
47,7,439.00,108.00,42.00,139.00,1,-1,-1,-1
48,1,359.09,91.84,81.69,207.64,1,-1,-1,-1
48,2,477.44,94.30,84.27,209.60,1,-1,-1,-1
48,5,560.20,93.10,75.61,215.78,1,-1,-1,-1
48,6,172.31,96.11,40.78,162.62,1,-1,-1,-1
48,7,439.00,108.00,42.00,139.00,1,-1,-1,-1
49,1,365.30,93.69,81.08,206.83,1,-1,-1,-1
49,2,482.48,93.72,86.19,211.24,1,-1,-1,-1
49,5,564.75,93.01,74.12,213.89,1,-1,-1,-1
49,6,178.20,95.42,40.18,161.50,1,-1,-1,-1
49,7,445.59,102.81,47.37,156.07,1,-1,-1,-1
50,1,367.64,94.42,80.69,206.50,1,-1,-1,-1
50,2,483.93,93.48,87.60,211.90,1,-1,-1,-1
50,5,566.62,92.97,73.13,213.19,1,-1,-1,-1
50,6,180.54,95.15,39.78,161.07,1,-1,-1,-1
50,7,447.69,101.07,49.37,161.76,1,-1,-1,-1
51,1,368.48,94.71,80.39,206.36,1,-1,-1,-1
51,2,484.08,93.36,88.76,212.19,1,-1,-1,-1
51,5,567.46,92.96,72.38,212.94,1,-1,-1,-1
51,6,181.49,95.05,39.48,160.92,1,-1,-1,-1
51,7,448.27,100.50,50.23,163.63,1,-1,-1,-1
52,1,383.41,95.47,77.50,199.78,1,-1,-1,-1
52,2,489.28,94.62,90.56,215.63,1,-1,-1,-1
52,5,569.09,92.89,72.26,212.59,1,-1,-1,-1
52,6,175.12,93.71,41.04,166.77,1,-1,-1,-1
52,7,446.15,94.32,54.27,177.52,1,-1,-1,-1
53,1,389.07,95.78,76.23,197.24,1,-1,-1,-1
53,2,491.06,95.07,91.44,216.95,1,-1,-1,-1
53,6,172.70,93.20,41.68,168.95,1,-1,-1,-1
53,7,445.42,92.05,55.58,182.58,1,-1,-1,-1
54,1,391.12,95.89,75.60,196.30,1,-1,-1,-1
54,2,491.55,95.22,91.95,217.47,1,-1,-1,-1
54,6,171.74,93.01,41.99,169.79,1,-1,-1,-1
54,7,445.14,91.25,55.87,184.31,1,-1,-1,-1
55,1,402.85,90.69,79.43,205.80,1,-1,-1,-1
55,2,508.55,99.18,87.10,202.01,1,-1,-1,-1
55,6,171.50,93.60,41.88,168.80,1,-1,-1,-1
55,7,445.93,89.23,57.54,189.81,1,-1,-1,-1
56,1,407.09,88.76,80.93,209.33,1,-1,-1,-1
56,2,514.58,100.68,86.00,196.05,1,-1,-1,-1
56,6,171.38,93.82,41.91,168.40,1,-1,-1,-1
57,1,408.52,88.03,81.59,210.69,1,-1,-1,-1
57,2,516.25,101.20,86.41,193.96,1,-1,-1,-1
57,6,171.32,93.91,41.98,168.24,1,-1,-1,-1
58,1,414.68,96.84,74.82,189.15,1,-1,-1,-1
58,2,522.01,96.71,87.99,196.59,1,-1,-1,-1
58,6,170.77,93.95,42.44,169.48,1,-1,-1,-1
59,1,416.45,100.38,72.79,180.57,1,-1,-1,-1
59,2,523.91,95.03,88.82,197.61,1,-1,-1,-1
59,6,170.53,93.96,42.69,169.93,1,-1,-1,-1
60,1,416.60,101.62,72.79,177.58,1,-1,-1,-1
60,2,524.39,94.39,89.35,198.05,1,-1,-1,-1
60,6,170.41,93.97,42.86,170.10,1,-1,-1,-1
61,1,415.18,103.38,74.86,179.23,1,-1,-1,-1
61,2,528.54,92.84,92.52,206.14,1,-1,-1,-1
61,6,170.49,93.98,42.70,168.85,1,-1,-1,-1
62,1,414.17,104.02,76.40,179.88,1,-1,-1,-1
62,2,530.15,92.26,93.44,209.17,1,-1,-1,-1
62,6,170.49,93.98,42.72,168.36,1,-1,-1,-1
63,1,413.32,104.23,77.68,180.17,1,-1,-1,-1
63,2,530.76,92.03,93.56,210.35,1,-1,-1,-1
63,6,170.46,93.98,42.81,168.17,1,-1,-1,-1
64,1,414.84,101.00,78.24,182.96,1,-1,-1,-1
64,2,532.94,90.66,91.44,206.91,1,-1,-1,-1
64,6,176.42,93.33,42.67,168.75,1,-1,-1,-1
65,1,415.49,99.77,78.12,184.03,1,-1,-1,-1
65,2,533.80,90.13,90.32,205.58,1,-1,-1,-1
65,6,178.75,93.08,42.46,168.96,1,-1,-1,-1
66,1,415.80,99.30,77.78,184.47,1,-1,-1,-1
66,2,534.17,89.95,89.62,205.09,1,-1,-1,-1
66,6,179.70,92.99,42.24,169.04,1,-1,-1,-1
67,1,428.64,97.81,73.00,176.80,1,-1,-1,-1
67,2,539.45,91.19,88.08,201.65,1,-1,-1,-1
67,6,180.34,91.01,42.22,170.37,1,-1,-1,-1
67,7,396.56,88.11,57.17,189.54,1,-1,-1,-1
68,1,433.82,97.24,70.42,173.89,1,-1,-1,-1
68,2,541.36,91.67,87.48,200.36,1,-1,-1,-1
68,6,180.66,90.26,42.02,170.87,1,-1,-1,-1
68,7,394.37,88.59,56.53,188.10,1,-1,-1,-1
69,1,435.99,97.03,68.76,172.86,1,-1,-1,-1
69,2,541.99,91.86,87.25,199.89,1,-1,-1,-1
69,6,180.85,89.98,41.78,171.05,1,-1,-1,-1
69,7,393.69,88.64,56.30,187.91,1,-1,-1,-1
70,1,440.76,95.64,70.59,177.13,1,-1,-1,-1
70,2,550.61,89.31,88.61,207.61,1,-1,-1,-1
70,6,180.41,87.93,42.67,175.67,1,-1,-1,-1
70,7,388.11,85.37,57.07,191.10,1,-1,-1,-1
71,1,442.42,95.13,71.35,178.75,1,-1,-1,-1
71,2,554.32,88.36,88.00,210.49,1,-1,-1,-1
71,6,180.30,87.17,42.88,177.40,1,-1,-1,-1
71,7,386.13,84.16,57.25,192.26,1,-1,-1,-1
72,1,442.90,94.94,71.72,179.39,1,-1,-1,-1
72,2,556.14,88.00,86.79,211.60,1,-1,-1,-1
72,6,180.30,86.89,42.85,178.05,1,-1,-1,-1
72,7,385.51,83.74,57.22,192.64,1,-1,-1,-1
73,1,450.65,96.19,68.95,175.73,1,-1,-1,-1
73,2,559.78,89.18,84.14,209.42,1,-1,-1,-1
73,6,181.81,87.44,42.39,175.68,1,-1,-1,-1
73,7,382.71,86.89,56.60,190.10,1,-1,-1,-1
74,1,453.81,96.67,67.24,174.35,1,-1,-1,-1
74,2,561.52,89.64,82.21,208.57,1,-1,-1,-1
74,6,182.35,87.67,42.26,174.75,1,-1,-1,-1
74,7,381.71,88.12,56.41,189.07,1,-1,-1,-1
75,1,455.20,96.86,65.99,173.86,1,-1,-1,-1
75,2,562.50,89.82,80.66,208.24,1,-1,-1,-1
75,6,182.52,87.77,42.26,174.38,1,-1,-1,-1
75,7,381.38,88.60,56.38,188.66,1,-1,-1,-1
76,1,466.96,100.87,67.16,173.70,1,-1,-1,-1
76,2,565.58,93.16,77.76,199.63,1,-1,-1,-1
76,6,182.68,85.21,43.99,180.11,1,-1,-1,-1
76,7,377.42,90.10,56.98,187.81,1,-1,-1,-1
77,1,470.95,102.38,68.26,173.66,1,-1,-1,-1
77,2,566.54,94.44,76.86,196.32,1,-1,-1,-1
77,6,182.64,84.25,44.82,182.24,1,-1,-1,-1
77,7,375.78,90.68,57.62,187.47,1,-1,-1,-1
78,1,472.04,102.93,69.27,173.67,1,-1,-1,-1
78,2,566.72,94.91,76.74,195.13,1,-1,-1,-1
78,6,182.53,83.90,45.30,183.05,1,-1,-1,-1
78,7,375.04,90.89,58.24,187.32,1,-1,-1,-1
79,1,476.85,102.48,71.74,176.31,1,-1,-1,-1
79,2,565.17,95.07,75.85,192.74,1,-1,-1,-1
79,6,183.12,79.89,46.78,187.86,1,-1,-1,-1
79,7,374.69,96.87,54.82,173.50,1,-1,-1,-1
80,1,478.17,102.29,73.44,177.32,1,-1,-1,-1
80,2,564.49,95.12,75.55,191.88,1,-1,-1,-1
80,6,183.27,78.39,47.48,189.67,1,-1,-1,-1
80,7,374.48,99.18,53.88,168.13,1,-1,-1,-1
81,1,478.21,102.21,74.77,177.71,1,-1,-1,-1
81,2,564.17,95.13,75.47,191.59,1,-1,-1,-1
81,6,183.24,77.83,47.88,190.33,1,-1,-1,-1
81,7,374.25,99.99,53.94,166.24,1,-1,-1,-1
82,1,484.72,100.21,75.09,177.21,1,-1,-1,-1
82,2,563.14,99.73,73.89,188.23,1,-1,-1,-1
82,6,182.60,79.58,47.98,187.96,1,-1,-1,-1
82,7,374.92,94.93,54.57,168.92,1,-1,-1,-1
83,1,486.94,99.45,75.48,177.02,1,-1,-1,-1
83,2,562.76,101.46,73.18,187.00,1,-1,-1,-1
83,6,182.16,80.29,48.36,187.00,1,-1,-1,-1
83,7,375.26,93.06,54.69,169.94,1,-1,-1,-1
84,1,487.54,99.15,75.89,176.96,1,-1,-1,-1
84,2,562.65,102.07,72.81,186.58,1,-1,-1,-1
84,6,181.83,80.57,48.82,186.61,1,-1,-1,-1
84,7,375.49,92.34,54.62,170.36,1,-1,-1,-1
85,1,491.13,98.39,78.23,182.82,1,-1,-1,-1
85,2,560.62,112.16,58.15,148.94,1,-1,-1,-1
85,6,184.54,87.21,46.55,175.37,1,-1,-1,-1
85,7,364.00,92.73,54.18,167.92,1,-1,-1,-1
85,8,612.00,105.00,28.00,151.00,1,-1,-1,-1
86,1,492.45,98.11,79.02,185.01,1,-1,-1,-1
86,2,559.70,116.11,52.34,134.00,1,-1,-1,-1
86,6,185.42,89.79,45.98,170.99,1,-1,-1,-1
86,7,359.61,92.88,54.19,167.02,1,-1,-1,-1
86,8,612.00,105.00,28.00,151.00,1,-1,-1,-1
87,1,492.89,98.00,79.24,185.85,1,-1,-1,-1
87,2,559.40,117.30,50.58,129.45,1,-1,-1,-1
87,6,185.57,90.73,46.08,169.42,1,-1,-1,-1
87,7,357.95,92.94,54.36,166.72,1,-1,-1,-1
87,8,612.00,105.00,28.00,151.00,1,-1,-1,-1
88,1,503.20,97.96,78.94,182.91,1,-1,-1,-1
88,2,559.72,119.13,48.35,123.73,1,-1,-1,-1
88,6,186.96,91.72,46.73,168.20,1,-1,-1,-1
88,7,350.96,92.31,56.13,172.55,1,-1,-1,-1
88,8,612.00,105.00,28.00,151.00,1,-1,-1,-1
88,9,391.00,107.00,38.00,139.00,1,-1,-1,-1
89,1,506.80,97.95,79.29,181.76,1,-1,-1,-1
89,6,187.20,92.08,47.50,167.77,1,-1,-1,-1
89,7,348.44,92.07,56.72,174.73,1,-1,-1,-1
89,9,391.00,107.00,38.00,139.00,1,-1,-1,-1
90,1,507.83,97.95,79.86,181.32,1,-1,-1,-1
90,6,187.04,92.19,48.27,167.64,1,-1,-1,-1
90,7,347.59,91.99,56.89,175.57,1,-1,-1,-1
90,9,391.00,107.00,38.00,139.00,1,-1,-1,-1
91,1,514.18,101.87,77.08,172.00,1,-1,-1,-1
91,6,189.17,91.56,48.73,166.96,1,-1,-1,-1
91,7,345.33,92.61,56.43,175.24,1,-1,-1,-1
91,9,391.36,103.29,39.51,144.94,1,-1,-1,-1
92,1,516.12,103.38,76.65,168.42,1,-1,-1,-1
92,6,189.78,91.31,49.26,166.73,1,-1,-1,-1
92,7,344.65,92.85,56.06,175.11,1,-1,-1,-1
92,9,391.53,102.05,39.91,146.92,1,-1,-1,-1
93,1,516.42,103.92,77.11,167.14,1,-1,-1,-1
93,6,189.82,91.21,49.78,166.67,1,-1,-1,-1
93,7,344.55,92.94,55.76,175.06,1,-1,-1,-1
93,9,391.64,101.66,39.92,147.54,1,-1,-1,-1
94,1,516.99,99.49,79.46,171.98,1,-1,-1,-1
94,6,189.44,93.13,49.41,164.04,1,-1,-1,-1
94,7,336.30,89.71,57.84,181.57,1,-1,-1,-1
94,9,391.50,100.89,40.25,149.04,1,-1,-1,-1
95,1,517.10,97.84,80.41,173.79,1,-1,-1,-1
95,6,189.17,93.84,49.49,163.07,1,-1,-1,-1
95,7,333.25,88.51,58.62,184.00,1,-1,-1,-1
95,9,391.47,100.65,40.30,149.53,1,-1,-1,-1
96,1,517.00,97.21,80.83,174.50,1,-1,-1,-1
96,6,188.94,94.10,49.72,162.74,1,-1,-1,-1
96,7,332.16,88.05,58.92,184.92,1,-1,-1,-1
96,9,391.48,100.60,40.25,149.64,1,-1,-1,-1
97,1,517.18,99.59,79.73,170.21,1,-1,-1,-1
97,6,188.81,92.86,51.20,167.24,1,-1,-1,-1
97,7,326.97,84.00,61.62,193.03,1,-1,-1,-1
97,9,390.47,99.95,40.93,150.96,1,-1,-1,-1
98,1,516.92,100.51,79.76,168.57,1,-1,-1,-1
98,6,188.72,92.40,51.81,168.93,1,-1,-1,-1
98,7,325.01,82.47,62.69,196.07,1,-1,-1,-1
98,9,389.99,99.74,41.36,151.41,1,-1,-1,-1
99,1,516.54,100.86,80.20,167.98,1,-1,-1,-1
99,6,188.64,92.21,52.09,169.59,1,-1,-1,-1
99,7,324.32,81.90,63.16,197.22,1,-1,-1,-1
99,9,389.72,99.68,41.70,151.54,1,-1,-1,-1
100,1,518.01,106.89,78.98,163.18,1,-1,-1,-1
100,2,503.15,119.08,58.99,155.64,1,-1,-1,-1
100,6,188.54,89.52,53.62,175.06,1,-1,-1,-1
100,7,324.16,84.28,61.33,191.17,1,-1,-1,-1
100,9,388.71,104.29,40.34,144.30,1,-1,-1,-1
101,1,518.21,109.17,79.08,161.39,1,-1,-1,-1
101,2,501.98,119.21,57.90,156.26,1,-1,-1,-1
101,6,188.54,88.51,54.10,177.11,1,-1,-1,-1
101,7,324.18,85.24,60.65,188.75,1,-1,-1,-1
101,9,388.17,106.09,40.14,141.48,1,-1,-1,-1
102,1,520.66,104.71,82.86,168.69,1,-1,-1,-1
102,2,499.49,113.04,55.99,150.88,1,-1,-1,-1
102,6,188.33,90.06,53.39,174.02,1,-1,-1,-1
102,7,324.32,94.10,55.68,172.14,1,-1,-1,-1
102,9,386.81,106.75,39.73,138.44,1,-1,-1,-1
103,1,522.58,105.00,82.73,168.42,1,-1,-1,-1
103,2,495.50,113.04,60.21,153.74,1,-1,-1,-1
103,6,187.29,88.70,54.35,176.72,1,-1,-1,-1
103,7,316.32,96.20,53.24,165.01,1,-1,-1,-1
103,9,385.28,105.65,40.32,139.32,1,-1,-1,-1
104,1,548.36,98.93,80.48,170.34,1,-1,-1,-1
104,2,492.82,113.04,63.61,157.35,1,-1,-1,-1
104,6,186.60,86.90,55.29,179.66,1,-1,-1,-1
104,7,313.10,96.93,53.24,165.19,1,-1,-1,-1
104,9,384.42,106.56,40.49,138.34,1,-1,-1,-1
105,1,555.57,97.55,77.86,170.75,1,-1,-1,-1
105,2,491.40,113.04,65.82,158.72,1,-1,-1,-1
105,6,186.33,86.22,55.66,180.77,1,-1,-1,-1
105,7,312.02,97.18,53.23,165.29,1,-1,-1,-1
105,9,383.99,106.90,40.80,137.98,1,-1,-1,-1
106,1,560.05,89.22,81.52,184.63,1,-1,-1,-1
106,2,485.83,114.31,67.96,157.32,1,-1,-1,-1
106,6,186.07,87.26,54.80,177.29,1,-1,-1,-1
106,7,310.41,93.95,54.48,171.31,1,-1,-1,-1
106,8,542.92,114.96,26.67,128.08,1,-1,-1,-1
106,9,384.34,107.03,41.90,140.50,1,-1,-1,-1
107,1,562.45,86.15,81.34,189.74,1,-1,-1,-1
107,2,483.15,114.80,70.02,156.75,1,-1,-1,-1
107,6,185.92,87.67,54.56,175.92,1,-1,-1,-1
107,7,310.06,92.74,54.57,173.57,1,-1,-1,-1
107,8,540.78,115.12,28.72,127.72,1,-1,-1,-1
107,9,384.38,107.07,42.52,141.45,1,-1,-1,-1
108,1,563.89,84.97,79.99,191.73,1,-1,-1,-1
108,2,481.66,114.99,71.91,156.51,1,-1,-1,-1
108,6,185.81,87.84,54.56,175.40,1,-1,-1,-1
108,7,310.18,92.27,54.27,174.45,1,-1,-1,-1
108,8,539.49,115.19,30.30,127.55,1,-1,-1,-1
108,9,384.32,107.08,42.94,141.81,1,-1,-1,-1
109,1,574.42,93.54,70.81,172.54,1,-1,-1,-1
109,2,473.35,119.57,72.13,149.30,1,-1,-1,-1
109,6,186.20,87.25,55.01,175.85,1,-1,-1,-1
109,7,308.62,87.53,55.56,179.36,1,-1,-1,-1
109,8,535.71,117.21,31.71,127.53,1,-1,-1,-1
109,9,384.97,105.77,43.06,142.60,1,-1,-1,-1
110,1,578.62,97.06,66.61,164.77,1,-1,-1,-1
110,2,469.47,121.34,73.81,146.48,1,-1,-1,-1
110,6,186.26,87.03,55.34,176.01,1,-1,-1,-1
110,7,308.15,85.74,55.90,181.21,1,-1,-1,-1
110,8,534.09,117.94,32.87,127.55,1,-1,-1,-1
110,9,385.26,105.27,43.04,142.90,1,-1,-1,-1
111,1,580.28,98.31,64.61,162.01,1,-1,-1,-1
111,2,467.36,121.98,75.94,145.44,1,-1,-1,-1
111,6,186.21,86.95,55.61,176.07,1,-1,-1,-1
111,7,308.10,85.06,55.92,181.91,1,-1,-1,-1
111,8,533.33,118.19,33.83,127.60,1,-1,-1,-1
111,9,385.41,105.08,42.97,143.01,1,-1,-1,-1
112,1,583.99,98.32,64.24,161.09,1,-1,-1,-1
112,2,462.49,118.27,79.20,149.64,1,-1,-1,-1
112,6,186.21,87.58,55.67,175.43,1,-1,-1,-1
112,7,304.46,81.58,57.43,188.65,1,-1,-1,-1
112,8,530.95,118.78,33.66,126.93,1,-1,-1,-1
112,9,388.04,104.36,43.67,145.01,1,-1,-1,-1
113,2,460.45,116.88,80.98,151.21,1,-1,-1,-1
113,6,186.14,87.82,55.83,175.18,1,-1,-1,-1
113,7,303.27,80.27,57.68,191.18,1,-1,-1,-1
113,9,389.00,104.08,44.00,145.76,1,-1,-1,-1
114,2,459.53,116.34,82.15,151.81,1,-1,-1,-1
114,6,186.05,87.92,56.01,175.09,1,-1,-1,-1
114,7,303.01,79.79,57.50,192.13,1,-1,-1,-1
114,9,389.34,103.98,44.17,146.03,1,-1,-1,-1
115,1,590.23,100.70,60.19,158.92,1,-1,-1,-1
115,2,456.76,116.36,82.31,152.10,1,-1,-1,-1
115,6,186.53,86.00,56.99,178.31,1,-1,-1,-1
115,7,301.72,84.16,55.39,186.65,1,-1,-1,-1
115,8,516.50,116.51,36.45,129.43,1,-1,-1,-1
115,9,390.80,106.55,43.51,143.52,1,-1,-1,-1
116,1,591.98,100.97,57.43,158.70,1,-1,-1,-1
116,6,186.73,85.27,57.33,179.53,1,-1,-1,-1
116,7,301.41,85.88,54.33,184.48,1,-1,-1,-1
116,8,514.14,116.24,38.25,129.73,1,-1,-1,-1
116,9,391.32,107.54,43.31,142.55,1,-1,-1,-1
117,1,593.27,101.06,55.11,158.62,1,-1,-1,-1
117,6,186.81,85.01,57.43,179.98,1,-1,-1,-1
117,7,301.45,86.54,53.72,183.65,1,-1,-1,-1
117,8,512.92,116.14,39.70,129.84,1,-1,-1,-1
117,9,391.48,107.91,43.28,142.19,1,-1,-1,-1
118,1,595.74,97.81,54.08,163.22,1,-1,-1,-1
118,2,437.43,121.29,74.58,144.27,1,-1,-1,-1
118,6,187.32,86.21,57.15,180.14,1,-1,-1,-1
118,7,300.70,86.13,53.14,184.63,1,-1,-1,-1
118,8,509.76,112.17,43.86,140.36,1,-1,-1,-1
118,9,393.23,111.31,41.83,137.47,1,-1,-1,-1
119,1,597.28,96.59,52.33,164.94,1,-1,-1,-1
119,2,436.42,121.90,71.15,143.27,1,-1,-1,-1
119,6,187.60,86.68,56.87,180.19,1,-1,-1,-1
119,7,300.70,85.99,52.46,184.99,1,-1,-1,-1
119,8,508.35,110.71,45.89,144.24,1,-1,-1,-1
119,9,393.88,112.60,41.28,135.67,1,-1,-1,-1
120,1,598.37,96.13,50.51,165.61,1,-1,-1,-1
120,2,436.80,122.11,68.51,142.94,1,-1,-1,-1
120,6,187.78,86.86,56.61,180.19,1,-1,-1,-1
120,7,300.95,85.94,51.78,185.12,1,-1,-1,-1
120,8,507.70,110.13,47.08,145.75,1,-1,-1,-1
120,9,394.11,113.06,41.07,135.02,1,-1,-1,-1
121,1,599.35,86.84,53.10,184.76,1,-1,-1,-1
121,2,431.38,114.95,66.38,144.80,1,-1,-1,-1
121,6,190.55,89.54,54.34,173.02,1,-1,-1,-1
121,7,301.22,87.23,48.65,174.72,1,-1,-1,-1
121,8,504.06,108.63,47.39,145.66,1,-1,-1,-1
121,9,397.68,113.21,41.25,136.12,1,-1,-1,-1
122,1,600.67,83.42,52.14,191.81,1,-1,-1,-1
122,2,430.20,112.26,64.06,145.51,1,-1,-1,-1
122,6,191.61,90.57,53.47,170.25,1,-1,-1,-1
122,7,301.44,87.73,47.33,170.70,1,-1,-1,-1
122,8,502.65,108.07,47.66,145.59,1,-1,-1,-1
122,9,399.04,113.25,41.23,136.54,1,-1,-1,-1
123,1,601.90,82.07,50.21,194.62,1,-1,-1,-1
123,2,430.54,111.25,61.86,145.79,1,-1,-1,-1
123,6,191.99,90.94,53.14,169.24,1,-1,-1,-1
123,7,301.61,87.92,46.75,169.25,1,-1,-1,-1
123,8,502.10,107.86,47.91,145.53,1,-1,-1,-1
123,9,399.57,113.25,41.16,136.72,1,-1,-1,-1
124,1,608.60,102.01,44.54,185.43,1,-1,-1,-1
124,2,424.45,110.88,61.29,147.86,1,-1,-1,-1
124,6,192.38,91.73,52.50,166.90,1,-1,-1,-1
124,7,298.90,86.00,48.18,176.02,1,-1,-1,-1
124,8,498.39,105.21,49.96,150.67,1,-1,-1,-1
124,9,401.01,109.96,43.82,145.31,1,-1,-1,-1
125,1,610.46,102.31,44.86,186.79,1,-1,-1,-1
125,2,420.77,110.31,61.33,147.97,1,-1,-1,-1
125,6,192.95,92.68,51.40,163.41,1,-1,-1,-1
125,7,298.84,85.30,48.16,177.22,1,-1,-1,-1
125,8,497.57,106.13,49.63,149.39,1,-1,-1,-1
125,9,403.93,110.66,44.51,145.30,1,-1,-1,-1
126,6,193.14,93.02,51.00,162.13,1,-1,-1,-1
126,7,298.95,85.03,47.97,177.70,1,-1,-1,-1
126,8,497.32,106.52,49.53,148.84,1,-1,-1,-1
126,9,404.87,110.93,45.13,145.27,1,-1,-1,-1
127,6,193.74,94.46,49.79,158.38,1,-1,-1,-1
127,7,298.46,85.59,47.73,177.88,1,-1,-1,-1
127,8,495.34,106.10,49.82,149.71,1,-1,-1,-1
127,9,408.23,111.68,49.04,149.80,1,-1,-1,-1
128,6,193.95,94.98,49.33,157.02,1,-1,-1,-1
128,7,298.38,85.81,47.48,177.95,1,-1,-1,-1
128,9,408.78,111.96,51.90,151.49,1,-1,-1,-1
129,6,194.03,95.16,49.15,156.56,1,-1,-1,-1
129,7,298.45,85.89,47.25,177.98,1,-1,-1,-1
129,9,408.35,112.06,54.20,152.12,1,-1,-1,-1
130,6,193.59,94.55,49.36,157.09,1,-1,-1,-1
130,7,291.97,85.93,47.17,176.03,1,-1,-1,-1
130,8,486.97,111.06,49.03,145.09,1,-1,-1,-1
130,9,406.46,108.86,57.13,155.58,1,-1,-1,-1
131,6,193.40,94.31,49.47,157.33,1,-1,-1,-1
131,7,289.43,85.95,47.36,175.29,1,-1,-1,-1
131,8,485.78,111.72,49.44,144.44,1,-1,-1,-1
131,9,405.26,107.63,59.16,156.87,1,-1,-1,-1
132,6,193.31,94.21,49.54,157.45,1,-1,-1,-1
132,7,288.41,85.96,47.64,175.02,1,-1,-1,-1
132,8,485.20,111.94,49.90,144.23,1,-1,-1,-1
132,9,404.35,107.16,60.75,157.33,1,-1,-1,-1
133,6,194.46,95.47,48.51,154.24,1,-1,-1,-1
133,7,287.66,89.24,47.90,171.00,1,-1,-1,-1
133,8,480.96,112.02,51.03,145.46,1,-1,-1,-1
133,9,398.42,105.69,60.79,158.77,1,-1,-1,-1
134,6,194.88,95.94,48.13,153.06,1,-1,-1,-1
134,7,287.09,90.48,48.68,169.48,1,-1,-1,-1
134,8,479.23,112.04,51.80,145.91,1,-1,-1,-1
134,9,396.27,105.14,60.53,159.29,1,-1,-1,-1
135,6,195.04,96.10,47.99,152.66,1,-1,-1,-1
135,7,286.60,90.94,49.61,168.93,1,-1,-1,-1
135,8,478.49,112.05,52.40,146.08,1,-1,-1,-1
135,9,395.56,104.93,60.17,159.46,1,-1,-1,-1
136,6,193.63,93.52,49.55,158.46,1,-1,-1,-1
136,7,282.55,84.53,53.81,182.55,1,-1,-1,-1
136,8,476.62,112.14,52.51,146.38,1,-1,-1,-1
136,9,394.26,106.16,58.18,156.25,1,-1,-1,-1
137,6,193.18,92.56,49.98,160.63,1,-1,-1,-1
137,7,281.01,82.17,55.47,187.55,1,-1,-1,-1
137,9,393.96,106.65,57.00,154.99,1,-1,-1,-1
138,6,193.06,92.18,50.01,161.48,1,-1,-1,-1
138,7,280.40,81.25,56.22,189.51,1,-1,-1,-1
138,9,394.03,106.83,56.19,154.49,1,-1,-1,-1
139,6,193.88,93.99,48.95,158.55,1,-1,-1,-1
139,7,278.49,86.07,53.49,178.63,1,-1,-1,-1
139,8,462.81,105.06,53.62,151.41,1,-1,-1,-1
139,9,388.61,103.64,58.30,162.78,1,-1,-1,-1
139,10,5.00,113.00,42.00,180.00,1,-1,-1,-1
140,6,194.24,94.69,48.47,157.44,1,-1,-1,-1
140,7,277.69,87.98,52.62,174.30,1,-1,-1,-1
140,8,461.44,104.18,53.26,152.01,1,-1,-1,-1
140,9,386.85,102.46,58.57,165.86,1,-1,-1,-1
140,10,5.00,113.00,42.00,180.00,1,-1,-1,-1
141,6,194.40,94.95,48.21,157.03,1,-1,-1,-1
141,7,277.32,88.69,52.53,172.71,1,-1,-1,-1
141,8,461.11,103.88,52.84,152.22,1,-1,-1,-1
141,9,386.40,102.00,58.23,167.04,1,-1,-1,-1
141,10,5.00,113.00,42.00,180.00,1,-1,-1,-1
142,6,193.21,94.38,48.67,158.85,1,-1,-1,-1
142,7,274.22,86.97,52.57,173.44,1,-1,-1,-1
142,8,461.56,107.68,50.34,145.79,1,-1,-1,-1
142,9,382.46,112.17,55.33,151.31,1,-1,-1,-1
142,10,7.36,107.06,43.23,185.19,1,-1,-1,-1
143,6,192.78,94.17,48.78,159.54,1,-1,-1,-1
143,7,273.14,86.33,52.49,173.72,1,-1,-1,-1
143,8,461.90,109.17,49.26,143.28,1,-1,-1,-1
143,9,380.40,116.23,55.26,144.99,1,-1,-1,-1
143,10,8.14,105.07,43.65,186.94,1,-1,-1,-1
144,6,192.65,94.08,48.78,159.81,1,-1,-1,-1
144,7,272.82,86.08,52.38,173.84,1,-1,-1,-1
144,8,462.14,109.72,48.75,142.35,1,-1,-1,-1
144,9,379.11,117.67,56.41,142.75,1,-1,-1,-1
144,10,8.37,104.47,43.79,187.47,1,-1,-1,-1
145,6,191.71,92.74,49.24,161.87,1,-1,-1,-1
145,7,266.84,87.96,51.70,170.62,1,-1,-1,-1
145,8,460.29,111.90,47.29,139.39,1,-1,-1,-1
145,9,378.23,118.49,56.06,141.88,1,-1,-1,-1
145,10,19.69,117.41,39.87,166.24,1,-1,-1,-1
146,6,191.41,92.24,49.33,162.65,1,-1,-1,-1
146,7,264.54,88.67,51.60,169.40,1,-1,-1,-1
146,8,459.77,112.71,46.52,138.28,1,-1,-1,-1
146,10,23.58,122.40,38.95,158.18,1,-1,-1,-1
147,6,191.33,92.04,49.28,162.94,1,-1,-1,-1
147,7,263.66,88.94,51.71,168.96,1,-1,-1,-1
147,8,459.73,113.01,46.04,137.89,1,-1,-1,-1
147,10,24.44,124.01,39.32,155.61,1,-1,-1,-1
148,2,362.77,129.75,53.11,128.17,1,-1,-1,-1
148,6,190.61,91.32,49.36,163.70,1,-1,-1,-1
148,7,263.03,89.69,51.80,168.15,1,-1,-1,-1
148,8,456.94,112.45,46.25,140.39,1,-1,-1,-1
148,9,400.59,116.57,53.58,139.91,1,-1,-1,-1
148,10,32.47,121.04,45.25,168.00,1,-1,-1,-1
149,2,357.80,119.20,54.53,135.85,1,-1,-1,-1
149,6,190.22,89.75,49.64,165.28,1,-1,-1,-1
149,7,261.61,87.34,53.66,174.43,1,-1,-1,-1
149,8,455.00,110.93,46.91,144.60,1,-1,-1,-1
149,9,402.59,115.63,53.18,143.15,1,-1,-1,-1
149,10,36.43,123.30,48.91,169.02,1,-1,-1,-1
150,2,356.63,116.37,54.13,137.90,1,-1,-1,-1
150,6,190.12,89.16,49.64,165.88,1,-1,-1,-1
150,7,261.13,86.46,54.31,176.78,1,-1,-1,-1
150,8,454.50,110.35,46.78,146.20,1,-1,-1,-1
150,9,403.71,115.32,52.16,144.21,1,-1,-1,-1
150,10,36.79,124.13,52.29,169.47,1,-1,-1,-1
151,2,354.05,113.98,54.54,141.96,1,-1,-1,-1
151,6,189.69,88.95,49.81,166.74,1,-1,-1,-1
151,7,261.11,90.01,52.39,169.90,1,-1,-1,-1
151,8,452.60,110.13,46.37,147.46,1,-1,-1,-1
151,9,404.88,115.85,49.55,140.70,1,-1,-1,-1
151,10,42.65,129.04,51.76,160.37,1,-1,-1,-1
152,2,353.39,113.09,54.22,143.50,1,-1,-1,-1
152,6,189.55,88.87,49.82,167.06,1,-1,-1,-1
152,7,261.12,91.40,51.74,167.21,1,-1,-1,-1
152,8,452.13,110.04,45.79,147.94,1,-1,-1,-1
152,9,405.60,116.04,47.93,139.38,1,-1,-1,-1
152,10,44.07,130.85,52.75,156.94,1,-1,-1,-1
153,2,353.44,112.77,53.70,144.07,1,-1,-1,-1
153,6,189.53,88.86,49.78,167.17,1,-1,-1,-1
153,7,261.11,91.90,51.59,166.23,1,-1,-1,-1
153,8,452.20,110.01,45.18,148.11,1,-1,-1,-1
153,9,406.12,116.11,46.76,138.90,1,-1,-1,-1
153,10,43.86,131.45,54.30,155.76,1,-1,-1,-1
154,2,350.49,111.37,53.08,145.57,1,-1,-1,-1
154,6,188.35,84.95,51.47,173.70,1,-1,-1,-1
154,7,259.19,88.80,52.82,171.80,1,-1,-1,-1
154,8,452.02,108.69,45.46,151.41,1,-1,-1,-1
154,9,404.28,115.46,46.38,140.72,1,-1,-1,-1
154,10,54.63,120.28,58.99,170.73,1,-1,-1,-1
155,2,349.72,110.86,52.29,146.12,1,-1,-1,-1
155,6,187.98,83.49,51.96,176.15,1,-1,-1,-1
155,7,258.63,87.64,53.00,173.87,1,-1,-1,-1
155,8,452.18,108.20,45.16,152.65,1,-1,-1,-1
155,9,403.83,115.22,45.73,141.41,1,-1,-1,-1
155,10,58.67,116.26,60.33,176.10,1,-1,-1,-1
156,2,349.74,110.69,51.52,146.30,1,-1,-1,-1
156,6,187.91,82.94,52.03,177.07,1,-1,-1,-1
156,7,258.58,87.19,52.83,174.67,1,-1,-1,-1
156,8,452.47,108.01,44.70,153.11,1,-1,-1,-1
156,9,403.87,115.12,45.03,141.69,1,-1,-1,-1
156,10,60.23,114.67,60.58,178.23,1,-1,-1,-1
157,2,347.55,110.00,51.76,147.00,1,-1,-1,-1
157,6,187.91,82.10,52.65,180.63,1,-1,-1,-1
157,7,256.70,85.07,53.30,178.22,1,-1,-1,-1
157,8,450.94,106.00,44.62,154.56,1,-1,-1,-1
157,9,402.80,111.81,46.25,148.34,1,-1,-1,-1
157,10,69.33,114.71,58.27,175.80,1,-1,-1,-1
158,6,188.03,81.80,52.65,181.96,1,-1,-1,-1
158,7,256.18,84.27,53.15,179.56,1,-1,-1,-1
158,8,450.53,105.24,44.32,155.10,1,-1,-1,-1
158,9,402.65,110.57,46.20,150.83,1,-1,-1,-1
158,10,73.06,114.74,56.59,174.82,1,-1,-1,-1
159,6,188.19,81.71,52.44,182.43,1,-1,-1,-1
159,7,256.16,83.97,52.79,180.06,1,-1,-1,-1
159,8,450.53,104.96,43.96,155.28,1,-1,-1,-1
159,9,402.79,110.10,45.76,151.78,1,-1,-1,-1
159,10,74.70,114.77,55.23,174.44,1,-1,-1,-1
160,2,338.26,110.61,50.55,146.39,1,-1,-1,-1
160,6,188.19,81.69,52.48,183.87,1,-1,-1,-1
160,7,256.16,83.22,52.71,181.53,1,-1,-1,-1
160,8,450.82,110.06,42.00,146.24,1,-1,-1,-1
160,9,404.11,114.46,43.04,143.72,1,-1,-1,-1
160,10,84.65,114.14,54.72,172.98,1,-1,-1,-1
161,2,337.57,110.73,49.69,146.28,1,-1,-1,-1
161,6,188.30,81.70,52.29,184.38,1,-1,-1,-1
161,7,256.32,82.95,52.41,182.07,1,-1,-1,-1
161,8,450.85,112.05,41.52,142.70,1,-1,-1,-1
161,9,404.69,116.17,41.83,140.55,1,-1,-1,-1
161,10,88.30,113.91,54.51,172.41,1,-1,-1,-1
162,2,337.52,110.76,49.01,146.24,1,-1,-1,-1
162,6,188.43,81.72,52.03,184.54,1,-1,-1,-1
162,7,256.54,82.85,52.04,182.26,1,-1,-1,-1
162,8,450.75,112.78,41.62,141.41,1,-1,-1,-1
162,9,404.96,116.79,41.26,139.39,1,-1,-1,-1
162,10,89.54,113.84,54.40,172.19,1,-1,-1,-1
163,2,337.36,110.13,49.16,148.83,1,-1,-1,-1
163,6,189.05,80.44,52.11,185.22,1,-1,-1,-1
163,7,256.70,80.88,51.78,184.26,1,-1,-1,-1
163,8,450.00,113.10,41.45,140.85,1,-1,-1,-1
163,9,403.25,116.36,41.38,139.63,1,-1,-1,-1
163,10,103.21,104.67,59.05,179.29,1,-1,-1,-1
164,2,337.52,109.90,48.86,149.79,1,-1,-1,-1
164,6,189.32,79.97,52.08,185.44,1,-1,-1,-1
164,7,257.01,80.14,51.22,185.00,1,-1,-1,-1
164,9,402.58,116.19,41.46,139.74,1,-1,-1,-1
164,10,107.57,101.25,62.15,181.94,1,-1,-1,-1
165,2,337.80,109.83,48.44,150.15,1,-1,-1,-1
165,6,189.45,79.81,52.00,185.49,1,-1,-1,-1
165,7,257.36,79.87,50.61,185.26,1,-1,-1,-1
165,9,402.32,116.12,41.52,139.79,1,-1,-1,-1
165,10,108.50,99.96,64.52,182.95,1,-1,-1,-1
166,2,334.87,109.16,47.98,150.91,1,-1,-1,-1
166,6,190.22,82.36,51.20,182.89,1,-1,-1,-1
166,7,259.05,83.03,47.93,176.89,1,-1,-1,-1
166,8,438.81,110.48,43.44,146.08,1,-1,-1,-1
166,9,402.27,116.26,41.43,139.47,1,-1,-1,-1
166,10,109.83,99.51,65.72,182.01,1,-1,-1,-1
167,2,333.98,108.92,47.44,151.18,1,-1,-1,-1
167,6,190.53,83.35,50.85,181.86,1,-1,-1,-1
167,7,259.83,84.28,46.70,173.62,1,-1,-1,-1
167,8,437.35,110.16,44.00,146.71,1,-1,-1,-1
167,10,109.78,99.38,66.97,181.62,1,-1,-1,-1
168,2,333.85,108.84,46.91,151.27,1,-1,-1,-1
168,6,190.67,83.74,50.67,181.45,1,-1,-1,-1
168,7,260.22,84.74,46.06,172.43,1,-1,-1,-1
168,8,436.75,110.05,44.39,146.93,1,-1,-1,-1
168,10,109.25,99.37,68.17,181.45,1,-1,-1,-1
169,2,330.96,106.22,47.32,153.88,1,-1,-1,-1
169,6,190.65,88.45,48.77,174.10,1,-1,-1,-1
169,7,259.10,84.25,46.40,173.97,1,-1,-1,-1
169,8,435.34,109.36,45.01,147.01,1,-1,-1,-1
169,9,390.31,109.93,45.09,152.12,1,-1,-1,-1
169,10,109.92,103.31,67.91,180.06,1,-1,-1,-1
170,2,330.01,105.24,47.25,154.86,1,-1,-1,-1
170,6,190.61,90.26,48.11,171.27,1,-1,-1,-1
170,7,258.71,84.07,46.49,174.55,1,-1,-1,-1
170,8,434.71,109.10,45.55,147.03,1,-1,-1,-1
170,9,388.92,109.18,45.47,153.63,1,-1,-1,-1
170,10,109.98,104.85,67.94,179.51,1,-1,-1,-1
171,2,329.79,104.88,47.03,155.21,1,-1,-1,-1
171,6,190.56,90.92,47.94,170.24,1,-1,-1,-1
171,7,258.60,84.01,46.50,174.78,1,-1,-1,-1
171,8,434.38,109.00,46.01,147.04,1,-1,-1,-1
171,9,388.45,108.91,45.56,154.17,1,-1,-1,-1
171,10,109.83,105.45,68.07,179.29,1,-1,-1,-1
172,2,326.61,100.86,48.71,162.47,1,-1,-1,-1
172,6,190.99,89.17,48.96,174.49,1,-1,-1,-1
172,7,258.95,85.94,45.73,171.61,1,-1,-1,-1
172,8,430.79,108.97,46.66,146.39,1,-1,-1,-1
172,9,383.83,110.11,44.17,150.47,1,-1,-1,-1
172,10,124.73,110.25,65.40,174.63,1,-1,-1,-1
173,2,325.57,99.36,49.06,165.18,1,-1,-1,-1
173,6,191.20,88.51,49.25,176.07,1,-1,-1,-1
173,7,259.08,86.68,45.47,170.40,1,-1,-1,-1
173,8,429.26,108.96,47.33,146.14,1,-1,-1,-1
173,9,382.17,110.59,43.48,149.02,1,-1,-1,-1
173,10,130.52,112.10,63.93,172.84,1,-1,-1,-1
174,2,325.35,98.80,48.94,166.21,1,-1,-1,-1
174,6,191.32,88.25,49.28,176.69,1,-1,-1,-1
174,7,259.12,86.95,45.42,169.97,1,-1,-1,-1
174,8,428.53,108.96,47.97,146.05,1,-1,-1,-1
174,9,381.64,110.78,43.09,148.46,1,-1,-1,-1
174,10,132.76,112.79,62.96,172.18,1,-1,-1,-1
175,2,324.73,99.90,48.12,163.98,1,-1,-1,-1
175,6,190.20,84.88,50.30,181.49,1,-1,-1,-1
175,7,258.83,87.05,45.38,169.17,1,-1,-1,-1
175,8,427.24,113.53,45.74,136.87,1,-1,-1,-1
175,9,379.74,111.51,42.51,146.93,1,-1,-1,-1
175,10,136.50,113.03,61.79,169.97,1,-1,-1,-1
176,2,324.60,100.36,47.70,163.07,1,-1,-1,-1
176,6,189.87,83.61,50.52,183.29,1,-1,-1,-1
176,7,258.68,87.08,45.46,168.88,1,-1,-1,-1
176,8,426.64,115.30,45.24,133.33,1,-1,-1,-1
176,9,379.10,111.79,42.21,146.35,1,-1,-1,-1
176,10,137.86,113.12,61.17,169.15,1,-1,-1,-1
177,2,324.63,100.56,47.45,162.69,1,-1,-1,-1
177,6,189.81,83.12,50.45,183.97,1,-1,-1,-1
177,7,258.59,87.09,45.58,168.79,1,-1,-1,-1
177,8,426.27,115.93,45.42,132.07,1,-1,-1,-1
177,9,378.94,111.90,42.04,146.13,1,-1,-1,-1
177,10,138.34,113.14,60.77,168.86,1,-1,-1,-1
178,2,319.86,106.50,43.33,146.91,1,-1,-1,-1
178,6,190.80,90.09,47.10,170.58,1,-1,-1,-1
178,7,257.96,88.39,44.85,165.49,1,-1,-1,-1
178,8,424.86,114.82,46.79,136.29,1,-1,-1,-1
178,9,378.94,117.18,42.57,146.70,1,-1,-1,-1
178,10,145.24,118.39,61.39,166.80,1,-1,-1,-1
179,2,317.98,108.87,41.91,140.68,1,-1,-1,-1
179,6,191.12,92.82,45.94,165.31,1,-1,-1,-1
179,7,257.69,88.88,44.66,164.26,1,-1,-1,-1
179,8,424.38,114.40,47.26,137.85,1,-1,-1,-1
179,9,378.88,119.17,42.96,146.91,1,-1,-1,-1
179,10,147.37,120.36,62.34,166.04,1,-1,-1,-1
