1,1753,20.89,161.98,68.65,171.97,1,-1,-1,-1
1,1764,124.00,168.00,70.00,158.00,1,-1,-1,-1
2,1753,18.95,161.94,70.97,172.10,1,-1,-1,-1
2,1764,124.00,168.00,70.00,158.00,1,-1,-1,-1
3,1753,21.61,164.54,71.65,170.83,1,-1,-1,-1
3,1764,125.64,169.50,71.22,161.00,1,-1,-1,-1
4,1753,22.50,165.53,72.27,170.34,1,-1,-1,-1
4,1764,126.24,170.00,71.53,162.00,1,-1,-1,-1
5,1753,27.89,175.11,73.00,168.84,1,-1,-1,-1
5,1764,131.16,171.58,72.18,163.72,1,-1,-1,-1
6,1753,29.71,178.72,73.80,168.27,1,-1,-1,-1
6,1764,132.88,172.10,72.30,164.27,1,-1,-1,-1
7,1753,31.43,172.14,77.31,175.95,1,-1,-1,-1
7,1764,138.43,177.77,70.57,160.28,1,-1,-1,-1
8,1753,32.04,169.68,78.68,178.80,1,-1,-1,-1
8,1764,140.36,179.80,69.93,158.76,1,-1,-1,-1
9,1753,36.03,167.40,82.06,182.47,1,-1,-1,-1
9,1764,153.28,176.38,70.92,162.29,1,-1,-1,-1
10,1753,37.13,166.52,84.19,183.86,1,-1,-1,-1
10,1764,158.07,175.10,70.92,163.57,1,-1,-1,-1
11,1753,37.75,166.51,84.72,185.00,1,-1,-1,-1
11,1764,170.94,178.56,71.04,164.04,1,-1,-1,-1
12,1764,175.66,179.84,71.02,164.19,1,-1,-1,-1
13,1753,62.38,164.43,90.54,199.47,1,-1,-1,-1
13,1764,182.37,176.33,76.62,177.43,1,-1,-1,-1
14,1753,66.69,164.09,90.94,201.85,1,-1,-1,-1
14,1764,184.85,175.03,78.60,182.30,1,-1,-1,-1
15,1753,77.61,153.66,95.53,214.29,1,-1,-1,-1
15,1764,198.94,174.49,79.74,186.74,1,-1,-1,-1
16,1753,81.97,149.73,96.72,218.97,1,-1,-1,-1
16,1764,204.48,174.27,79.72,188.40,1,-1,-1,-1
17,1753,85.21,148.54,98.07,222.03,1,-1,-1,-1
17,1764,217.19,181.91,74.96,178.65,1,-1,-1,-1
18,1764,222.03,184.90,72.74,174.70,1,-1,-1,-1
19,1764,227.22,179.39,75.29,182.42,1,-1,-1,-1
20,1764,229.26,177.36,75.84,185.25,1,-1,-1,-1
21,1764,234.81,177.57,76.49,186.84,1,-1,-1,-1
25,1753,76.31,134.29,122.82,272.39,1,-1,-1,-1
26,1753,74.45,133.59,125.90,275.03,1,-1,-1,-1
27,1753,71.05,128.23,129.90,284.92,1,-1,-1,-1
28,1753,69.85,126.20,131.17,288.63,1,-1,-1,-1
29,1753,63.04,115.27,136.58,303.95,1,-1,-1,-1
30,1753,60.78,111.09,137.89,309.78,1,-1,-1,-1
31,1753,55.92,106.96,143.70,323.34,1,-1,-1,-1
31,1764,245.11,118.40,117.96,280.94,1,-1,-1,-1
32,1753,54.09,105.40,145.81,328.51,1,-1,-1,-1
32,1764,244.10,115.61,122.00,285.22,1,-1,-1,-1
33,1753,55.31,99.78,149.03,336.72,1,-1,-1,-1
33,1764,239.96,113.35,131.97,305.49,1,-1,-1,-1
33,1765,146.00,98.00,174.00,324.00,1,-1,-1,-1
34,1753,55.91,97.65,150.01,339.78,1,-1,-1,-1
34,1764,238.02,112.49,136.45,313.35,1,-1,-1,-1
34,1765,146.00,98.00,174.00,324.00,1,-1,-1,-1
35,1753,60.20,96.90,152.42,345.89,1,-1,-1,-1
35,1764,243.87,110.99,145.97,333.83,1,-1,-1,-1
36,1753,61.94,96.67,153.15,348.12,1,-1,-1,-1
36,1764,246.00,110.44,149.97,341.79,1,-1,-1,-1
37,1753,65.92,92.83,158.28,362.88,1,-1,-1,-1
37,1764,256.00,102.81,153.08,352.28,1,-1,-1,-1
38,1753,67.82,91.39,159.46,368.45,1,-1,-1,-1
38,1764,260.26,99.85,153.51,356.27,1,-1,-1,-1
39,1753,69.18,85.81,159.88,371.72,1,-1,-1,-1
39,1764,264.34,86.14,162.56,377.83,1,-1,-1,-1
40,1753,69.95,83.70,159.45,372.81,1,-1,-1,-1
40,1764,265.95,80.87,165.90,386.09,1,-1,-1,-1
41,1753,72.45,77.83,158.62,374.33,1,-1,-1,-1
41,1764,268.48,82.65,168.20,386.64,1,-1,-1,-1
42,1753,73.79,75.63,157.47,374.76,1,-1,-1,-1
42,1764,268.89,83.48,170.00,386.58,1,-1,-1,-1
43,1753,61.00,73.58,157.76,373.47,1,-1,-1,-1
43,1764,274.56,78.80,165.81,373.58,1,-1,-1,-1
44,1753,55.84,72.88,158.24,372.82,1,-1,-1,-1
44,1764,276.31,77.09,164.77,368.19,1,-1,-1,-1
45,1753,51.82,63.64,162.48,382.79,1,-1,-1,-1
45,1764,285.48,62.29,166.55,368.59,1,-1,-1,-1
46,1753,50.31,60.18,164.07,386.49,1,-1,-1,-1
46,1764,288.47,56.75,168.00,368.61,1,-1,-1,-1
47,1753,45.71,48.64,168.84,396.79,1,-1,-1,-1
47,1764,275.00,62.51,175.54,385.29,1,-1,-1,-1
48,1753,43.87,44.29,170.84,400.63,1,-1,-1,-1
48,1764,269.86,64.76,178.33,391.53,1,-1,-1,-1
49,1753,42.65,40.14,175.22,408.40,1,-1,-1,-1
49,1764,282.74,50.39,173.72,374.59,1,-1,-1,-1
50,1753,41.93,38.65,177.42,411.26,1,-1,-1,-1
50,1764,287.03,44.86,173.24,367.61,1,-1,-1,-1
51,1753,37.99,27.90,183.05,425.07,1,-1,-1,-1
51,1764,290.38,36.36,186.37,401.55,1,-1,-1,-1
52,1753,36.59,23.87,184.98,430.26,1,-1,-1,-1
52,1764,292.48,33.24,189.47,413.97,1,-1,-1,-1
53,1753,35.54,13.45,188.04,438.52,1,-1,-1,-1
53,1764,301.67,25.79,194.06,421.30,1,-1,-1,-1
54,1753,35.31,9.54,188.90,441.56,1,-1,-1,-1
54,1764,304.89,23.00,196.41,423.99,1,-1,-1,-1
55,1753,34.53,5.59,190.62,445.13,1,-1,-1,-1
55,1764,305.83,9.22,204.07,440.24,1,-1,-1,-1
56,1753,34.22,4.21,191.32,446.35,1,-1,-1,-1
56,1764,306.10,4.03,207.03,446.35,1,-1,-1,-1
57,1753,31.76,8.97,192.41,444.07,1,-1,-1,-1
57,1764,310.05,5.98,210.43,452.37,1,-1,-1,-1
58,1753,30.33,10.95,193.82,443.03,1,-1,-1,-1
58,1764,311.35,6.89,211.98,454.53,1,-1,-1,-1
59,1753,30.63,10.51,192.67,438.61,1,-1,-1,-1
59,1764,320.32,29.22,205.65,432.04,1,-1,-1,-1
60,1753,30.59,10.45,192.57,436.78,1,-1,-1,-1
60,1764,322.72,38.19,204.99,422.91,1,-1,-1,-1
61,1753,28.38,10.52,194.33,439.89,1,-1,-1,-1
61,1764,335.72,16.68,224.84,460.02,1,-1,-1,-1
62,1753,27.47,10.62,195.16,440.99,1,-1,-1,-1
62,1764,339.92,8.83,233.20,473.58,1,-1,-1,-1
63,1753,24.73,6.84,197.69,447.81,1,-1,-1,-1
63,1764,337.19,1.97,244.93,500.45,1,-1,-1,-1
64,1753,23.84,5.46,198.36,450.33,1,-1,-1,-1
64,1764,336.47,-0.63,248.60,510.76,1,-1,-1,-1
65,1753,21.25,2.42,200.57,455.08,1,-1,-1,-1
65,1764,337.45,-1.54,250.92,514.59,1,-1,-1,-1
66,1753,20.27,1.32,201.43,456.81,1,-1,-1,-1
66,1764,337.60,-1.78,251.94,515.83,1,-1,-1,-1
67,1753,21.69,2.27,200.79,454.78,1,-1,-1,-1
67,1764,339.02,-1.78,253.16,517.35,1,-1,-1,-1
68,1753,22.20,2.71,200.64,453.90,1,-1,-1,-1
68,1764,339.36,-1.68,253.77,517.72,1,-1,-1,-1
69,1753,24.98,1.63,201.95,457.39,1,-1,-1,-1
69,1764,342.02,-1.56,253.83,515.08,1,-1,-1,-1
69,1766,154.00,0.00,122.00,420.00,1,-1,-1,-1
70,1753,26.12,1.27,202.30,458.64,1,-1,-1,-1
70,1764,342.60,-1.42,254.44,513.85,1,-1,-1,-1
70,1766,154.00,0.00,122.00,420.00,1,-1,-1,-1
71,1753,9.54,2.49,216.98,491.52,1,-1,-1,-1
71,1764,345.97,2.59,252.02,510.62,1,-1,-1,-1
72,1753,3.29,2.96,222.56,503.79,1,-1,-1,-1
72,1764,347.39,4.19,250.58,509.21,1,-1,-1,-1
73,1753,16.33,1.92,210.39,477.85,1,-1,-1,-1
73,1764,347.23,3.56,248.60,509.84,1,-1,-1,-1
73,1767,160.00,2.00,114.00,420.00,1,-1,-1,-1
74,1753,21.82,1.57,205.07,467.19,1,-1,-1,-1
74,1764,347.69,3.36,246.59,509.96,1,-1,-1,-1
74,1767,160.00,2.00,114.00,420.00,1,-1,-1,-1
75,1753,24.29,2.78,202.24,461.84,1,-1,-1,-1
75,1764,328.95,16.33,219.76,456.59,1,-1,-1,-1
76,1753,25.35,3.27,200.90,459.79,1,-1,-1,-1
76,1764,321.64,21.53,208.64,435.31,1,-1,-1,-1
77,1753,26.29,7.40,198.01,453.74,1,-1,-1,-1
77,1764,320.98,22.02,206.96,431.80,1,-1,-1,-1
78,1753,26.72,9.00,196.77,451.41,1,-1,-1,-1
79,1753,26.68,8.85,196.83,451.54,1,-1,-1,-1
79,1764,322.33,42.60,197.46,410.48,1,-1,-1,-1
80,1764,322.28,45.70,196.54,407.26,1,-1,-1,-1
81,1753,23.60,11.44,196.12,446.94,1,-1,-1,-1
81,1764,325.77,41.37,201.25,418.23,1,-1,-1,-1
82,1753,22.66,11.85,196.92,446.21,1,-1,-1,-1
82,1764,327.19,39.76,202.69,422.28,1,-1,-1,-1
83,1753,22.40,11.98,196.77,445.88,1,-1,-1,-1
83,1764,327.39,41.16,201.58,419.98,1,-1,-1,-1
85,1753,25.53,1.99,200.71,455.93,1,-1,-1,-1
85,1764,332.21,42.31,203.20,415.90,1,-1,-1,-1
86,1753,26.19,0.41,200.99,457.51,1,-1,-1,-1
86,1764,331.73,42.50,205.92,415.25,1,-1,-1,-1
87,1753,25.06,1.16,202.50,460.68,1,-1,-1,-1
87,1764,325.42,38.60,212.53,425.58,1,-1,-1,-1
88,1753,24.61,1.47,203.12,461.85,1,-1,-1,-1
88,1764,322.70,37.15,215.76,429.43,1,-1,-1,-1
89,1753,27.34,5.51,200.14,455.76,1,-1,-1,-1
89,1764,321.80,31.36,221.92,443.95,1,-1,-1,-1
90,1753,28.45,7.08,198.85,453.40,1,-1,-1,-1
90,1764,321.76,29.16,223.65,449.45,1,-1,-1,-1
91,1753,29.04,8.98,200.62,451.20,1,-1,-1,-1
91,1764,322.89,30.90,222.02,446.37,1,-1,-1,-1
92,1753,28.57,9.70,202.68,450.36,1,-1,-1,-1
92,1764,323.36,31.58,221.32,445.14,1,-1,-1,-1
93,1753,19.16,8.66,219.26,480.15,1,-1,-1,-1
93,1764,322.45,42.27,215.39,430.31,1,-1,-1,-1
94,1753,14.78,8.27,227.20,491.18,1,-1,-1,-1
94,1764,321.76,46.35,213.81,424.61,1,-1,-1,-1
95,1753,14.21,8.31,228.71,494.44,1,-1,-1,-1
95,1764,319.94,47.84,215.04,423.84,1,-1,-1,-1
96,1764,318.85,48.36,216.36,423.58,1,-1,-1,-1
97,1753,21.30,1.47,218.68,472.14,1,-1,-1,-1
97,1764,315.97,48.52,210.02,409.10,1,-1,-1,-1
98,1753,22.42,0.31,217.14,468.27,1,-1,-1,-1
98,1764,314.61,48.53,208.15,403.63,1,-1,-1,-1
99,1753,22.59,-0.23,217.45,468.93,1,-1,-1,-1
99,1764,315.97,52.47,215.72,416.24,1,-1,-1,-1
100,1764,316.17,53.90,219.13,420.91,1,-1,-1,-1
101,1764,317.37,49.19,222.13,426.65,1,-1,-1,-1
101,1768,160.00,30.00,116.00,406.00,1,-1,-1,-1
102,1753,116.19,26.05,182.35,414.05,1,-1,-1,-1
102,1764,317.82,47.37,223.29,428.85,1,-1,-1,-1
103,1753,131.66,27.93,173.09,410.04,1,-1,-1,-1
103,1764,321.77,51.85,209.67,403.65,1,-1,-1,-1
104,1753,138.50,28.54,166.29,408.72,1,-1,-1,-1
104,1764,323.42,53.57,204.15,393.87,1,-1,-1,-1
105,1753,141.90,18.10,162.95,418.97,1,-1,-1,-1
105,1764,320.36,38.22,221.42,430.23,1,-1,-1,-1
106,1753,144.89,14.21,157.93,422.83,1,-1,-1,-1
106,1764,319.74,32.74,226.64,443.22,1,-1,-1,-1
107,1753,150.67,11.41,151.58,421.76,1,-1,-1,-1
107,1764,329.01,19.03,239.19,472.73,1,-1,-1,-1
108,1753,154.12,10.35,146.25,421.41,1,-1,-1,-1
108,1764,333.29,13.79,242.55,484.03,1,-1,-1,-1
109,1753,156.75,9.97,141.25,420.01,1,-1,-1,-1
109,1764,322.82,20.71,233.66,467.96,1,-1,-1,-1
110,1753,158.72,9.84,137.10,419.53,1,-1,-1,-1
110,1764,318.83,23.56,229.63,461.36,1,-1,-1,-1
111,1753,159.22,7.18,135.76,425.95,1,-1,-1,-1
111,1764,334.19,16.86,237.35,475.72,1,-1,-1,-1
111,1769,6.00,4.00,222.00,502.00,1,-1,-1,-1
112,1753,160.21,6.19,133.45,428.39,1,-1,-1,-1
112,1764,339.76,14.39,240.53,481.04,1,-1,-1,-1
112,1769,6.00,4.00,222.00,502.00,1,-1,-1,-1
113,1753,164.09,17.57,122.72,396.74,1,-1,-1,-1
113,1764,344.77,12.19,238.54,473.97,1,-1,-1,-1
114,1753,165.60,22.04,118.16,384.45,1,-1,-1,-1
114,1764,346.27,11.41,238.47,471.08,1,-1,-1,-1
115,1753,167.48,8.91,123.09,405.55,1,-1,-1,-1
115,1764,348.00,9.63,239.68,473.46,1,-1,-1,-1
116,1753,168.59,4.22,123.94,413.11,1,-1,-1,-1
117,1753,169.54,12.83,121.73,408.29,1,-1,-1,-1
117,1770,32.00,14.00,186.00,450.00,1,-1,-1,-1
118,1753,170.00,16.18,120.50,406.45,1,-1,-1,-1
118,1770,32.00,14.00,186.00,450.00,1,-1,-1,-1
119,1753,172.42,9.58,119.34,409.73,1,-1,-1,-1
119,1764,319.80,72.11,195.88,376.12,1,-1,-1,-1
119,1770,27.44,9.50,187.62,454.50,1,-1,-1,-1
120,1753,173.83,7.10,117.78,410.99,1,-1,-1,-1
120,1764,314.76,78.86,194.85,365.67,1,-1,-1,-1
120,1770,26.03,8.00,187.93,456.00,1,-1,-1,-1
121,1753,175.91,2.25,119.20,420.62,1,-1,-1,-1
121,1764,315.51,50.72,216.20,410.50,1,-1,-1,-1
121,1770,24.46,6.49,188.55,457.51,1,-1,-1,-1
122,1753,177.01,0.44,119.01,424.26,1,-1,-1,-1
122,1764,316.48,41.27,221.88,425.55,1,-1,-1,-1
123,1753,164.41,4.97,118.89,421.75,1,-1,-1,-1
123,1764,328.45,24.55,238.58,462.62,1,-1,-1,-1
124,1753,159.37,6.75,119.14,420.76,1,-1,-1,-1
124,1764,333.75,18.18,243.51,476.76,1,-1,-1,-1
125,1753,159.45,6.37,119.22,421.08,1,-1,-1,-1
125,1764,337.39,16.99,243.62,478.42,1,-1,-1,-1
126,1764,338.98,16.64,243.18,478.85,1,-1,-1,-1
127,1764,324.71,29.50,231.30,454.31,1,-1,-1,-1
128,1764,318.97,34.64,226.81,444.49,1,-1,-1,-1
129,1764,316.81,37.89,225.21,439.48,1,-1,-1,-1
130,1764,315.78,39.13,225.07,437.56,1,-1,-1,-1
131,1764,314.36,36.98,225.82,438.12,1,-1,-1,-1
132,1764,313.72,36.18,226.33,438.30,1,-1,-1,-1
133,1764,311.40,43.74,220.25,422.66,1,-1,-1,-1
134,1764,310.06,46.66,218.89,416.64,1,-1,-1,-1
135,1753,69.25,15.56,139.03,447.22,1,-1,-1,-1
135,1764,308.06,45.08,220.15,418.41,1,-1,-1,-1
135,1770,127.86,23.67,160.47,408.60,1,-1,-1,-1
136,1753,61.01,15.99,148.68,448.30,1,-1,-1,-1
136,1764,307.25,44.48,220.80,419.10,1,-1,-1,-1
136,1770,133.15,24.12,153.96,407.45,1,-1,-1,-1
137,1753,54.36,16.14,155.66,446.08,1,-1,-1,-1
137,1764,308.57,58.67,208.70,394.48,1,-1,-1,-1
137,1770,141.65,25.62,148.00,402.96,1,-1,-1,-1
138,1753,50.37,16.18,161.52,445.19,1,-1,-1,-1
138,1764,308.92,64.11,204.49,385.07,1,-1,-1,-1
138,1770,145.53,26.15,143.97,401.41,1,-1,-1,-1
139,1753,44.25,13.58,166.72,450.03,1,-1,-1,-1
139,1764,308.29,66.02,203.23,381.76,1,-1,-1,-1
139,1770,151.47,24.98,141.10,406.25,1,-1,-1,-1
140,1753,41.25,12.59,170.27,451.82,1,-1,-1,-1
140,1764,307.94,66.67,203.09,380.67,1,-1,-1,-1
140,1770,154.64,24.53,137.83,408.13,1,-1,-1,-1
141,1753,39.20,16.11,169.83,445.97,1,-1,-1,-1
141,1764,325.01,43.01,230.93,435.98,1,-1,-1,-1
141,1770,160.20,23.02,134.14,407.58,1,-1,-1,-1
142,1753,38.15,17.45,170.46,443.67,1,-1,-1,-1
142,1764,331.65,34.56,239.84,455.75,1,-1,-1,-1
142,1770,162.99,22.43,131.04,407.42,1,-1,-1,-1
143,1753,35.58,15.33,172.66,449.31,1,-1,-1,-1
143,1764,322.01,42.56,231.24,439.63,1,-1,-1,-1
143,1770,168.22,22.20,127.82,406.09,1,-1,-1,-1
144,1753,34.70,14.53,173.50,451.42,1,-1,-1,-1
144,1764,318.05,45.86,227.59,432.90,1,-1,-1,-1
144,1770,170.75,22.11,125.21,405.63,1,-1,-1,-1
145,1753,34.17,10.31,175.73,458.70,1,-1,-1,-1
145,1764,313.27,31.45,231.44,443.37,1,-1,-1,-1
145,1770,172.02,20.76,123.35,406.81,1,-1,-1,-1
146,1753,34.20,8.71,176.27,461.42,1,-1,-1,-1
146,1764,311.93,26.09,231.95,447.24,1,-1,-1,-1
146,1770,172.96,20.25,121.51,407.28,1,-1,-1,-1
147,1753,35.61,10.70,175.15,459.82,1,-1,-1,-1
147,1764,328.16,8.55,255.49,491.31,1,-1,-1,-1
147,1770,171.45,22.68,119.08,406.18,1,-1,-1,-1
148,1753,36.37,11.48,174.45,459.15,1,-1,-1,-1
148,1764,334.03,2.00,264.69,507.79,1,-1,-1,-1
148,1770,171.32,23.60,117.09,405.79,1,-1,-1,-1
149,1753,37.38,15.69,171.59,448.43,1,-1,-1,-1
149,1764,339.99,8.33,259.80,499.04,1,-1,-1,-1
149,1770,173.32,22.63,114.72,403.05,1,-1,-1,-1
150,1753,37.55,17.30,171.07,444.28,1,-1,-1,-1
150,1764,342.38,11.02,257.53,495.24,1,-1,-1,-1
150,1770,174.40,22.26,113.03,402.04,1,-1,-1,-1
151,1753,41.63,16.58,169.52,437.48,1,-1,-1,-1
151,1764,338.91,3.07,266.52,506.55,1,-1,-1,-1
151,1770,172.06,14.24,113.83,408.24,1,-1,-1,-1
152,1753,42.95,16.29,169.49,434.93,1,-1,-1,-1
152,1764,336.72,0.10,271.56,510.74,1,-1,-1,-1
152,1770,171.39,11.24,113.62,410.59,1,-1,-1,-1
153,1753,40.06,9.61,176.31,448.45,1,-1,-1,-1
153,1764,337.64,0.33,271.08,513.48,1,-1,-1,-1
153,1770,172.65,10.35,113.61,410.56,1,-1,-1,-1
154,1753,38.57,7.12,179.71,453.49,1,-1,-1,-1
154,1764,338.45,0.50,269.81,514.37,1,-1,-1,-1
155,1753,38.79,4.88,180.79,455.42,1,-1,-1,-1
155,1764,337.94,5.81,261.77,500.35,1,-1,-1,-1
155,1770,168.56,16.43,113.52,403.41,1,-1,-1,-1
156,1753,38.82,4.04,181.36,456.13,1,-1,-1,-1
156,1764,337.86,7.95,258.22,494.73,1,-1,-1,-1
156,1770,167.24,17.42,114.82,402.25,1,-1,-1,-1
157,1753,36.97,1.14,184.05,461.58,1,-1,-1,-1
157,1764,334.49,7.50,256.94,496.45,1,-1,-1,-1
157,1770,167.91,17.29,114.63,401.58,1,-1,-1,-1
158,1753,36.14,0.07,185.34,463.61,1,-1,-1,-1
158,1764,333.77,7.37,255.26,497.03,1,-1,-1,-1
159,1753,40.37,6.18,180.69,451.36,1,-1,-1,-1
159,1764,308.75,2.15,245.50,485.45,1,-1,-1,-1
159,1770,161.93,7.79,119.90,423.49,1,-1,-1,-1
160,1753,41.96,8.57,178.99,446.59,1,-1,-1,-1
160,1764,300.11,0.20,239.79,480.92,1,-1,-1,-1
160,1770,161.35,6.29,120.03,426.92,1,-1,-1,-1
161,1753,34.25,6.85,181.86,451.37,1,-1,-1,-1
161,1764,296.91,-0.48,235.08,479.20,1,-1,-1,-1
161,1770,161.28,5.33,120.45,428.40,1,-1,-1,-1
162,1753,31.12,6.21,183.45,453.16,1,-1,-1,-1
162,1764,296.82,-0.69,231.27,478.54,1,-1,-1,-1
163,1753,28.08,4.67,186.50,459.05,1,-1,-1,-1
163,1764,297.26,-0.72,230.37,483.51,1,-1,-1,-1
163,1770,165.63,0.58,119.31,430.23,1,-1,-1,-1
164,1753,26.78,4.09,188.00,461.27,1,-1,-1,-1
164,1764,298.40,-0.69,228.26,485.38,1,-1,-1,-1
164,1770,166.89,-0.20,118.03,430.53,1,-1,-1,-1
165,1753,25.66,3.68,188.40,462.25,1,-1,-1,-1
165,1764,295.95,-0.64,225.57,483.46,1,-1,-1,-1
165,1770,168.40,3.45,115.43,424.11,1,-1,-1,-1
166,1764,295.57,-0.58,223.60,482.70,1,-1,-1,-1
166,1770,169.16,4.86,114.05,421.64,1,-1,-1,-1
167,1764,297.70,2.09,221.10,481.09,1,-1,-1,-1
167,1770,170.24,2.80,114.53,428.54,1,-1,-1,-1
168,1764,299.04,3.13,219.23,480.46,1,-1,-1,-1
168,1770,170.99,2.04,114.00,431.12,1,-1,-1,-1
169,1764,298.02,0.93,219.09,482.83,1,-1,-1,-1
169,1770,169.85,0.47,114.02,432.08,1,-1,-1,-1
170,1764,298.02,0.11,218.39,483.72,1,-1,-1,-1
170,1770,169.46,-0.11,113.90,432.41,1,-1,-1,-1
171,1764,297.89,-0.18,215.90,478.83,1,-1,-1,-1
171,1770,167.97,-0.30,113.92,435.10,1,-1,-1,-1
172,1764,297.97,-0.27,214.80,476.96,1,-1,-1,-1
172,1770,167.58,-0.35,113.57,436.09,1,-1,-1,-1
173,1764,301.43,-0.29,212.86,473.63,1,-1,-1,-1
173,1770,166.32,3.55,111.75,431.23,1,-1,-1,-1
174,1764,302.90,-0.27,211.91,472.39,1,-1,-1,-1
174,1770,165.97,5.07,110.78,429.33,1,-1,-1,-1
175,1764,309.20,-0.25,213.23,475.86,1,-1,-1,-1
175,1770,170.33,9.57,109.29,424.68,1,-1,-1,-1
176,1764,311.65,-0.23,213.62,477.19,1,-1,-1,-1
176,1770,172.06,11.27,108.58,422.90,1,-1,-1,-1
177,1764,314.70,-0.21,213.46,477.70,1,-1,-1,-1
177,1770,175.03,7.97,110.21,423.55,1,-1,-1,-1
178,1764,315.95,-0.19,213.20,477.89,1,-1,-1,-1
178,1770,175.76,6.72,111.59,423.80,1,-1,-1,-1
179,1764,308.79,-0.17,213.99,479.27,1,-1,-1,-1
179,1770,175.28,8.86,113.58,423.90,1,-1,-1,-1
180,1764,306.03,-0.16,214.38,479.79,1,-1,-1,-1
180,1770,174.57,9.66,115.36,423.94,1,-1,-1,-1
181,1764,303.83,-0.14,215.54,483.90,1,-1,-1,-1
181,1770,174.97,9.96,117.26,425.26,1,-1,-1,-1
182,1764,303.20,-0.13,215.61,485.45,1,-1,-1,-1
182,1770,174.70,10.07,118.79,425.76,1,-1,-1,-1
183,1764,306.66,11.60,209.58,470.39,1,-1,-1,-1
183,1770,168.95,3.58,118.86,431.17,1,-1,-1,-1
184,1764,307.85,16.11,207.58,464.59,1,-1,-1,-1
184,1770,167.15,1.12,118.12,433.21,1,-1,-1,-1
185,1764,311.34,13.81,208.67,466.41,1,-1,-1,-1
185,1770,168.30,0.19,116.77,433.97,1,-1,-1,-1
186,1764,312.58,12.92,209.23,467.12,1,-1,-1,-1
186,1770,169.15,-0.14,115.43,434.24,1,-1,-1,-1
187,1764,326.02,4.71,221.45,494.90,1,-1,-1,-1
187,1770,169.85,2.36,114.17,434.32,1,-1,-1,-1
188,1764,331.07,1.65,225.86,505.23,1,-1,-1,-1
188,1770,170.45,3.32,113.02,434.33,1,-1,-1,-1
189,1764,321.87,10.75,213.78,478.33,1,-1,-1,-1
189,1770,169.54,3.70,112.26,435.62,1,-1,-1,-1
190,1764,318.15,14.36,208.92,467.57,1,-1,-1,-1
190,1770,169.49,3.85,111.39,436.09,1,-1,-1,-1
191,1764,315.71,13.04,207.93,466.25,1,-1,-1,-1
191,1770,168.99,3.91,110.73,436.24,1,-1,-1,-1
192,1764,314.90,12.53,207.35,465.79,1,-1,-1,-1
192,1770,168.99,3.93,110.10,436.29,1,-1,-1,-1
193,1764,315.80,14.94,206.03,461.71,1,-1,-1,-1
193,1770,170.61,3.95,109.25,434.98,1,-1,-1,-1
194,1764,316.01,15.84,205.81,460.20,1,-1,-1,-1
194,1770,171.38,3.95,108.64,434.47,1,-1,-1,-1
195,1764,314.96,8.29,209.30,468.85,1,-1,-1,-1
195,1770,170.25,6.57,108.64,432.96,1,-1,-1,-1
196,1764,314.66,5.45,210.41,472.11,1,-1,-1,-1
196,1770,169.72,7.56,108.84,432.37,1,-1,-1,-1
197,1764,314.69,8.27,209.25,468.16,1,-1,-1,-1
197,1770,169.77,6.63,108.43,430.84,1,-1,-1,-1
198,1764,314.54,9.37,209.12,466.65,1,-1,-1,-1
198,1770,169.80,6.26,108.26,430.26,1,-1,-1,-1
199,1764,311.98,9.78,210.17,468.70,1,-1,-1,-1
199,1770,167.91,2.20,109.41,433.97,1,-1,-1,-1
200,1764,310.98,9.94,210.64,469.49,1,-1,-1,-1
200,1770,167.14,0.67,109.96,435.37,1,-1,-1,-1
201,1764,310.69,12.61,210.64,467.18,1,-1,-1,-1
201,1770,162.99,5.31,108.78,428.07,1,-1,-1,-1
202,1764,310.32,13.62,211.19,466.31,1,-1,-1,-1
202,1770,161.25,7.09,108.66,425.28,1,-1,-1,-1
203,1764,305.79,4.84,216.26,477.76,1,-1,-1,-1
203,1770,163.88,5.14,108.65,425.55,1,-1,-1,-1
203,1771,46.00,0.00,168.00,460.00,1,-1,-1,-1
204,1764,304.13,1.54,218.10,482.06,1,-1,-1,-1
204,1770,164.91,4.40,108.61,425.67,1,-1,-1,-1
204,1771,46.00,0.00,168.00,460.00,1,-1,-1,-1
205,1764,301.80,0.28,218.31,481.09,1,-1,-1,-1
205,1770,163.45,9.35,104.47,408.73,1,-1,-1,-1
205,1771,51.37,3.00,163.26,446.49,1,-1,-1,-1
206,1764,300.77,-0.17,218.72,480.68,1,-1,-1,-1
206,1770,162.86,11.25,102.99,402.27,1,-1,-1,-1
206,1771,53.08,4.00,161.85,441.99,1,-1,-1,-1
207,1764,300.41,11.41,214.94,470.08,1,-1,-1,-1
207,1770,167.25,15.90,101.20,392.02,1,-1,-1,-1
207,1771,49.39,1.34,162.42,443.72,1,-1,-1,-1
208,1764,300.03,15.86,214.02,466.00,1,-1,-1,-1
208,1770,168.69,17.61,100.98,388.29,1,-1,-1,-1
208,1771,48.10,0.40,162.64,444.50,1,-1,-1,-1
209,1764,299.40,16.57,213.75,465.42,1,-1,-1,-1
209,1770,168.99,18.64,100.14,385.07,1,-1,-1,-1
209,1771,49.29,4.25,159.46,435.16,1,-1,-1,-1
210,1771,49.64,5.64,158.51,431.91,1,-1,-1,-1
211,1771,49.93,6.35,157.26,428.51,1,-1,-1,-1
213,1764,298.01,25.37,208.22,449.43,1,-1,-1,-1
213,1770,172.09,40.33,97.40,362.88,1,-1,-1,-1
214,1764,297.26,26.17,209.02,447.93,1,-1,-1,-1
214,1770,171.25,42.25,99.41,361.06,1,-1,-1,-1
215,1764,295.56,19.84,212.18,455.35,1,-1,-1,-1
215,1770,168.61,45.56,102.13,357.76,1,-1,-1,-1
216,1764,295.02,17.49,213.20,458.11,1,-1,-1,-1
216,1770,166.76,46.70,104.90,356.66,1,-1,-1,-1
217,1764,291.44,6.14,215.16,465.71,1,-1,-1,-1
217,1770,175.48,41.76,106.94,360.33,1,-1,-1,-1
218,1764,290.51,1.84,215.10,468.60,1,-1,-1,-1
218,1770,178.46,39.86,108.21,361.80,1,-1,-1,-1
219,1764,286.53,0.23,214.56,472.29,1,-1,-1,-1
219,1770,183.75,57.46,104.25,345.37,1,-1,-1,-1
220,1764,285.62,-0.35,213.21,473.68,1,-1,-1,-1
220,1770,185.47,64.12,103.21,339.22,1,-1,-1,-1
221,1764,293.44,4.67,206.85,468.98,1,-1,-1,-1
221,1770,188.50,77.10,97.96,321.12,1,-1,-1,-1
222,1764,297.53,6.63,202.28,467.16,1,-1,-1,-1
222,1770,189.47,81.78,96.18,314.57,1,-1,-1,-1
223,1764,305.78,20.46,192.42,450.78,1,-1,-1,-1
223,1770,191.44,86.06,94.50,309.07,1,-1,-1,-1
224,1764,309.63,25.75,187.30,444.52,1,-1,-1,-1
225,1764,311.14,39.55,181.27,430.38,1,-1,-1,-1
226,1764,311.71,44.67,179.01,425.15,1,-1,-1,-1
227,1764,312.75,54.43,171.22,406.09,1,-1,-1,-1
227,1771,29.57,27.92,167.03,435.50,1,-1,-1,-1
228,1764,313.06,57.96,168.48,399.09,1,-1,-1,-1
228,1771,26.61,28.40,172.25,435.76,1,-1,-1,-1
229,1764,317.60,80.50,157.32,374.00,1,-1,-1,-1
229,1771,29.27,28.56,177.10,441.06,1,-1,-1,-1
230,1764,319.40,88.72,153.00,364.91,1,-1,-1,-1
230,1771,29.72,28.58,180.07,443.07,1,-1,-1,-1
231,1764,322.82,103.61,144.60,347.06,1,-1,-1,-1
231,1770,253.05,135.53,65.56,196.11,1,-1,-1,-1
231,1771,28.46,18.17,181.52,445.12,1,-1,-1,-1
232,1764,324.25,108.78,141.21,340.89,1,-1,-1,-1
232,1770,253.36,137.05,68.45,192.21,1,-1,-1,-1
232,1771,27.84,14.17,182.33,445.89,1,-1,-1,-1
233,1764,329.78,107.70,140.82,338.96,1,-1,-1,-1
233,1770,258.72,141.97,64.99,182.50,1,-1,-1,-1
233,1771,30.40,20.46,178.38,430.56,1,-1,-1,-1
234,1764,331.62,107.10,141.00,338.52,1,-1,-1,-1
234,1771,30.89,22.88,177.87,424.64,1,-1,-1,-1
235,1764,344.59,109.36,140.52,337.28,1,-1,-1,-1
235,1771,29.25,26.41,181.32,427.74,1,-1,-1,-1
236,1764,349.30,110.02,140.45,337.05,1,-1,-1,-1
236,1771,28.09,27.70,183.70,428.93,1,-1,-1,-1
237,1764,362.35,111.44,141.58,341.15,1,-1,-1,-1
237,1771,34.27,29.48,185.76,429.40,1,-1,-1,-1
238,1764,367.25,111.84,141.74,342.82,1,-1,-1,-1
238,1771,36.13,30.12,187.49,429.60,1,-1,-1,-1
239,1764,371.47,115.45,140.14,338.97,1,-1,-1,-1
239,1770,296.28,138.69,68.70,182.77,1,-1,-1,-1
239,1771,38.09,36.88,188.21,423.16,1,-1,-1,-1
240,1770,297.29,138.86,71.09,182.13,1,-1,-1,-1
240,1771,37.92,39.41,190.26,420.73,1,-1,-1,-1
241,1764,419.67,115.34,134.51,328.50,1,-1,-1,-1
241,1770,304.13,138.81,70.32,179.51,1,-1,-1,-1
241,1771,43.11,28.50,196.21,434.29,1,-1,-1,-1
242,1764,427.57,115.35,132.72,326.87,1,-1,-1,-1
242,1770,306.42,138.73,70.18,178.66,1,-1,-1,-1
242,1771,45.06,24.42,198.33,439.36,1,-1,-1,-1
243,1764,431.38,115.35,132.47,330.30,1,-1,-1,-1
243,1770,311.99,139.96,68.92,175.43,1,-1,-1,-1
243,1771,46.65,24.36,198.63,440.01,1,-1,-1,-1
244,1764,433.03,115.29,131.57,331.65,1,-1,-1,-1
245,1764,433.37,115.19,131.34,332.26,1,-1,-1,-1
245,1770,311.45,135.28,70.52,176.63,1,-1,-1,-1
246,1764,433.41,115.08,131.06,332.57,1,-1,-1,-1
246,1770,311.15,134.61,71.46,176.73,1,-1,-1,-1
247,1764,430.59,70.39,146.77,373.42,1,-1,-1,-1
247,1770,315.34,135.09,70.53,174.42,1,-1,-1,-1
247,1771,90.38,25.82,193.65,436.66,1,-1,-1,-1
248,1764,429.73,54.15,152.24,388.27,1,-1,-1,-1
248,1771,95.85,25.96,190.62,436.27,1,-1,-1,-1
249,1764,430.49,31.13,156.90,405.67,1,-1,-1,-1
249,1771,105.78,26.01,187.92,430.90,1,-1,-1,-1
250,1764,431.26,22.20,157.54,412.41,1,-1,-1,-1
250,1771,109.45,26.03,186.74,428.88,1,-1,-1,-1
251,1764,441.44,30.33,153.05,407.28,1,-1,-1,-1
251,1771,111.23,15.55,193.07,451.73,1,-1,-1,-1
252,1764,445.92,33.71,149.98,405.12,1,-1,-1,-1
252,1771,112.80,11.67,193.49,460.20,1,-1,-1,-1
253,1764,449.84,29.87,151.12,408.22,1,-1,-1,-1
253,1771,129.38,56.59,178.15,422.20,1,-1,-1,-1
254,1771,135.58,74.53,172.26,406.94,1,-1,-1,-1
255,1771,152.59,78.22,169.69,394.83,1,-1,-1,-1
256,1771,158.00,79.43,170.06,390.48,1,-1,-1,-1
257,1771,165.38,70.46,173.67,400.94,1,-1,-1,-1
257,1772,40.00,154.00,60.00,140.00,1,-1,-1,-1
258,1771,168.21,67.09,174.51,404.85,1,-1,-1,-1
258,1772,40.00,154.00,60.00,140.00,1,-1,-1,-1
259,1770,357.38,143.95,67.40,167.63,1,-1,-1,-1
259,1771,166.79,64.41,170.25,399.87,1,-1,-1,-1
259,1772,34.13,141.99,70.23,162.52,1,-1,-1,-1
259,1773,396.00,140.00,66.00,200.00,1,-1,-1,-1
260,1770,358.66,144.20,67.08,167.51,1,-1,-1,-1
260,1771,166.55,63.32,167.57,398.03,1,-1,-1,-1
260,1772,31.88,137.99,74.24,170.02,1,-1,-1,-1
260,1773,396.00,140.00,66.00,200.00,1,-1,-1,-1
261,1764,446.44,32.19,147.61,416.88,1,-1,-1,-1
261,1770,356.38,137.75,77.58,196.25,1,-1,-1,-1
261,1771,156.82,61.55,172.38,406.60,1,-1,-1,-1
261,1772,29.98,133.96,77.53,177.57,1,-1,-1,-1
262,1764,448.05,32.87,142.53,416.93,1,-1,-1,-1
262,1770,355.90,135.45,80.83,206.54,1,-1,-1,-1
262,1771,152.77,60.86,174.84,409.84,1,-1,-1,-1
263,1764,438.16,17.33,148.71,440.57,1,-1,-1,-1
263,1770,346.10,131.97,82.24,209.53,1,-1,-1,-1
263,1771,136.25,72.30,165.12,383.73,1,-1,-1,-1
264,1764,434.98,11.63,150.06,449.24,1,-1,-1,-1
264,1770,342.01,130.58,82.88,210.64,1,-1,-1,-1
264,1771,129.35,76.69,162.01,373.62,1,-1,-1,-1
265,1764,430.19,3.06,157.58,475.64,1,-1,-1,-1
265,1770,343.45,130.13,83.73,212.80,1,-1,-1,-1
265,1771,129.65,78.68,160.51,370.15,1,-1,-1,-1
265,1774,296.00,108.00,74.00,242.00,1,-1,-1,-1
266,1764,428.68,-0.17,159.79,485.68,1,-1,-1,-1
266,1774,296.00,108.00,74.00,242.00,1,-1,-1,-1
267,1764,421.31,-1.33,158.86,476.71,1,-1,-1,-1
268,1764,417.96,-1.64,159.33,472.90,1,-1,-1,-1
269,1764,418.98,-1.66,160.12,475.19,1,-1,-1,-1
269,1775,308.00,136.00,68.00,158.00,1,-1,-1,-1
270,1764,419.39,-1.59,160.39,475.95,1,-1,-1,-1
270,1770,314.12,135.25,65.52,164.08,1,-1,-1,-1
271,1764,417.28,-1.48,158.56,465.75,1,-1,-1,-1
271,1770,313.29,135.27,64.88,162.48,1,-1,-1,-1
272,1764,416.11,-1.33,158.59,461.66,1,-1,-1,-1
273,1764,408.39,-1.21,160.12,458.74,1,-1,-1,-1
273,1771,70.17,3.37,184.88,438.46,1,-1,-1,-1
274,1764,404.86,-1.09,161.96,457.56,1,-1,-1,-1
274,1771,69.18,-0.36,182.27,441.88,1,-1,-1,-1
275,1764,398.66,-0.99,164.60,455.76,1,-1,-1,-1
275,1771,62.81,2.15,181.92,449.51,1,-1,-1,-1
276,1764,395.52,-0.90,167.27,455.02,1,-1,-1,-1
276,1771,61.22,3.23,180.21,452.38,1,-1,-1,-1
277,1764,401.10,-0.81,169.22,456.02,1,-1,-1,-1
277,1771,58.13,11.45,179.59,454.67,1,-1,-1,-1
277,1776,264.00,120.00,72.00,164.00,1,-1,-1,-1
278,1764,402.84,-0.73,170.77,456.36,1,-1,-1,-1
278,1771,57.41,14.72,178.60,455.45,1,-1,-1,-1
278,1776,264.00,120.00,72.00,164.00,1,-1,-1,-1
279,1764,392.37,4.56,172.79,452.54,1,-1,-1,-1
279,1770,253.87,135.98,78.82,204.38,1,-1,-1,-1
279,1771,53.42,12.52,179.86,458.65,1,-1,-1,-1
279,1777,220.00,136.00,62.00,192.00,1,-1,-1,-1
280,1764,387.53,6.61,175.33,451.06,1,-1,-1,-1
280,1770,252.08,136.02,77.58,206.28,1,-1,-1,-1
280,1777,220.00,136.00,62.00,192.00,1,-1,-1,-1
281,1764,371.30,2.17,194.71,492.36,1,-1,-1,-1
281,1770,247.49,136.07,78.45,208.60,1,-1,-1,-1
281,1778,168.00,106.00,80.00,218.00,1,-1,-1,-1
282,1764,364.34,0.53,203.82,507.55,1,-1,-1,-1
282,1778,168.00,106.00,80.00,218.00,1,-1,-1,-1
283,1764,360.17,-0.10,214.20,523.70,1,-1,-1,-1
284,1764,357.59,-0.32,220.28,529.86,1,-1,-1,-1
285,1764,378.26,-0.38,202.47,488.51,1,-1,-1,-1
286,1764,386.81,-0.36,194.96,471.68,1,-1,-1,-1
287,1764,396.96,-0.33,188.72,474.78,1,-1,-1,-1
287,1770,170.99,115.78,104.67,277.28,1,-1,-1,-1
287,1779,376.00,62.00,100.00,380.00,1,-1,-1,-1
288,1764,402.73,-0.31,182.36,475.91,1,-1,-1,-1
288,1770,165.40,114.22,106.84,282.33,1,-1,-1,-1
288,1779,376.00,62.00,100.00,380.00,1,-1,-1,-1
289,1764,414.97,29.75,161.09,435.82,1,-1,-1,-1
289,1770,186.99,160.15,90.60,249.00,1,-1,-1,-1
289,1771,-6.26,32.31,163.30,424.67,1,-1,-1,-1
290,1764,421.03,41.49,150.15,420.14,1,-1,-1,-1
290,1770,196.89,179.12,82.81,234.88,1,-1,-1,-1
290,1771,-7.19,33.58,160.18,422.59,1,-1,-1,-1
291,1764,428.44,33.51,146.45,421.37,1,-1,-1,-1
291,1770,192.04,181.77,83.58,237.07,1,-1,-1,-1
291,1771,-12.15,33.86,159.92,421.89,1,-1,-1,-1
292,1764,432.20,30.56,142.88,421.91,1,-1,-1,-1
293,1764,435.53,25.43,136.30,407.69,1,-1,-1,-1
293,1771,27.60,29.00,158.59,421.76,1,-1,-1,-1
294,1764,437.14,23.41,132.97,402.46,1,-1,-1,-1
294,1771,34.14,28.25,157.60,421.74,1,-1,-1,-1
295,1764,441.70,27.98,130.40,398.02,1,-1,-1,-1
295,1771,43.01,54.38,150.60,394.02,1,-1,-1,-1
295,1780,238.00,80.00,126.00,342.00,1,-1,-1,-1
296,1764,443.62,29.65,128.91,396.53,1,-1,-1,-1
296,1771,45.72,64.33,149.24,383.52,1,-1,-1,-1
296,1780,238.00,80.00,126.00,342.00,1,-1,-1,-1
297,1764,450.63,13.01,134.21,422.62,1,-1,-1,-1
297,1771,55.27,79.88,146.30,370.47,1,-1,-1,-1
297,1780,230.62,61.99,142.26,387.04,1,-1,-1,-1
298,1764,454.10,6.93,134.31,432.18,1,-1,-1,-1
298,1771,58.22,85.46,146.26,365.84,1,-1,-1,-1
298,1780,228.33,55.98,147.34,402.05,1,-1,-1,-1
299,1764,458.09,12.35,130.21,425.60,1,-1,-1,-1
299,1771,60.95,90.05,144.29,360.93,1,-1,-1,-1
299,1780,229.97,34.76,155.29,423.27,1,-1,-1,-1
300,1764,460.05,14.50,127.59,423.05,1,-1,-1,-1
300,1780,230.62,27.14,158.13,430.50,1,-1,-1,-1
301,1764,462.29,14.07,127.35,422.30,1,-1,-1,-1
301,1780,167.11,10.02,181.17,484.47,1,-1,-1,-1
301,1781,450.00,178.00,54.00,150.00,1,-1,-1,-1
302,1780,142.39,3.71,192.07,504.42,1,-1,-1,-1
302,1781,450.00,178.00,54.00,150.00,1,-1,-1,-1
303,1780,138.62,20.76,176.67,458.03,1,-1,-1,-1
303,1781,454.50,168.99,55.50,154.50,1,-1,-1,-1
304,1780,137.53,28.66,170.71,437.04,1,-1,-1,-1
304,1781,456.06,165.99,55.89,156.00,1,-1,-1,-1
305,1780,90.29,101.17,145.29,348.88,1,-1,-1,-1
305,1781,457.55,162.98,56.43,157.51,1,-1,-1,-1
306,1780,71.27,130.08,138.27,313.36,1,-1,-1,-1
307,1780,57.61,136.86,135.75,307.64,1,-1,-1,-1
309,1771,123.85,96.86,144.28,351.13,1,-1,-1,-1
310,1771,124.73,96.96,147.01,350.94,1,-1,-1,-1
311,1771,129.71,98.83,146.11,348.78,1,-1,-1,-1
313,1770,-7.34,50.17,126.50,384.86,1,-1,-1,-1
313,1771,127.07,97.06,148.00,350.78,1,-1,-1,-1
314,1770,-8.67,46.81,122.04,388.00,1,-1,-1,-1
314,1771,126.39,96.80,148.93,351.07,1,-1,-1,-1
315,1764,476.81,100.32,105.33,349.14,1,-1,-1,-1
315,1770,-17.20,41.66,123.99,394.17,1,-1,-1,-1
315,1771,130.00,98.07,148.31,349.61,1,-1,-1,-1
316,1764,476.87,102.74,104.91,347.22,1,-1,-1,-1
317,1764,472.96,68.62,111.37,368.03,1,-1,-1,-1
318,1764,471.53,56.47,113.74,375.45,1,-1,-1,-1
319,1764,472.29,26.90,121.14,409.77,1,-1,-1,-1
319,1771,152.61,93.05,154.22,360.28,1,-1,-1,-1
319,1782,344.00,168.00,72.00,172.00,1,-1,-1,-1
319,1783,410.00,174.00,52.00,160.00,1,-1,-1,-1
320,1764,473.32,15.85,122.41,422.61,1,-1,-1,-1
320,1771,154.10,92.50,155.73,361.38,1,-1,-1,-1
320,1782,344.00,168.00,72.00,172.00,1,-1,-1,-1
320,1783,410.00,174.00,52.00,160.00,1,-1,-1,-1
321,1764,473.62,10.89,123.65,426.93,1,-1,-1,-1
321,1771,165.26,87.09,162.42,376.12,1,-1,-1,-1
321,1782,350.73,165.00,72.06,172.00,1,-1,-1,-1
321,1784,456.00,160.00,50.00,172.00,1,-1,-1,-1
321,1785,48.00,142.00,58.00,170.00,1,-1,-1,-1
322,1771,169.27,85.07,165.06,381.60,1,-1,-1,-1
322,1782,352.94,164.00,72.13,172.00,1,-1,-1,-1
322,1784,456.00,160.00,50.00,172.00,1,-1,-1,-1
322,1785,48.00,142.00,58.00,170.00,1,-1,-1,-1
323,1771,198.34,83.00,161.00,369.51,1,-1,-1,-1
323,1782,355.20,162.99,72.13,172.00,1,-1,-1,-1
323,1786,404.00,136.00,62.00,194.00,1,-1,-1,-1
323,1787,496.00,140.00,72.00,182.00,1,-1,-1,-1
323,1788,84.00,110.00,60.00,188.00,1,-1,-1,-1
324,1771,209.21,82.21,159.89,364.73,1,-1,-1,-1
324,1786,404.00,136.00,62.00,194.00,1,-1,-1,-1
324,1787,496.00,140.00,72.00,182.00,1,-1,-1,-1
324,1788,84.00,110.00,60.00,188.00,1,-1,-1,-1
325,1771,223.74,74.06,166.96,378.65,1,-1,-1,-1
325,1789,538.00,148.00,68.00,166.00,1,-1,-1,-1
326,1771,228.78,71.05,170.08,383.81,1,-1,-1,-1
326,1789,538.00,148.00,68.00,166.00,1,-1,-1,-1
327,1771,231.43,72.51,170.62,385.77,1,-1,-1,-1
327,1789,541.10,140.49,73.81,181.01,1,-1,-1,-1
327,1790,80.00,122.00,80.00,194.00,1,-1,-1,-1
327,1791,444.00,118.00,66.00,214.00,1,-1,-1,-1
328,1771,232.29,73.11,170.65,386.47,1,-1,-1,-1
328,1782,430.71,119.50,86.99,212.43,1,-1,-1,-1
328,1789,542.30,137.99,75.41,186.01,1,-1,-1,-1
328,1790,80.00,122.00,80.00,194.00,1,-1,-1,-1
329,1771,234.46,62.99,174.29,395.78,1,-1,-1,-1
329,1782,437.64,117.86,86.86,215.12,1,-1,-1,-1
329,1789,539.07,131.64,77.45,191.71,1,-1,-1,-1
330,1771,235.25,59.18,175.41,399.27,1,-1,-1,-1
330,1782,440.35,117.41,86.09,216.01,1,-1,-1,-1
330,1789,537.95,129.44,77.90,193.55,1,-1,-1,-1
331,1771,246.61,62.93,181.74,409.59,1,-1,-1,-1
331,1782,440.66,118.69,87.89,222.65,1,-1,-1,-1
331,1789,536.33,124.74,84.42,212.92,1,-1,-1,-1
332,1771,250.33,64.40,185.08,413.47,1,-1,-1,-1
332,1782,440.83,119.28,88.08,225.11,1,-1,-1,-1
332,1789,536.21,123.05,85.84,219.94,1,-1,-1,-1
333,1770,-6.13,38.00,106.03,343.64,1,-1,-1,-1
333,1771,252.00,62.44,177.72,399.42,1,-1,-1,-1
333,1782,444.09,120.94,88.86,227.20,1,-1,-1,-1
333,1789,540.03,110.90,87.66,227.61,1,-1,-1,-1
334,1770,-2.96,39.30,103.95,340.57,1,-1,-1,-1
334,1771,252.64,61.73,174.29,393.81,1,-1,-1,-1
334,1782,445.14,121.70,89.09,227.89,1,-1,-1,-1
334,1789,541.91,106.25,87.55,230.37,1,-1,-1,-1
335,1770,-3.86,38.34,103.57,339.35,1,-1,-1,-1
335,1771,250.77,66.73,170.33,386.43,1,-1,-1,-1
335,1782,451.64,118.67,90.58,231.69,1,-1,-1,-1
335,1789,541.96,102.00,90.06,236.95,1,-1,-1,-1
335,1792,36.00,134.00,56.00,164.00,1,-1,-1,-1
336,1771,250.06,68.66,168.47,383.62,1,-1,-1,-1
336,1792,36.00,134.00,56.00,164.00,1,-1,-1,-1
337,1771,251.17,57.60,173.94,398.30,1,-1,-1,-1
338,1771,251.78,53.49,175.43,403.75,1,-1,-1,-1
339,1771,251.59,51.95,176.58,404.52,1,-1,-1,-1
339,1782,440.27,113.17,86.18,228.34,1,-1,-1,-1
340,1771,251.19,51.41,177.42,404.76,1,-1,-1,-1
340,1782,439.31,112.95,83.31,227.49,1,-1,-1,-1
341,1764,468.51,59.89,90.13,297.07,1,-1,-1,-1
341,1771,250.40,46.06,181.40,412.60,1,-1,-1,-1
341,1782,441.21,111.51,75.58,207.62,1,-1,-1,-1
341,1793,18.00,146.00,84.00,148.00,1,-1,-1,-1
342,1764,467.09,61.89,91.73,293.64,1,-1,-1,-1
342,1771,249.88,44.07,183.17,415.53,1,-1,-1,-1
342,1782,441.84,111.09,72.38,199.88,1,-1,-1,-1
342,1793,18.00,146.00,84.00,148.00,1,-1,-1,-1
343,1764,470.74,70.86,92.44,292.42,1,-1,-1,-1
343,1771,258.49,47.25,181.58,414.00,1,-1,-1,-1
343,1782,444.75,108.98,72.21,199.39,1,-1,-1,-1
344,1764,471.79,73.90,93.16,292.19,1,-1,-1,-1
344,1771,261.96,48.53,180.45,413.34,1,-1,-1,-1
345,1764,472.62,76.74,92.00,288.60,1,-1,-1,-1
345,1770,38.72,145.45,51.36,149.88,1,-1,-1,-1
345,1771,283.86,16.53,190.70,437.76,1,-1,-1,-1
346,1770,38.52,148.49,53.01,144.97,1,-1,-1,-1
346,1771,292.13,4.60,194.28,446.86,1,-1,-1,-1
347,1770,41.56,155.06,48.50,132.64,1,-1,-1,-1
347,1771,311.65,1.30,201.26,466.98,1,-1,-1,-1
347,1794,84.00,144.00,52.00,156.00,1,-1,-1,-1
348,1771,319.56,0.13,202.94,474.65,1,-1,-1,-1
348,1794,84.00,144.00,52.00,156.00,1,-1,-1,-1
349,1771,329.56,-1.47,203.41,480.06,1,-1,-1,-1
349,1794,84.79,145.50,51.92,154.50,1,-1,-1,-1
350,1771,333.76,-1.96,202.57,481.99,1,-1,-1,-1
350,1794,84.86,146.00,52.29,154.00,1,-1,-1,-1
351,1771,339.82,-2.03,199.34,478.72,1,-1,-1,-1
351,1794,85.19,146.50,52.12,153.50,1,-1,-1,-1
352,1771,342.44,-1.93,197.08,477.28,1,-1,-1,-1
353,1771,382.42,5.97,179.99,445.52,1,-1,-1,-1
354,1771,398.61,9.22,171.40,432.93,1,-1,-1,-1
355,1771,369.64,6.49,176.64,448.18,1,-1,-1,-1
355,1794,137.31,144.21,52.27,151.98,1,-1,-1,-1
355,1795,162.00,148.00,66.00,150.00,1,-1,-1,-1
356,1771,359.22,5.52,178.09,453.73,1,-1,-1,-1
356,1794,140.87,144.04,52.87,151.86,1,-1,-1,-1
356,1795,162.00,148.00,66.00,150.00,1,-1,-1,-1
357,1771,355.16,7.80,179.64,457.13,1,-1,-1,-1
357,1794,143.23,137.26,56.09,157.21,1,-1,-1,-1
358,1771,353.43,8.74,180.32,458.37,1,-1,-1,-1
358,1794,143.55,134.81,58.07,159.15,1,-1,-1,-1
359,1771,361.46,9.14,191.58,483.50,1,-1,-1,-1
359,1794,149.17,133.73,58.25,159.64,1,-1,-1,-1
360,1771,364.05,9.31,196.58,492.90,1,-1,-1,-1
361,1771,387.29,5.56,184.63,470.79,1,-1,-1,-1
361,1794,172.23,162.16,55.60,153.38,1,-1,-1,-1
361,1796,132.00,170.00,60.00,152.00,1,-1,-1,-1
362,1771,397.05,4.13,178.33,461.83,1,-1,-1,-1
362,1794,175.99,166.74,54.92,152.37,1,-1,-1,-1
362,1796,132.00,170.00,60.00,152.00,1,-1,-1,-1
363,1771,382.46,2.32,193.76,493.88,1,-1,-1,-1
363,1794,182.39,168.79,54.82,152.11,1,-1,-1,-1
364,1771,376.22,1.66,201.18,505.60,1,-1,-1,-1
365,1771,376.32,1.44,205.08,512.66,1,-1,-1,-1
365,1794,183.38,182.25,52.10,145.19,1,-1,-1,-1
366,1771,375.99,1.40,207.11,515.26,1,-1,-1,-1
366,1794,183.58,184.36,51.53,144.11,1,-1,-1,-1
367,1764,183.63,157.95,50.54,142.19,1,-1,-1,-1
367,1771,373.85,2.71,209.11,516.11,1,-1,-1,-1
367,1794,188.37,187.18,51.21,143.24,1,-1,-1,-1
368,1764,179.07,158.70,53.07,140.77,1,-1,-1,-1
368,1771,372.52,3.24,210.69,516.30,1,-1,-1,-1
369,1764,168.32,161.98,50.87,134.95,1,-1,-1,-1
369,1771,379.29,11.24,193.99,479.98,1,-1,-1,-1
370,1771,382.26,14.41,186.50,465.56,1,-1,-1,-1
371,1771,380.93,4.94,189.82,477.57,1,-1,-1,-1
371,1797,8.00,84.00,120.00,306.00,1,-1,-1,-1
372,1771,380.84,1.49,190.19,481.95,1,-1,-1,-1
372,1797,8.00,84.00,120.00,306.00,1,-1,-1,-1
373,1771,392.83,0.20,185.68,477.09,1,-1,-1,-1
373,1797,20.08,102.01,110.86,280.48,1,-1,-1,-1
374,1771,398.04,-0.26,182.60,475.19,1,-1,-1,-1
374,1797,23.72,108.01,108.57,271.98,1,-1,-1,-1
375,1771,407.29,-0.41,178.49,474.47,1,-1,-1,-1
375,1794,224.31,169.56,49.54,136.01,1,-1,-1,-1
375,1797,27.94,114.04,105.16,263.44,1,-1,-1,-1
376,1771,411.71,-0.43,174.93,474.19,1,-1,-1,-1
376,1794,225.35,168.49,50.11,135.73,1,-1,-1,-1
377,1771,414.64,-1.20,174.94,474.24,1,-1,-1,-1
377,1794,229.73,168.44,49.80,134.89,1,-1,-1,-1
383,1797,16.25,92.64,121.93,303.02,1,-1,-1,-1
384,1797,15.59,92.06,123.25,304.21,1,-1,-1,-1
385,1797,8.70,91.85,124.16,308.46,1,-1,-1,-1
386,1797,6.23,91.78,124.10,310.06,1,-1,-1,-1
387,1794,267.82,156.33,56.40,153.25,1,-1,-1,-1
387,1797,-2.74,80.17,129.82,328.67,1,-1,-1,-1
388,1794,269.21,155.84,56.57,154.03,1,-1,-1,-1
388,1797,-5.65,75.80,131.03,335.67,1,-1,-1,-1
389,1794,273.04,155.08,56.88,154.87,1,-1,-1,-1
389,1797,-7.22,74.29,132.31,338.96,1,-1,-1,-1
401,1794,224.56,163.46,54.86,146.56,1,-1,-1,-1
402,1794,221.82,163.90,55.36,146.12,1,-1,-1,-1
403,1794,216.38,164.03,55.38,143.33,1,-1,-1,-1
404,1794,214.22,164.08,55.77,142.30,1,-1,-1,-1
405,1794,214.28,165.41,56.97,140.61,1,-1,-1,-1
406,1794,213.98,165.90,58.20,140.00,1,-1,-1,-1
407,1794,212.78,166.22,57.94,139.38,1,-1,-1,-1
411,1794,224.07,162.49,54.94,134.26,1,-1,-1,-1
412,1794,225.49,162.12,54.08,133.82,1,-1,-1,-1
413,1794,225.69,162.00,53.76,133.02,1,-1,-1,-1
415,1794,218.50,155.21,57.08,143.72,1,-1,-1,-1
416,1794,217.74,154.17,56.91,145.33,1,-1,-1,-1
417,1794,217.16,153.43,57.08,145.74,1,-1,-1,-1
421,1798,482.00,38.00,102.00,356.00,1,-1,-1,-1
422,1798,482.00,38.00,102.00,356.00,1,-1,-1,-1
423,1798,478.81,53.01,100.87,350.00,1,-1,-1,-1
424,1798,477.48,58.01,101.03,347.99,1,-1,-1,-1
425,1798,465.91,62.28,101.63,347.45,1,-1,-1,-1
426,1798,461.74,63.48,102.45,347.37,1,-1,-1,-1
427,1798,446.54,60.90,104.14,351.59,1,-1,-1,-1
428,1798,441.11,59.83,105.06,353.14,1,-1,-1,-1
429,1798,432.19,49.86,112.98,383.43,1,-1,-1,-1
430,1798,429.39,46.23,115.10,394.39,1,-1,-1,-1
431,1798,424.23,25.27,124.55,420.63,1,-1,-1,-1
431,1799,368.00,66.00,138.00,334.00,1,-1,-1,-1
432,1798,421.82,17.27,129.25,430.56,1,-1,-1,-1
432,1799,368.00,66.00,138.00,334.00,1,-1,-1,-1
433,1798,409.15,5.18,140.77,454.75,1,-1,-1,-1
434,1798,403.10,0.57,147.71,463.94,1,-1,-1,-1
435,1798,371.59,-1.14,147.77,455.80,1,-1,-1,-1
436,1798,358.68,-1.66,149.05,452.19,1,-1,-1,-1
437,1798,350.69,-4.96,151.30,459.01,1,-1,-1,-1
439,1800,184.00,0.00,244.00,510.00,1,-1,-1,-1
440,1798,232.02,-2.04,175.27,505.82,1,-1,-1,-1
441,1798,137.87,6.37,194.70,520.77,1,-1,-1,-1
442,1798,100.18,9.40,209.20,526.18,1,-1,-1,-1
443,1798,38.77,2.95,210.97,522.91,1,-1,-1,-1
443,1801,256.00,40.00,114.00,330.00,1,-1,-1,-1
444,1798,14.78,0.48,213.02,521.33,1,-1,-1,-1
444,1801,256.00,40.00,114.00,330.00,1,-1,-1,-1
445,1798,-9.19,-1.20,216.01,528.64,1,-1,-1,-1
445,1801,253.19,49.01,109.11,316.49,1,-1,-1,-1
445,1802,470.00,74.00,116.00,308.00,1,-1,-1,-1
446,1801,252.36,52.01,107.27,311.99,1,-1,-1,-1
446,1802,470.00,74.00,116.00,308.00,1,-1,-1,-1
447,1801,249.83,60.16,106.99,310.80,1,-1,-1,-1
447,1802,464.21,81.51,115.57,306.50,1,-1,-1,-1
448,1801,248.99,62.72,107.06,310.62,1,-1,-1,-1
448,1802,462.22,84.01,115.56,306.00,1,-1,-1,-1
449,1801,242.08,77.40,105.12,305.12,1,-1,-1,-1
449,1802,462.38,84.69,114.13,302.96,1,-1,-1,-1
450,1801,239.70,82.42,104.45,303.31,1,-1,-1,-1
450,1802,462.64,84.79,113.45,301.95,1,-1,-1,-1
451,1801,242.44,68.92,108.20,316.49,1,-1,-1,-1
451,1802,463.55,83.34,113.12,300.25,1,-1,-1,-1
451,1803,0.00,42.00,144.00,420.00,1,-1,-1,-1
452,1801,243.73,63.97,109.05,321.26,1,-1,-1,-1
452,1802,463.81,82.75,113.23,299.70,1,-1,-1,-1
452,1803,0.00,42.00,144.00,420.00,1,-1,-1,-1
453,1801,245.22,59.32,108.85,324.42,1,-1,-1,-1
453,1802,466.75,83.86,114.47,303.62,1,-1,-1,-1
453,1803,3.15,34.49,146.70,427.51,1,-1,-1,-1
454,1801,246.20,57.49,108.02,325.62,1,-1,-1,-1
454,1802,467.91,84.23,114.78,305.09,1,-1,-1,-1
454,1803,4.14,31.99,147.73,430.01,1,-1,-1,-1
455,1801,251.30,63.35,106.23,323.41,1,-1,-1,-1
455,1802,465.24,81.67,114.46,304.32,1,-1,-1,-1
455,1803,17.92,35.61,145.48,422.07,1,-1,-1,-1
456,1801,253.56,65.54,104.95,322.56,1,-1,-1,-1
456,1802,464.24,80.69,114.32,304.04,1,-1,-1,-1
456,1803,22.48,37.02,144.99,419.16,1,-1,-1,-1
457,1801,263.20,78.16,104.01,318.29,1,-1,-1,-1
457,1802,468.19,85.60,113.60,303.94,1,-1,-1,-1
457,1803,23.03,37.55,150.70,429.29,1,-1,-1,-1
458,1801,266.72,82.87,103.90,316.67,1,-1,-1,-1
458,1802,469.87,87.44,112.95,303.91,1,-1,-1,-1
458,1803,22.32,37.76,154.25,432.90,1,-1,-1,-1
459,1801,270.91,100.36,103.32,310.80,1,-1,-1,-1
459,1802,467.91,92.05,112.61,302.59,1,-1,-1,-1
459,1803,40.06,32.47,156.84,430.15,1,-1,-1,-1
460,1801,272.08,106.84,103.83,308.61,1,-1,-1,-1
460,1802,467.12,93.76,112.57,302.10,1,-1,-1,-1
460,1803,45.45,30.50,159.97,429.05,1,-1,-1,-1
461,1801,278.31,84.04,106.85,318.39,1,-1,-1,-1
461,1802,467.07,95.05,112.45,301.77,1,-1,-1,-1
461,1803,53.81,24.48,163.96,429.94,1,-1,-1,-1
462,1801,280.67,75.52,107.82,322.03,1,-1,-1,-1
462,1803,55.64,22.27,167.60,430.24,1,-1,-1,-1
463,1801,281.75,70.88,111.59,331.24,1,-1,-1,-1
463,1802,464.09,97.94,111.12,298.50,1,-1,-1,-1
463,1803,57.89,18.86,173.30,434.30,1,-1,-1,-1
464,1801,281.92,69.10,113.39,334.72,1,-1,-1,-1
464,1802,463.66,98.40,110.83,297.98,1,-1,-1,-1
464,1803,57.36,17.64,177.79,435.79,1,-1,-1,-1
465,1801,278.97,69.71,114.79,339.91,1,-1,-1,-1
465,1802,458.21,101.20,112.11,300.44,1,-1,-1,-1
465,1803,55.11,15.93,184.48,446.82,1,-1,-1,-1
466,1801,277.89,69.93,115.12,341.86,1,-1,-1,-1
466,1802,456.09,102.20,112.79,301.37,1,-1,-1,-1
466,1803,53.50,15.33,188.23,450.93,1,-1,-1,-1
467,1801,273.98,63.54,116.94,352.92,1,-1,-1,-1
467,1802,457.13,93.39,112.05,303.03,1,-1,-1,-1
467,1803,49.74,7.36,190.41,452.44,1,-1,-1,-1
468,1801,272.99,61.11,116.57,357.07,1,-1,-1,-1
468,1802,457.90,90.01,111.06,303.67,1,-1,-1,-1
468,1803,47.74,4.37,192.05,452.94,1,-1,-1,-1
469,1801,261.26,48.59,117.16,359.90,1,-1,-1,-1
469,1802,457.50,88.72,108.22,298.69,1,-1,-1,-1
469,1803,40.23,9.82,196.77,464.79,1,-1,-1,-1
470,1801,256.81,43.78,117.18,360.90,1,-1,-1,-1
470,1802,457.62,88.22,106.63,296.79,1,-1,-1,-1
470,1803,37.41,11.93,198.37,469.21,1,-1,-1,-1
471,1801,258.57,35.52,120.61,374.14,1,-1,-1,-1
471,1802,454.05,84.10,109.38,306.59,1,-1,-1,-1
471,1803,39.17,10.22,195.72,459.17,1,-1,-1,-1
472,1801,259.49,32.42,121.41,379.11,1,-1,-1,-1
472,1802,452.95,82.57,109.97,310.24,1,-1,-1,-1
472,1803,39.37,9.61,195.44,455.15,1,-1,-1,-1
473,1801,258.62,30.00,120.34,379.66,1,-1,-1,-1
473,1802,458.31,74.22,109.08,314.23,1,-1,-1,-1
473,1803,58.74,47.36,178.87,414.34,1,-1,-1,-1
473,1804,146.00,60.00,134.00,388.00,1,-1,-1,-1
474,1801,258.62,29.14,119.24,379.75,1,-1,-1,-1
474,1802,460.99,71.04,107.52,315.73,1,-1,-1,-1
474,1803,65.92,62.06,172.85,398.45,1,-1,-1,-1
474,1804,146.00,60.00,134.00,388.00,1,-1,-1,-1
475,1801,259.46,22.42,123.62,400.39,1,-1,-1,-1
475,1802,454.95,65.97,108.11,322.76,1,-1,-1,-1
475,1803,113.51,40.31,174.53,411.71,1,-1,-1,-1
476,1801,260.38,19.92,124.06,408.12,1,-1,-1,-1
476,1802,453.16,64.08,107.35,325.41,1,-1,-1,-1
476,1803,131.60,32.53,172.81,416.47,1,-1,-1,-1
477,1801,263.12,15.18,123.31,412.30,1,-1,-1,-1
477,1802,461.08,69.88,104.09,323.79,1,-1,-1,-1
477,1803,140.60,32.43,172.30,415.25,1,-1,-1,-1
477,1805,346.00,50.00,108.00,356.00,1,-1,-1,-1
478,1801,264.73,13.42,121.92,413.79,1,-1,-1,-1
478,1802,464.86,72.17,101.43,323.11,1,-1,-1,-1
478,1805,346.00,50.00,108.00,356.00,1,-1,-1,-1
479,1801,270.01,19.26,117.20,400.05,1,-1,-1,-1
479,1802,463.42,74.37,100.97,325.41,1,-1,-1,-1
479,1805,347.82,54.50,107.35,353.00,1,-1,-1,-1
480,1801,272.24,21.65,114.98,394.52,1,-1,-1,-1
480,1802,463.19,75.23,100.17,326.25,1,-1,-1,-1
480,1805,348.31,56.00,107.38,352.00,1,-1,-1,-1
481,1801,266.39,18.68,117.03,406.74,1,-1,-1,-1
481,1802,463.74,72.97,98.60,323.93,1,-1,-1,-1
481,1805,353.46,52.05,106.08,347.36,1,-1,-1,-1
482,1801,264.63,17.60,116.95,411.25,1,-1,-1,-1
482,1802,464.18,72.13,97.55,323.00,1,-1,-1,-1
482,1805,355.14,50.62,105.74,345.84,1,-1,-1,-1
483,1801,263.11,23.70,113.41,399.99,1,-1,-1,-1
483,1802,463.08,78.35,97.08,323.93,1,-1,-1,-1
483,1805,360.93,55.71,104.83,342.60,1,-1,-1,-1
484,1801,262.62,26.15,111.82,395.46,1,-1,-1,-1
484,1802,462.87,80.72,96.50,324.25,1,-1,-1,-1
484,1805,362.88,57.53,104.59,341.54,1,-1,-1,-1
485,1801,262.05,25.38,112.24,396.94,1,-1,-1,-1
485,1802,460.52,85.53,95.64,321.75,1,-1,-1,-1
485,1803,136.55,43.50,165.41,411.74,1,-1,-1,-1
485,1805,362.51,69.05,102.39,331.70,1,-1,-1,-1
486,1802,459.67,87.35,95.24,320.77,1,-1,-1,-1
486,1803,137.54,44.06,161.19,411.67,1,-1,-1,-1
486,1805,362.01,73.22,102.09,328.19,1,-1,-1,-1
487,1802,456.44,84.10,95.69,323.00,1,-1,-1,-1
487,1803,138.00,36.38,160.93,422.14,1,-1,-1,-1
487,1805,363.40,71.93,102.79,329.75,1,-1,-1,-1
488,1802,455.30,82.86,95.75,323.83,1,-1,-1,-1
488,1803,139.13,33.52,158.80,426.03,1,-1,-1,-1
488,1805,363.78,71.37,103.19,330.41,1,-1,-1,-1
489,1802,451.84,86.28,97.98,328.04,1,-1,-1,-1
489,1803,143.90,41.52,151.71,409.33,1,-1,-1,-1
489,1805,365.38,73.24,102.53,328.28,1,-1,-1,-1
490,1802,450.28,87.57,99.35,329.62,1,-1,-1,-1
490,1803,145.81,44.63,148.59,402.84,1,-1,-1,-1
491,1802,448.30,86.75,98.81,324.99,1,-1,-1,-1
491,1803,71.45,18.05,182.64,474.36,1,-1,-1,-1
491,1805,369.47,72.74,104.21,332.51,1,-1,-1,-1
492,1802,447.36,86.41,99.04,323.19,1,-1,-1,-1
492,1803,42.82,8.66,199.39,499.67,1,-1,-1,-1
492,1805,369.99,72.70,104.73,333.11,1,-1,-1,-1
493,1801,173.17,31.41,117.70,404.22,1,-1,-1,-1
493,1802,446.29,86.79,99.11,323.43,1,-1,-1,-1
493,1803,34.22,7.32,202.40,489.92,1,-1,-1,-1
493,1805,370.19,74.00,103.52,326.73,1,-1,-1,-1
494,1801,167.27,31.82,120.38,404.44,1,-1,-1,-1
494,1803,29.47,6.90,206.64,485.59,1,-1,-1,-1
494,1805,370.00,74.43,103.49,324.38,1,-1,-1,-1
495,1801,161.45,31.87,120.71,405.55,1,-1,-1,-1
495,1802,440.00,87.92,99.58,325.66,1,-1,-1,-1
495,1803,36.08,32.65,187.78,426.92,1,-1,-1,-1
495,1805,372.55,74.56,104.75,327.52,1,-1,-1,-1
496,1802,439.06,88.11,99.51,326.01,1,-1,-1,-1
496,1803,37.95,43.02,182.52,403.31,1,-1,-1,-1
496,1805,373.40,74.57,105.38,328.73,1,-1,-1,-1
497,1802,441.61,88.17,98.96,326.14,1,-1,-1,-1
497,1803,38.57,45.29,189.02,411.21,1,-1,-1,-1
497,1805,374.85,75.56,105.07,327.76,1,-1,-1,-1
498,1802,442.75,88.18,98.46,326.17,1,-1,-1,-1
498,1803,38.01,46.09,192.94,414.03,1,-1,-1,-1
499,1802,441.86,88.51,98.56,326.51,1,-1,-1,-1
499,1803,32.47,18.82,218.45,463.65,1,-1,-1,-1
499,1805,374.37,87.99,101.19,315.90,1,-1,-1,-1
500,1803,29.70,8.82,229.24,481.85,1,-1,-1,-1
500,1805,374.31,89.97,100.53,314.02,1,-1,-1,-1
501,1802,444.82,86.53,96.85,322.86,1,-1,-1,-1
501,1803,27.29,8.63,233.84,484.00,1,-1,-1,-1
501,1805,373.92,87.98,101.05,314.71,1,-1,-1,-1
502,1802,445.51,86.20,96.15,322.27,1,-1,-1,-1
502,1803,25.54,8.66,237.37,484.62,1,-1,-1,-1
502,1805,373.67,87.21,101.41,315.01,1,-1,-1,-1
503,1802,442.28,87.41,100.21,329.95,1,-1,-1,-1
503,1803,33.56,16.49,248.52,504.05,1,-1,-1,-1
503,1805,374.49,88.52,100.95,313.60,1,-1,-1,-1
504,1802,440.64,87.85,102.63,332.79,1,-1,-1,-1
504,1803,36.19,19.49,253.61,511.34,1,-1,-1,-1
505,1802,440.19,81.53,101.94,328.67,1,-1,-1,-1
505,1803,39.50,20.72,252.33,505.04,1,-1,-1,-1
506,1802,439.90,79.09,101.94,327.06,1,-1,-1,-1
506,1803,40.38,21.24,252.65,502.34,1,-1,-1,-1
507,1801,164.10,61.25,135.71,400.48,1,-1,-1,-1
507,1802,445.00,72.95,102.01,330.36,1,-1,-1,-1
507,1803,39.76,20.47,254.98,506.96,1,-1,-1,-1
508,1801,159.65,62.28,146.69,400.17,1,-1,-1,-1
508,1802,447.18,70.66,101.54,331.60,1,-1,-1,-1
509,1801,151.51,61.33,156.97,402.71,1,-1,-1,-1
509,1802,447.95,77.64,98.89,324.24,1,-1,-1,-1
510,1801,146.68,60.94,164.45,403.65,1,-1,-1,-1
510,1802,448.34,80.35,97.66,321.40,1,-1,-1,-1
511,1801,145.36,62.15,164.59,403.99,1,-1,-1,-1
511,1802,445.74,73.50,100.05,333.47,1,-1,-1,-1
512,1802,445.13,70.97,100.23,337.95,1,-1,-1,-1
513,1802,459.15,85.55,95.11,321.54,1,-1,-1,-1
513,1803,164.27,8.57,243.57,474.65,1,-1,-1,-1
514,1802,464.70,91.29,92.97,315.07,1,-1,-1,-1
514,1803,171.89,7.80,245.79,471.53,1,-1,-1,-1
515,1802,466.07,92.19,92.68,314.09,1,-1,-1,-1
515,1803,190.93,8.85,253.33,479.91,1,-1,-1,-1
515,1806,104.00,70.00,98.00,340.00,1,-1,-1,-1
516,1803,196.97,9.25,257.61,482.96,1,-1,-1,-1
516,1806,104.00,70.00,98.00,340.00,1,-1,-1,-1
517,1803,251.00,9.44,280.47,515.42,1,-1,-1,-1
518,1803,269.63,9.52,291.94,527.54,1,-1,-1,-1
519,1801,147.71,62.42,144.38,365.85,1,-1,-1,-1
519,1803,304.11,7.02,302.78,533.46,1,-1,-1,-1
520,1801,149.51,62.29,140.30,363.85,1,-1,-1,-1
520,1803,315.19,6.06,310.62,535.60,1,-1,-1,-1
521,1801,157.46,59.60,152.17,379.18,1,-1,-1,-1
521,1803,331.22,1.85,299.35,513.01,1,-1,-1,-1
522,1801,159.01,58.63,159.11,384.72,1,-1,-1,-1
522,1803,336.27,0.25,295.68,504.00,1,-1,-1,-1
523,1801,168.89,54.34,160.12,384.27,1,-1,-1,-1
523,1803,350.25,-0.32,294.12,507.15,1,-1,-1,-1
524,1801,172.38,52.69,161.02,384.10,1,-1,-1,-1
524,1803,355.98,-0.50,291.74,508.29,1,-1,-1,-1
525,1801,169.12,46.84,163.87,387.96,1,-1,-1,-1
525,1803,356.55,2.08,268.29,478.68,1,-1,-1,-1
526,1801,167.54,44.65,165.53,389.41,1,-1,-1,-1
526,1803,357.49,3.13,256.17,467.13,1,-1,-1,-1
527,1801,174.32,54.28,161.72,383.43,1,-1,-1,-1
527,1803,363.48,0.87,253.12,477.60,1,-1,-1,-1
528,1801,177.16,58.00,159.65,381.13,1,-1,-1,-1
528,1803,367.88,0.06,247.19,481.45,1,-1,-1,-1
529,1801,196.02,34.48,169.08,414.38,1,-1,-1,-1
529,1803,379.77,-0.23,236.90,480.34,1,-1,-1,-1
530,1801,204.21,25.85,169.97,426.57,1,-1,-1,-1
530,1803,386.49,-0.31,227.95,479.93,1,-1,-1,-1
531,1801,214.81,27.59,168.19,430.05,1,-1,-1,-1
531,1803,390.85,6.23,212.48,465.39,1,-1,-1,-1
531,1805,188.98,62.24,125.47,369.64,1,-1,-1,-1
532,1801,219.63,28.37,165.84,431.29,1,-1,-1,-1
532,1803,394.29,8.75,202.33,459.87,1,-1,-1,-1
532,1805,184.16,61.73,129.53,370.62,1,-1,-1,-1
533,1801,219.31,18.40,162.55,435.53,1,-1,-1,-1
533,1803,399.47,3.07,196.95,464.50,1,-1,-1,-1
533,1805,177.83,60.81,130.21,372.57,1,-1,-1,-1
534,1801,220.36,14.64,158.71,437.06,1,-1,-1,-1
534,1803,403.22,0.96,190.98,466.26,1,-1,-1,-1
535,1801,194.74,43.00,152.17,411.70,1,-1,-1,-1
535,1802,370.29,68.35,101.38,353.50,1,-1,-1,-1
535,1803,419.96,25.05,170.79,434.25,1,-1,-1,-1
536,1801,183.96,54.21,150.78,401.62,1,-1,-1,-1
536,1802,369.08,67.79,99.76,354.40,1,-1,-1,-1
536,1803,427.72,34.38,159.74,421.96,1,-1,-1,-1
537,1801,182.38,49.08,146.82,391.31,1,-1,-1,-1
537,1802,370.84,66.31,97.46,349.55,1,-1,-1,-1
537,1803,431.13,32.31,150.21,412.32,1,-1,-1,-1
538,1801,181.81,47.14,145.30,387.47,1,-1,-1,-1
538,1802,371.83,65.77,96.23,347.63,1,-1,-1,-1
538,1803,433.71,31.47,143.71,408.97,1,-1,-1,-1
539,1801,185.82,46.41,148.20,394.00,1,-1,-1,-1
539,1802,378.40,72.10,92.68,332.54,1,-1,-1,-1
539,1803,439.24,44.40,129.23,377.30,1,-1,-1,-1
540,1801,187.19,46.14,149.53,396.45,1,-1,-1,-1
540,1802,380.95,74.57,91.54,326.72,1,-1,-1,-1
540,1803,441.81,49.18,122.30,365.66,1,-1,-1,-1
541,1801,200.89,25.13,156.35,424.83,1,-1,-1,-1
541,1802,379.02,74.51,91.27,325.74,1,-1,-1,-1
541,1803,448.41,56.19,115.07,355.04,1,-1,-1,-1
541,1807,124.00,146.00,58.00,148.00,1,-1,-1,-1
542,1801,207.11,17.31,156.64,435.40,1,-1,-1,-1
542,1803,451.59,58.59,110.65,351.53,1,-1,-1,-1
542,1807,124.00,146.00,58.00,148.00,1,-1,-1,-1
543,1801,219.17,13.00,157.95,444.63,1,-1,-1,-1
543,1803,451.90,68.75,106.51,341.13,1,-1,-1,-1
543,1807,121.66,149.00,58.17,148.00,1,-1,-1,-1
544,1801,224.34,11.41,157.36,448.11,1,-1,-1,-1
544,1803,452.07,72.33,104.65,337.66,1,-1,-1,-1
544,1807,120.80,150.00,58.39,148.00,1,-1,-1,-1
545,1801,238.66,8.30,158.05,451.92,1,-1,-1,-1
545,1803,453.48,66.76,106.53,347.43,1,-1,-1,-1
545,1807,118.75,151.73,59.18,149.45,1,-1,-1,-1
546,1801,244.26,7.18,157.95,453.28,1,-1,-1,-1
546,1803,454.25,64.67,106.60,351.11,1,-1,-1,-1
546,1807,118.00,152.27,59.62,149.94,1,-1,-1,-1
547,1801,258.68,21.04,155.08,442.06,1,-1,-1,-1
547,1803,459.18,57.18,109.08,363.25,1,-1,-1,-1
547,1807,114.94,144.11,64.08,161.16,1,-1,-1,-1
548,1801,263.84,26.49,154.45,437.59,1,-1,-1,-1
548,1803,461.29,54.33,109.36,367.88,1,-1,-1,-1
548,1807,113.86,141.20,65.66,165.14,1,-1,-1,-1
549,1801,269.33,29.88,154.66,431.93,1,-1,-1,-1
549,1803,464.04,57.11,109.35,373.67,1,-1,-1,-1
549,1807,111.47,134.82,68.99,173.18,1,-1,-1,-1
550,1801,270.69,31.18,155.86,429.73,1,-1,-1,-1
550,1803,465.47,58.12,108.44,375.93,1,-1,-1,-1
550,1807,110.56,132.42,70.31,176.15,1,-1,-1,-1
551,1801,275.21,22.52,155.84,430.18,1,-1,-1,-1
551,1803,470.94,57.17,105.92,372.93,1,-1,-1,-1
551,1807,99.36,128.95,71.79,177.19,1,-1,-1,-1
552,1801,276.82,19.26,155.72,430.33,1,-1,-1,-1
552,1803,473.37,56.76,104.11,371.84,1,-1,-1,-1
552,1807,94.77,127.67,72.93,177.46,1,-1,-1,-1
553,1801,277.25,14.13,158.36,436.89,1,-1,-1,-1
553,1803,477.72,52.65,101.64,368.85,1,-1,-1,-1
553,1807,79.13,115.53,80.43,195.68,1,-1,-1,-1
554,1801,277.23,12.23,159.49,439.34,1,-1,-1,-1
554,1803,479.71,51.07,99.87,367.77,1,-1,-1,-1
554,1807,73.29,111.01,83.23,202.47,1,-1,-1,-1
555,1801,275.33,16.75,155.63,427.24,1,-1,-1,-1
555,1803,480.98,54.40,95.39,354.31,1,-1,-1,-1
555,1807,69.35,108.05,85.05,206.91,1,-1,-1,-1
555,1808,174.00,136.00,68.00,184.00,1,-1,-1,-1
556,1801,274.30,18.55,154.39,422.53,1,-1,-1,-1
556,1803,481.57,55.65,93.29,349.26,1,-1,-1,-1
556,1808,174.00,136.00,68.00,184.00,1,-1,-1,-1
557,1801,271.96,16.63,161.62,439.16,1,-1,-1,-1
557,1803,477.26,70.64,93.51,350.12,1,-1,-1,-1
557,1807,35.06,137.78,83.29,199.70,1,-1,-1,-1
558,1801,270.73,15.92,164.94,445.32,1,-1,-1,-1
558,1803,475.62,76.17,93.61,350.52,1,-1,-1,-1
558,1807,28.64,143.25,83.73,198.24,1,-1,-1,-1
559,1801,272.82,15.10,165.58,447.04,1,-1,-1,-1
559,1803,473.33,53.22,96.91,366.51,1,-1,-1,-1
559,1807,15.97,130.72,90.42,216.05,1,-1,-1,-1
560,1803,472.74,44.67,97.60,372.48,1,-1,-1,-1
560,1807,11.54,126.13,92.39,222.59,1,-1,-1,-1
561,1801,266.88,13.90,159.83,435.15,1,-1,-1,-1
561,1803,468.35,41.35,98.35,377.40,1,-1,-1,-1
561,1807,5.24,124.86,94.20,226.93,1,-1,-1,-1
562,1801,266.34,13.72,157.94,433.16,1,-1,-1,-1
562,1803,466.79,40.11,98.36,379.28,1,-1,-1,-1
563,1801,254.95,4.45,167.90,457.47,1,-1,-1,-1
563,1803,460.27,31.88,103.71,394.26,1,-1,-1,-1
564,1801,250.47,1.06,172.15,466.37,1,-1,-1,-1
564,1803,457.40,28.79,106.54,399.90,1,-1,-1,-1
565,1801,249.96,2.36,173.86,469.77,1,-1,-1,-1
565,1803,458.25,26.36,111.45,417.48,1,-1,-1,-1
565,1809,76.00,52.00,114.00,344.00,1,-1,-1,-1
566,1801,249.66,2.92,174.73,470.99,1,-1,-1,-1
566,1803,458.53,25.46,113.44,424.15,1,-1,-1,-1
566,1809,76.00,52.00,114.00,344.00,1,-1,-1,-1
567,1801,246.87,0.58,175.22,467.48,1,-1,-1,-1
567,1803,458.08,23.70,114.42,427.83,1,-1,-1,-1
568,1801,245.36,-0.27,176.28,466.04,1,-1,-1,-1
569,1801,240.07,-0.55,178.31,468.02,1,-1,-1,-1
569,1803,457.19,16.74,107.55,403.01,1,-1,-1,-1
570,1801,237.75,-0.62,179.72,468.72,1,-1,-1,-1
570,1803,457.12,15.60,106.19,398.62,1,-1,-1,-1
571,1801,235.37,-0.61,184.59,471.52,1,-1,-1,-1
571,1803,456.66,11.25,107.93,406.41,1,-1,-1,-1
572,1801,233.49,-0.57,188.40,472.53,1,-1,-1,-1
572,1803,456.59,9.68,108.38,409.26,1,-1,-1,-1
573,1801,226.77,-0.52,190.20,471.55,1,-1,-1,-1
573,1803,446.67,2.66,115.38,427.19,1,-1,-1,-1
574,1801,223.67,-0.48,192.00,471.12,1,-1,-1,-1
574,1803,442.32,0.04,119.22,433.93,1,-1,-1,-1
575,1801,227.84,-0.43,192.47,469.60,1,-1,-1,-1
575,1803,446.78,-0.89,121.33,441.61,1,-1,-1,-1
576,1801,229.18,-0.39,193.20,468.97,1,-1,-1,-1
576,1803,448.54,-1.18,122.11,444.48,1,-1,-1,-1
577,1801,230.35,-0.35,197.41,475.22,1,-1,-1,-1
577,1803,451.89,-1.21,120.98,435.14,1,-1,-1,-1
578,1801,230.38,-0.32,199.85,477.55,1,-1,-1,-1
578,1803,452.85,-1.14,121.21,431.39,1,-1,-1,-1
579,1801,232.15,-0.29,199.86,475.80,1,-1,-1,-1
579,1803,452.72,-3.02,121.79,433.45,1,-1,-1,-1
580,1801,232.65,-0.26,200.22,475.07,1,-1,-1,-1
581,1801,232.67,-0.69,200.69,476.18,1,-1,-1,-1
583,1801,304.24,6.41,224.25,519.71,1,-1,-1,-1
584,1801,313.77,7.53,231.83,526.69,1,-1,-1,-1
585,1801,319.52,2.79,232.56,509.89,1,-1,-1,-1
586,1801,319.60,0.93,236.52,503.17,1,-1,-1,-1
587,1801,323.24,0.24,239.51,504.49,1,-1,-1,-1
588,1801,323.84,-0.01,241.82,504.92,1,-1,-1,-1
589,1801,306.88,5.10,253.22,528.44,1,-1,-1,-1
590,1801,300.39,7.03,257.57,537.23,1,-1,-1,-1
591,1801,303.45,7.37,259.63,541.53,1,-1,-1,-1
593,1801,236.89,1.42,228.71,480.79,1,-1,-1,-1
593,1810,94.00,150.00,52.00,176.00,1,-1,-1,-1
594,1801,225.82,0.37,222.09,470.08,1,-1,-1,-1
594,1810,94.00,150.00,52.00,176.00,1,-1,-1,-1
595,1801,210.22,0.04,221.55,472.09,1,-1,-1,-1
595,1811,44.00,140.00,58.00,192.00,1,-1,-1,-1
596,1801,205.04,-0.07,220.61,472.84,1,-1,-1,-1
596,1811,44.00,140.00,58.00,192.00,1,-1,-1,-1
597,1801,197.44,-0.11,226.62,492.90,1,-1,-1,-1
597,1811,36.50,135.50,64.00,213.02,1,-1,-1,-1
598,1801,195.61,-0.11,227.06,500.39,1,-1,-1,-1
598,1811,34.17,134.00,65.65,220.02,1,-1,-1,-1
599,1801,196.48,-0.11,215.34,474.72,1,-1,-1,-1
599,1811,31.61,132.49,67.76,227.06,1,-1,-1,-1
600,1801,197.12,-0.10,210.69,464.61,1,-1,-1,-1
601,1801,198.21,-0.09,207.56,458.29,1,-1,-1,-1
602,1801,198.80,-0.08,206.28,456.01,1,-1,-1,-1
603,1801,202.93,-0.07,210.12,463.15,1,-1,-1,-1
604,1801,204.38,-0.06,211.91,465.86,1,-1,-1,-1
605,1801,203.13,-0.06,212.44,468.24,1,-1,-1,-1
606,1801,202.87,-0.05,212.36,469.17,1,-1,-1,-1
607,1801,204.15,-0.05,212.32,472.16,1,-1,-1,-1
608,1801,205.05,-0.04,211.58,473.30,1,-1,-1,-1
609,1801,204.70,-0.04,211.48,472.44,1,-1,-1,-1
610,1801,204.54,-0.03,211.60,472.11,1,-1,-1,-1
611,1801,221.01,1.27,210.02,469.38,1,-1,-1,-1
612,1801,227.38,1.77,209.24,468.35,1,-1,-1,-1
613,1801,227.29,0.65,209.97,470.59,1,-1,-1,-1
613,1812,82.00,106.00,66.00,234.00,1,-1,-1,-1
614,1801,227.31,0.22,210.11,471.44,1,-1,-1,-1
614,1812,82.00,106.00,66.00,234.00,1,-1,-1,-1
615,1801,228.02,0.18,210.07,471.35,1,-1,-1,-1
617,1801,277.05,0.02,202.54,451.83,1,-1,-1,-1
617,1811,2.94,42.83,115.53,391.50,1,-1,-1,-1
618,1801,284.58,-0.01,202.13,448.66,1,-1,-1,-1
618,1811,2.94,40.72,115.60,394.91,1,-1,-1,-1
619,1801,301.95,3.95,213.32,470.09,1,-1,-1,-1
619,1811,1.28,36.37,118.10,403.44,1,-1,-1,-1
619,1813,176.00,106.00,58.00,246.00,1,-1,-1,-1
620,1801,307.80,5.39,218.24,477.90,1,-1,-1,-1
620,1813,176.00,106.00,58.00,246.00,1,-1,-1,-1
621,1801,324.26,5.94,223.70,495.16,1,-1,-1,-1
621,1813,175.98,109.00,59.53,253.51,1,-1,-1,-1
622,1801,331.03,6.14,224.48,501.72,1,-1,-1,-1
622,1813,176.09,110.00,59.82,256.01,1,-1,-1,-1
623,1801,313.76,2.33,216.35,488.71,1,-1,-1,-1
623,1813,177.15,114.58,59.27,253.85,1,-1,-1,-1
624,1801,307.30,0.83,212.02,483.53,1,-1,-1,-1
624,1813,177.54,116.14,59.02,252.95,1,-1,-1,-1
625,1801,304.63,0.27,207.99,473.70,1,-1,-1,-1
625,1813,175.59,130.45,57.53,242.88,1,-1,-1,-1
626,1801,303.41,0.06,206.59,469.95,1,-1,-1,-1
626,1813,174.59,135.54,57.53,239.17,1,-1,-1,-1
627,1801,326.28,2.60,215.65,492.17,1,-1,-1,-1
627,1813,174.45,139.74,57.18,237.70,1,-1,-1,-1
628,1801,334.91,3.55,218.60,500.39,1,-1,-1,-1
629,1801,345.10,1.33,223.81,506.12,1,-1,-1,-1
629,1814,2.00,0.00,152.00,472.00,1,-1,-1,-1
630,1801,348.16,0.47,227.20,508.26,1,-1,-1,-1
630,1814,2.00,0.00,152.00,472.00,1,-1,-1,-1
631,1801,354.58,0.14,231.87,508.99,1,-1,-1,-1
631,1814,10.30,0.00,159.42,493.02,1,-1,-1,-1
632,1801,355.74,0.01,235.87,509.20,1,-1,-1,-1
632,1814,12.75,0.00,162.52,500.02,1,-1,-1,-1
633,1801,365.29,-0.03,236.99,504.00,1,-1,-1,-1
633,1814,27.30,27.08,142.85,435.03,1,-1,-1,-1
634,1801,367.84,-0.04,239.19,501.94,1,-1,-1,-1
634,1814,31.79,36.89,136.39,410.73,1,-1,-1,-1
635,1801,377.93,-0.05,222.69,475.02,1,-1,-1,-1
635,1814,51.84,12.02,152.07,451.67,1,-1,-1,-1
635,1815,308.00,124.00,76.00,240.00,1,-1,-1,-1
636,1801,382.39,-0.04,214.57,464.61,1,-1,-1,-1
636,1814,57.50,4.13,158.66,464.64,1,-1,-1,-1
636,1815,308.00,124.00,76.00,240.00,1,-1,-1,-1
637,1801,386.07,-0.04,211.17,463.50,1,-1,-1,-1
637,1814,72.23,6.43,160.60,467.05,1,-1,-1,-1
637,1815,305.97,122.50,74.06,234.00,1,-1,-1,-1
638,1801,388.04,-0.04,208.40,463.15,1,-1,-1,-1
638,1814,77.06,7.34,162.01,467.94,1,-1,-1,-1
638,1815,305.31,122.00,73.37,232.00,1,-1,-1,-1
639,1801,390.31,-0.03,203.98,457.82,1,-1,-1,-1
639,1814,84.19,2.37,164.42,468.24,1,-1,-1,-1
639,1815,305.29,120.40,72.88,230.00,1,-1,-1,-1
640,1801,391.52,-0.03,201.29,455.88,1,-1,-1,-1
640,1814,85.86,0.52,166.66,468.33,1,-1,-1,-1
640,1815,305.26,119.89,72.87,229.42,1,-1,-1,-1
641,1801,393.56,-0.03,200.79,460.49,1,-1,-1,-1
641,1814,71.14,-0.14,167.15,460.41,1,-1,-1,-1
641,1815,304.88,119.16,72.33,227.73,1,-1,-1,-1
642,1801,394.90,-0.02,199.26,462.27,1,-1,-1,-1
642,1814,64.34,-0.35,169.15,457.39,1,-1,-1,-1
643,1801,393.33,-0.02,197.37,461.69,1,-1,-1,-1
643,1814,61.38,4.89,170.37,452.31,1,-1,-1,-1
644,1801,393.04,-0.02,195.82,461.51,1,-1,-1,-1
644,1814,59.26,6.88,172.52,450.43,1,-1,-1,-1
645,1801,388.50,-0.02,196.09,462.78,1,-1,-1,-1
645,1814,60.38,7.63,170.57,445.80,1,-1,-1,-1
645,1815,271.25,127.28,69.72,220.06,1,-1,-1,-1
646,1801,386.78,-0.02,196.06,463.29,1,-1,-1,-1
646,1814,60.72,7.91,169.75,444.11,1,-1,-1,-1
646,1815,268.65,127.94,69.38,219.48,1,-1,-1,-1
647,1801,386.41,-0.01,196.69,466.13,1,-1,-1,-1
647,1814,54.04,2.74,174.96,459.34,1,-1,-1,-1
647,1815,269.08,137.55,65.34,205.87,1,-1,-1,-1
648,1801,386.38,-0.01,196.63,467.22,1,-1,-1,-1
648,1814,51.68,0.82,176.55,465.02,1,-1,-1,-1
648,1815,269.38,141.09,64.00,200.90,1,-1,-1,-1
649,1801,387.49,-0.01,196.90,470.25,1,-1,-1,-1
649,1814,51.40,7.90,174.45,458.10,1,-1,-1,-1
649,1815,267.00,146.35,63.31,199.24,1,-1,-1,-1
650,1801,388.14,-0.01,196.47,471.41,1,-1,-1,-1
650,1814,51.10,10.64,173.90,455.41,1,-1,-1,-1
650,1815,266.28,148.19,63.01,198.74,1,-1,-1,-1
651,1801,386.58,-0.01,195.93,470.54,1,-1,-1,-1
651,1814,48.12,14.29,167.53,439.97,1,-1,-1,-1
651,1815,262.90,143.45,62.67,197.32,1,-1,-1,-1
652,1801,386.00,-0.01,195.63,470.21,1,-1,-1,-1
652,1814,47.05,15.66,164.88,434.13,1,-1,-1,-1
652,1815,261.72,141.62,62.65,196.90,1,-1,-1,-1
653,1801,385.11,-0.01,196.83,474.00,1,-1,-1,-1
653,1814,48.07,5.57,170.31,450.52,1,-1,-1,-1
653,1815,262.31,146.21,63.43,200.82,1,-1,-1,-1
654,1801,384.85,-0.01,197.07,475.43,1,-1,-1,-1
654,1814,48.66,1.85,171.86,456.57,1,-1,-1,-1
654,1815,262.73,147.87,63.49,202.33,1,-1,-1,-1
655,1801,381.94,-0.01,198.85,478.56,1,-1,-1,-1
655,1814,48.33,1.73,173.54,457.62,1,-1,-1,-1
655,1815,259.58,140.57,66.34,213.46,1,-1,-1,-1
656,1801,380.69,-0.01,199.78,479.74,1,-1,-1,-1
656,1814,47.84,1.70,174.85,458.01,1,-1,-1,-1
656,1815,258.63,137.84,67.03,217.62,1,-1,-1,-1
657,1801,377.82,-0.01,201.00,481.47,1,-1,-1,-1
657,1814,51.80,6.93,172.23,449.01,1,-1,-1,-1
657,1815,262.48,132.87,66.78,214.07,1,-1,-1,-1
658,1801,376.60,-0.00,201.73,482.10,1,-1,-1,-1
658,1814,53.08,8.94,171.64,445.57,1,-1,-1,-1
658,1815,263.85,130.93,67.09,212.69,1,-1,-1,-1
659,1801,382.45,-0.00,198.48,474.50,1,-1,-1,-1
659,1814,70.43,16.26,165.20,436.42,1,-1,-1,-1
659,1815,267.12,136.75,63.10,200.40,1,-1,-1,-1
660,1801,384.70,-0.00,197.20,471.57,1,-1,-1,-1
660,1814,77.68,19.01,161.29,433.00,1,-1,-1,-1
660,1815,268.46,139.00,61.52,195.70,1,-1,-1,-1
661,1801,382.28,-0.00,198.01,473.09,1,-1,-1,-1
661,1814,82.46,22.64,156.85,422.55,1,-1,-1,-1
661,1815,268.84,142.46,62.54,198.02,1,-1,-1,-1
662,1801,381.31,-0.00,198.41,473.67,1,-1,-1,-1
662,1814,84.30,23.97,154.93,418.69,1,-1,-1,-1
662,1815,268.91,143.72,63.09,198.91,1,-1,-1,-1
663,1801,381.73,-0.00,199.58,476.50,1,-1,-1,-1
663,1814,84.97,12.53,158.05,431.87,1,-1,-1,-1
663,1815,267.34,144.17,61.29,192.72,1,-1,-1,-1
664,1801,381.89,-0.00,200.01,477.57,1,-1,-1,-1
664,1814,85.66,8.29,158.24,436.77,1,-1,-1,-1
664,1815,266.72,144.30,60.71,190.41,1,-1,-1,-1
665,1801,387.83,-0.00,198.84,475.36,1,-1,-1,-1
665,1814,85.64,4.06,158.72,443.90,1,-1,-1,-1
665,1815,266.09,141.68,60.02,189.60,1,-1,-1,-1
666,1801,390.14,-0.00,198.27,474.51,1,-1,-1,-1
666,1814,86.13,2.46,157.78,446.63,1,-1,-1,-1
666,1815,265.99,140.69,59.55,189.35,1,-1,-1,-1
667,1801,396.16,-0.00,195.57,472.88,1,-1,-1,-1
667,1814,88.67,3.18,155.21,441.16,1,-1,-1,-1
667,1815,269.42,140.31,59.07,185.36,1,-1,-1,-1
668,1801,398.94,-0.00,193.48,472.26,1,-1,-1,-1
668,1814,89.74,3.48,153.88,439.05,1,-1,-1,-1
668,1815,270.53,140.16,59.31,183.91,1,-1,-1,-1
669,1801,403.29,-0.00,189.94,470.72,1,-1,-1,-1
669,1814,95.21,10.16,148.39,423.87,1,-1,-1,-1
669,1815,268.33,132.16,60.68,188.71,1,-1,-1,-1
670,1801,405.67,-0.00,187.07,470.15,1,-1,-1,-1
670,1814,97.26,12.72,146.21,418.11,1,-1,-1,-1
670,1815,267.57,129.21,61.09,190.51,1,-1,-1,-1
671,1801,408.97,-0.00,183.71,467.33,1,-1,-1,-1
671,1814,90.65,20.27,145.54,416.03,1,-1,-1,-1
671,1815,268.46,132.03,61.52,193.85,1,-1,-1,-1
672,1801,410.76,-0.00,181.27,466.27,1,-1,-1,-1
672,1814,88.12,23.06,145.33,415.32,1,-1,-1,-1
672,1815,268.98,133.12,61.34,195.13,1,-1,-1,-1
673,1801,421.06,14.40,170.17,444.94,1,-1,-1,-1
673,1814,87.34,26.71,142.23,412.49,1,-1,-1,-1
673,1815,268.88,143.97,57.97,185.21,1,-1,-1,-1
673,1816,2.00,50.00,104.00,352.00,1,-1,-1,-1
674,1801,425.62,19.91,164.57,436.82,1,-1,-1,-1
674,1814,87.58,28.04,139.98,411.49,1,-1,-1,-1
674,1815,268.91,148.18,56.55,181.39,1,-1,-1,-1
674,1816,2.00,50.00,104.00,352.00,1,-1,-1,-1
675,1801,422.26,7.29,167.18,449.84,1,-1,-1,-1
675,1814,88.48,21.92,142.75,423.01,1,-1,-1,-1
675,1815,269.38,149.70,56.46,181.35,1,-1,-1,-1
676,1801,421.64,2.65,166.86,454.65,1,-1,-1,-1
676,1814,89.13,19.61,143.16,427.33,1,-1,-1,-1
676,1815,269.57,150.24,56.41,181.37,1,-1,-1,-1
677,1801,418.54,0.86,167.16,456.54,1,-1,-1,-1
677,1814,97.07,25.21,140.91,421.21,1,-1,-1,-1
677,1815,270.60,150.40,57.12,181.42,1,-1,-1,-1
678,1801,417.42,0.19,167.08,457.29,1,-1,-1,-1
678,1814,100.15,27.34,139.95,418.87,1,-1,-1,-1
678,1815,270.80,150.44,57.77,181.47,1,-1,-1,-1
679,1801,419.62,27.38,153.94,422.32,1,-1,-1,-1
679,1814,102.08,30.73,137.99,416.70,1,-1,-1,-1
679,1815,268.08,151.73,58.37,181.52,1,-1,-1,-1
680,1801,420.51,37.93,148.70,408.80,1,-1,-1,-1
680,1814,103.09,31.98,136.61,415.91,1,-1,-1,-1
680,1815,266.90,152.20,58.90,181.57,1,-1,-1,-1
681,1801,417.22,22.89,156.74,434.87,1,-1,-1,-1
681,1814,100.72,27.17,137.60,415.64,1,-1,-1,-1
681,1815,268.16,154.97,58.33,176.37,1,-1,-1,-1
682,1801,416.47,17.54,158.74,444.15,1,-1,-1,-1
682,1814,99.50,25.32,138.55,415.57,1,-1,-1,-1
682,1815,268.37,155.98,58.68,174.42,1,-1,-1,-1
683,1801,421.04,10.22,156.29,442.62,1,-1,-1,-1
683,1814,95.77,20.68,142.80,424.73,1,-1,-1,-1
683,1815,271.20,152.37,58.59,173.74,1,-1,-1,-1
684,1801,423.30,7.38,154.36,442.05,1,-1,-1,-1
684,1814,94.03,18.93,145.04,428.19,1,-1,-1,-1
684,1815,272.22,150.99,58.64,173.52,1,-1,-1,-1
685,1801,430.20,8.93,151.96,441.85,1,-1,-1,-1
685,1814,101.83,19.56,141.94,419.11,1,-1,-1,-1
685,1815,271.41,147.83,61.02,180.05,1,-1,-1,-1
686,1801,433.41,9.53,149.84,441.79,1,-1,-1,-1
686,1814,104.82,19.81,140.74,415.61,1,-1,-1,-1
686,1815,271.06,146.65,62.00,182.49,1,-1,-1,-1
687,1801,434.47,9.32,149.69,441.36,1,-1,-1,-1
687,1814,102.39,27.77,135.52,401.19,1,-1,-1,-1
687,1815,269.98,144.90,59.07,174.35,1,-1,-1,-1
688,1814,101.51,30.79,133.39,395.76,1,-1,-1,-1
688,1815,269.58,144.22,57.84,171.20,1,-1,-1,-1
689,1801,433.83,1.46,151.10,455.12,1,-1,-1,-1
689,1814,94.61,19.99,137.81,408.36,1,-1,-1,-1
689,1815,268.35,142.66,55.60,164.77,1,-1,-1,-1
690,1801,434.90,0.21,149.00,457.31,1,-1,-1,-1
690,1814,92.02,16.01,139.53,413.03,1,-1,-1,-1
690,1815,267.91,142.09,54.74,162.42,1,-1,-1,-1
691,1801,437.04,-0.23,147.34,455.47,1,-1,-1,-1
691,1814,96.39,21.00,138.58,418.76,1,-1,-1,-1
691,1815,266.25,145.87,54.79,161.60,1,-1,-1,-1
692,1801,438.09,-0.37,146.18,454.75,1,-1,-1,-1
692,1814,98.84,22.91,136.68,420.94,1,-1,-1,-1
692,1815,265.55,147.28,55.00,161.35,1,-1,-1,-1
693,1801,440.78,-0.40,142.41,449.24,1,-1,-1,-1
693,1814,107.63,24.95,133.25,408.76,1,-1,-1,-1
693,1815,265.28,147.43,54.52,159.95,1,-1,-1,-1
693,1817,352.00,140.00,76.00,228.00,1,-1,-1,-1
694,1801,442.28,-0.38,139.97,447.13,1,-1,-1,-1
694,1814,110.88,25.73,132.20,404.07,1,-1,-1,-1
694,1817,352.00,140.00,76.00,228.00,1,-1,-1,-1
695,1801,435.39,-0.35,142.14,451.57,1,-1,-1,-1
695,1814,115.34,27.32,134.44,411.55,1,-1,-1,-1
696,1801,432.58,-0.33,143.36,453.24,1,-1,-1,-1
696,1814,117.03,27.91,135.18,414.35,1,-1,-1,-1
697,1801,435.17,-0.30,139.10,440.84,1,-1,-1,-1
697,1814,120.48,25.52,137.58,420.64,1,-1,-1,-1
698,1801,436.25,-0.26,137.30,436.07,1,-1,-1,-1
698,1814,121.65,24.60,138.67,423.02,1,-1,-1,-1
699,1801,436.43,-0.69,136.94,434.94,1,-1,-1,-1
699,1814,132.93,29.44,134.23,413.52,1,-1,-1,-1
700,1814,137.52,31.29,131.85,409.84,1,-1,-1,-1
701,1801,440.58,-0.25,142.22,457.28,1,-1,-1,-1
701,1814,141.13,34.59,132.28,405.84,1,-1,-1,-1
701,1818,84.00,156.00,66.00,212.00,1,-1,-1,-1
702,1801,441.86,-0.19,141.79,460.75,1,-1,-1,-1
702,1814,141.95,35.81,133.35,404.36,1,-1,-1,-1
702,1818,84.00,156.00,66.00,212.00,1,-1,-1,-1
703,1801,434.63,-0.17,144.00,465.89,1,-1,-1,-1
703,1814,138.22,34.93,136.43,409.07,1,-1,-1,-1
704,1801,431.72,-0.15,145.15,467.80,1,-1,-1,-1
704,1814,136.35,34.58,138.41,410.86,1,-1,-1,-1
705,1801,424.89,-0.14,149.25,473.67,1,-1,-1,-1
705,1814,136.92,42.25,135.15,408.94,1,-1,-1,-1
706,1801,421.71,-0.12,151.97,475.86,1,-1,-1,-1
706,1814,137.76,45.14,132.54,408.22,1,-1,-1,-1
707,1801,412.32,-0.11,157.72,479.23,1,-1,-1,-1
707,1814,143.49,39.65,129.81,402.73,1,-1,-1,-1
708,1801,407.56,-0.10,162.31,480.46,1,-1,-1,-1
708,1814,145.85,37.52,128.29,400.66,1,-1,-1,-1
709,1801,395.46,-0.09,180.81,500.33,1,-1,-1,-1
709,1814,142.04,30.14,130.45,403.84,1,-1,-1,-1
710,1801,387.70,-0.09,194.22,507.79,1,-1,-1,-1
710,1814,140.27,27.36,131.87,405.06,1,-1,-1,-1
711,1801,378.19,-0.08,207.37,517.01,1,-1,-1,-1
711,1814,99.95,27.62,134.57,413.38,1,-1,-1,-1
712,1801,372.05,-0.07,217.45,520.46,1,-1,-1,-1
712,1814,84.74,27.73,135.59,416.52,1,-1,-1,-1
713,1801,358.72,-0.07,226.61,517.79,1,-1,-1,-1
713,1814,80.90,27.39,135.80,417.17,1,-1,-1,-1
714,1801,351.03,-0.06,235.34,516.62,1,-1,-1,-1
715,1801,366.17,-0.05,251.94,526.45,1,-1,-1,-1
715,1814,136.56,39.43,128.79,388.13,1,-1,-1,-1
716,1801,368.72,-0.05,264.69,530.09,1,-1,-1,-1
716,1814,145.01,41.43,129.28,383.32,1,-1,-1,-1
717,1801,377.08,-0.05,275.53,536.55,1,-1,-1,-1
717,1814,145.78,43.41,129.42,384.40,1,-1,-1,-1
718,1801,378.28,-0.04,283.65,538.91,1,-1,-1,-1
718,1814,146.07,44.11,129.37,384.85,1,-1,-1,-1
719,1801,364.59,-0.04,256.75,495.72,1,-1,-1,-1
719,1814,141.87,54.86,128.65,385.07,1,-1,-1,-1
720,1801,360.07,-0.03,244.20,478.50,1,-1,-1,-1
720,1814,140.43,58.87,127.99,385.20,1,-1,-1,-1
721,1801,362.60,-0.03,239.38,477.63,1,-1,-1,-1
721,1814,143.43,55.07,124.55,378.74,1,-1,-1,-1
722,1801,364.72,-0.03,235.29,477.36,1,-1,-1,-1
722,1814,144.85,53.56,122.60,376.34,1,-1,-1,-1
723,1801,368.66,-0.02,230.18,474.67,1,-1,-1,-1
723,1814,148.87,50.32,122.77,380.77,1,-1,-1,-1
724,1801,371.15,-0.02,226.30,473.71,1,-1,-1,-1
724,1814,150.68,49.08,122.17,382.46,1,-1,-1,-1
725,1801,373.56,-0.02,223.26,473.40,1,-1,-1,-1
725,1814,148.62,49.89,119.50,379.22,1,-1,-1,-1
726,1801,375.24,-0.02,220.61,473.33,1,-1,-1,-1
726,1814,148.22,50.17,117.66,378.03,1,-1,-1,-1
727,1801,377.58,-0.02,220.17,478.59,1,-1,-1,-1
727,1814,154.63,54.20,116.91,380.24,1,-1,-1,-1
728,1801,379.24,-0.01,218.46,480.60,1,-1,-1,-1
728,1814,157.40,55.69,115.88,381.10,1,-1,-1,-1
729,1801,375.23,-0.01,215.35,476.16,1,-1,-1,-1
729,1814,157.54,51.00,113.31,374.92,1,-1,-1,-1
730,1801,373.99,-0.01,213.61,474.49,1,-1,-1,-1
730,1814,157.73,49.18,111.99,372.59,1,-1,-1,-1
731,1801,371.61,-0.01,212.90,472.57,1,-1,-1,-1
731,1814,156.52,56.37,111.37,366.51,1,-1,-1,-1
732,1801,370.69,-0.01,212.72,471.88,1,-1,-1,-1
732,1814,155.71,59.06,111.78,364.26,1,-1,-1,-1
733,1801,369.96,-0.02,212.32,470.97,1,-1,-1,-1
733,1814,151.25,60.04,116.29,371.38,1,-1,-1,-1
734,1814,148.93,60.38,119.25,374.06,1,-1,-1,-1
735,1801,380.49,-0.01,207.20,464.84,1,-1,-1,-1
735,1814,144.00,74.82,116.72,359.47,1,-1,-1,-1
736,1801,382.99,-0.01,204.73,463.86,1,-1,-1,-1
736,1814,141.58,80.33,116.79,353.88,1,-1,-1,-1
737,1801,381.95,-0.01,205.06,466.16,1,-1,-1,-1
737,1814,138.86,74.35,113.89,342.62,1,-1,-1,-1
738,1801,381.72,-0.00,204.85,467.04,1,-1,-1,-1
738,1814,137.64,72.02,113.26,338.51,1,-1,-1,-1
739,1801,382.99,-0.00,203.37,466.10,1,-1,-1,-1
739,1814,137.14,73.32,112.18,335.31,1,-1,-1,-1
740,1801,383.74,-0.00,202.29,465.77,1,-1,-1,-1
741,1801,383.29,-0.00,203.35,470.90,1,-1,-1,-1
741,1819,74.00,118.00,68.00,224.00,1,-1,-1,-1
742,1801,383.42,-0.00,203.14,472.85,1,-1,-1,-1
742,1819,74.00,118.00,68.00,224.00,1,-1,-1,-1
743,1801,382.31,-0.00,205.38,481.42,1,-1,-1,-1
744,1801,382.27,-0.00,205.46,484.66,1,-1,-1,-1
745,1801,377.52,-0.00,204.58,481.98,1,-1,-1,-1
746,1801,375.65,-0.00,204.35,480.92,1,-1,-1,-1
747,1801,379.16,-0.00,202.38,476.58,1,-1,-1,-1
748,1801,380.55,-0.00,201.55,474.92,1,-1,-1,-1
749,1801,385.74,-0.00,201.07,475.60,1,-1,-1,-1
750,1801,387.90,-0.00,200.49,475.86,1,-1,-1,-1
751,1801,390.65,-0.00,196.40,469.43,1,-1,-1,-1
751,1820,116.00,114.00,58.00,212.00,1,-1,-1,-1
752,1801,392.04,-0.00,194.13,466.99,1,-1,-1,-1
752,1820,116.00,114.00,58.00,212.00,1,-1,-1,-1
753,1801,392.61,-0.00,193.83,466.25,1,-1,-1,-1
753,1814,176.94,66.34,100.81,319.61,1,-1,-1,-1
754,1814,180.09,66.09,96.45,319.34,1,-1,-1,-1
755,1801,401.77,-0.00,184.96,454.08,1,-1,-1,-1
755,1814,181.88,66.00,95.99,317.83,1,-1,-1,-1
755,1821,88.00,86.00,94.00,288.00,1,-1,-1,-1
756,1801,404.55,-0.00,180.89,452.14,1,-1,-1,-1
756,1821,88.00,86.00,94.00,288.00,1,-1,-1,-1
757,1801,405.64,-0.00,180.23,450.46,1,-1,-1,-1
757,1814,105.73,71.00,95.34,312.46,1,-1,-1,-1
758,1814,93.36,71.79,95.80,311.60,1,-1,-1,-1
759,1801,415.02,5.04,170.77,439.45,1,-1,-1,-1
759,1814,87.83,72.18,95.30,309.97,1,-1,-1,-1
759,1822,10.00,44.00,128.00,354.00,1,-1,-1,-1
759,1823,214.00,162.00,78.00,218.00,1,-1,-1,-1
760,1801,418.20,5.84,165.88,437.72,1,-1,-1,-1
760,1814,32.26,50.40,108.41,343.78,1,-1,-1,-1
760,1823,214.00,162.00,78.00,218.00,1,-1,-1,-1
761,1801,419.63,6.31,165.01,435.43,1,-1,-1,-1
761,1814,4.51,22.48,116.44,376.73,1,-1,-1,-1
762,1814,-5.32,11.99,118.29,389.11,1,-1,-1,-1
763,1814,-16.76,7.70,119.74,393.89,1,-1,-1,-1
765,1801,429.04,0.74,155.76,420.57,1,-1,-1,-1
766,1801,431.08,0.19,152.44,419.33,1,-1,-1,-1
767,1801,429.29,0.01,149.70,418.89,1,-1,-1,-1
768,1801,429.18,-0.05,147.51,418.80,1,-1,-1,-1
769,1801,430.00,-0.21,146.74,416.61,1,-1,-1,-1
775,1801,435.14,16.89,141.72,407.74,1,-1,-1,-1
776,1801,436.06,18.02,140.15,407.33,1,-1,-1,-1
777,1801,430.48,23.67,138.24,400.59,1,-1,-1,-1
778,1801,428.29,25.74,137.72,398.13,1,-1,-1,-1
779,1801,421.95,14.61,145.95,426.25,1,-1,-1,-1
780,1801,420.02,10.53,148.19,436.57,1,-1,-1,-1
781,1801,417.77,3.75,152.10,445.76,1,-1,-1,-1
781,1824,122.00,128.00,62.00,186.00,1,-1,-1,-1
782,1801,416.73,1.13,153.99,449.27,1,-1,-1,-1
782,1814,117.74,124.46,59.51,191.24,1,-1,-1,-1
783,1801,412.47,0.14,157.30,457.01,1,-1,-1,-1
783,1814,118.95,133.51,60.37,192.94,1,-1,-1,-1
784,1801,410.70,-0.22,158.88,459.91,1,-1,-1,-1
784,1814,119.64,135.19,60.25,191.84,1,-1,-1,-1
785,1801,400.09,-0.34,162.61,468.69,1,-1,-1,-1
785,1814,103.09,132.54,64.34,197.73,1,-1,-1,-1
786,1801,395.88,-0.36,164.38,471.97,1,-1,-1,-1
786,1814,96.83,131.46,66.81,199.97,1,-1,-1,-1
787,1801,409.70,2.23,156.20,453.78,1,-1,-1,-1
787,1814,79.25,115.70,75.02,225.85,1,-1,-1,-1
787,1825,344.00,6.00,136.00,438.00,1,-1,-1,-1
788,1801,415.61,3.27,152.09,446.56,1,-1,-1,-1
788,1814,73.19,110.16,77.67,234.96,1,-1,-1,-1
788,1825,344.00,6.00,136.00,438.00,1,-1,-1,-1
789,1801,415.99,2.35,151.61,453.01,1,-1,-1,-1
789,1814,48.39,105.40,74.42,217.58,1,-1,-1,-1
789,1825,347.92,3.00,141.67,456.01,1,-1,-1,-1
790,1801,416.85,2.02,150.00,455.40,1,-1,-1,-1
790,1814,38.39,103.67,73.97,210.27,1,-1,-1,-1
790,1825,349.19,2.00,143.62,462.02,1,-1,-1,-1
791,1801,419.25,7.10,146.56,445.87,1,-1,-1,-1
791,1814,30.61,101.31,74.18,210.87,1,-1,-1,-1
791,1825,344.76,11.70,140.94,449.46,1,-1,-1,-1
791,1826,76.00,84.00,92.00,318.00,1,-1,-1,-1
792,1801,420.26,9.06,145.07,442.15,1,-1,-1,-1
792,1825,342.65,15.21,140.76,444.61,1,-1,-1,-1
792,1826,76.00,84.00,92.00,318.00,1,-1,-1,-1
793,1801,422.05,7.17,145.64,447.31,1,-1,-1,-1
793,1825,343.92,27.50,138.05,431.72,1,-1,-1,-1
793,1826,68.23,85.50,98.53,339.02,1,-1,-1,-1
794,1801,423.02,6.45,145.24,449.24,1,-1,-1,-1
794,1825,343.94,31.80,137.98,427.10,1,-1,-1,-1
794,1826,65.43,86.00,101.14,346.02,1,-1,-1,-1
795,1801,425.15,16.60,138.97,438.23,1,-1,-1,-1
795,1825,346.96,30.43,134.68,418.71,1,-1,-1,-1
795,1826,19.62,39.46,118.30,406.07,1,-1,-1,-1
795,1827,284.00,46.00,106.00,366.00,1,-1,-1,-1
796,1801,426.64,20.49,135.20,433.98,1,-1,-1,-1
796,1825,348.22,29.77,133.16,415.77,1,-1,-1,-1
796,1826,3.74,23.17,123.98,427.13,1,-1,-1,-1
796,1827,284.00,46.00,106.00,366.00,1,-1,-1,-1
797,1801,429.02,29.79,130.14,420.58,1,-1,-1,-1
797,1825,345.57,37.52,130.72,402.68,1,-1,-1,-1
797,1826,-9.54,11.66,129.71,446.86,1,-1,-1,-1
797,1827,282.10,40.00,109.80,378.01,1,-1,-1,-1
798,1801,430.14,33.25,127.80,415.56,1,-1,-1,-1
798,1825,344.06,40.25,130.87,398.01,1,-1,-1,-1
798,1827,281.31,37.99,111.38,382.01,1,-1,-1,-1
799,1801,426.06,17.28,133.26,434.91,1,-1,-1,-1
799,1825,350.81,45.17,127.14,384.36,1,-1,-1,-1
799,1827,282.94,44.58,108.13,370.26,1,-1,-1,-1
800,1801,424.71,11.41,134.99,442.04,1,-1,-1,-1
800,1825,353.08,46.83,126.25,379.55,1,-1,-1,-1
800,1827,283.48,47.04,107.04,365.85,1,-1,-1,-1
801,1801,421.93,15.60,133.68,434.42,1,-1,-1,-1
801,1825,353.61,32.52,129.17,388.77,1,-1,-1,-1
801,1827,281.42,42.30,109.76,374.10,1,-1,-1,-1
801,1828,38.00,154.00,52.00,136.00,1,-1,-1,-1
802,1801,420.61,17.23,133.69,431.46,1,-1,-1,-1
802,1825,353.82,27.26,130.18,392.24,1,-1,-1,-1
802,1827,280.58,40.61,110.95,377.03,1,-1,-1,-1
802,1828,38.00,154.00,52.00,136.00,1,-1,-1,-1
803,1801,421.92,17.84,131.41,426.42,1,-1,-1,-1
803,1825,355.77,27.88,130.74,395.00,1,-1,-1,-1
803,1827,278.12,38.66,113.01,383.46,1,-1,-1,-1
803,1828,39.06,158.50,51.39,134.50,1,-1,-1,-1
804,1801,422.62,18.06,130.18,424.54,1,-1,-1,-1
804,1825,356.57,28.10,130.78,396.14,1,-1,-1,-1
804,1827,277.17,37.95,113.86,385.80,1,-1,-1,-1
804,1828,39.42,160.00,51.15,134.00,1,-1,-1,-1
805,1801,429.66,19.44,125.37,410.74,1,-1,-1,-1
805,1825,348.66,32.12,132.70,403.23,1,-1,-1,-1
805,1827,276.52,37.17,114.45,387.79,1,-1,-1,-1
805,1828,44.25,164.78,50.37,130.95,1,-1,-1,-1
806,1801,432.49,19.95,123.26,405.54,1,-1,-1,-1
806,1825,345.79,33.61,133.20,405.94,1,-1,-1,-1
806,1828,45.73,166.32,50.40,129.94,1,-1,-1,-1
807,1801,436.41,34.67,120.71,397.09,1,-1,-1,-1
807,1825,343.12,40.68,133.93,409.62,1,-1,-1,-1
807,1828,46.43,161.14,52.72,135.25,1,-1,-1,-1
808,1801,437.84,40.15,119.79,394.02,1,-1,-1,-1
808,1825,342.24,43.33,133.96,411.04,1,-1,-1,-1
808,1828,46.54,159.27,53.72,137.14,1,-1,-1,-1
809,1801,444.36,39.47,118.03,390.33,1,-1,-1,-1
809,1814,79.01,156.95,48.27,138.89,1,-1,-1,-1
809,1825,341.64,37.77,130.62,402.46,1,-1,-1,-1
809,1828,47.78,159.64,53.87,137.51,1,-1,-1,-1
810,1801,446.92,39.14,117.07,389.06,1,-1,-1,-1
810,1814,81.04,158.23,47.41,137.54,1,-1,-1,-1
810,1825,341.57,35.59,129.08,399.19,1,-1,-1,-1
811,1801,446.64,27.09,123.08,416.40,1,-1,-1,-1
811,1814,84.82,164.32,46.20,134.13,1,-1,-1,-1
811,1825,347.73,26.87,131.91,409.83,1,-1,-1,-1
812,1801,447.17,22.66,123.99,426.43,1,-1,-1,-1
812,1814,86.08,166.35,45.82,133.08,1,-1,-1,-1
812,1825,350.20,23.62,132.64,413.80,1,-1,-1,-1
813,1801,441.21,19.61,123.69,429.08,1,-1,-1,-1
813,1814,84.79,161.41,47.69,136.99,1,-1,-1,-1
813,1825,361.83,23.68,128.44,404.93,1,-1,-1,-1
813,1829,300.00,138.00,64.00,198.00,1,-1,-1,-1
814,1801,439.14,18.44,123.02,430.07,1,-1,-1,-1
814,1814,84.17,159.58,48.62,138.46,1,-1,-1,-1
814,1825,366.64,23.73,126.13,401.51,1,-1,-1,-1
814,1829,300.00,138.00,64.00,198.00,1,-1,-1,-1
815,1801,432.64,14.11,125.04,439.51,1,-1,-1,-1
815,1814,80.90,152.14,52.28,149.81,1,-1,-1,-1
815,1825,368.48,15.88,130.34,419.93,1,-1,-1,-1
815,1827,302.58,130.86,62.62,210.12,1,-1,-1,-1
816,1801,430.36,12.48,125.43,443.05,1,-1,-1,-1
816,1814,79.79,149.41,53.44,153.95,1,-1,-1,-1
816,1825,369.60,12.99,131.01,426.76,1,-1,-1,-1
816,1827,303.44,134.35,61.06,203.38,1,-1,-1,-1
817,1801,432.01,7.99,127.00,450.83,1,-1,-1,-1
817,1814,81.84,148.35,52.79,152.97,1,-1,-1,-1
817,1825,368.39,18.36,129.25,420.33,1,-1,-1,-1
817,1827,310.05,139.94,59.47,193.80,1,-1,-1,-1
817,1828,39.52,140.80,62.05,159.31,1,-1,-1,-1
817,1830,184.00,164.00,48.00,138.00,1,-1,-1,-1
818,1801,432.83,6.30,127.24,453.74,1,-1,-1,-1
818,1814,82.71,147.95,52.37,152.55,1,-1,-1,-1
818,1825,367.81,20.49,128.67,417.78,1,-1,-1,-1
818,1827,311.84,141.48,59.70,191.19,1,-1,-1,-1
818,1828,39.18,139.85,62.17,160.37,1,-1,-1,-1
818,1830,184.00,164.00,48.00,138.00,1,-1,-1,-1
819,1801,430.89,3.10,129.25,462.54,1,-1,-1,-1
819,1814,84.80,150.44,51.27,151.06,1,-1,-1,-1
819,1825,368.84,20.03,128.83,418.31,1,-1,-1,-1
819,1827,314.42,146.10,57.07,182.76,1,-1,-1,-1
819,1828,36.06,143.38,61.76,162.03,1,-1,-1,-1
819,1830,182.72,165.50,49.06,141.00,1,-1,-1,-1
820,1801,430.28,1.91,129.76,465.84,1,-1,-1,-1
820,1814,85.73,151.40,50.55,150.48,1,-1,-1,-1
820,1828,35.12,144.76,61.10,162.62,1,-1,-1,-1
820,1830,182.28,166.00,49.43,142.00,1,-1,-1,-1
821,1801,432.20,0.20,125.65,451.52,1,-1,-1,-1
821,1814,86.26,151.32,50.64,150.73,1,-1,-1,-1
821,1828,31.48,141.45,63.52,169.24,1,-1,-1,-1
821,1830,181.86,166.50,49.78,143.01,1,-1,-1,-1
822,1801,433.00,-0.40,123.95,445.84,1,-1,-1,-1
822,1828,30.13,140.21,64.39,171.73,1,-1,-1,-1
823,1801,434.51,-0.59,124.83,446.29,1,-1,-1,-1
823,1828,30.39,143.59,64.45,173.92,1,-1,-1,-1
823,1830,137.52,153.63,56.45,162.01,1,-1,-1,-1
824,1801,434.89,-0.62,125.55,446.43,1,-1,-1,-1
824,1828,30.70,144.93,64.07,174.71,1,-1,-1,-1
824,1830,131.52,151.93,57.42,164.62,1,-1,-1,-1
825,1801,436.36,-0.60,127.05,447.76,1,-1,-1,-1
825,1828,30.24,144.17,59.97,164.66,1,-1,-1,-1
825,1830,122.32,163.20,60.30,169.43,1,-1,-1,-1
826,1801,436.63,-0.56,128.21,448.23,1,-1,-1,-1
826,1828,30.19,143.90,58.13,160.61,1,-1,-1,-1
826,1830,118.67,167.53,62.10,171.14,1,-1,-1,-1
827,1801,440.07,12.53,123.24,426.22,1,-1,-1,-1
827,1814,78.18,153.80,69.90,204.52,1,-1,-1,-1
827,1828,31.34,142.50,59.08,164.36,1,-1,-1,-1
827,1830,111.50,167.77,63.41,174.74,1,-1,-1,-1
828,1801,441.07,17.61,121.94,417.70,1,-1,-1,-1
828,1814,77.16,153.97,72.11,208.21,1,-1,-1,-1
828,1828,31.88,141.99,59.21,165.73,1,-1,-1,-1
829,1801,441.77,18.41,121.39,415.84,1,-1,-1,-1
829,1814,76.89,154.11,73.49,212.20,1,-1,-1,-1
829,1828,31.48,141.46,59.54,166.65,1,-1,-1,-1
829,1831,176.00,164.00,48.00,140.00,1,-1,-1,-1
830,1831,176.00,164.00,48.00,140.00,1,-1,-1,-1
831,1832,136.00,166.00,56.00,156.00,1,-1,-1,-1
832,1832,136.00,166.00,56.00,156.00,1,-1,-1,-1
833,1832,125.01,141.98,64.47,180.02,1,-1,-1,-1
833,1833,8.00,80.00,94.00,328.00,1,-1,-1,-1
833,1834,176.00,164.00,52.00,160.00,1,-1,-1,-1
834,1832,121.42,133.98,67.14,188.02,1,-1,-1,-1
834,1833,8.00,80.00,94.00,328.00,1,-1,-1,-1
834,1834,176.00,164.00,52.00,160.00,1,-1,-1,-1
835,1832,101.93,139.72,68.99,191.90,1,-1,-1,-1
835,1834,178.75,168.50,51.00,157.00,1,-1,-1,-1
836,1832,94.60,142.35,69.86,192.91,1,-1,-1,-1
836,1834,179.68,170.00,50.65,156.00,1,-1,-1,-1
837,1832,82.40,127.44,78.87,218.50,1,-1,-1,-1
837,1834,170.69,157.28,58.82,181.99,1,-1,-1,-1
837,1835,404.00,118.00,64.00,224.00,1,-1,-1,-1
