1,3398,283.03,217.64,81.60,168.39,1,-1,-1,-1
1,3417,226.33,186.69,26.30,66.63,1,-1,-1,-1
1,3419,210.80,163.92,25.12,53.73,1,-1,-1,-1
1,3421,440.94,270.44,46.40,114.95,1,-1,-1,-1
1,3423,399.08,170.38,21.32,61.86,1,-1,-1,-1
1,3427,204.00,210.00,48.00,136.00,1,-1,-1,-1
1,3428,388.00,176.00,158.00,246.00,1,-1,-1,-1
1,3429,52.00,166.00,108.00,272.00,1,-1,-1,-1
2,3398,279.21,218.04,90.36,168.51,1,-1,-1,-1
2,3427,204.00,210.00,48.00,136.00,1,-1,-1,-1
2,3428,388.00,176.00,158.00,246.00,1,-1,-1,-1
2,3429,52.00,166.00,108.00,272.00,1,-1,-1,-1
3,3398,276.39,216.86,93.85,168.63,1,-1,-1,-1
3,3427,204.08,204.00,50.83,145.01,1,-1,-1,-1
3,3428,392.76,177.50,158.98,247.50,1,-1,-1,-1
3,3429,60.46,167.50,107.60,270.50,1,-1,-1,-1
4,3398,274.73,216.40,96.29,168.63,1,-1,-1,-1
4,3427,204.28,201.99,51.44,148.01,1,-1,-1,-1
4,3428,394.34,178.00,159.33,248.00,1,-1,-1,-1
4,3429,63.18,168.00,107.65,270.00,1,-1,-1,-1
5,3398,275.47,216.64,96.92,169.73,1,-1,-1,-1
5,3427,210.33,204.24,50.95,147.47,1,-1,-1,-1
5,3428,406.56,186.81,148.87,232.24,1,-1,-1,-1
5,3429,76.02,169.59,108.15,268.41,1,-1,-1,-1
6,3427,212.62,205.16,50.48,147.10,1,-1,-1,-1
6,3428,410.80,189.84,144.98,226.73,1,-1,-1,-1
6,3429,79.83,170.11,109.20,267.89,1,-1,-1,-1
7,3398,235.26,202.75,97.55,177.02,1,-1,-1,-1
7,3427,214.14,204.53,51.06,148.78,1,-1,-1,-1
7,3428,423.71,182.20,147.43,235.00,1,-1,-1,-1
7,3429,85.13,170.83,108.90,267.17,1,-1,-1,-1
7,3430,190.00,210.00,38.00,130.00,1,-1,-1,-1
8,3398,229.93,200.54,95.51,178.20,1,-1,-1,-1
8,3428,429.02,179.55,146.28,237.90,1,-1,-1,-1
8,3430,190.00,210.00,38.00,130.00,1,-1,-1,-1
9,3398,222.17,203.67,92.22,174.69,1,-1,-1,-1
9,3428,444.83,175.83,140.68,236.34,1,-1,-1,-1
9,3429,114.64,168.52,111.05,269.48,1,-1,-1,-1
10,3398,219.64,204.92,90.35,173.30,1,-1,-1,-1
10,3428,451.88,174.45,135.78,235.80,1,-1,-1,-1
10,3429,118.40,168.22,112.34,269.78,1,-1,-1,-1
11,3398,210.61,196.24,100.81,197.63,1,-1,-1,-1
11,3428,466.02,182.00,123.83,218.22,1,-1,-1,-1
11,3429,127.53,165.44,113.00,271.22,1,-1,-1,-1
12,3398,207.89,193.08,103.37,206.47,1,-1,-1,-1
12,3428,471.43,184.89,118.39,211.64,1,-1,-1,-1
12,3429,130.64,164.41,113.28,271.76,1,-1,-1,-1
13,3398,221.38,191.83,94.46,191.08,1,-1,-1,-1
13,3428,485.51,177.71,128.49,232.57,1,-1,-1,-1
13,3429,154.00,165.36,109.42,261.38,1,-1,-1,-1
14,3398,227.48,191.43,90.21,184.49,1,-1,-1,-1
14,3428,490.98,175.23,130.93,239.83,1,-1,-1,-1
14,3429,162.40,165.73,108.20,257.43,1,-1,-1,-1
15,3398,225.02,190.01,90.90,185.89,1,-1,-1,-1
15,3428,496.80,172.95,135.59,250.51,1,-1,-1,-1
15,3429,174.64,165.87,110.16,260.02,1,-1,-1,-1
16,3428,499.17,172.10,136.70,254.59,1,-1,-1,-1
16,3429,178.66,165.93,111.38,261.01,1,-1,-1,-1
17,3427,286.83,205.81,45.68,132.84,1,-1,-1,-1
17,3428,503.60,171.79,137.35,258.71,1,-1,-1,-1
17,3429,180.17,164.63,115.15,270.63,1,-1,-1,-1
18,3427,289.28,205.92,45.50,132.07,1,-1,-1,-1
18,3428,505.53,171.69,136.71,260.24,1,-1,-1,-1
18,3429,180.65,164.15,116.37,274.23,1,-1,-1,-1
19,3427,294.47,205.83,45.30,131.48,1,-1,-1,-1
19,3428,515.65,172.97,132.79,256.88,1,-1,-1,-1
19,3429,194.84,163.98,120.74,278.21,1,-1,-1,-1
20,3428,519.89,173.48,130.12,255.52,1,-1,-1,-1
20,3429,199.31,163.91,123.84,279.71,1,-1,-1,-1
21,3398,147.41,196.88,92.49,195.89,1,-1,-1,-1
21,3427,302.80,211.07,46.78,133.46,1,-1,-1,-1
21,3428,527.85,169.78,127.74,258.87,1,-1,-1,-1
21,3429,203.34,161.30,128.95,286.75,1,-1,-1,-1
22,3398,143.31,197.53,90.16,196.45,1,-1,-1,-1
22,3427,303.89,211.85,47.53,133.74,1,-1,-1,-1
22,3428,531.82,168.39,124.60,260.10,1,-1,-1,-1
22,3429,204.13,160.31,131.97,289.39,1,-1,-1,-1
23,3398,135.47,199.04,85.19,184.93,1,-1,-1,-1
23,3427,308.53,212.36,47.46,133.54,1,-1,-1,-1
23,3428,544.37,173.07,113.91,246.26,1,-1,-1,-1
23,3429,215.57,178.05,127.15,274.84,1,-1,-1,-1
23,3431,2.00,148.00,28.00,298.00,1,-1,-1,-1
24,3398,132.73,199.64,83.38,180.45,1,-1,-1,-1
24,3428,549.92,174.93,107.77,240.80,1,-1,-1,-1
24,3429,219.24,185.00,126.09,269.08,1,-1,-1,-1
24,3431,2.00,148.00,28.00,298.00,1,-1,-1,-1
25,3398,121.91,203.83,84.18,170.86,1,-1,-1,-1
25,3428,555.75,174.87,107.58,240.37,1,-1,-1,-1
25,3429,240.26,166.41,132.12,286.75,1,-1,-1,-1
25,3431,4.13,158.51,26.74,281.49,1,-1,-1,-1
26,3398,117.01,205.40,86.77,167.27,1,-1,-1,-1
26,3429,248.54,159.65,132.98,293.17,1,-1,-1,-1
26,3431,4.71,162.01,26.59,275.99,1,-1,-1,-1
27,3398,108.26,208.63,90.05,160.67,1,-1,-1,-1
27,3429,257.54,168.58,128.92,289.21,1,-1,-1,-1
27,3431,13.43,174.76,22.73,222.75,1,-1,-1,-1
28,3398,103.72,209.80,94.44,158.27,1,-1,-1,-1
28,3429,261.28,172.10,126.15,287.59,1,-1,-1,-1
28,3431,15.85,178.57,22.30,205.68,1,-1,-1,-1
29,3398,92.58,208.87,100.70,161.47,1,-1,-1,-1
29,3429,282.10,161.70,126.18,292.15,1,-1,-1,-1
29,3431,21.57,182.48,25.59,210.74,1,-1,-1,-1
29,3432,232.00,206.00,92.00,150.00,1,-1,-1,-1
30,3398,87.49,208.51,105.32,162.68,1,-1,-1,-1
30,3429,290.28,157.78,125.11,293.84,1,-1,-1,-1
30,3431,22.20,183.58,28.64,212.43,1,-1,-1,-1
30,3432,232.00,206.00,92.00,150.00,1,-1,-1,-1
31,3398,69.65,205.72,114.36,178.97,1,-1,-1,-1
31,3429,299.66,161.48,124.61,290.56,1,-1,-1,-1
31,3431,24.20,185.13,32.84,217.75,1,-1,-1,-1
31,3432,234.06,212.00,90.88,148.50,1,-1,-1,-1
31,3433,190.00,196.00,34.00,54.00,1,-1,-1,-1
32,3398,63.55,204.69,116.79,184.95,1,-1,-1,-1
32,3429,302.71,162.94,124.85,289.24,1,-1,-1,-1
32,3431,23.62,185.54,36.64,219.92,1,-1,-1,-1
32,3432,234.84,214.01,90.33,148.00,1,-1,-1,-1
32,3433,190.00,196.00,34.00,54.00,1,-1,-1,-1
33,3398,50.40,197.88,121.80,197.56,1,-1,-1,-1
33,3429,313.50,172.64,124.70,282.19,1,-1,-1,-1
33,3431,27.10,188.75,35.75,214.62,1,-1,-1,-1
33,3432,239.10,214.55,90.80,149.32,1,-1,-1,-1
33,3434,10.00,188.00,130.00,222.00,1,-1,-1,-1
34,3398,46.27,195.25,122.08,202.41,1,-1,-1,-1
34,3429,316.55,176.35,126.09,279.47,1,-1,-1,-1
34,3432,240.65,214.64,90.71,149.79,1,-1,-1,-1
34,3434,10.00,188.00,130.00,222.00,1,-1,-1,-1
35,3398,17.02,189.12,133.31,220.82,1,-1,-1,-1
35,3429,330.12,173.77,132.74,288.97,1,-1,-1,-1
35,3432,254.41,221.53,86.28,141.65,1,-1,-1,-1
36,3398,5.82,186.78,137.69,227.86,1,-1,-1,-1
36,3429,334.36,172.81,136.53,292.49,1,-1,-1,-1
36,3432,259.17,223.95,84.98,138.67,1,-1,-1,-1
37,3398,3.51,184.60,140.61,234.37,1,-1,-1,-1
37,3429,347.78,165.93,134.53,289.93,1,-1,-1,-1
37,3432,265.39,216.43,90.32,148.73,1,-1,-1,-1
38,3398,3.10,183.77,141.17,236.85,1,-1,-1,-1
38,3429,352.83,163.27,133.33,288.91,1,-1,-1,-1
38,3432,267.82,213.79,91.63,152.25,1,-1,-1,-1
39,3398,14.36,187.30,130.47,226.26,1,-1,-1,-1
39,3429,362.09,159.66,133.28,292.42,1,-1,-1,-1
39,3432,277.54,211.41,91.30,150.97,1,-1,-1,-1
40,3398,20.23,188.75,124.06,221.89,1,-1,-1,-1
40,3429,365.80,158.32,132.35,293.73,1,-1,-1,-1
40,3432,280.96,210.48,91.41,150.45,1,-1,-1,-1
41,3398,13.81,190.62,115.81,209.78,1,-1,-1,-1
41,3429,381.47,157.83,130.24,294.20,1,-1,-1,-1
41,3432,288.93,208.81,92.27,152.89,1,-1,-1,-1
42,3398,11.98,191.36,111.88,205.04,1,-1,-1,-1
42,3429,387.80,157.67,128.20,294.36,1,-1,-1,-1
42,3432,291.96,208.19,92.23,153.79,1,-1,-1,-1
43,3398,6.06,191.65,117.28,212.48,1,-1,-1,-1
43,3429,405.48,160.23,123.67,287.88,1,-1,-1,-1
43,3431,105.94,174.68,44.55,230.97,1,-1,-1,-1
43,3432,300.61,211.89,92.56,155.43,1,-1,-1,-1
44,3398,3.58,191.76,120.02,215.21,1,-1,-1,-1
44,3429,412.33,161.24,121.06,285.37,1,-1,-1,-1
44,3431,106.58,174.26,49.33,231.43,1,-1,-1,-1
44,3432,303.93,213.30,92.31,156.03,1,-1,-1,-1
45,3398,-11.09,191.81,116.52,216.22,1,-1,-1,-1
45,3429,421.66,161.63,123.09,287.06,1,-1,-1,-1
45,3431,112.63,180.50,54.39,232.94,1,-1,-1,-1
45,3432,306.09,212.53,91.38,154.93,1,-1,-1,-1
46,3398,-15.49,191.84,113.03,216.57,1,-1,-1,-1
46,3429,424.56,161.79,124.55,287.69,1,-1,-1,-1
46,3431,113.73,182.91,58.41,233.53,1,-1,-1,-1
46,3432,306.81,212.23,90.86,154.49,1,-1,-1,-1
47,3398,-19.81,190.57,109.57,217.95,1,-1,-1,-1
47,3429,437.60,157.94,129.37,295.76,1,-1,-1,-1
47,3431,125.88,183.82,67.14,232.47,1,-1,-1,-1
47,3432,310.22,213.42,90.64,155.62,1,-1,-1,-1
48,3398,-20.17,190.08,106.03,218.44,1,-1,-1,-1
48,3429,441.95,156.50,131.91,298.79,1,-1,-1,-1
48,3431,128.23,184.14,74.64,232.07,1,-1,-1,-1
48,3432,311.63,213.87,90.06,156.03,1,-1,-1,-1
49,3398,-26.22,189.75,106.63,219.67,1,-1,-1,-1
49,3429,452.31,158.55,131.76,294.75,1,-1,-1,-1
49,3431,132.24,186.85,81.25,230.63,1,-1,-1,-1
49,3432,315.79,210.12,90.14,156.17,1,-1,-1,-1
50,3429,455.55,159.36,132.53,293.16,1,-1,-1,-1
50,3431,131.83,187.86,87.17,230.09,1,-1,-1,-1
50,3432,317.25,208.69,90.16,156.21,1,-1,-1,-1
51,3429,465.79,174.06,128.61,282.08,1,-1,-1,-1
51,3431,141.25,189.52,86.79,225.99,1,-1,-1,-1
51,3432,321.41,208.15,91.83,161.43,1,-1,-1,-1
52,3429,469.05,179.67,127.65,277.84,1,-1,-1,-1
52,3431,144.30,190.13,87.23,224.44,1,-1,-1,-1
52,3432,323.28,207.95,91.70,163.38,1,-1,-1,-1
53,3429,487.39,177.75,128.19,281.58,1,-1,-1,-1
53,3431,162.71,186.40,90.45,236.99,1,-1,-1,-1
53,3432,334.24,206.59,91.60,165.40,1,-1,-1,-1
53,3435,478.00,202.00,44.00,152.00,1,-1,-1,-1
54,3429,494.31,177.01,127.76,282.98,1,-1,-1,-1
54,3431,169.90,185.01,90.71,241.63,1,-1,-1,-1
54,3432,338.67,206.08,90.89,166.15,1,-1,-1,-1
54,3435,478.00,202.00,44.00,152.00,1,-1,-1,-1
55,3429,506.22,177.99,124.12,280.92,1,-1,-1,-1
55,3431,186.68,188.32,85.53,227.98,1,-1,-1,-1
55,3432,343.00,211.07,88.98,163.82,1,-1,-1,-1
55,3435,481.72,205.00,42.56,146.00,1,-1,-1,-1
56,3429,511.13,178.33,121.33,280.15,1,-1,-1,-1
56,3431,192.88,189.61,83.44,222.55,1,-1,-1,-1
56,3432,344.68,213.01,87.90,162.88,1,-1,-1,-1
56,3435,482.83,206.00,42.35,144.00,1,-1,-1,-1
57,3429,529.29,164.01,121.20,287.74,1,-1,-1,-1
57,3431,207.42,195.35,82.78,216.61,1,-1,-1,-1
57,3432,354.03,213.74,86.77,161.20,1,-1,-1,-1
57,3435,484.13,207.01,41.76,141.98,1,-1,-1,-1
58,3429,536.83,158.64,119.27,290.58,1,-1,-1,-1
58,3431,212.15,197.46,83.33,214.43,1,-1,-1,-1
58,3432,357.50,214.00,86.22,160.55,1,-1,-1,-1
59,3429,541.49,156.60,116.96,292.97,1,-1,-1,-1
59,3431,226.19,191.61,92.79,226.88,1,-1,-1,-1
59,3432,363.74,208.87,86.35,162.90,1,-1,-1,-1
60,3429,543.87,155.84,114.33,293.86,1,-1,-1,-1
60,3431,229.93,189.45,98.89,231.45,1,-1,-1,-1
60,3432,366.29,206.93,85.78,163.78,1,-1,-1,-1
61,3429,543.94,149.09,114.45,303.29,1,-1,-1,-1
61,3431,235.82,196.36,104.65,233.23,1,-1,-1,-1
61,3432,369.67,210.10,83.06,158.90,1,-1,-1,-1
61,3435,522.25,206.21,42.52,143.58,1,-1,-1,-1
62,3429,544.79,146.56,112.54,306.83,1,-1,-1,-1
62,3431,236.48,199.01,109.48,233.90,1,-1,-1,-1
62,3432,370.83,211.33,81.92,157.00,1,-1,-1,-1
62,3435,524.87,206.17,42.82,143.65,1,-1,-1,-1
63,3429,548.20,171.46,105.15,290.08,1,-1,-1,-1
63,3431,250.08,193.50,112.65,235.45,1,-1,-1,-1
63,3432,377.35,222.31,76.96,144.46,1,-1,-1,-1
63,3435,532.61,210.18,41.19,136.98,1,-1,-1,-1
64,3429,549.49,181.29,101.63,283.43,1,-1,-1,-1
64,3431,254.36,191.37,115.13,236.02,1,-1,-1,-1
64,3432,379.26,226.51,75.80,139.67,1,-1,-1,-1
64,3435,535.12,211.66,40.77,134.53,1,-1,-1,-1
65,3429,555.03,182.71,101.44,282.91,1,-1,-1,-1
65,3431,266.94,193.15,109.20,227.12,1,-1,-1,-1
65,3432,385.45,223.94,78.95,142.03,1,-1,-1,-1
65,3435,539.49,208.12,42.77,141.77,1,-1,-1,-1
66,3431,271.79,193.83,106.12,223.66,1,-1,-1,-1
66,3432,387.08,222.99,81.13,142.91,1,-1,-1,-1
66,3435,541.05,206.85,43.38,144.38,1,-1,-1,-1
67,3431,284.06,192.75,103.29,222.40,1,-1,-1,-1
67,3432,401.32,222.60,84.71,145.92,1,-1,-1,-1
67,3435,544.80,210.27,46.07,138.86,1,-1,-1,-1
68,3431,288.97,192.34,101.06,221.94,1,-1,-1,-1
68,3432,406.03,222.44,87.09,147.07,1,-1,-1,-1
68,3435,544.90,211.58,49.30,136.74,1,-1,-1,-1
69,3431,308.71,189.55,101.95,228.34,1,-1,-1,-1
69,3432,410.72,221.04,89.68,152.76,1,-1,-1,-1
69,3435,547.92,216.03,52.19,133.32,1,-1,-1,-1
70,3431,316.46,188.51,101.16,230.74,1,-1,-1,-1
70,3432,412.59,220.51,90.22,154.91,1,-1,-1,-1
70,3435,547.78,217.66,55.44,132.08,1,-1,-1,-1
71,3431,327.40,193.31,98.59,222.57,1,-1,-1,-1
71,3432,418.40,220.29,86.38,147.96,1,-1,-1,-1
71,3435,552.19,218.70,54.98,130.99,1,-1,-1,-1
