6,1,309.00,142.00,60.00,185.00,1,-1,-1,-1
7,1,309.00,142.00,60.00,185.00,1,-1,-1,-1
8,1,309.00,142.00,60.00,185.00,1,-1,-1,-1
9,1,309.00,142.00,60.00,185.00,1,-1,-1,-1
10,1,309.00,142.00,60.00,185.00,1,-1,-1,-1
11,1,331.67,146.24,66.28,202.68,1,-1,-1,-1
11,2,455.00,214.00,26.00,66.00,1,-1,-1,-1
12,1,341.78,146.38,70.55,214.77,1,-1,-1,-1
12,2,455.00,214.86,26.00,66.00,1,-1,-1,-1
13,1,345.39,146.40,72.36,219.30,1,-1,-1,-1
13,2,455.00,215.00,26.00,66.00,1,-1,-1,-1
14,1,346.44,146.37,73.20,220.84,1,-1,-1,-1
14,2,455.00,215.04,26.00,66.00,1,-1,-1,-1
15,1,346.52,146.33,73.65,221.23,1,-1,-1,-1
15,2,455.00,215.04,26.00,66.00,1,-1,-1,-1
16,1,365.72,116.86,93.92,281.37,1,-1,-1,-1
16,2,455.00,215.12,26.00,66.00,1,-1,-1,-1
17,1,372.71,106.33,101.42,303.09,1,-1,-1,-1
18,1,375.39,101.80,104.70,312.17,1,-1,-1,-1
19,1,376.20,100.05,106.05,315.50,1,-1,-1,-1
20,1,376.27,99.45,106.60,316.49,1,-1,-1,-1
21,1,413.75,72.71,115.07,342.55,1,-1,-1,-1
22,1,428.22,62.45,118.13,352.53,1,-1,-1,-1
23,1,433.97,58.41,119.10,356.23,1,-1,-1,-1
24,1,436.09,56.95,119.23,357.36,1,-1,-1,-1
25,1,436.77,56.52,119.05,357.51,1,-1,-1,-1
26,1,443.61,52.09,122.07,366.56,1,-1,-1,-1
26,3,192.00,166.00,51.00,171.00,1,-1,-1,-1
27,3,192.00,166.00,51.00,171.00,1,-1,-1,-1
28,3,192.00,166.00,51.00,171.00,1,-1,-1,-1
29,3,192.00,166.00,51.00,171.00,1,-1,-1,-1
30,3,192.00,166.00,51.00,171.00,1,-1,-1,-1
31,3,172.20,137.72,63.01,209.18,1,-1,-1,-1
32,3,165.23,128.13,67.62,222.12,1,-1,-1,-1
33,3,162.29,124.43,69.89,227.11,1,-1,-1,-1
34,3,161.10,123.26,71.13,228.70,1,-1,-1,-1
35,3,160.57,123.04,71.97,229.00,1,-1,-1,-1
36,3,123.34,92.76,95.45,301.28,1,-1,-1,-1
37,3,109.46,81.59,104.60,327.65,1,-1,-1,-1
38,3,103.33,76.96,108.96,338.86,1,-1,-1,-1
39,3,100.83,75.33,111.04,343.01,1,-1,-1,-1
40,3,99.84,74.91,112.14,344.26,1,-1,-1,-1
41,3,93.29,68.08,116.25,356.88,1,-1,-1,-1
41,4,11.00,19.00,142.00,444.00,1,-1,-1,-1
42,3,30.16,30.16,137.98,424.32,1,-1,-1,-1
43,3,13.95,19.94,143.68,442.57,1,-1,-1,-1
44,3,7.59,15.97,145.77,449.63,1,-1,-1,-1
45,3,5.38,14.63,146.35,452.01,1,-1,-1,-1
46,3,-4.36,6.46,151.18,466.93,1,-1,-1,-1
51,1,483.18,202.05,27.21,78.79,1,-1,-1,-1
52,1,481.02,206.02,25.03,70.96,1,-1,-1,-1
53,1,480.92,206.46,25.09,70.12,1,-1,-1,-1
54,1,480.76,206.36,25.41,70.30,1,-1,-1,-1
55,1,480.64,206.26,25.68,70.51,1,-1,-1,-1
56,1,480.68,204.71,27.07,72.86,1,-1,-1,-1
57,1,480.56,204.18,27.81,73.66,1,-1,-1,-1
58,1,480.40,204.00,28.29,73.95,1,-1,-1,-1
59,1,480.25,203.94,28.64,74.05,1,-1,-1,-1
60,1,480.11,203.93,28.91,74.07,1,-1,-1,-1
61,1,480.21,203.78,28.97,74.23,1,-1,-1,-1
66,5,92.00,162.00,60.00,170.00,1,-1,-1,-1
67,5,92.00,162.00,60.00,170.00,1,-1,-1,-1
68,5,92.00,162.00,60.00,170.00,1,-1,-1,-1
69,5,92.00,162.00,60.00,170.00,1,-1,-1,-1
70,5,92.00,162.00,60.00,170.00,1,-1,-1,-1
71,5,92.00,162.00,60.00,170.00,1,-1,-1,-1
71,6,388.00,209.00,21.00,74.00,1,-1,-1,-1
72,5,48.91,148.78,69.32,196.45,1,-1,-1,-1
73,5,40.36,146.15,71.15,201.70,1,-1,-1,-1
74,5,37.37,145.23,71.78,203.54,1,-1,-1,-1
75,5,36.52,144.97,71.95,204.07,1,-1,-1,-1
76,5,30.02,142.97,73.36,208.06,1,-1,-1,-1
91,7,381.00,181.00,38.00,147.00,1,-1,-1,-1
92,7,381.00,181.00,38.00,147.00,1,-1,-1,-1
93,7,381.00,181.00,38.00,147.00,1,-1,-1,-1
94,7,381.00,181.00,38.00,147.00,1,-1,-1,-1
95,7,381.00,181.00,38.00,147.00,1,-1,-1,-1
96,7,381.00,181.00,38.00,147.00,1,-1,-1,-1
96,8,496.00,198.00,62.00,141.00,1,-1,-1,-1
96,9,410.00,169.00,45.00,175.00,1,-1,-1,-1
97,7,404.88,171.08,43.97,170.14,1,-1,-1,-1
97,8,496.00,198.00,62.00,141.00,1,-1,-1,-1
98,7,409.62,169.11,45.14,174.74,1,-1,-1,-1
98,8,496.00,198.00,62.00,141.00,1,-1,-1,-1
99,7,411.30,168.42,45.54,176.35,1,-1,-1,-1
99,8,496.00,198.00,62.00,141.00,1,-1,-1,-1
100,7,411.78,168.22,45.65,176.81,1,-1,-1,-1
100,8,496.00,198.00,62.00,141.00,1,-1,-1,-1
101,7,415.38,166.73,46.55,180.30,1,-1,-1,-1
101,8,496.00,198.00,62.00,141.00,1,-1,-1,-1
101,10,545.00,177.00,71.00,194.00,1,-1,-1,-1
101,11,451.00,144.00,61.00,232.00,1,-1,-1,-1
102,10,545.00,177.00,71.00,194.00,1,-1,-1,-1
102,11,451.00,144.00,61.00,232.00,1,-1,-1,-1
103,7,446.54,147.38,58.02,224.35,1,-1,-1,-1
103,10,545.00,177.00,71.00,194.00,1,-1,-1,-1
104,7,451.75,144.16,60.01,231.68,1,-1,-1,-1
104,10,545.00,177.00,71.00,194.00,1,-1,-1,-1
105,7,453.65,142.95,60.81,234.43,1,-1,-1,-1
105,10,545.00,177.00,71.00,194.00,1,-1,-1,-1
106,7,459.10,140.09,62.51,240.99,1,-1,-1,-1
106,10,545.00,177.00,71.00,194.00,1,-1,-1,-1
121,12,452.00,181.00,45.00,141.00,1,-1,-1,-1
122,12,452.00,181.00,45.00,141.00,1,-1,-1,-1
123,12,452.00,181.00,45.00,141.00,1,-1,-1,-1
124,12,452.00,181.00,45.00,141.00,1,-1,-1,-1
125,12,452.00,181.00,45.00,141.00,1,-1,-1,-1
126,12,456.40,169.69,52.47,164.33,1,-1,-1,-1
126,13,256.00,199.00,21.00,75.00,1,-1,-1,-1
127,12,457.89,165.82,55.04,172.31,1,-1,-1,-1
127,13,256.00,199.00,21.00,75.00,1,-1,-1,-1
128,12,458.44,164.37,56.02,175.29,1,-1,-1,-1
128,13,256.00,199.00,21.00,75.00,1,-1,-1,-1
129,12,458.60,163.92,56.35,176.22,1,-1,-1,-1
129,13,256.00,199.00,21.00,75.00,1,-1,-1,-1
130,12,458.62,163.85,56.42,176.38,1,-1,-1,-1
130,13,256.00,199.00,21.00,75.00,1,-1,-1,-1
131,12,477.61,155.43,63.95,199.72,1,-1,-1,-1
131,13,256.00,199.00,21.00,75.00,1,-1,-1,-1
132,12,484.91,156.02,66.26,205.93,1,-1,-1,-1
132,14,544.00,143.00,57.00,226.00,1,-1,-1,-1
133,12,487.74,156.40,67.31,208.22,1,-1,-1,-1
133,14,544.00,143.00,57.00,226.00,1,-1,-1,-1
134,12,490.78,154.24,69.18,214.01,1,-1,-1,-1
134,13,232.26,206.36,25.23,86.96,1,-1,-1,-1
134,15,180.00,208.00,24.00,73.00,1,-1,-1,-1
135,13,229.43,207.12,26.44,88.19,1,-1,-1,-1
135,15,180.00,208.00,24.00,73.00,1,-1,-1,-1
136,13,226.38,208.08,26.91,89.75,1,-1,-1,-1
161,13,130.57,171.67,51.14,160.65,1,-1,-1,-1
162,13,128.13,170.73,53.38,161.91,1,-1,-1,-1
163,13,126.99,170.40,54.78,162.33,1,-1,-1,-1
164,13,126.44,170.31,55.72,162.42,1,-1,-1,-1
165,13,126.15,170.31,56.40,162.38,1,-1,-1,-1
166,13,122.41,165.86,62.17,178.98,1,-1,-1,-1
166,16,82.00,161.00,71.00,194.00,1,-1,-1,-1
167,13,120.99,164.18,64.34,185.21,1,-1,-1,-1
167,16,82.00,161.00,71.00,194.00,1,-1,-1,-1
168,13,120.53,163.55,65.19,187.63,1,-1,-1,-1
168,16,82.00,161.00,71.00,194.00,1,-1,-1,-1
169,13,120.44,163.34,65.49,188.48,1,-1,-1,-1
169,16,82.00,161.00,71.00,194.00,1,-1,-1,-1
170,13,120.49,163.30,65.57,188.71,1,-1,-1,-1
170,16,82.00,161.00,71.00,194.00,1,-1,-1,-1
171,13,93.80,150.52,74.96,215.60,1,-1,-1,-1
171,16,82.00,161.00,71.00,194.00,1,-1,-1,-1
172,13,83.15,153.09,78.61,227.49,1,-1,-1,-1
172,17,548.00,186.00,50.00,146.00,1,-1,-1,-1
173,13,78.98,154.24,79.83,232.27,1,-1,-1,-1
173,17,548.00,186.00,50.00,146.00,1,-1,-1,-1
174,13,77.56,154.77,80.05,234.03,1,-1,-1,-1
174,17,548.00,186.00,50.00,146.00,1,-1,-1,-1
175,13,77.23,155.03,79.89,234.57,1,-1,-1,-1
175,17,548.00,186.00,50.00,146.00,1,-1,-1,-1
176,13,73.07,153.71,81.50,239.27,1,-1,-1,-1
176,16,10.08,115.17,109.80,301.90,1,-1,-1,-1
176,17,548.00,186.00,50.00,146.00,1,-1,-1,-1
177,16,5.19,111.86,112.00,309.69,1,-1,-1,-1
178,16,3.71,110.73,112.38,312.35,1,-1,-1,-1
179,16,3.51,110.43,112.09,313.04,1,-1,-1,-1
180,16,3.78,110.45,111.60,313.01,1,-1,-1,-1
181,16,-2.60,106.37,115.02,322.60,1,-1,-1,-1
191,16,42.63,157.60,63.95,181.90,1,-1,-1,-1
192,16,47.75,156.28,60.25,172.88,1,-1,-1,-1
193,16,48.47,156.22,59.30,171.32,1,-1,-1,-1
194,16,48.81,156.17,58.84,170.94,1,-1,-1,-1
195,16,49.01,156.14,58.57,170.96,1,-1,-1,-1
196,13,25.03,126.03,73.34,225.12,1,-1,-1,-1
196,16,49.03,156.37,57.91,169.02,1,-1,-1,-1
197,13,26.00,125.70,70.69,223.48,1,-1,-1,-1
198,13,26.44,125.50,69.10,223.12,1,-1,-1,-1
199,13,26.96,125.46,67.97,223.00,1,-1,-1,-1
200,13,27.46,125.50,67.12,222.96,1,-1,-1,-1
201,13,25.82,124.64,67.08,222.85,1,-1,-1,-1
246,18,329.00,192.00,53.00,131.00,1,-1,-1,-1
247,18,329.00,192.00,53.00,131.00,1,-1,-1,-1
248,18,329.00,192.00,53.00,131.00,1,-1,-1,-1
249,18,329.00,192.00,53.00,131.00,1,-1,-1,-1
250,18,329.00,192.00,53.00,131.00,1,-1,-1,-1
251,18,329.00,192.00,53.00,131.00,1,-1,-1,-1
251,19,378.00,187.00,48.00,145.00,1,-1,-1,-1
252,19,378.00,187.00,48.00,145.00,1,-1,-1,-1
253,18,368.07,187.57,57.28,143.41,1,-1,-1,-1
254,18,373.71,186.97,57.22,145.10,1,-1,-1,-1
255,18,375.85,186.76,56.73,145.67,1,-1,-1,-1
256,18,381.20,186.15,57.40,147.38,1,-1,-1,-1
256,20,432.00,166.00,76.00,185.00,1,-1,-1,-1
256,21,215.00,183.00,50.00,148.00,1,-1,-1,-1
257,20,432.00,166.00,76.00,185.00,1,-1,-1,-1
257,21,215.00,183.00,50.00,148.00,1,-1,-1,-1
258,20,432.00,166.00,76.00,185.00,1,-1,-1,-1
258,21,215.00,183.00,50.00,148.00,1,-1,-1,-1
259,20,432.00,166.00,76.00,185.00,1,-1,-1,-1
259,21,215.00,183.00,50.00,148.00,1,-1,-1,-1
260,20,432.00,166.00,76.00,185.00,1,-1,-1,-1
260,21,215.00,183.00,50.00,148.00,1,-1,-1,-1
261,20,432.00,166.00,76.00,185.00,1,-1,-1,-1
261,21,215.00,183.00,50.00,148.00,1,-1,-1,-1
261,22,179.00,147.00,65.00,196.00,1,-1,-1,-1
262,22,179.00,147.00,65.00,196.00,1,-1,-1,-1
263,21,182.60,151.09,64.29,190.54,1,-1,-1,-1
264,21,178.19,146.72,66.18,196.38,1,-1,-1,-1
265,21,176.64,145.16,66.79,198.46,1,-1,-1,-1
266,21,172.07,140.65,68.81,204.46,1,-1,-1,-1
271,23,4.00,55.00,112.00,415.00,1,-1,-1,-1
272,23,4.00,55.00,112.00,415.00,1,-1,-1,-1
273,23,4.00,55.00,112.00,415.00,1,-1,-1,-1
274,23,4.00,55.00,112.00,415.00,1,-1,-1,-1
275,23,4.00,55.00,112.00,415.00,1,-1,-1,-1
276,23,4.00,55.00,112.00,415.00,1,-1,-1,-1
316,24,7.00,157.00,50.00,188.00,1,-1,-1,-1
317,24,7.00,157.00,50.00,188.00,1,-1,-1,-1
318,24,7.00,157.00,50.00,188.00,1,-1,-1,-1
319,24,7.00,157.00,50.00,188.00,1,-1,-1,-1
320,24,7.00,157.00,50.00,188.00,1,-1,-1,-1
321,24,7.00,157.00,50.00,188.00,1,-1,-1,-1
331,24,44.43,177.65,46.92,163.42,1,-1,-1,-1
332,24,44.30,178.31,49.48,162.63,1,-1,-1,-1
333,24,43.63,178.57,51.71,162.32,1,-1,-1,-1
334,24,42.76,178.62,53.64,162.26,1,-1,-1,-1
335,24,41.87,178.59,55.32,162.29,1,-1,-1,-1
336,24,34.61,175.23,57.74,171.64,1,-1,-1,-1
337,24,32.12,173.98,58.22,175.08,1,-1,-1,-1
338,24,31.29,173.47,58.06,176.43,1,-1,-1,-1
339,24,31.10,173.26,57.69,176.94,1,-1,-1,-1
340,24,31.15,173.17,57.28,177.12,1,-1,-1,-1
341,24,31.43,173.38,57.40,177.50,1,-1,-1,-1
346,25,115.00,154.00,73.00,205.00,1,-1,-1,-1
356,26,0.00,74.00,130.00,370.00,1,-1,-1,-1
357,26,0.00,74.00,130.00,370.00,1,-1,-1,-1
358,24,4.49,75.46,121.05,367.36,1,-1,-1,-1
359,24,2.94,72.57,124.40,372.91,1,-1,-1,-1
360,24,2.13,71.65,126.08,374.67,1,-1,-1,-1
361,24,0.93,67.18,129.04,383.47,1,-1,-1,-1
391,27,91.00,176.00,68.00,150.00,1,-1,-1,-1
392,27,91.00,176.00,68.00,150.00,1,-1,-1,-1
393,27,91.00,176.00,68.00,150.00,1,-1,-1,-1
394,27,91.00,176.00,68.00,150.00,1,-1,-1,-1
395,27,91.00,176.00,68.00,150.00,1,-1,-1,-1
396,27,76.37,168.22,76.04,169.80,1,-1,-1,-1
397,27,71.72,165.55,78.06,176.60,1,-1,-1,-1
398,27,70.37,164.57,78.08,179.10,1,-1,-1,-1
399,27,70.34,164.27,77.33,179.86,1,-1,-1,-1
400,27,70.79,164.22,76.30,179.98,1,-1,-1,-1
401,27,68.19,162.86,77.77,183.45,1,-1,-1,-1
401,28,42.00,141.00,61.00,221.00,1,-1,-1,-1
402,27,36.28,145.76,87.64,213.08,1,-1,-1,-1
403,27,19.65,131.61,96.79,241.71,1,-1,-1,-1
404,27,13.98,126.08,98.72,252.90,1,-1,-1,-1
405,27,12.55,123.91,98.03,257.28,1,-1,-1,-1
406,27,6.31,120.08,101.03,265.17,1,-1,-1,-1
426,29,303.00,226.00,19.00,49.00,1,-1,-1,-1
427,29,303.00,226.00,19.00,49.00,1,-1,-1,-1
428,29,303.00,226.00,19.00,49.00,1,-1,-1,-1
429,29,303.00,226.00,19.00,49.00,1,-1,-1,-1
430,29,303.00,226.00,19.00,49.00,1,-1,-1,-1
431,29,303.00,226.00,19.00,49.00,1,-1,-1,-1
466,30,290.00,222.00,33.00,90.00,1,-1,-1,-1
467,30,290.00,222.00,33.00,90.00,1,-1,-1,-1
468,30,290.00,222.00,33.00,90.00,1,-1,-1,-1
469,30,290.00,222.00,33.00,90.00,1,-1,-1,-1
470,30,290.00,222.00,33.00,90.00,1,-1,-1,-1
471,30,290.00,222.00,33.00,90.00,1,-1,-1,-1
481,30,357.26,187.58,50.89,140.15,1,-1,-1,-1
482,30,360.15,186.21,51.21,142.15,1,-1,-1,-1
483,30,361.17,185.77,51.10,142.79,1,-1,-1,-1
484,30,361.50,185.67,50.87,142.93,1,-1,-1,-1
485,30,361.58,185.69,50.61,142.90,1,-1,-1,-1
486,30,365.68,183.60,51.69,145.95,1,-1,-1,-1
486,31,328.00,236.00,17.00,55.00,1,-1,-1,-1
487,31,328.00,236.00,17.00,55.00,1,-1,-1,-1
488,31,328.00,236.00,17.00,55.00,1,-1,-1,-1
489,31,328.00,236.00,17.00,55.00,1,-1,-1,-1
490,31,328.00,236.00,17.00,55.00,1,-1,-1,-1
491,31,327.90,239.54,17.21,55.00,1,-1,-1,-1
491,32,340.00,238.00,18.00,54.00,1,-1,-1,-1
491,33,443.00,153.00,72.00,231.00,1,-1,-1,-1
492,31,327.78,240.78,17.43,55.00,1,-1,-1,-1
492,32,340.00,238.00,18.00,54.00,1,-1,-1,-1
492,33,443.00,153.00,72.00,231.00,1,-1,-1,-1
493,30,435.59,154.19,78.58,226.23,1,-1,-1,-1
493,31,327.67,241.19,17.66,55.00,1,-1,-1,-1
493,32,340.00,238.00,18.00,54.00,1,-1,-1,-1
494,30,441.99,151.27,80.80,232.61,1,-1,-1,-1
494,31,327.67,241.96,17.66,55.00,1,-1,-1,-1
494,32,340.00,238.00,18.00,54.00,1,-1,-1,-1
506,34,321.00,214.00,21.00,73.00,1,-1,-1,-1
507,34,321.00,214.00,21.00,73.00,1,-1,-1,-1
508,34,321.00,214.00,21.00,73.00,1,-1,-1,-1
509,34,321.00,214.00,21.00,73.00,1,-1,-1,-1
510,34,321.00,214.00,21.00,73.00,1,-1,-1,-1
511,34,321.00,214.00,21.00,73.00,1,-1,-1,-1
511,35,43.00,193.00,44.00,149.00,1,-1,-1,-1
511,36,143.00,192.00,49.00,130.00,1,-1,-1,-1
512,35,43.00,193.00,44.00,149.00,1,-1,-1,-1
512,36,143.00,192.00,49.00,130.00,1,-1,-1,-1
513,35,43.00,193.00,44.00,149.00,1,-1,-1,-1
513,36,143.00,192.00,49.00,130.00,1,-1,-1,-1
514,35,43.00,193.00,44.00,149.00,1,-1,-1,-1
514,36,143.00,192.00,49.00,130.00,1,-1,-1,-1
515,35,43.00,193.00,44.00,149.00,1,-1,-1,-1
515,36,143.00,192.00,49.00,130.00,1,-1,-1,-1
516,35,43.00,193.00,44.00,149.00,1,-1,-1,-1
516,36,131.30,182.10,53.30,142.73,1,-1,-1,-1
517,36,127.45,178.68,54.41,147.13,1,-1,-1,-1
518,36,126.26,177.45,54.43,148.70,1,-1,-1,-1
519,36,126.10,177.08,54.03,149.18,1,-1,-1,-1
520,36,126.32,177.03,53.49,149.25,1,-1,-1,-1
521,36,103.11,169.85,55.97,157.07,1,-1,-1,-1
521,37,298.00,232.00,23.00,66.00,1,-1,-1,-1
522,34,300.02,231.74,19.58,66.10,1,-1,-1,-1
522,36,94.56,167.19,56.68,159.96,1,-1,-1,-1
523,34,299.18,232.27,19.98,65.89,1,-1,-1,-1
523,36,91.45,166.24,56.74,160.99,1,-1,-1,-1
524,34,298.76,232.47,20.32,65.82,1,-1,-1,-1
524,36,90.50,165.95,56.55,161.29,1,-1,-1,-1
525,34,298.56,232.51,20.63,65.80,1,-1,-1,-1
525,36,90.37,165.91,56.29,161.31,1,-1,-1,-1
526,34,297.46,233.46,20.51,65.43,1,-1,-1,-1
526,36,86.41,164.05,57.07,163.53,1,-1,-1,-1
526,38,46.00,154.00,52.00,184.00,1,-1,-1,-1
527,36,50.58,155.95,61.55,179.67,1,-1,-1,-1
528,36,42.22,153.84,61.86,183.67,1,-1,-1,-1
529,36,39.43,153.08,61.39,185.14,1,-1,-1,-1
530,36,38.80,152.86,60.68,185.60,1,-1,-1,-1
531,34,293.98,231.49,21.63,67.70,1,-1,-1,-1
531,36,33.21,154.77,61.20,188.89,1,-1,-1,-1
531,39,287.00,232.00,15.00,61.00,1,-1,-1,-1
532,34,286.09,231.29,20.23,65.87,1,-1,-1,-1
532,36,27.05,152.98,62.21,192.00,1,-1,-1,-1
533,34,283.52,231.22,19.39,65.23,1,-1,-1,-1
534,34,282.77,231.18,18.79,65.00,1,-1,-1,-1
535,34,282.66,231.16,18.33,64.92,1,-1,-1,-1
536,34,281.16,231.41,18.26,64.71,1,-1,-1,-1
546,36,132.52,168.80,55.32,161.18,1,-1,-1,-1
546,40,342.00,193.00,75.00,138.00,1,-1,-1,-1
547,36,134.24,171.35,54.66,157.01,1,-1,-1,-1
548,36,134.75,171.94,54.88,156.03,1,-1,-1,-1
549,36,134.72,172.14,55.21,155.71,1,-1,-1,-1
550,36,134.49,172.19,55.53,155.63,1,-1,-1,-1
551,36,121.60,157.46,63.65,179.07,1,-1,-1,-1
551,41,92.00,135.00,64.00,222.00,1,-1,-1,-1
551,42,343.00,184.00,71.00,149.00,1,-1,-1,-1
552,36,121.97,155.93,64.47,181.38,1,-1,-1,-1
552,41,90.81,125.57,68.10,235.71,1,-1,-1,-1
552,42,347.79,190.00,69.14,144.71,1,-1,-1,-1
553,41,90.52,124.00,68.97,238.00,1,-1,-1,-1
553,42,348.47,191.00,69.07,144.00,1,-1,-1,-1
554,41,90.33,123.58,69.41,238.62,1,-1,-1,-1
554,42,348.51,191.25,69.31,143.82,1,-1,-1,-1
555,41,90.18,123.53,69.73,238.69,1,-1,-1,-1
555,42,348.33,191.28,69.69,143.80,1,-1,-1,-1
556,41,90.06,122.57,70.14,240.08,1,-1,-1,-1
556,42,349.55,179.89,72.90,150.92,1,-1,-1,-1
557,42,350.04,175.93,73.85,153.40,1,-1,-1,-1
558,42,350.29,174.54,74.00,154.27,1,-1,-1,-1
559,42,350.44,174.12,73.86,154.53,1,-1,-1,-1
560,42,350.56,174.05,73.61,154.58,1,-1,-1,-1
561,42,355.62,178.08,70.72,152.56,1,-1,-1,-1
561,43,398.00,188.00,55.00,148.00,1,-1,-1,-1
562,42,358.07,179.67,68.50,151.76,1,-1,-1,-1
562,43,398.00,188.00,55.00,148.00,1,-1,-1,-1
563,42,359.48,180.29,66.60,151.44,1,-1,-1,-1
563,43,398.00,188.00,55.00,148.00,1,-1,-1,-1
564,42,360.48,180.56,64.89,151.30,1,-1,-1,-1
564,43,398.00,188.00,55.00,148.00,1,-1,-1,-1
565,42,361.28,180.67,63.32,151.23,1,-1,-1,-1
565,43,398.00,188.00,55.00,148.00,1,-1,-1,-1
566,42,365.88,182.71,65.92,158.42,1,-1,-1,-1
566,43,396.32,193.66,59.08,157.90,1,-1,-1,-1
567,42,367.70,183.47,66.64,161.09,1,-1,-1,-1
567,43,395.58,195.62,60.79,161.34,1,-1,-1,-1
568,42,368.47,183.78,66.69,162.09,1,-1,-1,-1
568,43,395.17,196.31,61.70,162.55,1,-1,-1,-1
569,42,368.83,183.90,66.50,162.44,1,-1,-1,-1
569,43,394.89,196.52,62.29,162.90,1,-1,-1,-1
570,42,369.02,183.95,66.23,162.54,1,-1,-1,-1
570,43,394.66,196.54,62.75,162.95,1,-1,-1,-1
571,42,368.08,181.37,66.13,163.84,1,-1,-1,-1
571,43,394.39,197.51,63.40,164.64,1,-1,-1,-1
572,42,367.86,180.39,65.74,164.31,1,-1,-1,-1
573,42,367.91,180.02,65.28,164.45,1,-1,-1,-1
574,42,368.05,179.89,64.81,164.48,1,-1,-1,-1
575,42,368.21,179.85,64.36,164.46,1,-1,-1,-1
576,42,369.56,175.29,69.38,179.39,1,-1,-1,-1
577,42,370.31,173.60,70.74,184.93,1,-1,-1,-1
578,42,370.80,172.95,70.86,187.08,1,-1,-1,-1
579,42,371.16,172.71,70.50,187.85,1,-1,-1,-1
580,42,371.45,172.65,69.99,188.08,1,-1,-1,-1
581,42,389.52,168.78,72.52,188.10,1,-1,-1,-1
582,42,395.78,167.31,74.78,188.05,1,-1,-1,-1
583,42,397.53,166.77,76.81,187.97,1,-1,-1,-1
584,42,397.59,166.60,78.65,187.89,1,-1,-1,-1
585,42,397.06,166.56,80.31,187.81,1,-1,-1,-1
586,42,399.12,165.77,80.86,189.11,1,-1,-1,-1
591,44,247.00,198.00,26.00,80.00,1,-1,-1,-1
592,44,247.00,198.00,26.00,80.00,1,-1,-1,-1
593,44,247.00,198.00,26.00,80.00,1,-1,-1,-1
594,44,247.00,198.00,26.00,80.00,1,-1,-1,-1
595,44,247.00,198.00,26.00,80.00,1,-1,-1,-1
596,42,354.50,167.63,68.66,161.55,1,-1,-1,-1
596,44,247.00,198.00,26.00,80.00,1,-1,-1,-1
596,45,440.00,132.00,84.00,243.00,1,-1,-1,-1
597,42,352.33,167.85,67.75,160.12,1,-1,-1,-1
597,45,440.00,132.00,84.00,243.00,1,-1,-1,-1
598,42,351.73,167.89,67.32,159.67,1,-1,-1,-1
598,45,440.00,132.00,84.00,243.00,1,-1,-1,-1
599,42,351.61,167.91,67.08,159.54,1,-1,-1,-1
599,45,440.00,132.00,84.00,243.00,1,-1,-1,-1
600,42,351.67,167.93,66.92,159.53,1,-1,-1,-1
600,45,440.00,132.00,84.00,243.00,1,-1,-1,-1
601,42,337.03,159.98,80.41,193.38,1,-1,-1,-1
601,45,440.00,132.00,84.00,243.00,1,-1,-1,-1
601,46,482.00,116.00,87.00,313.00,1,-1,-1,-1
602,42,332.00,157.16,84.76,205.35,1,-1,-1,-1
602,45,466.58,118.78,102.75,300.85,1,-1,-1,-1
603,42,328.93,156.02,86.31,209.12,1,-1,-1,-1
603,45,471.35,111.06,109.34,323.77,1,-1,-1,-1
604,45,473.51,108.01,111.09,332.69,1,-1,-1,-1
605,45,474.56,106.91,110.86,335.80,1,-1,-1,-1
606,42,294.34,111.18,117.51,289.10,1,-1,-1,-1
606,45,476.94,88.00,110.87,338.51,1,-1,-1,-1
607,42,278.88,99.26,127.74,312.87,1,-1,-1,-1
607,45,474.88,74.93,110.06,338.59,1,-1,-1,-1
608,42,272.39,94.37,132.21,322.62,1,-1,-1,-1
608,45,474.18,69.96,109.17,338.27,1,-1,-1,-1
609,42,269.77,92.49,134.16,326.35,1,-1,-1,-1
609,45,474.02,68.20,108.30,337.85,1,-1,-1,-1
610,42,268.77,91.85,135.03,327.60,1,-1,-1,-1
610,45,474.06,67.68,107.48,337.42,1,-1,-1,-1
611,42,210.22,46.38,173.16,427.33,1,-1,-1,-1
611,45,476.41,63.31,109.68,344.32,1,-1,-1,-1
612,42,189.57,29.55,185.27,464.22,1,-1,-1,-1
613,42,181.36,22.29,189.06,480.16,1,-1,-1,-1
614,42,178.85,19.48,189.19,486.34,1,-1,-1,-1
615,42,178.63,18.53,187.95,488.43,1,-1,-1,-1
616,42,104.78,7.03,208.61,534.68,1,-1,-1,-1
617,42,75.55,2.59,218.21,552.50,1,-1,-1,-1
618,42,63.19,0.98,223.30,559.34,1,-1,-1,-1
619,42,57.98,0.53,226.37,561.63,1,-1,-1,-1
620,42,55.71,0.53,228.51,562.12,1,-1,-1,-1
621,42,44.47,-5.07,234.02,575.67,1,-1,-1,-1
626,47,234.00,192.00,39.00,132.00,1,-1,-1,-1
627,47,234.00,192.00,39.00,132.00,1,-1,-1,-1
628,47,234.00,192.00,39.00,132.00,1,-1,-1,-1
629,47,236.20,191.26,40.53,137.19,1,-1,-1,-1
630,47,236.94,191.01,41.04,138.93,1,-1,-1,-1
631,47,234.59,186.05,42.17,142.26,1,-1,-1,-1
632,47,233.67,184.28,42.66,143.39,1,-1,-1,-1
633,47,233.27,183.67,42.91,143.72,1,-1,-1,-1
634,47,233.08,183.50,43.09,143.77,1,-1,-1,-1
635,47,232.96,183.48,43.23,143.72,1,-1,-1,-1
636,45,455.72,172.28,51.95,161.43,1,-1,-1,-1
636,47,228.89,183.52,44.70,146.97,1,-1,-1,-1
637,45,454.60,175.09,50.78,156.84,1,-1,-1,-1
637,47,227.22,183.55,45.54,148.14,1,-1,-1,-1
638,45,454.31,175.93,50.54,155.44,1,-1,-1,-1
638,47,226.47,183.60,46.12,148.54,1,-1,-1,-1
639,45,454.23,175.92,50.69,155.45,1,-1,-1,-1
639,47,226.07,183.64,46.58,148.64,1,-1,-1,-1
640,45,454.20,175.76,50.90,155.73,1,-1,-1,-1
640,47,225.83,183.68,46.98,148.64,1,-1,-1,-1
641,45,461.20,174.89,52.04,158.13,1,-1,-1,-1
641,47,221.20,180.45,49.03,154.47,1,-1,-1,-1
641,48,177.00,174.00,62.00,162.00,1,-1,-1,-1
642,45,463.54,174.54,52.64,159.04,1,-1,-1,-1
642,47,219.41,179.24,49.91,156.65,1,-1,-1,-1
642,48,177.00,174.00,62.00,162.00,1,-1,-1,-1
643,45,465.13,175.19,52.36,158.19,1,-1,-1,-1
643,47,218.43,178.43,50.42,158.24,1,-1,-1,-1
643,48,174.53,171.00,65.44,169.51,1,-1,-1,-1
644,48,173.43,170.00,67.14,172.01,1,-1,-1,-1
645,48,172.79,169.71,68.28,172.73,1,-1,-1,-1
646,45,477.99,154.35,72.21,220.31,1,-1,-1,-1
646,48,168.79,166.87,72.06,181.93,1,-1,-1,-1
647,45,484.87,152.76,73.27,226.95,1,-1,-1,-1
647,48,165.19,164.54,74.41,187.83,1,-1,-1,-1
648,45,487.94,152.19,73.15,229.44,1,-1,-1,-1
648,48,163.88,163.70,75.24,189.92,1,-1,-1,-1
649,45,489.27,152.03,72.63,230.20,1,-1,-1,-1
649,48,163.45,163.45,75.50,190.55,1,-1,-1,-1
650,45,489.89,152.02,72.02,230.32,1,-1,-1,-1
650,48,163.35,163.40,75.55,190.64,1,-1,-1,-1
651,45,492.42,150.41,73.74,235.82,1,-1,-1,-1
651,48,136.43,155.54,78.74,196.47,1,-1,-1,-1
652,48,126.07,152.61,80.44,198.60,1,-1,-1,-1
653,48,121.96,151.54,81.54,199.30,1,-1,-1,-1
654,48,120.31,151.19,82.37,199.46,1,-1,-1,-1
655,48,119.62,151.12,83.08,199.42,1,-1,-1,-1
656,45,497.57,172.62,60.03,183.88,1,-1,-1,-1
656,48,115.70,149.57,84.06,201.79,1,-1,-1,-1
657,45,496.63,175.27,59.78,177.22,1,-1,-1,-1
658,45,496.04,175.93,60.79,175.67,1,-1,-1,-1
659,45,495.43,176.15,61.87,175.13,1,-1,-1,-1
660,45,494.84,176.21,62.87,174.94,1,-1,-1,-1
661,45,501.39,179.54,61.56,168.22,1,-1,-1,-1
662,45,503.55,180.78,61.58,165.70,1,-1,-1,-1
663,45,504.03,181.20,62.07,164.83,1,-1,-1,-1
664,45,503.93,181.33,62.68,164.54,1,-1,-1,-1
665,45,503.64,181.35,63.28,164.48,1,-1,-1,-1
666,45,519.09,168.10,73.98,191.62,1,-1,-1,-1
666,48,-12.43,91.68,144.87,364.50,1,-1,-1,-1
666,49,81.00,146.00,69.00,182.00,1,-1,-1,-1
667,45,527.95,157.77,79.28,205.05,1,-1,-1,-1
667,48,-21.72,87.62,149.08,375.11,1,-1,-1,-1
668,45,531.47,153.53,81.50,210.53,1,-1,-1,-1
669,45,532.72,151.88,82.40,212.63,1,-1,-1,-1
670,45,533.08,151.29,82.77,213.35,1,-1,-1,-1
671,45,536.26,149.53,83.90,216.28,1,-1,-1,-1
676,50,4.00,91.00,104.00,331.00,1,-1,-1,-1
677,50,4.00,91.00,104.00,331.00,1,-1,-1,-1
678,50,4.00,91.00,104.00,331.00,1,-1,-1,-1
679,50,4.00,91.00,104.00,331.00,1,-1,-1,-1
680,50,4.00,91.00,104.00,331.00,1,-1,-1,-1
681,50,4.00,91.00,104.00,331.00,1,-1,-1,-1
686,45,537.78,172.73,63.75,170.30,1,-1,-1,-1
686,51,291.00,199.00,31.00,101.00,1,-1,-1,-1
687,45,537.78,173.87,61.38,168.18,1,-1,-1,-1
687,51,291.00,199.00,31.00,101.00,1,-1,-1,-1
688,45,538.27,174.18,60.01,167.58,1,-1,-1,-1
688,51,291.00,199.00,31.00,101.00,1,-1,-1,-1
689,45,538.66,174.27,59.07,167.42,1,-1,-1,-1
689,51,291.00,199.00,31.00,101.00,1,-1,-1,-1
690,45,538.97,174.27,58.37,167.42,1,-1,-1,-1
690,51,291.00,199.00,31.00,101.00,1,-1,-1,-1
691,45,539.38,174.76,58.01,166.37,1,-1,-1,-1
691,51,287.90,199.71,32.26,105.24,1,-1,-1,-1
692,51,286.83,199.95,32.67,106.72,1,-1,-1,-1
693,51,286.48,200.04,32.77,107.23,1,-1,-1,-1
694,51,286.39,200.06,32.77,107.38,1,-1,-1,-1
695,51,286.40,200.07,32.73,107.40,1,-1,-1,-1
696,51,285.87,200.19,32.95,108.12,1,-1,-1,-1
706,51,224.12,175.81,46.98,153.78,1,-1,-1,-1
707,51,221.39,174.74,47.67,155.74,1,-1,-1,-1
708,51,220.42,174.36,47.95,156.42,1,-1,-1,-1
709,51,220.14,174.25,48.07,156.60,1,-1,-1,-1
710,51,220.11,174.24,48.12,156.59,1,-1,-1,-1
711,51,216.73,173.00,48.91,159.19,1,-1,-1,-1
711,52,172.00,154.00,72.00,200.00,1,-1,-1,-1
712,51,185.67,158.44,59.74,190.45,1,-1,-1,-1
713,51,172.87,156.11,65.19,212.84,1,-1,-1,-1
713,53,92.00,171.00,55.00,153.00,1,-1,-1,-1
714,51,168.18,155.19,66.54,221.82,1,-1,-1,-1
714,53,92.00,171.00,55.00,153.00,1,-1,-1,-1
715,51,166.77,154.89,66.38,225.37,1,-1,-1,-1
715,53,92.00,171.00,55.00,153.00,1,-1,-1,-1
716,51,161.29,152.89,68.05,231.03,1,-1,-1,-1
716,53,92.00,171.00,55.00,153.00,1,-1,-1,-1
716,54,46.00,146.00,59.00,189.00,1,-1,-1,-1
717,53,48.68,149.44,65.75,184.04,1,-1,-1,-1
718,53,38.21,144.25,68.42,191.52,1,-1,-1,-1
718,55,86.00,91.00,102.00,324.00,1,-1,-1,-1
718,56,317.00,199.00,46.00,127.00,1,-1,-1,-1
719,51,97.79,99.96,92.66,311.82,1,-1,-1,-1
719,56,317.00,199.00,46.00,127.00,1,-1,-1,-1
720,51,66.74,83.63,106.29,354.97,1,-1,-1,-1
721,51,41.94,59.05,118.27,394.61,1,-1,-1,-1
722,51,31.71,48.85,123.29,411.01,1,-1,-1,-1
723,51,27.71,44.76,125.33,417.51,1,-1,-1,-1
724,51,26.33,43.26,126.10,419.82,1,-1,-1,-1
725,51,26.01,42.81,126.36,420.44,1,-1,-1,-1
726,51,17.30,37.30,129.62,431.31,1,-1,-1,-1
731,57,360.00,191.00,53.00,140.00,1,-1,-1,-1
732,57,360.00,191.00,53.00,140.00,1,-1,-1,-1
733,57,360.00,191.00,53.00,140.00,1,-1,-1,-1
734,57,360.00,191.00,53.00,140.00,1,-1,-1,-1
735,57,360.00,191.00,53.00,140.00,1,-1,-1,-1
736,57,370.40,185.34,55.53,147.07,1,-1,-1,-1
736,58,549.00,173.00,50.00,167.00,1,-1,-1,-1
737,57,374.08,183.37,56.31,149.53,1,-1,-1,-1
737,58,549.00,173.00,50.00,167.00,1,-1,-1,-1
738,57,375.41,182.69,56.47,150.39,1,-1,-1,-1
738,58,549.00,173.00,50.00,167.00,1,-1,-1,-1
739,57,375.85,182.49,56.40,150.64,1,-1,-1,-1
739,58,549.00,173.00,50.00,167.00,1,-1,-1,-1
740,57,375.98,182.46,56.26,150.67,1,-1,-1,-1
740,58,549.00,173.00,50.00,167.00,1,-1,-1,-1
741,51,82.82,180.99,51.02,164.21,1,-1,-1,-1
741,53,178.47,188.53,53.70,148.25,1,-1,-1,-1
741,57,377.74,181.50,56.71,151.87,1,-1,-1,-1
741,58,549.00,173.00,50.00,167.00,1,-1,-1,-1
741,59,408.00,174.00,74.00,165.00,1,-1,-1,-1
742,51,85.91,169.90,58.33,186.27,1,-1,-1,-1
742,53,184.65,186.43,56.04,152.34,1,-1,-1,-1
742,57,407.19,172.34,62.36,165.47,1,-1,-1,-1
743,51,86.06,170.09,58.60,186.04,1,-1,-1,-1
743,53,185.96,186.43,56.75,152.61,1,-1,-1,-1
743,57,413.76,170.17,64.11,168.65,1,-1,-1,-1
744,51,85.97,169.85,59.00,186.50,1,-1,-1,-1
744,53,186.00,186.37,57.27,152.75,1,-1,-1,-1
744,57,415.98,169.40,65.05,169.79,1,-1,-1,-1
745,51,85.85,169.64,59.32,186.88,1,-1,-1,-1
745,53,185.67,186.30,57.66,152.82,1,-1,-1,-1
745,57,416.54,169.16,65.66,170.15,1,-1,-1,-1
746,51,78.97,152.55,66.02,212.56,1,-1,-1,-1
746,53,187.08,186.94,58.56,155.63,1,-1,-1,-1
746,57,438.47,171.71,66.78,174.09,1,-1,-1,-1
746,60,37.00,149.00,60.00,189.00,1,-1,-1,-1
747,51,77.69,149.88,67.21,216.38,1,-1,-1,-1
747,53,182.58,187.15,60.58,160.03,1,-1,-1,-1
747,57,450.46,168.23,68.07,178.11,1,-1,-1,-1
748,53,180.74,187.21,61.50,161.65,1,-1,-1,-1
748,57,455.00,166.92,68.42,179.60,1,-1,-1,-1
749,53,179.91,187.21,61.99,162.22,1,-1,-1,-1
749,57,456.62,166.45,68.40,180.09,1,-1,-1,-1
750,53,179.50,187.19,62.28,162.40,1,-1,-1,-1
750,57,457.10,166.32,68.26,180.21,1,-1,-1,-1
751,53,180.16,187.51,62.62,163.26,1,-1,-1,-1
751,57,480.94,178.60,65.11,173.07,1,-1,-1,-1
752,57,490.06,183.42,63.63,170.20,1,-1,-1,-1
753,57,493.36,185.22,62.86,169.09,1,-1,-1,-1
754,57,494.48,185.88,62.37,168.65,1,-1,-1,-1
755,57,494.78,186.12,62.00,168.46,1,-1,-1,-1
756,51,71.20,109.61,101.35,321.34,1,-1,-1,-1
756,57,500.41,186.56,62.22,169.05,1,-1,-1,-1
757,51,70.43,107.80,104.02,326.29,1,-1,-1,-1
758,51,69.94,107.19,105.42,328.00,1,-1,-1,-1
759,51,69.61,107.05,106.23,328.44,1,-1,-1,-1
760,51,69.36,107.09,106.76,328.40,1,-1,-1,-1
761,51,68.61,104.01,109.08,335.52,1,-1,-1,-1
761,61,2.00,25.00,123.00,439.00,1,-1,-1,-1
762,61,2.00,25.00,123.00,439.00,1,-1,-1,-1
763,51,7.65,38.82,134.64,422.08,1,-1,-1,-1
764,51,2.91,31.83,138.44,433.98,1,-1,-1,-1
776,62,176.00,195.00,57.00,134.00,1,-1,-1,-1
777,62,176.00,195.00,57.00,134.00,1,-1,-1,-1
778,62,176.00,195.00,57.00,134.00,1,-1,-1,-1
779,62,176.00,195.00,57.00,134.00,1,-1,-1,-1
780,62,176.00,195.00,57.00,134.00,1,-1,-1,-1
781,51,132.58,166.88,61.91,184.46,1,-1,-1,-1
781,62,176.00,195.00,57.00,134.00,1,-1,-1,-1
782,51,138.44,174.77,58.98,170.38,1,-1,-1,-1
783,51,138.99,175.94,59.47,168.22,1,-1,-1,-1
784,51,138.59,176.01,60.33,168.09,1,-1,-1,-1
785,51,138.05,175.85,61.14,168.41,1,-1,-1,-1
786,51,139.74,177.42,60.07,165.46,1,-1,-1,-1
786,63,81.00,146.00,87.00,226.00,1,-1,-1,-1
787,63,81.00,146.00,87.00,226.00,1,-1,-1,-1
788,63,81.00,146.00,87.00,226.00,1,-1,-1,-1
789,63,81.00,146.00,87.00,226.00,1,-1,-1,-1
790,63,81.00,146.00,87.00,226.00,1,-1,-1,-1
791,63,81.00,146.00,87.00,226.00,1,-1,-1,-1
791,64,0.00,59.00,119.00,398.00,1,-1,-1,-1
792,64,0.00,59.00,119.00,398.00,1,-1,-1,-1
793,64,0.00,59.00,119.00,398.00,1,-1,-1,-1
794,64,0.00,59.00,119.00,398.00,1,-1,-1,-1
795,64,0.00,59.00,119.00,398.00,1,-1,-1,-1
796,64,0.00,59.00,119.00,398.00,1,-1,-1,-1
796,65,538.00,166.00,69.00,182.00,1,-1,-1,-1
797,65,538.00,166.00,69.00,182.00,1,-1,-1,-1
798,65,538.00,166.00,69.00,182.00,1,-1,-1,-1
799,65,538.00,166.00,69.00,182.00,1,-1,-1,-1
800,65,538.00,166.00,69.00,182.00,1,-1,-1,-1
801,65,538.00,166.00,69.00,182.00,1,-1,-1,-1
831,66,128.00,169.00,62.00,164.00,1,-1,-1,-1
832,66,128.00,169.00,62.00,164.00,1,-1,-1,-1
833,66,128.00,169.00,62.00,164.00,1,-1,-1,-1
834,66,128.00,169.00,62.00,164.00,1,-1,-1,-1
835,66,128.00,169.00,62.00,164.00,1,-1,-1,-1
836,66,128.00,169.00,62.00,164.00,1,-1,-1,-1
836,67,86.00,151.00,56.00,180.00,1,-1,-1,-1
837,66,88.67,154.12,66.27,177.22,1,-1,-1,-1
838,66,81.14,151.16,66.51,179.86,1,-1,-1,-1
839,66,78.85,150.16,66.08,180.75,1,-1,-1,-1
840,66,78.48,149.88,65.43,181.00,1,-1,-1,-1
841,66,50.83,146.57,67.94,189.58,1,-1,-1,-1
841,68,359.00,185.00,53.00,145.00,1,-1,-1,-1
842,66,40.80,145.38,68.49,192.74,1,-1,-1,-1
842,68,359.00,185.00,53.00,145.00,1,-1,-1,-1
843,66,37.36,145.00,68.34,193.88,1,-1,-1,-1
843,68,359.00,185.00,53.00,145.00,1,-1,-1,-1
844,66,36.49,144.93,67.94,194.22,1,-1,-1,-1
844,68,359.00,185.00,53.00,145.00,1,-1,-1,-1
845,66,36.57,144.98,67.47,194.26,1,-1,-1,-1
845,68,359.00,185.00,53.00,145.00,1,-1,-1,-1
846,66,29.83,143.30,68.23,196.43,1,-1,-1,-1
846,68,334.63,188.54,50.82,137.93,1,-1,-1,-1
846,69,140.00,155.00,62.00,181.00,1,-1,-1,-1
847,68,324.00,189.79,51.17,138.97,1,-1,-1,-1
848,68,320.54,190.20,51.28,139.36,1,-1,-1,-1
849,68,319.55,190.31,51.32,139.55,1,-1,-1,-1
850,68,319.43,190.32,51.32,139.65,1,-1,-1,-1
851,68,315.10,190.90,51.12,139.11,1,-1,-1,-1
851,70,137.00,155.00,51.00,180.00,1,-1,-1,-1
852,70,137.00,155.00,51.00,180.00,1,-1,-1,-1
853,70,137.00,155.00,51.00,180.00,1,-1,-1,-1
854,70,137.00,155.00,51.00,180.00,1,-1,-1,-1
855,70,137.00,155.00,51.00,180.00,1,-1,-1,-1
856,70,126.18,149.34,57.09,201.21,1,-1,-1,-1
857,70,122.42,147.39,59.24,208.52,1,-1,-1,-1
858,70,121.03,146.69,60.08,211.18,1,-1,-1,-1
859,70,120.57,146.47,60.40,211.98,1,-1,-1,-1
860,70,120.47,146.44,60.52,212.11,1,-1,-1,-1
861,68,187.29,164.80,63.29,171.07,1,-1,-1,-1
861,70,97.95,127.46,68.92,241.50,1,-1,-1,-1
862,68,182.15,163.73,64.11,172.36,1,-1,-1,-1
862,70,89.65,120.47,72.04,252.34,1,-1,-1,-1
863,68,180.38,163.36,64.54,172.81,1,-1,-1,-1
863,70,86.38,117.70,73.25,256.55,1,-1,-1,-1
864,68,179.91,163.26,64.81,172.93,1,-1,-1,-1
864,70,85.23,116.71,73.68,257.98,1,-1,-1,-1
865,68,179.93,163.26,64.99,172.93,1,-1,-1,-1
865,70,84.92,116.43,73.79,258.32,1,-1,-1,-1
866,68,172.13,162.04,65.57,174.48,1,-1,-1,-1
866,70,81.10,113.58,75.44,264.08,1,-1,-1,-1
866,71,136.00,139.00,65.00,205.00,1,-1,-1,-1
867,68,139.01,144.28,72.99,197.98,1,-1,-1,-1
868,68,130.79,140.04,73.84,203.58,1,-1,-1,-1
869,68,128.10,138.44,73.56,205.71,1,-1,-1,-1
870,68,127.58,137.88,72.91,206.45,1,-1,-1,-1
871,68,118.92,135.50,74.00,209.54,1,-1,-1,-1
871,70,11.55,48.44,108.97,375.21,1,-1,-1,-1
872,70,4.79,42.71,113.30,384.92,1,-1,-1,-1
873,70,1.91,40.56,115.65,388.53,1,-1,-1,-1
874,70,0.66,39.88,117.09,389.67,1,-1,-1,-1
875,70,0.09,39.76,118.09,389.83,1,-1,-1,-1
876,68,38.04,161.03,67.20,185.22,1,-1,-1,-1
876,70,-6.03,34.44,120.99,399.39,1,-1,-1,-1
877,68,31.51,163.89,67.54,182.34,1,-1,-1,-1
878,68,28.75,164.70,68.38,181.55,1,-1,-1,-1
879,68,27.72,164.98,69.21,181.26,1,-1,-1,-1
880,68,27.44,165.08,69.96,181.14,1,-1,-1,-1
881,68,19.59,165.33,70.01,181.28,1,-1,-1,-1
886,72,407.00,206.00,34.00,83.00,1,-1,-1,-1
887,72,407.00,206.00,34.00,83.00,1,-1,-1,-1
888,72,407.00,206.00,34.00,83.00,1,-1,-1,-1
889,72,407.00,206.00,34.00,83.00,1,-1,-1,-1
890,72,407.00,206.00,34.00,83.00,1,-1,-1,-1
891,72,407.00,206.00,34.00,83.00,1,-1,-1,-1
916,72,486.50,175.10,69.38,172.71,1,-1,-1,-1
917,72,488.44,174.52,69.17,174.41,1,-1,-1,-1
918,72,489.15,174.36,68.73,174.86,1,-1,-1,-1
919,72,489.44,174.34,68.29,174.93,1,-1,-1,-1
920,72,489.58,174.35,67.91,174.88,1,-1,-1,-1
921,72,492.24,173.32,69.07,177.87,1,-1,-1,-1
921,73,219.00,181.00,55.00,139.00,1,-1,-1,-1
921,74,536.00,156.00,88.00,228.00,1,-1,-1,-1
922,73,219.00,181.00,55.00,139.00,1,-1,-1,-1
922,74,536.00,156.00,88.00,228.00,1,-1,-1,-1
923,73,219.00,181.00,55.00,139.00,1,-1,-1,-1
923,74,536.00,156.00,88.00,228.00,1,-1,-1,-1
924,73,219.00,181.00,55.00,139.00,1,-1,-1,-1
924,74,536.00,156.00,88.00,228.00,1,-1,-1,-1
925,73,219.00,181.00,55.00,139.00,1,-1,-1,-1
925,74,536.00,156.00,88.00,228.00,1,-1,-1,-1
926,73,219.00,181.00,55.00,139.00,1,-1,-1,-1
926,74,536.00,156.00,88.00,228.00,1,-1,-1,-1
931,73,183.73,182.91,70.17,176.24,1,-1,-1,-1
932,73,181.09,183.04,71.59,178.82,1,-1,-1,-1
933,73,180.08,183.09,72.30,179.70,1,-1,-1,-1
934,73,179.71,183.10,72.71,179.92,1,-1,-1,-1
935,73,179.59,183.10,73.00,179.90,1,-1,-1,-1
936,73,156.74,160.55,91.18,228.72,1,-1,-1,-1
936,75,410.00,190.00,49.00,142.00,1,-1,-1,-1
936,76,318.00,195.00,43.00,136.00,1,-1,-1,-1
936,77,86.00,188.00,54.00,139.00,1,-1,-1,-1
937,73,152.15,158.88,93.89,235.53,1,-1,-1,-1
937,75,411.43,187.43,50.43,146.29,1,-1,-1,-1
937,76,320.40,191.57,43.34,136.86,1,-1,-1,-1
938,75,411.70,187.00,50.60,147.00,1,-1,-1,-1
938,76,320.75,191.00,43.49,137.00,1,-1,-1,-1
939,75,411.81,186.89,50.56,147.19,1,-1,-1,-1
939,76,320.79,190.85,43.63,137.04,1,-1,-1,-1
940,75,411.88,186.87,50.46,147.21,1,-1,-1,-1
940,76,320.73,190.84,43.79,137.04,1,-1,-1,-1
941,75,414.31,176.32,54.01,158.46,1,-1,-1,-1
941,76,325.05,190.15,45.00,141.28,1,-1,-1,-1
941,78,445.00,168.00,47.00,164.00,1,-1,-1,-1
941,79,79.00,48.00,152.00,411.00,1,-1,-1,-1
942,75,415.27,172.65,55.02,162.37,1,-1,-1,-1
942,76,326.61,189.92,45.32,142.76,1,-1,-1,-1
942,78,445.00,168.00,47.00,164.00,1,-1,-1,-1
942,79,79.00,48.00,152.00,411.00,1,-1,-1,-1
943,75,432.68,168.69,55.16,164.41,1,-1,-1,-1
943,76,327.19,189.85,45.33,143.26,1,-1,-1,-1
943,78,425.92,171.00,46.88,163.25,1,-1,-1,-1
943,79,79.00,48.00,152.00,411.00,1,-1,-1,-1
944,75,439.46,167.29,54.82,165.07,1,-1,-1,-1
944,76,327.40,189.84,45.22,143.40,1,-1,-1,-1
944,78,419.52,172.00,46.93,163.00,1,-1,-1,-1
944,79,79.00,48.00,152.00,411.00,1,-1,-1,-1
945,75,442.08,166.87,54.32,165.21,1,-1,-1,-1
945,76,327.49,189.85,45.07,143.42,1,-1,-1,-1
945,78,417.71,172.28,47.05,162.93,1,-1,-1,-1
945,79,79.00,48.00,152.00,411.00,1,-1,-1,-1
946,72,357.62,161.80,70.70,192.83,1,-1,-1,-1
946,75,468.02,164.18,59.25,180.30,1,-1,-1,-1
946,76,328.30,189.60,45.30,144.16,1,-1,-1,-1
946,78,412.51,173.10,46.99,162.73,1,-1,-1,-1
946,79,10.56,15.47,165.85,454.84,1,-1,-1,-1
947,72,358.80,163.33,71.78,202.86,1,-1,-1,-1
947,75,483.96,164.46,64.20,192.22,1,-1,-1,-1
947,79,-4.05,8.64,169.21,464.05,1,-1,-1,-1
948,72,359.15,163.67,70.98,205.42,1,-1,-1,-1
948,75,489.85,164.65,66.76,196.87,1,-1,-1,-1
949,72,359.75,163.80,70.08,206.33,1,-1,-1,-1
949,75,491.67,164.81,68.29,198.57,1,-1,-1,-1
950,72,360.38,163.87,69.27,206.62,1,-1,-1,-1
950,75,491.89,164.94,69.36,199.09,1,-1,-1,-1
951,72,383.44,169.16,75.59,219.18,1,-1,-1,-1
951,73,179.50,178.20,62.22,158.26,1,-1,-1,-1
951,74,212.40,182.91,59.37,153.24,1,-1,-1,-1
951,75,497.82,163.33,70.73,203.02,1,-1,-1,-1
951,80,123.00,175.00,55.00,153.00,1,-1,-1,-1
951,81,101.00,179.00,51.00,158.00,1,-1,-1,-1
951,82,536.00,142.00,80.00,251.00,1,-1,-1,-1
952,72,383.00,169.59,76.47,221.74,1,-1,-1,-1
952,73,179.14,178.52,61.74,157.04,1,-1,-1,-1
952,74,211.89,176.86,61.22,161.96,1,-1,-1,-1
953,74,210.81,175.69,60.72,163.49,1,-1,-1,-1
954,74,211.14,175.25,60.15,164.13,1,-1,-1,-1
955,74,211.89,175.08,59.64,164.43,1,-1,-1,-1
956,74,204.86,175.05,59.37,163.70,1,-1,-1,-1
956,83,433.00,112.00,138.00,324.00,1,-1,-1,-1
957,83,433.00,112.00,138.00,324.00,1,-1,-1,-1
958,72,439.32,116.19,114.11,317.95,1,-1,-1,-1
959,72,441.89,112.26,119.95,324.85,1,-1,-1,-1
960,72,442.18,110.77,123.51,327.39,1,-1,-1,-1
961,72,445.81,107.36,126.48,335.24,1,-1,-1,-1
966,84,14.00,28.00,189.00,433.00,1,-1,-1,-1
967,79,22.33,26.10,165.35,435.63,1,-1,-1,-1
968,79,23.16,27.58,168.97,433.53,1,-1,-1,-1
969,79,22.18,27.90,172.00,433.05,1,-1,-1,-1
970,79,21.18,28.01,174.40,432.90,1,-1,-1,-1
971,73,79.02,168.06,66.57,163.89,1,-1,-1,-1
971,79,21.22,28.15,174.26,432.55,1,-1,-1,-1
971,85,38.00,167.00,66.00,170.00,1,-1,-1,-1
972,73,76.55,167.86,67.85,164.03,1,-1,-1,-1
972,85,38.00,167.00,66.00,170.00,1,-1,-1,-1
973,73,47.88,163.91,69.61,168.61,1,-1,-1,-1
974,73,37.14,162.42,70.22,170.34,1,-1,-1,-1
975,73,33.22,161.87,70.42,170.99,1,-1,-1,-1
976,73,26.03,157.79,69.34,168.63,1,-1,-1,-1
977,73,23.53,156.26,68.87,167.70,1,-1,-1,-1
978,73,22.81,155.71,68.65,167.34,1,-1,-1,-1
979,73,22.74,155.54,68.53,167.19,1,-1,-1,-1
980,73,22.91,155.50,68.45,167.13,1,-1,-1,-1
981,73,18.10,154.62,68.52,167.30,1,-1,-1,-1
