1,1,1488.00,418.00,68.00,194.00,1,-1,-1,-1
1,2,594.00,380.00,58.00,240.00,1,-1,-1,-1
1,3,668.00,390.00,60.00,220.00,1,-1,-1,-1
1,4,454.00,404.00,64.00,208.00,1,-1,-1,-1
1,5,1386.00,376.00,48.00,242.00,1,-1,-1,-1
1,6,728.00,394.00,54.00,224.00,1,-1,-1,-1
1,7,528.00,410.00,58.00,192.00,1,-1,-1,-1
2,1,1488.00,418.00,68.00,194.00,1,-1,-1,-1
2,2,594.00,380.00,58.00,240.00,1,-1,-1,-1
2,3,668.00,390.00,60.00,220.00,1,-1,-1,-1
2,4,454.00,404.00,64.00,208.00,1,-1,-1,-1
2,5,1386.00,376.00,48.00,242.00,1,-1,-1,-1
2,6,728.00,394.00,54.00,224.00,1,-1,-1,-1
2,7,528.00,410.00,58.00,192.00,1,-1,-1,-1
3,1,1488.00,418.00,68.00,194.00,1,-1,-1,-1
3,2,594.00,380.00,58.00,240.00,1,-1,-1,-1
3,3,668.00,390.00,60.00,220.00,1,-1,-1,-1
3,4,454.00,404.00,64.00,208.00,1,-1,-1,-1
3,5,1386.00,376.00,48.00,242.00,1,-1,-1,-1
3,6,728.00,394.00,54.00,224.00,1,-1,-1,-1
3,7,528.00,410.00,58.00,192.00,1,-1,-1,-1
4,1,1488.00,418.00,68.00,194.00,1,-1,-1,-1
4,2,594.00,380.00,58.00,240.00,1,-1,-1,-1
4,3,668.00,390.00,60.00,220.00,1,-1,-1,-1
4,4,454.00,404.00,64.00,208.00,1,-1,-1,-1
4,5,1386.00,376.00,48.00,242.00,1,-1,-1,-1
4,6,728.00,394.00,54.00,224.00,1,-1,-1,-1
4,7,528.00,410.00,58.00,192.00,1,-1,-1,-1
5,1,1488.00,418.00,68.00,194.00,1,-1,-1,-1
5,2,594.00,380.00,58.00,240.00,1,-1,-1,-1
5,3,668.00,390.00,60.00,220.00,1,-1,-1,-1
5,4,454.00,404.00,64.00,208.00,1,-1,-1,-1
5,5,1386.00,376.00,48.00,242.00,1,-1,-1,-1
5,6,728.00,394.00,54.00,224.00,1,-1,-1,-1
5,7,528.00,410.00,58.00,192.00,1,-1,-1,-1
6,1,1488.00,418.00,68.00,194.00,1,-1,-1,-1
6,2,594.00,380.00,58.00,240.00,1,-1,-1,-1
6,3,668.00,390.00,60.00,220.00,1,-1,-1,-1
6,4,454.00,404.00,64.00,208.00,1,-1,-1,-1
6,5,1386.00,376.00,48.00,242.00,1,-1,-1,-1
6,6,728.00,394.00,54.00,224.00,1,-1,-1,-1
6,7,528.00,410.00,58.00,192.00,1,-1,-1,-1
7,1,1488.00,418.00,68.00,194.00,1,-1,-1,-1
7,2,592.44,382.77,56.96,235.84,1,-1,-1,-1
7,3,660.14,387.23,61.85,225.55,1,-1,-1,-1
7,4,437.34,398.45,68.20,223.26,1,-1,-1,-1
7,5,1373.39,398.20,45.47,223.97,1,-1,-1,-1
7,6,728.00,394.00,54.00,224.00,1,-1,-1,-1
7,7,529.52,400.29,64.66,215.58,1,-1,-1,-1
7,8,1410.00,432.00,72.00,178.00,1,-1,-1,-1
8,2,596.75,400.32,53.72,221.93,1,-1,-1,-1
8,3,655.61,403.81,60.55,220.77,1,-1,-1,-1
8,4,430.74,404.44,68.44,227.33,1,-1,-1,-1
8,5,1369.63,414.81,42.87,203.21,1,-1,-1,-1
8,7,529.54,405.98,65.42,221.24,1,-1,-1,-1
8,8,1409.32,432.00,73.36,181.43,1,-1,-1,-1
9,1,1421.29,432.00,64.95,183.50,1,-1,-1,-1
9,2,596.13,406.66,52.80,218.32,1,-1,-1,-1
9,3,655.00,408.71,60.73,221.64,1,-1,-1,-1
9,4,428.65,405.48,67.86,228.77,1,-1,-1,-1
9,5,1370.45,418.84,43.78,200.58,1,-1,-1,-1
9,7,529.48,407.06,65.78,225.89,1,-1,-1,-1
10,1,1406.56,436.83,62.28,170.62,1,-1,-1,-1
10,2,597.92,407.38,53.94,222.64,1,-1,-1,-1
10,3,650.18,407.73,62.07,227.31,1,-1,-1,-1
10,4,429.75,412.49,64.13,217.30,1,-1,-1,-1
10,5,1368.84,424.62,42.55,194.96,1,-1,-1,-1
10,7,533.97,408.81,63.35,219.70,1,-1,-1,-1
11,1,1387.28,429.97,82.50,220.94,1,-1,-1,-1
11,2,596.29,406.20,54.85,226.95,1,-1,-1,-1
11,3,649.58,409.94,61.63,226.76,1,-1,-1,-1
11,4,431.93,416.52,60.87,205.99,1,-1,-1,-1
11,7,533.66,409.52,62.48,218.37,1,-1,-1,-1
12,1,1376.35,431.00,84.16,225.37,1,-1,-1,-1
12,2,597.16,405.64,54.88,225.95,1,-1,-1,-1
12,3,650.26,406.72,61.13,225.19,1,-1,-1,-1
12,4,436.04,420.67,57.39,190.95,1,-1,-1,-1
12,7,533.51,412.42,59.52,207.25,1,-1,-1,-1
13,2,599.43,405.32,54.99,222.96,1,-1,-1,-1
13,3,651.81,408.07,59.83,217.95,1,-1,-1,-1
13,4,434.52,422.35,56.74,188.79,1,-1,-1,-1
13,7,532.53,417.56,57.47,198.82,1,-1,-1,-1
14,2,600.03,405.11,55.51,221.89,1,-1,-1,-1
14,3,652.29,408.52,59.69,215.20,1,-1,-1,-1
14,7,532.06,419.43,56.89,195.68,1,-1,-1,-1
15,1,1365.86,418.60,95.70,255.23,1,-1,-1,-1
15,2,597.54,400.98,57.13,226.84,1,-1,-1,-1
15,3,651.24,409.89,59.52,214.58,1,-1,-1,-1
15,4,396.24,420.77,56.44,185.79,1,-1,-1,-1
15,7,524.45,414.76,58.21,201.19,1,-1,-1,-1
16,1,1364.95,416.84,97.47,259.03,1,-1,-1,-1
16,2,596.49,399.41,57.95,228.70,1,-1,-1,-1
16,4,390.51,420.59,56.84,185.31,1,-1,-1,-1
16,7,521.75,413.04,58.53,203.21,1,-1,-1,-1
17,1,1364.58,416.19,98.29,260.40,1,-1,-1,-1
17,2,595.98,398.78,58.47,229.43,1,-1,-1,-1
17,4,388.46,420.52,57.27,185.16,1,-1,-1,-1
17,7,520.81,412.37,58.50,203.96,1,-1,-1,-1
18,1,1364.60,415.95,98.70,260.77,1,-1,-1,-1
18,2,595.69,398.51,58.85,229.72,1,-1,-1,-1
18,4,387.74,420.47,57.70,185.16,1,-1,-1,-1
18,7,520.55,412.11,58.35,204.23,1,-1,-1,-1
19,1,1364.77,415.87,98.94,260.76,1,-1,-1,-1
19,2,595.49,398.38,59.16,229.84,1,-1,-1,-1
19,4,387.53,420.42,58.11,185.22,1,-1,-1,-1
19,7,520.55,412.01,58.16,204.30,1,-1,-1,-1
20,1,1365.00,415.84,99.10,260.61,1,-1,-1,-1
20,2,595.34,398.32,59.43,229.89,1,-1,-1,-1
20,4,387.50,420.37,58.48,185.29,1,-1,-1,-1
20,7,520.63,411.98,57.97,204.31,1,-1,-1,-1
21,1,1365.23,415.84,99.21,260.42,1,-1,-1,-1
21,2,595.21,398.27,59.67,229.91,1,-1,-1,-1
21,4,387.53,420.33,58.82,185.36,1,-1,-1,-1
21,7,520.74,411.97,57.80,204.29,1,-1,-1,-1
22,1,1352.46,426.18,94.35,246.02,1,-1,-1,-1
22,2,595.29,398.70,59.64,229.79,1,-1,-1,-1
22,4,384.31,420.87,58.49,184.31,1,-1,-1,-1
22,7,525.03,421.12,57.12,199.04,1,-1,-1,-1
23,1,1347.61,430.23,92.67,240.20,1,-1,-1,-1
23,7,526.49,424.61,57.26,197.02,1,-1,-1,-1
24,1,1345.85,431.71,92.30,237.99,1,-1,-1,-1
24,7,526.84,425.89,57.70,196.27,1,-1,-1,-1
25,1,1345.24,432.23,92.40,237.12,1,-1,-1,-1
25,7,526.80,426.33,58.22,195.99,1,-1,-1,-1
26,1,1345.08,432.40,92.64,236.75,1,-1,-1,-1
26,7,526.62,426.46,58.74,195.90,1,-1,-1,-1
27,1,1345.08,432.43,92.93,236.58,1,-1,-1,-1
27,7,526.41,426.48,59.22,195.87,1,-1,-1,-1
28,1,1345.15,432.42,93.21,236.48,1,-1,-1,-1
28,7,526.19,426.46,59.67,195.87,1,-1,-1,-1
29,1,1341.35,433.11,93.50,237.21,1,-1,-1,-1
29,3,425.74,437.86,65.00,233.57,1,-1,-1,-1
29,5,1273.97,448.13,60.20,231.78,1,-1,-1,-1
29,7,526.28,427.22,59.60,195.65,1,-1,-1,-1
29,9,208.00,450.00,66.00,188.00,1,-1,-1,-1
30,3,419.23,438.58,65.31,234.15,1,-1,-1,-1
30,5,1268.63,448.83,66.88,232.44,1,-1,-1,-1
30,9,208.00,450.00,66.00,188.00,1,-1,-1,-1
31,3,416.95,438.83,65.47,234.36,1,-1,-1,-1
31,4,215.35,449.21,60.56,187.57,1,-1,-1,-1
31,5,1265.84,448.95,71.65,232.61,1,-1,-1,-1
32,3,405.65,440.48,65.70,235.17,1,-1,-1,-1
32,4,203.05,451.28,60.49,187.35,1,-1,-1,-1
32,5,1259.03,438.81,81.47,260.47,1,-1,-1,-1
32,6,350.79,413.92,71.19,265.84,1,-1,-1,-1
32,10,138.00,446.00,66.00,200.00,1,-1,-1,-1
33,4,150.15,447.63,63.87,197.15,1,-1,-1,-1
33,5,1256.12,435.02,85.76,270.93,1,-1,-1,-1
33,6,342.56,414.24,75.91,266.51,1,-1,-1,-1
34,4,137.15,447.12,64.71,199.21,1,-1,-1,-1
34,5,1254.86,433.43,87.93,275.16,1,-1,-1,-1
34,6,339.02,414.35,79.13,266.73,1,-1,-1,-1
35,4,132.57,446.90,65.09,199.97,1,-1,-1,-1
35,5,1254.29,432.77,89.14,276.76,1,-1,-1,-1
35,6,337.52,414.36,81.48,266.76,1,-1,-1,-1
36,4,98.84,453.26,64.02,196.35,1,-1,-1,-1
36,5,1236.89,441.38,88.65,276.05,1,-1,-1,-1
36,6,292.42,436.40,81.43,256.36,1,-1,-1,-1
36,11,152.00,488.00,68.00,156.00,1,-1,-1,-1
36,12,1122.00,460.00,74.00,200.00,1,-1,-1,-1
36,13,224.00,474.00,60.00,204.00,1,-1,-1,-1
37,4,86.41,455.65,63.65,194.93,1,-1,-1,-1
37,5,1230.29,444.70,88.31,275.69,1,-1,-1,-1
37,6,274.94,444.88,82.60,252.28,1,-1,-1,-1
37,11,152.00,488.00,68.00,156.00,1,-1,-1,-1
37,12,1122.00,460.00,74.00,200.00,1,-1,-1,-1
37,13,224.00,474.00,60.00,204.00,1,-1,-1,-1
38,4,82.18,456.50,63.55,194.39,1,-1,-1,-1
38,5,1227.92,445.96,88.06,275.49,1,-1,-1,-1
38,6,268.34,447.95,84.11,250.76,1,-1,-1,-1
38,11,152.00,488.00,68.00,156.00,1,-1,-1,-1
38,12,1122.00,460.00,74.00,200.00,1,-1,-1,-1
38,13,224.00,474.00,60.00,204.00,1,-1,-1,-1
39,4,81.03,456.76,63.54,194.18,1,-1,-1,-1
39,5,1227.18,446.41,87.84,275.34,1,-1,-1,-1
39,6,265.85,449.01,85.59,250.20,1,-1,-1,-1
39,11,152.00,488.00,68.00,156.00,1,-1,-1,-1
39,12,1122.00,460.00,74.00,200.00,1,-1,-1,-1
39,13,224.00,474.00,60.00,204.00,1,-1,-1,-1
40,3,287.96,440.66,61.15,224.85,1,-1,-1,-1
40,4,64.57,458.12,63.86,192.79,1,-1,-1,-1
40,5,1219.94,434.96,96.76,307.41,1,-1,-1,-1
40,6,228.24,445.38,93.51,263.10,1,-1,-1,-1
40,11,152.00,488.00,68.00,156.00,1,-1,-1,-1
40,12,1097.96,454.20,72.81,197.10,1,-1,-1,-1
40,13,224.00,474.00,60.00,204.00,1,-1,-1,-1
41,3,283.67,440.44,59.80,224.18,1,-1,-1,-1
41,4,58.60,458.58,64.36,192.26,1,-1,-1,-1
41,5,1217.60,430.73,99.31,319.33,1,-1,-1,-1
41,6,213.54,443.99,98.27,267.89,1,-1,-1,-1
41,12,1089.75,452.22,72.32,196.11,1,-1,-1,-1
42,3,282.19,440.40,58.86,223.97,1,-1,-1,-1
42,4,56.60,458.70,64.88,192.06,1,-1,-1,-1
42,5,1217.12,428.98,99.69,324.06,1,-1,-1,-1
42,6,207.58,443.37,101.62,269.73,1,-1,-1,-1
42,12,1087.22,451.59,72.07,195.79,1,-1,-1,-1
43,3,270.76,441.07,58.79,223.69,1,-1,-1,-1
43,4,28.11,452.17,66.44,198.53,1,-1,-1,-1
43,5,1219.32,423.21,100.38,327.05,1,-1,-1,-1
43,6,193.28,432.71,104.57,276.87,1,-1,-1,-1
43,12,1081.41,450.19,71.81,195.10,1,-1,-1,-1
44,4,17.85,449.70,66.69,200.95,1,-1,-1,-1
44,5,1220.36,420.96,100.50,328.08,1,-1,-1,-1
44,6,188.10,428.62,105.81,279.55,1,-1,-1,-1
45,4,14.48,448.72,66.50,201.87,1,-1,-1,-1
45,5,1220.92,420.10,100.40,328.35,1,-1,-1,-1
45,6,186.49,427.01,106.39,280.53,1,-1,-1,-1
46,4,13.75,448.34,66.16,202.20,1,-1,-1,-1
46,5,1221.29,419.79,100.22,328.33,1,-1,-1,-1
46,6,186.23,426.39,106.69,280.85,1,-1,-1,-1
47,4,13.98,448.18,65.79,202.30,1,-1,-1,-1
47,5,1221.57,419.69,100.04,328.20,1,-1,-1,-1
47,6,186.46,426.14,106.88,280.91,1,-1,-1,-1
48,4,14.52,448.12,65.44,202.32,1,-1,-1,-1
48,5,1221.80,419.67,99.86,328.04,1,-1,-1,-1
48,6,186.85,426.05,107.01,280.88,1,-1,-1,-1
49,4,15.14,448.09,65.11,202.31,1,-1,-1,-1
49,5,1222.00,419.68,99.68,327.87,1,-1,-1,-1
49,6,187.27,426.01,107.12,280.82,1,-1,-1,-1
50,3,216.28,447.89,53.06,195.37,1,-1,-1,-1
50,4,6.49,448.21,65.27,202.83,1,-1,-1,-1
50,5,1232.94,417.11,101.30,331.59,1,-1,-1,-1
50,6,178.74,426.00,107.63,282.15,1,-1,-1,-1
50,12,1021.41,440.01,64.76,178.42,1,-1,-1,-1
50,13,62.85,438.48,96.20,316.46,1,-1,-1,-1
51,3,214.01,448.20,53.84,193.79,1,-1,-1,-1
51,5,1237.04,416.15,102.15,332.93,1,-1,-1,-1
51,12,1019.14,439.59,63.71,177.64,1,-1,-1,-1
51,13,55.28,437.10,100.16,320.87,1,-1,-1,-1
52,3,212.70,448.32,54.60,193.25,1,-1,-1,-1
52,5,1238.54,415.80,102.68,333.35,1,-1,-1,-1
52,12,1018.45,439.43,62.95,177.35,1,-1,-1,-1
52,13,52.23,436.67,102.79,322.23,1,-1,-1,-1
53,3,212.26,448.34,55.27,193.11,1,-1,-1,-1
53,5,1239.04,415.69,103.06,333.43,1,-1,-1,-1
53,12,1018.56,439.40,62.37,177.29,1,-1,-1,-1
53,13,50.88,436.58,104.76,322.51,1,-1,-1,-1
54,3,212.21,448.33,55.84,193.12,1,-1,-1,-1
54,5,1239.15,415.67,103.37,333.37,1,-1,-1,-1
54,12,1018.96,439.43,61.89,177.32,1,-1,-1,-1
54,13,50.21,436.61,106.36,322.41,1,-1,-1,-1
55,3,212.31,448.30,56.33,193.18,1,-1,-1,-1
55,5,1239.12,415.68,103.63,333.27,1,-1,-1,-1
55,12,1019.42,439.48,61.48,177.38,1,-1,-1,-1
55,13,49.84,436.68,107.69,322.18,1,-1,-1,-1
56,3,212.45,448.27,56.75,193.26,1,-1,-1,-1
56,5,1239.04,415.70,103.87,333.16,1,-1,-1,-1
56,12,1019.87,439.53,61.12,177.43,1,-1,-1,-1
56,13,49.62,436.77,108.83,321.90,1,-1,-1,-1
57,3,207.44,448.72,56.40,192.04,1,-1,-1,-1
57,5,1241.62,407.92,113.05,359.07,1,-1,-1,-1
57,12,996.16,438.26,57.71,161.69,1,-1,-1,-1
57,13,6.42,425.34,106.41,324.17,1,-1,-1,-1
57,14,146.00,428.00,64.00,190.00,1,-1,-1,-1
58,5,1240.60,406.29,116.63,366.17,1,-1,-1,-1
58,12,985.08,435.10,58.11,158.41,1,-1,-1,-1
58,13,-4.96,422.73,108.33,330.01,1,-1,-1,-1
58,14,134.87,424.57,65.69,195.14,1,-1,-1,-1
58,15,594.00,416.00,70.00,144.00,1,-1,-1,-1
59,3,146.24,428.01,58.08,195.00,1,-1,-1,-1
59,5,1239.85,405.69,118.71,368.86,1,-1,-1,-1
59,12,980.93,434.01,59.09,157.32,1,-1,-1,-1
59,15,594.00,416.00,70.00,144.00,1,-1,-1,-1
60,3,136.41,424.81,58.89,195.44,1,-1,-1,-1
60,5,1239.23,405.49,120.11,369.77,1,-1,-1,-1
60,12,979.25,433.65,60.21,157.00,1,-1,-1,-1
60,15,594.00,416.00,70.00,144.00,1,-1,-1,-1
61,3,132.87,423.71,59.51,195.59,1,-1,-1,-1
61,5,1238.71,405.45,121.19,370.00,1,-1,-1,-1
61,12,978.50,433.55,61.30,156.95,1,-1,-1,-1
61,15,594.00,416.00,70.00,144.00,1,-1,-1,-1
62,3,131.68,423.34,60.02,195.67,1,-1,-1,-1
62,5,1238.25,405.46,122.08,369.97,1,-1,-1,-1
62,12,978.11,433.55,62.31,157.01,1,-1,-1,-1
62,15,594.00,416.00,70.00,144.00,1,-1,-1,-1
63,3,131.40,423.25,60.46,195.71,1,-1,-1,-1
63,5,1237.84,405.50,122.87,369.85,1,-1,-1,-1
63,12,977.86,433.57,63.24,157.09,1,-1,-1,-1
63,15,594.00,416.00,70.00,144.00,1,-1,-1,-1
64,3,123.88,421.88,60.32,195.27,1,-1,-1,-1
64,5,1266.55,393.88,128.88,389.14,1,-1,-1,-1
64,12,973.98,432.86,62.64,155.58,1,-1,-1,-1
64,15,594.00,416.00,70.00,144.00,1,-1,-1,-1
64,16,940.00,432.00,56.00,176.00,1,-1,-1,-1
65,5,1277.47,389.51,130.91,396.36,1,-1,-1,-1
65,12,941.61,432.03,67.39,171.16,1,-1,-1,-1
66,5,1281.79,387.85,131.48,399.06,1,-1,-1,-1
66,12,934.59,431.76,67.29,174.34,1,-1,-1,-1
67,5,1283.46,387.27,131.47,399.96,1,-1,-1,-1
67,12,932.44,431.67,66.55,175.55,1,-1,-1,-1
68,5,1284.09,387.10,131.27,400.17,1,-1,-1,-1
68,12,932.14,431.66,65.65,176.00,1,-1,-1,-1
69,5,1284.31,387.09,131.01,400.13,1,-1,-1,-1
69,12,932.49,431.67,64.75,176.16,1,-1,-1,-1
70,5,1284.38,387.14,130.75,400.00,1,-1,-1,-1
70,12,933.05,431.70,63.91,176.21,1,-1,-1,-1
71,5,1319.92,385.90,150.14,450.38,1,-1,-1,-1
71,12,919.76,434.32,62.33,169.71,1,-1,-1,-1
72,5,1332.16,385.44,159.10,469.01,1,-1,-1,-1
72,12,914.68,435.35,62.10,167.20,1,-1,-1,-1
73,5,1336.27,385.30,164.13,476.39,1,-1,-1,-1
73,12,912.78,435.74,62.37,166.28,1,-1,-1,-1
74,5,1337.06,385.29,167.35,479.06,1,-1,-1,-1
74,12,912.08,435.89,62.80,165.94,1,-1,-1,-1
75,5,1336.60,385.33,169.72,479.86,1,-1,-1,-1
75,12,911.83,435.94,63.26,165.83,1,-1,-1,-1
76,5,1335.72,385.38,171.64,479.94,1,-1,-1,-1
76,12,911.76,435.97,63.70,165.80,1,-1,-1,-1
77,5,1334.74,385.42,173.28,479.77,1,-1,-1,-1
77,12,911.75,435.98,64.10,165.81,1,-1,-1,-1
78,3,69.40,423.63,59.37,178.19,1,-1,-1,-1
78,5,1380.89,376.45,192.60,529.76,1,-1,-1,-1
78,12,890.36,432.06,65.39,169.75,1,-1,-1,-1
78,17,10.00,412.00,60.00,218.00,1,-1,-1,-1
79,3,67.20,423.81,62.18,177.76,1,-1,-1,-1
79,5,1397.76,373.10,200.59,548.45,1,-1,-1,-1
79,12,882.49,430.59,65.75,171.23,1,-1,-1,-1
79,17,10.00,412.00,60.00,218.00,1,-1,-1,-1
80,3,65.76,423.86,64.29,177.59,1,-1,-1,-1
80,5,1404.05,371.79,204.34,555.72,1,-1,-1,-1
80,12,879.70,430.03,65.77,171.80,1,-1,-1,-1
80,17,10.00,412.00,60.00,218.00,1,-1,-1,-1
81,3,64.92,423.89,65.94,177.56,1,-1,-1,-1
81,5,1405.99,371.32,206.26,558.27,1,-1,-1,-1
81,12,878.86,429.84,65.67,172.01,1,-1,-1,-1
81,17,10.00,412.00,60.00,218.00,1,-1,-1,-1
82,3,64.39,423.90,67.26,177.58,1,-1,-1,-1
82,5,1406.25,371.19,207.42,558.97,1,-1,-1,-1
82,12,878.75,429.78,65.54,172.08,1,-1,-1,-1
82,17,10.00,412.00,60.00,218.00,1,-1,-1,-1
83,3,64.02,423.91,68.35,177.61,1,-1,-1,-1
83,5,1405.89,371.18,208.23,558.96,1,-1,-1,-1
83,12,878.90,429.77,65.41,172.10,1,-1,-1,-1
83,17,10.00,412.00,60.00,218.00,1,-1,-1,-1
84,3,63.75,423.92,69.25,177.65,1,-1,-1,-1
84,5,1405.32,371.22,208.86,558.70,1,-1,-1,-1
84,12,879.14,429.78,65.28,172.10,1,-1,-1,-1
84,17,10.00,412.00,60.00,218.00,1,-1,-1,-1
85,3,61.22,423.80,69.03,177.07,1,-1,-1,-1
85,5,1478.20,379.01,226.05,598.30,1,-1,-1,-1
85,12,863.58,421.98,66.77,179.92,1,-1,-1,-1
85,17,10.00,412.00,60.00,218.00,1,-1,-1,-1
85,18,1848.00,360.00,62.00,578.00,1,-1,-1,-1
86,5,1504.93,381.95,233.87,613.17,1,-1,-1,-1
86,12,858.23,419.06,66.50,182.84,1,-1,-1,-1
86,18,1848.00,360.00,62.00,578.00,1,-1,-1,-1
87,5,1514.68,383.15,238.03,618.78,1,-1,-1,-1
87,12,856.66,417.96,65.67,183.95,1,-1,-1,-1
87,18,1848.00,360.00,62.00,578.00,1,-1,-1,-1
88,5,1517.57,383.63,240.58,620.64,1,-1,-1,-1
88,12,856.54,417.57,64.70,184.35,1,-1,-1,-1
88,18,1848.00,360.00,62.00,578.00,1,-1,-1,-1
89,5,1517.85,383.83,242.39,621.06,1,-1,-1,-1
89,12,856.93,417.46,63.73,184.47,1,-1,-1,-1
89,18,1848.00,360.00,62.00,578.00,1,-1,-1,-1
90,5,1517.17,383.90,243.85,620.94,1,-1,-1,-1
90,12,857.47,417.45,62.82,184.48,1,-1,-1,-1
90,18,1848.00,360.00,62.00,578.00,1,-1,-1,-1
91,5,1516.19,383.94,245.08,620.64,1,-1,-1,-1
91,12,858.04,417.48,61.99,184.46,1,-1,-1,-1
91,18,1848.00,360.00,62.00,578.00,1,-1,-1,-1
92,5,1607.66,359.41,260.04,660.31,1,-1,-1,-1
92,12,850.40,414.92,59.40,175.33,1,-1,-1,-1
92,18,1848.00,360.00,62.00,578.00,1,-1,-1,-1
93,5,1642.23,350.18,265.24,675.19,1,-1,-1,-1
93,12,847.50,413.97,58.61,171.77,1,-1,-1,-1
94,5,1655.62,346.57,266.82,680.77,1,-1,-1,-1
94,12,846.42,413.65,58.55,170.46,1,-1,-1,-1
95,5,1660.46,345.24,267.00,682.61,1,-1,-1,-1
95,12,846.03,413.56,58.73,169.99,1,-1,-1,-1
96,5,1661.95,344.80,266.67,683.02,1,-1,-1,-1
96,12,845.89,413.56,58.99,169.83,1,-1,-1,-1
97,5,1662.17,344.71,266.17,682.89,1,-1,-1,-1
97,12,845.86,413.58,59.25,169.79,1,-1,-1,-1
98,5,1661.92,344.75,265.64,682.58,1,-1,-1,-1
98,12,845.86,413.62,59.50,169.78,1,-1,-1,-1
99,5,1674.61,342.70,268.51,689.94,1,-1,-1,-1
99,12,840.01,395.30,62.28,177.66,1,-1,-1,-1
100,12,837.86,388.50,63.33,180.60,1,-1,-1,-1
101,12,837.11,385.93,63.74,181.73,1,-1,-1,-1
102,12,836.90,385.03,63.91,182.14,1,-1,-1,-1
103,12,836.89,384.77,63.97,182.28,1,-1,-1,-1
104,12,836.95,384.75,63.99,182.31,1,-1,-1,-1
105,12,837.03,384.82,64.00,182.30,1,-1,-1,-1
106,12,832.71,388.81,61.10,171.87,1,-1,-1,-1
107,12,830.95,390.46,60.33,167.81,1,-1,-1,-1
108,12,830.18,391.09,60.40,166.35,1,-1,-1,-1
109,12,829.79,391.36,60.76,165.83,1,-1,-1,-1
110,12,829.55,391.49,61.19,165.66,1,-1,-1,-1
111,12,829.38,391.57,61.62,165.63,1,-1,-1,-1
112,12,829.24,391.62,62.03,165.64,1,-1,-1,-1
113,12,813.85,386.41,64.08,170.91,1,-1,-1,-1
113,19,1732.00,394.00,166.00,492.00,1,-1,-1,-1
114,12,808.11,384.48,64.90,172.89,1,-1,-1,-1
114,19,1732.00,394.00,166.00,492.00,1,-1,-1,-1
115,12,805.96,383.78,65.25,173.66,1,-1,-1,-1
115,19,1732.00,394.00,166.00,492.00,1,-1,-1,-1
116,12,805.22,383.54,65.42,173.95,1,-1,-1,-1
116,19,1732.00,394.00,166.00,492.00,1,-1,-1,-1
117,12,805.00,383.49,65.51,174.05,1,-1,-1,-1
117,19,1732.00,394.00,166.00,492.00,1,-1,-1,-1
118,12,804.98,383.50,65.57,174.08,1,-1,-1,-1
118,19,1732.00,394.00,166.00,492.00,1,-1,-1,-1
119,12,805.04,383.53,65.62,174.09,1,-1,-1,-1
119,19,1732.00,394.00,166.00,492.00,1,-1,-1,-1
120,12,825.38,394.00,62.93,164.96,1,-1,-1,-1
120,19,1721.69,365.28,187.99,563.11,1,-1,-1,-1
121,12,833.13,398.07,62.26,161.44,1,-1,-1,-1
121,19,1718.80,355.16,194.24,588.19,1,-1,-1,-1
122,12,835.78,399.55,62.37,160.17,1,-1,-1,-1
122,19,1718.36,351.25,195.32,597.86,1,-1,-1,-1
123,12,836.57,400.08,62.74,159.73,1,-1,-1,-1
123,19,1718.89,349.93,194.32,601.13,1,-1,-1,-1
124,12,836.69,400.25,63.18,159.60,1,-1,-1,-1
124,19,1719.76,349.60,192.59,601.94,1,-1,-1,-1
125,12,836.57,400.30,63.61,159.58,1,-1,-1,-1
125,19,1720.72,349.64,190.67,601.85,1,-1,-1,-1
126,12,836.37,400.29,64.02,159.60,1,-1,-1,-1
126,19,1721.67,349.80,188.76,601.46,1,-1,-1,-1
127,12,837.18,400.80,63.75,158.92,1,-1,-1,-1
127,19,1720.38,346.25,191.52,610.23,1,-1,-1,-1
127,20,902.00,372.00,60.00,174.00,1,-1,-1,-1
127,21,942.00,358.00,56.00,182.00,1,-1,-1,-1
128,20,900.90,372.00,58.77,170.57,1,-1,-1,-1
128,21,945.07,359.71,55.01,178.57,1,-1,-1,-1
129,20,904.82,372.00,57.94,168.49,1,-1,-1,-1
129,21,946.04,360.00,55.43,179.51,1,-1,-1,-1
130,20,906.16,372.00,57.58,167.85,1,-1,-1,-1
130,21,946.26,360.07,55.70,179.86,1,-1,-1,-1
131,20,906.59,372.00,57.36,167.70,1,-1,-1,-1
131,21,946.23,360.08,55.93,179.98,1,-1,-1,-1
132,20,906.74,372.00,57.18,167.70,1,-1,-1,-1
132,21,946.11,360.07,56.15,180.02,1,-1,-1,-1
133,20,906.81,372.00,57.00,167.73,1,-1,-1,-1
133,21,945.98,360.06,56.38,180.03,1,-1,-1,-1
134,20,907.45,372.00,56.84,167.26,1,-1,-1,-1
134,21,970.23,365.52,54.32,169.09,1,-1,-1,-1
134,22,230.00,374.00,68.00,140.00,1,-1,-1,-1
134,23,54.00,388.00,60.00,208.00,1,-1,-1,-1
135,21,978.79,367.54,54.36,165.03,1,-1,-1,-1
135,22,230.00,374.00,68.00,140.00,1,-1,-1,-1
135,23,54.00,388.00,60.00,208.00,1,-1,-1,-1
136,21,981.21,368.21,55.23,163.68,1,-1,-1,-1
136,22,230.00,374.00,68.00,140.00,1,-1,-1,-1
136,23,54.00,388.00,60.00,208.00,1,-1,-1,-1
137,21,981.49,368.40,56.37,163.27,1,-1,-1,-1
137,22,230.00,374.00,68.00,140.00,1,-1,-1,-1
137,23,54.00,388.00,60.00,208.00,1,-1,-1,-1
138,21,981.04,368.44,57.57,163.19,1,-1,-1,-1
138,22,230.00,374.00,68.00,140.00,1,-1,-1,-1
138,23,54.00,388.00,60.00,208.00,1,-1,-1,-1
139,21,980.37,368.42,58.74,163.23,1,-1,-1,-1
139,22,230.00,374.00,68.00,140.00,1,-1,-1,-1
139,23,54.00,388.00,60.00,208.00,1,-1,-1,-1
140,21,979.65,368.38,59.86,163.30,1,-1,-1,-1
140,22,230.00,374.00,68.00,140.00,1,-1,-1,-1
140,23,54.00,388.00,60.00,208.00,1,-1,-1,-1
141,19,1795.47,411.03,130.80,441.56,1,-1,-1,-1
141,20,1027.17,323.76,64.94,194.88,1,-1,-1,-1
141,21,970.45,355.07,64.66,179.29,1,-1,-1,-1
141,22,230.00,374.00,68.00,140.00,1,-1,-1,-1
141,23,61.73,388.00,58.22,201.16,1,-1,-1,-1
142,19,1790.28,342.30,140.62,504.21,1,-1,-1,-1
142,20,1040.09,330.29,61.25,185.96,1,-1,-1,-1
142,21,970.40,352.79,64.93,182.55,1,-1,-1,-1
142,23,68.94,392.12,55.68,190.41,1,-1,-1,-1
143,19,1792.48,330.02,136.87,514.76,1,-1,-1,-1
143,20,1044.78,332.96,59.50,182.46,1,-1,-1,-1
143,21,970.55,351.91,64.54,183.83,1,-1,-1,-1
143,23,71.31,393.61,55.12,186.58,1,-1,-1,-1
144,19,1794.59,325.46,132.68,518.85,1,-1,-1,-1
144,20,1046.40,334.02,58.55,181.14,1,-1,-1,-1
144,21,970.79,351.61,63.92,184.29,1,-1,-1,-1
144,23,71.90,394.11,55.29,185.33,1,-1,-1,-1
145,19,1796.45,323.98,128.81,520.33,1,-1,-1,-1
145,20,1046.86,334.49,57.94,180.62,1,-1,-1,-1
145,21,971.05,351.53,63.26,184.43,1,-1,-1,-1
145,23,71.87,394.26,55.70,184.97,1,-1,-1,-1
146,19,1798.05,323.64,125.41,520.80,1,-1,-1,-1
146,20,1046.87,334.74,57.48,180.41,1,-1,-1,-1
146,21,971.31,351.53,62.61,184.46,1,-1,-1,-1
146,23,71.63,394.29,56.18,184.93,1,-1,-1,-1
147,19,1799.43,323.69,122.49,520.90,1,-1,-1,-1
147,20,1046.71,334.90,57.10,180.31,1,-1,-1,-1
147,21,971.56,351.55,62.01,184.44,1,-1,-1,-1
147,23,71.34,394.28,56.66,185.00,1,-1,-1,-1
148,19,1800.30,319.76,122.88,522.57,1,-1,-1,-1
148,20,1073.45,320.66,60.31,193.31,1,-1,-1,-1
148,21,987.40,346.38,61.45,184.41,1,-1,-1,-1
148,23,79.71,391.60,59.74,191.74,1,-1,-1,-1
149,20,1083.59,315.39,60.98,198.13,1,-1,-1,-1
149,21,993.54,344.44,60.94,184.37,1,-1,-1,-1
149,23,82.47,390.60,61.48,194.26,1,-1,-1,-1
150,20,1087.51,313.40,60.80,199.99,1,-1,-1,-1
150,21,995.94,343.74,60.48,184.34,1,-1,-1,-1
150,23,83.17,390.21,62.68,195.25,1,-1,-1,-1
151,20,1088.94,312.73,60.33,200.66,1,-1,-1,-1
151,21,996.90,343.51,60.06,184.31,1,-1,-1,-1
151,23,83.12,390.07,63.63,195.64,1,-1,-1,-1
152,20,1089.40,312.56,59.79,200.85,1,-1,-1,-1
152,21,997.29,343.46,59.68,184.28,1,-1,-1,-1
152,23,82.81,390.01,64.43,195.80,1,-1,-1,-1
153,20,1089.49,312.58,59.26,200.88,1,-1,-1,-1
153,21,997.47,343.47,59.33,184.25,1,-1,-1,-1
153,23,82.42,389.99,65.14,195.87,1,-1,-1,-1
154,20,1089.45,312.67,58.76,200.84,1,-1,-1,-1
154,21,997.57,343.51,59.01,184.23,1,-1,-1,-1
154,23,82.03,389.98,65.78,195.90,1,-1,-1,-1
155,19,1798.58,295.81,129.47,573.92,1,-1,-1,-1
155,20,1114.47,311.47,56.09,187.81,1,-1,-1,-1
155,21,1011.97,334.42,58.73,184.21,1,-1,-1,-1
155,23,86.69,384.75,69.37,206.38,1,-1,-1,-1
156,19,1800.34,294.71,125.97,576.81,1,-1,-1,-1
156,20,1123.61,311.13,55.55,182.66,1,-1,-1,-1
156,21,1017.45,331.00,58.47,184.19,1,-1,-1,-1
156,23,88.38,382.81,70.75,210.28,1,-1,-1,-1
157,19,1801.86,294.32,122.92,577.82,1,-1,-1,-1
157,20,1126.47,311.06,55.88,180.79,1,-1,-1,-1
157,21,1019.51,329.75,58.24,184.17,1,-1,-1,-1
157,23,88.97,382.06,71.32,211.78,1,-1,-1,-1
158,19,1803.14,294.27,120.34,578.09,1,-1,-1,-1
158,20,1127.07,311.09,56.47,180.11,1,-1,-1,-1
158,21,1020.25,329.33,58.02,184.15,1,-1,-1,-1
158,23,89.11,381.79,71.56,212.32,1,-1,-1,-1
159,19,1804.21,294.35,118.16,578.07,1,-1,-1,-1
159,20,1126.85,311.15,57.12,179.87,1,-1,-1,-1
159,21,1020.49,329.22,57.83,184.14,1,-1,-1,-1
159,23,89.10,381.71,71.67,212.49,1,-1,-1,-1
160,19,1805.11,294.47,116.30,577.95,1,-1,-1,-1
160,20,1126.36,311.23,57.75,179.79,1,-1,-1,-1
160,21,1020.55,329.23,57.66,184.12,1,-1,-1,-1
160,23,89.04,381.70,71.73,212.53,1,-1,-1,-1
161,19,1805.89,294.60,114.70,577.79,1,-1,-1,-1
161,20,1125.80,311.30,58.33,179.78,1,-1,-1,-1
161,21,1020.53,329.28,57.50,184.11,1,-1,-1,-1
161,23,88.95,381.71,71.76,212.51,1,-1,-1,-1
162,19,1754.90,292.12,136.02,638.74,1,-1,-1,-1
162,20,1121.18,310.06,61.78,191.60,1,-1,-1,-1
162,21,1007.28,328.04,57.68,186.71,1,-1,-1,-1
162,22,307.22,356.11,68.64,143.98,1,-1,-1,-1
162,23,68.07,394.73,66.59,194.28,1,-1,-1,-1
162,24,12.00,388.00,74.00,194.00,1,-1,-1,-1
163,19,1733.45,291.20,149.13,661.28,1,-1,-1,-1
163,20,1119.54,309.61,62.82,195.97,1,-1,-1,-1
163,21,1002.40,327.60,57.40,187.69,1,-1,-1,-1
163,22,309.02,355.79,67.81,144.05,1,-1,-1,-1
163,23,59.62,399.85,64.99,187.10,1,-1,-1,-1
163,24,12.00,388.00,74.00,194.00,1,-1,-1,-1
164,19,1722.83,290.91,158.50,670.12,1,-1,-1,-1
164,20,1118.84,309.47,63.04,197.67,1,-1,-1,-1
164,21,1000.67,327.47,56.99,188.05,1,-1,-1,-1
164,22,309.83,355.67,67.20,144.07,1,-1,-1,-1
164,23,29.22,392.29,67.05,191.25,1,-1,-1,-1
164,25,52.00,402.00,72.00,184.00,1,-1,-1,-1
165,19,1716.97,290.88,165.79,673.31,1,-1,-1,-1
165,20,1118.54,309.46,62.93,198.29,1,-1,-1,-1
165,21,1000.14,327.45,56.55,188.17,1,-1,-1,-1
165,22,310.15,355.65,66.73,144.08,1,-1,-1,-1
165,23,18.15,389.55,68.15,192.77,1,-1,-1,-1
165,25,52.00,402.00,72.00,184.00,1,-1,-1,-1
166,19,1713.23,290.92,171.83,674.28,1,-1,-1,-1
166,20,1118.40,309.49,62.73,198.49,1,-1,-1,-1
166,21,1000.06,327.48,56.13,188.20,1,-1,-1,-1
166,22,310.27,355.66,66.36,144.07,1,-1,-1,-1
166,23,13.94,388.51,68.87,193.37,1,-1,-1,-1
166,25,52.00,402.00,72.00,184.00,1,-1,-1,-1
167,19,1710.47,291.00,177.01,674.39,1,-1,-1,-1
167,20,1118.33,309.52,62.49,198.53,1,-1,-1,-1
167,21,1000.15,327.52,55.75,188.20,1,-1,-1,-1
167,22,310.31,355.69,66.06,144.07,1,-1,-1,-1
167,23,12.38,388.12,69.43,193.62,1,-1,-1,-1
167,25,52.00,402.00,72.00,184.00,1,-1,-1,-1
168,19,1699.61,297.52,175.61,656.15,1,-1,-1,-1
168,20,1093.38,305.67,66.66,215.40,1,-1,-1,-1
168,21,1000.03,326.74,55.85,188.55,1,-1,-1,-1
168,22,291.40,334.77,74.83,168.94,1,-1,-1,-1
168,23,-10.79,380.11,78.45,230.41,1,-1,-1,-1
168,25,52.00,402.00,72.00,184.00,1,-1,-1,-1
168,26,954.00,312.00,58.00,212.00,1,-1,-1,-1
169,19,1676.64,300.11,177.67,643.58,1,-1,-1,-1
169,20,1083.84,305.50,66.19,216.62,1,-1,-1,-1
169,21,957.83,318.31,57.34,195.89,1,-1,-1,-1
169,22,284.73,333.36,72.84,169.30,1,-1,-1,-1
169,23,-17.21,379.19,79.50,233.51,1,-1,-1,-1
170,19,1669.65,319.43,167.51,582.43,1,-1,-1,-1
170,20,1076.09,304.19,63.48,210.60,1,-1,-1,-1
170,21,944.15,318.93,55.28,189.71,1,-1,-1,-1
170,22,284.20,331.00,73.83,171.59,1,-1,-1,-1
171,19,1665.88,326.93,166.44,558.56,1,-1,-1,-1
171,20,1073.31,303.72,61.96,208.15,1,-1,-1,-1
171,21,939.24,319.20,54.38,187.39,1,-1,-1,-1
172,19,1663.19,329.55,169.07,550.19,1,-1,-1,-1
172,20,1072.50,303.57,60.97,207.19,1,-1,-1,-1
172,21,937.59,319.34,53.93,186.52,1,-1,-1,-1
173,19,1661.02,330.45,172.77,547.27,1,-1,-1,-1
173,20,1072.43,303.54,60.22,206.79,1,-1,-1,-1
173,21,937.17,319.42,53.66,186.19,1,-1,-1,-1
174,19,1659.16,330.72,176.60,546.33,1,-1,-1,-1
174,20,1072.61,303.56,59.60,206.60,1,-1,-1,-1
174,21,937.18,319.48,53.47,186.06,1,-1,-1,-1
175,19,1657.52,330.77,180.26,546.13,1,-1,-1,-1
175,20,1072.87,303.59,59.05,206.50,1,-1,-1,-1
175,21,937.36,319.54,53.31,186.02,1,-1,-1,-1
176,19,1594.33,322.81,186.91,544.86,1,-1,-1,-1
176,20,1046.55,298.41,62.25,216.86,1,-1,-1,-1
176,21,914.96,328.73,52.66,178.15,1,-1,-1,-1
177,19,1568.92,319.78,193.16,544.50,1,-1,-1,-1
177,20,1036.65,296.49,63.57,220.73,1,-1,-1,-1
177,21,906.15,332.29,53.19,175.15,1,-1,-1,-1
178,19,1558.03,318.64,198.91,544.48,1,-1,-1,-1
178,20,1032.82,295.77,64.19,222.19,1,-1,-1,-1
178,21,902.69,333.59,54.13,174.06,1,-1,-1,-1
179,19,1552.76,318.21,204.14,544.56,1,-1,-1,-1
179,20,1031.42,295.52,64.51,222.70,1,-1,-1,-1
179,21,901.23,334.05,55.16,173.69,1,-1,-1,-1
180,19,1549.73,318.04,208.89,544.68,1,-1,-1,-1
180,20,1030.96,295.47,64.72,222.83,1,-1,-1,-1
180,21,900.55,334.21,56.15,173.58,1,-1,-1,-1
181,19,1547.66,317.99,213.19,544.80,1,-1,-1,-1
181,20,1030.85,295.48,64.86,222.84,1,-1,-1,-1
181,21,900.17,334.25,57.08,173.57,1,-1,-1,-1
182,19,1546.03,317.97,217.08,544.92,1,-1,-1,-1
182,20,1030.87,295.51,64.98,222.79,1,-1,-1,-1
182,21,899.92,334.25,57.92,173.60,1,-1,-1,-1
183,19,1497.01,303.55,222.82,555.51,1,-1,-1,-1
183,20,1028.65,286.46,67.08,229.22,1,-1,-1,-1
183,21,890.73,317.17,59.62,178.88,1,-1,-1,-1
183,22,211.18,321.34,64.53,153.52,1,-1,-1,-1
183,27,1694.00,300.00,208.00,552.00,1,-1,-1,-1
184,19,1478.41,298.15,225.81,559.52,1,-1,-1,-1
184,20,1027.81,283.06,67.98,231.63,1,-1,-1,-1
184,21,887.39,310.80,60.22,180.86,1,-1,-1,-1
184,22,209.12,321.52,62.99,152.34,1,-1,-1,-1
184,27,1694.00,300.00,208.00,552.00,1,-1,-1,-1
185,19,1471.29,296.13,227.70,561.07,1,-1,-1,-1
185,20,1027.52,281.79,68.42,232.50,1,-1,-1,-1
185,21,886.26,308.38,60.42,181.63,1,-1,-1,-1
185,22,208.55,321.46,62.10,152.03,1,-1,-1,-1
185,27,1694.00,300.00,208.00,552.00,1,-1,-1,-1
186,19,1468.62,295.42,229.08,561.67,1,-1,-1,-1
186,20,1027.45,281.35,68.67,232.78,1,-1,-1,-1
186,21,885.97,307.52,60.46,181.92,1,-1,-1,-1
186,22,208.60,321.48,61.47,151.92,1,-1,-1,-1
186,27,1694.00,300.00,208.00,552.00,1,-1,-1,-1
187,19,1467.65,295.21,230.20,561.89,1,-1,-1,-1
187,20,1027.45,281.23,68.83,232.84,1,-1,-1,-1
187,21,885.99,307.24,60.45,182.03,1,-1,-1,-1
187,22,208.88,321.52,61.00,151.89,1,-1,-1,-1
187,27,1694.00,300.00,208.00,552.00,1,-1,-1,-1
188,19,1467.33,295.18,231.17,561.98,1,-1,-1,-1
188,20,1027.49,281.23,68.96,232.81,1,-1,-1,-1
188,21,886.11,307.19,60.42,182.06,1,-1,-1,-1
188,22,209.20,321.57,60.62,151.89,1,-1,-1,-1
188,27,1694.00,300.00,208.00,552.00,1,-1,-1,-1
189,19,1467.26,295.22,232.03,562.01,1,-1,-1,-1
189,20,1027.52,281.28,69.06,232.75,1,-1,-1,-1
189,21,886.26,307.22,60.38,182.07,1,-1,-1,-1
189,22,209.50,321.62,60.30,151.90,1,-1,-1,-1
189,27,1694.00,300.00,208.00,552.00,1,-1,-1,-1
190,19,1429.55,300.49,237.77,575.07,1,-1,-1,-1
190,20,1040.04,283.93,70.19,235.29,1,-1,-1,-1
190,21,878.97,316.40,58.30,176.85,1,-1,-1,-1
190,22,209.22,321.66,59.83,150.59,1,-1,-1,-1
190,27,1678.59,295.90,221.05,587.56,1,-1,-1,-1
191,19,1415.45,302.51,240.12,579.98,1,-1,-1,-1
191,20,1044.74,284.97,70.81,236.22,1,-1,-1,-1
191,21,876.37,319.97,57.32,174.85,1,-1,-1,-1
191,22,209.18,321.70,59.68,150.10,1,-1,-1,-1
191,27,1673.18,294.43,225.49,600.31,1,-1,-1,-1
192,19,1410.29,303.31,241.18,581.83,1,-1,-1,-1
192,20,1046.46,285.40,71.22,236.53,1,-1,-1,-1
192,21,875.58,321.30,56.79,174.12,1,-1,-1,-1
192,22,209.22,321.73,59.65,149.93,1,-1,-1,-1
192,27,1671.30,293.88,226.89,605.00,1,-1,-1,-1
193,19,1408.58,303.63,241.72,582.49,1,-1,-1,-1
193,20,1047.04,285.58,71.52,236.61,1,-1,-1,-1
193,21,875.45,321.80,56.44,173.86,1,-1,-1,-1
193,22,209.28,321.76,59.66,149.87,1,-1,-1,-1
193,27,1670.81,293.71,227.12,606.53,1,-1,-1,-1
194,19,1408.18,303.76,242.05,582.69,1,-1,-1,-1
194,20,1047.18,285.67,71.77,236.60,1,-1,-1,-1
194,21,875.56,321.98,56.18,173.78,1,-1,-1,-1
194,22,209.35,321.78,59.69,149.86,1,-1,-1,-1
194,27,1670.83,293.67,226.91,606.88,1,-1,-1,-1
195,19,1408.25,303.82,242.28,582.72,1,-1,-1,-1
195,20,1047.16,285.72,71.99,236.57,1,-1,-1,-1
195,21,875.74,322.05,55.96,173.77,1,-1,-1,-1
195,22,209.41,321.81,59.72,149.87,1,-1,-1,-1
195,27,1671.02,293.68,226.57,606.80,1,-1,-1,-1
196,19,1408.49,303.85,242.46,582.69,1,-1,-1,-1
196,20,1047.08,285.76,72.19,236.52,1,-1,-1,-1
196,21,875.94,322.07,55.77,173.78,1,-1,-1,-1
196,22,209.47,321.82,59.74,149.88,1,-1,-1,-1
196,27,1671.26,293.70,226.19,606.59,1,-1,-1,-1
197,19,1380.69,311.69,246.68,598.27,1,-1,-1,-1
197,20,1056.91,300.11,69.47,226.06,1,-1,-1,-1
197,21,880.59,328.61,55.84,171.18,1,-1,-1,-1
197,22,208.46,321.54,59.66,149.68,1,-1,-1,-1
197,27,1633.97,315.98,223.66,595.89,1,-1,-1,-1
198,19,1371.00,314.64,247.02,604.11,1,-1,-1,-1
198,20,1060.56,305.65,68.64,221.99,1,-1,-1,-1
198,21,882.19,331.09,56.34,170.20,1,-1,-1,-1
198,27,1619.44,324.49,223.42,591.64,1,-1,-1,-1
199,19,1368.10,315.77,246.03,606.29,1,-1,-1,-1
199,20,1061.76,307.66,68.56,220.50,1,-1,-1,-1
199,21,882.61,331.99,56.96,169.86,1,-1,-1,-1
199,27,1613.79,327.62,224.04,589.96,1,-1,-1,-1
200,19,1367.78,316.18,244.62,607.04,1,-1,-1,-1
200,20,1062.07,308.37,68.73,219.96,1,-1,-1,-1
200,21,882.60,332.30,57.59,169.75,1,-1,-1,-1
200,27,1611.52,328.72,224.92,589.26,1,-1,-1,-1
201,19,1368.37,316.31,243.16,607.24,1,-1,-1,-1
201,20,1062.05,308.59,68.98,219.78,1,-1,-1,-1
201,21,882.45,332.39,58.18,169.72,1,-1,-1,-1
201,27,1610.55,329.06,225.86,588.94,1,-1,-1,-1
202,19,1369.25,316.34,241.77,607.24,1,-1,-1,-1
202,20,1061.93,308.63,69.25,219.73,1,-1,-1,-1
202,21,882.25,332.40,58.73,169.73,1,-1,-1,-1
202,27,1610.08,329.11,226.76,588.77,1,-1,-1,-1
203,19,1370.18,316.33,240.48,607.17,1,-1,-1,-1
203,20,1061.77,308.60,69.50,219.73,1,-1,-1,-1
203,21,882.05,332.38,59.23,169.75,1,-1,-1,-1
203,27,1609.81,329.06,227.60,588.67,1,-1,-1,-1
204,19,1383.06,343.64,230.95,582.35,1,-1,-1,-1
204,20,1062.70,309.61,69.36,219.26,1,-1,-1,-1
204,21,900.59,353.29,57.55,161.92,1,-1,-1,-1
204,27,1620.70,335.51,238.92,618.68,1,-1,-1,-1
204,28,1116.00,338.00,94.00,238.00,1,-1,-1,-1
205,19,1388.63,366.03,221.31,558.16,1,-1,-1,-1
205,21,905.70,359.93,59.62,164.28,1,-1,-1,-1
205,27,1627.84,340.46,242.23,629.85,1,-1,-1,-1
206,19,1390.87,374.23,217.71,549.19,1,-1,-1,-1
206,21,907.18,362.29,61.05,165.14,1,-1,-1,-1
206,27,1631.00,342.32,242.94,634.10,1,-1,-1,-1
207,19,1391.80,377.09,216.40,545.99,1,-1,-1,-1
207,21,907.39,363.08,62.19,165.50,1,-1,-1,-1
207,27,1632.53,342.96,242.68,635.59,1,-1,-1,-1
208,19,1392.25,378.00,215.93,544.91,1,-1,-1,-1
208,21,907.14,363.29,63.16,165.65,1,-1,-1,-1
208,27,1633.39,343.13,242.08,636.02,1,-1,-1,-1
209,19,1392.51,378.19,215.78,544.60,1,-1,-1,-1
209,21,906.75,363.28,64.01,165.72,1,-1,-1,-1
209,27,1633.96,343.12,241.40,636.06,1,-1,-1,-1
210,19,1392.69,378.11,215.75,544.59,1,-1,-1,-1
210,21,906.34,363.20,64.78,165.77,1,-1,-1,-1
210,27,1634.39,343.06,240.74,635.96,1,-1,-1,-1
211,19,1388.43,333.27,245.58,632.72,1,-1,-1,-1
211,20,976.70,361.64,53.13,159.00,1,-1,-1,-1
211,21,907.62,365.20,64.64,165.40,1,-1,-1,-1
211,27,1659.24,357.27,226.23,599.41,1,-1,-1,-1
211,29,884.00,346.00,56.00,148.00,1,-1,-1,-1
211,30,834.00,332.00,56.00,160.00,1,-1,-1,-1
211,31,1190.00,332.00,102.00,252.00,1,-1,-1,-1
212,19,1384.07,315.95,253.21,663.19,1,-1,-1,-1
212,20,972.76,361.31,56.30,163.40,1,-1,-1,-1
212,27,1667.07,357.36,225.55,599.72,1,-1,-1,-1
212,29,879.58,334.00,59.69,158.29,1,-1,-1,-1
213,19,1397.67,340.32,237.02,618.81,1,-1,-1,-1
213,20,970.26,364.31,57.77,162.69,1,-1,-1,-1
213,27,1669.30,352.10,229.11,612.96,1,-1,-1,-1
213,29,882.11,334.92,59.62,158.54,1,-1,-1,-1
214,19,1403.26,350.49,230.49,600.03,1,-1,-1,-1
214,20,969.14,365.26,59.14,162.55,1,-1,-1,-1
214,27,1670.48,350.07,229.66,617.91,1,-1,-1,-1
214,29,883.15,335.43,59.40,158.48,1,-1,-1,-1
215,19,1405.19,354.25,228.38,593.00,1,-1,-1,-1
215,20,968.57,365.47,60.36,162.62,1,-1,-1,-1
215,27,1671.21,349.23,229.17,619.78,1,-1,-1,-1
215,29,883.57,335.66,59.12,158.38,1,-1,-1,-1
216,19,1405.77,355.63,227.88,590.33,1,-1,-1,-1
216,20,968.22,365.43,61.42,162.75,1,-1,-1,-1
216,27,1671.74,348.87,228.35,620.44,1,-1,-1,-1
216,29,883.79,335.78,58.83,158.30,1,-1,-1,-1
217,19,1405.86,356.13,227.95,589.27,1,-1,-1,-1
217,20,967.97,365.32,62.35,162.88,1,-1,-1,-1
217,27,1672.18,348.69,227.46,620.64,1,-1,-1,-1
217,29,883.93,335.84,58.54,158.25,1,-1,-1,-1
218,19,1392.38,340.62,241.96,628.02,1,-1,-1,-1
218,20,966.78,365.19,63.80,165.66,1,-1,-1,-1
218,22,382.91,363.60,58.94,134.09,1,-1,-1,-1
218,27,1677.61,374.66,224.30,597.21,1,-1,-1,-1
218,29,884.23,335.60,58.68,158.65,1,-1,-1,-1
218,32,1244.00,338.00,98.00,278.00,1,-1,-1,-1
219,19,1387.28,346.32,244.81,633.48,1,-1,-1,-1
219,20,967.55,363.76,66.03,169.37,1,-1,-1,-1
219,22,383.37,357.30,63.18,138.09,1,-1,-1,-1
219,27,1675.33,383.26,227.70,596.10,1,-1,-1,-1
219,32,1248.57,329.43,102.57,291.71,1,-1,-1,-1
220,19,1385.13,348.62,246.24,635.46,1,-1,-1,-1
220,20,967.71,363.17,67.29,170.80,1,-1,-1,-1
220,22,383.34,355.51,65.44,139.24,1,-1,-1,-1
220,27,1673.42,386.34,231.01,595.71,1,-1,-1,-1
220,32,1249.51,328.00,102.99,294.00,1,-1,-1,-1
221,19,1384.19,349.52,247.09,636.07,1,-1,-1,-1
221,20,967.66,362.89,68.15,171.38,1,-1,-1,-1
221,22,382.77,354.79,66.93,139.69,1,-1,-1,-1
221,27,1671.74,387.38,234.09,595.60,1,-1,-1,-1
221,32,1249.95,327.62,102.72,294.61,1,-1,-1,-1
222,19,1383.73,349.86,247.67,636.17,1,-1,-1,-1
222,20,967.54,362.74,68.80,171.61,1,-1,-1,-1
222,22,382.07,354.49,68.00,139.86,1,-1,-1,-1
222,27,1670.24,387.66,236.91,595.58,1,-1,-1,-1
222,32,1250.25,327.58,102.17,294.68,1,-1,-1,-1
223,19,1383.46,349.99,248.14,636.08,1,-1,-1,-1
223,20,967.41,362.64,69.35,171.72,1,-1,-1,-1
223,22,381.39,354.36,68.82,139.93,1,-1,-1,-1
223,27,1668.88,387.65,239.48,595.60,1,-1,-1,-1
223,32,1250.54,327.62,101.53,294.61,1,-1,-1,-1
224,19,1383.28,350.03,248.53,635.93,1,-1,-1,-1
224,20,967.28,362.57,69.81,171.77,1,-1,-1,-1
224,22,380.79,354.29,69.47,139.96,1,-1,-1,-1
224,27,1667.65,387.55,241.81,595.63,1,-1,-1,-1
224,32,1250.85,327.67,100.83,294.53,1,-1,-1,-1
225,19,1376.17,360.44,244.62,634.47,1,-1,-1,-1
225,20,965.87,361.20,70.17,170.50,1,-1,-1,-1
225,22,384.88,354.71,69.45,139.92,1,-1,-1,-1
225,27,1645.49,369.11,245.46,606.13,1,-1,-1,-1
225,29,890.55,339.76,56.67,146.60,1,-1,-1,-1
225,32,1280.13,337.26,98.07,284.91,1,-1,-1,-1
226,19,1374.38,364.41,241.34,633.82,1,-1,-1,-1
226,20,965.16,360.65,70.76,170.03,1,-1,-1,-1
226,27,1637.30,362.11,246.51,610.09,1,-1,-1,-1
226,29,889.91,340.00,58.46,145.94,1,-1,-1,-1
226,32,1290.75,340.83,97.36,281.31,1,-1,-1,-1
227,19,1374.55,365.88,238.48,633.48,1,-1,-1,-1
227,20,964.73,360.43,71.40,169.86,1,-1,-1,-1
227,27,1634.35,359.41,246.62,611.59,1,-1,-1,-1
227,29,889.18,340.08,60.11,145.72,1,-1,-1,-1
227,32,1294.23,342.07,97.44,280.05,1,-1,-1,-1
228,19,1375.40,366.40,235.94,633.28,1,-1,-1,-1
228,20,964.41,360.32,72.01,169.81,1,-1,-1,-1
228,27,1633.42,358.39,246.38,612.14,1,-1,-1,-1
228,29,888.46,340.10,61.58,145.66,1,-1,-1,-1
228,32,1295.13,342.47,97.80,279.63,1,-1,-1,-1
229,19,1376.43,366.56,233.65,633.14,1,-1,-1,-1
229,20,964.16,360.27,72.58,169.81,1,-1,-1,-1
229,27,1633.25,358.01,246.04,612.32,1,-1,-1,-1
229,29,887.80,340.10,62.88,145.66,1,-1,-1,-1
229,32,1295.11,342.57,98.25,279.52,1,-1,-1,-1
230,19,1377.47,366.58,231.58,633.02,1,-1,-1,-1
230,20,963.95,360.23,73.10,169.82,1,-1,-1,-1
230,27,1633.35,357.88,245.69,612.37,1,-1,-1,-1
230,29,887.20,340.09,64.03,145.68,1,-1,-1,-1
230,32,1294.79,342.56,98.71,279.52,1,-1,-1,-1
231,19,1378.45,366.55,229.72,632.92,1,-1,-1,-1
231,20,963.76,360.21,73.57,169.83,1,-1,-1,-1
231,27,1633.54,357.84,245.35,612.36,1,-1,-1,-1
231,29,886.67,340.09,65.05,145.71,1,-1,-1,-1
231,32,1294.38,342.52,99.15,279.55,1,-1,-1,-1
232,19,1350.65,363.91,235.87,645.87,1,-1,-1,-1
232,20,963.07,360.54,73.45,169.56,1,-1,-1,-1
232,21,1018.77,340.54,74.98,205.61,1,-1,-1,-1
232,22,442.07,319.99,91.65,193.17,1,-1,-1,-1
232,27,1624.46,357.83,254.49,637.12,1,-1,-1,-1
232,29,887.10,340.23,64.84,145.24,1,-1,-1,-1
232,32,1297.76,343.39,98.89,278.80,1,-1,-1,-1
233,19,1339.81,362.88,238.96,650.72,1,-1,-1,-1
233,21,1022.70,339.88,71.86,206.49,1,-1,-1,-1
233,22,446.88,317.92,89.95,196.34,1,-1,-1,-1
233,27,1621.30,357.84,257.46,646.38,1,-1,-1,-1
234,19,1335.42,362.47,240.81,652.50,1,-1,-1,-1
234,21,1024.60,339.65,69.57,206.77,1,-1,-1,-1
234,22,449.19,317.15,87.97,197.49,1,-1,-1,-1
234,27,1620.34,357.85,258.21,649.89,1,-1,-1,-1
235,19,1333.56,362.30,242.12,653.09,1,-1,-1,-1
235,21,1025.61,339.58,67.83,206.83,1,-1,-1,-1
235,22,450.45,316.91,86.11,197.84,1,-1,-1,-1
235,27,1620.21,357.86,258.10,651.14,1,-1,-1,-1
236,19,1332.70,362.22,243.16,653.24,1,-1,-1,-1
236,21,1026.21,339.58,66.46,206.81,1,-1,-1,-1
236,22,451.23,316.87,84.47,197.88,1,-1,-1,-1
236,27,1620.39,357.87,257.71,651.51,1,-1,-1,-1
237,19,1332.24,362.18,244.04,653.22,1,-1,-1,-1
237,21,1026.61,339.60,65.36,206.76,1,-1,-1,-1
237,22,451.76,316.91,83.06,197.81,1,-1,-1,-1
237,27,1620.66,357.89,257.24,651.56,1,-1,-1,-1
238,19,1331.95,362.16,244.82,653.14,1,-1,-1,-1
238,21,1026.88,339.63,64.46,206.70,1,-1,-1,-1
238,22,452.15,316.98,81.84,197.70,1,-1,-1,-1
238,27,1620.94,357.90,256.77,651.49,1,-1,-1,-1
239,19,1357.64,319.15,248.38,672.59,1,-1,-1,-1
239,21,1031.82,333.18,59.42,189.80,1,-1,-1,-1
239,22,456.44,315.36,82.95,200.39,1,-1,-1,-1
239,27,1631.46,350.10,248.87,627.97,1,-1,-1,-1
239,33,0.00,314.00,54.00,198.00,1,-1,-1,-1
240,19,1368.40,302.97,247.67,679.86,1,-1,-1,-1
240,21,1033.50,330.70,57.52,183.12,1,-1,-1,-1
240,27,1635.23,347.12,246.46,618.82,1,-1,-1,-1
240,33,0.00,314.00,54.00,198.00,1,-1,-1,-1
241,19,1373.48,296.82,245.57,682.57,1,-1,-1,-1
241,21,1033.98,329.83,56.93,180.73,1,-1,-1,-1
241,27,1636.32,346.03,246.20,615.43,1,-1,-1,-1
241,33,0.00,314.00,54.00,198.00,1,-1,-1,-1
242,19,1376.23,294.61,243.10,683.49,1,-1,-1,-1
242,21,1034.03,329.55,56.80,179.89,1,-1,-1,-1
242,27,1636.44,345.66,246.69,614.18,1,-1,-1,-1
242,33,0.00,314.00,54.00,198.00,1,-1,-1,-1
243,19,1378.01,293.91,240.64,683.73,1,-1,-1,-1
243,21,1033.92,329.48,56.84,179.61,1,-1,-1,-1
243,27,1636.22,345.55,247.41,613.74,1,-1,-1,-1
243,33,0.00,314.00,54.00,198.00,1,-1,-1,-1
244,19,1379.33,293.78,238.35,683.71,1,-1,-1,-1
244,21,1033.76,329.49,56.92,179.53,1,-1,-1,-1
244,27,1635.90,345.54,248.16,613.61,1,-1,-1,-1
244,33,0.00,314.00,54.00,198.00,1,-1,-1,-1
245,19,1380.42,293.87,236.23,683.61,1,-1,-1,-1
245,21,1033.60,329.53,57.02,179.54,1,-1,-1,-1
245,27,1635.55,345.56,248.88,613.58,1,-1,-1,-1
245,33,0.00,314.00,54.00,198.00,1,-1,-1,-1
246,19,1375.94,271.90,247.74,718.61,1,-1,-1,-1
246,21,1051.93,325.62,56.92,174.31,1,-1,-1,-1
246,27,1652.93,345.60,258.64,639.78,1,-1,-1,-1
246,33,17.76,323.57,51.30,181.59,1,-1,-1,-1
247,19,1374.43,263.72,251.70,731.68,1,-1,-1,-1
247,21,1058.42,324.18,57.66,172.37,1,-1,-1,-1
247,27,1659.65,345.62,261.81,649.56,1,-1,-1,-1
247,33,23.87,327.14,51.31,175.48,1,-1,-1,-1
248,19,1373.98,260.68,252.91,736.63,1,-1,-1,-1
248,21,1060.34,323.68,58.66,171.69,1,-1,-1,-1
248,27,1662.41,345.66,262.59,653.31,1,-1,-1,-1
248,33,25.31,328.30,52.42,173.49,1,-1,-1,-1
249,19,1373.93,259.68,253.05,738.35,1,-1,-1,-1
249,21,1060.61,323.53,59.69,171.47,1,-1,-1,-1
249,27,1663.60,345.69,262.48,654.66,1,-1,-1,-1
249,33,25.17,328.65,53.87,172.89,1,-1,-1,-1
250,19,1374.04,259.46,252.81,738.83,1,-1,-1,-1
250,21,1060.30,323.51,60.66,171.43,1,-1,-1,-1
250,27,1664.15,345.72,262.07,655.10,1,-1,-1,-1
250,33,24.51,328.71,55.41,172.79,1,-1,-1,-1
251,19,1374.19,259.52,252.45,738.84,1,-1,-1,-1
251,21,1059.82,323.53,61.55,171.46,1,-1,-1,-1
251,27,1664.46,345.75,261.57,655.19,1,-1,-1,-1
251,33,23.69,328.67,56.92,172.85,1,-1,-1,-1
252,19,1374.35,259.68,252.06,738.68,1,-1,-1,-1
252,21,1059.30,323.57,62.36,171.50,1,-1,-1,-1
252,27,1664.65,345.77,261.07,655.16,1,-1,-1,-1
252,33,22.87,328.61,58.36,172.95,1,-1,-1,-1
253,19,1380.70,276.74,241.89,706.03,1,-1,-1,-1
253,21,1078.03,315.73,67.95,191.23,1,-1,-1,-1
253,27,1663.44,330.17,263.33,664.19,1,-1,-1,-1
253,33,25.12,328.55,56.29,162.42,1,-1,-1,-1
254,19,1381.04,279.54,238.17,694.53,1,-1,-1,-1
254,21,1085.90,309.10,69.20,198.42,1,-1,-1,-1
254,27,1659.20,313.92,265.15,683.10,1,-1,-1,-1
254,33,25.28,327.10,56.70,159.89,1,-1,-1,-1
255,19,1381.09,280.63,236.91,690.26,1,-1,-1,-1
255,21,1089.26,306.46,69.01,201.29,1,-1,-1,-1
255,27,1659.10,307.77,262.74,690.24,1,-1,-1,-1
255,33,24.92,326.57,57.58,159.08,1,-1,-1,-1
256,19,1381.04,281.08,236.54,688.67,1,-1,-1,-1
256,21,1090.75,305.49,68.29,202.36,1,-1,-1,-1
256,27,1660.40,305.49,259.03,692.87,1,-1,-1,-1
256,33,24.40,326.35,58.59,158.86,1,-1,-1,-1
257,19,1380.97,281.29,236.50,688.08,1,-1,-1,-1
257,21,1091.47,305.17,67.44,202.72,1,-1,-1,-1
257,27,1662.13,304.71,255.10,693.75,1,-1,-1,-1
257,33,23.85,326.26,59.59,158.87,1,-1,-1,-1
258,19,1380.88,281.41,236.57,687.87,1,-1,-1,-1
258,21,1091.88,305.10,66.59,202.81,1,-1,-1,-1
258,27,1663.89,304.51,251.31,693.96,1,-1,-1,-1
258,33,23.32,326.21,60.53,158.95,1,-1,-1,-1
259,19,1380.80,281.48,236.68,687.81,1,-1,-1,-1
259,21,1092.16,305.13,65.78,202.80,1,-1,-1,-1
259,27,1665.57,304.52,247.80,693.93,1,-1,-1,-1
259,33,22.82,326.18,61.40,159.04,1,-1,-1,-1
260,19,1388.18,263.21,250.69,732.30,1,-1,-1,-1
260,21,1102.27,309.07,60.80,185.92,1,-1,-1,-1
260,27,1667.21,294.22,253.51,718.49,1,-1,-1,-1
260,29,966.43,282.24,72.55,171.84,1,-1,-1,-1
260,33,23.98,326.46,60.79,157.45,1,-1,-1,-1
261,19,1391.29,256.45,255.13,748.80,1,-1,-1,-1
261,21,1105.92,310.70,59.04,179.22,1,-1,-1,-1
261,27,1668.67,290.38,253.95,727.68,1,-1,-1,-1
261,29,968.83,281.32,70.34,172.30,1,-1,-1,-1
262,19,1392.80,253.87,256.20,755.18,1,-1,-1,-1
262,21,1107.03,311.31,58.64,176.83,1,-1,-1,-1
262,27,1669.97,288.99,252.59,731.09,1,-1,-1,-1
262,29,969.98,281.04,68.82,172.44,1,-1,-1,-1
263,19,1393.64,252.96,255.98,757.49,1,-1,-1,-1
263,21,1107.23,311.55,58.70,175.97,1,-1,-1,-1
263,27,1671.14,288.56,250.67,732.24,1,-1,-1,-1
263,29,970.59,280.99,67.72,172.46,1,-1,-1,-1
264,19,1394.19,252.70,255.32,758.22,1,-1,-1,-1
264,21,1107.11,311.66,58.92,175.68,1,-1,-1,-1
264,27,1672.18,288.49,248.67,732.51,1,-1,-1,-1
264,29,970.95,281.03,66.88,172.45,1,-1,-1,-1
265,19,1394.61,252.68,254.55,758.35,1,-1,-1,-1
265,21,1106.87,311.72,59.18,175.61,1,-1,-1,-1
265,27,1673.12,288.55,246.76,732.47,1,-1,-1,-1
265,29,971.18,281.10,66.21,172.41,1,-1,-1,-1
266,19,1394.96,252.75,253.78,758.26,1,-1,-1,-1
266,21,1106.62,311.76,59.43,175.60,1,-1,-1,-1
266,27,1673.97,288.65,244.99,732.32,1,-1,-1,-1
266,29,971.35,281.17,65.67,172.38,1,-1,-1,-1
267,19,1435.29,248.95,245.72,728.23,1,-1,-1,-1
267,21,1126.27,299.96,56.67,163.80,1,-1,-1,-1
267,27,1687.02,262.78,243.51,749.02,1,-1,-1,-1
267,29,974.11,282.55,65.14,173.65,1,-1,-1,-1
267,34,732.00,282.00,62.00,192.00,1,-1,-1,-1
267,35,76.00,282.00,66.00,184.00,1,-1,-1,-1
268,19,1450.31,247.57,243.53,716.49,1,-1,-1,-1
268,21,1133.38,295.45,56.21,159.31,1,-1,-1,-1
268,27,1693.86,253.04,239.09,755.25,1,-1,-1,-1
268,29,975.34,283.10,64.47,174.11,1,-1,-1,-1
268,33,72.42,283.68,69.72,182.59,1,-1,-1,-1
268,34,732.00,282.00,62.00,192.00,1,-1,-1,-1
269,19,1455.28,247.13,243.64,712.13,1,-1,-1,-1
269,21,1135.52,293.89,56.64,157.76,1,-1,-1,-1
269,27,1698.17,249.42,233.95,757.50,1,-1,-1,-1
269,29,975.95,283.35,63.80,174.27,1,-1,-1,-1
269,33,75.04,281.58,69.60,183.86,1,-1,-1,-1
269,34,732.00,282.00,62.00,192.00,1,-1,-1,-1
270,19,1456.56,247.02,244.52,710.51,1,-1,-1,-1
270,21,1135.91,293.37,57.34,157.25,1,-1,-1,-1
270,27,1701.31,248.18,228.87,758.21,1,-1,-1,-1
270,29,976.31,283.47,63.19,174.31,1,-1,-1,-1
270,33,76.06,280.86,69.30,184.32,1,-1,-1,-1
270,34,732.00,282.00,62.00,192.00,1,-1,-1,-1
271,19,1456.50,247.05,245.62,709.92,1,-1,-1,-1
271,21,1135.68,293.24,58.09,157.13,1,-1,-1,-1
271,27,1703.86,247.85,224.11,758.33,1,-1,-1,-1
271,29,976.54,283.55,62.65,174.30,1,-1,-1,-1
271,33,76.46,280.65,68.96,184.47,1,-1,-1,-1
271,34,732.00,282.00,62.00,192.00,1,-1,-1,-1
272,19,1455.97,247.11,246.73,709.72,1,-1,-1,-1
272,21,1135.26,293.24,58.81,157.15,1,-1,-1,-1
272,27,1706.05,247.85,219.74,758.24,1,-1,-1,-1
272,29,976.72,283.60,62.17,174.28,1,-1,-1,-1
272,33,76.59,280.65,68.64,184.50,1,-1,-1,-1
272,34,732.00,282.00,62.00,192.00,1,-1,-1,-1
273,19,1455.31,247.19,247.78,709.67,1,-1,-1,-1
273,21,1134.79,293.29,59.49,157.21,1,-1,-1,-1
273,27,1707.99,247.98,215.77,758.08,1,-1,-1,-1
273,29,976.87,283.64,61.74,174.26,1,-1,-1,-1
273,33,76.63,280.72,68.36,184.48,1,-1,-1,-1
273,34,732.00,282.00,62.00,192.00,1,-1,-1,-1
274,19,1466.97,259.04,239.82,679.57,1,-1,-1,-1
274,21,1130.77,299.94,56.71,145.41,1,-1,-1,-1
274,27,1704.09,291.06,200.01,686.36,1,-1,-1,-1
274,29,970.87,282.37,60.58,171.63,1,-1,-1,-1
274,33,79.42,278.64,68.65,185.28,1,-1,-1,-1
274,34,732.00,282.00,62.00,192.00,1,-1,-1,-1
275,19,1470.62,263.64,238.04,668.08,1,-1,-1,-1
275,21,1128.66,302.57,56.46,140.98,1,-1,-1,-1
275,27,1701.49,308.17,195.80,658.03,1,-1,-1,-1
275,29,968.59,281.91,60.02,170.61,1,-1,-1,-1
276,19,1471.22,265.33,238.62,663.98,1,-1,-1,-1
276,21,1127.47,303.50,57.18,139.48,1,-1,-1,-1
276,27,1699.49,314.19,196.45,648.11,1,-1,-1,-1
276,29,967.78,281.76,59.70,170.23,1,-1,-1,-1
277,19,1470.77,265.94,239.96,662.59,1,-1,-1,-1
277,21,1126.62,303.84,58.18,139.01,1,-1,-1,-1
277,27,1697.79,316.30,198.66,644.68,1,-1,-1,-1
277,29,967.51,281.72,59.49,170.08,1,-1,-1,-1
278,19,1469.97,266.15,241.48,662.20,1,-1,-1,-1
278,21,1125.94,303.96,59.22,138.92,1,-1,-1,-1
278,27,1696.28,316.99,201.26,643.61,1,-1,-1,-1
278,29,967.45,281.72,59.33,170.03,1,-1,-1,-1
279,19,1469.10,266.21,242.99,662.18,1,-1,-1,-1
279,21,1125.36,304.01,60.22,138.96,1,-1,-1,-1
279,27,1694.92,317.16,203.85,643.40,1,-1,-1,-1
279,29,967.46,281.74,59.19,170.00,1,-1,-1,-1
280,19,1468.26,266.22,244.39,662.28,1,-1,-1,-1
280,21,1124.84,304.02,61.14,139.04,1,-1,-1,-1
280,27,1693.70,317.14,206.28,643.50,1,-1,-1,-1
280,29,967.50,281.76,59.07,170.00,1,-1,-1,-1
281,19,1447.45,263.59,245.04,659.80,1,-1,-1,-1
281,21,1118.67,297.42,66.77,152.34,1,-1,-1,-1
281,27,1681.03,281.48,223.72,700.37,1,-1,-1,-1
281,29,967.54,281.37,59.07,169.98,1,-1,-1,-1
282,19,1439.10,262.58,246.15,658.96,1,-1,-1,-1
282,21,1116.49,295.02,68.69,157.17,1,-1,-1,-1
282,27,1676.63,268.43,229.63,721.18,1,-1,-1,-1
283,19,1435.57,262.20,247.35,658.73,1,-1,-1,-1
283,21,1115.67,294.09,69.36,159.10,1,-1,-1,-1
283,27,1675.11,263.30,231.57,729.39,1,-1,-1,-1
284,19,1433.91,262.06,248.51,658.73,1,-1,-1,-1
284,21,1115.39,293.75,69.52,159.84,1,-1,-1,-1
284,27,1674.74,261.40,231.93,732.47,1,-1,-1,-1
285,19,1432.98,262.00,249.59,658.81,1,-1,-1,-1
285,21,1115.33,293.65,69.48,160.11,1,-1,-1,-1
285,27,1674.80,260.77,231.71,733.53,1,-1,-1,-1
286,19,1432.37,261.99,250.58,658.91,1,-1,-1,-1
286,21,1115.34,293.63,69.39,160.20,1,-1,-1,-1
286,27,1675.01,260.61,231.30,733.82,1,-1,-1,-1
287,19,1431.90,261.98,251.47,659.00,1,-1,-1,-1
287,21,1115.39,293.65,69.27,160.22,1,-1,-1,-1
287,27,1675.26,260.63,230.85,733.82,1,-1,-1,-1
288,19,1434.83,268.52,243.03,632.93,1,-1,-1,-1
288,21,1117.36,294.97,67.92,158.92,1,-1,-1,-1
288,27,1688.69,256.82,219.62,684.36,1,-1,-1,-1
288,29,894.09,262.87,61.77,175.68,1,-1,-1,-1
288,36,1050.00,278.00,60.00,150.00,1,-1,-1,-1
289,19,1435.59,271.02,240.57,623.04,1,-1,-1,-1
289,21,1118.32,295.49,66.98,158.41,1,-1,-1,-1
289,27,1692.96,255.47,217.20,664.97,1,-1,-1,-1
289,29,889.47,261.81,62.46,176.02,1,-1,-1,-1
289,36,1050.00,278.00,60.00,150.00,1,-1,-1,-1
290,19,1435.52,271.92,240.42,619.53,1,-1,-1,-1
290,21,1118.87,295.70,66.25,158.21,1,-1,-1,-1
290,27,1693.50,255.04,218.33,657.99,1,-1,-1,-1
290,29,887.74,261.44,62.96,176.14,1,-1,-1,-1
290,36,1050.00,278.00,60.00,150.00,1,-1,-1,-1
291,19,1435.17,272.23,241.05,618.36,1,-1,-1,-1
291,21,1119.24,295.79,65.63,158.13,1,-1,-1,-1
291,27,1692.77,254.95,220.59,655.52,1,-1,-1,-1
291,29,887.11,261.33,63.35,176.17,1,-1,-1,-1
291,36,1050.00,278.00,60.00,150.00,1,-1,-1,-1
292,19,1434.74,272.33,241.92,618.06,1,-1,-1,-1
292,21,1119.53,295.84,65.08,158.09,1,-1,-1,-1
292,27,1691.65,254.98,223.09,654.70,1,-1,-1,-1
292,29,886.93,261.34,63.67,176.17,1,-1,-1,-1
292,36,1050.00,278.00,60.00,150.00,1,-1,-1,-1
293,19,1434.31,272.34,242.82,618.08,1,-1,-1,-1
293,21,1119.78,295.86,64.60,158.07,1,-1,-1,-1
293,27,1690.46,255.06,225.54,654.50,1,-1,-1,-1
293,29,886.92,261.38,63.93,176.17,1,-1,-1,-1
293,36,1050.00,278.00,60.00,150.00,1,-1,-1,-1
294,19,1433.91,272.32,243.67,618.21,1,-1,-1,-1
294,21,1119.99,295.88,64.16,158.06,1,-1,-1,-1
294,27,1689.31,255.14,227.82,654.53,1,-1,-1,-1
294,29,886.97,261.43,64.16,176.15,1,-1,-1,-1
294,36,1050.00,278.00,60.00,150.00,1,-1,-1,-1
295,19,1451.85,221.11,260.33,669.54,1,-1,-1,-1
295,21,1121.23,272.40,62.98,154.14,1,-1,-1,-1
295,27,1695.46,222.40,231.25,673.01,1,-1,-1,-1
295,29,883.77,260.50,64.25,176.40,1,-1,-1,-1
295,36,1050.00,278.00,60.00,150.00,1,-1,-1,-1
295,37,152.00,280.00,76.00,134.00,1,-1,-1,-1
296,19,1460.60,201.02,262.14,679.52,1,-1,-1,-1
296,21,1121.52,266.09,61.57,148.69,1,-1,-1,-1
296,27,1695.76,208.91,232.62,686.45,1,-1,-1,-1
297,19,1464.56,193.18,261.75,683.41,1,-1,-1,-1
297,21,1121.42,263.81,61.45,146.65,1,-1,-1,-1
297,27,1696.70,203.88,231.41,691.62,1,-1,-1,-1
298,19,1466.51,190.34,260.58,684.82,1,-1,-1,-1
298,21,1121.18,263.05,61.80,145.93,1,-1,-1,-1
298,27,1697.81,202.13,229.38,693.58,1,-1,-1,-1
299,19,1467.64,189.43,259.21,685.27,1,-1,-1,-1
299,21,1120.91,262.85,62.28,145.69,1,-1,-1,-1
299,27,1698.91,201.62,227.18,694.28,1,-1,-1,-1
300,19,1468.41,189.26,257.84,685.36,1,-1,-1,-1
300,21,1120.65,262.85,62.79,145.62,1,-1,-1,-1
300,27,1699.95,201.59,225.05,694.52,1,-1,-1,-1
301,19,1469.00,189.35,256.55,685.31,1,-1,-1,-1
301,21,1120.40,262.92,63.27,145.62,1,-1,-1,-1
301,27,1700.90,201.71,223.08,694.57,1,-1,-1,-1
302,19,1476.02,194.73,259.23,694.32,1,-1,-1,-1
302,21,1120.09,253.82,67.81,156.15,1,-1,-1,-1
302,27,1701.45,197.94,223.40,695.58,1,-1,-1,-1
303,19,1478.82,196.88,259.86,697.68,1,-1,-1,-1
303,21,1119.99,250.48,69.47,160.04,1,-1,-1,-1
304,19,1479.99,197.82,259.74,698.88,1,-1,-1,-1
304,21,1119.95,249.26,70.10,161.56,1,-1,-1,-1
305,19,1480.52,198.27,259.36,699.25,1,-1,-1,-1
305,21,1119.94,248.87,70.32,162.12,1,-1,-1,-1
306,19,1480.79,198.53,258.92,699.30,1,-1,-1,-1
306,21,1119.94,248.79,70.38,162.32,1,-1,-1,-1
307,19,1480.96,198.71,258.48,699.25,1,-1,-1,-1
307,21,1119.94,248.84,70.38,162.37,1,-1,-1,-1
308,19,1481.08,198.84,258.06,699.16,1,-1,-1,-1
308,21,1119.94,248.92,70.36,162.36,1,-1,-1,-1
309,19,1475.41,206.77,256.19,700.36,1,-1,-1,-1
309,21,1119.78,251.60,69.38,162.34,1,-1,-1,-1
309,27,1693.37,200.36,234.14,756.91,1,-1,-1,-1
310,19,1473.82,209.83,254.23,700.76,1,-1,-1,-1
310,21,1119.97,252.68,68.49,162.31,1,-1,-1,-1
310,27,1696.10,200.83,228.23,760.52,1,-1,-1,-1
311,19,1473.75,211.03,252.37,700.86,1,-1,-1,-1
311,21,1120.27,253.13,67.68,162.29,1,-1,-1,-1
311,27,1698.67,201.00,222.93,761.79,1,-1,-1,-1
312,19,1474.21,211.50,250.64,700.84,1,-1,-1,-1
312,21,1120.59,253.34,66.95,162.26,1,-1,-1,-1
312,27,1700.93,201.11,218.34,762.15,1,-1,-1,-1
313,19,1474.83,211.69,249.06,700.79,1,-1,-1,-1
313,21,1120.90,253.45,66.29,162.24,1,-1,-1,-1
313,27,1702.88,201.19,214.40,762.16,1,-1,-1,-1
314,19,1475.46,211.78,247.63,700.72,1,-1,-1,-1
314,21,1121.19,253.52,65.69,162.21,1,-1,-1,-1
314,27,1704.56,201.27,211.01,762.04,1,-1,-1,-1
315,19,1476.07,211.82,246.33,700.66,1,-1,-1,-1
315,21,1121.46,253.57,65.15,162.19,1,-1,-1,-1
315,27,1706.03,201.34,208.07,761.89,1,-1,-1,-1
316,19,1506.71,236.63,242.38,683.64,1,-1,-1,-1
316,21,1129.75,270.56,64.21,160.87,1,-1,-1,-1
316,27,1705.71,200.28,208.90,764.93,1,-1,-1,-1
316,36,1032.33,252.15,65.52,171.87,1,-1,-1,-1
316,38,78.00,292.00,80.00,138.00,1,-1,-1,-1
317,19,1517.89,246.11,241.89,677.10,1,-1,-1,-1
317,21,1133.00,277.05,63.64,160.36,1,-1,-1,-1
317,36,1033.04,251.67,63.53,172.28,1,-1,-1,-1
317,38,78.00,292.00,80.00,138.00,1,-1,-1,-1
318,19,1521.48,249.58,242.67,674.68,1,-1,-1,-1
318,21,1134.31,279.46,63.23,160.16,1,-1,-1,-1
318,36,1033.69,251.50,62.03,172.42,1,-1,-1,-1
318,38,78.00,292.00,80.00,138.00,1,-1,-1,-1
319,19,1522.28,250.80,243.84,673.81,1,-1,-1,-1
319,21,1134.86,280.33,62.89,160.08,1,-1,-1,-1
319,36,1034.26,251.47,60.88,172.45,1,-1,-1,-1
319,38,78.00,292.00,80.00,138.00,1,-1,-1,-1
320,19,1522.06,251.17,245.08,673.52,1,-1,-1,-1
320,21,1135.11,280.61,62.61,160.05,1,-1,-1,-1
320,36,1034.73,251.49,59.95,172.43,1,-1,-1,-1
320,38,78.00,292.00,80.00,138.00,1,-1,-1,-1
321,19,1521.51,251.23,246.27,673.45,1,-1,-1,-1
321,21,1135.25,280.67,62.36,160.04,1,-1,-1,-1
321,36,1035.13,251.53,59.20,172.40,1,-1,-1,-1
321,38,78.00,292.00,80.00,138.00,1,-1,-1,-1
322,19,1520.87,251.18,247.37,673.46,1,-1,-1,-1
322,21,1135.35,280.65,62.13,160.03,1,-1,-1,-1
322,36,1035.46,251.57,58.57,172.37,1,-1,-1,-1
322,38,78.00,292.00,80.00,138.00,1,-1,-1,-1
323,19,1558.82,219.68,253.68,695.74,1,-1,-1,-1
323,21,1133.18,258.40,65.10,167.86,1,-1,-1,-1
323,36,1034.96,250.87,58.77,172.96,1,-1,-1,-1
323,38,78.00,292.00,80.00,138.00,1,-1,-1,-1
323,39,1184.00,254.00,58.00,148.00,1,-1,-1,-1
324,19,1574.51,175.56,273.61,760.93,1,-1,-1,-1
324,21,1130.24,252.65,65.32,168.22,1,-1,-1,-1
324,39,1184.22,252.29,59.27,151.43,1,-1,-1,-1
325,19,1587.13,156.39,277.73,784.30,1,-1,-1,-1
325,21,1130.37,251.22,65.60,168.94,1,-1,-1,-1
325,39,1183.31,252.00,59.90,153.49,1,-1,-1,-1
326,19,1593.08,148.84,277.05,793.46,1,-1,-1,-1
326,39,1183.08,251.92,59.93,154.15,1,-1,-1,-1
327,19,1596.21,146.08,274.65,796.79,1,-1,-1,-1
327,39,1183.11,251.92,59.73,154.31,1,-1,-1,-1
328,19,1598.14,145.19,271.78,797.82,1,-1,-1,-1
328,39,1183.24,251.92,59.43,154.31,1,-1,-1,-1
329,19,1599.53,145.03,268.92,797.99,1,-1,-1,-1
329,39,1183.40,251.93,59.11,154.28,1,-1,-1,-1
330,19,1619.27,161.92,269.01,809.46,1,-1,-1,-1
330,21,1068.82,245.84,67.53,179.38,1,-1,-1,-1
330,39,1196.13,256.03,60.93,159.70,1,-1,-1,-1
331,19,1627.67,168.49,266.99,813.66,1,-1,-1,-1
331,21,1064.45,245.52,66.09,180.19,1,-1,-1,-1
331,39,1200.84,257.52,61.41,161.65,1,-1,-1,-1
332,19,1631.61,171.13,264.34,815.06,1,-1,-1,-1
332,21,1063.34,245.40,64.75,180.48,1,-1,-1,-1
332,39,1202.63,258.07,61.41,162.34,1,-1,-1,-1
333,19,1633.73,172.22,261.63,815.38,1,-1,-1,-1
333,21,1063.37,245.39,63.56,180.56,1,-1,-1,-1
333,39,1203.30,258.25,61.24,162.55,1,-1,-1,-1
334,19,1635.08,172.71,259.06,815.31,1,-1,-1,-1
334,21,1063.79,245.42,62.51,180.55,1,-1,-1,-1
334,39,1203.55,258.29,61.01,162.58,1,-1,-1,-1
335,19,1636.09,172.95,256.69,815.09,1,-1,-1,-1
335,21,1064.33,245.46,61.60,180.52,1,-1,-1,-1
335,39,1203.64,258.29,60.76,162.55,1,-1,-1,-1
336,19,1636.91,173.10,254.53,814.85,1,-1,-1,-1
336,21,1064.86,245.51,60.80,180.48,1,-1,-1,-1
336,39,1203.68,258.26,60.53,162.50,1,-1,-1,-1
337,19,1666.54,183.59,246.72,791.21,1,-1,-1,-1
337,21,1065.16,250.75,59.19,176.54,1,-1,-1,-1
337,39,1201.80,264.80,61.50,165.08,1,-1,-1,-1
338,19,1677.84,187.68,243.44,781.94,1,-1,-1,-1
338,21,1065.45,252.79,58.43,175.00,1,-1,-1,-1
338,39,1201.04,267.25,61.87,166.02,1,-1,-1,-1
339,19,1681.97,189.22,242.00,778.42,1,-1,-1,-1
339,21,1065.70,253.56,58.03,174.41,1,-1,-1,-1
339,39,1200.71,268.15,62.00,166.35,1,-1,-1,-1
340,19,1683.39,189.79,241.26,777.07,1,-1,-1,-1
340,21,1065.93,253.85,57.76,174.18,1,-1,-1,-1
340,39,1200.56,268.45,62.05,166.44,1,-1,-1,-1
341,19,1683.81,190.00,240.81,776.54,1,-1,-1,-1
341,21,1066.13,253.96,57.56,174.10,1,-1,-1,-1
341,39,1200.47,268.53,62.06,166.45,1,-1,-1,-1
342,19,1683.84,190.07,240.49,776.32,1,-1,-1,-1
342,21,1066.31,254.00,57.40,174.06,1,-1,-1,-1
342,39,1200.41,268.53,62.06,166.42,1,-1,-1,-1
343,19,1683.74,190.10,240.22,776.23,1,-1,-1,-1
343,21,1066.47,254.02,57.26,174.04,1,-1,-1,-1
343,39,1200.36,268.49,62.06,166.39,1,-1,-1,-1
344,19,1678.65,188.79,255.13,849.40,1,-1,-1,-1
344,21,1065.30,277.54,54.54,166.19,1,-1,-1,-1
344,39,1188.51,285.41,62.20,170.27,1,-1,-1,-1
345,19,1679.09,188.31,256.00,876.36,1,-1,-1,-1
345,21,1064.96,286.56,53.44,163.18,1,-1,-1,-1
345,39,1184.39,291.77,61.54,171.72,1,-1,-1,-1
346,19,1681.02,188.11,252.47,886.93,1,-1,-1,-1
346,21,1064.90,289.80,52.98,162.10,1,-1,-1,-1
346,39,1183.14,294.14,60.63,172.24,1,-1,-1,-1
347,19,1683.41,188.04,247.56,890.78,1,-1,-1,-1
347,21,1064.94,290.91,52.77,161.72,1,-1,-1,-1
347,39,1182.98,294.97,59.70,172.41,1,-1,-1,-1
348,19,1685.81,188.01,242.45,892.00,1,-1,-1,-1
348,21,1065.02,291.24,52.65,161.61,1,-1,-1,-1
348,39,1183.22,295.20,58.81,172.45,1,-1,-1,-1
349,19,1688.09,188.00,237.57,892.21,1,-1,-1,-1
349,21,1065.11,291.27,52.57,161.60,1,-1,-1,-1
349,39,1183.58,295.21,57.99,172.43,1,-1,-1,-1
350,19,1690.18,187.99,233.07,892.06,1,-1,-1,-1
350,21,1065.20,291.20,52.51,161.62,1,-1,-1,-1
350,39,1183.96,295.15,57.23,172.40,1,-1,-1,-1
351,19,1692.04,187.97,234.79,898.72,1,-1,-1,-1
351,21,1066.42,291.11,54.10,168.21,1,-1,-1,-1
351,39,1184.15,296.36,56.92,173.67,1,-1,-1,-1
351,40,360.00,270.00,80.00,152.00,1,-1,-1,-1
352,21,1067.05,291.03,54.38,170.67,1,-1,-1,-1
352,39,1184.43,296.76,56.41,174.13,1,-1,-1,-1
352,40,360.00,270.00,80.00,152.00,1,-1,-1,-1
353,21,1067.44,290.94,54.23,171.63,1,-1,-1,-1
353,39,1184.74,296.86,55.85,174.29,1,-1,-1,-1
353,40,360.00,270.00,80.00,152.00,1,-1,-1,-1
354,21,1067.73,290.85,53.92,171.98,1,-1,-1,-1
354,39,1185.04,296.84,55.32,174.33,1,-1,-1,-1
354,40,360.00,270.00,80.00,152.00,1,-1,-1,-1
355,21,1067.97,290.77,53.59,172.11,1,-1,-1,-1
355,39,1185.32,296.79,54.82,174.32,1,-1,-1,-1
355,40,360.00,270.00,80.00,152.00,1,-1,-1,-1
356,21,1068.17,290.70,53.26,172.15,1,-1,-1,-1
356,39,1185.57,296.72,54.36,174.30,1,-1,-1,-1
356,40,360.00,270.00,80.00,152.00,1,-1,-1,-1
357,21,1068.35,290.63,52.95,172.15,1,-1,-1,-1
357,39,1185.80,296.66,53.95,174.27,1,-1,-1,-1
357,40,360.00,270.00,80.00,152.00,1,-1,-1,-1
358,19,1688.83,150.36,225.73,883.88,1,-1,-1,-1
358,21,1068.03,291.65,53.03,172.42,1,-1,-1,-1
358,39,1181.20,314.85,51.47,162.52,1,-1,-1,-1
358,40,361.08,282.31,81.94,154.74,1,-1,-1,-1
358,41,1126.00,326.00,70.00,158.00,1,-1,-1,-1
359,19,1690.18,147.98,221.26,881.98,1,-1,-1,-1
359,39,1179.17,321.83,51.04,157.94,1,-1,-1,-1
359,40,361.31,286.77,82.98,155.73,1,-1,-1,-1
359,41,1126.00,326.00,70.00,158.00,1,-1,-1,-1
360,19,1691.60,147.16,217.93,881.47,1,-1,-1,-1
360,39,1178.19,324.28,51.42,156.31,1,-1,-1,-1
360,40,361.23,288.36,83.67,156.08,1,-1,-1,-1
360,41,1126.00,326.00,70.00,158.00,1,-1,-1,-1
361,19,1692.84,146.92,215.22,881.23,1,-1,-1,-1
361,39,1177.61,325.09,52.06,155.74,1,-1,-1,-1
361,40,361.03,288.86,84.22,156.19,1,-1,-1,-1
361,41,1126.00,326.00,70.00,158.00,1,-1,-1,-1
362,19,1693.29,144.83,215.65,883.09,1,-1,-1,-1
362,39,1176.90,327.82,51.72,154.71,1,-1,-1,-1
362,40,361.25,290.88,84.46,156.64,1,-1,-1,-1
362,41,1128.14,328.90,68.61,155.10,1,-1,-1,-1
362,42,584.00,288.00,112.00,290.00,1,-1,-1,-1
363,41,1128.91,329.89,68.06,154.11,1,-1,-1,-1
363,42,584.00,288.00,112.00,290.00,1,-1,-1,-1
364,41,1129.20,330.20,67.81,153.80,1,-1,-1,-1
364,42,584.00,288.00,112.00,290.00,1,-1,-1,-1
365,41,1126.49,331.66,66.42,150.97,1,-1,-1,-1
365,42,566.16,285.03,115.02,297.42,1,-1,-1,-1
366,41,1125.53,332.15,65.85,149.98,1,-1,-1,-1
366,42,560.12,284.04,116.16,299.91,1,-1,-1,-1
367,41,1125.23,332.30,65.57,149.66,1,-1,-1,-1
367,42,558.21,283.73,116.65,300.67,1,-1,-1,-1
368,41,1125.17,332.32,65.41,149.58,1,-1,-1,-1
368,42,557.71,283.67,116.93,300.83,1,-1,-1,-1
369,41,1125.19,332.31,65.28,149.59,1,-1,-1,-1
369,42,557.67,283.68,117.14,300.80,1,-1,-1,-1
370,41,1125.24,332.28,65.18,149.62,1,-1,-1,-1
370,42,557.75,283.71,117.33,300.72,1,-1,-1,-1
371,41,1125.30,332.25,65.08,149.66,1,-1,-1,-1
371,42,557.84,283.75,117.51,300.64,1,-1,-1,-1
372,39,1163.01,313.14,58.07,175.16,1,-1,-1,-1
372,41,1114.75,322.97,70.35,162.91,1,-1,-1,-1
372,42,526.35,283.78,120.92,311.21,1,-1,-1,-1
373,39,1162.66,312.43,58.00,176.03,1,-1,-1,-1
373,41,1111.04,319.58,71.98,167.76,1,-1,-1,-1
373,42,514.98,283.80,121.73,315.10,1,-1,-1,-1
374,39,1162.62,312.16,57.82,176.34,1,-1,-1,-1
374,41,1109.75,318.25,72.35,169.65,1,-1,-1,-1
374,42,511.03,283.82,121.61,316.51,1,-1,-1,-1
375,39,1162.70,312.06,57.63,176.43,1,-1,-1,-1
375,41,1109.42,317.76,72.24,170.35,1,-1,-1,-1
375,42,509.95,283.84,121.16,316.97,1,-1,-1,-1
376,39,1162.81,312.02,57.45,176.44,1,-1,-1,-1
376,41,1109.45,317.60,71.96,170.57,1,-1,-1,-1
376,42,509.94,283.86,120.60,317.06,1,-1,-1,-1
377,39,1162.92,312.00,57.29,176.42,1,-1,-1,-1
377,41,1109.60,317.57,71.64,170.62,1,-1,-1,-1
377,42,510.29,283.87,120.04,317.03,1,-1,-1,-1
378,39,1163.03,312.00,57.15,176.39,1,-1,-1,-1
378,41,1109.79,317.58,71.31,170.60,1,-1,-1,-1
378,42,510.75,283.88,119.51,316.95,1,-1,-1,-1
379,39,1173.43,302.91,54.59,167.27,1,-1,-1,-1
379,41,1107.41,298.13,73.56,179.65,1,-1,-1,-1
379,42,506.38,283.70,120.09,318.50,1,-1,-1,-1
380,39,1177.40,299.39,53.77,163.71,1,-1,-1,-1
380,41,1106.97,290.84,73.52,183.04,1,-1,-1,-1
381,39,1178.76,298.13,53.63,162.42,1,-1,-1,-1
381,41,1107.22,288.04,72.73,184.31,1,-1,-1,-1
382,39,1179.18,297.69,53.74,161.95,1,-1,-1,-1
382,41,1107.70,287.05,71.71,184.75,1,-1,-1,-1
383,39,1179.25,297.56,53.91,161.79,1,-1,-1,-1
383,41,1108.23,286.75,70.68,184.86,1,-1,-1,-1
384,39,1179.19,297.54,54.10,161.75,1,-1,-1,-1
384,41,1108.75,286.71,69.69,184.85,1,-1,-1,-1
385,39,1179.10,297.56,54.28,161.75,1,-1,-1,-1
385,41,1109.24,286.77,68.78,184.80,1,-1,-1,-1
386,39,1179.59,296.82,54.14,161.33,1,-1,-1,-1
386,41,1108.41,284.75,69.27,186.10,1,-1,-1,-1
393,39,1180.30,299.59,55.55,167.52,1,-1,-1,-1
393,42,280.56,195.78,221.80,586.84,1,-1,-1,-1
394,39,1180.55,299.80,55.16,167.91,1,-1,-1,-1
394,42,272.83,192.77,225.65,596.00,1,-1,-1,-1
395,39,1180.75,299.88,54.79,168.05,1,-1,-1,-1
395,42,270.28,191.75,227.09,599.06,1,-1,-1,-1
396,39,1180.91,299.91,54.47,168.09,1,-1,-1,-1
396,42,269.58,191.48,227.61,599.85,1,-1,-1,-1
397,39,1181.05,299.93,54.18,168.10,1,-1,-1,-1
397,42,269.56,191.48,227.79,599.83,1,-1,-1,-1
398,39,1181.16,299.94,53.94,168.10,1,-1,-1,-1
398,42,269.79,191.58,227.81,599.52,1,-1,-1,-1
399,39,1181.25,299.94,53.73,168.09,1,-1,-1,-1
399,42,270.12,191.72,227.77,599.08,1,-1,-1,-1
400,39,1182.24,297.34,55.65,172.00,1,-1,-1,-1
400,42,192.89,210.99,218.54,566.75,1,-1,-1,-1
401,39,1182.43,296.36,56.72,173.46,1,-1,-1,-1
401,42,162.25,218.75,215.99,553.48,1,-1,-1,-1
402,39,1182.35,296.00,57.42,174.01,1,-1,-1,-1
402,42,150.55,221.70,216.19,548.33,1,-1,-1,-1
403,39,1182.17,295.87,57.95,174.20,1,-1,-1,-1
403,42,146.01,222.84,217.29,546.21,1,-1,-1,-1
404,39,1181.98,295.83,58.38,174.26,1,-1,-1,-1
404,42,144.25,223.31,218.59,545.24,1,-1,-1,-1
405,39,1181.79,295.83,58.75,174.26,1,-1,-1,-1
405,42,143.59,223.51,219.88,544.71,1,-1,-1,-1
406,39,1181.62,295.84,59.08,174.25,1,-1,-1,-1
406,42,143.37,223.61,221.07,544.37,1,-1,-1,-1
407,39,1184.43,288.03,61.25,179.44,1,-1,-1,-1
407,42,50.24,236.68,239.10,590.97,1,-1,-1,-1
407,43,326.00,234.00,132.00,338.00,1,-1,-1,-1
408,39,1183.16,285.11,62.84,183.96,1,-1,-1,-1
408,42,32.12,237.34,242.14,598.49,1,-1,-1,-1
408,43,328.37,235.71,130.69,334.57,1,-1,-1,-1
409,39,1182.64,284.00,63.48,185.68,1,-1,-1,-1
409,43,328.74,236.00,130.51,334.00,1,-1,-1,-1
410,39,1182.42,283.61,63.73,186.31,1,-1,-1,-1
410,43,328.82,236.07,130.51,333.85,1,-1,-1,-1
411,39,1182.32,283.49,63.84,186.51,1,-1,-1,-1
411,43,328.80,236.08,130.57,333.84,1,-1,-1,-1
412,39,1182.27,283.48,63.88,186.56,1,-1,-1,-1
412,43,328.75,236.07,130.65,333.86,1,-1,-1,-1
413,39,1182.23,283.51,63.91,186.54,1,-1,-1,-1
413,43,328.70,236.06,130.73,333.88,1,-1,-1,-1
414,39,1187.39,283.54,65.25,189.10,1,-1,-1,-1
414,43,325.57,244.26,132.87,340.74,1,-1,-1,-1
414,44,882.00,300.00,66.00,138.00,1,-1,-1,-1
415,39,1189.21,283.58,66.01,190.05,1,-1,-1,-1
415,43,324.61,247.23,133.28,343.23,1,-1,-1,-1
415,44,882.00,300.00,66.00,138.00,1,-1,-1,-1
416,39,1189.78,283.61,66.51,190.38,1,-1,-1,-1
416,43,324.44,248.28,133.07,344.12,1,-1,-1,-1
416,44,882.00,300.00,66.00,138.00,1,-1,-1,-1
417,39,1189.88,283.65,66.89,190.48,1,-1,-1,-1
417,43,324.57,248.61,132.64,344.41,1,-1,-1,-1
417,44,882.00,300.00,66.00,138.00,1,-1,-1,-1
418,39,1189.80,283.68,67.20,190.48,1,-1,-1,-1
418,43,324.79,248.68,132.15,344.48,1,-1,-1,-1
418,44,882.00,300.00,66.00,138.00,1,-1,-1,-1
419,39,1189.67,283.71,67.48,190.46,1,-1,-1,-1
419,43,325.04,248.66,131.65,344.47,1,-1,-1,-1
419,44,882.00,300.00,66.00,138.00,1,-1,-1,-1
420,39,1189.53,283.74,67.72,190.42,1,-1,-1,-1
420,43,325.29,248.60,131.17,344.44,1,-1,-1,-1
420,44,882.00,300.00,66.00,138.00,1,-1,-1,-1
421,39,1190.04,283.32,67.96,191.10,1,-1,-1,-1
421,43,318.98,255.12,137.25,361.49,1,-1,-1,-1
421,44,876.79,300.00,65.49,138.00,1,-1,-1,-1
422,43,316.76,257.53,139.26,367.82,1,-1,-1,-1
422,44,875.05,300.00,64.97,138.00,1,-1,-1,-1
423,43,316.03,258.41,139.80,370.20,1,-1,-1,-1
423,44,874.61,300.00,64.46,138.00,1,-1,-1,-1
424,43,315.89,258.70,139.78,371.03,1,-1,-1,-1
424,44,874.64,300.00,63.96,138.00,1,-1,-1,-1
425,43,315.96,258.75,139.55,371.26,1,-1,-1,-1
425,44,874.83,300.00,63.48,138.00,1,-1,-1,-1
426,43,316.10,258.73,139.27,371.26,1,-1,-1,-1
426,44,875.07,300.00,63.03,138.00,1,-1,-1,-1
427,43,316.26,258.68,138.98,371.19,1,-1,-1,-1
427,44,875.32,300.00,62.61,138.00,1,-1,-1,-1
428,39,1205.43,297.03,58.42,160.09,1,-1,-1,-1
428,43,323.50,258.62,145.37,390.62,1,-1,-1,-1
428,44,874.69,300.00,62.61,138.00,1,-1,-1,-1
429,39,1205.76,297.93,58.84,158.10,1,-1,-1,-1
429,43,326.47,258.59,147.25,397.87,1,-1,-1,-1
430,39,1205.62,298.21,59.53,157.47,1,-1,-1,-1
430,43,327.87,258.54,147.50,400.60,1,-1,-1,-1
431,39,1205.32,298.29,60.22,157.29,1,-1,-1,-1
431,43,328.60,258.49,147.16,401.54,1,-1,-1,-1
432,39,1204.99,298.30,60.86,157.28,1,-1,-1,-1
432,43,329.06,258.44,146.63,401.78,1,-1,-1,-1
433,39,1204.67,298.28,61.42,157.33,1,-1,-1,-1
433,43,329.39,258.40,146.06,401.77,1,-1,-1,-1
434,39,1204.39,298.25,61.91,157.39,1,-1,-1,-1
434,43,329.66,258.36,145.50,401.66,1,-1,-1,-1
435,39,1209.08,307.47,69.62,179.90,1,-1,-1,-1
435,43,343.96,272.61,135.02,369.09,1,-1,-1,-1
436,39,1211.13,310.80,71.70,188.00,1,-1,-1,-1
436,43,349.24,278.14,131.45,356.18,1,-1,-1,-1
437,39,1212.18,312.11,72.01,191.27,1,-1,-1,-1
437,43,350.80,280.08,130.78,351.56,1,-1,-1,-1
438,39,1212.80,312.57,71.63,192.49,1,-1,-1,-1
438,43,351.04,280.73,131.10,349.92,1,-1,-1,-1
439,39,1213.21,312.71,71.03,192.90,1,-1,-1,-1
439,43,350.82,280.90,131.73,349.37,1,-1,-1,-1
440,39,1213.53,312.72,70.40,193.00,1,-1,-1,-1
440,43,350.46,280.91,132.44,349.22,1,-1,-1,-1
441,39,1213.79,312.68,69.80,192.98,1,-1,-1,-1
441,43,350.07,280.85,133.12,349.22,1,-1,-1,-1
442,39,1205.79,300.99,76.64,214.91,1,-1,-1,-1
442,43,364.28,291.29,125.63,320.35,1,-1,-1,-1
443,39,1203.16,296.66,78.52,223.05,1,-1,-1,-1
443,43,368.87,295.23,124.37,309.30,1,-1,-1,-1
444,39,1202.34,294.89,78.72,226.25,1,-1,-1,-1
444,43,369.60,296.55,125.60,305.52,1,-1,-1,-1
445,39,1202.26,294.19,78.28,227.40,1,-1,-1,-1
445,43,369.04,296.96,127.58,304.29,1,-1,-1,-1
446,39,1202.45,293.93,77.64,227.74,1,-1,-1,-1
446,43,368.06,297.03,129.69,304.00,1,-1,-1,-1
447,39,1202.73,293.84,76.97,227.78,1,-1,-1,-1
447,43,367.01,296.99,131.73,304.03,1,-1,-1,-1
448,39,1203.02,293.81,76.33,227.69,1,-1,-1,-1
448,43,366.00,296.91,133.63,304.17,1,-1,-1,-1
449,39,1180.63,289.95,79.81,241.76,1,-1,-1,-1
449,43,344.04,269.09,158.90,366.41,1,-1,-1,-1
450,39,1172.53,288.49,80.42,247.04,1,-1,-1,-1
450,43,337.00,259.27,166.45,388.38,1,-1,-1,-1
451,39,1169.66,287.93,80.04,249.02,1,-1,-1,-1
451,43,334.56,255.18,168.53,397.53,1,-1,-1,-1
452,39,1168.89,287.74,79.31,249.67,1,-1,-1,-1
452,43,334.10,253.61,168.34,401.03,1,-1,-1,-1
453,39,1168.90,287.68,78.51,249.81,1,-1,-1,-1
453,43,334.38,253.06,167.33,402.24,1,-1,-1,-1
454,39,1169.20,287.68,77.73,249.77,1,-1,-1,-1
454,43,334.93,252.91,166.08,402.56,1,-1,-1,-1
455,39,1169.58,287.69,77.01,249.66,1,-1,-1,-1
455,43,335.53,252.92,164.83,402.54,1,-1,-1,-1
456,39,1179.53,299.35,72.73,232.72,1,-1,-1,-1
456,43,331.09,246.53,186.57,459.09,1,-1,-1,-1
457,39,1183.31,303.94,71.45,225.94,1,-1,-1,-1
457,43,329.88,244.14,193.75,480.05,1,-1,-1,-1
458,39,1184.50,305.60,71.41,223.45,1,-1,-1,-1
458,43,329.78,243.24,195.90,488.43,1,-1,-1,-1
459,39,1184.75,306.18,71.79,222.52,1,-1,-1,-1
459,43,330.10,242.95,196.00,491.49,1,-1,-1,-1
460,39,1184.67,306.37,72.28,222.17,1,-1,-1,-1
460,43,330.55,242.90,195.35,492.42,1,-1,-1,-1
461,39,1184.49,306.42,72.79,222.04,1,-1,-1,-1
461,43,331.03,242.94,194.48,492.54,1,-1,-1,-1
462,39,1184.28,306.41,73.27,221.99,1,-1,-1,-1
462,43,331.48,243.00,193.57,492.36,1,-1,-1,-1
463,39,1184.18,307.09,73.25,221.93,1,-1,-1,-1
463,43,335.39,252.08,183.16,474.07,1,-1,-1,-1
464,43,337.73,255.68,177.42,466.65,1,-1,-1,-1
465,43,339.37,257.05,173.73,463.73,1,-1,-1,-1
466,43,340.68,257.58,170.95,462.51,1,-1,-1,-1
467,43,341.80,257.78,168.63,461.95,1,-1,-1,-1
468,43,342.79,257.87,166.62,461.63,1,-1,-1,-1
469,43,343.67,257.91,164.82,461.43,1,-1,-1,-1
470,39,1218.80,291.11,80.24,246.66,1,-1,-1,-1
470,43,328.32,240.98,177.26,505.59,1,-1,-1,-1
471,39,1221.27,290.12,79.80,248.11,1,-1,-1,-1
471,43,323.63,234.72,179.87,521.93,1,-1,-1,-1
472,39,1222.36,289.77,79.22,248.63,1,-1,-1,-1
472,43,322.63,232.25,179.21,528.29,1,-1,-1,-1
473,39,1222.87,289.66,78.65,248.78,1,-1,-1,-1
473,43,323.05,231.35,177.38,530.56,1,-1,-1,-1
474,39,1223.15,289.64,78.14,248.79,1,-1,-1,-1
474,43,323.95,231.07,175.26,531.23,1,-1,-1,-1
475,39,1223.31,289.65,77.69,248.75,1,-1,-1,-1
475,43,324.97,231.02,173.15,531.29,1,-1,-1,-1
476,39,1223.42,289.67,77.29,248.70,1,-1,-1,-1
476,43,325.97,231.05,171.18,531.13,1,-1,-1,-1
477,39,1222.11,287.10,78.43,255.13,1,-1,-1,-1
477,43,290.75,245.34,167.93,517.97,1,-1,-1,-1
477,45,1126.00,318.00,62.00,162.00,1,-1,-1,-1
478,39,1221.81,286.14,78.41,257.54,1,-1,-1,-1
478,43,276.99,250.92,167.11,512.70,1,-1,-1,-1
478,45,1126.00,318.00,62.00,162.00,1,-1,-1,-1
479,39,1221.84,285.79,78.00,258.42,1,-1,-1,-1
479,43,271.71,253.02,167.24,510.61,1,-1,-1,-1
479,45,1126.00,318.00,62.00,162.00,1,-1,-1,-1
480,39,1221.99,285.68,77.49,258.71,1,-1,-1,-1
480,43,269.66,253.80,167.68,509.74,1,-1,-1,-1
480,45,1126.00,318.00,62.00,162.00,1,-1,-1,-1
481,39,1222.16,285.66,76.98,258.77,1,-1,-1,-1
481,43,268.85,254.09,168.20,509.34,1,-1,-1,-1
481,45,1126.00,318.00,62.00,162.00,1,-1,-1,-1
482,39,1222.34,285.67,76.50,258.74,1,-1,-1,-1
482,43,268.52,254.18,168.72,509.12,1,-1,-1,-1
482,45,1126.00,318.00,62.00,162.00,1,-1,-1,-1
483,39,1222.50,285.70,76.06,258.69,1,-1,-1,-1
483,43,268.37,254.20,169.21,508.97,1,-1,-1,-1
483,45,1126.00,318.00,62.00,162.00,1,-1,-1,-1
484,39,1228.80,289.62,80.27,271.64,1,-1,-1,-1
484,43,264.16,284.21,170.12,484.08,1,-1,-1,-1
484,45,1130.24,326.21,57.62,149.69,1,-1,-1,-1
485,39,1231.04,291.10,82.07,276.48,1,-1,-1,-1
485,43,260.50,295.74,174.88,474.42,1,-1,-1,-1
485,45,1131.73,329.25,56.17,145.12,1,-1,-1,-1
486,39,1231.78,291.69,82.95,278.30,1,-1,-1,-1
486,43,257.12,299.87,180.90,470.91,1,-1,-1,-1
486,45,1132.11,330.26,55.90,143.62,1,-1,-1,-1
487,39,1231.94,291.91,83.44,278.94,1,-1,-1,-1
487,43,254.01,301.28,187.03,469.67,1,-1,-1,-1
487,45,1132.12,330.56,56.03,143.17,1,-1,-1,-1
488,39,1231.88,292.00,83.77,279.11,1,-1,-1,-1
488,43,251.18,301.68,192.84,469.26,1,-1,-1,-1
488,45,1132.01,330.61,56.29,143.09,1,-1,-1,-1
489,39,1231.75,292.03,84.01,279.10,1,-1,-1,-1
489,43,248.61,301.72,198.21,469.17,1,-1,-1,-1
489,45,1131.85,330.58,56.58,143.13,1,-1,-1,-1
490,39,1231.61,292.04,84.22,279.04,1,-1,-1,-1
490,43,246.28,301.62,203.11,469.19,1,-1,-1,-1
490,45,1131.70,330.53,56.87,143.21,1,-1,-1,-1
491,39,1255.19,289.44,86.26,280.26,1,-1,-1,-1
491,43,219.92,297.55,221.93,511.23,1,-1,-1,-1
491,45,1132.18,331.41,56.34,141.88,1,-1,-1,-1
492,39,1263.70,288.45,87.91,280.67,1,-1,-1,-1
492,43,210.06,296.05,229.22,526.68,1,-1,-1,-1
493,39,1266.46,288.08,89.31,280.78,1,-1,-1,-1
493,43,206.11,295.37,232.40,532.75,1,-1,-1,-1
494,39,1267.05,287.94,90.55,280.77,1,-1,-1,-1
494,43,204.58,295.04,233.86,534.99,1,-1,-1,-1
495,39,1266.84,287.90,91.65,280.73,1,-1,-1,-1
495,43,204.00,294.87,234.62,535.73,1,-1,-1,-1
496,39,1266.37,287.89,92.65,280.67,1,-1,-1,-1
496,43,203.79,294.76,235.09,535.90,1,-1,-1,-1
497,39,1265.83,287.89,93.54,280.61,1,-1,-1,-1
497,43,203.72,294.68,235.43,535.85,1,-1,-1,-1
498,39,1280.39,286.60,98.05,294.88,1,-1,-1,-1
498,43,172.56,299.80,239.63,539.62,1,-1,-1,-1
499,39,1285.87,286.12,99.59,300.21,1,-1,-1,-1
499,43,160.12,301.72,242.54,540.97,1,-1,-1,-1
500,39,1287.96,285.94,100.05,302.23,1,-1,-1,-1
500,43,154.92,302.41,244.82,541.39,1,-1,-1,-1
501,39,1288.70,285.88,100.10,302.93,1,-1,-1,-1
501,43,152.58,302.63,246.75,541.46,1,-1,-1,-1
502,39,1288.93,285.86,99.99,303.12,1,-1,-1,-1
502,43,151.37,302.67,248.43,541.40,1,-1,-1,-1
503,39,1288.96,285.86,99.84,303.13,1,-1,-1,-1
503,43,150.62,302.65,249.94,541.30,1,-1,-1,-1
504,39,1288.91,285.87,99.68,303.07,1,-1,-1,-1
504,43,150.09,302.60,251.29,541.19,1,-1,-1,-1
505,39,1297.19,280.69,102.31,308.18,1,-1,-1,-1
505,43,107.96,292.13,264.29,568.42,1,-1,-1,-1
505,46,832.00,312.00,60.00,202.00,1,-1,-1,-1
506,39,1300.01,278.73,103.80,310.07,1,-1,-1,-1
506,43,92.15,288.20,269.34,578.59,1,-1,-1,-1
506,46,832.00,312.00,60.00,202.00,1,-1,-1,-1
507,39,1300.77,278.00,104.81,310.74,1,-1,-1,-1
507,43,86.12,286.66,271.43,582.44,1,-1,-1,-1
507,46,832.00,312.00,60.00,202.00,1,-1,-1,-1
508,39,1300.76,277.74,105.59,310.93,1,-1,-1,-1
508,43,83.97,286.07,272.32,583.78,1,-1,-1,-1
508,46,832.00,312.00,60.00,202.00,1,-1,-1,-1
509,39,1300.48,277.66,106.23,310.94,1,-1,-1,-1
509,43,83.33,285.86,272.74,584.15,1,-1,-1,-1
509,46,832.00,312.00,60.00,202.00,1,-1,-1,-1
510,39,1300.12,277.65,106.80,310.89,1,-1,-1,-1
510,43,83.24,285.79,272.96,584.16,1,-1,-1,-1
510,46,832.00,312.00,60.00,202.00,1,-1,-1,-1
511,39,1299.76,277.67,107.30,310.83,1,-1,-1,-1
511,43,83.36,285.78,273.11,584.05,1,-1,-1,-1
511,46,832.00,312.00,60.00,202.00,1,-1,-1,-1
512,39,1319.08,264.68,110.05,318.56,1,-1,-1,-1
512,43,40.47,262.42,299.66,639.72,1,-1,-1,-1
512,46,832.00,312.00,60.00,202.00,1,-1,-1,-1
513,39,1326.31,259.80,111.12,321.45,1,-1,-1,-1
513,43,24.39,253.75,309.82,660.38,1,-1,-1,-1
514,39,1328.96,257.96,111.55,322.51,1,-1,-1,-1
514,43,18.11,250.34,314.04,668.43,1,-1,-1,-1
515,39,1329.84,257.32,111.73,322.85,1,-1,-1,-1
515,43,15.84,249.08,315.80,671.31,1,-1,-1,-1
516,39,1330.04,257.13,111.81,322.92,1,-1,-1,-1
516,43,15.14,248.69,316.56,672.16,1,-1,-1,-1
517,39,1329.99,257.11,111.85,322.89,1,-1,-1,-1
517,43,15.03,248.61,316.93,672.25,1,-1,-1,-1
518,39,1329.86,257.16,111.87,322.83,1,-1,-1,-1
518,43,15.14,248.66,317.14,672.05,1,-1,-1,-1
519,39,1354.79,248.12,112.47,325.36,1,-1,-1,-1
519,43,8.28,246.47,320.24,678.63,1,-1,-1,-1
519,47,1174.00,288.00,58.00,164.00,1,-1,-1,-1
519,48,956.00,300.00,76.00,116.00,1,-1,-1,-1
520,39,1364.07,247.32,111.58,322.39,1,-1,-1,-1
520,47,1173.11,284.57,59.78,169.14,1,-1,-1,-1
521,39,1367.43,247.09,111.28,321.20,1,-1,-1,-1
521,47,1172.99,284.00,60.02,170.00,1,-1,-1,-1
522,39,1368.51,247.06,111.23,320.72,1,-1,-1,-1
522,47,1172.99,283.85,60.02,170.23,1,-1,-1,-1
523,39,1368.75,247.11,111.25,320.51,1,-1,-1,-1
523,47,1173.03,283.83,59.95,170.25,1,-1,-1,-1
524,39,1368.66,247.17,111.30,320.41,1,-1,-1,-1
524,47,1173.08,283.85,59.84,170.23,1,-1,-1,-1
525,39,1368.48,247.25,111.36,320.35,1,-1,-1,-1
525,47,1173.14,283.87,59.72,170.19,1,-1,-1,-1
526,39,1364.64,243.40,116.07,334.66,1,-1,-1,-1
526,47,1173.94,285.25,59.48,170.16,1,-1,-1,-1
527,39,1363.22,241.98,117.68,340.01,1,-1,-1,-1
527,47,1174.31,285.77,59.23,170.14,1,-1,-1,-1
528,39,1362.64,241.48,118.15,342.03,1,-1,-1,-1
528,47,1174.52,285.96,58.99,170.12,1,-1,-1,-1
529,39,1362.39,241.33,118.20,342.75,1,-1,-1,-1
529,47,1174.67,286.02,58.76,170.11,1,-1,-1,-1
530,39,1362.28,241.32,118.08,342.95,1,-1,-1,-1
530,47,1174.78,286.04,58.54,170.09,1,-1,-1,-1
531,39,1362.23,241.35,117.92,342.97,1,-1,-1,-1
531,47,1174.89,286.05,58.33,170.08,1,-1,-1,-1
532,39,1362.20,241.40,117.75,342.93,1,-1,-1,-1
532,47,1174.98,286.05,58.13,170.07,1,-1,-1,-1
533,39,1356.77,238.85,119.31,348.06,1,-1,-1,-1
533,47,1149.12,279.46,57.16,167.43,1,-1,-1,-1
533,49,894.00,294.00,72.00,140.00,1,-1,-1,-1
534,39,1354.00,237.91,119.96,351.25,1,-1,-1,-1
534,47,1139.75,271.67,55.98,163.78,1,-1,-1,-1
534,49,893.49,287.14,73.02,141.71,1,-1,-1,-1
535,39,1353.02,237.58,119.96,352.42,1,-1,-1,-1
535,47,1136.33,268.78,55.57,162.42,1,-1,-1,-1
535,49,893.32,286.00,73.36,142.00,1,-1,-1,-1
536,39,1352.73,237.49,119.73,352.81,1,-1,-1,-1
536,47,1135.15,267.75,55.46,161.94,1,-1,-1,-1
536,49,893.18,285.70,73.65,142.07,1,-1,-1,-1
537,39,1352.71,237.49,119.43,352.90,1,-1,-1,-1
537,47,1134.80,267.42,55.45,161.77,1,-1,-1,-1
537,49,893.03,285.67,73.94,142.08,1,-1,-1,-1
538,39,1352.78,237.52,119.12,352.88,1,-1,-1,-1
538,47,1134.76,267.34,55.48,161.73,1,-1,-1,-1
538,49,892.87,285.70,74.26,142.07,1,-1,-1,-1
539,39,1352.87,237.56,118.83,352.82,1,-1,-1,-1
539,47,1134.83,267.36,55.52,161.74,1,-1,-1,-1
539,49,892.71,285.75,74.59,142.06,1,-1,-1,-1
540,39,1362.25,227.18,122.14,361.86,1,-1,-1,-1
540,47,1138.25,263.46,58.10,170.95,1,-1,-1,-1
540,49,892.68,285.32,74.65,142.17,1,-1,-1,-1
540,50,1326.00,236.00,100.00,350.00,1,-1,-1,-1
541,39,1369.75,228.44,121.87,357.51,1,-1,-1,-1
541,47,1140.65,263.32,56.86,166.66,1,-1,-1,-1
541,50,1324.29,234.29,100.00,350.00,1,-1,-1,-1
542,39,1373.44,227.70,122.72,358.34,1,-1,-1,-1
542,47,1140.90,262.02,55.32,160.99,1,-1,-1,-1
542,50,1323.23,229.50,101.54,356.00,1,-1,-1,-1
543,39,1374.64,227.45,123.33,358.61,1,-1,-1,-1
543,47,1140.95,261.58,54.93,158.85,1,-1,-1,-1
543,50,1322.99,227.92,101.88,358.01,1,-1,-1,-1
544,39,1374.91,227.40,123.82,358.67,1,-1,-1,-1
544,47,1140.91,261.46,54.98,158.08,1,-1,-1,-1
544,50,1323.03,227.49,101.77,358.56,1,-1,-1,-1
545,39,1374.83,227.41,124.23,358.65,1,-1,-1,-1
545,47,1140.84,261.44,55.17,157.81,1,-1,-1,-1
545,50,1323.17,227.43,101.50,358.66,1,-1,-1,-1
546,39,1374.63,227.45,124.60,358.61,1,-1,-1,-1
546,47,1140.77,261.47,55.41,157.73,1,-1,-1,-1
546,50,1323.35,227.48,101.18,358.61,1,-1,-1,-1
547,39,1376.82,223.59,125.32,361.17,1,-1,-1,-1
547,47,1137.23,249.70,58.66,169.53,1,-1,-1,-1
547,49,885.33,266.61,77.80,149.73,1,-1,-1,-1
547,50,1323.09,226.55,101.49,359.70,1,-1,-1,-1
547,51,748.00,248.00,66.00,180.00,1,-1,-1,-1
548,39,1377.66,222.15,125.49,362.10,1,-1,-1,-1
548,47,1136.19,245.37,59.33,173.88,1,-1,-1,-1
548,49,885.26,265.64,77.31,150.13,1,-1,-1,-1
548,51,748.00,248.00,66.00,180.00,1,-1,-1,-1
549,39,1377.97,221.64,125.47,362.43,1,-1,-1,-1
549,47,1136.03,243.73,59.15,175.58,1,-1,-1,-1
549,49,885.42,265.31,76.79,150.27,1,-1,-1,-1
549,51,748.00,248.00,66.00,180.00,1,-1,-1,-1
550,39,1378.08,221.48,125.37,362.51,1,-1,-1,-1
550,47,1136.21,243.16,58.67,176.21,1,-1,-1,-1
550,49,885.64,265.23,76.30,150.30,1,-1,-1,-1
550,51,748.00,248.00,66.00,180.00,1,-1,-1,-1
551,39,1378.11,221.46,125.26,362.51,1,-1,-1,-1
551,47,1136.50,243.01,58.11,176.42,1,-1,-1,-1
551,49,885.86,265.24,75.86,150.29,1,-1,-1,-1
551,51,748.00,248.00,66.00,180.00,1,-1,-1,-1
552,39,1378.12,221.48,125.15,362.48,1,-1,-1,-1
552,47,1136.80,243.01,57.56,176.47,1,-1,-1,-1
552,49,886.07,265.29,75.46,150.27,1,-1,-1,-1
552,51,748.00,248.00,66.00,180.00,1,-1,-1,-1
553,39,1378.11,221.52,125.04,362.45,1,-1,-1,-1
553,47,1137.09,243.07,57.04,176.46,1,-1,-1,-1
553,49,886.27,265.35,75.11,150.25,1,-1,-1,-1
553,51,748.00,248.00,66.00,180.00,1,-1,-1,-1
554,39,1404.79,212.43,134.16,389.79,1,-1,-1,-1
554,47,1134.54,250.93,55.71,171.24,1,-1,-1,-1
554,49,890.01,270.63,72.87,143.70,1,-1,-1,-1
554,51,743.63,254.84,63.81,171.79,1,-1,-1,-1
554,52,696.00,252.00,56.00,154.00,1,-1,-1,-1
555,39,1414.78,209.06,137.37,399.94,1,-1,-1,-1
555,47,1133.51,254.02,55.37,169.20,1,-1,-1,-1
555,49,891.22,272.71,72.50,141.17,1,-1,-1,-1
555,51,741.77,257.36,63.49,168.77,1,-1,-1,-1
555,52,696.00,252.00,56.00,154.00,1,-1,-1,-1
556,39,1418.71,207.78,138.45,403.86,1,-1,-1,-1
556,47,1133.06,255.18,55.40,168.43,1,-1,-1,-1
556,49,891.43,273.49,72.83,140.24,1,-1,-1,-1
556,51,740.89,258.21,63.89,167.75,1,-1,-1,-1
556,52,696.00,252.00,56.00,154.00,1,-1,-1,-1
557,39,1420.19,207.33,138.70,405.27,1,-1,-1,-1
557,47,1132.85,255.63,55.57,168.15,1,-1,-1,-1
557,49,891.30,273.78,73.37,139.92,1,-1,-1,-1
557,51,740.35,258.47,64.54,167.44,1,-1,-1,-1
557,52,696.00,252.00,56.00,154.00,1,-1,-1,-1
558,39,1420.71,207.21,138.63,405.70,1,-1,-1,-1
558,47,1132.72,255.81,55.77,168.04,1,-1,-1,-1
558,49,891.05,273.90,73.96,139.81,1,-1,-1,-1
558,51,739.96,258.52,65.26,167.38,1,-1,-1,-1
558,52,696.00,252.00,56.00,154.00,1,-1,-1,-1
559,39,1420.86,207.21,138.45,405.76,1,-1,-1,-1
559,47,1132.64,255.88,55.97,168.00,1,-1,-1,-1
559,49,890.78,273.94,74.52,139.78,1,-1,-1,-1
559,51,739.62,258.50,65.96,167.40,1,-1,-1,-1
559,52,696.00,252.00,56.00,154.00,1,-1,-1,-1
560,39,1420.87,207.26,138.25,405.68,1,-1,-1,-1
560,47,1132.57,255.92,56.16,167.98,1,-1,-1,-1
560,49,890.53,273.96,75.04,139.79,1,-1,-1,-1
560,51,739.31,258.45,66.64,167.45,1,-1,-1,-1
560,52,696.00,252.00,56.00,154.00,1,-1,-1,-1
561,39,1419.74,183.98,154.47,453.52,1,-1,-1,-1
561,47,1120.18,245.47,58.78,178.44,1,-1,-1,-1
561,49,884.78,276.59,74.73,138.49,1,-1,-1,-1
561,51,733.46,259.73,70.49,176.78,1,-1,-1,-1
561,52,696.47,258.84,53.70,145.79,1,-1,-1,-1
562,39,1419.37,175.37,160.42,471.22,1,-1,-1,-1
562,47,1115.83,241.59,59.24,182.32,1,-1,-1,-1
562,49,882.50,277.59,74.81,138.01,1,-1,-1,-1
562,51,731.27,260.19,71.99,180.23,1,-1,-1,-1
562,52,696.44,261.36,53.26,142.76,1,-1,-1,-1
563,39,1419.14,171.97,162.73,478.21,1,-1,-1,-1
563,47,1114.40,240.10,58.99,183.82,1,-1,-1,-1
563,49,881.58,277.96,75.03,137.85,1,-1,-1,-1
563,51,730.42,260.34,72.63,181.56,1,-1,-1,-1
563,52,696.21,262.21,53.54,141.75,1,-1,-1,-1
564,39,1418.99,170.73,163.53,480.74,1,-1,-1,-1
564,47,1114.10,239.57,58.49,184.36,1,-1,-1,-1
564,49,881.16,278.08,75.28,137.80,1,-1,-1,-1
564,51,730.10,260.37,72.94,182.06,1,-1,-1,-1
564,52,695.92,262.47,54.06,141.44,1,-1,-1,-1
565,39,1418.88,170.35,163.74,481.51,1,-1,-1,-1
565,47,1114.22,239.40,57.94,184.53,1,-1,-1,-1
565,49,880.95,278.12,75.53,137.80,1,-1,-1,-1
565,51,729.98,260.36,73.11,182.22,1,-1,-1,-1
565,52,695.62,262.52,54.66,141.38,1,-1,-1,-1
566,39,1418.80,170.30,163.72,481.60,1,-1,-1,-1
566,47,1114.48,239.38,57.40,184.56,1,-1,-1,-1
566,49,880.82,278.13,75.76,137.81,1,-1,-1,-1
566,51,729.95,260.33,73.22,182.27,1,-1,-1,-1
566,52,695.33,262.49,55.25,141.41,1,-1,-1,-1
567,39,1418.73,170.37,163.62,481.45,1,-1,-1,-1
567,47,1114.77,239.41,56.89,184.54,1,-1,-1,-1
567,49,880.73,278.12,75.97,137.82,1,-1,-1,-1
567,51,729.94,260.30,73.30,182.27,1,-1,-1,-1
567,52,695.05,262.45,55.82,141.46,1,-1,-1,-1
568,39,1467.46,183.38,166.49,490.24,1,-1,-1,-1
568,47,1120.43,252.44,53.48,170.22,1,-1,-1,-1
568,49,880.33,278.33,75.81,137.53,1,-1,-1,-1
568,50,1436.54,170.25,141.08,521.06,1,-1,-1,-1
568,51,734.82,270.71,68.81,166.61,1,-1,-1,-1
568,52,695.15,263.20,55.46,140.56,1,-1,-1,-1
569,39,1486.06,188.40,167.48,493.46,1,-1,-1,-1
569,47,1122.50,257.58,52.59,164.58,1,-1,-1,-1
569,50,1440.86,169.13,137.99,524.36,1,-1,-1,-1
569,51,736.37,274.73,67.87,160.48,1,-1,-1,-1
570,39,1493.14,190.40,167.75,494.53,1,-1,-1,-1
570,47,1123.03,259.42,52.73,162.56,1,-1,-1,-1
570,50,1443.04,168.78,135.41,525.40,1,-1,-1,-1
570,51,736.50,276.12,68.38,158.33,1,-1,-1,-1
571,39,1495.70,191.20,167.74,494.76,1,-1,-1,-1
571,47,1123.03,260.07,53.21,161.85,1,-1,-1,-1
571,50,1444.28,168.71,133.29,525.60,1,-1,-1,-1
571,51,736.16,276.58,69.35,157.59,1,-1,-1,-1
572,39,1496.51,191.52,167.64,494.69,1,-1,-1,-1
572,47,1122.85,260.29,53.77,161.62,1,-1,-1,-1
572,50,1445.07,168.75,131.57,525.50,1,-1,-1,-1
572,51,735.69,276.70,70.42,157.37,1,-1,-1,-1
573,39,1496.65,191.66,167.51,494.52,1,-1,-1,-1
573,47,1122.62,260.34,54.33,161.57,1,-1,-1,-1
573,50,1445.61,168.83,130.14,525.30,1,-1,-1,-1
573,51,735.19,276.69,71.47,157.33,1,-1,-1,-1
574,39,1496.56,191.73,167.38,494.32,1,-1,-1,-1
574,47,1122.39,260.34,54.86,161.57,1,-1,-1,-1
574,50,1446.02,168.91,128.95,525.06,1,-1,-1,-1
574,51,734.72,276.64,72.45,157.37,1,-1,-1,-1
575,39,1543.43,185.28,173.09,514.88,1,-1,-1,-1
575,47,1131.18,261.63,55.72,161.60,1,-1,-1,-1
575,49,938.56,293.28,72.50,126.48,1,-1,-1,-1
575,50,1470.67,193.51,116.64,471.93,1,-1,-1,-1
575,51,743.45,279.22,72.12,154.78,1,-1,-1,-1
576,39,1561.37,182.86,174.51,522.57,1,-1,-1,-1
576,47,1134.26,262.10,56.51,161.64,1,-1,-1,-1
576,49,940.97,294.12,74.32,125.87,1,-1,-1,-1
576,50,1480.07,203.36,111.96,450.57,1,-1,-1,-1
576,51,746.51,280.15,72.47,153.85,1,-1,-1,-1
577,39,1568.42,181.94,174.41,525.40,1,-1,-1,-1
577,47,1135.19,262.25,57.22,161.67,1,-1,-1,-1
577,49,941.28,294.41,75.94,125.66,1,-1,-1,-1
577,50,1483.14,206.85,110.58,442.98,1,-1,-1,-1
577,51,747.40,280.46,73.03,153.54,1,-1,-1,-1
578,39,1571.13,181.62,173.76,526.33,1,-1,-1,-1
578,47,1135.33,262.29,57.86,161.70,1,-1,-1,-1
578,49,940.90,294.49,77.34,125.61,1,-1,-1,-1
578,50,1483.98,208.08,110.35,440.28,1,-1,-1,-1
578,51,747.51,280.53,73.63,153.47,1,-1,-1,-1
579,39,1572.15,181.52,172.97,526.52,1,-1,-1,-1
579,47,1135.18,262.29,58.45,161.73,1,-1,-1,-1
579,49,940.30,294.49,78.56,125.61,1,-1,-1,-1
579,50,1484.02,208.49,110.50,439.34,1,-1,-1,-1
579,51,747.34,280.53,74.21,153.47,1,-1,-1,-1
580,39,1572.51,181.52,172.16,526.45,1,-1,-1,-1
580,47,1134.94,262.27,58.98,161.76,1,-1,-1,-1
580,49,939.68,294.45,79.60,125.64,1,-1,-1,-1
580,50,1483.78,208.60,110.77,439.07,1,-1,-1,-1
580,51,747.08,280.49,74.75,153.51,1,-1,-1,-1
581,39,1572.62,181.54,171.40,526.29,1,-1,-1,-1
581,47,1134.68,262.25,59.45,161.78,1,-1,-1,-1
581,49,939.10,294.41,80.51,125.67,1,-1,-1,-1
581,50,1483.46,208.60,111.07,439.03,1,-1,-1,-1
581,51,746.81,280.45,75.25,153.55,1,-1,-1,-1
582,39,1568.33,181.58,189.67,571.53,1,-1,-1,-1
582,47,1128.04,274.00,60.89,164.42,1,-1,-1,-1
582,49,942.76,295.69,87.38,138.84,1,-1,-1,-1
582,50,1486.96,209.64,110.63,437.32,1,-1,-1,-1
582,51,740.21,280.41,79.19,164.09,1,-1,-1,-1
582,53,1256.00,286.00,48.00,150.00,1,-1,-1,-1
583,39,1565.69,181.59,198.55,588.36,1,-1,-1,-1
583,47,1125.40,278.40,61.69,165.42,1,-1,-1,-1
583,49,944.56,296.15,88.98,143.65,1,-1,-1,-1
583,51,738.12,280.39,79.94,167.98,1,-1,-1,-1
583,53,1256.00,286.00,48.00,150.00,1,-1,-1,-1
584,39,1563.54,181.62,203.76,594.86,1,-1,-1,-1
584,47,1124.28,280.04,62.23,165.81,1,-1,-1,-1
584,49,945.54,296.31,88.89,145.56,1,-1,-1,-1
584,51,737.59,280.35,79.63,169.50,1,-1,-1,-1
584,53,1256.00,286.00,48.00,150.00,1,-1,-1,-1
585,39,1561.75,181.66,207.28,597.15,1,-1,-1,-1
585,47,1123.75,280.61,62.63,165.95,1,-1,-1,-1
585,49,946.16,296.35,88.20,146.27,1,-1,-1,-1
585,51,737.66,280.32,78.96,170.07,1,-1,-1,-1
585,53,1256.00,286.00,48.00,150.00,1,-1,-1,-1
586,39,1560.20,181.69,209.98,597.80,1,-1,-1,-1
586,47,1123.47,280.77,62.97,166.00,1,-1,-1,-1
586,49,946.62,296.34,87.33,146.50,1,-1,-1,-1
586,51,737.94,280.29,78.20,170.27,1,-1,-1,-1
586,53,1256.00,286.00,48.00,150.00,1,-1,-1,-1
587,39,1558.83,181.72,212.23,597.82,1,-1,-1,-1
587,47,1123.28,280.78,63.27,166.02,1,-1,-1,-1
587,49,946.99,296.32,86.47,146.56,1,-1,-1,-1
587,51,738.27,280.26,77.46,170.32,1,-1,-1,-1
587,53,1256.00,286.00,48.00,150.00,1,-1,-1,-1
588,39,1557.61,181.74,214.19,597.63,1,-1,-1,-1
588,47,1123.14,280.74,63.53,166.03,1,-1,-1,-1
588,49,947.31,296.30,85.66,146.55,1,-1,-1,-1
588,51,738.61,280.24,76.76,170.33,1,-1,-1,-1
588,53,1256.00,286.00,48.00,150.00,1,-1,-1,-1
589,39,1568.43,184.35,226.98,621.93,1,-1,-1,-1
589,47,1115.50,276.77,67.07,177.77,1,-1,-1,-1
589,49,948.33,298.86,84.72,146.52,1,-1,-1,-1
589,51,732.17,281.52,76.63,171.61,1,-1,-1,-1
589,53,1266.59,294.21,47.34,147.26,1,-1,-1,-1
590,39,1571.34,185.34,234.05,631.03,1,-1,-1,-1
590,47,1112.95,275.28,67.83,182.13,1,-1,-1,-1
590,49,948.91,299.83,83.88,146.47,1,-1,-1,-1
590,51,729.93,281.99,76.19,172.08,1,-1,-1,-1
590,53,1270.40,297.21,47.23,146.26,1,-1,-1,-1
591,39,1571.37,185.74,238.70,634.35,1,-1,-1,-1
591,47,1112.20,274.67,67.64,183.82,1,-1,-1,-1
591,49,949.30,300.18,83.11,146.43,1,-1,-1,-1
591,51,729.26,282.16,75.67,172.24,1,-1,-1,-1
591,53,1271.65,298.25,47.33,145.92,1,-1,-1,-1
592,39,1570.37,185.90,242.18,635.40,1,-1,-1,-1
592,47,1112.15,274.41,67.13,184.43,1,-1,-1,-1
592,49,949.60,300.29,82.43,146.39,1,-1,-1,-1
592,51,729.19,282.21,75.16,172.28,1,-1,-1,-1
592,53,1271.97,298.57,47.49,145.81,1,-1,-1,-1
593,39,1569.06,185.96,245.05,635.58,1,-1,-1,-1
593,47,1112.36,274.29,66.54,184.62,1,-1,-1,-1
593,49,949.85,300.31,81.81,146.36,1,-1,-1,-1
593,51,729.33,282.21,74.68,172.28,1,-1,-1,-1
593,53,1271.95,298.63,47.68,145.79,1,-1,-1,-1
594,39,1567.72,185.98,247.53,635.45,1,-1,-1,-1
594,47,1112.65,274.24,65.95,184.66,1,-1,-1,-1
594,49,950.06,300.30,81.25,146.33,1,-1,-1,-1
594,51,729.53,282.20,74.24,172.26,1,-1,-1,-1
594,53,1271.83,298.61,47.87,145.80,1,-1,-1,-1
595,39,1566.45,185.99,249.73,635.21,1,-1,-1,-1
595,47,1112.94,274.20,65.39,184.63,1,-1,-1,-1
595,49,950.25,300.28,80.74,146.30,1,-1,-1,-1
595,51,729.75,282.19,73.84,172.24,1,-1,-1,-1
595,53,1271.68,298.56,48.05,145.81,1,-1,-1,-1
596,39,1594.61,208.03,244.88,616.80,1,-1,-1,-1
596,47,1120.53,285.86,60.65,166.43,1,-1,-1,-1
596,49,951.11,300.74,81.00,146.77,1,-1,-1,-1
596,51,729.11,282.49,74.01,172.63,1,-1,-1,-1
596,53,1272.88,299.49,47.95,145.50,1,-1,-1,-1
597,39,1604.75,216.52,244.13,609.49,1,-1,-1,-1
597,47,1123.20,290.42,59.48,159.20,1,-1,-1,-1
598,39,1607.83,219.64,244.93,606.67,1,-1,-1,-1
598,47,1123.76,292.00,59.85,156.66,1,-1,-1,-1
599,39,1608.32,220.74,246.22,605.54,1,-1,-1,-1
599,47,1123.61,292.52,60.69,155.77,1,-1,-1,-1
600,39,1607.88,221.08,247.60,605.06,1,-1,-1,-1
600,47,1123.22,292.67,61.64,155.49,1,-1,-1,-1
601,39,1607.14,221.13,248.93,604.83,1,-1,-1,-1
601,47,1122.78,292.68,62.58,155.43,1,-1,-1,-1
602,39,1606.34,221.08,250.17,604.70,1,-1,-1,-1
602,47,1122.35,292.63,63.46,155.44,1,-1,-1,-1
603,39,1635.88,206.63,269.05,660.79,1,-1,-1,-1
603,47,1129.07,318.93,61.86,150.21,1,-1,-1,-1
603,49,951.12,345.58,73.03,129.21,1,-1,-1,-1
603,51,747.42,295.38,87.82,215.68,1,-1,-1,-1
604,39,1649.14,207.61,271.30,676.44,1,-1,-1,-1
604,47,1130.06,322.50,61.30,148.83,1,-1,-1,-1
604,49,948.81,349.67,75.43,132.43,1,-1,-1,-1
604,51,755.43,296.15,85.07,219.55,1,-1,-1,-1
605,39,1655.31,207.99,269.96,682.49,1,-1,-1,-1
605,49,948.03,351.01,76.39,133.28,1,-1,-1,-1
605,51,759.47,296.42,82.11,220.98,1,-1,-1,-1
606,39,1658.48,208.13,267.39,684.62,1,-1,-1,-1
606,49,947.63,351.41,76.97,133.61,1,-1,-1,-1
606,51,761.78,296.50,79.38,221.45,1,-1,-1,-1
607,39,1660.40,208.17,264.54,685.23,1,-1,-1,-1
607,49,947.38,351.46,77.37,133.75,1,-1,-1,-1
607,51,763.31,296.50,76.97,221.55,1,-1,-1,-1
608,39,1661.76,208.17,261.75,685.27,1,-1,-1,-1
608,49,947.20,351.38,77.69,133.82,1,-1,-1,-1
608,51,764.43,296.48,74.87,221.51,1,-1,-1,-1
609,39,1662.85,208.17,259.16,685.10,1,-1,-1,-1
609,49,947.06,351.26,77.95,133.85,1,-1,-1,-1
609,51,765.32,296.45,73.05,221.42,1,-1,-1,-1
610,39,1672.58,195.20,266.39,726.34,1,-1,-1,-1
610,49,949.48,347.21,79.66,136.50,1,-1,-1,-1
610,51,767.50,304.15,67.30,207.12,1,-1,-1,-1
611,39,1678.57,190.33,264.31,741.77,1,-1,-1,-1
611,49,950.34,345.64,80.39,137.49,1,-1,-1,-1
611,51,768.53,307.13,64.56,201.41,1,-1,-1,-1
612,39,1682.80,188.42,259.34,747.60,1,-1,-1,-1
612,49,950.62,344.99,80.75,137.87,1,-1,-1,-1
612,51,769.09,308.18,63.11,199.30,1,-1,-1,-1
613,39,1686.14,187.72,253.63,749.59,1,-1,-1,-1
613,49,950.67,344.70,80.95,138.01,1,-1,-1,-1
613,51,769.47,308.53,62.18,198.50,1,-1,-1,-1
614,39,1688.95,187.48,248.01,750.10,1,-1,-1,-1
614,49,950.65,344.56,81.09,138.06,1,-1,-1,-1
614,51,769.76,308.62,61.48,198.20,1,-1,-1,-1
615,39,1691.42,187.43,242.75,750.06,1,-1,-1,-1
615,49,950.61,344.48,81.19,138.07,1,-1,-1,-1
615,51,769.99,308.62,60.90,198.08,1,-1,-1,-1
616,39,1693.62,187.44,237.93,749.82,1,-1,-1,-1
616,49,950.55,344.42,81.27,138.07,1,-1,-1,-1
616,51,770.19,308.58,60.41,198.04,1,-1,-1,-1
617,39,1696.79,186.51,239.89,756.01,1,-1,-1,-1
617,49,956.60,344.38,83.50,141.98,1,-1,-1,-1
617,51,770.83,309.53,60.41,198.06,1,-1,-1,-1
617,53,1360.08,335.87,56.84,167.78,1,-1,-1,-1
617,54,806.00,328.00,74.00,164.00,1,-1,-1,-1
618,49,958.89,344.34,84.30,143.45,1,-1,-1,-1
618,51,806.03,324.00,55.06,171.79,1,-1,-1,-1
618,53,1361.27,336.54,58.00,168.25,1,-1,-1,-1
619,47,1166.62,310.77,70.05,181.37,1,-1,-1,-1
619,49,959.81,344.89,84.62,144.00,1,-1,-1,-1
619,51,811.66,324.63,57.81,174.09,1,-1,-1,-1
619,53,1385.58,321.31,62.03,181.29,1,-1,-1,-1
620,47,1168.65,310.91,70.60,182.79,1,-1,-1,-1
620,51,808.60,312.89,64.43,193.39,1,-1,-1,-1
620,53,1396.86,319.35,63.00,183.66,1,-1,-1,-1
620,55,1022.00,344.00,78.00,146.00,1,-1,-1,-1
621,51,807.46,308.70,66.93,200.29,1,-1,-1,-1
621,53,1401.15,318.55,63.43,184.55,1,-1,-1,-1
621,55,1022.00,344.00,78.00,146.00,1,-1,-1,-1
622,49,1011.37,344.33,84.83,145.96,1,-1,-1,-1
622,51,806.81,306.99,68.03,203.04,1,-1,-1,-1
622,53,1402.62,318.23,63.63,184.83,1,-1,-1,-1
623,47,1175.73,310.20,68.79,186.16,1,-1,-1,-1
623,49,1015.00,341.52,85.01,148.88,1,-1,-1,-1
623,51,809.36,311.49,65.18,195.04,1,-1,-1,-1
623,53,1409.27,325.83,62.76,182.31,1,-1,-1,-1
624,47,1185.60,315.44,63.76,175.81,1,-1,-1,-1
624,49,1019.22,343.17,81.81,144.69,1,-1,-1,-1
624,51,813.85,309.29,66.03,199.77,1,-1,-1,-1
624,53,1414.69,326.48,63.23,183.66,1,-1,-1,-1
625,47,1189.25,317.27,61.56,172.16,1,-1,-1,-1
625,49,1020.84,343.80,80.20,143.05,1,-1,-1,-1
625,51,815.66,308.49,65.94,201.49,1,-1,-1,-1
626,47,1190.70,317.93,60.41,170.83,1,-1,-1,-1
626,49,1021.49,344.03,79.25,142.42,1,-1,-1,-1
626,51,816.44,308.17,65.55,202.13,1,-1,-1,-1
627,47,1191.31,318.16,59.70,170.33,1,-1,-1,-1
627,49,1021.76,344.10,78.60,142.18,1,-1,-1,-1
627,51,816.80,308.05,65.09,202.34,1,-1,-1,-1
628,47,1191.59,318.23,59.19,170.14,1,-1,-1,-1
628,49,1021.88,344.12,78.09,142.09,1,-1,-1,-1
628,51,817.00,308.01,64.62,202.40,1,-1,-1,-1
629,47,1191.73,318.24,58.79,170.06,1,-1,-1,-1
629,49,1021.93,344.12,77.66,142.05,1,-1,-1,-1
629,51,817.13,307.99,64.19,202.39,1,-1,-1,-1
630,47,1191.80,318.23,58.47,170.03,1,-1,-1,-1
630,49,1021.95,344.12,77.29,142.04,1,-1,-1,-1
630,51,817.23,307.99,63.79,202.37,1,-1,-1,-1
631,47,1195.69,320.83,59.66,171.33,1,-1,-1,-1
631,49,1021.69,351.95,80.13,144.64,1,-1,-1,-1
631,51,824.34,310.59,63.69,199.74,1,-1,-1,-1
632,47,1196.92,321.80,60.48,171.81,1,-1,-1,-1
632,49,1021.14,354.89,81.96,145.62,1,-1,-1,-1
632,51,826.80,311.58,64.02,198.71,1,-1,-1,-1
633,47,1197.16,322.15,61.12,171.99,1,-1,-1,-1
633,49,1020.52,355.99,83.32,145.99,1,-1,-1,-1
633,51,827.49,311.95,64.49,198.32,1,-1,-1,-1
634,47,1197.05,322.26,61.64,172.06,1,-1,-1,-1
634,49,1019.92,356.37,84.43,146.12,1,-1,-1,-1
634,51,827.52,312.08,64.98,198.16,1,-1,-1,-1
635,47,1196.83,322.28,62.09,172.08,1,-1,-1,-1
635,49,1019.36,356.48,85.39,146.15,1,-1,-1,-1
635,51,827.33,312.12,65.44,198.10,1,-1,-1,-1
636,47,1196.58,322.28,62.49,172.08,1,-1,-1,-1
636,49,1018.84,356.49,86.24,146.16,1,-1,-1,-1
636,51,827.06,312.13,65.87,198.07,1,-1,-1,-1
637,47,1196.34,322.26,62.84,172.07,1,-1,-1,-1
637,49,1018.38,356.47,86.99,146.15,1,-1,-1,-1
637,51,826.79,312.12,66.26,198.06,1,-1,-1,-1
638,47,1195.45,310.49,65.80,181.20,1,-1,-1,-1
638,49,1020.45,343.40,86.60,147.44,1,-1,-1,-1
638,51,834.38,314.73,63.98,191.52,1,-1,-1,-1
638,53,1489.61,320.36,68.84,194.20,1,-1,-1,-1
639,47,1195.20,306.09,66.69,184.61,1,-1,-1,-1
639,49,1021.50,338.43,85.84,147.92,1,-1,-1,-1
639,51,837.24,315.71,63.07,189.01,1,-1,-1,-1
639,53,1490.61,320.07,70.22,194.34,1,-1,-1,-1
640,47,1195.16,304.39,66.85,185.91,1,-1,-1,-1
640,49,1022.13,336.55,84.99,148.10,1,-1,-1,-1
640,51,838.25,316.06,62.70,188.10,1,-1,-1,-1
640,53,1490.81,319.97,71.20,194.42,1,-1,-1,-1
641,47,1195.20,303.77,66.74,186.38,1,-1,-1,-1
641,49,1022.58,335.86,84.16,148.15,1,-1,-1,-1
641,51,838.59,316.18,62.53,187.79,1,-1,-1,-1
641,53,1490.57,319.94,71.93,194.42,1,-1,-1,-1
642,47,1195.26,303.56,66.53,186.52,1,-1,-1,-1
642,49,1022.94,335.63,83.40,148.16,1,-1,-1,-1
642,51,838.66,316.21,62.44,187.69,1,-1,-1,-1
642,53,1490.17,319.93,72.50,194.40,1,-1,-1,-1
643,47,1195.32,303.51,66.32,186.54,1,-1,-1,-1
643,49,1023.24,335.57,82.69,148.16,1,-1,-1,-1
643,51,838.65,316.21,62.38,187.68,1,-1,-1,-1
643,53,1489.76,319.94,72.95,194.36,1,-1,-1,-1
644,47,1195.39,303.52,66.10,186.52,1,-1,-1,-1
644,49,1023.51,335.58,82.06,148.15,1,-1,-1,-1
644,51,838.60,316.19,62.34,187.69,1,-1,-1,-1
644,53,1489.37,319.94,73.32,194.33,1,-1,-1,-1
645,47,1187.02,300.95,68.48,195.58,1,-1,-1,-1
645,49,1026.05,338.21,82.10,149.44,1,-1,-1,-1
645,51,832.94,310.93,63.05,191.65,1,-1,-1,-1
645,53,1492.53,319.84,73.52,194.86,1,-1,-1,-1
646,47,1184.10,300.00,68.90,198.96,1,-1,-1,-1
646,49,1027.17,339.23,81.75,149.92,1,-1,-1,-1
646,51,830.95,308.96,62.98,193.14,1,-1,-1,-1
647,47,1183.16,299.66,68.64,200.24,1,-1,-1,-1
647,49,1027.72,339.63,81.29,150.09,1,-1,-1,-1
647,51,830.31,308.21,62.67,193.72,1,-1,-1,-1
648,47,1183.00,299.56,68.16,200.68,1,-1,-1,-1
648,49,1028.05,339.79,80.82,150.15,1,-1,-1,-1
648,51,830.19,307.93,62.29,193.93,1,-1,-1,-1
649,47,1183.11,299.55,67.63,200.80,1,-1,-1,-1
649,49,1028.28,339.86,80.37,150.16,1,-1,-1,-1
649,51,830.25,307.84,61.90,194.01,1,-1,-1,-1
650,47,1183.32,299.57,67.12,200.79,1,-1,-1,-1
650,49,1028.46,339.89,79.96,150.15,1,-1,-1,-1
650,51,830.38,307.82,61.54,194.04,1,-1,-1,-1
651,47,1183.55,299.60,66.64,200.75,1,-1,-1,-1
651,49,1028.61,339.91,79.59,150.14,1,-1,-1,-1
651,51,830.51,307.82,61.20,194.05,1,-1,-1,-1
652,47,1183.12,298.96,67.04,201.97,1,-1,-1,-1
652,49,1034.52,337.31,79.43,150.13,1,-1,-1,-1
652,51,830.67,307.52,61.23,194.14,1,-1,-1,-1
653,49,1036.78,336.33,79.30,150.12,1,-1,-1,-1
654,49,1037.64,335.97,79.17,150.11,1,-1,-1,-1
