1,10165,428.26,133.86,97.15,210.54,1,-1,-1,-1
1,10169,328.73,115.47,107.12,255.12,1,-1,-1,-1
1,10170,558.22,206.69,70.36,155.21,1,-1,-1,-1
1,10171,182.00,94.00,69.00,226.00,1,-1,-1,-1
1,10172,565.00,90.00,70.00,191.00,1,-1,-1,-1
2,10165,433.17,107.55,104.32,229.80,1,-1,-1,-1
2,10167,169.29,94.66,94.48,232.99,1,-1,-1,-1
2,10169,334.34,91.70,104.70,252.88,1,-1,-1,-1
2,10172,564.98,92.57,70.04,191.00,1,-1,-1,-1
2,10173,90.00,99.00,61.00,230.00,1,-1,-1,-1
3,10165,439.32,93.58,107.51,240.71,1,-1,-1,-1
3,10167,180.07,86.98,90.98,235.23,1,-1,-1,-1
3,10169,342.35,80.91,103.17,254.60,1,-1,-1,-1
3,10172,563.80,93.00,70.89,193.25,1,-1,-1,-1
3,10173,88.55,105.00,58.75,220.57,1,-1,-1,-1
4,10165,442.16,88.06,107.83,245.05,1,-1,-1,-1
4,10167,184.55,84.41,88.23,235.97,1,-1,-1,-1
4,10169,345.73,77.03,101.39,255.22,1,-1,-1,-1
4,10172,563.40,93.11,71.20,194.00,1,-1,-1,-1
4,10173,88.15,106.00,58.70,219.00,1,-1,-1,-1
5,10165,445.75,86.73,102.03,237.20,1,-1,-1,-1
5,10167,192.11,80.81,88.48,236.66,1,-1,-1,-1
5,10169,351.90,79.04,98.20,249.58,1,-1,-1,-1
5,10172,562.68,93.12,71.06,193.49,1,-1,-1,-1
5,10173,83.10,94.99,63.33,232.12,1,-1,-1,-1
6,10165,447.55,86.55,98.48,233.81,1,-1,-1,-1
6,10169,354.18,80.10,96.49,247.37,1,-1,-1,-1
6,10172,562.43,93.11,71.04,193.27,1,-1,-1,-1
6,10173,80.97,91.35,65.84,236.47,1,-1,-1,-1
7,10165,448.65,86.68,96.00,232.38,1,-1,-1,-1
7,10169,355.02,80.68,95.41,246.53,1,-1,-1,-1
7,10172,562.34,93.09,71.07,193.18,1,-1,-1,-1
7,10173,79.78,90.19,67.70,237.87,1,-1,-1,-1
8,10165,449.45,86.92,94.03,231.72,1,-1,-1,-1
8,10169,355.31,81.07,94.60,246.21,1,-1,-1,-1
8,10172,562.31,93.08,71.11,193.13,1,-1,-1,-1
8,10173,78.91,89.92,69.36,238.21,1,-1,-1,-1
9,10165,453.39,80.38,95.59,235.57,1,-1,-1,-1
9,10167,215.49,93.14,84.06,226.39,1,-1,-1,-1
9,10169,363.20,83.35,93.35,243.47,1,-1,-1,-1
9,10172,560.53,91.04,71.98,195.13,1,-1,-1,-1
9,10173,58.77,96.71,69.06,240.24,1,-1,-1,-1
10,10167,217.28,94.69,83.25,225.32,1,-1,-1,-1
10,10169,366.02,84.37,92.78,242.43,1,-1,-1,-1
10,10172,559.85,90.29,72.37,195.86,1,-1,-1,-1
10,10173,51.67,99.30,68.35,240.89,1,-1,-1,-1
11,10167,218.08,95.15,82.81,224.97,1,-1,-1,-1
11,10169,366.93,84.88,92.48,242.05,1,-1,-1,-1
11,10172,559.58,90.01,72.59,196.12,1,-1,-1,-1
11,10173,49.45,100.30,67.50,241.04,1,-1,-1,-1
12,10167,218.27,95.35,82.51,224.85,1,-1,-1,-1
12,10169,367.13,85.18,92.29,241.92,1,-1,-1,-1
12,10172,559.46,89.92,72.73,196.19,1,-1,-1,-1
12,10173,49.06,100.69,66.62,241.01,1,-1,-1,-1
13,10165,471.69,89.49,88.66,219.97,1,-1,-1,-1
13,10167,234.07,108.59,78.15,205.12,1,-1,-1,-1
13,10169,376.64,85.39,92.01,240.56,1,-1,-1,-1
13,10172,556.67,86.59,73.01,196.21,1,-1,-1,-1
13,10173,34.77,100.85,62.49,225.07,1,-1,-1,-1
13,10174,175.00,87.00,48.00,166.00,1,-1,-1,-1
14,10165,473.34,91.45,87.24,217.68,1,-1,-1,-1
14,10167,239.29,113.78,77.54,197.51,1,-1,-1,-1
14,10169,380.00,85.57,92.03,240.06,1,-1,-1,-1
14,10172,555.56,85.35,73.27,196.20,1,-1,-1,-1
14,10173,29.46,100.91,61.01,218.84,1,-1,-1,-1
14,10174,175.00,87.00,48.00,166.00,1,-1,-1,-1
15,10165,474.12,91.90,86.57,217.05,1,-1,-1,-1
15,10167,240.42,115.59,78.41,194.90,1,-1,-1,-1
15,10169,381.04,85.72,92.15,239.89,1,-1,-1,-1
15,10172,555.09,84.90,73.50,196.18,1,-1,-1,-1
15,10173,27.63,100.94,60.63,216.62,1,-1,-1,-1
15,10174,175.00,87.00,48.00,166.00,1,-1,-1,-1
16,10165,474.42,92.15,86.11,216.78,1,-1,-1,-1
16,10167,240.17,116.21,79.68,194.04,1,-1,-1,-1
16,10169,381.22,85.84,92.30,239.83,1,-1,-1,-1
16,10172,554.87,84.75,73.72,196.16,1,-1,-1,-1
16,10173,27.07,100.96,60.63,215.84,1,-1,-1,-1
16,10174,175.00,87.00,48.00,166.00,1,-1,-1,-1
17,10165,486.01,89.74,94.15,232.35,1,-1,-1,-1
17,10167,245.74,107.08,83.14,203.81,1,-1,-1,-1
17,10169,384.83,86.61,90.85,235.24,1,-1,-1,-1
17,10172,554.26,84.17,73.82,196.43,1,-1,-1,-1
17,10173,22.88,100.89,60.33,214.78,1,-1,-1,-1
17,10174,172.72,85.55,49.66,171.80,1,-1,-1,-1
18,10165,489.78,88.86,98.14,238.12,1,-1,-1,-1
18,10167,247.83,103.73,84.12,207.41,1,-1,-1,-1
18,10169,385.95,86.97,90.47,233.51,1,-1,-1,-1
18,10174,171.95,85.06,50.22,173.77,1,-1,-1,-1
19,10165,490.71,88.63,100.51,240.32,1,-1,-1,-1
19,10167,248.56,102.45,84.27,208.84,1,-1,-1,-1
19,10169,386.17,87.16,90.49,232.89,1,-1,-1,-1
19,10174,171.70,84.89,50.39,174.42,1,-1,-1,-1
20,10165,490.56,88.63,102.12,241.08,1,-1,-1,-1
20,10167,248.77,101.97,84.12,209.42,1,-1,-1,-1
20,10169,386.05,87.27,90.64,232.69,1,-1,-1,-1
20,10174,171.64,84.85,50.42,174.59,1,-1,-1,-1
21,10165,493.02,86.12,99.38,236.12,1,-1,-1,-1
21,10167,258.67,101.81,86.35,211.61,1,-1,-1,-1
21,10169,396.16,88.01,91.16,231.32,1,-1,-1,-1
21,10174,172.43,85.52,50.19,173.25,1,-1,-1,-1
22,10165,493.98,85.25,97.96,234.10,1,-1,-1,-1
22,10167,261.93,101.77,87.90,212.45,1,-1,-1,-1
22,10169,399.58,88.33,91.92,230.83,1,-1,-1,-1
22,10174,172.69,85.79,50.20,172.70,1,-1,-1,-1
23,10165,494.38,84.98,97.11,233.29,1,-1,-1,-1
23,10167,262.71,101.76,89.11,212.78,1,-1,-1,-1
23,10169,400.49,88.48,92.71,230.67,1,-1,-1,-1
23,10174,172.75,85.89,50.28,172.46,1,-1,-1,-1
24,10165,494.57,84.95,96.51,232.93,1,-1,-1,-1
24,10167,262.58,101.78,90.12,212.90,1,-1,-1,-1
24,10169,400.48,88.56,93.47,230.64,1,-1,-1,-1
24,10174,172.73,85.93,50.40,172.35,1,-1,-1,-1
25,10165,503.08,86.30,92.87,226.89,1,-1,-1,-1
25,10167,271.32,103.10,85.05,203.82,1,-1,-1,-1
25,10169,406.59,88.62,93.08,228.03,1,-1,-1,-1
25,10174,173.69,85.95,49.85,170.30,1,-1,-1,-1
26,10165,506.51,86.89,90.90,224.52,1,-1,-1,-1
26,10167,274.77,103.62,82.52,200.34,1,-1,-1,-1
26,10169,408.61,88.66,93.29,227.07,1,-1,-1,-1
26,10174,174.04,85.96,49.66,169.51,1,-1,-1,-1
27,10165,507.95,87.16,89.63,223.63,1,-1,-1,-1
27,10167,276.20,103.82,81.04,199.08,1,-1,-1,-1
27,10169,409.09,88.70,93.70,226.73,1,-1,-1,-1
27,10174,174.16,85.97,49.61,169.21,1,-1,-1,-1
28,10165,508.63,87.30,88.68,223.28,1,-1,-1,-1
28,10167,276.86,103.90,79.99,198.65,1,-1,-1,-1
28,10169,409.01,88.73,94.15,226.63,1,-1,-1,-1
28,10174,174.19,85.97,49.62,169.09,1,-1,-1,-1
29,10165,515.25,88.05,91.79,226.42,1,-1,-1,-1
29,10167,289.07,105.25,77.80,194.58,1,-1,-1,-1
29,10169,416.99,82.20,95.80,231.86,1,-1,-1,-1
29,10174,172.99,86.63,51.39,176.94,1,-1,-1,-1
30,10165,517.17,88.35,93.95,227.60,1,-1,-1,-1
30,10167,293.68,105.76,76.70,193.08,1,-1,-1,-1
30,10169,420.05,79.77,96.13,233.84,1,-1,-1,-1
30,10174,172.70,86.88,51.74,179.85,1,-1,-1,-1
31,10165,517.35,88.50,95.65,228.03,1,-1,-1,-1
31,10167,295.38,105.95,76.05,192.57,1,-1,-1,-1
31,10169,421.23,78.87,96.01,234.60,1,-1,-1,-1
31,10174,172.73,86.97,51.59,180.96,1,-1,-1,-1
32,10165,516.92,88.58,97.09,228.18,1,-1,-1,-1
32,10167,296.00,106.02,75.59,192.42,1,-1,-1,-1
32,10169,421.69,78.56,95.73,234.89,1,-1,-1,-1
32,10174,172.86,87.01,51.28,181.35,1,-1,-1,-1
33,10165,532.85,93.20,92.00,218.44,1,-1,-1,-1
33,10167,307.15,98.80,79.63,204.90,1,-1,-1,-1
33,10169,436.71,83.70,89.84,222.61,1,-1,-1,-1
33,10174,172.66,87.02,51.02,181.46,1,-1,-1,-1
34,10165,539.07,95.01,89.57,214.67,1,-1,-1,-1
34,10167,311.47,96.15,80.63,209.51,1,-1,-1,-1
34,10169,442.56,85.73,87.14,217.88,1,-1,-1,-1
34,10174,172.67,87.02,50.75,181.48,1,-1,-1,-1
35,10165,541.47,95.67,88.25,213.30,1,-1,-1,-1
35,10167,313.21,95.12,80.60,211.31,1,-1,-1,-1
35,10169,444.79,86.48,85.76,216.18,1,-1,-1,-1
35,10174,172.75,87.02,50.50,181.45,1,-1,-1,-1
36,10165,542.43,95.92,87.37,212.82,1,-1,-1,-1
36,10167,313.93,94.76,80.20,211.99,1,-1,-1,-1
36,10169,445.68,86.77,84.89,215.59,1,-1,-1,-1
36,10174,172.85,87.02,50.27,181.42,1,-1,-1,-1
37,10165,547.13,94.69,85.37,211.35,1,-1,-1,-1
37,10167,321.86,98.53,78.09,205.75,1,-1,-1,-1
37,10169,449.72,91.49,86.81,219.37,1,-1,-1,-1
37,10174,173.70,87.67,49.87,181.38,1,-1,-1,-1
38,10165,549.15,94.23,83.89,210.82,1,-1,-1,-1
38,10167,324.69,100.02,77.39,203.31,1,-1,-1,-1
38,10169,451.01,93.25,87.77,220.81,1,-1,-1,-1
38,10174,174.13,87.92,49.50,181.35,1,-1,-1,-1
39,10165,550.12,94.06,82.69,210.66,1,-1,-1,-1
39,10167,325.57,100.58,77.25,202.41,1,-1,-1,-1
39,10169,451.28,93.91,88.36,221.38,1,-1,-1,-1
39,10174,174.38,88.01,49.17,181.32,1,-1,-1,-1
40,10165,550.68,93.99,81.64,210.62,1,-1,-1,-1
40,10167,325.72,100.80,77.30,202.07,1,-1,-1,-1
40,10169,451.17,94.14,88.77,221.62,1,-1,-1,-1
40,10174,174.57,88.04,48.87,181.29,1,-1,-1,-1
41,10165,552.08,86.10,85.90,226.37,1,-1,-1,-1
41,10167,335.43,95.00,76.77,202.60,1,-1,-1,-1
41,10169,453.16,91.60,89.27,219.11,1,-1,-1,-1
41,10174,174.34,88.05,48.69,181.26,1,-1,-1,-1
42,10165,553.12,83.19,86.39,232.18,1,-1,-1,-1
42,10167,339.17,92.82,76.19,202.81,1,-1,-1,-1
42,10169,453.42,90.62,90.24,218.17,1,-1,-1,-1
42,10174,174.30,88.05,48.53,181.23,1,-1,-1,-1
43,10165,553.88,82.07,85.67,234.45,1,-1,-1,-1
43,10167,340.64,92.01,75.63,202.90,1,-1,-1,-1
43,10169,453.07,90.25,91.32,217.84,1,-1,-1,-1
43,10174,174.33,88.04,48.39,181.21,1,-1,-1,-1
44,10165,554.51,81.67,84.56,235.29,1,-1,-1,-1
44,10167,341.23,91.73,75.10,202.93,1,-1,-1,-1
44,10169,452.54,90.10,92.38,217.74,1,-1,-1,-1
44,10174,174.38,88.04,48.26,181.19,1,-1,-1,-1
45,10165,561.44,91.25,77.71,218.11,1,-1,-1,-1
45,10167,350.83,98.18,72.23,195.11,1,-1,-1,-1
45,10169,457.32,91.36,93.15,214.44,1,-1,-1,-1
45,10174,175.33,88.69,47.65,179.87,1,-1,-1,-1
46,10165,564.20,95.05,74.69,211.30,1,-1,-1,-1
46,10167,354.34,100.68,71.15,192.12,1,-1,-1,-1
46,10169,458.48,91.83,94.57,213.21,1,-1,-1,-1
46,10174,175.76,88.93,47.28,179.36,1,-1,-1,-1
47,10165,565.28,96.43,73.29,208.85,1,-1,-1,-1
47,10167,355.52,101.61,70.78,191.04,1,-1,-1,-1
47,10169,458.33,92.00,96.14,212.78,1,-1,-1,-1
47,10174,175.98,89.02,47.02,179.16,1,-1,-1,-1
48,10165,565.76,96.93,72.51,207.97,1,-1,-1,-1
48,10167,355.83,101.94,70.66,190.67,1,-1,-1,-1
48,10169,457.72,92.06,97.67,212.65,1,-1,-1,-1
48,10174,176.11,89.05,46.81,179.08,1,-1,-1,-1
49,10165,567.78,97.30,72.18,207.04,1,-1,-1,-1
49,10167,367.36,102.06,70.59,191.88,1,-1,-1,-1
49,10169,472.00,91.42,100.57,215.90,1,-1,-1,-1
49,10174,175.19,89.06,46.73,179.05,1,-1,-1,-1
50,10167,371.72,102.10,70.29,192.36,1,-1,-1,-1
50,10169,476.92,91.18,102.42,217.14,1,-1,-1,-1
50,10174,174.85,89.06,46.66,179.03,1,-1,-1,-1
51,10167,373.36,102.11,69.93,192.57,1,-1,-1,-1
51,10169,478.34,91.08,103.81,217.62,1,-1,-1,-1
51,10174,174.75,89.05,46.59,179.03,1,-1,-1,-1
52,10167,373.96,102.10,69.58,192.66,1,-1,-1,-1
52,10169,478.46,91.04,104.95,217.81,1,-1,-1,-1
52,10174,174.72,89.05,46.54,179.02,1,-1,-1,-1
53,10167,387.40,101.44,67.65,188.79,1,-1,-1,-1
53,10169,495.28,100.82,97.73,203.53,1,-1,-1,-1
53,10174,175.40,91.66,45.81,176.41,1,-1,-1,-1
54,10167,392.50,101.18,66.65,187.34,1,-1,-1,-1
54,10169,501.68,104.59,94.78,198.02,1,-1,-1,-1
54,10174,175.67,92.65,45.51,175.41,1,-1,-1,-1
55,10167,394.39,101.08,66.03,186.82,1,-1,-1,-1
55,10169,503.94,105.92,93.58,196.08,1,-1,-1,-1
55,10174,175.78,93.01,45.38,175.05,1,-1,-1,-1
56,10167,395.08,101.04,65.58,186.66,1,-1,-1,-1
56,10169,504.71,106.38,93.03,195.42,1,-1,-1,-1
56,10174,175.83,93.13,45.31,174.92,1,-1,-1,-1
57,10165,582.99,100.01,59.51,174.05,1,-1,-1,-1
57,10167,407.49,94.47,66.45,185.96,1,-1,-1,-1
57,10169,506.22,97.92,94.76,203.16,1,-1,-1,-1
57,10174,175.22,89.24,45.90,178.15,1,-1,-1,-1
58,10165,583.90,100.10,58.13,172.56,1,-1,-1,-1
58,10167,411.74,91.99,67.37,185.73,1,-1,-1,-1
58,10169,507.25,94.78,94.31,206.04,1,-1,-1,-1
58,10174,175.05,87.77,45.99,179.37,1,-1,-1,-1
59,10165,584.46,100.14,57.25,172.02,1,-1,-1,-1
59,10167,412.93,91.08,68.25,185.66,1,-1,-1,-1
59,10169,508.00,93.56,93.20,207.18,1,-1,-1,-1
59,10174,175.05,87.21,45.90,179.84,1,-1,-1,-1
60,10165,584.78,100.15,56.64,171.90,1,-1,-1,-1
60,10167,412.98,90.76,69.07,185.66,1,-1,-1,-1
60,10169,508.60,93.11,91.93,207.63,1,-1,-1,-1
60,10174,175.10,87.00,45.76,180.01,1,-1,-1,-1
61,10165,586.19,100.41,55.95,169.82,1,-1,-1,-1
61,10167,414.66,105.73,67.11,174.55,1,-1,-1,-1
61,10169,511.28,92.83,91.84,207.44,1,-1,-1,-1
61,10174,174.61,84.97,46.74,182.67,1,-1,-1,-1
62,10167,414.56,111.51,67.40,170.31,1,-1,-1,-1
62,10174,174.34,84.21,47.28,183.68,1,-1,-1,-1
63,10167,413.91,113.58,68.54,168.83,1,-1,-1,-1
63,10174,174.17,83.93,47.62,184.05,1,-1,-1,-1
64,10167,413.11,114.30,69.89,168.34,1,-1,-1,-1
64,10174,174.04,83.84,47.88,184.17,1,-1,-1,-1
65,10167,418.20,108.57,72.00,174.83,1,-1,-1,-1
65,10169,539.06,95.59,88.53,203.36,1,-1,-1,-1
65,10174,173.58,83.16,48.15,184.86,1,-1,-1,-1
65,10175,397.00,99.00,62.00,184.00,1,-1,-1,-1
66,10167,420.19,106.44,72.46,177.25,1,-1,-1,-1
66,10169,542.12,95.88,87.11,202.97,1,-1,-1,-1
66,10174,173.39,82.92,48.29,185.11,1,-1,-1,-1
66,10175,397.00,99.00,62.00,184.00,1,-1,-1,-1
67,10167,420.98,105.60,72.36,178.21,1,-1,-1,-1
67,10169,543.49,95.97,86.00,202.84,1,-1,-1,-1
67,10174,173.30,82.84,48.38,185.19,1,-1,-1,-1
67,10175,397.00,99.00,62.00,184.00,1,-1,-1,-1
68,10167,421.31,105.27,72.07,178.59,1,-1,-1,-1
68,10169,544.16,96.01,85.09,202.80,1,-1,-1,-1
68,10174,173.25,82.82,48.45,185.20,1,-1,-1,-1
68,10175,397.00,99.00,62.00,184.00,1,-1,-1,-1
69,10167,433.71,99.92,73.36,183.97,1,-1,-1,-1
69,10169,549.47,94.71,84.22,203.46,1,-1,-1,-1
69,10174,173.33,82.82,48.94,185.85,1,-1,-1,-1
69,10175,390.24,95.38,61.04,181.83,1,-1,-1,-1
70,10167,439.72,97.91,74.23,186.64,1,-1,-1,-1
70,10169,553.74,92.26,83.08,202.41,1,-1,-1,-1
70,10174,175.36,85.44,48.37,184.13,1,-1,-1,-1
70,10175,386.96,87.73,61.91,184.64,1,-1,-1,-1
71,10167,441.98,97.14,74.47,187.67,1,-1,-1,-1
71,10169,555.42,91.33,82.31,202.02,1,-1,-1,-1
71,10174,176.17,86.45,48.09,183.46,1,-1,-1,-1
71,10175,385.92,85.12,62.16,185.63,1,-1,-1,-1
72,10167,442.78,96.86,74.47,188.05,1,-1,-1,-1
72,10169,556.10,90.99,81.71,201.88,1,-1,-1,-1
72,10174,176.50,86.83,47.93,183.20,1,-1,-1,-1
72,10175,385.66,84.28,62.20,185.98,1,-1,-1,-1
73,10167,450.67,101.32,72.05,182.98,1,-1,-1,-1
73,10169,558.02,91.53,80.59,201.19,1,-1,-1,-1
73,10174,176.30,84.36,47.86,181.14,1,-1,-1,-1
73,10175,380.03,86.77,61.28,182.72,1,-1,-1,-1
74,10167,453.67,103.05,70.91,181.02,1,-1,-1,-1
74,10169,558.86,91.74,79.74,200.94,1,-1,-1,-1
74,10174,176.09,83.42,48.08,180.36,1,-1,-1,-1
74,10175,377.96,87.79,61.04,181.50,1,-1,-1,-1
75,10167,454.79,103.70,70.28,180.29,1,-1,-1,-1
75,10169,559.28,91.83,79.04,200.86,1,-1,-1,-1
75,10174,175.90,83.07,48.38,180.07,1,-1,-1,-1
75,10175,377.24,88.22,61.05,181.06,1,-1,-1,-1
76,10167,455.19,103.94,69.88,180.02,1,-1,-1,-1
76,10169,559.53,91.87,78.43,200.84,1,-1,-1,-1
76,10174,175.72,82.94,48.70,179.96,1,-1,-1,-1
76,10175,377.00,88.42,61.16,180.91,1,-1,-1,-1
77,10167,459.03,100.10,70.64,180.58,1,-1,-1,-1
77,10169,561.67,97.13,75.28,192.99,1,-1,-1,-1
77,10174,181.65,84.87,47.94,174.04,1,-1,-1,-1
77,10175,372.89,94.50,60.09,176.22,1,-1,-1,-1
78,10167,460.24,98.65,71.22,180.80,1,-1,-1,-1
78,10169,562.40,99.14,74.05,190.01,1,-1,-1,-1
78,10174,183.69,85.61,48.08,171.79,1,-1,-1,-1
78,10175,371.28,96.83,59.97,174.47,1,-1,-1,-1
79,10167,460.47,98.11,71.70,180.89,1,-1,-1,-1
79,10169,562.63,99.87,73.57,188.94,1,-1,-1,-1
79,10174,184.23,85.88,48.53,170.98,1,-1,-1,-1
79,10175,370.62,97.68,60.21,173.85,1,-1,-1,-1
80,10167,460.35,97.91,72.12,180.92,1,-1,-1,-1
80,10169,562.67,100.13,73.37,188.58,1,-1,-1,-1
80,10174,184.22,85.98,49.07,170.70,1,-1,-1,-1
80,10175,370.32,97.99,60.56,173.65,1,-1,-1,-1
81,10167,471.95,97.85,73.64,184.86,1,-1,-1,-1
81,10169,562.01,102.84,72.58,187.83,1,-1,-1,-1
81,10174,183.46,84.70,49.41,170.63,1,-1,-1,-1
81,10175,364.05,96.78,59.90,168.98,1,-1,-1,-1
82,10167,476.26,97.84,74.18,186.34,1,-1,-1,-1
82,10169,561.83,103.84,72.04,187.58,1,-1,-1,-1
82,10174,183.06,84.22,49.74,170.62,1,-1,-1,-1
82,10175,361.50,96.30,60.18,167.26,1,-1,-1,-1
83,10167,477.82,97.84,74.36,186.90,1,-1,-1,-1
83,10169,561.84,104.20,71.61,187.52,1,-1,-1,-1
83,10174,182.79,84.04,50.05,170.65,1,-1,-1,-1
83,10175,360.39,96.13,60.77,166.66,1,-1,-1,-1
84,10167,478.31,97.85,74.40,187.10,1,-1,-1,-1
84,10169,561.91,104.31,71.25,187.53,1,-1,-1,-1
84,10174,182.60,83.98,50.33,170.68,1,-1,-1,-1
84,10175,359.82,96.06,61.45,166.48,1,-1,-1,-1
85,10167,486.77,99.17,72.00,180.66,1,-1,-1,-1
85,10169,559.34,108.92,64.45,171.82,1,-1,-1,-1
85,10174,183.95,88.54,49.53,166.12,1,-1,-1,-1
85,10175,355.80,92.73,63.52,171.73,1,-1,-1,-1
86,10167,489.84,99.68,71.15,178.17,1,-1,-1,-1
86,10169,558.47,110.66,61.47,165.80,1,-1,-1,-1
86,10174,184.30,90.28,49.50,164.41,1,-1,-1,-1
86,10175,354.31,91.50,64.36,173.70,1,-1,-1,-1
87,10167,490.84,99.87,70.91,177.26,1,-1,-1,-1
87,10169,558.34,111.24,60.05,163.74,1,-1,-1,-1
87,10174,184.28,90.92,49.76,163.81,1,-1,-1,-1
87,10175,353.77,91.04,64.75,174.47,1,-1,-1,-1
88,10167,491.08,99.95,70.89,176.93,1,-1,-1,-1
88,10169,558.46,111.42,59.22,163.07,1,-1,-1,-1
88,10174,184.15,91.14,50.10,163.61,1,-1,-1,-1
88,10175,353.61,90.87,64.96,174.77,1,-1,-1,-1
89,10167,509.44,101.94,70.22,171.57,1,-1,-1,-1
89,10169,558.71,112.36,58.37,160.73,1,-1,-1,-1
89,10174,186.96,91.86,50.39,162.25,1,-1,-1,-1
89,10175,350.51,90.82,64.68,173.58,1,-1,-1,-1
90,10167,516.32,102.04,71.22,171.55,1,-1,-1,-1
90,10174,187.82,90.80,50.86,162.43,1,-1,-1,-1
90,10175,349.83,92.13,64.36,172.48,1,-1,-1,-1
91,10167,518.47,102.07,72.14,171.56,1,-1,-1,-1
91,10174,188.01,90.39,51.27,162.52,1,-1,-1,-1
91,10175,349.61,92.63,64.28,172.07,1,-1,-1,-1
92,10167,518.88,102.08,72.97,171.59,1,-1,-1,-1
92,10174,187.96,90.23,51.63,162.59,1,-1,-1,-1
92,10175,349.56,92.83,64.30,171.93,1,-1,-1,-1
93,10167,521.32,98.79,73.02,170.97,1,-1,-1,-1
93,10174,190.26,89.50,51.66,162.63,1,-1,-1,-1
93,10175,336.54,96.83,64.23,167.30,1,-1,-1,-1
94,10167,522.02,97.55,73.22,170.76,1,-1,-1,-1
94,10174,191.10,89.22,51.70,162.67,1,-1,-1,-1
94,10175,331.22,98.36,65.04,165.55,1,-1,-1,-1
95,10167,522.08,97.09,73.45,170.70,1,-1,-1,-1
95,10174,191.38,89.11,51.73,162.70,1,-1,-1,-1
95,10175,328.93,98.91,66.14,164.93,1,-1,-1,-1
96,10167,521.92,96.93,73.68,170.70,1,-1,-1,-1
96,10174,191.46,89.06,51.75,162.73,1,-1,-1,-1
96,10175,327.80,99.11,67.27,164.72,1,-1,-1,-1
97,10167,526.15,100.15,74.13,168.75,1,-1,-1,-1
97,10174,191.57,89.05,52.86,166.03,1,-1,-1,-1
97,10175,323.91,96.54,68.87,168.60,1,-1,-1,-1
97,10176,389.00,112.00,46.00,142.00,1,-1,-1,-1
98,10167,527.31,101.38,74.98,168.03,1,-1,-1,-1
98,10174,191.58,89.04,53.30,167.28,1,-1,-1,-1
98,10175,322.51,95.58,69.49,170.07,1,-1,-1,-1
98,10176,389.00,112.00,46.00,142.00,1,-1,-1,-1
99,10167,527.34,101.84,75.92,167.79,1,-1,-1,-1
99,10174,191.55,89.03,53.50,167.76,1,-1,-1,-1
99,10175,322.05,95.20,69.73,170.64,1,-1,-1,-1
99,10176,389.00,112.00,46.00,142.00,1,-1,-1,-1
100,10167,526.97,102.00,76.83,167.71,1,-1,-1,-1
100,10174,191.50,89.03,53.60,167.94,1,-1,-1,-1
100,10175,321.95,95.06,69.83,170.86,1,-1,-1,-1
100,10176,389.00,112.00,46.00,142.00,1,-1,-1,-1
101,10167,524.55,107.31,71.75,161.15,1,-1,-1,-1
101,10169,501.82,113.16,56.10,154.66,1,-1,-1,-1
101,10174,191.92,89.68,53.38,167.35,1,-1,-1,-1
101,10175,317.01,91.09,70.68,174.86,1,-1,-1,-1
101,10176,388.63,110.55,46.01,141.28,1,-1,-1,-1
101,10177,548.00,102.00,70.00,171.00,1,-1,-1,-1
102,10167,521.93,109.98,67.64,156.68,1,-1,-1,-1
102,10169,498.75,113.16,56.06,155.86,1,-1,-1,-1
102,10174,192.34,90.57,52.75,165.17,1,-1,-1,-1
102,10175,313.23,89.60,70.41,175.07,1,-1,-1,-1
102,10176,388.48,109.35,46.78,143.15,1,-1,-1,-1
102,10177,549.85,102.00,68.87,168.43,1,-1,-1,-1
103,10167,521.45,110.94,65.05,155.08,1,-1,-1,-1
103,10169,497.78,113.16,55.86,156.31,1,-1,-1,-1
103,10174,192.46,90.91,52.55,164.34,1,-1,-1,-1
103,10175,311.94,89.04,70.12,175.14,1,-1,-1,-1
103,10176,388.37,108.94,47.17,143.82,1,-1,-1,-1
103,10177,550.20,102.00,68.59,168.00,1,-1,-1,-1
104,10167,521.74,111.27,63.11,154.53,1,-1,-1,-1
104,10169,497.58,113.15,55.64,156.50,1,-1,-1,-1
104,10174,192.48,91.03,52.51,164.04,1,-1,-1,-1
104,10175,311.61,88.84,69.84,175.15,1,-1,-1,-1
104,10176,388.27,108.82,47.42,144.05,1,-1,-1,-1
104,10177,550.35,102.00,68.41,167.89,1,-1,-1,-1
105,10167,518.94,107.40,63.52,160.32,1,-1,-1,-1
105,10169,497.00,110.52,56.14,158.56,1,-1,-1,-1
105,10174,191.15,91.07,52.52,163.93,1,-1,-1,-1
105,10175,306.67,87.48,69.73,176.45,1,-1,-1,-1
105,10176,387.46,113.51,46.37,139.39,1,-1,-1,-1
105,10177,557.13,95.46,71.56,177.32,1,-1,-1,-1
105,10178,466.00,125.00,54.00,139.00,1,-1,-1,-1
106,10167,518.44,105.96,62.59,162.48,1,-1,-1,-1
106,10169,496.91,109.53,56.22,159.35,1,-1,-1,-1
106,10174,190.62,91.08,52.55,163.90,1,-1,-1,-1
106,10175,305.03,86.98,69.36,176.94,1,-1,-1,-1
106,10176,387.01,115.29,46.27,137.64,1,-1,-1,-1
106,10177,559.71,93.25,72.07,180.53,1,-1,-1,-1
106,10178,466.00,125.00,54.00,139.00,1,-1,-1,-1
107,10167,518.70,105.39,61.29,163.34,1,-1,-1,-1
107,10169,497.01,109.15,56.16,159.66,1,-1,-1,-1
107,10174,190.40,91.08,52.59,163.89,1,-1,-1,-1
107,10175,304.63,86.80,68.91,177.11,1,-1,-1,-1
107,10176,386.72,115.92,46.51,137.02,1,-1,-1,-1
107,10177,560.84,92.51,71.66,181.61,1,-1,-1,-1
107,10178,466.00,125.00,54.00,139.00,1,-1,-1,-1
108,10167,519.22,105.17,59.94,163.67,1,-1,-1,-1
108,10169,497.17,109.01,56.06,159.79,1,-1,-1,-1
108,10174,190.30,91.07,52.63,163.90,1,-1,-1,-1
108,10175,304.69,86.75,68.47,177.16,1,-1,-1,-1
108,10176,386.48,116.14,46.88,136.82,1,-1,-1,-1
108,10177,561.46,92.32,70.91,181.90,1,-1,-1,-1
108,10178,466.00,125.00,54.00,139.00,1,-1,-1,-1
109,10167,519.82,109.65,56.65,155.33,1,-1,-1,-1
109,10169,495.10,108.89,55.98,159.57,1,-1,-1,-1
109,10174,189.79,90.42,52.93,165.21,1,-1,-1,-1
109,10175,304.55,92.61,66.14,171.96,1,-1,-1,-1
109,10176,385.09,112.21,48.96,142.09,1,-1,-1,-1
109,10177,571.45,99.01,67.67,176.56,1,-1,-1,-1
109,10178,471.87,126.45,56.02,139.72,1,-1,-1,-1
110,10167,520.05,110.12,56.31,154.39,1,-1,-1,-1
110,10174,190.36,90.16,52.80,165.06,1,-1,-1,-1
110,10175,304.43,95.53,64.24,167.98,1,-1,-1,-1
110,10176,385.26,110.75,49.69,143.38,1,-1,-1,-1
110,10177,576.92,100.93,66.21,176.48,1,-1,-1,-1
110,10178,472.59,126.94,57.90,139.27,1,-1,-1,-1
111,10174,190.60,90.06,52.71,165.00,1,-1,-1,-1
111,10175,304.55,96.62,63.34,166.50,1,-1,-1,-1
111,10176,385.25,110.19,50.13,143.88,1,-1,-1,-1
111,10177,579.27,101.64,64.80,176.42,1,-1,-1,-1
111,10178,472.03,127.10,60.01,139.10,1,-1,-1,-1
112,10174,190.71,90.03,52.63,164.98,1,-1,-1,-1
112,10175,304.73,97.01,62.84,165.97,1,-1,-1,-1
112,10176,385.18,109.98,50.44,144.06,1,-1,-1,-1
112,10177,580.45,101.90,63.44,176.37,1,-1,-1,-1
112,10178,471.03,127.14,62.23,139.03,1,-1,-1,-1
113,10167,503.26,115.48,54.22,144.88,1,-1,-1,-1
113,10174,190.77,89.36,53.21,166.28,1,-1,-1,-1
113,10175,302.19,97.80,62.71,166.45,1,-1,-1,-1
113,10176,386.12,110.57,50.60,144.12,1,-1,-1,-1
113,10177,582.88,101.34,62.08,176.33,1,-1,-1,-1
113,10178,463.02,125.11,63.99,140.36,1,-1,-1,-1
114,10167,500.79,116.08,54.97,143.81,1,-1,-1,-1
114,10174,190.74,89.11,53.52,166.78,1,-1,-1,-1
114,10175,301.36,98.09,62.51,166.64,1,-1,-1,-1
114,10176,386.44,110.80,50.74,144.13,1,-1,-1,-1
114,10177,584.08,101.12,60.80,176.29,1,-1,-1,-1
114,10178,459.67,124.36,65.36,140.85,1,-1,-1,-1
115,10167,499.67,116.29,55.82,143.45,1,-1,-1,-1
115,10174,190.69,89.01,53.71,166.96,1,-1,-1,-1
115,10175,301.17,98.18,62.29,166.73,1,-1,-1,-1
115,10176,386.53,110.89,50.85,144.13,1,-1,-1,-1
115,10177,584.81,101.04,59.60,176.26,1,-1,-1,-1
115,10178,458.07,124.08,66.56,141.03,1,-1,-1,-1
116,10167,503.86,120.97,53.64,136.74,1,-1,-1,-1
116,10174,192.77,88.98,53.50,165.72,1,-1,-1,-1
116,10175,298.68,99.51,61.91,167.43,1,-1,-1,-1
116,10176,387.36,111.58,50.59,144.12,1,-1,-1,-1
116,10177,586.84,102.32,57.44,173.60,1,-1,-1,-1
116,10178,452.02,126.63,64.69,137.77,1,-1,-1,-1
117,10167,504.13,119.34,54.91,139.66,1,-1,-1,-1
117,10174,193.97,88.97,53.24,164.60,1,-1,-1,-1
117,10175,297.20,100.00,61.64,168.36,1,-1,-1,-1
117,10176,389.06,111.19,50.35,144.11,1,-1,-1,-1
117,10177,588.75,102.44,57.48,173.70,1,-1,-1,-1
117,10178,450.36,126.93,63.43,135.86,1,-1,-1,-1
118,10167,504.19,118.74,55.45,140.72,1,-1,-1,-1
118,10174,194.39,88.97,53.19,164.17,1,-1,-1,-1
118,10175,296.85,100.17,61.21,168.72,1,-1,-1,-1
118,10176,389.76,111.05,50.13,144.10,1,-1,-1,-1
118,10178,449.89,127.04,62.76,135.16,1,-1,-1,-1
119,10167,504.21,118.49,55.73,141.17,1,-1,-1,-1
119,10174,194.51,88.97,53.22,164.01,1,-1,-1,-1
119,10175,296.91,100.22,60.76,168.86,1,-1,-1,-1
119,10176,390.07,110.99,49.94,144.09,1,-1,-1,-1
119,10178,449.85,127.07,62.33,134.92,1,-1,-1,-1
120,10167,504.20,118.37,55.91,141.38,1,-1,-1,-1
120,10174,194.52,88.97,53.28,163.96,1,-1,-1,-1
120,10175,297.12,100.22,60.32,168.92,1,-1,-1,-1
120,10176,390.23,110.97,49.75,144.08,1,-1,-1,-1
120,10178,449.96,127.08,62.00,134.84,1,-1,-1,-1
121,10167,501.97,118.31,55.22,140.83,1,-1,-1,-1
121,10174,194.41,88.32,54.16,166.56,1,-1,-1,-1
121,10175,296.17,96.29,59.02,166.33,1,-1,-1,-1
121,10176,391.92,112.28,49.69,144.72,1,-1,-1,-1
121,10178,435.41,119.16,64.10,142.73,1,-1,-1,-1
122,10167,501.26,118.27,54.73,140.66,1,-1,-1,-1
122,10174,194.35,88.08,54.52,167.54,1,-1,-1,-1
122,10175,295.96,94.78,58.34,165.35,1,-1,-1,-1
122,10176,392.62,112.77,49.51,144.96,1,-1,-1,-1
122,10178,430.50,116.24,63.98,145.65,1,-1,-1,-1
123,10167,501.12,118.24,54.33,140.62,1,-1,-1,-1
123,10174,194.31,87.99,54.67,167.91,1,-1,-1,-1
123,10175,296.00,94.22,57.90,165.00,1,-1,-1,-1
123,10176,392.95,112.96,49.30,145.05,1,-1,-1,-1
123,10178,429.06,115.12,63.15,146.78,1,-1,-1,-1
124,10167,501.19,118.21,54.00,140.63,1,-1,-1,-1
124,10174,194.27,87.96,54.74,168.04,1,-1,-1,-1
124,10175,296.13,94.01,57.58,164.87,1,-1,-1,-1
124,10176,393.12,113.02,49.09,145.08,1,-1,-1,-1
124,10178,428.95,114.72,62.11,147.19,1,-1,-1,-1
125,10167,498.03,116.22,54.38,140.65,1,-1,-1,-1
125,10174,194.72,86.64,55.15,169.39,1,-1,-1,-1
125,10175,293.94,90.67,58.10,166.80,1,-1,-1,-1
125,10176,402.36,113.70,50.88,145.73,1,-1,-1,-1
125,10178,426.48,113.85,62.41,147.91,1,-1,-1,-1
126,10167,496.76,115.46,54.73,140.68,1,-1,-1,-1
126,10174,194.89,86.15,55.28,169.89,1,-1,-1,-1
126,10175,293.18,89.42,58.21,167.54,1,-1,-1,-1
126,10176,405.43,113.95,52.39,145.98,1,-1,-1,-1
127,10167,496.22,115.18,55.04,140.71,1,-1,-1,-1
127,10174,194.95,85.97,55.31,170.08,1,-1,-1,-1
127,10175,292.96,88.95,58.18,167.82,1,-1,-1,-1
127,10176,406.18,114.04,53.71,146.06,1,-1,-1,-1
128,10167,495.96,115.06,55.33,140.74,1,-1,-1,-1
128,10174,194.98,85.91,55.30,170.14,1,-1,-1,-1
128,10175,292.95,88.80,58.10,167.93,1,-1,-1,-1
128,10176,406.08,114.07,54.89,146.09,1,-1,-1,-1
129,10167,489.40,115.02,56.62,142.73,1,-1,-1,-1
129,10174,195.65,85.24,55.27,170.80,1,-1,-1,-1
129,10175,291.98,91.36,58.10,166.67,1,-1,-1,-1
129,10176,405.48,116.03,57.02,147.40,1,-1,-1,-1
130,10167,486.82,115.01,57.39,143.48,1,-1,-1,-1
130,10174,195.96,84.99,55.13,171.04,1,-1,-1,-1
130,10175,291.53,92.36,58.33,166.19,1,-1,-1,-1
130,10176,404.77,116.77,58.71,147.89,1,-1,-1,-1
131,10167,485.75,115.00,57.93,143.78,1,-1,-1,-1
131,10174,196.13,84.91,54.95,171.13,1,-1,-1,-1
131,10175,291.29,92.74,58.62,166.01,1,-1,-1,-1
131,10176,404.07,117.04,60.13,148.07,1,-1,-1,-1
132,10167,485.28,115.00,58.36,143.90,1,-1,-1,-1
132,10174,196.24,84.88,54.78,171.15,1,-1,-1,-1
132,10175,291.13,92.88,58.92,165.95,1,-1,-1,-1
132,10176,403.41,117.13,61.38,148.12,1,-1,-1,-1
133,10167,475.36,111.74,59.81,146.55,1,-1,-1,-1
133,10174,196.33,84.88,54.60,171.80,1,-1,-1,-1
133,10175,286.35,96.86,59.37,163.32,1,-1,-1,-1
133,10176,397.45,114.55,61.48,150.09,1,-1,-1,-1
134,10167,471.55,110.51,60.56,147.55,1,-1,-1,-1
134,10174,196.46,84.89,54.33,172.04,1,-1,-1,-1
134,10175,284.20,98.38,60.26,162.32,1,-1,-1,-1
134,10176,395.36,113.57,61.13,150.83,1,-1,-1,-1
135,10167,470.07,110.05,61.03,147.93,1,-1,-1,-1
135,10174,196.59,84.90,54.04,172.12,1,-1,-1,-1
135,10175,283.10,98.93,61.26,161.96,1,-1,-1,-1
135,10176,394.73,113.19,60.65,151.10,1,-1,-1,-1
136,10167,469.48,109.88,61.37,148.07,1,-1,-1,-1
136,10174,196.72,84.91,53.76,172.14,1,-1,-1,-1
136,10175,282.42,99.13,62.23,161.84,1,-1,-1,-1
136,10176,394.64,113.05,60.15,151.18,1,-1,-1,-1
137,10167,466.85,114.39,59.29,142.25,1,-1,-1,-1
137,10174,196.11,83.61,53.66,173.44,1,-1,-1,-1
137,10175,279.50,96.57,64.71,165.74,1,-1,-1,-1
137,10176,392.01,112.34,60.60,152.51,1,-1,-1,-1
138,10167,465.84,116.13,58.65,140.01,1,-1,-1,-1
138,10174,196.01,83.13,53.35,173.93,1,-1,-1,-1
138,10175,278.17,95.60,66.17,167.21,1,-1,-1,-1
138,10176,391.04,112.08,60.72,153.00,1,-1,-1,-1
139,10167,465.44,116.78,58.57,139.19,1,-1,-1,-1
139,10174,196.09,82.95,52.99,174.10,1,-1,-1,-1
139,10175,277.46,95.22,67.20,167.77,1,-1,-1,-1
139,10176,390.69,111.98,60.72,153.17,1,-1,-1,-1
140,10167,465.28,117.01,58.69,138.90,1,-1,-1,-1
140,10174,196.23,82.89,52.63,174.16,1,-1,-1,-1
140,10175,277.00,95.08,68.02,167.98,1,-1,-1,-1
140,10176,390.59,111.95,60.67,153.22,1,-1,-1,-1
141,10167,461.22,117.75,58.96,140.12,1,-1,-1,-1
141,10174,195.17,83.53,52.12,173.51,1,-1,-1,-1
141,10175,270.59,94.37,67.85,166.10,1,-1,-1,-1
141,10176,387.28,111.94,60.70,150.62,1,-1,-1,-1
142,10167,459.81,118.01,58.94,140.59,1,-1,-1,-1
142,10174,194.84,83.78,51.76,173.26,1,-1,-1,-1
142,10175,268.02,94.10,68.09,165.38,1,-1,-1,-1
142,10176,385.76,111.94,61.25,149.61,1,-1,-1,-1
143,10167,459.39,118.11,58.81,140.77,1,-1,-1,-1
143,10174,194.80,83.88,51.47,173.16,1,-1,-1,-1
143,10175,266.96,94.00,68.46,165.11,1,-1,-1,-1
143,10176,384.96,111.94,61.95,149.23,1,-1,-1,-1
144,10167,459.34,118.13,58.67,140.85,1,-1,-1,-1
144,10174,194.85,83.92,51.23,173.11,1,-1,-1,-1
144,10175,266.48,93.97,68.86,165.01,1,-1,-1,-1
144,10176,384.45,111.95,62.66,149.08,1,-1,-1,-1
145,10167,457.44,112.90,60.53,146.77,1,-1,-1,-1
145,10174,192.87,84.59,50.59,171.78,1,-1,-1,-1
145,10175,261.16,92.00,68.90,165.63,1,-1,-1,-1
145,10176,384.58,110.65,63.62,150.34,1,-1,-1,-1
145,10179,28.00,113.00,47.00,171.00,1,-1,-1,-1
146,10167,456.92,110.95,60.88,148.99,1,-1,-1,-1
146,10174,192.19,84.85,50.21,171.28,1,-1,-1,-1
146,10175,259.25,91.26,68.80,165.86,1,-1,-1,-1
146,10176,384.54,110.16,64.21,150.81,1,-1,-1,-1
146,10179,28.00,113.00,47.00,171.00,1,-1,-1,-1
147,10167,456.92,110.20,60.73,149.83,1,-1,-1,-1
147,10174,192.00,84.95,49.95,171.08,1,-1,-1,-1
147,10175,258.63,90.98,68.67,165.95,1,-1,-1,-1
147,10176,384.43,109.98,64.64,150.98,1,-1,-1,-1
147,10179,28.00,113.00,47.00,171.00,1,-1,-1,-1
148,10167,457.10,109.92,60.39,150.14,1,-1,-1,-1
148,10174,191.99,84.98,49.75,171.01,1,-1,-1,-1
148,10175,258.50,90.89,68.52,165.99,1,-1,-1,-1
148,10176,384.31,109.92,64.98,151.05,1,-1,-1,-1
148,10179,28.00,113.00,47.00,171.00,1,-1,-1,-1
149,10167,457.01,114.37,58.07,145.70,1,-1,-1,-1
149,10174,190.69,85.65,49.02,168.37,1,-1,-1,-1
149,10175,255.86,90.86,67.86,165.35,1,-1,-1,-1
149,10176,394.28,109.25,64.01,153.02,1,-1,-1,-1
149,10178,349.41,114.81,62.54,146.16,1,-1,-1,-1
149,10179,35.98,120.24,46.97,164.48,1,-1,-1,-1
149,10180,431.00,110.00,46.00,152.00,1,-1,-1,-1
150,10167,456.22,114.78,56.81,143.97,1,-1,-1,-1
150,10174,190.28,85.90,48.60,166.71,1,-1,-1,-1
150,10175,254.59,91.52,66.95,163.80,1,-1,-1,-1
150,10176,397.74,110.30,62.34,153.11,1,-1,-1,-1
150,10178,349.63,113.51,60.76,148.90,1,-1,-1,-1
150,10179,41.79,126.34,47.32,160.07,1,-1,-1,-1
150,10180,431.90,109.14,46.78,154.57,1,-1,-1,-1
151,10167,456.12,114.94,56.03,143.32,1,-1,-1,-1
151,10174,190.12,86.00,48.48,166.10,1,-1,-1,-1
151,10175,254.23,91.77,66.46,163.21,1,-1,-1,-1
151,10176,399.49,110.71,60.80,153.14,1,-1,-1,-1
151,10178,350.12,113.14,59.07,149.69,1,-1,-1,-1
151,10179,43.08,128.32,48.60,158.66,1,-1,-1,-1
151,10180,432.04,109.00,46.91,155.00,1,-1,-1,-1
152,10167,456.25,114.99,55.47,143.08,1,-1,-1,-1
152,10174,190.06,86.03,48.47,165.89,1,-1,-1,-1
152,10175,254.21,91.88,66.15,163.00,1,-1,-1,-1
152,10176,400.54,110.87,59.39,153.14,1,-1,-1,-1
152,10178,350.76,113.00,57.72,149.98,1,-1,-1,-1
152,10179,42.83,128.89,50.23,158.26,1,-1,-1,-1
152,10180,432.08,108.96,46.95,155.11,1,-1,-1,-1
153,10167,454.49,118.29,53.71,139.06,1,-1,-1,-1
153,10174,189.69,85.38,48.54,167.13,1,-1,-1,-1
153,10175,253.45,90.61,65.67,163.58,1,-1,-1,-1
153,10176,400.97,111.58,57.44,150.53,1,-1,-1,-1
153,10178,349.60,110.32,56.92,153.38,1,-1,-1,-1
153,10179,52.38,120.78,51.15,157.52,1,-1,-1,-1
153,10180,435.41,108.96,46.80,154.40,1,-1,-1,-1
154,10167,453.91,119.54,52.94,137.54,1,-1,-1,-1
154,10174,189.64,85.14,48.42,167.61,1,-1,-1,-1
154,10175,253.40,90.13,65.11,163.80,1,-1,-1,-1
154,10176,401.35,111.86,56.21,149.52,1,-1,-1,-1
154,10178,349.69,109.32,55.71,154.64,1,-1,-1,-1
154,10179,55.37,117.75,52.23,157.32,1,-1,-1,-1
154,10180,436.53,108.96,46.79,154.14,1,-1,-1,-1
155,10167,453.78,119.99,52.56,136.99,1,-1,-1,-1
155,10174,189.70,85.04,48.23,167.80,1,-1,-1,-1
155,10175,253.59,89.96,64.55,163.89,1,-1,-1,-1
155,10176,401.70,111.96,55.30,149.14,1,-1,-1,-1
155,10178,350.17,108.95,54.51,155.11,1,-1,-1,-1
155,10179,55.97,116.62,53.34,157.31,1,-1,-1,-1
155,10180,436.86,108.97,46.83,154.04,1,-1,-1,-1
156,10167,453.81,120.14,52.34,136.80,1,-1,-1,-1
156,10174,189.80,85.01,48.03,167.88,1,-1,-1,-1
156,10175,253.86,89.90,64.04,163.93,1,-1,-1,-1
156,10176,402.01,112.00,54.56,149.01,1,-1,-1,-1
156,10178,350.75,108.82,53.43,155.26,1,-1,-1,-1
156,10179,55.72,116.20,54.43,157.36,1,-1,-1,-1
156,10180,436.91,108.97,46.90,154.01,1,-1,-1,-1
157,10167,454.01,119.53,53.26,140.04,1,-1,-1,-1
157,10174,190.80,86.30,47.37,165.95,1,-1,-1,-1
157,10175,253.97,90.54,63.25,163.29,1,-1,-1,-1
157,10176,400.56,112.01,54.77,152.23,1,-1,-1,-1
157,10178,344.65,112.71,52.04,150.07,1,-1,-1,-1
157,10179,65.99,111.38,57.86,170.08,1,-1,-1,-1
157,10180,437.85,111.01,47.04,154.00,1,-1,-1,-1
158,10167,454.19,119.29,53.44,141.25,1,-1,-1,-1
158,10174,191.22,86.79,47.06,165.23,1,-1,-1,-1
158,10175,254.18,90.79,62.67,163.06,1,-1,-1,-1
158,10176,400.28,112.02,54.31,153.44,1,-1,-1,-1
158,10178,342.31,114.22,51.68,148.05,1,-1,-1,-1
158,10179,70.01,109.63,58.50,174.71,1,-1,-1,-1
158,10180,438.12,111.76,47.18,153.99,1,-1,-1,-1
159,10167,454.36,119.19,53.36,141.73,1,-1,-1,-1
159,10174,191.41,86.98,46.89,164.96,1,-1,-1,-1
159,10175,254.42,90.89,62.19,162.97,1,-1,-1,-1
159,10176,400.39,112.02,53.66,153.90,1,-1,-1,-1
159,10178,341.43,114.78,51.71,147.31,1,-1,-1,-1
159,10179,71.70,108.96,58.22,176.52,1,-1,-1,-1
159,10180,438.15,112.03,47.32,153.99,1,-1,-1,-1
160,10167,454.52,119.15,53.19,141.91,1,-1,-1,-1
160,10174,191.51,87.04,46.78,164.87,1,-1,-1,-1
160,10175,254.66,90.93,61.78,162.94,1,-1,-1,-1
160,10176,400.64,112.02,52.99,154.07,1,-1,-1,-1
160,10178,341.10,114.98,51.87,147.03,1,-1,-1,-1
160,10179,72.46,108.73,57.61,177.19,1,-1,-1,-1
160,10180,438.09,112.11,47.46,153.99,1,-1,-1,-1
161,10167,455.08,124.34,50.20,133.50,1,-1,-1,-1
161,10174,192.72,86.41,47.01,166.16,1,-1,-1,-1
161,10175,254.45,91.60,60.30,160.98,1,-1,-1,-1
161,10176,399.93,114.62,51.09,150.21,1,-1,-1,-1
161,10178,338.45,114.40,51.85,146.94,1,-1,-1,-1
161,10179,88.01,109.32,57.81,174.16,1,-1,-1,-1
161,10180,439.51,112.80,47.23,152.67,1,-1,-1,-1
162,10167,454.60,124.98,49.92,132.77,1,-1,-1,-1
162,10174,193.45,87.47,46.56,164.70,1,-1,-1,-1
162,10175,254.69,91.20,59.17,160.23,1,-1,-1,-1
162,10176,400.26,114.30,50.46,150.04,1,-1,-1,-1
162,10178,336.68,115.48,51.55,146.25,1,-1,-1,-1
162,10179,97.75,111.53,57.94,168.38,1,-1,-1,-1
162,10180,438.35,112.38,47.17,152.84,1,-1,-1,-1
163,10174,193.52,88.52,46.15,162.83,1,-1,-1,-1
163,10175,255.99,92.37,57.68,158.00,1,-1,-1,-1
163,10176,400.07,114.83,49.54,148.67,1,-1,-1,-1
163,10178,335.93,118.52,50.43,143.37,1,-1,-1,-1
163,10179,101.50,116.36,58.82,163.52,1,-1,-1,-1
163,10180,438.86,113.53,46.55,150.26,1,-1,-1,-1
163,10181,362.00,115.00,43.00,150.00,1,-1,-1,-1
164,10174,193.81,88.92,46.12,162.80,1,-1,-1,-1
164,10175,257.34,93.46,56.76,156.51,1,-1,-1,-1
164,10176,399.27,115.68,48.68,147.50,1,-1,-1,-1
164,10178,334.71,118.99,50.06,142.30,1,-1,-1,-1
164,10179,106.41,118.83,59.71,160.38,1,-1,-1,-1
164,10180,438.03,113.96,46.32,148.64,1,-1,-1,-1
165,10174,193.92,89.06,46.10,162.80,1,-1,-1,-1
165,10175,257.86,93.21,56.42,156.63,1,-1,-1,-1
165,10176,399.75,113.36,49.41,150.35,1,-1,-1,-1
165,10178,332.31,116.52,50.62,143.89,1,-1,-1,-1
165,10179,108.87,115.76,62.43,164.54,1,-1,-1,-1
165,10180,434.92,112.78,47.20,150.69,1,-1,-1,-1
166,10174,193.07,88.45,46.56,164.77,1,-1,-1,-1
166,10175,257.61,92.46,55.92,156.69,1,-1,-1,-1
166,10176,398.97,111.84,49.67,152.07,1,-1,-1,-1
166,10178,330.90,114.28,51.32,146.46,1,-1,-1,-1
166,10179,110.26,111.37,64.21,166.73,1,-1,-1,-1
166,10180,433.30,112.99,47.12,149.50,1,-1,-1,-1
167,10174,192.78,88.21,46.69,165.52,1,-1,-1,-1
167,10175,257.66,92.17,55.45,156.73,1,-1,-1,-1
167,10176,398.76,111.26,49.60,152.73,1,-1,-1,-1
167,10178,330.47,113.43,51.48,147.44,1,-1,-1,-1
167,10179,110.38,109.69,65.40,167.57,1,-1,-1,-1
167,10180,432.60,113.06,47.26,149.05,1,-1,-1,-1
168,10174,192.69,88.12,46.69,165.82,1,-1,-1,-1
168,10175,257.81,92.06,55.03,156.76,1,-1,-1,-1
168,10176,398.76,111.04,49.42,152.97,1,-1,-1,-1
168,10178,330.41,113.11,51.45,147.81,1,-1,-1,-1
168,10179,110.04,109.06,66.31,167.89,1,-1,-1,-1
168,10180,432.27,113.09,47.46,148.90,1,-1,-1,-1
169,10174,192.93,88.73,46.78,165.27,1,-1,-1,-1
169,10175,257.53,91.37,54.93,156.78,1,-1,-1,-1
169,10176,393.14,113.57,48.87,151.11,1,-1,-1,-1
169,10178,329.56,113.64,51.26,147.30,1,-1,-1,-1
169,10179,117.31,102.31,67.89,174.53,1,-1,-1,-1
169,10180,436.07,119.00,46.27,142.29,1,-1,-1,-1
170,10174,192.97,88.96,46.94,165.07,1,-1,-1,-1
170,10175,257.46,91.10,54.85,156.80,1,-1,-1,-1
170,10176,391.00,114.54,48.69,150.39,1,-1,-1,-1
170,10178,329.29,113.85,51.17,147.11,1,-1,-1,-1
170,10179,120.26,99.79,67.90,177.02,1,-1,-1,-1
170,10180,437.30,121.24,46.28,139.78,1,-1,-1,-1
171,10174,192.92,89.04,47.12,165.00,1,-1,-1,-1
171,10175,257.46,91.01,54.77,156.82,1,-1,-1,-1
171,10176,390.20,114.90,48.64,150.12,1,-1,-1,-1
171,10178,329.24,113.93,51.13,147.03,1,-1,-1,-1
171,10179,121.52,98.85,67.39,177.96,1,-1,-1,-1
171,10180,437.52,122.04,46.73,138.90,1,-1,-1,-1
172,10174,192.85,89.07,47.29,164.97,1,-1,-1,-1
172,10175,257.50,90.97,54.69,156.84,1,-1,-1,-1
172,10176,389.91,115.03,48.64,150.02,1,-1,-1,-1
172,10178,329.27,113.96,51.11,147.01,1,-1,-1,-1
172,10179,122.10,98.53,66.72,178.30,1,-1,-1,-1
172,10180,437.39,122.31,47.31,138.60,1,-1,-1,-1
173,10167,393.87,112.47,55.71,153.31,1,-1,-1,-1
173,10174,193.52,86.46,48.57,169.54,1,-1,-1,-1
173,10175,254.92,90.31,54.64,158.16,1,-1,-1,-1
173,10176,380.12,113.76,49.11,152.60,1,-1,-1,-1
173,10178,325.87,113.32,50.81,146.34,1,-1,-1,-1
173,10179,122.14,82.22,72.44,197.86,1,-1,-1,-1
173,10180,431.09,119.74,49.44,143.81,1,-1,-1,-1
174,10167,392.32,111.98,54.58,154.11,1,-1,-1,-1
174,10174,193.78,85.48,49.04,171.25,1,-1,-1,-1
174,10175,254.09,90.06,54.34,158.67,1,-1,-1,-1
174,10176,376.55,113.29,49.08,153.57,1,-1,-1,-1
174,10178,324.64,113.08,50.65,146.09,1,-1,-1,-1
174,10179,122.66,76.19,73.58,205.10,1,-1,-1,-1
174,10180,428.66,118.77,50.43,145.75,1,-1,-1,-1
175,10167,388.57,111.45,54.93,155.08,1,-1,-1,-1
175,10174,194.40,86.40,48.82,169.95,1,-1,-1,-1
175,10175,253.17,89.97,54.18,159.52,1,-1,-1,-1
175,10176,373.64,113.75,49.02,152.63,1,-1,-1,-1
175,10178,323.57,112.99,51.24,147.96,1,-1,-1,-1
175,10179,125.47,73.51,74.58,207.89,1,-1,-1,-1
175,10180,427.47,119.69,50.70,145.21,1,-1,-1,-1
176,10174,193.92,86.11,49.51,172.70,1,-1,-1,-1
176,10175,251.74,89.94,53.68,159.19,1,-1,-1,-1
176,10176,372.54,113.27,49.09,152.92,1,-1,-1,-1
176,10178,322.11,112.96,51.04,148.02,1,-1,-1,-1
176,10179,148.62,91.17,66.24,189.21,1,-1,-1,-1
176,10180,427.27,118.06,51.62,146.97,1,-1,-1,-1
177,10174,192.70,86.00,50.55,176.32,1,-1,-1,-1
177,10175,250.39,88.63,53.86,161.02,1,-1,-1,-1
177,10176,372.27,113.75,48.95,151.72,1,-1,-1,-1
177,10178,321.28,112.30,50.95,148.69,1,-1,-1,-1
177,10179,154.06,97.47,61.93,179.26,1,-1,-1,-1
177,10180,426.75,117.44,52.24,147.64,1,-1,-1,-1
178,10174,192.23,85.96,50.94,177.68,1,-1,-1,-1
178,10175,250.01,88.14,53.70,161.71,1,-1,-1,-1
178,10176,372.16,113.93,49.02,151.26,1,-1,-1,-1
178,10178,321.09,112.05,50.75,148.94,1,-1,-1,-1
178,10179,156.09,99.60,60.04,175.88,1,-1,-1,-1
178,10180,426.47,117.20,52.67,147.89,1,-1,-1,-1
179,10174,192.05,85.95,51.08,178.18,1,-1,-1,-1
179,10175,250.00,87.96,53.42,161.97,1,-1,-1,-1
179,10176,372.11,113.99,49.16,151.09,1,-1,-1,-1
179,10178,321.14,111.96,50.51,149.03,1,-1,-1,-1
179,10179,156.92,100.39,58.99,174.66,1,-1,-1,-1
179,10180,426.28,117.10,53.02,147.99,1,-1,-1,-1
