1,8992,654.60,245.18,215.54,649.01,1,-1,-1,-1
45,8993,1218.00,402.00,146.00,348.00,1,-1,-1,-1
46,8993,1218.00,402.00,146.00,348.00,1,-1,-1,-1
47,8993,1218.00,402.00,146.00,348.00,1,-1,-1,-1
48,8993,1218.00,402.00,146.00,348.00,1,-1,-1,-1
49,8993,1218.00,402.00,146.00,348.00,1,-1,-1,-1
50,8993,1218.00,402.00,146.00,348.00,1,-1,-1,-1
51,8993,1218.00,402.00,146.00,348.00,1,-1,-1,-1
52,8993,1218.00,402.00,146.00,348.00,1,-1,-1,-1
53,8993,1218.00,402.00,146.00,348.00,1,-1,-1,-1
54,8993,1218.00,402.00,146.00,348.00,1,-1,-1,-1
55,8993,1218.00,402.00,146.00,348.00,1,-1,-1,-1
56,8993,1217.68,409.97,150.63,362.62,1,-1,-1,-1
57,8993,1218.02,412.92,151.42,368.02,1,-1,-1,-1
58,8993,1218.57,414.02,150.87,370.04,1,-1,-1,-1
59,8993,1219.17,414.40,149.87,370.74,1,-1,-1,-1
60,8993,1219.75,414.51,148.75,370.93,1,-1,-1,-1
61,8993,1220.30,414.52,147.65,370.94,1,-1,-1,-1
62,8993,1220.82,414.49,146.61,370.89,1,-1,-1,-1
63,8993,1221.29,414.45,145.64,370.82,1,-1,-1,-1
64,8993,1221.72,414.41,144.75,370.74,1,-1,-1,-1
65,8993,1222.12,414.37,143.94,370.67,1,-1,-1,-1
66,8993,1222.48,414.33,143.20,370.61,1,-1,-1,-1
67,8993,1222.43,414.86,143.58,371.58,1,-1,-1,-1
177,8994,1596.00,320.00,196.00,644.00,1,-1,-1,-1
178,8994,1596.00,320.00,196.00,644.00,1,-1,-1,-1
179,8994,1596.00,320.00,196.00,644.00,1,-1,-1,-1
180,8994,1596.00,320.00,196.00,644.00,1,-1,-1,-1
181,8994,1596.00,320.00,196.00,644.00,1,-1,-1,-1
182,8994,1596.00,320.00,196.00,644.00,1,-1,-1,-1
183,8994,1596.00,320.00,196.00,644.00,1,-1,-1,-1
184,8994,1596.00,320.00,196.00,644.00,1,-1,-1,-1
185,8994,1596.00,320.00,196.00,644.00,1,-1,-1,-1
186,8994,1596.00,320.00,196.00,644.00,1,-1,-1,-1
187,8994,1596.00,320.00,196.00,644.00,1,-1,-1,-1
188,8994,1626.61,306.71,182.62,597.49,1,-1,-1,-1
188,8995,1478.00,278.00,168.00,532.00,1,-1,-1,-1
189,8994,1638.10,301.64,177.91,579.74,1,-1,-1,-1
189,8995,1478.00,278.00,168.00,532.00,1,-1,-1,-1
190,8994,1641.84,299.89,176.70,573.63,1,-1,-1,-1
190,8995,1478.00,278.00,168.00,532.00,1,-1,-1,-1
191,8994,1642.86,299.33,176.71,571.65,1,-1,-1,-1
191,8995,1478.00,278.00,168.00,532.00,1,-1,-1,-1
192,8994,1642.90,299.19,177.13,571.15,1,-1,-1,-1
192,8995,1478.00,278.00,168.00,532.00,1,-1,-1,-1
193,8994,1642.62,299.19,177.67,571.18,1,-1,-1,-1
193,8995,1478.00,278.00,168.00,532.00,1,-1,-1,-1
194,8994,1642.24,299.25,178.22,571.38,1,-1,-1,-1
194,8995,1478.00,278.00,168.00,532.00,1,-1,-1,-1
195,8994,1641.85,299.32,178.75,571.62,1,-1,-1,-1
195,8995,1478.00,278.00,168.00,532.00,1,-1,-1,-1
196,8994,1641.48,299.39,179.23,571.86,1,-1,-1,-1
196,8995,1478.00,278.00,168.00,532.00,1,-1,-1,-1
197,8994,1641.15,299.45,179.68,572.08,1,-1,-1,-1
197,8995,1478.00,278.00,168.00,532.00,1,-1,-1,-1
198,8994,1640.85,299.51,180.08,572.27,1,-1,-1,-1
198,8995,1478.00,278.00,168.00,532.00,1,-1,-1,-1
199,8994,1642.73,298.70,179.20,569.47,1,-1,-1,-1
199,8995,1478.00,278.00,168.00,532.00,1,-1,-1,-1
210,8994,1666.66,373.91,174.39,534.11,1,-1,-1,-1
210,8995,1382.83,373.67,184.58,578.86,1,-1,-1,-1
211,8994,1665.16,376.65,178.69,533.09,1,-1,-1,-1
211,8995,1378.69,377.18,186.47,580.58,1,-1,-1,-1
212,8994,1663.68,377.61,182.12,532.71,1,-1,-1,-1
212,8995,1376.95,378.41,187.73,581.18,1,-1,-1,-1
213,8994,1662.32,377.85,184.94,532.64,1,-1,-1,-1
213,8995,1376.21,378.72,188.63,581.33,1,-1,-1,-1
214,8994,1661.11,377.82,187.27,532.71,1,-1,-1,-1
214,8995,1375.90,378.68,189.33,581.31,1,-1,-1,-1
215,8994,1660.07,377.70,189.24,532.81,1,-1,-1,-1
215,8995,1375.77,378.51,189.89,581.23,1,-1,-1,-1
216,8994,1659.17,377.55,190.91,532.92,1,-1,-1,-1
216,8995,1375.72,378.31,190.37,581.13,1,-1,-1,-1
217,8994,1658.39,377.40,192.35,533.02,1,-1,-1,-1
217,8995,1375.70,378.11,190.77,581.03,1,-1,-1,-1
218,8994,1657.72,377.27,193.59,533.12,1,-1,-1,-1
218,8995,1375.70,377.91,191.12,580.94,1,-1,-1,-1
219,8994,1657.12,377.14,194.68,533.20,1,-1,-1,-1
219,8995,1375.71,377.73,191.42,580.85,1,-1,-1,-1
220,8994,1656.60,377.03,195.64,533.28,1,-1,-1,-1
220,8995,1375.73,377.57,191.69,580.77,1,-1,-1,-1
221,8994,1657.48,378.69,195.22,532.12,1,-1,-1,-1
221,8995,1376.99,395.68,186.83,553.32,1,-1,-1,-1
222,8995,1376.61,402.52,186.91,542.70,1,-1,-1,-1
223,8995,1375.59,404.91,188.83,538.85,1,-1,-1,-1
224,8995,1374.42,405.68,191.24,537.48,1,-1,-1,-1
225,8995,1373.27,405.83,193.68,537.05,1,-1,-1,-1
226,8995,1372.20,405.78,195.98,536.96,1,-1,-1,-1
227,8995,1371.23,405.65,198.08,536.99,1,-1,-1,-1
228,8995,1370.34,405.50,200.00,537.07,1,-1,-1,-1
229,8995,1369.54,405.36,201.72,537.15,1,-1,-1,-1
230,8995,1368.82,405.23,203.29,537.23,1,-1,-1,-1
231,8995,1368.17,405.11,204.70,537.30,1,-1,-1,-1
232,8995,1367.60,406.90,204.27,536.18,1,-1,-1,-1
276,8996,1468.00,286.00,224.00,624.00,1,-1,-1,-1
277,8996,1468.00,286.00,224.00,624.00,1,-1,-1,-1
278,8996,1468.00,286.00,224.00,624.00,1,-1,-1,-1
279,8996,1468.00,286.00,224.00,624.00,1,-1,-1,-1
280,8996,1468.00,286.00,224.00,624.00,1,-1,-1,-1
281,8996,1468.00,286.00,224.00,624.00,1,-1,-1,-1
282,8996,1468.00,286.00,224.00,624.00,1,-1,-1,-1
283,8996,1468.00,286.00,224.00,624.00,1,-1,-1,-1
284,8996,1468.00,286.00,224.00,624.00,1,-1,-1,-1
285,8996,1468.00,286.00,224.00,624.00,1,-1,-1,-1
286,8996,1468.00,286.00,224.00,624.00,1,-1,-1,-1
287,8996,1468.00,286.00,224.00,624.00,1,-1,-1,-1
430,8997,374.00,286.00,150.00,338.00,1,-1,-1,-1
431,8997,374.00,286.00,150.00,338.00,1,-1,-1,-1
432,8997,374.00,286.00,150.00,338.00,1,-1,-1,-1
433,8997,374.00,286.00,150.00,338.00,1,-1,-1,-1
434,8997,374.00,286.00,150.00,338.00,1,-1,-1,-1
435,8997,374.00,286.00,150.00,338.00,1,-1,-1,-1
436,8997,374.00,286.00,150.00,338.00,1,-1,-1,-1
437,8997,374.00,286.00,150.00,338.00,1,-1,-1,-1
438,8997,374.00,286.00,150.00,338.00,1,-1,-1,-1
439,8997,374.00,286.00,150.00,338.00,1,-1,-1,-1
440,8997,374.00,286.00,150.00,338.00,1,-1,-1,-1
441,8997,367.52,287.33,160.31,361.92,1,-1,-1,-1
442,8997,365.24,287.82,163.89,370.69,1,-1,-1,-1
443,8997,364.46,288.00,165.09,374.03,1,-1,-1,-1
444,8997,364.26,288.07,165.34,375.20,1,-1,-1,-1
445,8997,364.30,288.09,165.24,375.54,1,-1,-1,-1
446,8997,364.40,288.09,165.02,375.56,1,-1,-1,-1
447,8997,364.53,288.08,164.77,375.48,1,-1,-1,-1
448,8997,364.66,288.08,164.52,375.36,1,-1,-1,-1
449,8997,364.78,288.07,164.29,375.24,1,-1,-1,-1
450,8997,364.90,288.06,164.08,375.13,1,-1,-1,-1
451,8997,365.00,288.06,163.89,375.02,1,-1,-1,-1
452,8997,364.55,288.15,164.60,376.65,1,-1,-1,-1
474,8997,255.98,264.25,203.70,491.25,1,-1,-1,-1
475,8997,257.11,263.74,197.71,493.48,1,-1,-1,-1
476,8997,258.72,263.56,193.24,494.24,1,-1,-1,-1
477,8997,260.30,263.52,189.78,494.39,1,-1,-1,-1
478,8997,261.72,263.53,187.05,494.32,1,-1,-1,-1
479,8997,262.94,263.56,184.84,494.16,1,-1,-1,-1
480,8997,263.98,263.60,183.02,493.99,1,-1,-1,-1
481,8997,264.87,263.63,181.49,493.82,1,-1,-1,-1
482,8997,265.64,263.66,180.19,493.66,1,-1,-1,-1
483,8997,266.32,263.69,179.07,493.51,1,-1,-1,-1
484,8997,266.91,263.72,178.10,493.37,1,-1,-1,-1
485,8997,254.33,288.47,183.94,504.95,1,-1,-1,-1
486,8997,249.20,297.82,186.98,509.27,1,-1,-1,-1
487,8997,246.95,301.38,188.85,510.84,1,-1,-1,-1
488,8997,245.85,302.66,190.19,511.35,1,-1,-1,-1
489,8997,245.23,303.08,191.26,511.45,1,-1,-1,-1
490,8997,244.81,303.16,192.16,511.40,1,-1,-1,-1
491,8997,244.50,303.12,192.94,511.30,1,-1,-1,-1
492,8997,244.23,303.05,193.64,511.19,1,-1,-1,-1
493,8997,244.01,302.96,194.26,511.09,1,-1,-1,-1
494,8997,243.81,302.87,194.82,510.99,1,-1,-1,-1
495,8997,243.63,302.79,195.32,510.89,1,-1,-1,-1
496,8997,242.22,304.06,195.86,512.32,1,-1,-1,-1
518,8997,35.30,207.13,317.61,793.73,1,-1,-1,-1
519,8997,26.50,204.88,328.96,799.81,1,-1,-1,-1
520,8997,22.05,204.15,335.90,801.73,1,-1,-1,-1
521,8997,19.50,203.97,340.58,802.14,1,-1,-1,-1
522,8997,17.87,204.00,343.99,802.00,1,-1,-1,-1
523,8997,16.74,204.11,346.61,801.67,1,-1,-1,-1
524,8997,15.90,204.24,348.69,801.28,1,-1,-1,-1
525,8997,15.27,204.37,350.38,800.88,1,-1,-1,-1
526,8997,14.77,204.50,351.79,800.48,1,-1,-1,-1
527,8997,14.37,204.63,352.98,800.10,1,-1,-1,-1
528,8997,14.05,204.75,353.99,799.74,1,-1,-1,-1
529,8997,9.64,202.76,356.63,805.69,1,-1,-1,-1
529,8998,1346.00,254.00,132.00,342.00,1,-1,-1,-1
530,8998,1346.00,254.00,132.00,342.00,1,-1,-1,-1
531,8998,1346.00,254.00,132.00,342.00,1,-1,-1,-1
532,8998,1346.00,254.00,132.00,342.00,1,-1,-1,-1
533,8998,1346.00,254.00,132.00,342.00,1,-1,-1,-1
534,8998,1346.00,254.00,132.00,342.00,1,-1,-1,-1
535,8998,1346.00,254.00,132.00,342.00,1,-1,-1,-1
536,8998,1346.00,254.00,132.00,342.00,1,-1,-1,-1
537,8998,1346.00,254.00,132.00,342.00,1,-1,-1,-1
538,8998,1346.00,254.00,132.00,342.00,1,-1,-1,-1
539,8998,1346.00,254.00,132.00,342.00,1,-1,-1,-1
540,8998,1350.21,242.04,136.88,352.63,1,-1,-1,-1
541,8998,1351.53,237.61,139.15,356.57,1,-1,-1,-1
542,8998,1351.81,235.96,140.42,358.03,1,-1,-1,-1
543,8998,1351.70,235.40,141.28,358.54,1,-1,-1,-1
544,8998,1351.45,235.24,141.94,358.68,1,-1,-1,-1
545,8998,1351.17,235.23,142.51,358.68,1,-1,-1,-1
546,8998,1350.89,235.28,143.02,358.64,1,-1,-1,-1
547,8998,1350.63,235.34,143.47,358.59,1,-1,-1,-1
548,8998,1350.39,235.40,143.89,358.54,1,-1,-1,-1
549,8998,1350.17,235.45,144.27,358.49,1,-1,-1,-1
550,8998,1349.97,235.51,144.62,358.44,1,-1,-1,-1
551,8998,1362.22,219.88,156.62,385.82,1,-1,-1,-1
552,8998,1366.48,214.09,161.63,395.97,1,-1,-1,-1
553,8998,1367.89,211.87,164.05,399.89,1,-1,-1,-1
554,8998,1368.17,211.08,165.38,401.30,1,-1,-1,-1
555,8998,1368.02,210.86,166.23,401.73,1,-1,-1,-1
556,8998,1367.74,210.84,166.87,401.78,1,-1,-1,-1
557,8998,1367.43,210.90,167.39,401.70,1,-1,-1,-1
558,8998,1367.12,210.98,167.85,401.58,1,-1,-1,-1
559,8998,1366.83,211.07,168.25,401.45,1,-1,-1,-1
560,8998,1366.57,211.15,168.61,401.32,1,-1,-1,-1
561,8998,1366.32,211.23,168.94,401.20,1,-1,-1,-1
562,8998,1372.35,207.40,176.26,418.00,1,-1,-1,-1
563,8998,1374.53,205.98,179.13,424.28,1,-1,-1,-1
564,8998,1375.28,205.47,180.32,426.63,1,-1,-1,-1
565,8998,1375.47,205.32,180.84,427.42,1,-1,-1,-1
566,8998,1375.45,205.31,181.10,427.62,1,-1,-1,-1
567,8998,1375.36,205.34,181.24,427.60,1,-1,-1,-1
568,8998,1375.25,205.39,181.33,427.50,1,-1,-1,-1
569,8998,1375.14,205.44,181.41,427.38,1,-1,-1,-1
570,8998,1375.04,205.49,181.47,427.26,1,-1,-1,-1
571,8998,1374.94,205.54,181.52,427.15,1,-1,-1,-1
572,8998,1374.85,205.58,181.57,427.04,1,-1,-1,-1
573,8998,1375.51,204.92,182.28,428.70,1,-1,-1,-1
573,8999,1498.00,204.00,198.00,504.00,1,-1,-1,-1
574,8999,1498.00,204.00,198.00,504.00,1,-1,-1,-1
575,8999,1498.00,204.00,198.00,504.00,1,-1,-1,-1
576,8999,1498.00,204.00,198.00,504.00,1,-1,-1,-1
577,8999,1498.00,204.00,198.00,504.00,1,-1,-1,-1
578,8999,1498.00,204.00,198.00,504.00,1,-1,-1,-1
579,8999,1498.00,204.00,198.00,504.00,1,-1,-1,-1
580,8999,1498.00,204.00,198.00,504.00,1,-1,-1,-1
581,8999,1498.00,204.00,198.00,504.00,1,-1,-1,-1
582,8999,1498.00,204.00,198.00,504.00,1,-1,-1,-1
583,8999,1498.00,204.00,198.00,504.00,1,-1,-1,-1
584,8999,1494.42,210.64,207.82,538.55,1,-1,-1,-1
585,8999,1494.28,213.08,209.07,551.22,1,-1,-1,-1
586,8999,1495.28,214.01,207.44,556.05,1,-1,-1,-1
587,8999,1496.66,214.33,204.82,557.74,1,-1,-1,-1
588,8999,1498.10,214.43,201.98,558.22,1,-1,-1,-1
589,8999,1499.49,214.43,199.19,558.26,1,-1,-1,-1
590,8999,1500.79,214.41,196.58,558.13,1,-1,-1,-1
591,8999,1502.00,214.38,194.16,557.97,1,-1,-1,-1
592,8999,1503.10,214.34,191.93,557.79,1,-1,-1,-1
593,8999,1504.11,214.31,189.90,557.62,1,-1,-1,-1
594,8999,1505.04,214.28,188.04,557.47,1,-1,-1,-1
595,8998,1595.50,193.97,248.63,594.77,1,-1,-1,-1
595,8999,1504.73,214.73,188.83,559.82,1,-1,-1,-1
596,8998,1601.46,193.80,247.36,598.17,1,-1,-1,-1
597,8998,1603.92,193.75,245.97,599.28,1,-1,-1,-1
598,8998,1604.94,193.74,244.71,599.52,1,-1,-1,-1
599,8998,1605.35,193.75,243.62,599.42,1,-1,-1,-1
600,8998,1605.49,193.77,242.70,599.21,1,-1,-1,-1
601,8998,1605.52,193.79,241.93,598.97,1,-1,-1,-1
602,8998,1605.48,193.81,241.26,598.72,1,-1,-1,-1
603,8998,1605.41,193.82,240.69,598.49,1,-1,-1,-1
604,8998,1605.33,193.84,240.19,598.27,1,-1,-1,-1
605,8998,1605.24,193.85,239.76,598.06,1,-1,-1,-1
606,8998,1609.54,193.62,241.07,601.35,1,-1,-1,-1
628,9000,836.00,310.00,56.00,192.00,1,-1,-1,-1
629,9000,836.00,310.00,56.00,192.00,1,-1,-1,-1
630,9000,836.00,310.00,56.00,192.00,1,-1,-1,-1
631,9000,836.00,310.00,56.00,192.00,1,-1,-1,-1
632,9000,836.00,310.00,56.00,192.00,1,-1,-1,-1
633,9000,836.00,310.00,56.00,192.00,1,-1,-1,-1
634,9000,836.00,310.00,56.00,192.00,1,-1,-1,-1
635,9000,836.00,310.00,56.00,192.00,1,-1,-1,-1
636,9000,836.00,310.00,56.00,192.00,1,-1,-1,-1
637,9000,836.00,310.00,56.00,192.00,1,-1,-1,-1
638,9000,836.00,310.00,56.00,192.00,1,-1,-1,-1
639,9000,836.00,310.00,56.00,192.00,1,-1,-1,-1
