1,19711,561.34,217.28,54.13,139.86,1,-1,-1,-1
1,19712,434.07,110.29,95.86,228.86,1,-1,-1,-1
1,19713,317.72,95.71,132.85,254.86,1,-1,-1,-1
1,19714,182.00,94.00,68.00,222.00,1,-1,-1,-1
1,19715,566.00,90.00,70.00,188.00,1,-1,-1,-1
2,19709,173.78,96.43,90.51,229.71,1,-1,-1,-1
2,19712,435.47,94.00,100.23,240.00,1,-1,-1,-1
2,19713,318.68,82.00,130.65,253.03,1,-1,-1,-1
2,19715,565.12,91.71,70.04,188.00,1,-1,-1,-1
3,19709,180.68,93.10,90.89,230.68,1,-1,-1,-1
3,19712,439.94,86.04,102.41,246.30,1,-1,-1,-1
3,19713,324.96,75.48,129.86,255.27,1,-1,-1,-1
3,19715,562.64,92.00,71.71,192.50,1,-1,-1,-1
3,19716,82.00,106.00,70.00,220.00,1,-1,-1,-1
4,19712,443.39,85.37,98.27,238.56,1,-1,-1,-1
4,19713,329.93,75.49,126.77,253.14,1,-1,-1,-1
4,19715,562.01,87.68,73.37,196.94,1,-1,-1,-1
4,19716,77.96,87.14,76.37,238.86,1,-1,-1,-1
5,19712,445.01,86.10,95.76,234.89,1,-1,-1,-1
5,19713,332.33,76.13,124.17,252.35,1,-1,-1,-1
5,19715,561.84,86.17,73.92,198.38,1,-1,-1,-1
5,19716,77.05,84.00,77.91,242.00,1,-1,-1,-1
6,19712,445.91,86.88,94.04,233.26,1,-1,-1,-1
6,19713,333.86,76.75,121.68,252.07,1,-1,-1,-1
6,19715,561.82,85.69,74.07,198.76,1,-1,-1,-1
6,19716,76.53,83.14,78.86,242.86,1,-1,-1,-1
7,19712,446.55,87.56,92.63,232.45,1,-1,-1,-1
7,19713,335.12,77.25,119.22,251.98,1,-1,-1,-1
7,19715,561.84,85.58,74.10,198.80,1,-1,-1,-1
7,19716,76.11,83.04,79.69,242.96,1,-1,-1,-1
8,19709,209.45,94.22,88.67,226.87,1,-1,-1,-1
8,19712,447.30,80.44,94.02,235.95,1,-1,-1,-1
8,19713,347.68,81.72,114.29,245.18,1,-1,-1,-1
8,19715,559.48,88.30,73.43,196.02,1,-1,-1,-1
8,19716,75.71,81.10,80.32,244.90,1,-1,-1,-1
8,19717,182.00,86.00,42.00,164.00,1,-1,-1,-1
9,19709,214.33,96.14,86.06,223.65,1,-1,-1,-1
9,19713,353.24,83.60,111.86,244.03,1,-1,-1,-1
9,19715,559.26,89.34,73.25,194.92,1,-1,-1,-1
9,19716,50.94,96.19,77.73,241.25,1,-1,-1,-1
10,19709,216.27,96.72,84.73,222.61,1,-1,-1,-1
10,19713,355.73,84.39,109.86,243.65,1,-1,-1,-1
10,19715,559.13,89.74,73.32,194.49,1,-1,-1,-1
10,19716,46.35,99.13,76.12,240.68,1,-1,-1,-1
11,19709,217.01,96.99,83.89,222.22,1,-1,-1,-1
11,19713,357.08,84.77,108.06,243.55,1,-1,-1,-1
11,19715,559.04,89.89,73.47,194.31,1,-1,-1,-1
11,19716,45.33,100.11,74.64,240.46,1,-1,-1,-1
12,19709,217.25,97.13,83.30,222.08,1,-1,-1,-1
12,19713,357.98,84.98,106.39,243.55,1,-1,-1,-1
12,19715,558.96,89.95,73.65,194.22,1,-1,-1,-1
12,19716,45.57,100.43,73.22,240.36,1,-1,-1,-1
13,19709,217.28,97.24,82.85,222.02,1,-1,-1,-1
13,19713,358.70,85.13,104.83,243.58,1,-1,-1,-1
13,19715,558.89,89.97,73.83,194.18,1,-1,-1,-1
13,19716,46.23,100.50,71.86,240.30,1,-1,-1,-1
14,19709,217.23,97.32,82.49,222.00,1,-1,-1,-1
14,19713,359.33,85.24,103.38,243.62,1,-1,-1,-1
14,19715,558.82,89.98,74.01,194.15,1,-1,-1,-1
14,19716,47.00,100.49,70.56,240.26,1,-1,-1,-1
15,19709,235.83,105.23,78.82,207.61,1,-1,-1,-1
15,19712,475.10,88.87,86.31,216.36,1,-1,-1,-1
15,19713,371.01,85.32,100.92,239.70,1,-1,-1,-1
15,19715,554.09,87.35,72.96,191.50,1,-1,-1,-1
15,19716,25.90,105.74,66.81,224.35,1,-1,-1,-1
15,19718,172.00,86.00,50.00,170.00,1,-1,-1,-1
16,19709,244.60,107.00,77.79,204.75,1,-1,-1,-1
16,19712,477.83,90.42,86.21,216.15,1,-1,-1,-1
16,19713,376.13,85.41,99.75,238.25,1,-1,-1,-1
16,19715,553.31,87.06,72.94,191.43,1,-1,-1,-1
16,19716,16.93,109.06,64.78,212.81,1,-1,-1,-1
16,19718,172.00,86.00,50.00,170.00,1,-1,-1,-1
17,19709,248.64,102.33,79.37,209.06,1,-1,-1,-1
17,19712,487.53,89.35,93.96,230.82,1,-1,-1,-1
17,19713,379.08,85.47,98.37,236.42,1,-1,-1,-1
17,19716,11.67,110.61,64.00,210.26,1,-1,-1,-1
17,19718,171.79,86.00,50.42,171.50,1,-1,-1,-1
18,19704,585.08,99.11,58.25,142.55,1,-1,-1,-1
18,19709,251.75,101.93,79.10,208.05,1,-1,-1,-1
18,19712,490.07,91.55,93.41,227.04,1,-1,-1,-1
18,19713,383.46,85.53,97.72,235.77,1,-1,-1,-1
18,19715,562.55,91.13,67.80,180.10,1,-1,-1,-1
18,19718,171.44,86.00,51.11,173.48,1,-1,-1,-1
19,19704,594.42,94.76,57.63,141.03,1,-1,-1,-1
19,19709,254.42,103.12,78.23,207.71,1,-1,-1,-1
19,19712,489.89,89.92,93.85,228.07,1,-1,-1,-1
19,19713,387.84,84.26,98.41,238.20,1,-1,-1,-1
19,19715,564.09,91.78,66.85,179.70,1,-1,-1,-1
19,19716,10.49,134.59,60.31,188.69,1,-1,-1,-1
19,19718,171.09,84.56,51.82,175.56,1,-1,-1,-1
20,19709,255.44,103.58,77.54,207.61,1,-1,-1,-1
20,19712,489.72,89.37,94.02,228.42,1,-1,-1,-1
20,19713,389.47,83.81,98.50,239.13,1,-1,-1,-1
20,19715,564.82,91.99,66.09,179.55,1,-1,-1,-1
20,19716,9.35,138.10,61.80,185.55,1,-1,-1,-1
20,19718,170.94,84.06,52.13,176.24,1,-1,-1,-1
21,19709,255.82,103.76,76.96,207.59,1,-1,-1,-1
21,19712,489.55,89.21,94.07,228.52,1,-1,-1,-1
21,19713,390.06,83.66,98.39,239.51,1,-1,-1,-1
21,19715,565.26,92.06,65.46,179.53,1,-1,-1,-1
21,19716,8.25,139.22,63.67,184.53,1,-1,-1,-1
21,19718,170.85,83.90,52.30,176.42,1,-1,-1,-1
22,19709,264.30,103.84,79.46,208.93,1,-1,-1,-1
22,19712,500.06,86.59,91.08,224.59,1,-1,-1,-1
22,19713,396.68,87.56,95.83,231.82,1,-1,-1,-1
22,19715,565.52,92.24,65.15,178.69,1,-1,-1,-1
22,19716,5.13,142.62,62.37,180.76,1,-1,-1,-1
22,19718,171.53,85.22,52.29,176.44,1,-1,-1,-1
23,19709,266.84,103.87,81.46,209.45,1,-1,-1,-1
23,19712,504.31,85.65,89.24,223.06,1,-1,-1,-1
23,19713,398.93,89.08,95.17,228.90,1,-1,-1,-1
23,19718,171.79,85.72,52.27,176.41,1,-1,-1,-1
24,19709,267.18,103.89,83.15,209.66,1,-1,-1,-1
24,19712,506.11,85.35,87.92,222.47,1,-1,-1,-1
24,19713,399.53,89.65,95.23,227.86,1,-1,-1,-1
24,19718,171.89,85.90,52.25,176.36,1,-1,-1,-1
25,19709,266.75,103.91,84.63,209.76,1,-1,-1,-1
25,19712,506.97,85.29,86.87,222.24,1,-1,-1,-1
25,19713,399.52,89.86,95.52,227.52,1,-1,-1,-1
25,19718,171.93,85.97,52.22,176.32,1,-1,-1,-1
26,19709,266.08,103.92,85.94,209.80,1,-1,-1,-1
26,19712,507.45,85.31,85.97,222.15,1,-1,-1,-1
26,19713,399.31,89.95,95.89,227.43,1,-1,-1,-1
26,19718,171.95,86.00,52.20,176.28,1,-1,-1,-1
27,19709,265.36,103.93,87.11,209.83,1,-1,-1,-1
27,19712,507.76,85.36,85.18,222.10,1,-1,-1,-1
27,19713,399.04,89.98,96.25,227.43,1,-1,-1,-1
27,19718,171.96,86.01,52.18,176.25,1,-1,-1,-1
28,19709,264.68,103.93,88.16,209.85,1,-1,-1,-1
28,19712,508.00,85.41,84.48,222.08,1,-1,-1,-1
28,19713,398.77,89.99,96.60,227.47,1,-1,-1,-1
28,19718,171.96,86.01,52.17,176.22,1,-1,-1,-1
29,19709,281.79,101.33,85.00,205.95,1,-1,-1,-1
29,19712,515.40,88.09,87.78,224.69,1,-1,-1,-1
29,19713,411.04,82.12,98.08,232.76,1,-1,-1,-1
29,19718,171.80,86.01,52.48,178.83,1,-1,-1,-1
30,19709,288.57,100.34,83.02,204.47,1,-1,-1,-1
30,19712,517.51,89.12,90.25,225.67,1,-1,-1,-1
30,19713,415.80,79.18,98.22,234.76,1,-1,-1,-1
30,19718,171.87,86.01,52.34,179.80,1,-1,-1,-1
31,19709,291.33,99.98,81.57,203.94,1,-1,-1,-1
31,19712,517.69,89.53,92.29,226.03,1,-1,-1,-1
31,19713,417.71,78.08,97.91,235.53,1,-1,-1,-1
31,19718,172.01,86.01,52.05,180.15,1,-1,-1,-1
32,19709,292.56,99.86,80.39,203.76,1,-1,-1,-1
32,19712,517.17,89.70,94.04,226.15,1,-1,-1,-1
32,19713,418.51,77.69,97.45,235.83,1,-1,-1,-1
32,19718,172.17,86.01,51.72,180.26,1,-1,-1,-1
33,19709,293.18,99.83,79.37,203.71,1,-1,-1,-1
33,19712,516.45,89.78,95.59,226.18,1,-1,-1,-1
33,19713,418.87,77.58,96.97,235.95,1,-1,-1,-1
33,19718,172.33,86.01,51.39,180.28,1,-1,-1,-1
34,19709,293.56,99.82,78.46,203.71,1,-1,-1,-1
34,19712,515.71,89.82,96.98,226.19,1,-1,-1,-1
34,19713,419.07,77.56,96.52,235.99,1,-1,-1,-1
34,19718,172.48,86.01,51.09,180.27,1,-1,-1,-1
35,19709,293.83,99.83,77.65,203.73,1,-1,-1,-1
35,19712,514.99,89.85,98.23,226.18,1,-1,-1,-1
35,19713,419.19,77.58,96.09,236.00,1,-1,-1,-1
35,19718,172.62,86.01,50.80,180.25,1,-1,-1,-1
36,19709,311.22,98.54,77.92,205.06,1,-1,-1,-1
36,19712,534.95,93.78,90.74,211.81,1,-1,-1,-1
36,19713,439.30,85.44,93.50,226.88,1,-1,-1,-1
36,19718,171.69,84.70,51.36,182.84,1,-1,-1,-1
37,19709,317.76,98.06,77.90,205.58,1,-1,-1,-1
37,19712,542.86,95.31,87.26,206.24,1,-1,-1,-1
37,19713,446.63,88.48,93.07,223.38,1,-1,-1,-1
37,19718,171.38,84.21,51.48,183.81,1,-1,-1,-1
38,19709,320.16,97.89,77.78,205.78,1,-1,-1,-1
38,19712,545.91,95.86,85.43,204.26,1,-1,-1,-1
38,19713,448.96,89.60,93.45,222.11,1,-1,-1,-1
38,19718,171.31,84.02,51.43,184.16,1,-1,-1,-1
39,19709,320.98,97.84,77.63,205.86,1,-1,-1,-1
39,19712,547.18,96.05,84.26,203.58,1,-1,-1,-1
39,19713,449.47,90.01,94.08,221.68,1,-1,-1,-1
39,19718,171.33,83.96,51.33,184.27,1,-1,-1,-1
40,19709,321.21,97.83,77.49,205.90,1,-1,-1,-1
40,19712,547.78,96.12,83.37,203.37,1,-1,-1,-1
40,19713,449.32,90.14,94.76,221.55,1,-1,-1,-1
40,19718,171.37,83.94,51.22,184.29,1,-1,-1,-1
41,19709,321.22,97.84,77.35,205.92,1,-1,-1,-1
41,19712,548.11,96.13,82.64,203.34,1,-1,-1,-1
41,19713,448.95,90.18,95.42,221.53,1,-1,-1,-1
41,19718,171.42,83.93,51.11,184.29,1,-1,-1,-1
42,19709,321.15,97.85,77.22,205.93,1,-1,-1,-1
42,19712,548.33,96.13,81.99,203.37,1,-1,-1,-1
42,19713,448.53,90.18,96.04,221.55,1,-1,-1,-1
42,19718,171.47,83.93,51.01,184.27,1,-1,-1,-1
43,19709,340.01,97.86,74.47,200.71,1,-1,-1,-1
43,19712,555.19,102.69,79.86,199.48,1,-1,-1,-1
43,19713,450.47,88.86,95.82,218.96,1,-1,-1,-1
43,19718,172.27,83.94,50.72,184.24,1,-1,-1,-1
44,19709,347.28,97.88,73.02,198.73,1,-1,-1,-1
44,19712,557.83,105.16,78.79,198.05,1,-1,-1,-1
44,19713,450.86,88.35,96.23,218.01,1,-1,-1,-1
44,19718,172.65,83.94,50.46,184.22,1,-1,-1,-1
45,19709,350.04,97.89,72.11,198.01,1,-1,-1,-1
45,19712,558.85,106.05,78.14,197.56,1,-1,-1,-1
45,19713,450.72,88.16,96.82,217.69,1,-1,-1,-1
45,19718,172.86,83.95,50.23,184.20,1,-1,-1,-1
46,19709,351.10,97.90,71.44,197.76,1,-1,-1,-1
46,19712,559.27,106.35,77.68,197.42,1,-1,-1,-1
46,19713,450.39,88.08,97.45,217.59,1,-1,-1,-1
46,19718,173.00,83.95,50.02,184.18,1,-1,-1,-1
47,19709,351.52,97.91,70.89,197.69,1,-1,-1,-1
47,19712,559.45,106.43,77.30,197.41,1,-1,-1,-1
47,19713,450.01,88.05,98.05,217.59,1,-1,-1,-1
47,19718,173.11,83.96,49.83,184.16,1,-1,-1,-1
48,19709,351.69,97.92,70.41,197.69,1,-1,-1,-1
48,19712,559.55,106.44,76.98,197.44,1,-1,-1,-1
48,19713,449.65,88.03,98.61,217.61,1,-1,-1,-1
48,19718,173.20,83.96,49.65,184.15,1,-1,-1,-1
49,19709,351.76,97.93,69.99,197.70,1,-1,-1,-1
49,19712,559.60,106.41,76.69,197.48,1,-1,-1,-1
49,19713,449.30,88.03,99.12,217.64,1,-1,-1,-1
49,19718,173.27,83.97,49.50,184.13,1,-1,-1,-1
50,19709,366.96,97.93,69.40,196.42,1,-1,-1,-1
50,19712,561.32,107.09,76.36,196.64,1,-1,-1,-1
50,19713,432.95,93.26,88.45,200.65,1,-1,-1,-1
50,19715,490.24,94.01,88.00,215.78,1,-1,-1,-1
50,19718,173.49,83.97,49.05,182.82,1,-1,-1,-1
51,19709,379.23,97.94,67.73,192.01,1,-1,-1,-1
51,19713,430.11,97.98,81.26,190.07,1,-1,-1,-1
51,19715,487.14,95.26,92.16,213.96,1,-1,-1,-1
51,19718,173.04,83.97,48.65,182.31,1,-1,-1,-1
52,19709,383.74,97.95,67.05,190.37,1,-1,-1,-1
52,19713,429.75,99.65,77.43,186.36,1,-1,-1,-1
52,19715,485.43,95.78,94.99,213.11,1,-1,-1,-1
52,19718,172.94,83.98,48.35,182.12,1,-1,-1,-1
53,19709,385.29,97.95,66.76,189.79,1,-1,-1,-1
53,19713,430.24,100.22,74.90,185.12,1,-1,-1,-1
53,19715,484.34,95.98,97.09,212.75,1,-1,-1,-1
53,19718,172.97,83.98,48.11,182.04,1,-1,-1,-1
54,19709,394.00,96.64,67.20,190.92,1,-1,-1,-1
54,19713,429.48,101.19,73.76,182.29,1,-1,-1,-1
54,19715,498.63,106.40,90.59,197.06,1,-1,-1,-1
54,19718,173.04,83.98,47.90,182.01,1,-1,-1,-1
55,19709,407.05,92.22,67.19,188.75,1,-1,-1,-1
55,19712,576.50,98.92,70.31,188.32,1,-1,-1,-1
55,19715,504.78,109.12,88.46,192.22,1,-1,-1,-1
55,19718,172.22,82.67,48.20,183.31,1,-1,-1,-1
56,19709,411.62,90.56,67.58,187.95,1,-1,-1,-1
56,19712,578.57,98.22,67.80,187.75,1,-1,-1,-1
56,19715,506.99,110.08,87.73,190.48,1,-1,-1,-1
56,19718,171.93,82.18,48.30,183.80,1,-1,-1,-1
57,19709,412.98,89.95,68.07,186.37,1,-1,-1,-1
57,19712,581.24,99.32,63.05,178.28,1,-1,-1,-1
57,19715,507.31,101.18,89.80,199.09,1,-1,-1,-1
57,19718,171.83,82.00,48.31,183.98,1,-1,-1,-1
58,19709,413.03,89.75,68.82,185.80,1,-1,-1,-1
58,19712,582.44,99.74,60.71,174.79,1,-1,-1,-1
58,19715,507.90,97.89,89.61,202.27,1,-1,-1,-1
58,19718,171.80,81.94,48.30,184.05,1,-1,-1,-1
59,19709,412.63,89.69,69.62,185.62,1,-1,-1,-1
59,19712,583.08,99.89,59.36,173.58,1,-1,-1,-1
59,19715,508.52,96.60,88.77,203.51,1,-1,-1,-1
59,19718,171.81,81.92,48.28,184.07,1,-1,-1,-1
60,19709,412.10,89.69,70.38,185.58,1,-1,-1,-1
60,19712,583.49,99.95,58.42,173.20,1,-1,-1,-1
60,19715,509.09,96.12,87.77,203.97,1,-1,-1,-1
60,19718,171.82,81.92,48.25,184.07,1,-1,-1,-1
61,19709,411.55,89.71,71.10,185.59,1,-1,-1,-1
61,19712,583.79,99.98,57.69,173.12,1,-1,-1,-1
61,19715,509.61,95.94,86.80,204.13,1,-1,-1,-1
61,19718,171.83,81.92,48.23,184.07,1,-1,-1,-1
62,19709,411.03,89.74,71.75,185.62,1,-1,-1,-1
62,19712,584.03,99.98,57.08,173.15,1,-1,-1,-1
62,19715,510.06,95.88,85.91,204.18,1,-1,-1,-1
62,19718,171.85,81.93,48.21,184.06,1,-1,-1,-1
63,19709,410.56,89.76,72.34,185.65,1,-1,-1,-1
63,19712,584.24,99.99,56.56,173.21,1,-1,-1,-1
63,19715,510.46,95.87,85.11,204.19,1,-1,-1,-1
63,19718,171.86,81.93,48.19,184.06,1,-1,-1,-1
64,19709,416.61,98.95,70.37,180.45,1,-1,-1,-1
64,19712,585.30,99.97,56.13,171.91,1,-1,-1,-1
64,19715,530.60,95.87,83.93,202.88,1,-1,-1,-1
64,19718,172.14,79.33,48.94,186.66,1,-1,-1,-1
65,19709,420.63,102.46,69.92,179.82,1,-1,-1,-1
65,19713,392.23,98.24,72.37,183.42,1,-1,-1,-1
65,19715,538.96,95.88,83.36,202.37,1,-1,-1,-1
65,19718,172.38,79.65,48.98,186.34,1,-1,-1,-1
66,19709,422.09,103.74,69.65,179.61,1,-1,-1,-1
66,19713,391.64,98.12,71.05,183.52,1,-1,-1,-1
66,19715,542.16,95.89,82.96,202.17,1,-1,-1,-1
66,19718,172.44,79.78,49.05,186.21,1,-1,-1,-1
67,19709,434.12,100.25,70.02,183.50,1,-1,-1,-1
67,19713,387.23,90.28,69.98,186.17,1,-1,-1,-1
67,19715,544.45,94.59,83.10,203.40,1,-1,-1,-1
67,19718,172.43,79.84,49.13,186.15,1,-1,-1,-1
68,19709,438.11,98.93,69.73,184.98,1,-1,-1,-1
68,19713,385.37,92.49,67.50,183.31,1,-1,-1,-1
68,19715,547.85,95.41,81.86,201.25,1,-1,-1,-1
68,19718,171.66,81.18,49.40,186.12,1,-1,-1,-1
69,19709,439.73,98.41,69.18,185.55,1,-1,-1,-1
69,19713,385.06,93.37,65.97,182.22,1,-1,-1,-1
69,19715,549.16,95.74,81.20,200.43,1,-1,-1,-1
69,19718,171.29,81.69,49.64,186.10,1,-1,-1,-1
70,19709,440.42,98.21,68.57,185.78,1,-1,-1,-1
70,19713,385.28,93.71,64.89,181.84,1,-1,-1,-1
70,19715,549.66,95.86,80.78,200.12,1,-1,-1,-1
70,19718,171.09,81.88,49.87,186.09,1,-1,-1,-1
71,19709,446.56,100.74,68.10,183.26,1,-1,-1,-1
71,19713,383.01,89.92,64.12,180.40,1,-1,-1,-1
71,19715,553.10,90.68,81.82,203.93,1,-1,-1,-1
71,19718,174.05,83.26,49.09,183.47,1,-1,-1,-1
72,19709,448.65,101.69,68.16,182.31,1,-1,-1,-1
72,19713,382.29,88.49,63.72,179.89,1,-1,-1,-1
72,19715,554.47,88.74,81.95,205.36,1,-1,-1,-1
72,19718,175.20,83.79,48.76,182.47,1,-1,-1,-1
73,19709,449.22,102.04,68.41,181.97,1,-1,-1,-1
73,19713,382.15,87.97,63.47,179.71,1,-1,-1,-1
73,19715,555.04,88.01,81.76,205.90,1,-1,-1,-1
73,19718,175.64,83.98,48.60,182.10,1,-1,-1,-1
74,19709,449.23,102.15,68.70,181.85,1,-1,-1,-1
74,19713,382.21,87.79,63.29,179.67,1,-1,-1,-1
74,19715,555.30,87.76,81.48,206.10,1,-1,-1,-1
74,19718,175.82,84.05,48.51,181.96,1,-1,-1,-1
75,19709,449.04,102.19,69.00,181.82,1,-1,-1,-1
75,19713,382.34,87.74,63.14,179.67,1,-1,-1,-1
75,19715,555.43,87.69,81.17,206.16,1,-1,-1,-1
75,19718,175.89,84.07,48.45,181.92,1,-1,-1,-1
76,19709,448.79,102.19,69.28,181.82,1,-1,-1,-1
76,19713,382.49,87.74,63.02,179.70,1,-1,-1,-1
76,19715,555.51,87.68,80.88,206.17,1,-1,-1,-1
76,19718,175.92,84.07,48.40,181.91,1,-1,-1,-1
77,19709,448.54,102.17,69.54,181.83,1,-1,-1,-1
77,19713,382.63,87.76,62.92,179.72,1,-1,-1,-1
77,19715,555.57,87.69,80.61,206.16,1,-1,-1,-1
77,19718,175.93,84.07,48.36,181.91,1,-1,-1,-1
78,19709,459.89,98.24,70.15,181.84,1,-1,-1,-1
78,19713,373.62,94.31,61.48,174.52,1,-1,-1,-1
78,19715,559.60,94.24,76.30,195.72,1,-1,-1,-1
78,19718,180.97,85.37,47.43,175.38,1,-1,-1,-1
79,19709,463.94,96.74,70.71,181.86,1,-1,-1,-1
79,19713,370.16,96.83,61.12,172.55,1,-1,-1,-1
79,19715,561.14,96.78,74.53,191.69,1,-1,-1,-1
79,19718,182.68,85.86,47.47,172.89,1,-1,-1,-1
80,19709,465.23,96.18,71.21,181.87,1,-1,-1,-1
80,19713,368.85,97.75,61.18,171.85,1,-1,-1,-1
80,19715,561.71,97.71,73.78,190.23,1,-1,-1,-1
80,19718,183.11,86.04,47.87,172.00,1,-1,-1,-1
81,19709,465.49,95.97,71.67,181.88,1,-1,-1,-1
81,19713,368.36,98.08,61.36,171.62,1,-1,-1,-1
81,19715,561.92,98.04,73.42,189.73,1,-1,-1,-1
81,19718,183.07,86.10,48.37,171.69,1,-1,-1,-1
82,19709,465.37,95.90,72.08,181.89,1,-1,-1,-1
82,19713,368.16,98.19,61.58,171.57,1,-1,-1,-1
82,19715,561.99,98.15,73.22,189.57,1,-1,-1,-1
82,19718,182.87,86.11,48.87,171.61,1,-1,-1,-1
83,19709,465.13,95.89,72.45,181.90,1,-1,-1,-1
83,19713,368.09,98.22,61.80,171.57,1,-1,-1,-1
83,19715,562.02,98.18,73.08,189.54,1,-1,-1,-1
83,19718,182.64,86.11,49.34,171.60,1,-1,-1,-1
84,19709,464.87,95.89,72.79,181.91,1,-1,-1,-1
84,19713,368.06,98.21,62.01,171.60,1,-1,-1,-1
84,19715,562.02,98.18,72.96,189.56,1,-1,-1,-1
84,19718,182.40,86.10,49.78,171.62,1,-1,-1,-1
85,19709,481.67,97.20,71.63,179.31,1,-1,-1,-1
85,19713,359.23,94.27,62.79,172.94,1,-1,-1,-1
85,19715,559.25,106.04,65.30,172.54,1,-1,-1,-1
85,19718,183.57,88.71,48.70,166.41,1,-1,-1,-1
86,19709,488.00,97.71,71.13,178.32,1,-1,-1,-1
86,19713,355.87,92.77,63.25,173.47,1,-1,-1,-1
86,19715,558.36,109.06,61.85,166.00,1,-1,-1,-1
86,19718,183.89,89.70,48.51,164.45,1,-1,-1,-1
87,19709,490.30,97.90,70.89,177.97,1,-1,-1,-1
87,19713,354.60,92.21,63.58,173.68,1,-1,-1,-1
87,19715,558.29,110.09,60.15,163.76,1,-1,-1,-1
87,19718,183.88,90.05,48.65,163.77,1,-1,-1,-1
88,19709,491.07,97.97,70.76,177.85,1,-1,-1,-1
88,19713,354.12,92.00,63.83,173.78,1,-1,-1,-1
88,19715,558.49,110.43,59.10,163.04,1,-1,-1,-1
88,19718,183.77,90.17,48.90,163.55,1,-1,-1,-1
89,19709,491.27,97.99,70.67,177.81,1,-1,-1,-1
89,19713,353.95,91.93,64.05,173.82,1,-1,-1,-1
89,19715,558.76,110.51,58.33,162.86,1,-1,-1,-1
89,19718,183.62,90.20,49.16,163.50,1,-1,-1,-1
90,19709,491.27,98.00,70.60,177.81,1,-1,-1,-1
90,19713,353.89,91.91,64.24,173.85,1,-1,-1,-1
90,19715,559.04,110.51,57.70,162.87,1,-1,-1,-1
90,19718,183.48,90.20,49.42,163.51,1,-1,-1,-1
91,19709,491.19,98.01,70.54,177.82,1,-1,-1,-1
91,19713,353.88,91.90,64.41,173.87,1,-1,-1,-1
91,19715,559.31,110.47,57.15,162.95,1,-1,-1,-1
91,19718,183.34,90.18,49.66,163.55,1,-1,-1,-1
92,19709,512.15,99.32,68.91,172.61,1,-1,-1,-1
92,19713,338.84,95.83,63.28,167.35,1,-1,-1,-1
92,19715,559.43,111.27,56.53,161.19,1,-1,-1,-1
92,19718,187.32,90.17,49.55,162.27,1,-1,-1,-1
93,19709,519.73,98.49,68.90,170.63,1,-1,-1,-1
93,19713,332.23,98.66,64.72,167.52,1,-1,-1,-1
93,19718,189.88,90.15,49.99,163.14,1,-1,-1,-1
94,19709,522.21,98.18,69.31,169.92,1,-1,-1,-1
94,19713,329.49,99.70,66.00,167.60,1,-1,-1,-1
94,19718,190.77,90.14,50.26,163.48,1,-1,-1,-1
95,19709,522.81,98.07,69.85,169.68,1,-1,-1,-1
95,19713,328.23,100.07,67.14,167.65,1,-1,-1,-1
95,19718,191.03,90.12,50.46,163.63,1,-1,-1,-1
96,19709,522.73,98.02,70.40,169.62,1,-1,-1,-1
96,19713,327.55,100.19,68.18,167.69,1,-1,-1,-1
96,19718,191.06,90.11,50.62,163.70,1,-1,-1,-1
97,19709,522.42,98.01,70.92,169.62,1,-1,-1,-1
97,19713,327.10,100.22,69.12,167.72,1,-1,-1,-1
97,19718,191.00,90.10,50.75,163.75,1,-1,-1,-1
98,19709,522.04,98.00,71.39,169.65,1,-1,-1,-1
98,19713,326.77,100.22,69.96,167.75,1,-1,-1,-1
98,19718,190.93,90.09,50.87,163.78,1,-1,-1,-1
99,19709,527.21,105.86,68.63,161.81,1,-1,-1,-1
99,19713,320.24,93.66,70.14,170.39,1,-1,-1,-1
99,19718,191.62,90.08,52.05,166.42,1,-1,-1,-1
99,19719,388.00,114.00,48.00,138.00,1,-1,-1,-1
100,19709,528.90,108.87,67.86,158.85,1,-1,-1,-1
100,19713,318.09,91.19,69.72,171.39,1,-1,-1,-1
100,19718,191.76,90.08,52.69,167.42,1,-1,-1,-1
100,19719,388.00,114.00,48.00,138.00,1,-1,-1,-1
101,19709,529.30,109.94,67.84,157.81,1,-1,-1,-1
101,19713,317.56,90.26,69.12,171.78,1,-1,-1,-1
101,19718,191.71,90.07,53.11,167.80,1,-1,-1,-1
101,19719,388.00,114.00,48.00,138.00,1,-1,-1,-1
102,19709,529.24,110.30,68.08,157.46,1,-1,-1,-1
102,19713,317.64,89.91,68.49,171.93,1,-1,-1,-1
102,19718,191.59,90.06,53.43,167.95,1,-1,-1,-1
102,19719,388.00,114.00,48.00,138.00,1,-1,-1,-1
103,19709,529.02,110.41,68.39,157.38,1,-1,-1,-1
103,19713,317.93,89.80,67.90,171.98,1,-1,-1,-1
103,19718,191.46,90.06,53.69,168.00,1,-1,-1,-1
103,19719,388.00,114.00,48.00,138.00,1,-1,-1,-1
104,19709,528.76,110.42,68.72,157.39,1,-1,-1,-1
104,19713,318.26,89.77,67.34,172.00,1,-1,-1,-1
104,19718,191.32,90.05,53.92,168.02,1,-1,-1,-1
104,19719,388.00,114.00,48.00,138.00,1,-1,-1,-1
105,19709,528.51,110.40,69.02,157.43,1,-1,-1,-1
105,19713,318.60,89.78,66.83,172.01,1,-1,-1,-1
105,19718,191.20,90.05,54.12,168.03,1,-1,-1,-1
105,19719,388.00,114.00,48.00,138.00,1,-1,-1,-1
106,19709,522.59,111.68,66.21,154.85,1,-1,-1,-1
106,19713,308.79,88.49,67.06,174.62,1,-1,-1,-1
106,19715,494.91,116.08,53.84,147.85,1,-1,-1,-1
106,19718,189.23,90.04,54.11,168.03,1,-1,-1,-1
106,19719,385.88,114.00,48.13,138.00,1,-1,-1,-1
106,19720,464.00,128.00,64.00,136.00,1,-1,-1,-1
106,19721,570.00,96.00,58.00,176.00,1,-1,-1,-1
107,19709,517.80,113.46,63.52,151.27,1,-1,-1,-1
107,19713,305.34,88.01,66.71,175.61,1,-1,-1,-1
107,19715,475.98,121.58,55.78,142.17,1,-1,-1,-1
107,19718,189.21,88.73,53.91,168.02,1,-1,-1,-1
107,19719,383.90,111.29,49.24,140.71,1,-1,-1,-1
107,19721,573.11,96.00,58.63,177.71,1,-1,-1,-1
108,19709,518.52,115.42,60.10,146.00,1,-1,-1,-1
108,19713,305.27,89.14,65.54,173.37,1,-1,-1,-1
108,19715,468.10,124.81,59.19,140.22,1,-1,-1,-1
108,19718,188.51,89.54,53.92,168.02,1,-1,-1,-1
108,19719,384.05,108.97,50.59,144.36,1,-1,-1,-1
108,19721,577.77,98.99,57.94,176.50,1,-1,-1,-1
109,19709,519.08,116.12,58.24,144.09,1,-1,-1,-1
109,19713,305.42,89.59,64.93,172.51,1,-1,-1,-1
109,19715,464.52,125.96,62.12,139.55,1,-1,-1,-1
109,19718,188.23,89.85,53.93,168.02,1,-1,-1,-1
109,19719,384.11,108.11,51.13,145.72,1,-1,-1,-1
109,19721,579.43,100.00,57.44,176.07,1,-1,-1,-1
110,19709,519.56,116.35,57.01,143.45,1,-1,-1,-1
110,19713,305.62,89.77,64.54,172.18,1,-1,-1,-1
110,19715,462.65,126.36,64.60,139.36,1,-1,-1,-1
110,19718,188.12,89.96,53.93,168.02,1,-1,-1,-1
110,19719,384.12,107.81,51.36,146.20,1,-1,-1,-1
110,19721,580.02,100.27,56.97,175.94,1,-1,-1,-1
111,19709,519.98,116.40,56.06,143.26,1,-1,-1,-1
111,19713,305.83,89.85,64.26,172.06,1,-1,-1,-1
111,19715,461.52,126.47,66.69,139.33,1,-1,-1,-1
111,19718,188.08,90.01,53.94,168.02,1,-1,-1,-1
111,19719,384.13,107.72,51.47,146.35,1,-1,-1,-1
111,19721,580.30,100.32,56.49,175.91,1,-1,-1,-1
112,19709,520.36,116.40,55.27,143.25,1,-1,-1,-1
112,19713,306.03,89.88,64.03,172.01,1,-1,-1,-1
112,19715,460.74,126.47,68.47,139.36,1,-1,-1,-1
112,19718,188.06,90.02,53.95,168.02,1,-1,-1,-1
112,19719,384.13,107.71,51.54,146.38,1,-1,-1,-1
112,19721,580.50,100.30,55.99,175.91,1,-1,-1,-1
113,19709,504.90,117.69,55.84,141.97,1,-1,-1,-1
113,19713,303.11,95.13,62.20,168.07,1,-1,-1,-1
113,19715,456.93,123.81,69.84,140.73,1,-1,-1,-1
113,19718,189.35,88.72,53.95,168.01,1,-1,-1,-1
113,19719,385.63,109.03,51.18,145.06,1,-1,-1,-1
113,19721,584.18,100.26,55.35,175.92,1,-1,-1,-1
114,19709,503.64,118.43,55.32,140.64,1,-1,-1,-1
114,19713,301.60,98.45,61.09,165.26,1,-1,-1,-1
114,19715,450.84,121.49,70.71,143.89,1,-1,-1,-1
114,19718,190.58,89.53,53.79,166.71,1,-1,-1,-1
114,19719,385.81,110.87,50.52,143.22,1,-1,-1,-1
114,19721,586.24,98.87,54.95,177.29,1,-1,-1,-1
115,19713,301.12,99.68,60.65,164.22,1,-1,-1,-1
115,19715,448.81,120.60,70.70,145.10,1,-1,-1,-1
115,19718,190.97,89.84,53.86,166.21,1,-1,-1,-1
115,19719,385.89,111.57,50.26,142.50,1,-1,-1,-1
115,19721,587.21,98.35,54.29,177.79,1,-1,-1,-1
116,19713,301.00,100.11,60.46,163.85,1,-1,-1,-1
116,19715,448.30,120.25,70.39,145.58,1,-1,-1,-1
116,19718,191.05,89.96,54.01,166.03,1,-1,-1,-1
116,19719,385.92,111.84,50.16,142.23,1,-1,-1,-1
116,19721,587.77,98.15,53.55,177.98,1,-1,-1,-1
117,19713,301.02,100.26,60.36,163.74,1,-1,-1,-1
117,19715,448.35,120.12,70.02,145.77,1,-1,-1,-1
117,19718,191.01,90.00,54.18,165.96,1,-1,-1,-1
117,19719,385.93,111.94,50.11,142.12,1,-1,-1,-1
117,19721,588.16,98.07,52.81,178.04,1,-1,-1,-1
118,19713,301.09,100.29,60.31,163.71,1,-1,-1,-1
118,19715,448.59,120.06,69.64,145.85,1,-1,-1,-1
118,19718,190.94,90.01,54.35,165.94,1,-1,-1,-1
118,19719,385.94,111.98,50.09,142.08,1,-1,-1,-1
118,19721,588.49,98.03,52.08,178.06,1,-1,-1,-1
119,19713,301.17,100.29,60.27,163.72,1,-1,-1,-1
119,19715,448.88,120.04,69.28,145.89,1,-1,-1,-1
119,19718,190.86,90.02,54.50,165.94,1,-1,-1,-1
119,19719,385.95,112.00,50.08,142.06,1,-1,-1,-1
119,19721,588.78,98.02,51.40,178.06,1,-1,-1,-1
120,19709,503.45,120.16,54.13,137.71,1,-1,-1,-1
120,19713,297.09,98.96,60.69,166.36,1,-1,-1,-1
120,19715,437.72,118.72,67.04,144.60,1,-1,-1,-1
120,19718,191.72,87.41,55.38,168.55,1,-1,-1,-1
120,19719,388.92,112.00,50.68,144.66,1,-1,-1,-1
120,19721,589.56,98.05,51.43,178.17,1,-1,-1,-1
121,19709,503.53,120.22,54.05,137.61,1,-1,-1,-1
121,19713,295.73,98.44,60.56,167.36,1,-1,-1,-1
121,19715,433.99,118.22,65.36,144.12,1,-1,-1,-1
121,19718,192.04,86.42,55.72,169.54,1,-1,-1,-1
121,19719,390.13,112.00,50.73,145.64,1,-1,-1,-1
122,19709,503.56,120.25,54.01,137.57,1,-1,-1,-1
122,19713,295.40,98.24,60.24,167.75,1,-1,-1,-1
122,19715,433.06,118.04,63.98,143.95,1,-1,-1,-1
122,19718,192.14,86.05,55.85,169.91,1,-1,-1,-1
122,19719,390.66,112.00,50.59,146.01,1,-1,-1,-1
123,19709,503.60,120.24,53.99,137.57,1,-1,-1,-1
123,19713,295.43,98.15,59.88,167.90,1,-1,-1,-1
123,19715,433.15,117.97,62.78,143.89,1,-1,-1,-1
123,19718,192.17,85.92,55.91,170.05,1,-1,-1,-1
123,19719,390.92,112.00,50.39,146.13,1,-1,-1,-1
124,19709,503.64,120.23,53.99,137.60,1,-1,-1,-1
124,19713,295.60,98.11,59.53,167.96,1,-1,-1,-1
124,19715,433.59,117.95,61.73,143.88,1,-1,-1,-1
124,19718,192.17,85.88,55.93,170.09,1,-1,-1,-1
124,19719,391.08,112.00,50.18,146.17,1,-1,-1,-1
125,19709,503.67,120.21,53.98,137.64,1,-1,-1,-1
125,19713,295.79,98.09,59.20,167.98,1,-1,-1,-1
125,19715,434.13,117.95,60.78,143.88,1,-1,-1,-1
125,19718,192.16,85.87,55.95,170.10,1,-1,-1,-1
125,19719,391.19,112.00,49.98,146.17,1,-1,-1,-1
126,19709,503.70,120.19,53.98,137.67,1,-1,-1,-1
126,19713,295.99,98.08,58.90,167.99,1,-1,-1,-1
126,19715,434.66,117.95,59.93,143.89,1,-1,-1,-1
126,19718,192.15,85.88,55.96,170.10,1,-1,-1,-1
126,19719,391.27,112.00,49.80,146.16,1,-1,-1,-1
127,19709,495.45,118.86,54.83,139.01,1,-1,-1,-1
127,19713,292.46,98.07,58.23,166.69,1,-1,-1,-1
127,19715,432.45,117.86,59.86,143.70,1,-1,-1,-1
127,19718,194.00,84.58,56.14,171.40,1,-1,-1,-1
127,19719,401.76,113.31,52.27,147.45,1,-1,-1,-1
128,19709,489.68,119.66,55.31,138.22,1,-1,-1,-1
128,19713,291.40,94.14,57.48,164.89,1,-1,-1,-1
128,19718,194.21,84.10,55.89,171.88,1,-1,-1,-1
128,19719,405.73,115.10,54.48,147.93,1,-1,-1,-1
129,19709,487.32,119.96,55.88,137.94,1,-1,-1,-1
129,19713,291.07,92.65,57.13,164.21,1,-1,-1,-1
129,19718,194.39,83.92,55.57,172.06,1,-1,-1,-1
129,19719,406.67,115.78,56.39,148.11,1,-1,-1,-1
130,19709,486.31,120.06,56.46,137.84,1,-1,-1,-1
130,19713,291.01,92.10,56.94,163.97,1,-1,-1,-1
130,19718,194.54,83.87,55.25,172.12,1,-1,-1,-1
130,19719,406.49,116.03,58.09,148.16,1,-1,-1,-1
131,19709,485.82,120.09,56.99,137.82,1,-1,-1,-1
131,19713,291.05,91.90,56.82,163.88,1,-1,-1,-1
131,19718,194.68,83.85,54.95,172.13,1,-1,-1,-1
131,19719,405.93,116.11,59.61,148.17,1,-1,-1,-1
132,19709,485.53,120.10,57.48,137.82,1,-1,-1,-1
132,19713,291.12,91.84,56.73,163.86,1,-1,-1,-1
132,19718,194.81,83.86,54.67,172.13,1,-1,-1,-1
132,19719,405.27,116.14,60.98,148.16,1,-1,-1,-1
133,19709,485.34,120.10,57.92,137.83,1,-1,-1,-1
133,19713,291.20,91.83,56.66,163.86,1,-1,-1,-1
133,19718,194.92,83.87,54.42,172.12,1,-1,-1,-1
133,19719,404.62,116.14,62.22,148.15,1,-1,-1,-1
134,19709,475.53,118.78,58.05,136.54,1,-1,-1,-1
134,19713,285.09,94.45,58.49,165.18,1,-1,-1,-1
134,19718,195.57,85.18,53.10,169.50,1,-1,-1,-1
134,19719,397.21,113.52,62.57,150.75,1,-1,-1,-1
135,19709,471.67,118.28,58.45,136.06,1,-1,-1,-1
135,19713,282.44,95.45,59.93,165.68,1,-1,-1,-1
135,19718,195.93,85.69,52.34,168.50,1,-1,-1,-1
135,19719,394.59,112.53,62.30,151.72,1,-1,-1,-1
136,19709,470.13,118.09,58.91,135.89,1,-1,-1,-1
136,19713,281.14,95.83,61.13,165.88,1,-1,-1,-1
136,19718,196.18,85.89,51.83,168.12,1,-1,-1,-1
136,19719,393.75,112.15,61.84,152.08,1,-1,-1,-1
137,19709,469.47,118.02,59.38,135.84,1,-1,-1,-1
137,19713,280.38,95.97,62.19,165.95,1,-1,-1,-1
137,19718,196.37,85.96,51.43,167.99,1,-1,-1,-1
137,19719,393.59,112.01,61.34,152.20,1,-1,-1,-1
138,19709,469.15,117.99,59.81,135.83,1,-1,-1,-1
138,19713,279.87,96.02,63.13,165.98,1,-1,-1,-1
138,19718,196.54,85.99,51.08,167.94,1,-1,-1,-1
138,19719,393.67,111.96,60.85,152.23,1,-1,-1,-1
139,19709,468.97,117.98,60.21,135.84,1,-1,-1,-1
139,19713,279.46,96.04,63.98,165.99,1,-1,-1,-1
139,19718,196.68,86.00,50.79,167.93,1,-1,-1,-1
139,19719,393.84,111.94,60.39,152.23,1,-1,-1,-1
140,19709,468.86,117.98,60.57,135.85,1,-1,-1,-1
140,19713,279.11,96.04,64.75,166.00,1,-1,-1,-1
140,19718,196.80,86.00,50.52,167.93,1,-1,-1,-1
140,19719,394.02,111.94,59.98,152.21,1,-1,-1,-1
141,19709,462.11,117.98,61.14,138.48,1,-1,-1,-1
141,19713,271.54,93.43,65.63,166.00,1,-1,-1,-1
141,19718,194.53,84.69,51.14,170.55,1,-1,-1,-1
141,19719,388.11,111.94,60.07,149.59,1,-1,-1,-1
142,19709,459.77,117.98,61.02,139.47,1,-1,-1,-1
142,19713,268.46,92.44,66.43,166.00,1,-1,-1,-1
142,19718,193.71,84.20,51.29,171.54,1,-1,-1,-1
142,19719,385.57,111.95,60.67,148.58,1,-1,-1,-1
143,19709,459.08,117.98,60.69,139.85,1,-1,-1,-1
143,19713,267.13,92.07,67.15,166.00,1,-1,-1,-1
143,19718,193.44,84.02,51.26,171.91,1,-1,-1,-1
143,19719,384.36,111.95,61.43,148.19,1,-1,-1,-1
144,19709,459.02,117.99,60.30,139.99,1,-1,-1,-1
144,19713,266.49,91.94,67.80,166.00,1,-1,-1,-1
144,19718,193.38,83.95,51.18,172.04,1,-1,-1,-1
144,19719,383.69,111.96,62.19,148.05,1,-1,-1,-1
145,19709,459.17,117.99,59.91,140.04,1,-1,-1,-1
145,19713,266.12,91.89,68.39,166.00,1,-1,-1,-1
145,19718,193.39,83.93,51.08,172.09,1,-1,-1,-1
145,19719,383.24,111.96,62.91,148.00,1,-1,-1,-1
146,19709,459.38,117.99,59.54,140.06,1,-1,-1,-1
146,19713,265.87,91.89,68.93,166.00,1,-1,-1,-1
146,19718,193.44,83.93,50.99,172.10,1,-1,-1,-1
146,19719,382.90,111.96,63.58,147.98,1,-1,-1,-1
147,19709,459.61,117.99,59.21,140.06,1,-1,-1,-1
147,19713,265.67,91.89,69.41,166.00,1,-1,-1,-1
147,19718,193.48,83.93,50.89,172.10,1,-1,-1,-1
147,19719,382.61,111.97,64.19,147.97,1,-1,-1,-1
148,19709,457.73,116.69,59.19,141.36,1,-1,-1,-1
148,19713,258.80,94.51,68.89,166.00,1,-1,-1,-1
148,19715,353.48,114.02,61.56,145.95,1,-1,-1,-1
148,19718,190.86,85.24,49.63,168.18,1,-1,-1,-1
148,19719,393.15,111.97,62.76,149.28,1,-1,-1,-1
148,19722,428.00,114.00,44.00,148.00,1,-1,-1,-1
148,19723,22.00,118.00,76.00,168.00,1,-1,-1,-1
149,19709,457.08,117.49,57.83,140.55,1,-1,-1,-1
149,19713,255.52,92.89,67.50,163.39,1,-1,-1,-1
149,19715,349.59,113.95,61.27,146.01,1,-1,-1,-1
149,19718,189.72,85.75,49.43,167.99,1,-1,-1,-1
149,19719,397.99,110.67,61.82,151.08,1,-1,-1,-1
149,19722,429.47,112.29,44.50,149.71,1,-1,-1,-1
149,19723,24.81,121.43,73.81,162.86,1,-1,-1,-1
150,19709,456.40,117.81,56.97,140.23,1,-1,-1,-1
150,19713,254.42,92.28,66.81,162.39,1,-1,-1,-1
150,19715,350.24,112.62,59.80,148.65,1,-1,-1,-1
150,19718,189.52,85.93,48.94,166.62,1,-1,-1,-1
150,19719,398.74,110.18,61.02,153.06,1,-1,-1,-1
150,19722,430.01,110.51,45.48,152.99,1,-1,-1,-1
150,19723,29.29,126.56,71.50,157.44,1,-1,-1,-1
151,19709,456.30,120.54,55.10,136.19,1,-1,-1,-1
151,19713,253.57,92.05,66.22,162.03,1,-1,-1,-1
151,19715,349.55,110.82,58.69,150.93,1,-1,-1,-1
151,19718,188.72,86.00,48.91,166.11,1,-1,-1,-1
151,19719,400.20,110.00,59.60,152.51,1,-1,-1,-1
151,19722,430.87,108.46,45.88,154.07,1,-1,-1,-1
151,19723,32.21,129.69,70.79,155.76,1,-1,-1,-1
152,19709,453.58,117.62,55.91,139.93,1,-1,-1,-1
152,19713,252.86,90.66,65.58,161.90,1,-1,-1,-1
152,19715,350.79,111.44,56.76,150.50,1,-1,-1,-1
152,19718,189.16,86.03,48.77,165.92,1,-1,-1,-1
152,19719,401.27,111.24,57.99,150.98,1,-1,-1,-1
152,19722,433.78,106.37,46.47,155.80,1,-1,-1,-1
152,19723,35.65,127.62,71.28,156.83,1,-1,-1,-1
153,19709,452.91,119.14,54.29,137.41,1,-1,-1,-1
153,19713,253.55,90.14,64.84,161.86,1,-1,-1,-1
153,19715,349.52,109.08,55.83,152.93,1,-1,-1,-1
153,19718,189.19,86.03,49.01,167.18,1,-1,-1,-1
153,19719,402.14,111.71,56.41,149.08,1,-1,-1,-1
153,19722,435.49,107.09,46.60,156.34,1,-1,-1,-1
153,19723,42.49,119.71,71.29,157.29,1,-1,-1,-1
154,19709,452.11,121.05,53.55,136.43,1,-1,-1,-1
154,19713,253.26,88.64,64.44,163.17,1,-1,-1,-1
154,19715,348.57,108.20,55.28,155.13,1,-1,-1,-1
154,19718,188.69,86.03,48.84,167.66,1,-1,-1,-1
154,19719,401.13,111.90,55.80,149.67,1,-1,-1,-1
154,19722,437.51,108.79,46.47,155.10,1,-1,-1,-1
154,19723,48.03,111.31,73.16,164.47,1,-1,-1,-1
155,19709,452.29,120.45,53.72,137.38,1,-1,-1,-1
155,19713,253.44,89.39,63.80,163.67,1,-1,-1,-1
155,19715,349.89,107.88,54.44,155.95,1,-1,-1,-1
155,19718,188.76,86.03,48.29,166.54,1,-1,-1,-1
155,19719,400.75,111.96,55.55,151.20,1,-1,-1,-1
155,19722,436.56,109.46,46.94,155.96,1,-1,-1,-1
155,19723,53.45,105.68,74.79,172.42,1,-1,-1,-1
156,19709,452.75,118.91,54.36,140.36,1,-1,-1,-1
156,19713,253.77,89.69,63.12,163.86,1,-1,-1,-1
156,19715,349.61,110.37,53.28,153.65,1,-1,-1,-1
156,19718,189.09,84.72,48.80,168.74,1,-1,-1,-1
156,19719,400.05,110.69,55.24,153.08,1,-1,-1,-1
156,19722,436.66,108.37,47.46,157.59,1,-1,-1,-1
156,19723,58.88,104.96,73.60,174.06,1,-1,-1,-1
157,19709,453.32,119.62,53.89,140.18,1,-1,-1,-1
157,19713,254.14,89.81,62.47,163.94,1,-1,-1,-1
157,19715,343.69,113.96,51.53,148.81,1,-1,-1,-1
157,19718,189.42,85.53,48.61,168.26,1,-1,-1,-1
157,19719,399.84,110.20,54.99,155.08,1,-1,-1,-1
157,19722,437.42,109.31,47.45,156.83,1,-1,-1,-1
157,19723,63.04,106.13,72.60,175.93,1,-1,-1,-1
158,19709,452.93,119.89,53.69,140.11,1,-1,-1,-1
158,19713,254.90,89.86,61.05,162.66,1,-1,-1,-1
158,19715,341.36,114.02,51.21,148.28,1,-1,-1,-1
158,19718,190.32,85.84,48.32,168.08,1,-1,-1,-1
158,19719,399.46,110.02,54.18,155.84,1,-1,-1,-1
158,19722,437.19,111.02,47.06,155.18,1,-1,-1,-1
158,19723,71.23,107.98,69.18,171.31,1,-1,-1,-1
159,19709,454.25,122.60,52.04,136.17,1,-1,-1,-1
159,19713,254.92,91.20,59.80,160.87,1,-1,-1,-1
159,19715,338.93,115.34,50.43,146.77,1,-1,-1,-1
159,19718,190.73,85.96,48.08,168.02,1,-1,-1,-1
159,19719,399.23,111.26,52.72,153.52,1,-1,-1,-1
159,19722,437.80,113.00,46.78,153.20,1,-1,-1,-1
159,19723,75.51,106.38,69.60,172.35,1,-1,-1,-1
160,19709,454.49,124.95,50.68,132.02,1,-1,-1,-1
160,19713,255.86,91.71,58.84,160.20,1,-1,-1,-1
160,19715,337.40,115.84,50.22,146.20,1,-1,-1,-1
160,19718,190.94,86.00,47.87,167.99,1,-1,-1,-1
160,19719,398.95,114.35,51.23,149.99,1,-1,-1,-1
160,19722,438.66,113.73,46.66,151.12,1,-1,-1,-1
160,19723,80.95,108.85,68.01,170.75,1,-1,-1,-1
161,19709,453.89,125.47,50.45,131.41,1,-1,-1,-1
161,19713,255.12,91.90,58.10,159.95,1,-1,-1,-1
161,19715,336.36,114.71,49.93,146.00,1,-1,-1,-1
161,19718,192.55,87.32,47.37,166.68,1,-1,-1,-1
161,19719,399.86,115.52,49.95,147.33,1,-1,-1,-1
161,19722,440.31,114.00,46.56,150.34,1,-1,-1,-1
161,19723,86.97,109.24,68.40,171.84,1,-1,-1,-1
162,19713,254.27,90.66,57.71,161.18,1,-1,-1,-1
162,19715,336.29,116.90,49.33,144.61,1,-1,-1,-1
162,19718,192.79,87.82,46.61,164.87,1,-1,-1,-1
162,19719,399.91,114.63,50.05,148.98,1,-1,-1,-1
162,19722,438.78,112.77,46.79,151.37,1,-1,-1,-1
162,19723,94.63,110.70,67.89,168.28,1,-1,-1,-1
162,19724,360.00,114.00,44.00,150.00,1,-1,-1,-1
163,19713,256.10,92.81,55.91,157.74,1,-1,-1,-1
163,19715,335.06,117.72,49.04,144.10,1,-1,-1,-1
163,19718,192.19,88.00,46.38,164.19,1,-1,-1,-1
163,19719,400.24,114.30,49.47,148.29,1,-1,-1,-1
163,19722,438.56,113.62,46.12,149.13,1,-1,-1,-1
163,19723,97.08,116.59,66.91,161.61,1,-1,-1,-1
163,19724,361.75,114.00,43.92,150.00,1,-1,-1,-1
164,19713,256.98,93.63,54.94,156.43,1,-1,-1,-1
164,19715,333.57,118.02,48.50,142.60,1,-1,-1,-1
164,19718,192.73,88.07,46.09,163.95,1,-1,-1,-1
164,19719,400.83,116.78,48.31,145.42,1,-1,-1,-1
164,19722,437.12,113.93,45.88,146.96,1,-1,-1,-1
164,19723,102.12,118.83,67.21,159.09,1,-1,-1,-1
165,19713,257.46,93.94,54.32,155.96,1,-1,-1,-1
165,19715,332.15,116.81,48.86,143.37,1,-1,-1,-1
165,19718,192.55,89.39,45.43,161.25,1,-1,-1,-1
165,19719,400.92,113.76,49.47,149.61,1,-1,-1,-1
165,19722,434.76,112.72,46.74,148.81,1,-1,-1,-1
165,19723,105.58,117.00,69.13,162.16,1,-1,-1,-1
166,19713,256.63,91.42,54.82,158.42,1,-1,-1,-1
166,19715,331.26,113.73,49.81,146.28,1,-1,-1,-1
166,19718,192.14,88.57,45.87,162.87,1,-1,-1,-1
166,19719,401.02,112.64,49.77,151.16,1,-1,-1,-1
166,19722,433.06,110.96,47.40,150.82,1,-1,-1,-1
166,19723,106.84,112.39,70.95,165.92,1,-1,-1,-1
167,19713,256.81,91.77,54.06,156.75,1,-1,-1,-1
167,19715,330.25,112.56,50.34,147.39,1,-1,-1,-1
167,19718,191.83,88.26,46.34,164.80,1,-1,-1,-1
167,19719,398.31,114.81,48.87,147.86,1,-1,-1,-1
167,19722,433.50,112.90,46.79,147.67,1,-1,-1,-1
167,19723,107.12,110.65,71.76,167.35,1,-1,-1,-1
168,19713,256.75,91.91,54.05,156.12,1,-1,-1,-1
168,19715,329.51,113.42,50.05,146.51,1,-1,-1,-1
168,19718,192.61,89.44,46.05,162.93,1,-1,-1,-1
168,19719,393.65,115.64,49.17,147.89,1,-1,-1,-1
168,19722,435.07,114.97,46.40,145.14,1,-1,-1,-1
168,19723,109.07,108.70,71.99,167.89,1,-1,-1,-1
169,19713,257.44,91.97,53.97,155.90,1,-1,-1,-1
169,19715,329.29,113.76,49.95,146.17,1,-1,-1,-1
169,19718,192.68,89.89,46.38,163.53,1,-1,-1,-1
169,19719,390.91,113.33,50.00,150.53,1,-1,-1,-1
169,19722,435.15,118.39,45.93,141.56,1,-1,-1,-1
169,19723,114.81,101.45,73.55,174.61,1,-1,-1,-1
170,19713,257.71,91.99,53.94,155.83,1,-1,-1,-1
170,19715,329.26,113.89,49.91,146.05,1,-1,-1,-1
170,19718,192.67,90.05,46.58,163.76,1,-1,-1,-1
170,19719,389.91,112.46,50.28,151.52,1,-1,-1,-1
170,19722,435.00,119.65,46.12,140.25,1,-1,-1,-1
170,19723,117.27,98.75,73.39,177.12,1,-1,-1,-1
171,19713,257.82,91.99,53.94,155.81,1,-1,-1,-1
171,19715,329.29,113.94,49.91,146.00,1,-1,-1,-1
171,19718,192.63,90.10,46.74,163.86,1,-1,-1,-1
171,19719,389.57,112.13,50.36,151.90,1,-1,-1,-1
171,19722,434.77,120.10,46.53,139.79,1,-1,-1,-1
171,19723,118.41,97.74,72.67,178.07,1,-1,-1,-1
172,19713,257.87,92.00,53.94,155.82,1,-1,-1,-1
172,19715,329.34,113.96,49.91,145.98,1,-1,-1,-1
172,19718,192.58,90.11,46.87,163.90,1,-1,-1,-1
172,19719,389.47,112.00,50.37,152.04,1,-1,-1,-1
172,19722,434.53,120.25,46.99,139.64,1,-1,-1,-1
172,19723,119.02,97.40,71.80,178.40,1,-1,-1,-1
173,19713,257.90,92.00,53.94,155.83,1,-1,-1,-1
173,19715,329.40,113.97,49.91,145.98,1,-1,-1,-1
173,19718,192.52,90.11,46.98,163.92,1,-1,-1,-1
173,19719,389.47,111.96,50.35,152.08,1,-1,-1,-1
173,19722,434.30,120.28,47.44,139.62,1,-1,-1,-1
173,19723,119.41,97.32,70.92,178.49,1,-1,-1,-1
174,19713,257.91,92.00,53.94,155.85,1,-1,-1,-1
174,19715,329.46,113.98,49.92,145.98,1,-1,-1,-1
174,19718,192.48,90.10,47.08,163.93,1,-1,-1,-1
174,19719,389.50,111.95,50.32,152.09,1,-1,-1,-1
174,19722,434.09,120.28,47.86,139.63,1,-1,-1,-1
174,19723,119.69,97.32,70.10,178.50,1,-1,-1,-1
175,19713,257.92,92.00,53.95,155.86,1,-1,-1,-1
175,19715,329.51,113.98,49.93,145.98,1,-1,-1,-1
175,19718,192.43,90.09,47.16,163.94,1,-1,-1,-1
175,19719,389.54,111.95,50.29,152.09,1,-1,-1,-1
175,19722,433.89,120.26,48.25,139.66,1,-1,-1,-1
175,19723,119.93,97.37,69.33,178.47,1,-1,-1,-1
176,19713,252.89,92.00,53.57,155.87,1,-1,-1,-1
176,19715,324.89,112.68,50.12,147.29,1,-1,-1,-1
176,19718,192.14,87.47,49.04,170.48,1,-1,-1,-1
176,19719,377.66,111.95,50.64,153.39,1,-1,-1,-1
176,19722,429.37,117.61,50.72,146.25,1,-1,-1,-1
176,19723,143.37,98.72,67.69,178.43,1,-1,-1,-1
177,19713,249.96,90.69,54.19,158.50,1,-1,-1,-1
177,19715,321.74,110.88,50.44,149.08,1,-1,-1,-1
177,19718,191.88,86.49,50.05,174.21,1,-1,-1,-1
177,19719,372.46,111.95,50.91,153.88,1,-1,-1,-1
177,19722,427.82,116.62,51.38,147.42,1,-1,-1,-1
177,19723,151.23,100.57,65.11,174.49,1,-1,-1,-1
178,19713,248.40,90.20,54.08,159.49,1,-1,-1,-1
178,19715,320.47,110.21,50.79,151.06,1,-1,-1,-1
178,19718,191.64,86.11,50.73,176.93,1,-1,-1,-1
178,19719,369.95,111.96,50.87,154.05,1,-1,-1,-1
178,19722,425.49,116.23,52.53,149.17,1,-1,-1,-1
178,19723,155.12,102.62,63.34,171.64,1,-1,-1,-1
179,19713,248.69,88.72,53.61,159.87,1,-1,-1,-1
179,19715,320.12,109.96,50.74,151.81,1,-1,-1,-1
179,19718,192.63,87.26,50.10,175.38,1,-1,-1,-1
179,19719,367.95,111.96,50.44,152.81,1,-1,-1,-1
179,19722,423.91,114.78,53.06,149.83,1,-1,-1,-1
179,19723,157.81,107.35,61.24,166.62,1,-1,-1,-1
