1,24808,325.89,81.78,111.24,252.64,1,-1,-1,-1
1,24810,330.45,181.01,119.21,250.49,1,-1,-1,-1
1,24814,430.25,110.57,103.35,228.71,1,-1,-1,-1
1,24815,182.00,94.00,69.00,226.00,1,-1,-1,-1
1,24816,565.00,90.00,70.00,191.00,1,-1,-1,-1
2,24808,334.61,80.44,106.91,252.09,1,-1,-1,-1
2,24814,431.59,94.00,107.98,240.00,1,-1,-1,-1
2,24815,183.64,94.00,70.87,232.00,1,-1,-1,-1
2,24816,564.98,92.57,70.04,191.00,1,-1,-1,-1
2,24817,90.00,99.00,61.00,230.00,1,-1,-1,-1
3,24808,344.29,78.10,103.39,254.41,1,-1,-1,-1
3,24814,436.75,85.93,110.17,246.36,1,-1,-1,-1
3,24815,188.37,87.32,71.91,235.23,1,-1,-1,-1
3,24816,563.80,93.00,70.89,193.25,1,-1,-1,-1
3,24817,88.55,105.00,58.75,220.57,1,-1,-1,-1
4,24808,350.15,77.96,100.25,253.34,1,-1,-1,-1
4,24814,440.64,85.91,105.03,237.29,1,-1,-1,-1
4,24815,190.13,85.12,72.44,236.96,1,-1,-1,-1
4,24816,563.59,88.69,72.30,196.95,1,-1,-1,-1
4,24817,85.47,88.44,64.07,237.33,1,-1,-1,-1
5,24808,352.50,78.03,97.98,252.88,1,-1,-1,-1
5,24814,442.48,86.94,101.99,233.07,1,-1,-1,-1
5,24816,563.51,87.19,72.80,198.17,1,-1,-1,-1
5,24817,84.07,83.11,66.63,242.74,1,-1,-1,-1
6,24808,353.47,78.17,96.23,252.67,1,-1,-1,-1
6,24814,443.51,87.83,99.96,231.24,1,-1,-1,-1
6,24816,563.48,86.72,73.00,198.51,1,-1,-1,-1
6,24817,83.19,81.54,68.36,244.36,1,-1,-1,-1
7,24808,353.87,78.32,94.83,252.56,1,-1,-1,-1
7,24814,444.25,88.55,98.32,230.38,1,-1,-1,-1
7,24816,563.46,86.61,73.08,198.56,1,-1,-1,-1
7,24817,82.45,81.26,69.87,244.67,1,-1,-1,-1
8,24808,354.02,78.46,93.66,252.49,1,-1,-1,-1
8,24814,444.89,89.15,96.84,229.90,1,-1,-1,-1
8,24816,563.44,86.61,73.14,198.52,1,-1,-1,-1
8,24817,81.72,81.36,71.35,244.59,1,-1,-1,-1
9,24808,354.06,78.60,92.68,252.43,1,-1,-1,-1
9,24814,445.49,89.65,95.45,229.59,1,-1,-1,-1
9,24816,563.41,86.64,73.19,198.47,1,-1,-1,-1
9,24817,80.98,81.54,72.86,244.41,1,-1,-1,-1
10,24808,354.04,78.73,91.84,252.39,1,-1,-1,-1
10,24814,446.06,90.07,94.13,229.37,1,-1,-1,-1
10,24816,563.39,86.68,73.24,198.41,1,-1,-1,-1
10,24817,80.24,81.73,74.37,244.23,1,-1,-1,-1
11,24808,369.44,84.71,90.17,247.14,1,-1,-1,-1
11,24814,446.63,85.42,95.01,231.51,1,-1,-1,-1
11,24815,229.39,96.42,72.13,224.53,1,-1,-1,-1
11,24816,558.86,85.39,74.98,202.35,1,-1,-1,-1
11,24817,54.99,95.25,66.82,221.37,1,-1,-1,-1
11,24818,175.00,85.00,51.00,169.00,1,-1,-1,-1
12,24808,375.00,87.07,89.63,245.12,1,-1,-1,-1
12,24815,229.56,96.97,75.07,223.95,1,-1,-1,-1
12,24816,557.09,84.92,75.79,203.80,1,-1,-1,-1
12,24817,45.47,100.60,63.57,212.44,1,-1,-1,-1
12,24818,175.00,85.00,51.00,169.00,1,-1,-1,-1
13,24808,376.79,87.99,89.54,244.35,1,-1,-1,-1
13,24815,228.83,97.15,77.81,223.75,1,-1,-1,-1
13,24816,556.36,84.77,76.24,204.31,1,-1,-1,-1
13,24817,42.45,102.45,62.13,209.39,1,-1,-1,-1
13,24818,175.00,85.00,51.00,169.00,1,-1,-1,-1
14,24808,377.19,88.37,89.60,244.07,1,-1,-1,-1
14,24815,227.69,97.20,80.31,223.70,1,-1,-1,-1
14,24816,556.04,84.73,76.54,204.46,1,-1,-1,-1
14,24817,41.68,103.08,61.34,208.38,1,-1,-1,-1
14,24818,175.00,85.00,51.00,169.00,1,-1,-1,-1
15,24808,377.07,88.54,89.70,243.97,1,-1,-1,-1
15,24815,226.46,97.20,82.58,223.70,1,-1,-1,-1
15,24816,555.88,84.74,76.78,204.49,1,-1,-1,-1
15,24817,41.69,103.29,60.79,208.09,1,-1,-1,-1
15,24818,175.00,85.00,51.00,169.00,1,-1,-1,-1
16,24808,376.79,88.62,89.82,243.94,1,-1,-1,-1
16,24815,225.28,97.19,84.64,223.72,1,-1,-1,-1
16,24816,555.77,84.75,76.98,204.46,1,-1,-1,-1
16,24817,41.96,103.33,60.34,208.06,1,-1,-1,-1
16,24818,175.00,85.00,51.00,169.00,1,-1,-1,-1
17,24808,376.47,88.68,89.93,243.93,1,-1,-1,-1
17,24815,224.19,97.17,86.50,223.75,1,-1,-1,-1
17,24816,555.70,84.78,77.16,204.43,1,-1,-1,-1
17,24817,42.31,103.32,59.96,208.12,1,-1,-1,-1
17,24818,175.00,85.00,51.00,169.00,1,-1,-1,-1
18,24808,376.15,88.71,90.03,243.93,1,-1,-1,-1
18,24815,223.20,97.16,88.17,223.78,1,-1,-1,-1
18,24816,555.63,84.80,77.33,204.39,1,-1,-1,-1
18,24817,42.65,103.30,59.60,208.20,1,-1,-1,-1
18,24818,175.00,85.00,51.00,169.00,1,-1,-1,-1
19,24808,375.85,88.74,90.12,243.93,1,-1,-1,-1
19,24815,222.31,97.14,89.69,223.80,1,-1,-1,-1
19,24816,555.58,84.82,77.48,204.35,1,-1,-1,-1
19,24817,42.98,103.27,59.28,208.28,1,-1,-1,-1
19,24818,175.00,85.00,51.00,169.00,1,-1,-1,-1
20,24808,375.58,88.77,90.21,243.94,1,-1,-1,-1
20,24815,221.51,97.13,91.06,223.82,1,-1,-1,-1
20,24816,555.52,84.84,77.62,204.32,1,-1,-1,-1
20,24817,43.27,103.24,58.99,208.36,1,-1,-1,-1
20,24818,175.00,85.00,51.00,169.00,1,-1,-1,-1
21,24808,393.81,88.79,88.60,235.45,1,-1,-1,-1
21,24814,492.28,84.44,94.99,232.69,1,-1,-1,-1
21,24815,248.18,100.39,89.33,216.62,1,-1,-1,-1
21,24816,555.16,84.57,77.81,204.82,1,-1,-1,-1
21,24817,41.41,103.64,58.69,207.31,1,-1,-1,-1
21,24818,173.03,85.67,51.61,171.00,1,-1,-1,-1
22,24808,400.24,88.82,88.75,232.21,1,-1,-1,-1
22,24814,494.34,85.00,94.51,232.46,1,-1,-1,-1
22,24815,257.96,101.63,89.27,213.89,1,-1,-1,-1
22,24818,172.29,85.92,51.84,171.75,1,-1,-1,-1
23,24808,402.12,88.84,89.52,231.04,1,-1,-1,-1
23,24814,495.16,85.11,94.18,232.43,1,-1,-1,-1
23,24815,261.15,102.07,89.83,212.92,1,-1,-1,-1
23,24818,172.02,86.01,51.93,172.02,1,-1,-1,-1
24,24808,402.33,88.85,90.47,230.64,1,-1,-1,-1
24,24814,495.47,85.19,93.92,232.39,1,-1,-1,-1
24,24815,261.93,102.21,90.56,212.59,1,-1,-1,-1
24,24818,171.93,86.04,51.97,172.11,1,-1,-1,-1
25,24808,401.97,88.87,91.42,230.53,1,-1,-1,-1
25,24814,495.55,85.27,93.69,232.36,1,-1,-1,-1
25,24815,261.84,102.25,91.31,212.51,1,-1,-1,-1
25,24818,171.90,86.04,51.98,172.13,1,-1,-1,-1
26,24808,401.43,88.88,92.31,230.51,1,-1,-1,-1
26,24814,495.54,85.34,93.50,232.32,1,-1,-1,-1
26,24815,261.46,102.25,92.02,212.51,1,-1,-1,-1
26,24818,171.90,86.04,51.98,172.13,1,-1,-1,-1
27,24808,400.86,88.89,93.13,230.54,1,-1,-1,-1
27,24814,495.51,85.41,93.34,232.29,1,-1,-1,-1
27,24815,261.00,102.23,92.68,212.54,1,-1,-1,-1
27,24818,171.90,86.04,51.99,172.12,1,-1,-1,-1
28,24808,400.31,88.90,93.88,230.58,1,-1,-1,-1
28,24814,495.47,85.47,93.19,232.26,1,-1,-1,-1
28,24815,260.54,102.21,93.28,212.58,1,-1,-1,-1
28,24818,171.91,86.04,51.99,172.11,1,-1,-1,-1
29,24808,399.81,88.91,94.56,230.62,1,-1,-1,-1
29,24814,495.43,85.52,93.07,232.24,1,-1,-1,-1
29,24815,260.11,102.19,93.82,212.62,1,-1,-1,-1
29,24818,171.92,86.03,51.99,172.10,1,-1,-1,-1
30,24808,399.35,88.92,95.17,230.65,1,-1,-1,-1
30,24814,495.39,85.57,92.96,232.21,1,-1,-1,-1
30,24815,259.72,102.17,94.31,212.65,1,-1,-1,-1
30,24818,171.93,86.03,51.99,172.09,1,-1,-1,-1
31,24808,420.84,85.00,94.45,230.03,1,-1,-1,-1
31,24814,527.61,92.80,85.87,213.24,1,-1,-1,-1
31,24815,262.07,102.45,94.07,212.09,1,-1,-1,-1
31,24818,171.61,89.30,52.64,176.01,1,-1,-1,-1
32,24808,429.00,83.53,93.94,229.81,1,-1,-1,-1
32,24814,539.92,95.65,83.33,205.85,1,-1,-1,-1
32,24818,171.64,90.52,52.60,177.48,1,-1,-1,-1
33,24808,432.06,82.98,93.53,229.75,1,-1,-1,-1
33,24814,544.07,96.66,82.66,203.27,1,-1,-1,-1
33,24818,171.78,90.98,52.32,178.02,1,-1,-1,-1
34,24808,433.17,82.80,93.18,229.74,1,-1,-1,-1
34,24814,545.33,97.02,82.65,202.39,1,-1,-1,-1
34,24818,171.96,91.15,51.97,178.21,1,-1,-1,-1
35,24808,433.54,82.75,92.87,229.76,1,-1,-1,-1
35,24814,545.54,97.14,82.84,202.13,1,-1,-1,-1
35,24818,172.14,91.19,51.62,178.27,1,-1,-1,-1
36,24808,433.64,82.74,92.60,229.78,1,-1,-1,-1
36,24814,545.39,97.17,83.10,202.10,1,-1,-1,-1
36,24818,172.32,91.20,51.28,178.27,1,-1,-1,-1
37,24808,433.63,82.76,92.35,229.80,1,-1,-1,-1
37,24814,545.13,97.17,83.37,202.15,1,-1,-1,-1
37,24818,172.47,91.19,50.98,178.25,1,-1,-1,-1
38,24808,433.59,82.78,92.13,229.81,1,-1,-1,-1
38,24814,544.84,97.16,83.62,202.22,1,-1,-1,-1
38,24818,172.62,91.17,50.70,178.23,1,-1,-1,-1
39,24808,433.54,82.80,91.92,229.83,1,-1,-1,-1
39,24814,544.57,97.14,83.84,202.29,1,-1,-1,-1
39,24818,172.75,91.16,50.44,178.21,1,-1,-1,-1
40,24808,433.49,82.82,91.74,229.85,1,-1,-1,-1
40,24814,544.32,97.13,84.05,202.36,1,-1,-1,-1
40,24818,172.87,91.14,50.21,178.19,1,-1,-1,-1
41,24808,446.89,87.41,90.17,222.02,1,-1,-1,-1
41,24814,547.92,87.27,90.37,223.43,1,-1,-1,-1
41,24815,332.29,92.40,86.67,203.10,1,-1,-1,-1
41,24818,173.11,89.17,50.38,180.13,1,-1,-1,-1
42,24808,451.52,89.17,90.34,219.04,1,-1,-1,-1
42,24814,549.97,83.67,91.22,231.13,1,-1,-1,-1
42,24815,336.09,91.97,84.00,202.80,1,-1,-1,-1
42,24818,173.31,88.42,50.24,180.86,1,-1,-1,-1
43,24808,452.77,89.82,91.15,217.97,1,-1,-1,-1
43,24814,551.30,82.25,90.35,234.19,1,-1,-1,-1
43,24815,337.99,91.82,81.98,202.68,1,-1,-1,-1
43,24818,173.47,88.14,50.00,181.12,1,-1,-1,-1
44,24808,452.80,90.05,92.12,217.61,1,-1,-1,-1
44,24814,552.28,81.72,88.91,235.33,1,-1,-1,-1
44,24815,338.99,91.78,80.40,202.66,1,-1,-1,-1
44,24818,173.62,88.03,49.74,181.20,1,-1,-1,-1
45,24808,452.40,90.13,93.09,217.51,1,-1,-1,-1
45,24814,553.08,81.55,87.35,235.72,1,-1,-1,-1
45,24815,339.57,91.78,79.11,202.67,1,-1,-1,-1
45,24818,173.75,87.99,49.49,181.22,1,-1,-1,-1
46,24808,451.89,90.15,94.01,217.50,1,-1,-1,-1
46,24814,553.77,81.52,85.85,235.82,1,-1,-1,-1
46,24815,339.95,91.79,78.03,202.70,1,-1,-1,-1
46,24818,173.87,87.98,49.26,181.21,1,-1,-1,-1
47,24808,451.36,90.14,94.86,217.53,1,-1,-1,-1
47,24814,554.38,81.53,84.45,235.81,1,-1,-1,-1
47,24815,340.23,91.81,77.12,202.72,1,-1,-1,-1
47,24818,173.98,87.97,49.04,181.20,1,-1,-1,-1
48,24808,450.86,90.13,95.63,217.57,1,-1,-1,-1
48,24814,554.93,81.56,83.17,235.76,1,-1,-1,-1
48,24815,340.45,91.83,76.34,202.75,1,-1,-1,-1
48,24818,174.08,87.97,48.85,181.18,1,-1,-1,-1
49,24808,450.40,90.12,96.33,217.61,1,-1,-1,-1
49,24814,555.42,81.60,82.01,235.70,1,-1,-1,-1
49,24815,340.63,91.84,75.66,202.77,1,-1,-1,-1
49,24818,174.17,87.97,48.67,181.17,1,-1,-1,-1
50,24808,449.98,90.11,96.96,217.65,1,-1,-1,-1
50,24814,555.86,81.63,80.96,235.64,1,-1,-1,-1
50,24815,340.79,91.86,75.07,202.80,1,-1,-1,-1
50,24818,174.25,87.98,48.51,181.15,1,-1,-1,-1
51,24808,436.24,95.99,85.65,198.04,1,-1,-1,-1
51,24814,557.04,81.04,81.32,236.67,1,-1,-1,-1
51,24815,368.45,97.76,71.17,193.00,1,-1,-1,-1
51,24818,174.26,88.63,47.83,179.18,1,-1,-1,-1
51,24819,481.00,97.00,109.00,210.00,1,-1,-1,-1
52,24808,431.37,98.26,80.13,190.48,1,-1,-1,-1
52,24815,379.01,100.03,69.56,189.27,1,-1,-1,-1
52,24818,174.31,88.88,47.48,178.42,1,-1,-1,-1
52,24819,481.00,97.00,109.00,210.00,1,-1,-1,-1
53,24808,430.24,99.04,77.03,187.88,1,-1,-1,-1
53,24814,507.51,94.09,78.03,214.88,1,-1,-1,-1
53,24815,382.78,100.85,68.86,187.94,1,-1,-1,-1
53,24818,174.37,88.97,47.27,178.14,1,-1,-1,-1
54,24808,429.55,99.89,75.87,185.05,1,-1,-1,-1
54,24814,506.80,96.29,79.75,208.40,1,-1,-1,-1
54,24815,392.75,99.15,69.02,188.82,1,-1,-1,-1
54,24818,174.87,89.66,46.88,177.37,1,-1,-1,-1
55,24814,505.45,97.00,82.47,206.33,1,-1,-1,-1
55,24815,396.34,98.51,69.01,189.18,1,-1,-1,-1
55,24818,175.12,89.92,46.64,177.09,1,-1,-1,-1
56,24814,504.12,97.23,85.26,205.62,1,-1,-1,-1
56,24815,397.56,98.25,68.95,189.36,1,-1,-1,-1
56,24818,175.25,90.01,46.46,176.98,1,-1,-1,-1
57,24814,502.91,97.30,87.87,205.40,1,-1,-1,-1
57,24815,397.87,98.15,68.87,189.46,1,-1,-1,-1
57,24818,175.34,90.05,46.31,176.95,1,-1,-1,-1
58,24814,501.83,97.30,90.26,205.37,1,-1,-1,-1
58,24815,397.87,98.11,68.79,189.53,1,-1,-1,-1
58,24818,175.41,90.05,46.18,176.94,1,-1,-1,-1
59,24814,500.86,97.28,92.41,205.40,1,-1,-1,-1
59,24815,397.75,98.08,68.72,189.58,1,-1,-1,-1
59,24818,175.47,90.05,46.07,176.94,1,-1,-1,-1
60,24814,499.99,97.26,94.34,205.44,1,-1,-1,-1
60,24815,397.61,98.07,68.65,189.62,1,-1,-1,-1
60,24818,175.52,90.05,45.96,176.94,1,-1,-1,-1
61,24814,498.83,97.69,93.92,204.53,1,-1,-1,-1
61,24815,409.52,108.54,66.07,175.91,1,-1,-1,-1
61,24818,174.50,86.13,47.36,181.52,1,-1,-1,-1
62,24815,413.37,112.57,66.18,170.66,1,-1,-1,-1
62,24818,174.06,84.65,48.00,183.24,1,-1,-1,-1
63,24815,414.09,113.98,67.34,168.84,1,-1,-1,-1
63,24818,173.84,84.09,48.34,183.89,1,-1,-1,-1
64,24815,413.73,114.45,68.78,168.24,1,-1,-1,-1
64,24818,173.71,83.89,48.56,184.13,1,-1,-1,-1
65,24815,413.02,114.58,70.23,168.08,1,-1,-1,-1
65,24818,173.63,83.83,48.72,184.20,1,-1,-1,-1
66,24815,412.24,114.59,71.60,168.09,1,-1,-1,-1
66,24818,173.56,83.82,48.85,184.22,1,-1,-1,-1
67,24815,411.48,114.55,72.86,168.15,1,-1,-1,-1
67,24818,173.51,83.82,48.96,184.21,1,-1,-1,-1
68,24815,410.77,114.51,74.01,168.22,1,-1,-1,-1
68,24818,173.46,83.83,49.06,184.20,1,-1,-1,-1
69,24815,410.12,114.46,75.05,168.30,1,-1,-1,-1
69,24818,173.41,83.85,49.15,184.18,1,-1,-1,-1
70,24815,409.53,114.41,76.00,168.36,1,-1,-1,-1
70,24818,173.37,83.86,49.23,184.16,1,-1,-1,-1
71,24808,380.31,88.18,71.77,181.70,1,-1,-1,-1
71,24814,548.20,88.40,91.96,206.67,1,-1,-1,-1
71,24815,431.04,105.18,80.06,179.59,1,-1,-1,-1
71,24818,175.91,85.18,48.72,182.84,1,-1,-1,-1
72,24808,380.10,87.90,69.94,181.67,1,-1,-1,-1
72,24814,551.29,87.99,89.85,206.82,1,-1,-1,-1
72,24815,439.24,101.77,80.97,183.74,1,-1,-1,-1
72,24818,176.92,85.69,48.44,182.33,1,-1,-1,-1
73,24808,380.42,87.81,68.63,181.68,1,-1,-1,-1
73,24814,552.83,87.85,88.19,206.87,1,-1,-1,-1
73,24815,442.58,100.44,80.84,185.36,1,-1,-1,-1
73,24818,177.33,85.88,48.26,182.14,1,-1,-1,-1
74,24808,380.87,87.79,67.65,181.71,1,-1,-1,-1
74,24814,553.70,87.81,86.85,206.90,1,-1,-1,-1
74,24815,443.96,99.94,80.34,185.98,1,-1,-1,-1
74,24818,177.51,85.95,48.12,182.06,1,-1,-1,-1
75,24808,381.32,87.79,66.87,181.73,1,-1,-1,-1
75,24814,554.25,87.81,85.75,206.91,1,-1,-1,-1
75,24815,444.56,99.77,79.73,186.19,1,-1,-1,-1
75,24818,177.60,85.98,48.01,182.03,1,-1,-1,-1
76,24808,381.72,87.81,66.25,181.76,1,-1,-1,-1
76,24814,554.64,87.82,84.84,206.92,1,-1,-1,-1
76,24815,444.87,99.72,79.12,186.26,1,-1,-1,-1
76,24818,177.66,85.99,47.91,182.02,1,-1,-1,-1
77,24808,382.07,87.82,65.73,181.78,1,-1,-1,-1
77,24814,554.94,87.83,84.06,206.93,1,-1,-1,-1
77,24815,445.04,99.72,78.55,186.27,1,-1,-1,-1
77,24818,177.70,86.00,47.82,182.01,1,-1,-1,-1
78,24808,382.38,87.84,65.30,181.80,1,-1,-1,-1
78,24814,555.19,87.85,83.39,206.94,1,-1,-1,-1
78,24815,445.16,99.74,78.03,186.26,1,-1,-1,-1
78,24818,177.73,86.00,47.75,182.01,1,-1,-1,-1
79,24808,382.66,87.85,64.93,181.82,1,-1,-1,-1
79,24814,555.40,87.86,82.82,206.94,1,-1,-1,-1
79,24815,445.26,99.76,77.55,186.24,1,-1,-1,-1
79,24818,177.76,86.00,47.67,182.01,1,-1,-1,-1
80,24808,382.90,87.87,64.61,181.83,1,-1,-1,-1
80,24814,555.57,87.88,82.31,206.95,1,-1,-1,-1
80,24815,445.34,99.78,77.12,186.22,1,-1,-1,-1
80,24818,177.78,86.00,47.61,182.01,1,-1,-1,-1
81,24808,368.20,93.10,62.19,172.06,1,-1,-1,-1
81,24814,558.99,98.34,76.65,194.55,1,-1,-1,-1
81,24815,465.76,98.50,77.05,186.85,1,-1,-1,-1
81,24818,182.23,84.69,46.54,174.82,1,-1,-1,-1
82,24808,362.37,95.12,61.74,168.32,1,-1,-1,-1
82,24814,560.40,102.38,74.15,189.77,1,-1,-1,-1
82,24815,473.52,98.02,76.85,187.08,1,-1,-1,-1
82,24818,183.73,84.19,46.52,172.07,1,-1,-1,-1
83,24808,360.09,95.85,62.05,166.99,1,-1,-1,-1
83,24814,561.03,103.82,72.94,188.08,1,-1,-1,-1
83,24815,476.43,97.85,76.62,187.15,1,-1,-1,-1
83,24818,184.07,84.01,46.90,171.08,1,-1,-1,-1
84,24808,359.12,96.10,62.58,166.54,1,-1,-1,-1
84,24814,561.37,104.31,72.23,187.50,1,-1,-1,-1
84,24815,477.48,97.80,76.38,187.17,1,-1,-1,-1
84,24818,184.01,83.95,47.38,170.74,1,-1,-1,-1
85,24808,358.66,96.18,63.15,166.41,1,-1,-1,-1
85,24814,561.58,104.46,71.73,187.34,1,-1,-1,-1
85,24815,477.81,97.80,76.16,187.17,1,-1,-1,-1
85,24818,183.81,83.93,47.88,170.64,1,-1,-1,-1
86,24808,358.40,96.20,63.70,166.41,1,-1,-1,-1
86,24814,561.74,104.49,71.34,187.32,1,-1,-1,-1
86,24815,477.88,97.81,75.95,187.16,1,-1,-1,-1
86,24818,183.58,83.93,48.35,170.62,1,-1,-1,-1
87,24808,358.23,96.19,64.21,166.44,1,-1,-1,-1
87,24814,561.87,104.46,71.00,187.36,1,-1,-1,-1
87,24815,477.86,97.82,75.77,187.14,1,-1,-1,-1
87,24818,183.34,83.93,48.79,170.64,1,-1,-1,-1
88,24808,358.10,96.18,64.68,166.49,1,-1,-1,-1
88,24814,561.98,104.43,70.71,187.41,1,-1,-1,-1
88,24815,477.80,97.84,75.60,187.13,1,-1,-1,-1
88,24818,183.12,83.94,49.19,170.67,1,-1,-1,-1
89,24808,357.99,96.16,65.10,166.53,1,-1,-1,-1
89,24814,562.08,104.39,70.44,187.47,1,-1,-1,-1
89,24815,477.73,97.85,75.45,187.12,1,-1,-1,-1
89,24818,182.92,83.95,49.55,170.70,1,-1,-1,-1
90,24808,357.90,96.15,65.47,166.58,1,-1,-1,-1
90,24814,562.16,104.35,70.21,187.52,1,-1,-1,-1
90,24815,477.67,97.87,75.31,187.11,1,-1,-1,-1
90,24818,182.74,83.95,49.88,170.73,1,-1,-1,-1
91,24808,339.60,96.13,66.85,168.58,1,-1,-1,-1
91,24814,562.74,104.92,69.92,186.74,1,-1,-1,-1
91,24815,505.56,99.84,72.13,177.31,1,-1,-1,-1
91,24818,187.63,87.23,49.23,166.17,1,-1,-1,-1
92,24808,332.08,96.77,67.45,168.05,1,-1,-1,-1
92,24815,517.70,99.27,71.21,174.20,1,-1,-1,-1
92,24818,189.94,89.14,48.72,163.14,1,-1,-1,-1
93,24808,329.10,97.01,68.10,167.87,1,-1,-1,-1
93,24815,521.90,99.07,71.07,173.08,1,-1,-1,-1
93,24818,190.67,89.84,48.73,162.04,1,-1,-1,-1
94,24808,327.89,97.09,68.74,167.81,1,-1,-1,-1
94,24815,523.22,98.99,71.19,172.70,1,-1,-1,-1
94,24818,190.82,90.09,48.93,161.66,1,-1,-1,-1
95,24808,327.36,97.11,69.32,167.80,1,-1,-1,-1
95,24815,523.48,98.97,71.40,172.59,1,-1,-1,-1
95,24818,190.77,90.17,49.18,161.55,1,-1,-1,-1
96,24808,327.10,97.12,69.86,167.81,1,-1,-1,-1
96,24815,523.35,98.96,71.63,172.57,1,-1,-1,-1
96,24818,190.64,90.18,49.43,161.54,1,-1,-1,-1
97,24808,326.94,97.11,70.35,167.82,1,-1,-1,-1
97,24815,523.11,98.96,71.84,172.60,1,-1,-1,-1
97,24818,190.50,90.18,49.67,161.57,1,-1,-1,-1
98,24808,326.83,97.10,70.80,167.84,1,-1,-1,-1
98,24815,522.83,98.97,72.05,172.63,1,-1,-1,-1
98,24818,190.36,90.17,49.89,161.60,1,-1,-1,-1
99,24808,326.74,97.09,71.20,167.85,1,-1,-1,-1
99,24815,522.57,98.97,72.23,172.66,1,-1,-1,-1
99,24818,190.23,90.15,50.09,161.64,1,-1,-1,-1
100,24808,326.67,97.08,71.56,167.87,1,-1,-1,-1
100,24815,522.32,98.97,72.40,172.69,1,-1,-1,-1
100,24818,190.12,90.14,50.27,161.67,1,-1,-1,-1
101,24808,317.88,91.85,73.00,173.76,1,-1,-1,-1
101,24814,502.16,112.93,57.94,155.70,1,-1,-1,-1
101,24815,524.65,106.18,66.80,162.90,1,-1,-1,-1
101,24818,191.82,90.12,51.40,164.98,1,-1,-1,-1
101,24820,548.00,102.00,70.00,171.00,1,-1,-1,-1
101,24821,386.00,110.00,51.00,141.00,1,-1,-1,-1
102,24808,314.92,89.89,72.95,175.97,1,-1,-1,-1
102,24814,499.87,113.17,57.27,154.59,1,-1,-1,-1
102,24815,525.76,108.94,63.95,159.17,1,-1,-1,-1
102,24818,192.42,90.11,51.88,166.23,1,-1,-1,-1
102,24820,548.00,102.00,70.00,171.00,1,-1,-1,-1
102,24821,386.00,110.00,51.00,141.00,1,-1,-1,-1
103,24808,314.11,89.14,72.40,176.81,1,-1,-1,-1
103,24814,499.13,113.28,56.92,154.18,1,-1,-1,-1
103,24815,526.44,109.93,62.23,157.86,1,-1,-1,-1
103,24818,192.60,90.10,52.12,166.71,1,-1,-1,-1
103,24820,548.00,102.00,70.00,171.00,1,-1,-1,-1
103,24821,386.00,110.00,51.00,141.00,1,-1,-1,-1
104,24808,314.12,88.87,71.72,177.12,1,-1,-1,-1
104,24814,499.00,113.29,56.72,154.08,1,-1,-1,-1
104,24815,526.94,110.26,60.99,157.43,1,-1,-1,-1
104,24818,192.63,90.09,52.25,166.90,1,-1,-1,-1
104,24820,548.00,102.00,70.00,171.00,1,-1,-1,-1
104,24821,386.00,110.00,51.00,141.00,1,-1,-1,-1
105,24808,314.40,88.78,71.03,177.22,1,-1,-1,-1
105,24814,499.10,113.28,56.61,154.12,1,-1,-1,-1
105,24815,527.35,110.36,59.98,157.32,1,-1,-1,-1
105,24818,192.60,90.08,52.34,166.97,1,-1,-1,-1
105,24820,548.00,102.00,70.00,171.00,1,-1,-1,-1
105,24821,386.00,110.00,51.00,141.00,1,-1,-1,-1
106,24808,314.77,88.76,70.38,177.24,1,-1,-1,-1
106,24814,499.27,113.25,56.52,154.19,1,-1,-1,-1
106,24815,527.70,110.37,59.11,157.32,1,-1,-1,-1
106,24818,192.56,90.08,52.41,167.00,1,-1,-1,-1
106,24820,548.00,102.00,70.00,171.00,1,-1,-1,-1
106,24821,386.00,110.00,51.00,141.00,1,-1,-1,-1
107,24808,315.14,88.77,69.77,177.24,1,-1,-1,-1
107,24814,499.44,113.23,56.46,154.27,1,-1,-1,-1
107,24815,528.01,110.35,58.33,157.36,1,-1,-1,-1
107,24818,192.51,90.07,52.47,167.01,1,-1,-1,-1
107,24820,548.00,102.00,70.00,171.00,1,-1,-1,-1
107,24821,386.00,110.00,51.00,141.00,1,-1,-1,-1
108,24808,315.50,88.79,69.23,177.22,1,-1,-1,-1
108,24814,499.60,113.21,56.41,154.34,1,-1,-1,-1
108,24815,528.29,110.32,57.63,157.42,1,-1,-1,-1
108,24818,192.46,90.06,52.52,167.01,1,-1,-1,-1
108,24820,548.00,102.00,70.00,171.00,1,-1,-1,-1
108,24821,386.00,110.00,51.00,141.00,1,-1,-1,-1
109,24808,315.83,88.80,68.73,177.20,1,-1,-1,-1
109,24814,499.75,113.18,56.36,154.41,1,-1,-1,-1
109,24815,528.55,110.29,57.00,157.47,1,-1,-1,-1
109,24818,192.42,90.06,52.57,167.01,1,-1,-1,-1
109,24820,548.00,102.00,70.00,171.00,1,-1,-1,-1
109,24821,386.00,110.00,51.00,141.00,1,-1,-1,-1
110,24808,316.13,88.82,68.28,177.19,1,-1,-1,-1
110,24814,499.88,113.17,56.32,154.47,1,-1,-1,-1
110,24815,528.78,110.26,56.43,157.52,1,-1,-1,-1
110,24818,192.38,90.05,52.61,167.01,1,-1,-1,-1
110,24820,548.00,102.00,70.00,171.00,1,-1,-1,-1
110,24821,386.00,110.00,51.00,141.00,1,-1,-1,-1
111,24808,308.00,94.05,65.12,170.00,1,-1,-1,-1
111,24814,480.27,123.66,55.65,140.72,1,-1,-1,-1
111,24815,529.71,110.69,56.16,156.75,1,-1,-1,-1
111,24818,191.12,90.05,52.49,165.70,1,-1,-1,-1
111,24820,566.97,102.00,69.44,173.67,1,-1,-1,-1
111,24821,385.52,112.00,51.29,141.67,1,-1,-1,-1
112,24808,305.03,96.07,63.71,167.23,1,-1,-1,-1
112,24814,471.86,127.70,57.27,135.47,1,-1,-1,-1
112,24818,190.56,90.04,52.59,165.21,1,-1,-1,-1
112,24820,574.49,102.00,68.24,174.66,1,-1,-1,-1
112,24821,385.33,112.75,51.43,141.92,1,-1,-1,-1
113,24808,304.08,96.81,63.02,166.22,1,-1,-1,-1
113,24814,468.04,129.08,59.76,133.69,1,-1,-1,-1
113,24818,190.27,90.04,52.77,165.02,1,-1,-1,-1
113,24820,577.72,102.00,66.87,175.02,1,-1,-1,-1
113,24821,385.24,113.02,51.50,142.01,1,-1,-1,-1
114,24808,303.87,97.07,62.60,165.86,1,-1,-1,-1
114,24814,465.92,129.53,62.38,133.12,1,-1,-1,-1
114,24818,190.10,90.03,52.96,164.96,1,-1,-1,-1
114,24820,579.27,102.00,65.49,175.14,1,-1,-1,-1
114,24821,385.20,113.11,51.56,142.04,1,-1,-1,-1
115,24808,303.92,97.16,62.31,165.75,1,-1,-1,-1
115,24814,464.49,129.65,64.88,132.99,1,-1,-1,-1
115,24818,189.97,90.03,53.15,164.94,1,-1,-1,-1
115,24820,580.16,102.00,64.16,175.18,1,-1,-1,-1
115,24821,385.18,113.13,51.60,142.04,1,-1,-1,-1
116,24808,304.07,97.18,62.07,165.72,1,-1,-1,-1
116,24814,463.37,129.64,67.19,133.01,1,-1,-1,-1
116,24818,189.87,90.03,53.32,164.94,1,-1,-1,-1
116,24820,580.78,102.00,62.92,175.18,1,-1,-1,-1
116,24821,385.16,113.13,51.64,142.04,1,-1,-1,-1
117,24808,304.23,97.17,61.87,165.73,1,-1,-1,-1
117,24814,462.44,129.60,69.29,133.08,1,-1,-1,-1
117,24818,189.78,90.03,53.48,164.94,1,-1,-1,-1
117,24820,581.27,102.00,61.77,175.17,1,-1,-1,-1
117,24821,385.14,113.12,51.67,142.04,1,-1,-1,-1
118,24808,304.39,97.16,61.68,165.75,1,-1,-1,-1
118,24814,461.62,129.55,71.19,133.17,1,-1,-1,-1
118,24818,189.71,90.02,53.63,164.94,1,-1,-1,-1
118,24820,581.71,102.00,60.70,175.15,1,-1,-1,-1
118,24821,385.13,113.11,51.70,142.04,1,-1,-1,-1
119,24808,304.55,97.15,61.52,165.77,1,-1,-1,-1
119,24814,460.89,129.49,72.91,133.25,1,-1,-1,-1
119,24818,189.64,90.02,53.76,164.95,1,-1,-1,-1
119,24820,582.09,102.00,59.73,175.14,1,-1,-1,-1
119,24821,385.12,113.10,51.73,142.03,1,-1,-1,-1
120,24808,304.69,97.13,61.38,165.79,1,-1,-1,-1
120,24814,460.23,129.44,74.45,133.32,1,-1,-1,-1
120,24818,189.58,90.02,53.88,164.95,1,-1,-1,-1
120,24820,582.45,102.00,58.83,175.12,1,-1,-1,-1
120,24821,385.11,113.09,51.75,142.03,1,-1,-1,-1
121,24808,298.28,95.16,60.56,165.16,1,-1,-1,-1
121,24814,458.83,130.17,73.84,132.22,1,-1,-1,-1
121,24815,504.24,117.91,50.67,141.23,1,-1,-1,-1
121,24818,192.52,88.71,54.53,166.92,1,-1,-1,-1
121,24820,583.81,102.00,58.90,175.32,1,-1,-1,-1
121,24821,389.27,113.08,51.93,143.99,1,-1,-1,-1
121,24822,436.00,115.00,50.00,147.00,1,-1,-1,-1
122,24808,296.05,94.41,59.95,164.93,1,-1,-1,-1
122,24815,503.12,118.15,50.54,140.70,1,-1,-1,-1
122,24818,193.62,88.22,54.79,167.66,1,-1,-1,-1
122,24821,390.99,113.08,51.70,144.73,1,-1,-1,-1
122,24822,436.00,115.00,50.00,147.00,1,-1,-1,-1
123,24808,295.39,94.12,59.45,164.86,1,-1,-1,-1
123,24814,427.40,117.62,77.07,144.32,1,-1,-1,-1
123,24815,502.73,118.25,50.52,140.50,1,-1,-1,-1
123,24818,194.03,88.03,54.89,167.94,1,-1,-1,-1
123,24821,391.76,113.07,51.35,145.00,1,-1,-1,-1
124,24808,293.54,92.05,59.29,164.18,1,-1,-1,-1
124,24814,416.38,118.35,74.81,144.17,1,-1,-1,-1
124,24815,499.44,112.32,52.91,145.08,1,-1,-1,-1
124,24818,194.82,87.96,54.93,168.04,1,-1,-1,-1
124,24821,398.56,111.76,52.53,148.36,1,-1,-1,-1
125,24808,292.88,91.27,59.27,163.94,1,-1,-1,-1
125,24814,412.91,118.63,72.89,144.10,1,-1,-1,-1
125,24815,498.08,110.11,54.15,146.80,1,-1,-1,-1
125,24818,195.10,87.94,54.95,168.07,1,-1,-1,-1
125,24821,401.11,111.26,52.97,149.61,1,-1,-1,-1
126,24808,292.65,90.99,59.31,163.86,1,-1,-1,-1
126,24814,412.20,118.75,71.23,144.08,1,-1,-1,-1
126,24815,497.46,109.27,54.92,147.48,1,-1,-1,-1
126,24818,195.20,87.94,54.96,168.08,1,-1,-1,-1
126,24821,402.07,111.07,53.12,150.08,1,-1,-1,-1
127,24808,292.60,90.89,59.36,163.84,1,-1,-1,-1
127,24814,412.48,118.80,69.77,144.06,1,-1,-1,-1
127,24815,497.15,108.96,55.46,147.75,1,-1,-1,-1
127,24818,195.22,87.94,54.97,168.08,1,-1,-1,-1
127,24821,402.40,111.00,53.17,150.24,1,-1,-1,-1
128,24808,292.60,90.86,59.42,163.84,1,-1,-1,-1
128,24814,413.09,118.83,68.47,144.05,1,-1,-1,-1
128,24815,496.96,108.86,55.87,147.86,1,-1,-1,-1
128,24818,195.21,87.95,54.97,168.07,1,-1,-1,-1
128,24821,402.49,110.97,53.18,150.28,1,-1,-1,-1
129,24808,292.63,90.86,59.47,163.85,1,-1,-1,-1
129,24814,413.77,118.85,67.33,144.05,1,-1,-1,-1
129,24815,496.83,108.83,56.22,147.91,1,-1,-1,-1
129,24818,195.20,87.95,54.97,168.07,1,-1,-1,-1
129,24821,402.49,110.97,53.17,150.28,1,-1,-1,-1
130,24808,292.66,90.87,59.52,163.87,1,-1,-1,-1
130,24814,414.44,118.87,66.30,144.04,1,-1,-1,-1
130,24815,496.73,108.83,56.52,147.93,1,-1,-1,-1
130,24818,195.18,87.96,54.98,168.06,1,-1,-1,-1
130,24821,402.47,110.97,53.16,150.26,1,-1,-1,-1
131,24808,288.56,95.46,60.64,165.19,1,-1,-1,-1
131,24814,411.33,118.66,66.33,144.11,1,-1,-1,-1
131,24815,487.99,112.11,56.45,145.33,1,-1,-1,-1
131,24818,195.74,84.70,55.79,171.97,1,-1,-1,-1
131,24821,402.23,112.27,54.19,150.24,1,-1,-1,-1
132,24808,286.87,97.19,61.40,165.69,1,-1,-1,-1
132,24815,484.47,113.36,56.89,144.34,1,-1,-1,-1
132,24818,196.07,83.47,55.85,173.44,1,-1,-1,-1
132,24821,401.85,112.77,55.12,150.22,1,-1,-1,-1
133,24808,286.12,97.84,61.99,165.88,1,-1,-1,-1
133,24815,482.99,113.83,57.48,143.98,1,-1,-1,-1
133,24818,196.29,83.01,55.64,173.99,1,-1,-1,-1
133,24821,401.43,112.95,55.96,150.20,1,-1,-1,-1
134,24808,285.73,98.08,62.49,165.96,1,-1,-1,-1
134,24815,482.30,114.00,58.08,143.86,1,-1,-1,-1
134,24818,196.47,82.85,55.36,174.18,1,-1,-1,-1
134,24821,401.02,113.02,56.73,150.18,1,-1,-1,-1
135,24808,285.49,98.16,62.93,165.99,1,-1,-1,-1
135,24815,481.92,114.06,58.64,143.83,1,-1,-1,-1
135,24818,196.63,82.80,55.06,174.24,1,-1,-1,-1
135,24821,400.65,113.04,57.42,150.16,1,-1,-1,-1
136,24808,285.32,98.17,63.32,166.00,1,-1,-1,-1
136,24815,481.67,114.08,59.16,143.83,1,-1,-1,-1
136,24818,196.76,82.80,54.78,174.25,1,-1,-1,-1
136,24821,400.30,113.05,58.04,150.15,1,-1,-1,-1
137,24808,285.19,98.17,63.67,166.00,1,-1,-1,-1
137,24815,481.49,114.08,59.63,143.84,1,-1,-1,-1
137,24818,196.88,82.81,54.52,174.23,1,-1,-1,-1
137,24821,399.99,113.05,58.61,150.13,1,-1,-1,-1
138,24808,285.07,98.16,63.99,166.00,1,-1,-1,-1
138,24815,481.33,114.07,60.05,143.85,1,-1,-1,-1
138,24818,196.99,82.82,54.28,174.22,1,-1,-1,-1
138,24821,399.71,113.04,59.12,150.12,1,-1,-1,-1
139,24808,284.97,98.15,64.27,166.00,1,-1,-1,-1
139,24815,481.20,114.07,60.43,143.86,1,-1,-1,-1
139,24818,197.08,82.84,54.06,174.20,1,-1,-1,-1
139,24821,399.45,113.04,59.59,150.11,1,-1,-1,-1
140,24808,284.87,98.13,64.53,166.00,1,-1,-1,-1
140,24815,481.09,114.06,60.78,143.88,1,-1,-1,-1
140,24818,197.17,82.85,53.87,174.18,1,-1,-1,-1
140,24821,399.22,113.04,60.01,150.10,1,-1,-1,-1
141,24808,274.17,95.51,65.13,165.35,1,-1,-1,-1
141,24815,466.96,116.67,59.70,141.93,1,-1,-1,-1
141,24818,195.20,83.52,53.23,173.51,1,-1,-1,-1
141,24821,390.35,112.38,60.74,149.44,1,-1,-1,-1
142,24808,269.91,94.51,65.79,165.10,1,-1,-1,-1
142,24815,461.70,117.66,59.17,141.19,1,-1,-1,-1
142,24818,194.56,83.78,52.76,173.25,1,-1,-1,-1
142,24821,386.71,112.13,61.53,149.18,1,-1,-1,-1
143,24808,268.15,94.13,66.45,165.01,1,-1,-1,-1
143,24815,459.85,118.02,58.86,140.93,1,-1,-1,-1
143,24818,194.42,83.88,52.38,173.14,1,-1,-1,-1
143,24821,385.12,112.04,62.31,149.08,1,-1,-1,-1
144,24808,267.35,93.99,67.06,164.98,1,-1,-1,-1
144,24815,459.28,118.14,58.65,140.84,1,-1,-1,-1
144,24818,194.46,83.92,52.05,173.10,1,-1,-1,-1
144,24821,384.32,112.00,63.02,149.04,1,-1,-1,-1
145,24808,266.94,93.95,67.62,164.97,1,-1,-1,-1
145,24815,459.18,118.17,58.48,140.82,1,-1,-1,-1
145,24818,194.57,83.94,51.75,173.08,1,-1,-1,-1
145,24821,383.85,111.99,63.68,149.03,1,-1,-1,-1
146,24808,266.68,93.93,68.13,164.97,1,-1,-1,-1
146,24815,459.26,118.17,58.33,140.83,1,-1,-1,-1
146,24818,194.69,83.95,51.49,173.06,1,-1,-1,-1
146,24821,383.52,111.99,64.28,149.02,1,-1,-1,-1
147,24808,266.49,93.93,68.59,164.97,1,-1,-1,-1
147,24815,459.39,118.16,58.20,140.84,1,-1,-1,-1
147,24818,194.81,83.96,51.25,173.06,1,-1,-1,-1
147,24821,383.26,111.99,64.83,149.02,1,-1,-1,-1
148,24808,266.34,93.94,69.01,164.97,1,-1,-1,-1
148,24815,459.53,118.15,58.09,140.85,1,-1,-1,-1
148,24818,194.92,83.96,51.04,173.05,1,-1,-1,-1
148,24821,383.04,111.99,65.32,149.01,1,-1,-1,-1
149,24808,266.21,93.94,69.39,164.97,1,-1,-1,-1
149,24815,459.67,118.14,57.98,140.87,1,-1,-1,-1
149,24818,195.02,83.97,50.84,173.04,1,-1,-1,-1
149,24821,382.84,111.99,65.76,149.01,1,-1,-1,-1
150,24808,266.09,93.95,69.74,164.98,1,-1,-1,-1
150,24815,459.79,118.12,57.89,140.88,1,-1,-1,-1
150,24818,195.12,83.97,50.67,173.04,1,-1,-1,-1
150,24821,382.66,111.99,66.17,149.01,1,-1,-1,-1
151,24808,257.93,91.99,68.53,163.67,1,-1,-1,-1
151,24814,347.07,110.05,65.92,153.91,1,-1,-1,-1
151,24815,456.89,118.11,56.64,138.93,1,-1,-1,-1
151,24818,191.58,85.28,49.27,168.47,1,-1,-1,-1
151,24821,391.78,110.68,65.61,152.27,1,-1,-1,-1
151,24823,32.00,132.00,73.00,154.00,1,-1,-1,-1
151,24824,431.00,106.00,49.00,158.00,1,-1,-1,-1
152,24808,254.48,91.25,67.53,163.18,1,-1,-1,-1
152,24814,348.49,111.23,61.61,152.10,1,-1,-1,-1
152,24815,453.90,116.13,56.76,140.83,1,-1,-1,-1
152,24818,190.46,85.12,48.94,168.04,1,-1,-1,-1
152,24821,396.13,110.84,63.57,151.56,1,-1,-1,-1
152,24823,35.03,128.57,73.79,155.71,1,-1,-1,-1
152,24824,434.14,106.00,48.72,157.14,1,-1,-1,-1
153,24808,253.04,90.33,66.89,163.65,1,-1,-1,-1
153,24814,348.04,109.67,59.38,154.09,1,-1,-1,-1
153,24815,452.91,118.64,55.33,138.28,1,-1,-1,-1
153,24818,189.83,85.06,48.62,167.89,1,-1,-1,-1
153,24821,398.10,111.56,61.52,149.97,1,-1,-1,-1
153,24823,42.02,119.03,74.41,157.49,1,-1,-1,-1
153,24824,435.76,108.26,47.98,154.74,1,-1,-1,-1
154,24808,252.77,89.99,66.20,163.84,1,-1,-1,-1
154,24814,348.52,109.09,57.39,154.83,1,-1,-1,-1
154,24815,452.69,119.61,54.58,137.31,1,-1,-1,-1
154,24818,189.68,85.04,48.35,167.84,1,-1,-1,-1
154,24821,399.19,111.83,60.01,149.35,1,-1,-1,-1
154,24823,44.44,115.86,74.40,158.07,1,-1,-1,-1
154,24824,436.25,109.00,47.75,153.96,1,-1,-1,-1
155,24808,252.93,89.87,65.54,163.91,1,-1,-1,-1
155,24814,349.25,108.89,55.73,155.10,1,-1,-1,-1
155,24815,452.75,119.96,54.11,136.96,1,-1,-1,-1
155,24818,189.70,85.03,48.12,167.84,1,-1,-1,-1
155,24821,399.91,111.94,58.79,149.12,1,-1,-1,-1
155,24823,45.22,115.00,74.14,158.22,1,-1,-1,-1
155,24824,436.36,109.21,47.70,153.75,1,-1,-1,-1
156,24808,253.22,89.84,64.92,163.94,1,-1,-1,-1
156,24814,349.99,108.82,54.36,155.19,1,-1,-1,-1
156,24815,452.91,120.09,53.76,136.84,1,-1,-1,-1
156,24818,189.79,85.02,47.92,167.85,1,-1,-1,-1
156,24821,400.45,111.98,57.73,149.04,1,-1,-1,-1
156,24823,45.49,114.87,73.78,158.24,1,-1,-1,-1
156,24824,436.35,109.24,47.70,153.73,1,-1,-1,-1
157,24808,253.55,89.84,64.36,163.95,1,-1,-1,-1
157,24814,350.66,108.81,53.21,155.21,1,-1,-1,-1
157,24815,453.08,120.12,53.48,136.81,1,-1,-1,-1
157,24818,189.89,85.02,47.74,167.86,1,-1,-1,-1
157,24821,400.91,111.99,56.80,149.00,1,-1,-1,-1
157,24823,45.63,114.96,73.37,158.22,1,-1,-1,-1
157,24824,436.32,109.22,47.72,153.75,1,-1,-1,-1
158,24808,253.86,89.85,63.85,163.96,1,-1,-1,-1
158,24814,351.25,108.82,52.25,155.20,1,-1,-1,-1
158,24815,453.26,120.13,53.24,136.81,1,-1,-1,-1
158,24818,189.99,85.02,47.57,167.87,1,-1,-1,-1
158,24821,401.31,112.00,55.95,148.99,1,-1,-1,-1
158,24823,45.73,115.08,72.96,158.19,1,-1,-1,-1
158,24824,436.28,109.19,47.74,153.78,1,-1,-1,-1
159,24808,254.16,89.86,63.39,163.97,1,-1,-1,-1
159,24814,351.76,108.83,51.42,155.19,1,-1,-1,-1
159,24815,453.42,120.12,53.02,136.82,1,-1,-1,-1
159,24818,190.09,85.01,47.42,167.88,1,-1,-1,-1
159,24821,401.66,112.00,55.20,148.99,1,-1,-1,-1
159,24823,45.85,115.21,72.54,158.16,1,-1,-1,-1
159,24824,436.25,109.17,47.76,153.81,1,-1,-1,-1
160,24808,254.43,89.87,62.97,163.97,1,-1,-1,-1
160,24814,352.21,108.85,50.72,155.17,1,-1,-1,-1
160,24815,453.57,120.11,52.83,136.84,1,-1,-1,-1
160,24818,190.17,85.01,47.28,167.89,1,-1,-1,-1
160,24821,401.98,112.00,54.51,148.99,1,-1,-1,-1
160,24823,45.97,115.31,72.13,158.14,1,-1,-1,-1
160,24824,436.22,109.15,47.79,153.84,1,-1,-1,-1
161,24808,254.08,91.19,61.16,161.36,1,-1,-1,-1
161,24814,343.48,112.12,49.44,149.93,1,-1,-1,-1
161,24815,454.29,124.68,50.83,131.62,1,-1,-1,-1
161,24818,192.29,85.66,47.00,167.25,1,-1,-1,-1
161,24821,399.58,114.62,53.40,148.33,1,-1,-1,-1
161,24823,46.79,114.20,72.23,158.37,1,-1,-1,-1
161,24824,438.68,111.80,47.51,152.52,1,-1,-1,-1
161,24825,89.00,110.00,69.00,172.00,1,-1,-1,-1
162,24808,254.20,91.70,60.05,160.37,1,-1,-1,-1
162,24814,340.11,113.39,49.14,147.92,1,-1,-1,-1
162,24815,454.60,126.42,50.09,129.64,1,-1,-1,-1
162,24818,193.13,85.91,46.85,167.01,1,-1,-1,-1
162,24821,398.88,115.60,52.52,148.09,1,-1,-1,-1
162,24823,76.78,110.66,76.34,169.11,1,-1,-1,-1
162,24824,439.55,112.78,47.50,152.04,1,-1,-1,-1
163,24808,255.53,92.55,58.43,158.04,1,-1,-1,-1
163,24814,337.80,117.81,47.99,143.88,1,-1,-1,-1
163,24815,454.05,127.12,49.76,128.80,1,-1,-1,-1
163,24818,193.48,87.96,46.06,163.66,1,-1,-1,-1
163,24821,398.82,115.32,51.78,148.00,1,-1,-1,-1
163,24823,89.16,115.69,75.06,164.24,1,-1,-1,-1
163,24824,439.13,113.79,46.94,149.88,1,-1,-1,-1
163,24826,362.00,115.00,43.00,150.00,1,-1,-1,-1
164,24808,256.92,93.53,57.42,156.52,1,-1,-1,-1
164,24814,335.92,118.80,47.76,142.38,1,-1,-1,-1
164,24818,193.88,88.74,45.90,163.05,1,-1,-1,-1
164,24821,398.15,115.85,50.83,147.31,1,-1,-1,-1
164,24823,97.84,118.30,74.16,161.03,1,-1,-1,-1
164,24824,437.97,114.14,46.71,148.43,1,-1,-1,-1
165,24808,257.48,93.23,57.02,156.62,1,-1,-1,-1
165,24814,333.25,116.50,48.48,143.84,1,-1,-1,-1
165,24818,194.02,89.02,45.85,162.84,1,-1,-1,-1
165,24821,398.72,113.43,51.45,150.33,1,-1,-1,-1
165,24823,101.86,115.32,75.87,165.10,1,-1,-1,-1
165,24824,434.73,112.92,47.57,150.57,1,-1,-1,-1
166,24808,257.25,92.46,56.46,156.68,1,-1,-1,-1
166,24814,331.69,114.32,49.34,146.36,1,-1,-1,-1
166,24818,193.18,88.46,46.32,164.75,1,-1,-1,-1
166,24821,398.03,111.86,51.55,152.11,1,-1,-1,-1
166,24823,104.18,110.98,76.56,167.25,1,-1,-1,-1
166,24824,433.08,113.11,47.46,149.40,1,-1,-1,-1
167,24808,257.34,92.17,55.94,156.72,1,-1,-1,-1
167,24814,331.17,113.49,49.68,147.33,1,-1,-1,-1
167,24818,192.88,88.24,46.46,165.47,1,-1,-1,-1
167,24821,397.91,111.26,51.32,152.79,1,-1,-1,-1
167,24823,104.97,109.34,76.66,168.05,1,-1,-1,-1
167,24824,432.39,113.17,47.56,148.98,1,-1,-1,-1
168,24808,257.53,92.06,55.47,156.75,1,-1,-1,-1
168,24814,331.04,113.17,49.81,147.71,1,-1,-1,-1
168,24818,192.78,88.15,46.48,165.76,1,-1,-1,-1
168,24821,397.98,111.04,50.99,153.04,1,-1,-1,-1
168,24823,105.17,108.74,76.54,168.32,1,-1,-1,-1
168,24824,432.08,113.18,47.74,148.83,1,-1,-1,-1
169,24808,257.74,92.01,55.04,156.78,1,-1,-1,-1
169,24814,331.05,113.05,49.87,147.86,1,-1,-1,-1
169,24818,192.76,88.11,46.46,165.87,1,-1,-1,-1
169,24821,398.13,110.96,50.64,153.12,1,-1,-1,-1
169,24823,105.17,108.55,76.36,168.40,1,-1,-1,-1
169,24824,431.91,113.17,47.93,148.79,1,-1,-1,-1
170,24808,257.94,92.00,54.66,156.80,1,-1,-1,-1
170,24814,331.12,113.01,49.90,147.92,1,-1,-1,-1
170,24818,192.76,88.09,46.42,165.92,1,-1,-1,-1
170,24821,398.29,110.93,50.30,153.15,1,-1,-1,-1
170,24823,105.10,108.51,76.15,168.40,1,-1,-1,-1
170,24824,431.80,113.16,48.11,148.79,1,-1,-1,-1
171,24808,256.36,91.34,54.59,156.82,1,-1,-1,-1
171,24814,327.74,114.95,48.97,144.68,1,-1,-1,-1
171,24818,194.05,89.38,46.46,164.63,1,-1,-1,-1
171,24821,383.83,113.53,49.25,151.19,1,-1,-1,-1
171,24823,112.85,96.79,80.47,183.37,1,-1,-1,-1
171,24824,431.70,117.73,47.66,144.87,1,-1,-1,-1
172,24808,255.79,91.09,54.54,156.84,1,-1,-1,-1
172,24814,326.47,115.69,48.71,143.45,1,-1,-1,-1
172,24818,194.44,89.87,46.68,164.15,1,-1,-1,-1
172,24821,378.44,114.53,48.63,150.44,1,-1,-1,-1
172,24823,116.45,92.45,80.60,188.92,1,-1,-1,-1
172,24824,431.46,119.46,47.92,143.39,1,-1,-1,-1
173,24808,255.60,91.00,54.48,156.85,1,-1,-1,-1
173,24814,326.01,115.96,48.70,143.00,1,-1,-1,-1
173,24818,194.49,90.04,46.95,163.97,1,-1,-1,-1
173,24821,376.55,114.90,48.21,150.15,1,-1,-1,-1
173,24823,118.37,90.78,79.40,191.07,1,-1,-1,-1
173,24824,431.17,120.08,48.42,142.87,1,-1,-1,-1
174,24808,255.56,90.97,54.44,156.87,1,-1,-1,-1
174,24814,325.85,116.06,48.77,142.85,1,-1,-1,-1
174,24818,194.42,90.10,47.22,163.91,1,-1,-1,-1
174,24821,375.99,115.03,47.87,150.04,1,-1,-1,-1
174,24823,119.55,90.19,77.79,191.84,1,-1,-1,-1
174,24824,430.89,120.29,48.97,142.70,1,-1,-1,-1
175,24808,255.58,90.96,54.39,156.88,1,-1,-1,-1
175,24814,325.80,116.09,48.86,142.80,1,-1,-1,-1
175,24818,194.31,90.12,47.48,163.90,1,-1,-1,-1
175,24821,375.91,115.08,47.59,150.00,1,-1,-1,-1
175,24823,120.40,90.03,76.14,192.06,1,-1,-1,-1
175,24824,430.63,120.34,49.51,142.66,1,-1,-1,-1
176,24808,255.61,90.96,54.35,156.89,1,-1,-1,-1
176,24814,325.80,116.09,48.96,142.80,1,-1,-1,-1
176,24818,194.20,90.11,47.71,163.90,1,-1,-1,-1
176,24821,376.00,115.09,47.34,149.99,1,-1,-1,-1
176,24823,121.09,90.02,74.56,192.09,1,-1,-1,-1
176,24824,430.38,120.34,50.02,142.67,1,-1,-1,-1
177,24808,255.64,90.96,54.32,156.90,1,-1,-1,-1
177,24814,325.81,116.09,49.06,142.81,1,-1,-1,-1
177,24818,194.09,90.11,47.93,163.91,1,-1,-1,-1
177,24821,376.16,115.09,47.11,149.99,1,-1,-1,-1
177,24823,121.69,90.08,73.10,192.03,1,-1,-1,-1
177,24824,430.16,120.31,50.48,142.69,1,-1,-1,-1
178,24808,255.67,90.96,54.29,156.91,1,-1,-1,-1
178,24814,325.83,116.08,49.15,142.83,1,-1,-1,-1
178,24818,193.98,90.10,48.13,163.91,1,-1,-1,-1
178,24821,376.32,115.08,46.91,149.99,1,-1,-1,-1
178,24823,122.21,90.14,71.76,191.96,1,-1,-1,-1
178,24824,429.96,120.29,50.91,142.72,1,-1,-1,-1
179,24808,255.70,90.97,54.26,156.92,1,-1,-1,-1
179,24814,325.85,116.07,49.23,142.84,1,-1,-1,-1
179,24818,193.89,90.09,48.31,163.92,1,-1,-1,-1
179,24821,376.47,115.07,46.73,149.99,1,-1,-1,-1
179,24823,122.68,90.22,70.55,191.88,1,-1,-1,-1
179,24824,429.77,120.26,51.30,142.74,1,-1,-1,-1
