vanilla_yolov3_tiny[8.898593419435958, 8.601694903037883, 13.324118677699092, 13.221449943282504, 12.667581215708314, 12.791619037412913, 14.892226990880646, 5.657672557479837, 10.92210349570517, 6.8575964311177176, 4.681890183136513]
[524, 653, 999, 836, 353, 339, 144, 794, 70, 178, 599]
9.997820328723746
vanilla_down_sample_yolov3_tiny[7.8012435311456585, 11.42139056396604, 14.37692131800678, 14.68487053729633, 15.107704414476363, 14.001113259940524, 15.103041349260874, 12.642087653898855, 13.376872372391185, 8.123086835204886, 4.986544712718804]
[524, 653, 999, 836, 353, 339, 144, 794, 70, 178, 599]
11.996064715800753
skip3_yolov3_tiny[19.074196351586487, 18.602144939609207, 27.55703898727045, 28.71565774178931, 29.341184963178048, 26.78943532869784, 30.297538756473106, 9.27765762905045, 25.612409505194186, 13.471453561249735, 7.58468066120703]
[522, 651, 997, 834, 351, 337, 142, 792, 68, 176, 597]
20.68914912740483
skip3_down_sample_yolov3_tiny[23.820526110607883, 20.49322927740539, 28.86454942418458, 29.75408120396407, 27.993175920312773, 29.62185182787586, 32.47118946086013, 25.2788551451715, 28.553672763218977, 26.92554219843455, 11.835602259872585]
[522, 651, 997, 834, 351, 337, 142, 792, 68, 176, 597]
25.16089209909558
skip3_with_prob_yolov3_tiny[18.057249144988045, 17.46753893436732, 24.98108021727486, 25.228393137469393, 25.125382870920923, 24.964169660009446, 24.76819161449543, 20.8751330268721, 19.74597584576281, 24.054816491467044, 14.866720053085126]
[522, 651, 997, 834, 351, 337, 142, 792, 68, 176, 597]
21.671446463250184
skip3_with_prob_down_sample_yolov3_tiny[21.113572683277493, 19.762172774577333, 24.905087171772742, 27.908502353236646, 24.95405704685911, 27.752958224514938, 27.496261934863455, 21.9078784938614, 25.91885124612609, 24.8464828846467, 8.341072743386349]
[522, 651, 997, 834, 351, 337, 142, 792, 68, 176, 597]
22.40254902085448
skip5_yolov3_tiny[23.36746630933031, 23.298112602677698, 34.82081586907054, 39.26916967017793, 34.68601421607744, 38.411218995082756, 36.45184320933739, 28.91241280979592, 35.09369684267854, 31.962151108008463, 19.658384517301563]
[520, 649, 995, 832, 349, 335, 140, 790, 66, 174, 595]
30.685362182060103
skip5_yolov3_tiny[21.185689804992677, 21.430553372495908, 35.18469129731017, 38.91053831091852, 34.246356775025845, 34.09620874698168, 34.98331031705274, 29.0555495605926, 37.34513524090847, 35.83876699644347, 19.706717375997744]
[520, 649, 995, 832, 349, 335, 140, 790, 66, 174, 595]
30.11190097646135
skip5_with_prob_yolov3_tiny[20.136204411127398, 23.17031644744126, 34.62058312162441, 30.764526644589402, 29.97945684833027, 36.09186090802882, 32.04549742259166, 23.01573936834909, 33.9702567660648, 32.17824892407221, 7.471004308786255]
[520, 649, 995, 832, 349, 335, 140, 790, 66, 174, 595]
26.27376224976722
skip5_with_prob_down_sample_yolov3_tiny[24.053347518494974, 23.27645559311105, 31.760537834681205, 34.93947442480333, 29.927403563838133, 35.859853641129774, 29.1656717169615, 26.19844589260967, 37.971242301993, 33.60306297071859, 20.31050472450344]
[520, 649, 995, 832, 349, 335, 140, 790, 66, 174, 595]
28.642976056106697
skip5_down_sample_yolov3_tiny[27.18543701690446, 25.709056846527183, 36.06690026499844, 39.960545467495635, 41.3017562694535, 35.67663048556453, 37.9005094020543, 31.259586166495577, 36.338059495774495, 32.95620639581944, 22.99115735162958]
[520, 649, 995, 832, 349, 335, 140, 790, 66, 174, 595]
32.71531749075337
skip7_yolov3_tiny[26.181390535665727, 25.622174813382692, 41.11086988022115, 47.121798941124304, 40.461550248964905, 47.393276793842574, 39.60083972555391, 33.707364537249354, 40.29019759701616, 28.909360643028045, 21.885483823466434]
[518, 647, 993, 830, 347, 333, 138, 788, 64, 172, 593]
35.487960011851555
skip7_down_sample_yolov3_tiny[30.73232680724521, 29.963379421171414, 39.9818094426883, 46.40272729123069, 41.37720846290984, 46.99759934920236, 38.77483271220068, 34.22611055915676, 31.968091389036132, 40.98134367423259, 24.599077515160953]
[518, 647, 993, 830, 347, 333, 138, 788, 64, 172, 593]
36.79384991372523
skip7_with_prob_yolov3_tiny[20.45345741745216, 21.89935275928374, 31.625338577920342, 35.89731461245255, 33.02341323120216, 38.62754821753374, 32.57051360289792, 25.21263548120726, 39.01422392223998, 32.851269672241074, 19.286006755702367]
[518, 647, 993, 830, 347, 333, 138, 788, 64, 172, 593]
28.440129230784574
skip7_with_prob_down_sample_yolov3_tiny[25.477851841726125, 25.05750848512987, 31.794686461462955, 38.5356986667492, 30.887104277565708, 45.09427099066141, 38.803884478230394, 26.02846370418198, 38.51290607348939, 35.34969157109966, 21.979234351673313]
[518, 647, 993, 830, 347, 333, 138, 788, 64, 172, 593]
30.637051555246025
skip2_yolov3_tiny[16.39337652944719, 16.12122667101363, 22.002542033549783, 23.799970486557605, 22.853667198615277, 23.778006443406046, 10.253808104923856, 6.913418648691795, 21.287192090652713, 11.310381030282874, 5.60360537246291]
[523, 652, 998, 835, 352, 338, 143, 793, 69, 177, 598]
16.56956741670473
skip2_down_sample_yolov3_tiny[19.664288131702712, 18.684992222188423, 23.368854311614808, 23.62708366316973, 22.92224612439773, 21.962985026235522, 24.816433262554998, 20.113808609590844, 22.75348023938537, 21.08314812247865, 15.38917207393008]
[523, 652, 998, 835, 352, 338, 143, 793, 69, 177, 598]
20.99549490626117
skip2_with_prob_yolov3_tiny[12.887406725965795, 13.52829736893992, 20.60059087980317, 20.175682356632148, 20.75857418202238, 21.73276573784483, 22.646856015028693, 17.516691826489147, 20.625822251319086, 20.206083862052328, 12.58691282812131]
[523, 652, 998, 835, 352, 338, 143, 793, 69, 177, 598]
17.757431631657468
skip2_with_prob_down_sample_yolov3_tiny[16.57528704267293, 16.74579821144641, 22.316569138907, 23.24276345764344, 21.680195071900545, 21.95526120427426, 22.286099888213812, 18.9009324979148, 22.31547601101744, 20.55973237269435, 15.150512926348506]
[523, 652, 998, 835, 352, 338, 143, 793, 69, 177, 598]
19.84908451201911



--new env
skip2_yolov3_tiny[17.1589565223377, 16.656349658540673, 25.8173785801598, 22.61716292211637, 24.520688312862983, 21.65390865663598, 24.77167819051187, 21.45144287920757, 24.17465878550578, 22.51448401792141, 14.468963647155157]
[523, 652, 998, 835, 352, 338, 143, 793, 69, 177, 598]
21.04679665688465

skip2_with_prob_yolov3_tiny[15.657653200062207, 16.230152521946486, 23.153700089160694, 24.40714125531795, 22.915138779929258, 24.33242421667362, 23.634858675056364, 19.998654916609947, 23.23079195344578, 22.151234027415974, 14.688292956473505]
[523, 652, 998, 835, 352, 338, 143, 793, 69, 177, 598]
20.462735731270826


skip3_yolov3_tiny[19.496017857329694, 20.61239337319968, 32.189964185545016, 33.5271105405385, 31.349121511666606, 31.75296583205569, 32.28435282789323, 27.342155827999107, 27.937252896818457, 29.158153776246476, 19.085346095253627]
[522, 651, 997, 834, 351, 337, 142, 792, 68, 176, 597]
27.440967701679156
skip3_with_prob_yolov3_tiny[18.357089432169424, 19.61726472990632, 29.093378978801457, 28.560324135003476, 24.202529802659058, 29.939854015192246, 28.465342024089797, 20.955092345314622, 27.15862139364387, 27.79827900882796, 17.966134489660007]
[522, 651, 997, 834, 351, 337, 142, 792, 68, 176, 597]
24.120549718791107

