1,31167,388.93,185.94,63.43,137.54,1,-1,-1,-1
1,31195,200.00,194.51,32.14,108.84,1,-1,-1,-1
1,31200,242.29,195.53,32.50,108.23,1,-1,-1,-1
23,31204,912.00,144.00,48.00,114.00,1,-1,-1,-1
23,31205,946.00,158.00,44.00,92.00,1,-1,-1,-1
24,31204,912.00,144.00,48.00,114.00,1,-1,-1,-1
24,31205,946.00,158.00,44.00,92.00,1,-1,-1,-1
25,31204,912.00,144.00,48.00,114.00,1,-1,-1,-1
25,31205,946.00,158.00,44.00,92.00,1,-1,-1,-1
26,31204,912.00,144.00,48.00,114.00,1,-1,-1,-1
26,31205,946.00,158.00,44.00,92.00,1,-1,-1,-1
27,31204,912.00,144.00,48.00,114.00,1,-1,-1,-1
27,31205,946.00,158.00,44.00,92.00,1,-1,-1,-1
28,31204,912.00,144.00,48.00,114.00,1,-1,-1,-1
28,31205,946.00,158.00,44.00,92.00,1,-1,-1,-1
29,31204,912.00,144.00,48.00,114.00,1,-1,-1,-1
29,31205,946.00,158.00,44.00,92.00,1,-1,-1,-1
30,31204,912.00,144.00,48.00,114.00,1,-1,-1,-1
30,31205,946.00,158.00,44.00,92.00,1,-1,-1,-1
31,31204,912.00,144.00,48.00,114.00,1,-1,-1,-1
31,31205,946.00,158.00,44.00,92.00,1,-1,-1,-1
32,31204,912.00,144.00,48.00,114.00,1,-1,-1,-1
32,31205,946.00,158.00,44.00,92.00,1,-1,-1,-1
33,31204,912.00,144.00,48.00,114.00,1,-1,-1,-1
33,31205,946.00,158.00,44.00,92.00,1,-1,-1,-1
34,31204,912.00,144.00,48.00,114.00,1,-1,-1,-1
34,31205,946.00,158.00,44.00,92.00,1,-1,-1,-1
67,31206,44.00,212.00,58.00,98.00,1,-1,-1,-1
68,31206,44.00,212.00,58.00,98.00,1,-1,-1,-1
69,31206,44.00,212.00,58.00,98.00,1,-1,-1,-1
70,31206,44.00,212.00,58.00,98.00,1,-1,-1,-1
71,31206,44.00,212.00,58.00,98.00,1,-1,-1,-1
72,31206,44.00,212.00,58.00,98.00,1,-1,-1,-1
73,31206,44.00,212.00,58.00,98.00,1,-1,-1,-1
74,31206,44.00,212.00,58.00,98.00,1,-1,-1,-1
75,31206,44.00,212.00,58.00,98.00,1,-1,-1,-1
76,31206,44.00,212.00,58.00,98.00,1,-1,-1,-1
77,31206,44.00,212.00,58.00,98.00,1,-1,-1,-1
78,31206,44.00,212.00,58.00,98.00,1,-1,-1,-1
78,31207,782.00,164.00,42.00,100.00,1,-1,-1,-1
78,31208,1084.00,150.00,90.00,198.00,1,-1,-1,-1
78,31209,800.00,160.00,46.00,108.00,1,-1,-1,-1
79,31207,782.00,164.00,42.00,100.00,1,-1,-1,-1
79,31208,1084.00,150.00,90.00,198.00,1,-1,-1,-1
79,31209,800.00,160.00,46.00,108.00,1,-1,-1,-1
80,31207,782.00,164.00,42.00,100.00,1,-1,-1,-1
80,31208,1084.00,150.00,90.00,198.00,1,-1,-1,-1
80,31209,800.00,160.00,46.00,108.00,1,-1,-1,-1
81,31207,782.00,164.00,42.00,100.00,1,-1,-1,-1
81,31208,1084.00,150.00,90.00,198.00,1,-1,-1,-1
81,31209,800.00,160.00,46.00,108.00,1,-1,-1,-1
82,31207,782.00,164.00,42.00,100.00,1,-1,-1,-1
82,31208,1084.00,150.00,90.00,198.00,1,-1,-1,-1
82,31209,800.00,160.00,46.00,108.00,1,-1,-1,-1
83,31207,782.00,164.00,42.00,100.00,1,-1,-1,-1
83,31208,1084.00,150.00,90.00,198.00,1,-1,-1,-1
83,31209,800.00,160.00,46.00,108.00,1,-1,-1,-1
84,31207,782.00,164.00,42.00,100.00,1,-1,-1,-1
84,31208,1084.00,150.00,90.00,198.00,1,-1,-1,-1
84,31209,800.00,160.00,46.00,108.00,1,-1,-1,-1
85,31207,782.00,164.00,42.00,100.00,1,-1,-1,-1
85,31208,1084.00,150.00,90.00,198.00,1,-1,-1,-1
85,31209,800.00,160.00,46.00,108.00,1,-1,-1,-1
86,31207,782.00,164.00,42.00,100.00,1,-1,-1,-1
86,31208,1084.00,150.00,90.00,198.00,1,-1,-1,-1
86,31209,800.00,160.00,46.00,108.00,1,-1,-1,-1
87,31207,782.00,164.00,42.00,100.00,1,-1,-1,-1
87,31208,1084.00,150.00,90.00,198.00,1,-1,-1,-1
87,31209,800.00,160.00,46.00,108.00,1,-1,-1,-1
88,31207,782.00,164.00,42.00,100.00,1,-1,-1,-1
88,31208,1084.00,150.00,90.00,198.00,1,-1,-1,-1
88,31209,800.00,160.00,46.00,108.00,1,-1,-1,-1
89,31207,782.00,164.00,42.00,100.00,1,-1,-1,-1
89,31208,1084.00,150.00,90.00,198.00,1,-1,-1,-1
89,31209,800.00,160.00,46.00,108.00,1,-1,-1,-1
89,31210,976.00,226.00,100.00,128.00,1,-1,-1,-1
90,31210,976.00,226.00,100.00,128.00,1,-1,-1,-1
91,31210,976.00,226.00,100.00,128.00,1,-1,-1,-1
92,31210,976.00,226.00,100.00,128.00,1,-1,-1,-1
93,31210,976.00,226.00,100.00,128.00,1,-1,-1,-1
94,31210,976.00,226.00,100.00,128.00,1,-1,-1,-1
95,31210,976.00,226.00,100.00,128.00,1,-1,-1,-1
96,31210,976.00,226.00,100.00,128.00,1,-1,-1,-1
97,31210,976.00,226.00,100.00,128.00,1,-1,-1,-1
98,31210,976.00,226.00,100.00,128.00,1,-1,-1,-1
99,31210,976.00,226.00,100.00,128.00,1,-1,-1,-1
100,31210,976.00,226.00,100.00,128.00,1,-1,-1,-1
111,31211,956.00,186.00,56.00,72.00,1,-1,-1,-1
111,31212,1096.00,160.00,48.00,98.00,1,-1,-1,-1
112,31211,956.00,186.00,56.00,72.00,1,-1,-1,-1
112,31212,1096.00,160.00,48.00,98.00,1,-1,-1,-1
113,31211,956.00,186.00,56.00,72.00,1,-1,-1,-1
113,31212,1096.00,160.00,48.00,98.00,1,-1,-1,-1
114,31211,956.00,186.00,56.00,72.00,1,-1,-1,-1
114,31212,1096.00,160.00,48.00,98.00,1,-1,-1,-1
115,31211,956.00,186.00,56.00,72.00,1,-1,-1,-1
115,31212,1096.00,160.00,48.00,98.00,1,-1,-1,-1
116,31211,956.00,186.00,56.00,72.00,1,-1,-1,-1
116,31212,1096.00,160.00,48.00,98.00,1,-1,-1,-1
117,31211,956.00,186.00,56.00,72.00,1,-1,-1,-1
117,31212,1096.00,160.00,48.00,98.00,1,-1,-1,-1
118,31211,956.00,186.00,56.00,72.00,1,-1,-1,-1
118,31212,1096.00,160.00,48.00,98.00,1,-1,-1,-1
119,31211,956.00,186.00,56.00,72.00,1,-1,-1,-1
119,31212,1096.00,160.00,48.00,98.00,1,-1,-1,-1
120,31211,956.00,186.00,56.00,72.00,1,-1,-1,-1
120,31212,1096.00,160.00,48.00,98.00,1,-1,-1,-1
121,31211,956.00,186.00,56.00,72.00,1,-1,-1,-1
121,31212,1096.00,160.00,48.00,98.00,1,-1,-1,-1
122,31211,956.00,186.00,56.00,72.00,1,-1,-1,-1
122,31212,1096.00,160.00,48.00,98.00,1,-1,-1,-1
122,31213,374.00,152.00,42.00,116.00,1,-1,-1,-1
123,31213,374.00,152.00,42.00,116.00,1,-1,-1,-1
124,31213,374.00,152.00,42.00,116.00,1,-1,-1,-1
125,31213,374.00,152.00,42.00,116.00,1,-1,-1,-1
126,31213,374.00,152.00,42.00,116.00,1,-1,-1,-1
127,31213,374.00,152.00,42.00,116.00,1,-1,-1,-1
128,31213,374.00,152.00,42.00,116.00,1,-1,-1,-1
129,31213,374.00,152.00,42.00,116.00,1,-1,-1,-1
130,31213,374.00,152.00,42.00,116.00,1,-1,-1,-1
131,31213,374.00,152.00,42.00,116.00,1,-1,-1,-1
132,31213,374.00,152.00,42.00,116.00,1,-1,-1,-1
133,31213,374.00,152.00,42.00,116.00,1,-1,-1,-1
133,31214,8.00,186.00,84.00,196.00,1,-1,-1,-1
134,31214,8.00,186.00,84.00,196.00,1,-1,-1,-1
135,31214,8.00,186.00,84.00,196.00,1,-1,-1,-1
136,31214,8.00,186.00,84.00,196.00,1,-1,-1,-1
137,31214,8.00,186.00,84.00,196.00,1,-1,-1,-1
138,31214,8.00,186.00,84.00,196.00,1,-1,-1,-1
139,31214,8.00,186.00,84.00,196.00,1,-1,-1,-1
140,31214,8.00,186.00,84.00,196.00,1,-1,-1,-1
141,31214,8.00,186.00,84.00,196.00,1,-1,-1,-1
142,31214,8.00,186.00,84.00,196.00,1,-1,-1,-1
143,31214,8.00,186.00,84.00,196.00,1,-1,-1,-1
144,31214,8.00,186.00,84.00,196.00,1,-1,-1,-1
265,31215,164.00,154.00,108.00,222.00,1,-1,-1,-1
265,31216,860.00,162.00,42.00,126.00,1,-1,-1,-1
265,31217,828.00,168.00,36.00,108.00,1,-1,-1,-1
265,31218,336.00,192.00,48.00,108.00,1,-1,-1,-1
266,31215,164.00,154.00,108.00,222.00,1,-1,-1,-1
266,31216,860.00,162.00,42.00,126.00,1,-1,-1,-1
266,31217,828.00,168.00,36.00,108.00,1,-1,-1,-1
266,31218,336.00,192.00,48.00,108.00,1,-1,-1,-1
267,31215,164.00,154.00,108.00,222.00,1,-1,-1,-1
267,31216,860.00,162.00,42.00,126.00,1,-1,-1,-1
267,31217,828.00,168.00,36.00,108.00,1,-1,-1,-1
267,31218,336.00,192.00,48.00,108.00,1,-1,-1,-1
268,31215,164.00,154.00,108.00,222.00,1,-1,-1,-1
268,31216,860.00,162.00,42.00,126.00,1,-1,-1,-1
268,31217,828.00,168.00,36.00,108.00,1,-1,-1,-1
268,31218,336.00,192.00,48.00,108.00,1,-1,-1,-1
269,31215,164.00,154.00,108.00,222.00,1,-1,-1,-1
269,31216,860.00,162.00,42.00,126.00,1,-1,-1,-1
269,31217,828.00,168.00,36.00,108.00,1,-1,-1,-1
269,31218,336.00,192.00,48.00,108.00,1,-1,-1,-1
270,31215,164.00,154.00,108.00,222.00,1,-1,-1,-1
270,31216,860.00,162.00,42.00,126.00,1,-1,-1,-1
270,31217,828.00,168.00,36.00,108.00,1,-1,-1,-1
270,31218,336.00,192.00,48.00,108.00,1,-1,-1,-1
271,31215,164.00,154.00,108.00,222.00,1,-1,-1,-1
271,31216,860.00,162.00,42.00,126.00,1,-1,-1,-1
271,31217,828.00,168.00,36.00,108.00,1,-1,-1,-1
271,31218,336.00,192.00,48.00,108.00,1,-1,-1,-1
272,31215,164.00,154.00,108.00,222.00,1,-1,-1,-1
272,31216,860.00,162.00,42.00,126.00,1,-1,-1,-1
272,31217,828.00,168.00,36.00,108.00,1,-1,-1,-1
272,31218,336.00,192.00,48.00,108.00,1,-1,-1,-1
273,31215,164.00,154.00,108.00,222.00,1,-1,-1,-1
273,31216,860.00,162.00,42.00,126.00,1,-1,-1,-1
273,31217,828.00,168.00,36.00,108.00,1,-1,-1,-1
273,31218,336.00,192.00,48.00,108.00,1,-1,-1,-1
274,31215,164.00,154.00,108.00,222.00,1,-1,-1,-1
274,31216,860.00,162.00,42.00,126.00,1,-1,-1,-1
274,31217,828.00,168.00,36.00,108.00,1,-1,-1,-1
274,31218,336.00,192.00,48.00,108.00,1,-1,-1,-1
275,31215,164.00,154.00,108.00,222.00,1,-1,-1,-1
275,31216,860.00,162.00,42.00,126.00,1,-1,-1,-1
275,31217,828.00,168.00,36.00,108.00,1,-1,-1,-1
275,31218,336.00,192.00,48.00,108.00,1,-1,-1,-1
276,31215,164.00,154.00,108.00,222.00,1,-1,-1,-1
276,31216,860.00,162.00,42.00,126.00,1,-1,-1,-1
276,31217,828.00,168.00,36.00,108.00,1,-1,-1,-1
276,31218,336.00,192.00,48.00,108.00,1,-1,-1,-1
276,31219,292.00,206.00,48.00,126.00,1,-1,-1,-1
277,31219,292.00,206.00,48.00,126.00,1,-1,-1,-1
278,31219,292.00,206.00,48.00,126.00,1,-1,-1,-1
279,31219,292.00,206.00,48.00,126.00,1,-1,-1,-1
280,31219,292.00,206.00,48.00,126.00,1,-1,-1,-1
281,31219,292.00,206.00,48.00,126.00,1,-1,-1,-1
282,31219,292.00,206.00,48.00,126.00,1,-1,-1,-1
283,31219,292.00,206.00,48.00,126.00,1,-1,-1,-1
284,31219,292.00,206.00,48.00,126.00,1,-1,-1,-1
285,31219,292.00,206.00,48.00,126.00,1,-1,-1,-1
286,31219,292.00,206.00,48.00,126.00,1,-1,-1,-1
287,31219,292.00,206.00,48.00,126.00,1,-1,-1,-1
287,31220,234.00,186.00,32.00,130.00,1,-1,-1,-1
288,31220,234.00,186.00,32.00,130.00,1,-1,-1,-1
289,31220,234.00,186.00,32.00,130.00,1,-1,-1,-1
290,31220,234.00,186.00,32.00,130.00,1,-1,-1,-1
291,31220,234.00,186.00,32.00,130.00,1,-1,-1,-1
292,31220,234.00,186.00,32.00,130.00,1,-1,-1,-1
293,31220,234.00,186.00,32.00,130.00,1,-1,-1,-1
294,31220,234.00,186.00,32.00,130.00,1,-1,-1,-1
295,31220,234.00,186.00,32.00,130.00,1,-1,-1,-1
296,31220,234.00,186.00,32.00,130.00,1,-1,-1,-1
297,31220,234.00,186.00,32.00,130.00,1,-1,-1,-1
298,31220,234.00,186.00,32.00,130.00,1,-1,-1,-1
309,31221,114.00,160.00,98.00,210.00,1,-1,-1,-1
310,31219,121.91,160.29,84.12,209.47,1,-1,-1,-1
311,31219,117.03,159.34,87.57,211.20,1,-1,-1,-1
312,31219,115.03,159.06,89.70,211.71,1,-1,-1,-1
313,31219,114.12,159.01,91.15,211.81,1,-1,-1,-1
314,31219,113.66,159.03,92.23,211.77,1,-1,-1,-1
315,31219,113.41,159.08,93.06,211.68,1,-1,-1,-1
316,31219,113.28,159.14,93.72,211.57,1,-1,-1,-1
317,31219,113.22,159.20,94.26,211.46,1,-1,-1,-1
318,31219,113.20,159.27,94.72,211.34,1,-1,-1,-1
319,31219,113.21,159.33,95.10,211.23,1,-1,-1,-1
320,31219,109.21,158.26,95.98,213.18,1,-1,-1,-1
331,31222,376.00,170.00,44.00,144.00,1,-1,-1,-1
332,31222,376.00,170.00,44.00,144.00,1,-1,-1,-1
333,31222,376.00,170.00,44.00,144.00,1,-1,-1,-1
334,31222,376.00,170.00,44.00,144.00,1,-1,-1,-1
335,31222,376.00,170.00,44.00,144.00,1,-1,-1,-1
336,31222,376.00,170.00,44.00,144.00,1,-1,-1,-1
337,31222,376.00,170.00,44.00,144.00,1,-1,-1,-1
338,31222,376.00,170.00,44.00,144.00,1,-1,-1,-1
339,31222,376.00,170.00,44.00,144.00,1,-1,-1,-1
340,31222,376.00,170.00,44.00,144.00,1,-1,-1,-1
