1,14506,395.66,174.03,56.72,125.52,1,-1,-1,-1
1,14512,470.37,193.46,56.09,132.08,1,-1,-1,-1
1,14522,237.20,212.10,33.11,88.31,1,-1,-1,-1
1,14523,63.57,95.67,135.06,361.44,1,-1,-1,-1
1,14525,216.00,208.00,36.00,90.00,1,-1,-1,-1
1,14526,2.00,114.00,94.00,310.00,1,-1,-1,-1
25,14527,942.00,170.00,44.00,80.00,1,-1,-1,-1
25,14528,986.00,168.00,56.00,108.00,1,-1,-1,-1
25,14529,954.00,174.00,50.00,94.00,1,-1,-1,-1
26,14527,942.00,170.00,44.00,80.00,1,-1,-1,-1
26,14528,986.00,168.00,56.00,108.00,1,-1,-1,-1
26,14529,954.00,174.00,50.00,94.00,1,-1,-1,-1
27,14527,942.00,170.00,44.00,80.00,1,-1,-1,-1
27,14528,986.00,168.00,56.00,108.00,1,-1,-1,-1
27,14529,954.00,174.00,50.00,94.00,1,-1,-1,-1
28,14527,942.00,170.00,44.00,80.00,1,-1,-1,-1
28,14528,986.00,168.00,56.00,108.00,1,-1,-1,-1
28,14529,954.00,174.00,50.00,94.00,1,-1,-1,-1
29,14527,942.00,170.00,44.00,80.00,1,-1,-1,-1
29,14528,986.00,168.00,56.00,108.00,1,-1,-1,-1
29,14529,954.00,174.00,50.00,94.00,1,-1,-1,-1
30,14527,942.00,170.00,44.00,80.00,1,-1,-1,-1
30,14528,986.00,168.00,56.00,108.00,1,-1,-1,-1
30,14529,954.00,174.00,50.00,94.00,1,-1,-1,-1
31,14527,942.00,170.00,44.00,80.00,1,-1,-1,-1
31,14528,986.00,168.00,56.00,108.00,1,-1,-1,-1
31,14529,954.00,174.00,50.00,94.00,1,-1,-1,-1
31,14530,1078.00,204.00,40.00,64.00,1,-1,-1,-1
32,14530,1078.00,204.00,40.00,64.00,1,-1,-1,-1
33,14530,1078.00,204.00,40.00,64.00,1,-1,-1,-1
34,14530,1078.00,204.00,40.00,64.00,1,-1,-1,-1
35,14530,1078.00,204.00,40.00,64.00,1,-1,-1,-1
36,14530,1078.00,204.00,40.00,64.00,1,-1,-1,-1
37,14530,1078.00,204.00,40.00,64.00,1,-1,-1,-1
43,14531,196.00,172.00,30.00,58.00,1,-1,-1,-1
44,14531,196.00,172.00,30.00,58.00,1,-1,-1,-1
45,14531,196.00,172.00,30.00,58.00,1,-1,-1,-1
46,14531,196.00,172.00,30.00,58.00,1,-1,-1,-1
47,14531,196.00,172.00,30.00,58.00,1,-1,-1,-1
48,14531,196.00,172.00,30.00,58.00,1,-1,-1,-1
49,14531,196.00,172.00,30.00,58.00,1,-1,-1,-1
49,14532,160.00,174.00,52.00,106.00,1,-1,-1,-1
49,14533,34.00,162.00,48.00,90.00,1,-1,-1,-1
50,14532,160.00,174.00,52.00,106.00,1,-1,-1,-1
50,14533,34.00,162.00,48.00,90.00,1,-1,-1,-1
51,14532,160.00,174.00,52.00,106.00,1,-1,-1,-1
51,14533,34.00,162.00,48.00,90.00,1,-1,-1,-1
52,14532,160.00,174.00,52.00,106.00,1,-1,-1,-1
52,14533,34.00,162.00,48.00,90.00,1,-1,-1,-1
53,14532,160.00,174.00,52.00,106.00,1,-1,-1,-1
53,14533,34.00,162.00,48.00,90.00,1,-1,-1,-1
54,14532,160.00,174.00,52.00,106.00,1,-1,-1,-1
54,14533,34.00,162.00,48.00,90.00,1,-1,-1,-1
55,14532,160.00,174.00,52.00,106.00,1,-1,-1,-1
55,14533,34.00,162.00,48.00,90.00,1,-1,-1,-1
67,14534,912.00,162.00,44.00,90.00,1,-1,-1,-1
67,14535,810.00,162.00,52.00,84.00,1,-1,-1,-1
68,14534,912.00,162.00,44.00,90.00,1,-1,-1,-1
68,14535,810.00,162.00,52.00,84.00,1,-1,-1,-1
69,14534,912.00,162.00,44.00,90.00,1,-1,-1,-1
69,14535,810.00,162.00,52.00,84.00,1,-1,-1,-1
70,14534,912.00,162.00,44.00,90.00,1,-1,-1,-1
70,14535,810.00,162.00,52.00,84.00,1,-1,-1,-1
71,14534,912.00,162.00,44.00,90.00,1,-1,-1,-1
71,14535,810.00,162.00,52.00,84.00,1,-1,-1,-1
72,14534,912.00,162.00,44.00,90.00,1,-1,-1,-1
72,14535,810.00,162.00,52.00,84.00,1,-1,-1,-1
73,14532,230.95,183.93,33.23,62.31,1,-1,-1,-1
73,14534,912.00,162.00,44.00,90.00,1,-1,-1,-1
73,14535,810.00,162.00,52.00,84.00,1,-1,-1,-1
73,14536,926.00,168.00,68.00,112.00,1,-1,-1,-1
74,14532,231.06,184.07,34.75,61.69,1,-1,-1,-1
74,14536,926.00,168.00,68.00,112.00,1,-1,-1,-1
75,14532,230.96,184.15,35.93,61.34,1,-1,-1,-1
75,14536,926.00,168.00,68.00,112.00,1,-1,-1,-1
76,14532,230.50,184.16,36.97,61.30,1,-1,-1,-1
76,14536,926.00,168.00,68.00,112.00,1,-1,-1,-1
77,14532,229.96,184.14,37.86,61.37,1,-1,-1,-1
77,14536,926.00,168.00,68.00,112.00,1,-1,-1,-1
78,14532,229.47,184.13,38.61,61.45,1,-1,-1,-1
78,14536,926.00,168.00,68.00,112.00,1,-1,-1,-1
79,14532,231.08,184.34,38.02,60.52,1,-1,-1,-1
79,14533,211.83,171.96,54.86,99.96,1,-1,-1,-1
79,14536,924.31,183.26,49.19,80.09,1,-1,-1,-1
79,14537,954.00,194.00,36.00,56.00,1,-1,-1,-1
79,14538,102.00,180.00,56.00,90.00,1,-1,-1,-1
80,14533,214.19,172.12,55.95,100.12,1,-1,-1,-1
80,14536,923.56,189.17,42.10,67.74,1,-1,-1,-1
80,14537,954.00,194.00,36.00,56.00,1,-1,-1,-1
80,14538,102.00,180.00,56.00,90.00,1,-1,-1,-1
81,14533,214.82,172.17,56.68,100.17,1,-1,-1,-1
81,14536,923.21,190.57,40.75,64.81,1,-1,-1,-1
81,14537,954.00,194.00,36.00,56.00,1,-1,-1,-1
81,14538,102.00,180.00,56.00,90.00,1,-1,-1,-1
82,14533,214.73,172.18,57.21,100.18,1,-1,-1,-1
82,14536,922.96,190.90,40.78,64.12,1,-1,-1,-1
82,14537,954.00,194.00,36.00,56.00,1,-1,-1,-1
82,14538,102.00,180.00,56.00,90.00,1,-1,-1,-1
83,14533,214.38,172.18,57.61,100.18,1,-1,-1,-1
83,14536,922.73,190.90,41.23,64.12,1,-1,-1,-1
83,14537,954.00,194.00,36.00,56.00,1,-1,-1,-1
83,14538,102.00,180.00,56.00,90.00,1,-1,-1,-1
84,14533,213.98,172.16,57.93,100.16,1,-1,-1,-1
84,14536,922.52,190.81,41.78,64.30,1,-1,-1,-1
84,14537,954.00,194.00,36.00,56.00,1,-1,-1,-1
84,14538,102.00,180.00,56.00,90.00,1,-1,-1,-1
85,14533,218.69,172.42,58.08,100.42,1,-1,-1,-1
85,14536,922.45,192.33,39.71,61.12,1,-1,-1,-1
85,14537,954.00,194.00,36.00,56.00,1,-1,-1,-1
85,14538,102.00,180.00,56.00,90.00,1,-1,-1,-1
85,14539,368.00,178.00,28.00,50.00,1,-1,-1,-1
86,14539,368.00,178.00,28.00,50.00,1,-1,-1,-1
87,14539,368.00,178.00,28.00,50.00,1,-1,-1,-1
88,14539,368.00,178.00,28.00,50.00,1,-1,-1,-1
89,14539,368.00,178.00,28.00,50.00,1,-1,-1,-1
90,14539,368.00,178.00,28.00,50.00,1,-1,-1,-1
91,14539,368.00,178.00,28.00,50.00,1,-1,-1,-1
91,14540,16.00,176.00,48.00,94.00,1,-1,-1,-1
91,14541,310.00,170.00,50.00,82.00,1,-1,-1,-1
91,14542,1134.00,206.00,24.00,28.00,1,-1,-1,-1
91,14543,1048.00,200.00,52.00,92.00,1,-1,-1,-1
92,14540,16.00,176.00,48.00,94.00,1,-1,-1,-1
92,14541,310.00,170.00,50.00,82.00,1,-1,-1,-1
92,14542,1134.00,206.00,24.00,28.00,1,-1,-1,-1
92,14543,1048.00,200.00,52.00,92.00,1,-1,-1,-1
93,14540,16.00,176.00,48.00,94.00,1,-1,-1,-1
93,14541,310.00,170.00,50.00,82.00,1,-1,-1,-1
93,14542,1134.00,206.00,24.00,28.00,1,-1,-1,-1
93,14543,1048.00,200.00,52.00,92.00,1,-1,-1,-1
94,14540,16.00,176.00,48.00,94.00,1,-1,-1,-1
94,14541,310.00,170.00,50.00,82.00,1,-1,-1,-1
94,14542,1134.00,206.00,24.00,28.00,1,-1,-1,-1
94,14543,1048.00,200.00,52.00,92.00,1,-1,-1,-1
95,14540,16.00,176.00,48.00,94.00,1,-1,-1,-1
95,14541,310.00,170.00,50.00,82.00,1,-1,-1,-1
95,14542,1134.00,206.00,24.00,28.00,1,-1,-1,-1
95,14543,1048.00,200.00,52.00,92.00,1,-1,-1,-1
96,14540,16.00,176.00,48.00,94.00,1,-1,-1,-1
96,14541,310.00,170.00,50.00,82.00,1,-1,-1,-1
96,14542,1134.00,206.00,24.00,28.00,1,-1,-1,-1
96,14543,1048.00,200.00,52.00,92.00,1,-1,-1,-1
97,14538,10.94,172.12,72.56,121.54,1,-1,-1,-1
97,14540,16.00,176.00,48.00,94.00,1,-1,-1,-1
97,14541,310.00,170.00,50.00,82.00,1,-1,-1,-1
97,14542,1134.00,206.00,24.00,28.00,1,-1,-1,-1
97,14543,1048.00,200.00,52.00,92.00,1,-1,-1,-1
97,14544,130.00,176.00,72.00,112.00,1,-1,-1,-1
98,14538,9.06,171.85,70.80,122.58,1,-1,-1,-1
98,14544,130.00,176.00,72.00,112.00,1,-1,-1,-1
99,14538,9.02,171.77,69.09,122.93,1,-1,-1,-1
99,14544,130.00,176.00,72.00,112.00,1,-1,-1,-1
100,14538,9.57,171.75,67.57,123.01,1,-1,-1,-1
100,14544,130.00,176.00,72.00,112.00,1,-1,-1,-1
101,14538,10.29,171.75,66.24,122.99,1,-1,-1,-1
101,14544,130.00,176.00,72.00,112.00,1,-1,-1,-1
102,14538,11.00,171.77,65.10,122.93,1,-1,-1,-1
102,14544,130.00,176.00,72.00,112.00,1,-1,-1,-1
103,14538,6.70,171.39,65.89,124.42,1,-1,-1,-1
103,14544,130.00,176.00,72.00,112.00,1,-1,-1,-1
115,14538,15.86,150.56,56.75,107.20,1,-1,-1,-1
116,14538,17.18,149.83,56.20,106.20,1,-1,-1,-1
117,14538,17.43,149.56,56.04,105.93,1,-1,-1,-1
118,14538,17.54,149.49,55.98,105.84,1,-1,-1,-1
119,14538,17.62,149.51,55.96,105.82,1,-1,-1,-1
120,14538,17.67,149.55,55.96,105.83,1,-1,-1,-1
121,14538,17.18,148.80,55.81,105.54,1,-1,-1,-1
127,14545,780.00,202.00,184.00,120.00,1,-1,-1,-1
128,14545,780.00,202.00,184.00,120.00,1,-1,-1,-1
129,14545,780.00,202.00,184.00,120.00,1,-1,-1,-1
130,14545,780.00,202.00,184.00,120.00,1,-1,-1,-1
131,14545,780.00,202.00,184.00,120.00,1,-1,-1,-1
132,14545,780.00,202.00,184.00,120.00,1,-1,-1,-1
133,14545,787.87,202.00,182.12,120.00,1,-1,-1,-1
134,14545,791.33,202.00,180.19,120.00,1,-1,-1,-1
135,14545,793.16,202.00,178.24,120.00,1,-1,-1,-1
136,14545,794.38,202.00,176.32,120.00,1,-1,-1,-1
137,14545,795.36,202.00,174.45,120.00,1,-1,-1,-1
138,14545,796.23,202.00,172.65,120.00,1,-1,-1,-1
139,14545,797.18,202.00,172.65,120.00,1,-1,-1,-1
151,14546,804.00,252.00,222.00,112.00,1,-1,-1,-1
151,14547,1074.00,204.00,60.00,84.00,1,-1,-1,-1
152,14546,804.00,252.00,222.00,112.00,1,-1,-1,-1
152,14547,1074.00,204.00,60.00,84.00,1,-1,-1,-1
153,14546,804.00,252.00,222.00,112.00,1,-1,-1,-1
153,14547,1074.00,204.00,60.00,84.00,1,-1,-1,-1
154,14546,804.00,252.00,222.00,112.00,1,-1,-1,-1
154,14547,1074.00,204.00,60.00,84.00,1,-1,-1,-1
155,14546,804.00,252.00,222.00,112.00,1,-1,-1,-1
155,14547,1074.00,204.00,60.00,84.00,1,-1,-1,-1
156,14546,804.00,252.00,222.00,112.00,1,-1,-1,-1
156,14547,1074.00,204.00,60.00,84.00,1,-1,-1,-1
157,14546,804.00,252.00,222.00,112.00,1,-1,-1,-1
157,14547,1074.00,204.00,60.00,84.00,1,-1,-1,-1
163,14548,888.00,184.00,52.00,88.00,1,-1,-1,-1
164,14548,888.00,184.00,52.00,88.00,1,-1,-1,-1
165,14548,888.00,184.00,52.00,88.00,1,-1,-1,-1
166,14548,888.00,184.00,52.00,88.00,1,-1,-1,-1
167,14548,888.00,184.00,52.00,88.00,1,-1,-1,-1
168,14548,888.00,184.00,52.00,88.00,1,-1,-1,-1
169,14548,888.00,184.00,52.00,88.00,1,-1,-1,-1
229,14549,794.00,194.00,54.00,108.00,1,-1,-1,-1
230,14549,794.00,194.00,54.00,108.00,1,-1,-1,-1
231,14549,794.00,194.00,54.00,108.00,1,-1,-1,-1
232,14549,794.00,194.00,54.00,108.00,1,-1,-1,-1
233,14549,794.00,194.00,54.00,108.00,1,-1,-1,-1
234,14549,794.00,194.00,54.00,108.00,1,-1,-1,-1
235,14549,794.00,194.00,54.00,108.00,1,-1,-1,-1
235,14550,1004.00,152.00,150.00,218.00,1,-1,-1,-1
236,14550,1004.00,152.00,150.00,218.00,1,-1,-1,-1
237,14550,1004.00,152.00,150.00,218.00,1,-1,-1,-1
238,14550,1004.00,152.00,150.00,218.00,1,-1,-1,-1
239,14550,1004.00,152.00,150.00,218.00,1,-1,-1,-1
240,14550,1004.00,152.00,150.00,218.00,1,-1,-1,-1
241,14550,1004.00,152.00,150.00,218.00,1,-1,-1,-1
253,14551,354.00,178.00,54.00,96.00,1,-1,-1,-1
253,14552,452.00,176.00,36.00,74.00,1,-1,-1,-1
254,14551,354.00,178.00,54.00,96.00,1,-1,-1,-1
254,14552,452.00,176.00,36.00,74.00,1,-1,-1,-1
255,14551,354.00,178.00,54.00,96.00,1,-1,-1,-1
255,14552,452.00,176.00,36.00,74.00,1,-1,-1,-1
256,14551,354.00,178.00,54.00,96.00,1,-1,-1,-1
256,14552,452.00,176.00,36.00,74.00,1,-1,-1,-1
257,14551,354.00,178.00,54.00,96.00,1,-1,-1,-1
257,14552,452.00,176.00,36.00,74.00,1,-1,-1,-1
258,14551,354.00,178.00,54.00,96.00,1,-1,-1,-1
258,14552,452.00,176.00,36.00,74.00,1,-1,-1,-1
259,14551,354.00,178.00,54.00,96.00,1,-1,-1,-1
259,14552,452.00,176.00,36.00,74.00,1,-1,-1,-1
259,14553,204.00,178.00,66.00,154.00,1,-1,-1,-1
259,14554,382.00,190.00,44.00,100.00,1,-1,-1,-1
259,14555,328.00,188.00,48.00,108.00,1,-1,-1,-1
259,14556,404.00,180.00,40.00,90.00,1,-1,-1,-1
260,14551,372.20,187.76,55.01,99.25,1,-1,-1,-1
260,14553,204.00,178.00,66.00,154.00,1,-1,-1,-1
260,14555,328.00,188.00,48.00,108.00,1,-1,-1,-1
260,14556,404.00,180.00,40.00,90.00,1,-1,-1,-1
261,14551,376.28,189.77,54.56,99.92,1,-1,-1,-1
261,14553,204.00,178.00,66.00,154.00,1,-1,-1,-1
261,14555,328.00,188.00,48.00,108.00,1,-1,-1,-1
261,14556,404.00,180.00,40.00,90.00,1,-1,-1,-1
262,14551,377.93,190.45,53.88,100.15,1,-1,-1,-1
262,14553,204.00,178.00,66.00,154.00,1,-1,-1,-1
262,14555,328.00,188.00,48.00,108.00,1,-1,-1,-1
262,14556,404.00,180.00,40.00,90.00,1,-1,-1,-1
263,14551,378.67,190.65,53.14,100.22,1,-1,-1,-1
263,14553,204.00,178.00,66.00,154.00,1,-1,-1,-1
263,14555,328.00,188.00,48.00,108.00,1,-1,-1,-1
263,14556,404.00,180.00,40.00,90.00,1,-1,-1,-1
264,14551,379.08,190.67,52.41,100.22,1,-1,-1,-1
264,14553,204.00,178.00,66.00,154.00,1,-1,-1,-1
264,14555,328.00,188.00,48.00,108.00,1,-1,-1,-1
264,14556,404.00,180.00,40.00,90.00,1,-1,-1,-1
265,14550,853.96,165.94,73.62,116.42,1,-1,-1,-1
265,14551,381.24,191.85,52.61,100.62,1,-1,-1,-1
265,14553,204.00,178.00,66.00,154.00,1,-1,-1,-1
265,14555,340.93,181.06,47.11,105.23,1,-1,-1,-1
265,14556,404.00,180.00,40.00,90.00,1,-1,-1,-1
266,14550,854.56,166.07,68.87,115.46,1,-1,-1,-1
266,14555,345.49,178.56,47.01,104.22,1,-1,-1,-1
267,14550,855.02,166.16,65.60,114.82,1,-1,-1,-1
267,14555,346.91,177.72,47.21,103.89,1,-1,-1,-1
268,14550,856.04,166.17,63.42,114.79,1,-1,-1,-1
268,14555,347.21,177.47,47.51,103.79,1,-1,-1,-1
269,14550,857.10,166.15,61.82,114.93,1,-1,-1,-1
269,14555,347.11,177.43,47.84,103.77,1,-1,-1,-1
270,14550,858.02,166.13,60.56,115.08,1,-1,-1,-1
270,14555,346.89,177.46,48.17,103.78,1,-1,-1,-1
271,14550,855.57,166.34,59.75,113.54,1,-1,-1,-1
271,14555,348.65,176.53,48.00,103.41,1,-1,-1,-1
277,14557,332.00,184.00,52.00,80.00,1,-1,-1,-1
278,14555,339.35,183.38,39.63,80.92,1,-1,-1,-1
279,14555,337.88,183.86,40.72,79.77,1,-1,-1,-1
280,14555,337.06,183.99,41.86,79.37,1,-1,-1,-1
281,14555,336.44,184.03,42.94,79.27,1,-1,-1,-1
282,14555,335.93,184.04,43.92,79.30,1,-1,-1,-1
283,14555,335.49,182.71,47.47,86.05,1,-1,-1,-1
284,14555,335.39,182.22,48.64,88.49,1,-1,-1,-1
285,14555,335.39,182.04,49.02,89.46,1,-1,-1,-1
286,14555,335.43,181.97,49.10,89.84,1,-1,-1,-1
287,14555,335.48,181.95,49.05,89.98,1,-1,-1,-1
288,14555,335.53,181.94,48.97,90.03,1,-1,-1,-1
289,14555,335.53,181.84,49.03,90.13,1,-1,-1,-1
313,14558,6.00,138.00,174.00,230.00,1,-1,-1,-1
314,14558,6.00,138.00,174.00,230.00,1,-1,-1,-1
315,14558,6.00,138.00,174.00,230.00,1,-1,-1,-1
316,14558,6.00,138.00,174.00,230.00,1,-1,-1,-1
317,14558,6.00,138.00,174.00,230.00,1,-1,-1,-1
318,14558,6.00,138.00,174.00,230.00,1,-1,-1,-1
319,14558,6.00,138.00,174.00,230.00,1,-1,-1,-1
319,14559,210.00,120.00,48.00,94.00,1,-1,-1,-1
320,14559,210.00,120.00,48.00,94.00,1,-1,-1,-1
321,14559,210.00,120.00,48.00,94.00,1,-1,-1,-1
322,14559,210.00,120.00,48.00,94.00,1,-1,-1,-1
323,14559,210.00,120.00,48.00,94.00,1,-1,-1,-1
324,14559,210.00,120.00,48.00,94.00,1,-1,-1,-1
325,14559,210.00,120.00,48.00,94.00,1,-1,-1,-1
337,14560,948.00,184.00,34.00,64.00,1,-1,-1,-1
338,14560,948.00,184.00,34.00,64.00,1,-1,-1,-1
339,14560,948.00,184.00,34.00,64.00,1,-1,-1,-1
340,14560,948.00,184.00,34.00,64.00,1,-1,-1,-1
