19,14577,714.00,280.00,44.00,106.00,1,-1,-1,-1
20,14577,714.00,280.00,44.00,106.00,1,-1,-1,-1
21,14577,714.00,280.00,44.00,106.00,1,-1,-1,-1
22,14577,714.00,280.00,44.00,106.00,1,-1,-1,-1
23,14577,714.00,280.00,44.00,106.00,1,-1,-1,-1
24,14577,714.00,280.00,44.00,106.00,1,-1,-1,-1
25,14577,714.00,280.00,44.00,106.00,1,-1,-1,-1
25,14578,674.00,266.00,44.00,100.00,1,-1,-1,-1
26,14578,674.00,266.00,44.00,100.00,1,-1,-1,-1
27,14577,680.00,267.75,42.01,100.75,1,-1,-1,-1
28,14577,675.12,266.02,41.88,100.01,1,-1,-1,-1
29,14577,673.49,265.46,41.96,99.77,1,-1,-1,-1
30,14577,673.00,265.32,42.09,99.71,1,-1,-1,-1
31,14577,654.42,254.65,41.90,99.71,1,-1,-1,-1
31,14579,380.00,186.00,38.00,98.00,1,-1,-1,-1
32,14577,647.71,250.73,41.74,99.73,1,-1,-1,-1
32,14579,380.00,186.00,38.00,98.00,1,-1,-1,-1
33,14577,645.45,249.36,41.58,99.75,1,-1,-1,-1
33,14579,380.00,186.00,38.00,98.00,1,-1,-1,-1
34,14577,644.85,248.94,41.44,99.78,1,-1,-1,-1
34,14579,380.00,186.00,38.00,98.00,1,-1,-1,-1
35,14577,644.84,248.86,41.31,99.80,1,-1,-1,-1
35,14579,380.00,186.00,38.00,98.00,1,-1,-1,-1
36,14577,645.04,248.91,41.19,99.82,1,-1,-1,-1
36,14579,380.00,186.00,38.00,98.00,1,-1,-1,-1
37,14577,641.14,247.07,41.08,99.54,1,-1,-1,-1
37,14579,380.00,186.00,38.00,98.00,1,-1,-1,-1
43,14577,577.40,232.24,38.39,92.34,1,-1,-1,-1
43,14580,414.00,174.00,40.00,94.00,1,-1,-1,-1
43,14581,730.00,264.00,34.00,126.00,1,-1,-1,-1
44,14577,573.48,231.44,38.43,91.90,1,-1,-1,-1
44,14580,414.00,174.00,40.00,94.00,1,-1,-1,-1
44,14581,730.00,264.00,34.00,126.00,1,-1,-1,-1
45,14577,572.04,231.14,38.55,91.74,1,-1,-1,-1
45,14580,414.00,174.00,40.00,94.00,1,-1,-1,-1
45,14581,730.00,264.00,34.00,126.00,1,-1,-1,-1
46,14577,571.63,231.08,38.69,91.70,1,-1,-1,-1
46,14580,414.00,174.00,40.00,94.00,1,-1,-1,-1
46,14581,730.00,264.00,34.00,126.00,1,-1,-1,-1
47,14577,571.64,231.12,38.83,91.71,1,-1,-1,-1
47,14580,414.00,174.00,40.00,94.00,1,-1,-1,-1
47,14581,730.00,264.00,34.00,126.00,1,-1,-1,-1
48,14577,571.80,231.19,38.95,91.73,1,-1,-1,-1
48,14580,414.00,174.00,40.00,94.00,1,-1,-1,-1
48,14581,730.00,264.00,34.00,126.00,1,-1,-1,-1
49,14577,559.42,226.01,36.58,87.81,1,-1,-1,-1
49,14580,417.07,172.61,38.02,89.84,1,-1,-1,-1
49,14581,730.00,264.00,34.00,126.00,1,-1,-1,-1
50,14577,555.10,224.10,35.35,86.34,1,-1,-1,-1
50,14580,418.25,172.11,37.17,88.33,1,-1,-1,-1
51,14577,553.83,223.45,34.61,85.83,1,-1,-1,-1
51,14580,418.71,171.94,36.75,87.83,1,-1,-1,-1
52,14577,553.65,223.27,34.07,85.66,1,-1,-1,-1
52,14580,418.91,171.89,36.49,87.68,1,-1,-1,-1
53,14577,553.86,223.25,33.64,85.63,1,-1,-1,-1
53,14580,419.03,171.89,36.28,87.66,1,-1,-1,-1
54,14577,554.19,223.29,33.27,85.64,1,-1,-1,-1
54,14580,419.11,171.89,36.09,87.68,1,-1,-1,-1
55,14577,550.67,222.10,33.03,85.03,1,-1,-1,-1
55,14580,419.50,171.71,35.87,87.13,1,-1,-1,-1
55,14582,642.00,254.00,42.00,104.00,1,-1,-1,-1
56,14581,650.84,254.33,29.90,104.73,1,-1,-1,-1
57,14581,646.43,253.87,30.99,103.72,1,-1,-1,-1
58,14581,644.51,253.71,32.07,103.36,1,-1,-1,-1
59,14581,643.70,253.67,33.07,103.28,1,-1,-1,-1
60,14581,643.35,253.68,33.98,103.30,1,-1,-1,-1
61,14577,492.47,208.39,33.39,85.74,1,-1,-1,-1
61,14581,638.92,253.13,33.59,102.09,1,-1,-1,-1
62,14577,488.91,207.59,33.49,85.82,1,-1,-1,-1
63,14577,487.66,207.31,33.56,85.85,1,-1,-1,-1
64,14577,487.35,207.24,33.61,85.87,1,-1,-1,-1
65,14577,487.39,207.27,33.65,85.88,1,-1,-1,-1
66,14577,487.56,207.32,33.69,85.89,1,-1,-1,-1
67,14577,483.32,206.20,33.63,85.72,1,-1,-1,-1
67,14581,596.45,219.56,34.56,105.45,1,-1,-1,-1
68,14581,594.06,217.53,34.54,105.70,1,-1,-1,-1
69,14581,593.28,216.84,34.49,105.79,1,-1,-1,-1
70,14581,593.16,216.66,34.44,105.83,1,-1,-1,-1
71,14581,593.29,216.67,34.39,105.86,1,-1,-1,-1
72,14581,593.49,216.76,34.34,105.87,1,-1,-1,-1
73,14577,459.64,192.46,30.67,78.41,1,-1,-1,-1
73,14580,426.39,189.82,31.23,77.99,1,-1,-1,-1
73,14581,589.69,214.71,34.28,105.67,1,-1,-1,-1
74,14577,458.55,191.66,30.41,77.94,1,-1,-1,-1
74,14580,426.79,190.20,30.58,77.84,1,-1,-1,-1
75,14577,458.11,191.37,30.29,77.78,1,-1,-1,-1
75,14580,427.04,190.34,30.13,77.78,1,-1,-1,-1
76,14577,458.06,191.30,30.23,77.73,1,-1,-1,-1
76,14580,427.21,190.37,29.81,77.77,1,-1,-1,-1
77,14577,458.17,191.33,30.19,77.74,1,-1,-1,-1
77,14580,427.33,190.35,29.56,77.79,1,-1,-1,-1
78,14577,458.32,191.38,30.16,77.75,1,-1,-1,-1
78,14580,427.42,190.32,29.36,77.81,1,-1,-1,-1
79,14577,455.67,179.60,33.14,85.67,1,-1,-1,-1
79,14580,424.99,185.03,30.25,80.46,1,-1,-1,-1
79,14581,574.37,194.52,32.37,96.53,1,-1,-1,-1
80,14577,454.72,175.29,34.17,88.56,1,-1,-1,-1
80,14580,424.11,183.05,30.53,81.45,1,-1,-1,-1
80,14581,573.39,193.39,32.99,95.93,1,-1,-1,-1
81,14577,454.47,173.64,34.54,89.70,1,-1,-1,-1
81,14580,423.80,182.29,30.59,81.83,1,-1,-1,-1
81,14581,572.80,192.97,33.57,95.73,1,-1,-1,-1
82,14577,454.47,173.08,34.63,90.13,1,-1,-1,-1
82,14580,423.70,182.01,30.57,81.98,1,-1,-1,-1
82,14581,572.51,192.88,34.09,95.67,1,-1,-1,-1
83,14577,454.56,172.93,34.63,90.27,1,-1,-1,-1
83,14580,423.69,181.91,30.53,82.03,1,-1,-1,-1
83,14581,572.37,192.92,34.53,95.67,1,-1,-1,-1
84,14577,454.68,172.94,34.59,90.31,1,-1,-1,-1
84,14580,423.70,181.88,30.48,82.04,1,-1,-1,-1
84,14581,572.29,193.00,34.92,95.70,1,-1,-1,-1
85,14577,452.93,171.15,34.80,90.87,1,-1,-1,-1
85,14580,423.57,181.64,30.51,82.13,1,-1,-1,-1
85,14581,570.33,191.35,34.74,95.19,1,-1,-1,-1
91,14581,566.25,189.51,26.97,73.16,1,-1,-1,-1
92,14581,566.17,189.62,26.68,71.82,1,-1,-1,-1
93,14581,566.01,189.59,26.68,71.36,1,-1,-1,-1
94,14581,565.95,189.60,26.77,71.25,1,-1,-1,-1
95,14581,565.94,189.64,26.89,71.27,1,-1,-1,-1
96,14581,565.94,189.67,27.00,71.33,1,-1,-1,-1
97,14581,565.23,189.13,26.58,70.21,1,-1,-1,-1
97,14583,376.00,188.00,38.00,78.00,1,-1,-1,-1
98,14577,380.54,186.98,31.66,78.51,1,-1,-1,-1
99,14577,377.93,187.81,32.56,78.01,1,-1,-1,-1
100,14577,376.70,188.05,33.32,77.84,1,-1,-1,-1
101,14577,376.20,188.12,33.94,77.80,1,-1,-1,-1
102,14577,376.01,188.14,34.46,77.80,1,-1,-1,-1
103,14577,373.07,188.40,34.30,77.44,1,-1,-1,-1
103,14581,589.22,161.22,26.61,69.69,1,-1,-1,-1
104,14581,590.59,159.58,26.80,69.69,1,-1,-1,-1
105,14581,591.02,159.02,26.94,69.70,1,-1,-1,-1
106,14581,591.10,158.88,27.06,69.72,1,-1,-1,-1
107,14581,591.06,158.90,27.17,69.74,1,-1,-1,-1
108,14581,590.98,158.97,27.26,69.76,1,-1,-1,-1
109,14581,587.94,155.13,26.70,68.48,1,-1,-1,-1
109,14584,564.00,136.00,32.00,78.00,1,-1,-1,-1
109,14585,532.00,144.00,32.00,64.00,1,-1,-1,-1
110,14581,586.76,153.74,26.46,68.00,1,-1,-1,-1
110,14584,564.00,136.00,32.00,78.00,1,-1,-1,-1
110,14585,532.00,144.00,32.00,64.00,1,-1,-1,-1
111,14581,586.32,153.28,26.35,67.84,1,-1,-1,-1
111,14584,564.00,136.00,32.00,78.00,1,-1,-1,-1
111,14585,532.00,144.00,32.00,64.00,1,-1,-1,-1
112,14581,586.15,153.16,26.29,67.79,1,-1,-1,-1
112,14584,564.00,136.00,32.00,78.00,1,-1,-1,-1
112,14585,532.00,144.00,32.00,64.00,1,-1,-1,-1
113,14581,586.08,153.17,26.25,67.79,1,-1,-1,-1
113,14584,564.00,136.00,32.00,78.00,1,-1,-1,-1
113,14585,532.00,144.00,32.00,64.00,1,-1,-1,-1
114,14581,586.05,153.23,26.22,67.80,1,-1,-1,-1
114,14584,564.00,136.00,32.00,78.00,1,-1,-1,-1
114,14585,532.00,144.00,32.00,64.00,1,-1,-1,-1
115,14581,586.36,151.94,26.09,67.47,1,-1,-1,-1
115,14584,560.07,131.84,32.93,80.77,1,-1,-1,-1
115,14585,540.44,141.23,31.77,64.00,1,-1,-1,-1
116,14584,558.74,130.36,33.11,81.76,1,-1,-1,-1
116,14585,543.55,140.23,31.52,64.00,1,-1,-1,-1
117,14584,558.34,129.83,33.03,82.11,1,-1,-1,-1
117,14585,544.70,139.89,31.28,64.00,1,-1,-1,-1
118,14584,558.30,129.67,32.85,82.22,1,-1,-1,-1
118,14585,545.13,139.78,31.04,64.00,1,-1,-1,-1
119,14584,558.38,129.64,32.65,82.24,1,-1,-1,-1
119,14585,545.30,139.77,30.81,64.00,1,-1,-1,-1
120,14584,558.49,129.66,32.44,82.23,1,-1,-1,-1
120,14585,545.38,139.78,30.58,64.00,1,-1,-1,-1
121,14584,564.95,132.32,28.81,71.67,1,-1,-1,-1
121,14585,546.51,139.40,30.58,64.00,1,-1,-1,-1
121,14586,640.00,136.00,22.00,68.00,1,-1,-1,-1
122,14584,567.41,133.42,27.60,67.49,1,-1,-1,-1
122,14586,640.00,136.00,22.00,68.00,1,-1,-1,-1
123,14584,568.11,133.80,27.47,66.09,1,-1,-1,-1
123,14586,640.00,136.00,22.00,68.00,1,-1,-1,-1
124,14584,568.21,133.93,27.68,65.64,1,-1,-1,-1
124,14586,640.00,136.00,22.00,68.00,1,-1,-1,-1
125,14584,568.12,133.98,28.00,65.52,1,-1,-1,-1
125,14586,640.00,136.00,22.00,68.00,1,-1,-1,-1
126,14584,567.96,134.00,28.33,65.51,1,-1,-1,-1
126,14586,640.00,136.00,22.00,68.00,1,-1,-1,-1
127,14584,568.40,134.00,27.95,64.64,1,-1,-1,-1
127,14585,585.49,128.52,29.22,60.23,1,-1,-1,-1
127,14586,640.00,136.00,22.00,68.00,1,-1,-1,-1
127,14587,558.00,224.00,30.00,80.00,1,-1,-1,-1
128,14585,587.76,127.85,29.45,59.98,1,-1,-1,-1
128,14587,558.00,224.00,30.00,80.00,1,-1,-1,-1
129,14585,588.46,127.61,29.71,59.90,1,-1,-1,-1
129,14587,558.00,224.00,30.00,80.00,1,-1,-1,-1
130,14585,588.56,127.55,29.95,59.87,1,-1,-1,-1
130,14587,558.00,224.00,30.00,80.00,1,-1,-1,-1
131,14585,588.43,127.56,30.17,59.87,1,-1,-1,-1
131,14587,558.00,224.00,30.00,80.00,1,-1,-1,-1
132,14585,588.23,127.59,30.36,59.88,1,-1,-1,-1
132,14587,558.00,224.00,30.00,80.00,1,-1,-1,-1
133,14585,593.83,125.00,29.42,57.27,1,-1,-1,-1
133,14586,658.96,122.57,22.44,68.00,1,-1,-1,-1
133,14587,558.00,224.00,30.00,80.00,1,-1,-1,-1
134,14585,595.75,124.04,29.25,56.28,1,-1,-1,-1
134,14586,659.89,121.79,22.81,68.00,1,-1,-1,-1
135,14585,596.29,123.72,29.36,55.93,1,-1,-1,-1
135,14586,660.11,121.52,23.15,68.00,1,-1,-1,-1
136,14585,596.34,123.63,29.56,55.82,1,-1,-1,-1
136,14586,660.05,121.46,23.44,68.00,1,-1,-1,-1
137,14585,596.21,123.62,29.78,55.79,1,-1,-1,-1
137,14586,659.91,121.47,23.70,68.00,1,-1,-1,-1
138,14585,596.02,123.64,29.99,55.79,1,-1,-1,-1
138,14586,659.74,121.51,23.93,68.00,1,-1,-1,-1
139,14581,642.32,122.00,22.84,58.01,1,-1,-1,-1
139,14585,600.88,122.36,30.62,58.44,1,-1,-1,-1
139,14586,660.89,120.70,23.93,68.00,1,-1,-1,-1
140,14581,643.05,121.62,23.04,57.88,1,-1,-1,-1
140,14585,602.87,121.89,30.42,59.43,1,-1,-1,-1
141,14581,643.29,121.48,23.19,57.84,1,-1,-1,-1
141,14585,603.76,121.73,29.97,59.81,1,-1,-1,-1
142,14581,643.27,121.47,23.31,57.83,1,-1,-1,-1
142,14585,604.20,121.69,29.46,59.96,1,-1,-1,-1
143,14581,643.17,121.50,23.40,57.84,1,-1,-1,-1
143,14585,604.46,121.70,28.95,60.01,1,-1,-1,-1
144,14581,643.06,121.55,23.48,57.86,1,-1,-1,-1
144,14585,604.64,121.72,28.49,60.03,1,-1,-1,-1
145,14581,641.89,125.55,21.69,51.27,1,-1,-1,-1
145,14585,606.09,121.25,28.52,60.09,1,-1,-1,-1
145,14586,697.34,117.87,19.75,54.86,1,-1,-1,-1
145,14588,706.00,222.00,32.00,88.00,1,-1,-1,-1
146,14581,641.17,127.17,21.31,48.73,1,-1,-1,-1
146,14586,699.46,117.80,19.77,53.98,1,-1,-1,-1
146,14588,706.00,222.00,32.00,88.00,1,-1,-1,-1
147,14581,640.74,127.73,21.52,47.89,1,-1,-1,-1
147,14586,700.11,117.74,19.95,53.69,1,-1,-1,-1
147,14588,706.00,222.00,32.00,88.00,1,-1,-1,-1
148,14581,640.41,127.92,21.89,47.62,1,-1,-1,-1
148,14586,700.19,117.74,20.15,53.61,1,-1,-1,-1
148,14588,706.00,222.00,32.00,88.00,1,-1,-1,-1
149,14581,640.15,127.99,22.28,47.56,1,-1,-1,-1
149,14586,700.06,117.76,20.35,53.62,1,-1,-1,-1
149,14588,706.00,222.00,32.00,88.00,1,-1,-1,-1
150,14581,639.92,128.02,22.66,47.57,1,-1,-1,-1
150,14586,699.87,117.78,20.52,53.65,1,-1,-1,-1
150,14588,706.00,222.00,32.00,88.00,1,-1,-1,-1
151,14581,640.49,128.07,22.30,46.82,1,-1,-1,-1
151,14585,648.23,119.90,25.13,52.55,1,-1,-1,-1
151,14586,694.07,115.15,22.60,58.99,1,-1,-1,-1
151,14588,706.00,222.00,32.00,88.00,1,-1,-1,-1
151,14589,588.00,224.00,32.00,94.00,1,-1,-1,-1
152,14585,650.89,119.87,25.02,52.02,1,-1,-1,-1
152,14586,691.97,114.19,23.36,60.93,1,-1,-1,-1
152,14589,588.00,224.00,32.00,94.00,1,-1,-1,-1
153,14585,651.77,119.85,25.06,51.85,1,-1,-1,-1
153,14586,691.07,113.84,23.68,61.70,1,-1,-1,-1
153,14589,588.00,224.00,32.00,94.00,1,-1,-1,-1
154,14585,651.97,119.85,25.14,51.79,1,-1,-1,-1
154,14586,690.68,113.72,23.82,61.99,1,-1,-1,-1
154,14589,588.00,224.00,32.00,94.00,1,-1,-1,-1
155,14585,651.91,119.86,25.23,51.79,1,-1,-1,-1
155,14586,690.51,113.70,23.87,62.10,1,-1,-1,-1
155,14589,588.00,224.00,32.00,94.00,1,-1,-1,-1
156,14585,651.76,119.87,25.31,51.80,1,-1,-1,-1
156,14586,690.41,113.71,23.90,62.13,1,-1,-1,-1
156,14589,588.00,224.00,32.00,94.00,1,-1,-1,-1
157,14585,658.46,122.52,24.84,50.50,1,-1,-1,-1
157,14586,690.91,113.22,24.00,62.37,1,-1,-1,-1
157,14589,588.00,224.00,32.00,94.00,1,-1,-1,-1
157,14590,410.00,184.00,40.00,106.00,1,-1,-1,-1
157,14591,674.00,114.00,20.00,56.00,1,-1,-1,-1
158,14585,660.84,123.53,24.75,50.02,1,-1,-1,-1
158,14590,410.00,184.00,40.00,106.00,1,-1,-1,-1
158,14591,674.00,114.00,20.00,56.00,1,-1,-1,-1
159,14585,661.59,123.90,24.80,49.86,1,-1,-1,-1
159,14586,676.49,113.70,21.81,57.17,1,-1,-1,-1
159,14590,410.00,184.00,40.00,106.00,1,-1,-1,-1
160,14585,661.75,124.03,24.89,49.82,1,-1,-1,-1
160,14586,674.13,113.80,21.33,56.29,1,-1,-1,-1
160,14590,410.00,184.00,40.00,106.00,1,-1,-1,-1
161,14585,661.69,124.07,24.99,49.81,1,-1,-1,-1
161,14586,673.41,113.82,21.09,56.01,1,-1,-1,-1
161,14590,410.00,184.00,40.00,106.00,1,-1,-1,-1
162,14585,661.57,124.08,25.09,49.82,1,-1,-1,-1
162,14586,673.20,113.84,20.94,55.91,1,-1,-1,-1
162,14590,410.00,184.00,40.00,106.00,1,-1,-1,-1
163,14585,663.50,124.24,24.94,49.52,1,-1,-1,-1
163,14586,672.38,113.58,20.84,55.66,1,-1,-1,-1
163,14590,410.00,184.00,40.00,106.00,1,-1,-1,-1
169,14585,659.18,110.87,31.15,63.06,1,-1,-1,-1
170,14585,659.09,109.99,31.11,63.96,1,-1,-1,-1
171,14585,659.12,109.67,30.88,64.29,1,-1,-1,-1
172,14585,659.20,109.57,30.60,64.40,1,-1,-1,-1
173,14585,659.29,109.55,30.33,64.41,1,-1,-1,-1
174,14585,659.37,109.57,30.08,64.40,1,-1,-1,-1
175,14585,659.88,108.87,30.39,65.05,1,-1,-1,-1
181,14586,590.31,127.82,28.61,73.78,1,-1,-1,-1
182,14586,588.03,128.18,29.42,74.23,1,-1,-1,-1
183,14586,587.20,128.29,29.93,74.38,1,-1,-1,-1
184,14586,586.91,128.32,30.28,74.41,1,-1,-1,-1
185,14586,586.83,128.31,30.54,74.41,1,-1,-1,-1
186,14586,586.84,128.30,30.75,74.38,1,-1,-1,-1
187,14586,583.85,128.78,31.00,75.00,1,-1,-1,-1
187,14592,558.00,118.00,30.00,92.00,1,-1,-1,-1
187,14593,548.00,246.00,30.00,78.00,1,-1,-1,-1
188,14592,558.00,118.00,30.00,92.00,1,-1,-1,-1
188,14593,548.00,246.00,30.00,78.00,1,-1,-1,-1
189,14586,558.78,120.09,35.79,89.19,1,-1,-1,-1
189,14593,548.00,246.00,30.00,78.00,1,-1,-1,-1
190,14586,554.93,118.70,35.85,91.53,1,-1,-1,-1
190,14593,548.00,246.00,30.00,78.00,1,-1,-1,-1
191,14586,553.72,118.15,35.46,92.41,1,-1,-1,-1
191,14593,548.00,246.00,30.00,78.00,1,-1,-1,-1
192,14586,553.54,117.95,34.95,92.72,1,-1,-1,-1
192,14593,548.00,246.00,30.00,78.00,1,-1,-1,-1
193,14586,549.59,117.65,35.50,94.19,1,-1,-1,-1
193,14593,548.00,246.00,30.00,78.00,1,-1,-1,-1
193,14594,130.00,168.00,32.00,54.00,1,-1,-1,-1
193,14595,562.00,238.00,34.00,104.00,1,-1,-1,-1
193,14596,660.00,238.00,38.00,88.00,1,-1,-1,-1
194,14594,130.00,168.00,32.00,54.00,1,-1,-1,-1
194,14595,562.00,238.00,34.00,104.00,1,-1,-1,-1
194,14596,660.00,238.00,38.00,88.00,1,-1,-1,-1
195,14593,557.84,239.00,38.31,100.74,1,-1,-1,-1
195,14594,130.00,168.00,32.00,54.00,1,-1,-1,-1
195,14596,660.00,238.00,38.00,88.00,1,-1,-1,-1
196,14593,559.43,238.02,39.09,103.95,1,-1,-1,-1
196,14594,130.00,168.00,32.00,54.00,1,-1,-1,-1
196,14596,660.00,238.00,38.00,88.00,1,-1,-1,-1
197,14593,560.14,237.65,39.10,105.12,1,-1,-1,-1
197,14594,130.00,168.00,32.00,54.00,1,-1,-1,-1
197,14596,660.00,238.00,38.00,88.00,1,-1,-1,-1
198,14593,560.49,237.55,38.83,105.47,1,-1,-1,-1
198,14594,130.00,168.00,32.00,54.00,1,-1,-1,-1
198,14596,660.00,238.00,38.00,88.00,1,-1,-1,-1
199,14593,561.67,236.70,39.84,108.22,1,-1,-1,-1
199,14594,130.00,168.00,32.00,54.00,1,-1,-1,-1
199,14596,660.00,238.00,38.00,88.00,1,-1,-1,-1
199,14597,110.00,170.00,30.00,40.00,1,-1,-1,-1
200,14597,110.00,170.00,30.00,40.00,1,-1,-1,-1
201,14597,110.00,170.00,30.00,40.00,1,-1,-1,-1
202,14597,110.00,170.00,30.00,40.00,1,-1,-1,-1
203,14597,110.00,170.00,30.00,40.00,1,-1,-1,-1
204,14597,110.00,170.00,30.00,40.00,1,-1,-1,-1
205,14597,110.00,170.00,30.00,40.00,1,-1,-1,-1
205,14598,52.00,146.00,30.00,62.00,1,-1,-1,-1
205,14599,634.00,278.00,48.00,108.00,1,-1,-1,-1
205,14600,728.00,270.00,32.00,96.00,1,-1,-1,-1
206,14598,52.00,146.00,30.00,62.00,1,-1,-1,-1
206,14599,634.00,278.00,48.00,108.00,1,-1,-1,-1
206,14600,728.00,270.00,32.00,96.00,1,-1,-1,-1
207,14593,633.31,274.99,41.51,109.39,1,-1,-1,-1
207,14596,722.12,269.12,40.18,95.78,1,-1,-1,-1
207,14598,52.00,146.00,30.00,62.00,1,-1,-1,-1
208,14593,637.21,277.66,42.26,108.82,1,-1,-1,-1
208,14596,725.41,270.53,39.35,96.13,1,-1,-1,-1
208,14598,52.00,146.00,30.00,62.00,1,-1,-1,-1
209,14593,638.34,278.52,43.01,108.74,1,-1,-1,-1
209,14596,726.80,271.02,38.57,96.26,1,-1,-1,-1
209,14598,52.00,146.00,30.00,62.00,1,-1,-1,-1
210,14593,638.47,278.80,43.63,108.68,1,-1,-1,-1
210,14596,727.39,271.14,37.86,96.29,1,-1,-1,-1
210,14598,52.00,146.00,30.00,62.00,1,-1,-1,-1
211,14593,648.26,286.68,44.98,112.54,1,-1,-1,-1
211,14596,731.46,273.20,38.07,96.80,1,-1,-1,-1
211,14598,52.00,146.00,30.00,62.00,1,-1,-1,-1
211,14601,20.00,136.00,36.00,70.00,1,-1,-1,-1
212,14593,651.91,289.62,45.38,113.97,1,-1,-1,-1
212,14601,20.00,136.00,36.00,70.00,1,-1,-1,-1
213,14593,653.21,290.68,45.43,114.48,1,-1,-1,-1
213,14601,20.00,136.00,36.00,70.00,1,-1,-1,-1
214,14593,653.59,291.01,45.35,114.62,1,-1,-1,-1
214,14601,20.00,136.00,36.00,70.00,1,-1,-1,-1
215,14593,653.63,291.07,45.24,114.64,1,-1,-1,-1
215,14601,20.00,136.00,36.00,70.00,1,-1,-1,-1
216,14593,653.55,291.02,45.13,114.61,1,-1,-1,-1
216,14601,20.00,136.00,36.00,70.00,1,-1,-1,-1
217,14593,656.79,292.71,45.52,115.60,1,-1,-1,-1
217,14601,13.55,141.55,32.26,63.06,1,-1,-1,-1
217,14602,616.00,292.00,42.00,128.00,1,-1,-1,-1
218,14601,11.23,143.59,30.78,60.51,1,-1,-1,-1
218,14602,616.00,292.00,42.00,128.00,1,-1,-1,-1
219,14601,10.56,144.23,30.20,59.71,1,-1,-1,-1
219,14602,616.00,292.00,42.00,128.00,1,-1,-1,-1
220,14601,10.43,144.41,29.91,59.49,1,-1,-1,-1
220,14602,616.00,292.00,42.00,128.00,1,-1,-1,-1
221,14601,10.49,144.43,29.73,59.46,1,-1,-1,-1
221,14602,616.00,292.00,42.00,128.00,1,-1,-1,-1
222,14601,10.60,144.40,29.59,59.50,1,-1,-1,-1
222,14602,616.00,292.00,42.00,128.00,1,-1,-1,-1
223,14601,9.76,145.11,29.16,58.62,1,-1,-1,-1
223,14602,616.00,292.00,42.00,128.00,1,-1,-1,-1
223,14603,720.00,224.00,38.00,96.00,1,-1,-1,-1
223,14604,558.00,284.00,48.00,124.00,1,-1,-1,-1
224,14603,720.00,224.00,38.00,96.00,1,-1,-1,-1
224,14604,558.00,284.00,48.00,124.00,1,-1,-1,-1
225,14603,720.00,224.00,38.00,96.00,1,-1,-1,-1
225,14604,558.00,284.00,48.00,124.00,1,-1,-1,-1
226,14603,720.00,224.00,38.00,96.00,1,-1,-1,-1
226,14604,558.00,284.00,48.00,124.00,1,-1,-1,-1
227,14603,720.00,224.00,38.00,96.00,1,-1,-1,-1
227,14604,558.00,284.00,48.00,124.00,1,-1,-1,-1
228,14603,720.00,224.00,38.00,96.00,1,-1,-1,-1
228,14604,558.00,284.00,48.00,124.00,1,-1,-1,-1
229,14603,720.00,224.00,38.00,96.00,1,-1,-1,-1
229,14604,558.00,284.00,48.00,124.00,1,-1,-1,-1
229,14605,674.00,120.00,18.00,48.00,1,-1,-1,-1
229,14606,658.00,118.00,18.00,58.00,1,-1,-1,-1
230,14605,674.00,120.00,18.00,48.00,1,-1,-1,-1
230,14606,658.00,118.00,18.00,58.00,1,-1,-1,-1
231,14605,674.00,120.00,18.00,48.00,1,-1,-1,-1
231,14606,658.00,118.00,18.00,58.00,1,-1,-1,-1
232,14605,674.00,120.00,18.00,48.00,1,-1,-1,-1
232,14606,658.00,118.00,18.00,58.00,1,-1,-1,-1
233,14605,674.00,120.00,18.00,48.00,1,-1,-1,-1
233,14606,658.00,118.00,18.00,58.00,1,-1,-1,-1
234,14605,674.00,120.00,18.00,48.00,1,-1,-1,-1
234,14606,658.00,118.00,18.00,58.00,1,-1,-1,-1
235,14605,674.00,120.00,18.00,48.00,1,-1,-1,-1
235,14606,658.00,118.00,18.00,58.00,1,-1,-1,-1
235,14607,34.00,168.00,26.00,66.00,1,-1,-1,-1
236,14607,34.00,168.00,26.00,66.00,1,-1,-1,-1
237,14601,30.90,167.87,31.46,65.81,1,-1,-1,-1
238,14601,31.93,168.50,30.64,66.01,1,-1,-1,-1
239,14601,32.46,168.68,29.99,66.08,1,-1,-1,-1
240,14601,32.77,168.71,29.45,66.10,1,-1,-1,-1
241,14601,31.98,168.68,29.74,67.40,1,-1,-1,-1
241,14604,447.72,248.52,45.84,124.00,1,-1,-1,-1
241,14606,650.90,125.67,16.86,52.25,1,-1,-1,-1
241,14608,658.00,270.00,46.00,108.00,1,-1,-1,-1
242,14601,31.73,168.64,29.71,67.88,1,-1,-1,-1
242,14604,445.24,247.47,44.17,124.00,1,-1,-1,-1
242,14606,650.24,126.11,17.31,51.92,1,-1,-1,-1
242,14608,658.00,270.00,46.00,108.00,1,-1,-1,-1
243,14601,31.66,168.60,29.58,68.06,1,-1,-1,-1
243,14604,444.70,247.08,42.84,124.00,1,-1,-1,-1
243,14606,649.87,126.26,17.75,51.81,1,-1,-1,-1
243,14608,658.00,270.00,46.00,108.00,1,-1,-1,-1
244,14601,31.67,168.55,29.43,68.12,1,-1,-1,-1
244,14604,444.98,247.00,41.74,124.00,1,-1,-1,-1
244,14606,649.62,126.29,18.17,51.78,1,-1,-1,-1
244,14608,658.00,270.00,46.00,108.00,1,-1,-1,-1
245,14601,31.69,168.50,29.29,68.14,1,-1,-1,-1
245,14604,445.54,247.03,40.83,124.00,1,-1,-1,-1
245,14606,649.44,126.28,18.55,51.79,1,-1,-1,-1
245,14608,658.00,270.00,46.00,108.00,1,-1,-1,-1
246,14601,31.73,168.46,29.16,68.13,1,-1,-1,-1
246,14604,446.16,247.10,40.05,124.00,1,-1,-1,-1
246,14606,649.29,126.26,18.89,51.80,1,-1,-1,-1
246,14608,658.00,270.00,46.00,108.00,1,-1,-1,-1
247,14601,32.82,168.42,29.51,69.42,1,-1,-1,-1
247,14604,441.54,245.63,40.05,124.00,1,-1,-1,-1
247,14606,648.00,126.24,20.21,54.47,1,-1,-1,-1
247,14608,658.00,270.00,46.00,108.00,1,-1,-1,-1
247,14609,208.00,160.00,28.00,68.00,1,-1,-1,-1
247,14610,564.00,196.00,32.00,72.00,1,-1,-1,-1
248,14601,33.28,168.38,29.53,69.91,1,-1,-1,-1
248,14606,647.43,126.22,20.89,55.45,1,-1,-1,-1
248,14609,208.00,160.00,28.00,68.00,1,-1,-1,-1
248,14610,564.00,196.00,32.00,72.00,1,-1,-1,-1
249,14601,33.48,168.35,29.45,70.08,1,-1,-1,-1
249,14606,647.15,126.20,21.32,55.84,1,-1,-1,-1
249,14609,208.00,160.00,28.00,68.00,1,-1,-1,-1
249,14610,564.00,196.00,32.00,72.00,1,-1,-1,-1
250,14601,33.59,168.32,29.33,70.14,1,-1,-1,-1
250,14606,646.98,126.18,21.63,55.98,1,-1,-1,-1
250,14609,208.00,160.00,28.00,68.00,1,-1,-1,-1
250,14610,564.00,196.00,32.00,72.00,1,-1,-1,-1
251,14601,33.65,168.29,29.21,70.15,1,-1,-1,-1
251,14606,646.86,126.16,21.88,56.03,1,-1,-1,-1
251,14609,208.00,160.00,28.00,68.00,1,-1,-1,-1
251,14610,564.00,196.00,32.00,72.00,1,-1,-1,-1
252,14601,33.69,168.26,29.10,70.15,1,-1,-1,-1
252,14606,646.77,126.15,22.09,56.05,1,-1,-1,-1
252,14609,208.00,160.00,28.00,68.00,1,-1,-1,-1
252,14610,564.00,196.00,32.00,72.00,1,-1,-1,-1
253,14601,32.88,169.54,28.08,67.54,1,-1,-1,-1
253,14605,666.36,129.93,17.40,46.01,1,-1,-1,-1
253,14606,643.09,127.44,22.96,58.66,1,-1,-1,-1
253,14609,208.00,160.00,28.00,68.00,1,-1,-1,-1
253,14610,564.00,196.00,32.00,72.00,1,-1,-1,-1
253,14611,680.00,140.00,18.00,60.00,1,-1,-1,-1
254,14601,32.54,170.01,27.71,66.52,1,-1,-1,-1
254,14605,666.16,130.12,17.49,45.98,1,-1,-1,-1
254,14606,641.76,127.91,23.20,59.63,1,-1,-1,-1
254,14611,680.00,140.00,18.00,60.00,1,-1,-1,-1
255,14601,32.40,170.17,27.60,66.15,1,-1,-1,-1
255,14605,666.06,130.20,17.56,45.96,1,-1,-1,-1
255,14606,641.30,128.09,23.22,60.00,1,-1,-1,-1
255,14611,680.00,140.00,18.00,60.00,1,-1,-1,-1
256,14601,32.32,170.22,27.59,66.01,1,-1,-1,-1
256,14605,666.02,130.21,17.62,45.96,1,-1,-1,-1
256,14606,641.18,128.15,23.15,60.14,1,-1,-1,-1
256,14611,680.00,140.00,18.00,60.00,1,-1,-1,-1
257,14601,32.28,170.22,27.61,65.96,1,-1,-1,-1
257,14605,666.01,130.20,17.67,45.96,1,-1,-1,-1
257,14606,641.18,128.16,23.06,60.17,1,-1,-1,-1
257,14611,680.00,140.00,18.00,60.00,1,-1,-1,-1
258,14601,32.25,170.21,27.64,65.95,1,-1,-1,-1
258,14605,666.00,130.19,17.71,45.96,1,-1,-1,-1
258,14606,641.23,128.15,22.97,60.18,1,-1,-1,-1
258,14611,680.00,140.00,18.00,60.00,1,-1,-1,-1
259,14601,33.30,168.88,28.14,67.26,1,-1,-1,-1
259,14605,665.77,130.49,17.68,45.90,1,-1,-1,-1
259,14606,636.04,130.74,24.29,62.77,1,-1,-1,-1
259,14608,547.07,246.35,43.17,100.12,1,-1,-1,-1
259,14611,680.00,140.00,18.00,60.00,1,-1,-1,-1
260,14601,33.70,168.37,28.30,67.75,1,-1,-1,-1
260,14606,634.01,131.71,24.97,63.73,1,-1,-1,-1
260,14608,543.68,245.67,43.48,99.89,1,-1,-1,-1
261,14601,33.86,168.17,28.34,67.94,1,-1,-1,-1
261,14606,633.16,132.07,25.39,64.10,1,-1,-1,-1
261,14608,542.32,245.41,43.76,99.80,1,-1,-1,-1
262,14601,33.92,168.09,28.34,68.01,1,-1,-1,-1
262,14606,632.79,132.20,25.69,64.22,1,-1,-1,-1
262,14608,541.93,245.36,44.02,99.79,1,-1,-1,-1
263,14601,33.95,168.06,28.31,68.03,1,-1,-1,-1
263,14606,632.61,132.23,25.94,64.25,1,-1,-1,-1
263,14608,541.93,245.38,44.25,99.79,1,-1,-1,-1
264,14601,33.96,168.05,28.29,68.04,1,-1,-1,-1
264,14606,632.51,132.23,26.14,64.25,1,-1,-1,-1
264,14608,542.07,245.43,44.44,99.81,1,-1,-1,-1
265,14601,32.66,169.34,28.26,68.04,1,-1,-1,-1
265,14606,627.68,136.11,25.49,62.94,1,-1,-1,-1
265,14608,537.68,244.49,44.30,99.50,1,-1,-1,-1
265,14609,148.37,146.20,30.98,73.91,1,-1,-1,-1
265,14612,608.00,132.00,28.00,66.00,1,-1,-1,-1
266,14601,32.17,169.83,28.24,68.03,1,-1,-1,-1
266,14606,625.88,137.58,25.17,62.42,1,-1,-1,-1
266,14609,146.33,145.78,31.48,74.10,1,-1,-1,-1
266,14612,608.00,132.00,28.00,66.00,1,-1,-1,-1
267,14601,31.99,170.01,28.21,68.03,1,-1,-1,-1
267,14606,625.27,138.11,25.00,62.21,1,-1,-1,-1
267,14609,145.52,145.63,31.84,74.16,1,-1,-1,-1
267,14612,608.00,132.00,28.00,66.00,1,-1,-1,-1
268,14601,31.93,170.07,28.19,68.03,1,-1,-1,-1
268,14606,625.10,138.29,24.88,62.13,1,-1,-1,-1
268,14609,145.23,145.60,32.12,74.17,1,-1,-1,-1
268,14612,608.00,132.00,28.00,66.00,1,-1,-1,-1
269,14601,31.91,170.09,28.18,68.03,1,-1,-1,-1
269,14606,625.09,138.34,24.78,62.10,1,-1,-1,-1
269,14609,145.17,145.61,32.35,74.17,1,-1,-1,-1
269,14612,608.00,132.00,28.00,66.00,1,-1,-1,-1
270,14601,31.91,170.09,28.16,68.02,1,-1,-1,-1
270,14606,625.14,138.33,24.70,62.08,1,-1,-1,-1
270,14609,145.19,145.63,32.54,74.16,1,-1,-1,-1
270,14612,608.00,132.00,28.00,66.00,1,-1,-1,-1
271,14601,27.77,167.48,28.61,69.33,1,-1,-1,-1
271,14606,624.35,140.92,23.75,59.46,1,-1,-1,-1
271,14608,460.73,239.93,40.96,92.33,1,-1,-1,-1
271,14609,139.82,149.57,29.21,65.03,1,-1,-1,-1
271,14612,600.08,127.84,31.36,74.32,1,-1,-1,-1
272,14601,26.24,166.49,28.72,69.82,1,-1,-1,-1
272,14606,624.06,141.89,23.43,58.44,1,-1,-1,-1
272,14608,456.17,239.73,40.65,91.89,1,-1,-1,-1
272,14609,137.78,151.17,28.14,61.40,1,-1,-1,-1
272,14612,597.37,126.38,32.40,77.23,1,-1,-1,-1
273,14601,25.68,166.11,28.72,70.00,1,-1,-1,-1
273,14606,623.96,142.22,23.35,58.08,1,-1,-1,-1
273,14608,454.58,239.64,40.49,91.73,1,-1,-1,-1
273,14609,137.01,151.73,28.04,60.17,1,-1,-1,-1
273,14612,596.42,125.84,32.67,78.33,1,-1,-1,-1
274,14601,25.51,165.97,28.68,70.06,1,-1,-1,-1
274,14606,623.93,142.32,23.36,57.95,1,-1,-1,-1
274,14608,454.22,239.63,40.40,91.70,1,-1,-1,-1
274,14609,136.68,151.93,28.26,59.75,1,-1,-1,-1
274,14612,596.18,125.66,32.63,78.68,1,-1,-1,-1
275,14601,25.48,165.93,28.63,70.08,1,-1,-1,-1
275,14606,623.92,142.34,23.41,57.91,1,-1,-1,-1
275,14608,454.34,239.65,40.34,91.70,1,-1,-1,-1
275,14609,136.54,152.00,28.57,59.63,1,-1,-1,-1
275,14612,596.20,125.62,32.48,78.75,1,-1,-1,-1
276,14601,25.50,165.91,28.57,70.08,1,-1,-1,-1
276,14606,623.93,142.32,23.45,57.90,1,-1,-1,-1
276,14608,454.61,239.68,40.29,91.72,1,-1,-1,-1
276,14609,136.46,152.02,28.89,59.62,1,-1,-1,-1
276,14612,596.31,125.64,32.29,78.73,1,-1,-1,-1
277,14601,20.35,168.52,28.45,68.78,1,-1,-1,-1
277,14606,623.39,142.87,23.38,57.71,1,-1,-1,-1
277,14608,449.35,239.15,40.09,91.26,1,-1,-1,-1
277,14609,125.52,152.03,29.73,60.96,1,-1,-1,-1
277,14612,594.77,123.06,34.15,83.89,1,-1,-1,-1
277,14613,420.00,214.00,42.00,114.00,1,-1,-1,-1
278,14601,18.30,169.52,28.61,68.27,1,-1,-1,-1
278,14609,121.47,152.03,30.16,61.48,1,-1,-1,-1
278,14612,594.29,122.09,34.67,85.81,1,-1,-1,-1
278,14613,420.00,214.00,42.00,114.00,1,-1,-1,-1
279,14601,17.46,169.89,28.86,68.08,1,-1,-1,-1
279,14609,119.99,152.03,30.42,61.69,1,-1,-1,-1
279,14612,594.21,121.74,34.72,86.52,1,-1,-1,-1
279,14613,420.00,214.00,42.00,114.00,1,-1,-1,-1
280,14601,17.09,170.03,29.14,68.01,1,-1,-1,-1
280,14609,119.48,152.02,30.60,61.78,1,-1,-1,-1
280,14612,594.29,121.63,34.59,86.74,1,-1,-1,-1
280,14613,420.00,214.00,42.00,114.00,1,-1,-1,-1
281,14601,16.89,170.07,29.40,67.99,1,-1,-1,-1
281,14609,119.34,152.02,30.75,61.83,1,-1,-1,-1
281,14612,594.41,121.62,34.39,86.77,1,-1,-1,-1
281,14613,420.00,214.00,42.00,114.00,1,-1,-1,-1
282,14601,16.77,170.08,29.64,67.98,1,-1,-1,-1
282,14609,119.33,152.02,30.87,61.86,1,-1,-1,-1
282,14612,594.54,121.63,34.19,86.74,1,-1,-1,-1
282,14613,420.00,214.00,42.00,114.00,1,-1,-1,-1
283,14601,16.09,170.24,29.62,67.94,1,-1,-1,-1
283,14609,116.47,157.26,30.23,60.56,1,-1,-1,-1
283,14612,597.06,128.13,31.82,80.22,1,-1,-1,-1
283,14613,420.00,214.00,42.00,114.00,1,-1,-1,-1
284,14609,115.46,159.24,30.00,60.08,1,-1,-1,-1
284,14612,598.05,130.71,30.95,77.58,1,-1,-1,-1
285,14609,115.15,159.96,29.92,59.91,1,-1,-1,-1
285,14612,598.37,131.65,30.72,76.61,1,-1,-1,-1
286,14609,115.09,160.21,29.90,59.86,1,-1,-1,-1
286,14612,598.46,131.99,30.71,76.25,1,-1,-1,-1
287,14609,115.13,160.29,29.89,59.85,1,-1,-1,-1
287,14612,598.47,132.10,30.79,76.11,1,-1,-1,-1
288,14609,115.19,160.29,29.90,59.86,1,-1,-1,-1
288,14612,598.44,132.14,30.88,76.06,1,-1,-1,-1
289,14609,113.83,160.81,29.78,59.61,1,-1,-1,-1
289,14612,598.33,137.39,29.81,72.09,1,-1,-1,-1
289,14614,142.00,158.00,32.00,64.00,1,-1,-1,-1
289,14615,302.00,172.00,30.00,60.00,1,-1,-1,-1
290,14612,598.17,139.39,29.66,70.57,1,-1,-1,-1
290,14614,142.00,158.00,32.00,64.00,1,-1,-1,-1
290,14615,302.00,172.00,30.00,60.00,1,-1,-1,-1
291,14612,597.99,140.09,29.87,70.03,1,-1,-1,-1
291,14614,142.00,158.00,32.00,64.00,1,-1,-1,-1
291,14615,302.00,172.00,30.00,60.00,1,-1,-1,-1
292,14612,597.81,140.32,30.18,69.85,1,-1,-1,-1
292,14614,142.00,158.00,32.00,64.00,1,-1,-1,-1
292,14615,302.00,172.00,30.00,60.00,1,-1,-1,-1
293,14612,597.65,140.38,30.51,69.80,1,-1,-1,-1
293,14614,142.00,158.00,32.00,64.00,1,-1,-1,-1
293,14615,302.00,172.00,30.00,60.00,1,-1,-1,-1
294,14612,597.49,140.38,30.83,69.79,1,-1,-1,-1
294,14614,142.00,158.00,32.00,64.00,1,-1,-1,-1
294,14615,302.00,172.00,30.00,60.00,1,-1,-1,-1
295,14606,592.99,159.92,28.39,71.82,1,-1,-1,-1
295,14612,597.42,141.03,30.67,69.42,1,-1,-1,-1
295,14614,142.00,158.00,32.00,64.00,1,-1,-1,-1
295,14615,302.00,172.00,30.00,60.00,1,-1,-1,-1
296,14606,592.51,160.30,28.07,72.17,1,-1,-1,-1
297,14606,592.45,160.42,27.78,72.29,1,-1,-1,-1
298,14606,592.53,160.44,27.54,72.31,1,-1,-1,-1
299,14606,592.66,160.43,27.34,72.31,1,-1,-1,-1
300,14606,592.78,160.40,27.18,72.29,1,-1,-1,-1
301,14606,590.84,165.54,27.28,72.27,1,-1,-1,-1
301,14616,210.00,168.00,32.00,66.00,1,-1,-1,-1
301,14617,242.00,164.00,32.00,68.00,1,-1,-1,-1
302,14606,590.10,167.48,27.37,72.25,1,-1,-1,-1
302,14616,210.00,168.00,32.00,66.00,1,-1,-1,-1
302,14617,242.00,164.00,32.00,68.00,1,-1,-1,-1
303,14606,589.83,168.19,27.44,72.22,1,-1,-1,-1
303,14616,210.00,168.00,32.00,66.00,1,-1,-1,-1
303,14617,242.00,164.00,32.00,68.00,1,-1,-1,-1
304,14606,589.74,168.43,27.51,72.20,1,-1,-1,-1
304,14616,210.00,168.00,32.00,66.00,1,-1,-1,-1
304,14617,242.00,164.00,32.00,68.00,1,-1,-1,-1
305,14606,589.73,168.49,27.56,72.19,1,-1,-1,-1
305,14616,210.00,168.00,32.00,66.00,1,-1,-1,-1
305,14617,242.00,164.00,32.00,68.00,1,-1,-1,-1
306,14606,589.73,168.49,27.61,72.17,1,-1,-1,-1
306,14616,210.00,168.00,32.00,66.00,1,-1,-1,-1
306,14617,242.00,164.00,32.00,68.00,1,-1,-1,-1
307,14606,591.39,169.76,28.27,73.45,1,-1,-1,-1
307,14616,212.64,169.39,30.89,63.23,1,-1,-1,-1
307,14617,242.00,164.00,32.00,68.00,1,-1,-1,-1
308,14606,591.99,170.22,28.61,73.93,1,-1,-1,-1
308,14616,213.52,169.89,30.64,62.22,1,-1,-1,-1
309,14606,592.20,170.37,28.81,74.11,1,-1,-1,-1
309,14616,213.73,170.06,30.71,61.89,1,-1,-1,-1
310,14606,592.26,170.40,28.96,74.16,1,-1,-1,-1
310,14616,213.71,170.11,30.90,61.79,1,-1,-1,-1
311,14606,592.27,170.39,29.07,74.17,1,-1,-1,-1
311,14616,213.61,170.11,31.12,61.77,1,-1,-1,-1
312,14606,592.25,170.36,29.16,74.16,1,-1,-1,-1
312,14616,213.49,170.11,31.35,61.79,1,-1,-1,-1
313,14606,593.51,176.84,26.69,67.65,1,-1,-1,-1
313,14616,213.86,170.29,31.16,61.42,1,-1,-1,-1
314,14606,594.01,179.33,25.75,65.08,1,-1,-1,-1
315,14606,594.17,180.18,25.46,64.18,1,-1,-1,-1
316,14606,594.21,180.46,25.39,63.87,1,-1,-1,-1
317,14606,594.21,180.53,25.41,63.77,1,-1,-1,-1
318,14606,594.20,180.51,25.45,63.75,1,-1,-1,-1
319,14606,594.16,181.40,25.27,63.30,1,-1,-1,-1
319,14612,588.11,193.81,31.83,71.94,1,-1,-1,-1
320,14612,587.94,194.68,31.89,72.01,1,-1,-1,-1
321,14612,587.88,194.95,31.92,72.03,1,-1,-1,-1
322,14612,587.87,194.99,31.94,72.04,1,-1,-1,-1
323,14612,587.87,194.95,31.95,72.04,1,-1,-1,-1
324,14612,587.88,194.88,31.96,72.04,1,-1,-1,-1
325,14612,587.63,196.30,31.98,72.09,1,-1,-1,-1
331,14606,624.24,197.88,36.06,89.38,1,-1,-1,-1
332,14606,625.17,198.45,36.71,90.31,1,-1,-1,-1
333,14606,625.42,198.62,37.05,90.63,1,-1,-1,-1
334,14606,625.42,198.64,37.25,90.71,1,-1,-1,-1
335,14606,625.35,198.63,37.38,90.71,1,-1,-1,-1
336,14606,625.25,198.59,37.48,90.68,1,-1,-1,-1
337,14606,634.00,204.96,36.51,86.79,1,-1,-1,-1
338,14606,637.22,207.40,36.38,85.23,1,-1,-1,-1
339,14606,638.25,208.28,36.57,84.62,1,-1,-1,-1
340,14606,638.47,208.57,36.86,84.38,1,-1,-1,-1
341,14606,638.40,208.64,37.16,84.28,1,-1,-1,-1
342,14606,638.23,208.63,37.44,84.22,1,-1,-1,-1
343,14606,639.75,209.69,37.59,84.55,1,-1,-1,-1
343,14612,658.10,212.12,41.83,95.72,1,-1,-1,-1
343,14618,448.00,158.00,34.00,102.00,1,-1,-1,-1
343,14619,336.00,196.00,40.00,98.00,1,-1,-1,-1
344,14612,660.09,212.41,41.69,96.31,1,-1,-1,-1
344,14618,448.00,158.00,34.00,102.00,1,-1,-1,-1
344,14619,336.00,196.00,40.00,98.00,1,-1,-1,-1
345,14612,660.83,212.49,41.50,96.51,1,-1,-1,-1
345,14618,448.00,158.00,34.00,102.00,1,-1,-1,-1
345,14619,336.00,196.00,40.00,98.00,1,-1,-1,-1
346,14612,661.07,212.49,41.32,96.55,1,-1,-1,-1
346,14618,448.00,158.00,34.00,102.00,1,-1,-1,-1
346,14619,336.00,196.00,40.00,98.00,1,-1,-1,-1
347,14612,661.12,212.47,41.16,96.54,1,-1,-1,-1
347,14618,448.00,158.00,34.00,102.00,1,-1,-1,-1
347,14619,336.00,196.00,40.00,98.00,1,-1,-1,-1
348,14612,661.09,212.44,41.02,96.51,1,-1,-1,-1
348,14618,448.00,158.00,34.00,102.00,1,-1,-1,-1
348,14619,336.00,196.00,40.00,98.00,1,-1,-1,-1
349,14612,668.18,217.56,39.51,93.89,1,-1,-1,-1
349,14618,448.00,158.00,34.00,102.00,1,-1,-1,-1
349,14619,336.00,196.00,40.00,98.00,1,-1,-1,-1
349,14620,360.00,192.00,48.00,126.00,1,-1,-1,-1
350,14612,670.90,219.51,38.75,92.85,1,-1,-1,-1
350,14620,360.00,192.00,48.00,126.00,1,-1,-1,-1
351,14612,671.93,220.22,38.30,92.44,1,-1,-1,-1
351,14619,355.62,192.50,49.74,122.49,1,-1,-1,-1
352,14612,672.30,220.45,38.00,92.28,1,-1,-1,-1
352,14619,358.50,192.01,50.89,125.95,1,-1,-1,-1
353,14612,672.42,220.51,37.77,92.21,1,-1,-1,-1
353,14619,359.62,191.83,51.16,127.20,1,-1,-1,-1
354,14612,672.44,220.50,37.57,92.17,1,-1,-1,-1
354,14619,360.03,191.78,51.08,127.57,1,-1,-1,-1
355,14612,674.41,221.33,37.68,92.42,1,-1,-1,-1
355,14618,499.00,182.94,35.57,105.84,1,-1,-1,-1
355,14619,362.37,191.36,52.25,130.50,1,-1,-1,-1
356,14618,501.87,184.40,35.90,106.06,1,-1,-1,-1
357,14618,502.79,184.90,36.14,106.14,1,-1,-1,-1
358,14618,502.95,185.02,36.35,106.16,1,-1,-1,-1
359,14618,502.83,185.00,36.52,106.15,1,-1,-1,-1
360,14618,502.61,184.94,36.67,106.14,1,-1,-1,-1
361,14612,703.46,240.98,38.66,97.73,1,-1,-1,-1
361,14618,505.75,186.47,36.75,106.38,1,-1,-1,-1
361,14621,428.00,196.00,38.00,134.00,1,-1,-1,-1
362,14612,705.73,242.27,37.87,98.08,1,-1,-1,-1
362,14621,428.00,196.00,38.00,134.00,1,-1,-1,-1
363,14612,706.74,242.73,37.16,98.20,1,-1,-1,-1
363,14621,428.00,196.00,38.00,134.00,1,-1,-1,-1
364,14612,707.22,242.85,36.56,98.24,1,-1,-1,-1
364,14621,428.00,196.00,38.00,134.00,1,-1,-1,-1
365,14612,707.45,242.85,36.03,98.24,1,-1,-1,-1
365,14621,428.00,196.00,38.00,134.00,1,-1,-1,-1
366,14612,707.58,242.80,35.58,98.22,1,-1,-1,-1
366,14621,428.00,196.00,38.00,134.00,1,-1,-1,-1
367,14612,722.00,249.24,35.16,99.51,1,-1,-1,-1
367,14621,428.00,196.00,38.00,134.00,1,-1,-1,-1
368,14612,727.62,251.65,34.55,99.98,1,-1,-1,-1
369,14612,729.87,252.51,33.92,100.15,1,-1,-1,-1
370,14612,730.79,252.79,33.33,100.20,1,-1,-1,-1
371,14612,731.19,252.84,32.80,100.21,1,-1,-1,-1
372,14612,731.39,252.81,32.32,100.20,1,-1,-1,-1
373,14612,733.92,254.14,32.43,100.52,1,-1,-1,-1
385,14622,590.00,266.00,42.00,116.00,1,-1,-1,-1
385,14623,540.00,150.00,30.00,86.00,1,-1,-1,-1
385,14624,264.00,188.00,32.00,76.00,1,-1,-1,-1
386,14622,590.00,266.00,42.00,116.00,1,-1,-1,-1
386,14623,540.00,150.00,30.00,86.00,1,-1,-1,-1
386,14624,264.00,188.00,32.00,76.00,1,-1,-1,-1
387,14618,540.40,150.47,29.85,86.16,1,-1,-1,-1
387,14621,592.64,265.59,34.82,116.10,1,-1,-1,-1
387,14624,264.00,188.00,32.00,76.00,1,-1,-1,-1
388,14618,540.49,149.79,29.78,85.85,1,-1,-1,-1
388,14621,594.74,266.75,36.02,115.81,1,-1,-1,-1
388,14624,264.00,188.00,32.00,76.00,1,-1,-1,-1
389,14618,540.59,149.53,29.77,85.72,1,-1,-1,-1
389,14621,595.40,267.22,36.92,115.69,1,-1,-1,-1
389,14624,264.00,188.00,32.00,76.00,1,-1,-1,-1
390,14618,540.58,149.48,29.78,85.70,1,-1,-1,-1
390,14621,595.24,267.30,37.63,115.66,1,-1,-1,-1
390,14624,264.00,188.00,32.00,76.00,1,-1,-1,-1
391,14618,541.53,148.49,29.59,85.15,1,-1,-1,-1
391,14621,600.91,269.68,37.43,115.05,1,-1,-1,-1
391,14624,264.00,188.00,32.00,76.00,1,-1,-1,-1
391,14625,564.00,134.00,36.00,80.00,1,-1,-1,-1
391,14626,730.00,218.00,30.00,104.00,1,-1,-1,-1
392,14625,564.00,134.00,36.00,80.00,1,-1,-1,-1
392,14626,730.00,218.00,30.00,104.00,1,-1,-1,-1
393,14625,564.00,134.00,36.00,80.00,1,-1,-1,-1
393,14626,730.00,218.00,30.00,104.00,1,-1,-1,-1
394,14625,564.00,134.00,36.00,80.00,1,-1,-1,-1
394,14626,730.00,218.00,30.00,104.00,1,-1,-1,-1
395,14625,564.00,134.00,36.00,80.00,1,-1,-1,-1
395,14626,730.00,218.00,30.00,104.00,1,-1,-1,-1
396,14625,564.00,134.00,36.00,80.00,1,-1,-1,-1
396,14626,730.00,218.00,30.00,104.00,1,-1,-1,-1
397,14624,264.89,189.92,39.81,95.18,1,-1,-1,-1
397,14625,575.91,127.06,37.14,82.77,1,-1,-1,-1
397,14626,730.00,218.00,30.00,104.00,1,-1,-1,-1
398,14624,265.05,190.04,40.07,96.35,1,-1,-1,-1
398,14625,580.19,124.59,37.48,83.76,1,-1,-1,-1
399,14624,265.17,190.08,40.04,96.75,1,-1,-1,-1
399,14625,581.74,123.72,37.53,84.11,1,-1,-1,-1
400,14624,265.26,190.09,39.90,96.86,1,-1,-1,-1
400,14625,582.26,123.45,37.47,84.22,1,-1,-1,-1
401,14624,265.34,190.08,39.74,96.85,1,-1,-1,-1
401,14625,582.39,123.40,37.37,84.24,1,-1,-1,-1
402,14624,265.41,190.08,39.58,96.80,1,-1,-1,-1
402,14625,582.40,123.43,37.26,84.23,1,-1,-1,-1
403,14621,707.97,299.97,38.54,113.88,1,-1,-1,-1
403,14624,265.47,190.21,40.11,98.09,1,-1,-1,-1
403,14625,586.44,127.43,34.27,77.62,1,-1,-1,-1
404,14621,710.56,300.79,39.54,113.88,1,-1,-1,-1
404,14625,587.91,129.04,33.08,75.04,1,-1,-1,-1
405,14621,711.30,301.08,40.25,113.88,1,-1,-1,-1
405,14625,588.39,129.62,32.63,74.14,1,-1,-1,-1
406,14621,711.22,301.13,40.80,113.89,1,-1,-1,-1
406,14625,588.52,129.84,32.44,73.83,1,-1,-1,-1
407,14621,710.86,301.07,41.23,113.90,1,-1,-1,-1
407,14625,588.53,129.92,32.36,73.74,1,-1,-1,-1
408,14621,710.42,300.99,41.58,113.91,1,-1,-1,-1
408,14625,588.49,129.95,32.31,73.73,1,-1,-1,-1
409,14618,574.39,120.08,30.95,83.94,1,-1,-1,-1
409,14621,715.70,302.61,41.53,113.75,1,-1,-1,-1
409,14625,589.68,129.91,32.09,73.24,1,-1,-1,-1
410,14618,574.52,119.52,32.02,83.93,1,-1,-1,-1
411,14618,574.38,119.34,32.74,83.93,1,-1,-1,-1
412,14618,574.16,119.31,33.27,83.94,1,-1,-1,-1
413,14618,573.92,119.34,33.67,83.94,1,-1,-1,-1
414,14618,573.71,119.40,33.98,83.95,1,-1,-1,-1
415,14618,574.86,118.41,33.95,83.87,1,-1,-1,-1
415,14625,562.74,133.76,34.25,77.58,1,-1,-1,-1
416,14625,560.87,134.01,34.58,77.88,1,-1,-1,-1
417,14625,560.16,134.10,34.80,77.99,1,-1,-1,-1
418,14625,559.90,134.12,34.95,78.03,1,-1,-1,-1
419,14625,559.81,134.12,35.08,78.04,1,-1,-1,-1
420,14625,559.78,134.12,35.18,78.04,1,-1,-1,-1
421,14624,286.85,199.87,39.73,92.53,1,-1,-1,-1
421,14625,551.63,132.81,34.63,78.04,1,-1,-1,-1
422,14624,286.79,200.08,40.79,92.13,1,-1,-1,-1
422,14625,548.71,132.30,34.15,78.04,1,-1,-1,-1
423,14624,286.57,200.17,41.63,92.02,1,-1,-1,-1
423,14625,547.78,132.11,33.72,78.03,1,-1,-1,-1
424,14624,286.29,200.19,42.27,91.99,1,-1,-1,-1
424,14625,547.59,132.04,33.35,78.03,1,-1,-1,-1
425,14624,286.01,200.18,42.78,91.98,1,-1,-1,-1
425,14625,547.67,132.01,33.01,78.03,1,-1,-1,-1
426,14624,285.77,200.17,43.19,91.97,1,-1,-1,-1
426,14625,547.84,132.00,32.71,78.02,1,-1,-1,-1
427,14624,286.39,200.44,43.17,91.93,1,-1,-1,-1
427,14625,546.47,131.99,32.73,78.06,1,-1,-1,-1
445,14627,588.00,246.00,36.00,104.00,1,-1,-1,-1
446,14627,588.00,246.00,36.00,104.00,1,-1,-1,-1
447,14627,588.00,246.00,36.00,104.00,1,-1,-1,-1
448,14627,588.00,246.00,36.00,104.00,1,-1,-1,-1
449,14627,588.00,246.00,36.00,104.00,1,-1,-1,-1
450,14627,588.00,246.00,36.00,104.00,1,-1,-1,-1
451,14624,306.13,211.97,37.72,80.06,1,-1,-1,-1
451,14627,588.00,246.00,36.00,104.00,1,-1,-1,-1
452,14624,306.34,212.12,37.70,79.89,1,-1,-1,-1
453,14624,306.42,212.19,37.72,79.81,1,-1,-1,-1
454,14624,306.42,212.20,37.74,79.80,1,-1,-1,-1
455,14624,306.39,212.18,37.77,79.81,1,-1,-1,-1
456,14624,306.35,212.17,37.80,79.83,1,-1,-1,-1
457,14624,306.82,212.44,37.67,79.56,1,-1,-1,-1
463,14628,732.00,310.00,32.00,136.00,1,-1,-1,-1
464,14628,732.00,310.00,32.00,136.00,1,-1,-1,-1
465,14628,732.00,310.00,32.00,136.00,1,-1,-1,-1
466,14628,732.00,310.00,32.00,136.00,1,-1,-1,-1
467,14628,732.00,310.00,32.00,136.00,1,-1,-1,-1
468,14628,732.00,310.00,32.00,136.00,1,-1,-1,-1
469,14628,732.00,310.00,32.00,136.00,1,-1,-1,-1
475,14628,655.17,286.98,30.30,122.57,1,-1,-1,-1
475,14629,420.00,188.00,46.00,134.00,1,-1,-1,-1
475,14630,554.00,242.00,36.00,80.00,1,-1,-1,-1
476,14628,650.24,285.68,31.37,121.81,1,-1,-1,-1
476,14629,420.00,188.00,46.00,134.00,1,-1,-1,-1
476,14630,554.00,242.00,36.00,80.00,1,-1,-1,-1
477,14628,648.20,285.23,32.40,121.55,1,-1,-1,-1
477,14629,420.00,188.00,46.00,134.00,1,-1,-1,-1
477,14630,554.00,242.00,36.00,80.00,1,-1,-1,-1
478,14628,647.36,285.12,33.35,121.49,1,-1,-1,-1
478,14629,420.00,188.00,46.00,134.00,1,-1,-1,-1
478,14630,554.00,242.00,36.00,80.00,1,-1,-1,-1
479,14628,647.02,285.15,34.21,121.50,1,-1,-1,-1
479,14629,420.00,188.00,46.00,134.00,1,-1,-1,-1
479,14630,554.00,242.00,36.00,80.00,1,-1,-1,-1
480,14628,646.86,285.22,34.98,121.54,1,-1,-1,-1
480,14629,420.00,188.00,46.00,134.00,1,-1,-1,-1
480,14630,554.00,242.00,36.00,80.00,1,-1,-1,-1
481,14628,642.56,283.91,34.76,120.78,1,-1,-1,-1
481,14629,420.00,188.00,46.00,134.00,1,-1,-1,-1
481,14630,554.00,242.00,36.00,80.00,1,-1,-1,-1
481,14631,584.00,254.00,42.00,124.00,1,-1,-1,-1
482,14631,584.00,254.00,42.00,124.00,1,-1,-1,-1
483,14631,584.00,254.00,42.00,124.00,1,-1,-1,-1
484,14631,584.00,254.00,42.00,124.00,1,-1,-1,-1
485,14631,584.00,254.00,42.00,124.00,1,-1,-1,-1
486,14631,584.00,254.00,42.00,124.00,1,-1,-1,-1
487,14631,582.08,256.77,41.69,122.61,1,-1,-1,-1
488,14631,581.33,257.77,41.68,122.11,1,-1,-1,-1
489,14631,581.02,258.11,41.79,121.94,1,-1,-1,-1
490,14631,580.87,258.22,41.93,121.89,1,-1,-1,-1
491,14631,580.79,258.23,42.08,121.88,1,-1,-1,-1
492,14631,580.72,258.22,42.23,121.89,1,-1,-1,-1
493,14631,570.66,259.53,37.17,108.64,1,-1,-1,-1
494,14631,566.91,260.00,35.00,103.53,1,-1,-1,-1
495,14631,565.78,260.15,34.04,101.83,1,-1,-1,-1
496,14631,565.54,260.19,33.50,101.29,1,-1,-1,-1
497,14631,565.61,260.19,33.13,101.17,1,-1,-1,-1
498,14631,565.78,260.18,32.83,101.18,1,-1,-1,-1
499,14628,561.48,252.07,37.04,129.80,1,-1,-1,-1
499,14631,564.60,260.47,32.36,99.74,1,-1,-1,-1
500,14628,559.98,251.42,36.90,130.04,1,-1,-1,-1
501,14628,559.55,251.22,36.78,130.12,1,-1,-1,-1
502,14628,559.55,251.19,36.67,130.15,1,-1,-1,-1
503,14628,559.69,251.22,36.58,130.15,1,-1,-1,-1
504,14628,559.87,251.28,36.51,130.14,1,-1,-1,-1
505,14628,556.80,250.11,36.58,130.37,1,-1,-1,-1
505,14632,746.00,246.00,24.00,88.00,1,-1,-1,-1
506,14632,746.00,246.00,24.00,88.00,1,-1,-1,-1
507,14632,746.00,246.00,24.00,88.00,1,-1,-1,-1
508,14632,746.00,246.00,24.00,88.00,1,-1,-1,-1
509,14632,746.00,246.00,24.00,88.00,1,-1,-1,-1
510,14632,746.00,246.00,24.00,88.00,1,-1,-1,-1
511,14632,746.00,246.00,24.00,88.00,1,-1,-1,-1
511,14633,636.00,284.00,46.00,132.00,1,-1,-1,-1
511,14634,710.00,210.00,38.00,110.00,1,-1,-1,-1
511,14635,654.00,434.00,56.00,136.00,1,-1,-1,-1
512,14633,636.00,284.00,46.00,132.00,1,-1,-1,-1
512,14634,710.00,210.00,38.00,110.00,1,-1,-1,-1
512,14635,654.00,434.00,56.00,136.00,1,-1,-1,-1
513,14633,636.00,284.00,46.00,132.00,1,-1,-1,-1
513,14634,710.00,210.00,38.00,110.00,1,-1,-1,-1
513,14635,654.00,434.00,56.00,136.00,1,-1,-1,-1
514,14633,636.00,284.00,46.00,132.00,1,-1,-1,-1
514,14634,710.00,210.00,38.00,110.00,1,-1,-1,-1
514,14635,654.00,434.00,56.00,136.00,1,-1,-1,-1
515,14633,636.00,284.00,46.00,132.00,1,-1,-1,-1
515,14634,710.00,210.00,38.00,110.00,1,-1,-1,-1
515,14635,654.00,434.00,56.00,136.00,1,-1,-1,-1
516,14633,636.00,284.00,46.00,132.00,1,-1,-1,-1
516,14634,710.00,210.00,38.00,110.00,1,-1,-1,-1
516,14635,654.00,434.00,56.00,136.00,1,-1,-1,-1
517,14633,636.00,284.00,46.00,132.00,1,-1,-1,-1
517,14634,710.00,210.00,38.00,110.00,1,-1,-1,-1
517,14635,654.00,434.00,56.00,136.00,1,-1,-1,-1
517,14636,556.00,432.00,58.00,138.00,1,-1,-1,-1
517,14637,708.00,310.00,38.00,128.00,1,-1,-1,-1
517,14638,684.00,212.00,34.00,92.00,1,-1,-1,-1
518,14634,689.68,211.63,33.10,95.36,1,-1,-1,-1
518,14636,556.00,432.00,58.00,138.00,1,-1,-1,-1
518,14637,708.00,310.00,38.00,128.00,1,-1,-1,-1
519,14634,685.35,211.97,32.18,92.28,1,-1,-1,-1
519,14636,556.00,432.00,58.00,138.00,1,-1,-1,-1
519,14637,708.00,310.00,38.00,128.00,1,-1,-1,-1
520,14634,684.01,212.07,32.00,91.36,1,-1,-1,-1
520,14636,556.00,432.00,58.00,138.00,1,-1,-1,-1
520,14637,708.00,310.00,38.00,128.00,1,-1,-1,-1
521,14634,683.61,212.10,32.06,91.12,1,-1,-1,-1
521,14636,556.00,432.00,58.00,138.00,1,-1,-1,-1
521,14637,708.00,310.00,38.00,128.00,1,-1,-1,-1
522,14634,683.54,212.10,32.19,91.12,1,-1,-1,-1
522,14636,556.00,432.00,58.00,138.00,1,-1,-1,-1
522,14637,708.00,310.00,38.00,128.00,1,-1,-1,-1
523,14634,681.30,212.28,31.61,89.50,1,-1,-1,-1
523,14636,556.00,432.00,58.00,138.00,1,-1,-1,-1
523,14637,708.00,310.00,38.00,128.00,1,-1,-1,-1
523,14639,214.00,190.00,36.00,66.00,1,-1,-1,-1
523,14640,456.00,416.00,80.00,154.00,1,-1,-1,-1
523,14641,626.00,210.00,42.00,150.00,1,-1,-1,-1
524,14633,621.96,212.46,50.87,149.40,1,-1,-1,-1
524,14639,214.00,190.00,36.00,66.00,1,-1,-1,-1
524,14640,456.00,416.00,80.00,154.00,1,-1,-1,-1
525,14633,621.72,208.74,50.15,150.31,1,-1,-1,-1
525,14639,214.00,190.00,36.00,66.00,1,-1,-1,-1
525,14640,456.00,416.00,80.00,154.00,1,-1,-1,-1
526,14633,621.90,207.46,49.37,150.62,1,-1,-1,-1
526,14639,214.00,190.00,36.00,66.00,1,-1,-1,-1
526,14640,456.00,416.00,80.00,154.00,1,-1,-1,-1
527,14633,622.22,207.15,48.63,150.69,1,-1,-1,-1
527,14639,214.00,190.00,36.00,66.00,1,-1,-1,-1
527,14640,456.00,416.00,80.00,154.00,1,-1,-1,-1
528,14633,622.57,207.20,47.96,150.68,1,-1,-1,-1
528,14639,214.00,190.00,36.00,66.00,1,-1,-1,-1
528,14640,456.00,416.00,80.00,154.00,1,-1,-1,-1
529,14628,464.14,196.19,30.07,96.30,1,-1,-1,-1
529,14633,621.63,202.52,48.32,151.82,1,-1,-1,-1
529,14639,214.00,190.00,36.00,66.00,1,-1,-1,-1
529,14640,456.00,416.00,80.00,154.00,1,-1,-1,-1
529,14642,366.00,398.00,98.00,164.00,1,-1,-1,-1
530,14628,462.32,195.55,31.68,95.77,1,-1,-1,-1
530,14642,366.00,398.00,98.00,164.00,1,-1,-1,-1
531,14628,461.21,195.22,32.77,95.53,1,-1,-1,-1
531,14642,366.00,398.00,98.00,164.00,1,-1,-1,-1
532,14628,460.73,195.18,33.60,95.50,1,-1,-1,-1
532,14642,366.00,398.00,98.00,164.00,1,-1,-1,-1
533,14628,460.53,195.25,34.24,95.53,1,-1,-1,-1
533,14642,366.00,398.00,98.00,164.00,1,-1,-1,-1
534,14628,460.43,195.33,34.75,95.59,1,-1,-1,-1
534,14642,366.00,398.00,98.00,164.00,1,-1,-1,-1
535,14628,458.57,194.22,34.50,94.89,1,-1,-1,-1
535,14642,366.00,398.00,98.00,164.00,1,-1,-1,-1
535,14643,304.00,388.00,82.00,148.00,1,-1,-1,-1
536,14643,304.00,388.00,82.00,148.00,1,-1,-1,-1
537,14643,304.00,388.00,82.00,148.00,1,-1,-1,-1
538,14643,304.00,388.00,82.00,148.00,1,-1,-1,-1
539,14643,304.00,388.00,82.00,148.00,1,-1,-1,-1
540,14643,304.00,388.00,82.00,148.00,1,-1,-1,-1
541,14643,304.00,388.00,82.00,148.00,1,-1,-1,-1
541,14644,238.00,380.00,60.00,138.00,1,-1,-1,-1
541,14645,272.00,376.00,56.00,142.00,1,-1,-1,-1
542,14644,238.00,380.00,60.00,138.00,1,-1,-1,-1
542,14645,272.00,376.00,56.00,142.00,1,-1,-1,-1
543,14643,266.96,377.50,77.36,142.75,1,-1,-1,-1
543,14644,238.00,380.00,60.00,138.00,1,-1,-1,-1
544,14643,262.42,376.02,75.30,142.01,1,-1,-1,-1
544,14644,238.00,380.00,60.00,138.00,1,-1,-1,-1
545,14643,261.47,375.54,73.59,141.77,1,-1,-1,-1
545,14644,238.00,380.00,60.00,138.00,1,-1,-1,-1
546,14643,261.75,375.41,72.07,141.70,1,-1,-1,-1
546,14644,238.00,380.00,60.00,138.00,1,-1,-1,-1
547,14633,598.83,179.06,26.94,79.43,1,-1,-1,-1
547,14643,243.91,370.09,73.15,145.70,1,-1,-1,-1
547,14644,238.00,380.00,60.00,138.00,1,-1,-1,-1
547,14646,138.00,164.00,32.00,64.00,1,-1,-1,-1
547,14647,180.00,372.00,66.00,144.00,1,-1,-1,-1
548,14633,598.11,179.65,27.45,77.79,1,-1,-1,-1
548,14640,178.28,372.28,73.06,144.06,1,-1,-1,-1
548,14643,237.70,368.15,73.00,147.19,1,-1,-1,-1
548,14646,138.00,164.00,32.00,64.00,1,-1,-1,-1
549,14633,597.56,179.48,27.96,77.14,1,-1,-1,-1
549,14640,173.80,371.48,71.74,143.88,1,-1,-1,-1
549,14643,235.80,367.47,72.44,147.76,1,-1,-1,-1
549,14646,138.00,164.00,32.00,64.00,1,-1,-1,-1
550,14633,597.27,179.49,28.49,77.07,1,-1,-1,-1
550,14640,172.28,371.17,70.81,143.81,1,-1,-1,-1
550,14643,235.51,367.27,71.78,147.97,1,-1,-1,-1
550,14646,138.00,164.00,32.00,64.00,1,-1,-1,-1
551,14633,597.09,179.57,28.97,77.17,1,-1,-1,-1
551,14640,172.26,371.12,70.10,143.80,1,-1,-1,-1
551,14643,235.80,367.25,71.10,148.05,1,-1,-1,-1
551,14646,138.00,164.00,32.00,64.00,1,-1,-1,-1
552,14633,596.96,179.64,29.36,77.30,1,-1,-1,-1
552,14640,172.80,371.16,69.55,143.81,1,-1,-1,-1
552,14643,236.27,367.29,70.47,148.07,1,-1,-1,-1
552,14646,138.00,164.00,32.00,64.00,1,-1,-1,-1
553,14633,596.50,171.45,29.02,76.03,1,-1,-1,-1
553,14640,162.35,367.27,65.01,138.55,1,-1,-1,-1
553,14643,225.67,369.96,65.90,140.22,1,-1,-1,-1
553,14644,186.82,366.57,56.86,136.08,1,-1,-1,-1
553,14646,138.00,164.00,32.00,64.00,1,-1,-1,-1
553,14648,116.00,166.00,24.00,60.00,1,-1,-1,-1
554,14633,596.32,168.52,28.98,75.63,1,-1,-1,-1
554,14640,159.24,365.87,62.44,136.57,1,-1,-1,-1
554,14643,222.02,371.05,63.74,137.20,1,-1,-1,-1
554,14644,184.79,365.80,54.81,135.97,1,-1,-1,-1
554,14648,116.00,166.00,24.00,60.00,1,-1,-1,-1
555,14633,596.24,167.53,29.04,75.53,1,-1,-1,-1
555,14640,158.78,365.40,60.73,135.87,1,-1,-1,-1
555,14643,221.02,371.47,62.57,136.12,1,-1,-1,-1
555,14644,184.62,365.53,53.05,135.93,1,-1,-1,-1
555,14646,116.36,165.75,29.79,60.50,1,-1,-1,-1
556,14633,596.20,167.24,29.13,75.53,1,-1,-1,-1
556,14640,159.22,365.28,59.44,135.64,1,-1,-1,-1
556,14643,220.98,371.64,61.79,135.74,1,-1,-1,-1
556,14644,185.14,365.46,51.50,135.92,1,-1,-1,-1
556,14646,113.49,166.00,29.11,60.01,1,-1,-1,-1
557,14633,596.17,167.20,29.21,75.57,1,-1,-1,-1
557,14640,159.93,365.29,58.39,135.59,1,-1,-1,-1
557,14643,221.27,371.73,61.18,135.63,1,-1,-1,-1
557,14644,185.87,365.47,50.13,135.92,1,-1,-1,-1
557,14646,112.70,166.08,28.61,59.85,1,-1,-1,-1
558,14633,596.15,167.25,29.30,75.61,1,-1,-1,-1
558,14640,160.69,365.34,57.50,135.60,1,-1,-1,-1
558,14643,221.65,371.77,60.68,135.62,1,-1,-1,-1
558,14644,186.63,365.51,48.92,135.93,1,-1,-1,-1
558,14646,112.63,166.10,28.20,59.81,1,-1,-1,-1
559,14633,589.51,162.01,29.37,75.65,1,-1,-1,-1
559,14640,154.97,364.23,57.21,134.90,1,-1,-1,-1
559,14642,166.85,356.17,97.92,173.96,1,-1,-1,-1
559,14643,218.44,371.42,60.37,134.94,1,-1,-1,-1
559,14644,183.49,364.71,48.88,135.82,1,-1,-1,-1
559,14646,110.19,166.29,28.02,59.42,1,-1,-1,-1
560,14633,587.02,160.10,29.43,75.69,1,-1,-1,-1
560,14642,165.64,355.52,94.12,174.11,1,-1,-1,-1
561,14633,586.11,159.44,29.49,75.72,1,-1,-1,-1
561,14642,165.89,355.29,91.41,174.17,1,-1,-1,-1
562,14633,585.79,159.26,29.54,75.75,1,-1,-1,-1
562,14642,166.72,355.25,89.38,174.18,1,-1,-1,-1
563,14633,585.70,159.24,29.59,75.78,1,-1,-1,-1
563,14642,167.68,355.28,87.80,174.17,1,-1,-1,-1
564,14633,585.68,159.28,29.63,75.80,1,-1,-1,-1
564,14642,168.58,355.34,86.52,174.16,1,-1,-1,-1
565,14633,585.36,160.65,29.03,74.51,1,-1,-1,-1
565,14642,163.47,348.86,89.48,188.53,1,-1,-1,-1
565,14649,60.00,166.00,30.00,74.00,1,-1,-1,-1
566,14633,585.29,161.22,28.77,74.03,1,-1,-1,-1
566,14642,162.69,346.47,88.40,193.85,1,-1,-1,-1
566,14646,59.37,166.07,33.87,73.28,1,-1,-1,-1
567,14633,585.31,161.45,28.63,73.87,1,-1,-1,-1
567,14642,163.43,345.57,86.24,195.91,1,-1,-1,-1
567,14646,56.86,166.05,33.68,74.06,1,-1,-1,-1
568,14633,585.36,161.57,28.54,73.82,1,-1,-1,-1
568,14642,164.63,345.28,83.90,196.65,1,-1,-1,-1
568,14646,56.16,166.04,33.35,74.33,1,-1,-1,-1
569,14633,585.41,161.63,28.48,73.81,1,-1,-1,-1
569,14642,165.89,345.22,81.67,196.88,1,-1,-1,-1
569,14646,56.13,166.04,33.01,74.42,1,-1,-1,-1
570,14633,585.47,161.68,28.43,73.82,1,-1,-1,-1
570,14642,167.08,345.24,79.66,196.91,1,-1,-1,-1
570,14646,56.34,166.03,32.69,74.42,1,-1,-1,-1
571,14633,585.00,161.17,28.32,73.52,1,-1,-1,-1
571,14642,163.87,340.11,82.54,209.82,1,-1,-1,-1
571,14646,52.37,166.09,33.00,75.14,1,-1,-1,-1
571,14650,20.00,170.00,30.00,70.00,1,-1,-1,-1
571,14651,632.00,296.00,40.00,116.00,1,-1,-1,-1
571,14652,564.00,164.00,32.00,76.00,1,-1,-1,-1
572,14633,569.57,163.24,29.31,75.37,1,-1,-1,-1
572,14642,163.34,338.19,82.33,214.65,1,-1,-1,-1
572,14650,20.00,170.00,30.00,70.00,1,-1,-1,-1
572,14651,632.00,296.00,40.00,116.00,1,-1,-1,-1
573,14633,565.95,163.65,29.71,75.75,1,-1,-1,-1
573,14642,163.80,337.49,81.14,216.48,1,-1,-1,-1
573,14646,24.10,169.32,31.17,71.17,1,-1,-1,-1
573,14651,632.00,296.00,40.00,116.00,1,-1,-1,-1
574,14633,564.61,163.80,29.99,75.89,1,-1,-1,-1
574,14642,164.58,337.27,79.68,217.11,1,-1,-1,-1
574,14646,19.40,169.87,30.78,70.47,1,-1,-1,-1
574,14651,632.00,296.00,40.00,116.00,1,-1,-1,-1
575,14633,564.10,163.87,30.20,75.95,1,-1,-1,-1
575,14642,165.41,337.23,78.23,217.27,1,-1,-1,-1
575,14646,17.79,170.06,30.61,70.24,1,-1,-1,-1
575,14651,632.00,296.00,40.00,116.00,1,-1,-1,-1
576,14633,563.92,163.90,30.39,75.97,1,-1,-1,-1
576,14642,166.20,337.25,76.87,217.26,1,-1,-1,-1
576,14646,17.35,170.12,30.52,70.15,1,-1,-1,-1
576,14651,632.00,296.00,40.00,116.00,1,-1,-1,-1
577,14633,567.46,169.13,29.87,73.37,1,-1,-1,-1
577,14642,163.67,336.03,77.61,219.36,1,-1,-1,-1
577,14643,159.97,415.51,65.97,157.66,1,-1,-1,-1
577,14644,203.98,338.14,52.27,143.89,1,-1,-1,-1
577,14646,12.71,170.39,30.60,70.33,1,-1,-1,-1
577,14651,626.09,290.45,42.10,121.55,1,-1,-1,-1
578,14633,568.76,171.14,29.93,72.38,1,-1,-1,-1
578,14643,160.24,416.57,63.17,158.23,1,-1,-1,-1
578,14644,204.56,337.59,52.66,144.08,1,-1,-1,-1
578,14651,623.93,288.48,42.98,123.52,1,-1,-1,-1
579,14633,569.15,171.87,30.19,72.02,1,-1,-1,-1
579,14643,160.95,416.91,61.08,158.42,1,-1,-1,-1
579,14644,204.70,337.40,52.92,144.15,1,-1,-1,-1
579,14651,623.09,287.78,43.42,124.22,1,-1,-1,-1
580,14633,569.21,172.13,30.51,71.89,1,-1,-1,-1
580,14643,161.72,416.99,59.47,158.47,1,-1,-1,-1
580,14644,204.70,337.37,53.09,144.17,1,-1,-1,-1
580,14651,622.77,287.56,43.69,124.44,1,-1,-1,-1
581,14633,569.16,172.21,30.82,71.86,1,-1,-1,-1
581,14643,162.43,416.96,58.18,158.46,1,-1,-1,-1
581,14644,204.65,337.39,53.22,144.16,1,-1,-1,-1
581,14651,622.63,287.52,43.90,124.48,1,-1,-1,-1
582,14633,569.07,172.23,31.12,71.85,1,-1,-1,-1
582,14643,163.06,416.90,57.14,158.43,1,-1,-1,-1
582,14644,204.59,337.44,53.33,144.15,1,-1,-1,-1
582,14651,622.56,287.54,44.07,124.46,1,-1,-1,-1
583,14633,568.56,172.63,31.01,71.60,1,-1,-1,-1
583,14640,247.66,328.05,50.32,123.97,1,-1,-1,-1
583,14643,184.78,423.31,55.37,151.92,1,-1,-1,-1
583,14644,204.96,336.52,53.42,144.40,1,-1,-1,-1
583,14651,626.66,291.52,42.51,120.48,1,-1,-1,-1
583,14653,584.00,190.00,32.00,70.00,1,-1,-1,-1
584,14640,250.21,327.54,48.91,123.84,1,-1,-1,-1
584,14643,193.15,425.72,54.92,149.38,1,-1,-1,-1
584,14651,628.31,293.08,41.82,118.92,1,-1,-1,-1
584,14653,584.00,190.00,32.00,70.00,1,-1,-1,-1
585,14633,581.96,187.33,30.58,70.17,1,-1,-1,-1
585,14640,251.31,327.36,47.98,123.80,1,-1,-1,-1
585,14643,196.14,426.56,54.97,148.43,1,-1,-1,-1
585,14651,628.96,293.66,41.49,118.34,1,-1,-1,-1
586,14633,584.01,189.66,30.65,69.95,1,-1,-1,-1
586,14640,251.77,327.34,47.33,123.79,1,-1,-1,-1
586,14643,197.15,426.81,55.19,148.08,1,-1,-1,-1
586,14651,629.24,293.88,41.29,118.12,1,-1,-1,-1
587,14633,584.67,190.45,30.76,69.87,1,-1,-1,-1
587,14640,251.97,327.38,46.83,123.81,1,-1,-1,-1
587,14643,197.42,426.86,55.45,147.96,1,-1,-1,-1
587,14651,629.39,293.96,41.15,118.04,1,-1,-1,-1
588,14633,584.85,190.70,30.87,69.85,1,-1,-1,-1
588,14640,252.05,327.43,46.45,123.82,1,-1,-1,-1
588,14643,197.43,426.82,55.69,147.92,1,-1,-1,-1
588,14651,629.47,294.00,41.04,118.00,1,-1,-1,-1
589,14633,585.65,192.16,30.75,69.58,1,-1,-1,-1
589,14640,254.21,326.50,46.34,123.53,1,-1,-1,-1
589,14642,243.84,420.86,52.40,149.02,1,-1,-1,-1
589,14643,198.06,428.19,55.63,147.74,1,-1,-1,-1
589,14651,629.47,294.02,41.03,117.98,1,-1,-1,-1
589,14654,308.00,322.00,60.00,122.00,1,-1,-1,-1
590,14642,247.43,424.19,51.11,145.99,1,-1,-1,-1
590,14654,308.00,322.00,60.00,122.00,1,-1,-1,-1
591,14642,248.55,425.28,50.63,145.08,1,-1,-1,-1
591,14654,308.00,322.00,60.00,122.00,1,-1,-1,-1
592,14642,248.87,425.53,50.42,144.86,1,-1,-1,-1
592,14654,308.00,322.00,60.00,122.00,1,-1,-1,-1
593,14642,248.87,425.46,50.33,144.90,1,-1,-1,-1
593,14654,308.00,322.00,60.00,122.00,1,-1,-1,-1
594,14642,248.79,425.30,50.29,145.01,1,-1,-1,-1
594,14654,308.00,322.00,60.00,122.00,1,-1,-1,-1
595,14642,250.67,427.51,49.70,143.34,1,-1,-1,-1
595,14651,631.47,297.77,38.94,112.35,1,-1,-1,-1
595,14654,308.00,322.00,60.00,122.00,1,-1,-1,-1
595,14655,628.00,194.00,36.00,100.00,1,-1,-1,-1
595,14656,592.00,214.00,32.00,84.00,1,-1,-1,-1
596,14633,589.92,213.43,35.98,83.20,1,-1,-1,-1
596,14651,631.65,298.02,38.70,111.98,1,-1,-1,-1
596,14655,628.00,194.00,36.00,100.00,1,-1,-1,-1
597,14633,590.42,214.60,35.71,84.00,1,-1,-1,-1
597,14651,631.74,298.10,38.57,111.85,1,-1,-1,-1
597,14655,628.00,194.00,36.00,100.00,1,-1,-1,-1
598,14633,590.73,215.00,35.35,84.29,1,-1,-1,-1
598,14651,631.79,298.13,38.49,111.81,1,-1,-1,-1
598,14655,628.00,194.00,36.00,100.00,1,-1,-1,-1
599,14633,590.93,215.09,34.98,84.38,1,-1,-1,-1
599,14651,631.82,298.13,38.43,111.81,1,-1,-1,-1
599,14655,628.00,194.00,36.00,100.00,1,-1,-1,-1
600,14633,591.08,215.07,34.65,84.39,1,-1,-1,-1
600,14651,631.84,298.12,38.38,111.83,1,-1,-1,-1
600,14655,628.00,194.00,36.00,100.00,1,-1,-1,-1
601,14633,591.61,216.82,34.92,85.06,1,-1,-1,-1
601,14651,630.17,296.80,39.09,114.46,1,-1,-1,-1
601,14655,628.00,194.00,36.00,100.00,1,-1,-1,-1
601,14657,666.00,208.00,38.00,84.00,1,-1,-1,-1
601,14658,456.00,308.00,38.00,120.00,1,-1,-1,-1
601,14659,558.00,204.00,34.00,86.00,1,-1,-1,-1
602,14651,629.59,296.30,39.26,115.46,1,-1,-1,-1
602,14657,666.00,208.00,38.00,84.00,1,-1,-1,-1
602,14658,456.00,308.00,38.00,120.00,1,-1,-1,-1
602,14659,558.00,204.00,34.00,86.00,1,-1,-1,-1
603,14651,629.41,296.10,39.24,115.84,1,-1,-1,-1
603,14657,666.00,208.00,38.00,84.00,1,-1,-1,-1
603,14658,456.00,308.00,38.00,120.00,1,-1,-1,-1
603,14659,558.00,204.00,34.00,86.00,1,-1,-1,-1
604,14651,629.39,296.03,39.16,115.98,1,-1,-1,-1
604,14657,666.00,208.00,38.00,84.00,1,-1,-1,-1
604,14658,456.00,308.00,38.00,120.00,1,-1,-1,-1
604,14659,558.00,204.00,34.00,86.00,1,-1,-1,-1
605,14651,629.42,296.00,39.06,116.03,1,-1,-1,-1
605,14657,666.00,208.00,38.00,84.00,1,-1,-1,-1
605,14658,456.00,308.00,38.00,120.00,1,-1,-1,-1
605,14659,558.00,204.00,34.00,86.00,1,-1,-1,-1
606,14651,629.46,295.99,38.96,116.05,1,-1,-1,-1
606,14657,666.00,208.00,38.00,84.00,1,-1,-1,-1
606,14658,456.00,308.00,38.00,120.00,1,-1,-1,-1
606,14659,558.00,204.00,34.00,86.00,1,-1,-1,-1
607,14642,315.62,426.40,55.33,147.64,1,-1,-1,-1
607,14651,626.34,295.99,38.70,114.75,1,-1,-1,-1
607,14657,666.00,208.00,38.00,84.00,1,-1,-1,-1
607,14658,456.00,308.00,38.00,120.00,1,-1,-1,-1
607,14659,558.00,204.00,34.00,86.00,1,-1,-1,-1
607,14660,702.00,218.00,34.00,94.00,1,-1,-1,-1
607,14661,156.00,142.00,36.00,70.00,1,-1,-1,-1
608,14642,316.21,426.32,58.27,147.81,1,-1,-1,-1
608,14651,625.11,295.99,38.68,114.25,1,-1,-1,-1
608,14660,702.00,218.00,34.00,94.00,1,-1,-1,-1
608,14661,156.00,142.00,36.00,70.00,1,-1,-1,-1
609,14642,315.80,426.28,60.42,147.88,1,-1,-1,-1
609,14651,624.62,295.99,38.75,114.06,1,-1,-1,-1
609,14660,702.00,218.00,34.00,94.00,1,-1,-1,-1
609,14661,156.00,142.00,36.00,70.00,1,-1,-1,-1
610,14642,315.10,426.25,62.07,147.91,1,-1,-1,-1
610,14651,624.41,295.99,38.85,113.99,1,-1,-1,-1
610,14660,702.00,218.00,34.00,94.00,1,-1,-1,-1
610,14661,156.00,142.00,36.00,70.00,1,-1,-1,-1
611,14642,314.37,426.22,63.38,147.93,1,-1,-1,-1
611,14651,624.32,295.99,38.96,113.97,1,-1,-1,-1
611,14660,702.00,218.00,34.00,94.00,1,-1,-1,-1
611,14661,156.00,142.00,36.00,70.00,1,-1,-1,-1
612,14642,313.69,426.20,64.45,147.94,1,-1,-1,-1
612,14651,624.26,295.99,39.05,113.96,1,-1,-1,-1
612,14660,702.00,218.00,34.00,94.00,1,-1,-1,-1
612,14661,156.00,142.00,36.00,70.00,1,-1,-1,-1
613,14642,340.86,426.18,63.23,145.34,1,-1,-1,-1
613,14651,623.92,295.98,39.03,113.90,1,-1,-1,-1
613,14660,702.00,218.00,34.00,94.00,1,-1,-1,-1
613,14661,144.15,142.00,36.12,70.00,1,-1,-1,-1
613,14662,26.00,168.00,26.00,70.00,1,-1,-1,-1
613,14663,732.00,238.00,26.00,92.00,1,-1,-1,-1
613,14664,554.00,282.00,34.00,110.00,1,-1,-1,-1
614,14642,351.10,426.16,62.73,144.35,1,-1,-1,-1
614,14660,723.68,234.26,32.92,92.37,1,-1,-1,-1
614,14661,139.86,142.00,36.24,70.00,1,-1,-1,-1
614,14662,26.00,168.00,26.00,70.00,1,-1,-1,-1
614,14664,554.00,282.00,34.00,110.00,1,-1,-1,-1
615,14642,354.80,426.15,62.51,143.99,1,-1,-1,-1
615,14660,728.37,237.64,32.31,92.04,1,-1,-1,-1
615,14661,138.34,142.00,36.36,70.00,1,-1,-1,-1
615,14662,26.00,168.00,26.00,70.00,1,-1,-1,-1
615,14664,554.00,282.00,34.00,110.00,1,-1,-1,-1
616,14642,356.03,426.13,62.40,143.87,1,-1,-1,-1
616,14660,730.07,238.74,31.80,91.93,1,-1,-1,-1
616,14661,137.84,142.00,36.48,70.00,1,-1,-1,-1
616,14662,26.00,168.00,26.00,70.00,1,-1,-1,-1
616,14664,554.00,282.00,34.00,110.00,1,-1,-1,-1
617,14642,356.34,426.12,62.34,143.83,1,-1,-1,-1
617,14660,730.70,239.05,31.33,91.89,1,-1,-1,-1
617,14661,137.71,142.00,36.60,70.00,1,-1,-1,-1
617,14662,26.00,168.00,26.00,70.00,1,-1,-1,-1
617,14664,554.00,282.00,34.00,110.00,1,-1,-1,-1
618,14642,356.31,426.11,62.29,143.83,1,-1,-1,-1
618,14660,730.96,239.08,30.89,91.89,1,-1,-1,-1
618,14661,137.70,142.00,36.71,70.00,1,-1,-1,-1
618,14662,26.00,168.00,26.00,70.00,1,-1,-1,-1
618,14664,554.00,282.00,34.00,110.00,1,-1,-1,-1
619,14642,365.93,420.87,64.95,151.69,1,-1,-1,-1
619,14659,456.84,164.58,39.22,99.80,1,-1,-1,-1
619,14660,733.49,241.00,30.82,91.70,1,-1,-1,-1
619,14661,128.51,144.65,34.06,64.70,1,-1,-1,-1
619,14662,26.00,168.00,26.00,70.00,1,-1,-1,-1
619,14664,570.94,270.90,36.20,116.94,1,-1,-1,-1
620,14642,369.67,418.92,65.52,154.61,1,-1,-1,-1
620,14659,453.73,163.33,39.21,100.23,1,-1,-1,-1
620,14661,125.07,145.66,33.11,62.67,1,-1,-1,-1
620,14664,576.92,266.97,37.01,119.39,1,-1,-1,-1
621,14642,371.13,418.16,65.40,155.74,1,-1,-1,-1
621,14659,452.71,162.91,39.12,100.38,1,-1,-1,-1
621,14661,123.89,146.01,32.85,61.97,1,-1,-1,-1
621,14664,579.05,265.56,37.34,120.28,1,-1,-1,-1
622,14642,371.70,417.89,65.03,156.16,1,-1,-1,-1
622,14659,452.52,162.81,39.01,100.42,1,-1,-1,-1
622,14661,123.51,146.13,32.82,61.74,1,-1,-1,-1
622,14664,579.70,265.11,37.48,120.56,1,-1,-1,-1
623,14642,371.93,417.80,64.60,156.29,1,-1,-1,-1
623,14659,452.65,162.84,38.91,100.41,1,-1,-1,-1
623,14661,123.42,146.16,32.89,61.69,1,-1,-1,-1
623,14664,579.81,265.03,37.55,120.61,1,-1,-1,-1
624,14642,372.02,417.78,64.17,156.33,1,-1,-1,-1
624,14659,452.89,162.92,38.81,100.38,1,-1,-1,-1
624,14661,123.44,146.16,32.97,61.69,1,-1,-1,-1
624,14664,579.72,265.07,37.60,120.58,1,-1,-1,-1
625,14642,366.18,412.59,65.14,160.22,1,-1,-1,-1
625,14659,448.38,161.16,39.05,100.99,1,-1,-1,-1
625,14661,121.75,146.43,32.68,61.14,1,-1,-1,-1
625,14664,586.44,254.63,40.98,131.04,1,-1,-1,-1
625,14665,106.00,154.00,30.00,72.00,1,-1,-1,-1
626,14642,364.07,410.63,65.17,161.67,1,-1,-1,-1
626,14664,588.87,250.79,42.31,134.91,1,-1,-1,-1
626,14665,106.00,154.00,30.00,72.00,1,-1,-1,-1
627,14642,363.32,409.91,64.87,162.21,1,-1,-1,-1
627,14664,589.70,249.34,42.89,136.38,1,-1,-1,-1
627,14665,106.00,154.00,30.00,72.00,1,-1,-1,-1
628,14642,363.10,409.65,64.48,162.38,1,-1,-1,-1
628,14664,589.89,248.87,43.16,136.88,1,-1,-1,-1
628,14665,106.00,154.00,30.00,72.00,1,-1,-1,-1
629,14642,363.07,409.59,64.08,162.42,1,-1,-1,-1
629,14664,589.85,248.77,43.30,137.00,1,-1,-1,-1
629,14665,106.00,154.00,30.00,72.00,1,-1,-1,-1
630,14642,363.12,409.58,63.70,162.41,1,-1,-1,-1
630,14664,589.73,248.80,43.39,136.99,1,-1,-1,-1
630,14665,106.00,154.00,30.00,72.00,1,-1,-1,-1
631,14642,355.71,400.51,58.82,149.39,1,-1,-1,-1
631,14651,560.40,266.35,32.61,92.24,1,-1,-1,-1
631,14664,591.77,246.83,43.91,138.63,1,-1,-1,-1
631,14665,110.75,147.06,32.99,78.94,1,-1,-1,-1
632,14642,352.68,397.01,57.01,144.27,1,-1,-1,-1
632,14651,558.81,265.73,33.11,91.80,1,-1,-1,-1
632,14665,112.38,144.62,34.12,81.38,1,-1,-1,-1
633,14642,351.53,395.80,56.47,142.45,1,-1,-1,-1
633,14651,558.06,265.49,33.51,91.62,1,-1,-1,-1
633,14665,112.94,143.73,34.61,82.27,1,-1,-1,-1
634,14642,351.05,395.40,56.38,141.81,1,-1,-1,-1
634,14651,557.79,265.44,33.85,91.59,1,-1,-1,-1
634,14665,113.08,143.44,34.84,82.56,1,-1,-1,-1
635,14642,350.83,395.30,56.44,141.61,1,-1,-1,-1
635,14651,557.72,265.47,34.13,91.61,1,-1,-1,-1
635,14665,113.07,143.38,34.98,82.62,1,-1,-1,-1
636,14642,350.70,395.32,56.56,141.56,1,-1,-1,-1
636,14651,557.71,265.52,34.36,91.64,1,-1,-1,-1
636,14665,113.00,143.40,35.07,82.60,1,-1,-1,-1
637,14642,350.76,394.13,56.24,140.75,1,-1,-1,-1
637,14651,555.99,264.71,34.14,91.05,1,-1,-1,-1
637,14662,136.13,152.11,28.15,71.99,1,-1,-1,-1
637,14664,635.29,226.66,31.72,96.11,1,-1,-1,-1
637,14665,113.68,142.41,35.49,83.59,1,-1,-1,-1
638,14662,137.88,151.79,29.16,72.03,1,-1,-1,-1
638,14664,637.66,225.62,31.50,92.46,1,-1,-1,-1
639,14662,138.33,151.67,29.91,72.04,1,-1,-1,-1
639,14664,638.24,225.17,31.99,91.53,1,-1,-1,-1
640,14662,138.20,151.65,30.49,72.04,1,-1,-1,-1
640,14664,638.14,225.08,32.58,91.26,1,-1,-1,-1
641,14662,137.87,151.66,30.95,72.04,1,-1,-1,-1
641,14664,637.79,225.13,33.15,91.24,1,-1,-1,-1
642,14662,137.51,151.69,31.32,72.04,1,-1,-1,-1
642,14664,637.39,225.22,33.66,91.30,1,-1,-1,-1
643,14662,141.03,151.19,31.35,72.10,1,-1,-1,-1
643,14664,639.70,223.90,33.21,90.08,1,-1,-1,-1
643,14665,121.44,156.55,29.23,67.59,1,-1,-1,-1
644,14665,121.68,157.76,29.08,66.25,1,-1,-1,-1
645,14665,121.68,158.09,29.27,65.87,1,-1,-1,-1
646,14665,121.57,158.19,29.52,65.75,1,-1,-1,-1
647,14665,121.43,158.21,29.77,65.73,1,-1,-1,-1
648,14665,121.28,158.20,30.00,65.75,1,-1,-1,-1
649,14642,330.25,374.12,58.25,143.74,1,-1,-1,-1
649,14665,129.17,154.20,31.43,68.42,1,-1,-1,-1
649,14666,206.00,164.00,36.00,62.00,1,-1,-1,-1
650,14642,329.29,373.54,58.90,143.89,1,-1,-1,-1
650,14665,132.01,152.72,32.08,69.42,1,-1,-1,-1
650,14666,206.00,164.00,36.00,62.00,1,-1,-1,-1
651,14642,328.83,373.33,59.37,143.94,1,-1,-1,-1
651,14662,207.91,163.26,28.76,62.46,1,-1,-1,-1
651,14665,133.00,152.16,32.42,69.81,1,-1,-1,-1
652,14642,328.60,373.30,59.73,143.96,1,-1,-1,-1
652,14662,210.32,163.95,29.70,61.96,1,-1,-1,-1
652,14665,133.28,151.95,32.64,69.95,1,-1,-1,-1
653,14642,328.47,373.33,60.02,143.97,1,-1,-1,-1
653,14662,211.00,164.17,30.51,61.79,1,-1,-1,-1
653,14665,133.30,151.88,32.80,70.01,1,-1,-1,-1
654,14642,328.38,373.38,60.26,143.98,1,-1,-1,-1
654,14662,210.91,164.23,31.20,61.75,1,-1,-1,-1
654,14665,133.23,151.86,32.92,70.03,1,-1,-1,-1
655,14642,325.00,369.51,57.97,138.76,1,-1,-1,-1
655,14651,461.09,222.24,30.89,78.02,1,-1,-1,-1
655,14662,215.70,164.71,30.95,61.25,1,-1,-1,-1
655,14665,145.70,155.79,32.71,68.72,1,-1,-1,-1
655,14667,296.00,164.00,32.00,68.00,1,-1,-1,-1
656,14642,323.77,368.08,57.05,136.77,1,-1,-1,-1
656,14651,458.79,221.43,31.83,77.79,1,-1,-1,-1
656,14665,150.30,157.29,32.83,68.23,1,-1,-1,-1
656,14667,296.00,164.00,32.00,68.00,1,-1,-1,-1
657,14642,323.36,367.59,56.67,136.05,1,-1,-1,-1
657,14651,457.78,221.13,32.50,77.71,1,-1,-1,-1
657,14665,151.86,157.85,33.06,68.04,1,-1,-1,-1
657,14667,296.00,164.00,32.00,68.00,1,-1,-1,-1
658,14642,323.27,367.45,56.49,135.80,1,-1,-1,-1
658,14651,457.41,221.08,33.02,77.70,1,-1,-1,-1
658,14665,152.29,158.05,33.31,67.98,1,-1,-1,-1
658,14667,296.00,164.00,32.00,68.00,1,-1,-1,-1
659,14642,323.28,367.43,56.40,135.72,1,-1,-1,-1
659,14651,457.31,221.13,33.43,77.71,1,-1,-1,-1
659,14665,152.30,158.11,33.56,67.95,1,-1,-1,-1
659,14667,296.00,164.00,32.00,68.00,1,-1,-1,-1
660,14642,323.33,367.46,56.35,135.71,1,-1,-1,-1
660,14651,457.31,221.21,33.77,77.74,1,-1,-1,-1
660,14665,152.17,158.13,33.79,67.95,1,-1,-1,-1
660,14667,296.00,164.00,32.00,68.00,1,-1,-1,-1
661,14642,322.58,366.55,56.14,135.21,1,-1,-1,-1
661,14651,454.43,219.90,33.58,77.31,1,-1,-1,-1
661,14665,153.99,158.37,33.75,67.86,1,-1,-1,-1
661,14667,296.00,164.00,32.00,68.00,1,-1,-1,-1
661,14668,262.00,164.00,40.00,68.00,1,-1,-1,-1
662,14668,262.00,164.00,40.00,68.00,1,-1,-1,-1
663,14668,262.00,164.00,40.00,68.00,1,-1,-1,-1
664,14668,262.00,164.00,40.00,68.00,1,-1,-1,-1
665,14668,262.00,164.00,40.00,68.00,1,-1,-1,-1
666,14668,262.00,164.00,40.00,68.00,1,-1,-1,-1
667,14664,592.54,168.07,27.46,73.97,1,-1,-1,-1
667,14667,247.48,158.25,35.05,73.75,1,-1,-1,-1
667,14668,262.00,164.00,40.00,68.00,1,-1,-1,-1
667,14669,210.00,158.00,32.00,76.00,1,-1,-1,-1
668,14664,591.70,167.24,27.49,73.75,1,-1,-1,-1
668,14665,205.48,158.10,36.71,75.55,1,-1,-1,-1
668,14667,244.47,157.91,35.52,74.09,1,-1,-1,-1
669,14664,591.42,167.00,27.55,73.69,1,-1,-1,-1
669,14665,208.70,158.07,36.25,76.01,1,-1,-1,-1
669,14667,243.35,157.79,35.84,74.21,1,-1,-1,-1
670,14664,591.36,166.98,27.60,73.69,1,-1,-1,-1
670,14665,209.98,158.06,35.78,76.17,1,-1,-1,-1
670,14667,242.99,157.76,36.08,74.24,1,-1,-1,-1
671,14664,591.38,167.05,27.65,73.71,1,-1,-1,-1
671,14665,210.47,158.05,35.35,76.22,1,-1,-1,-1
671,14667,242.92,157.76,36.29,74.24,1,-1,-1,-1
672,14664,591.43,167.13,27.69,73.73,1,-1,-1,-1
672,14665,210.65,158.05,34.98,76.23,1,-1,-1,-1
672,14667,242.96,157.78,36.46,74.22,1,-1,-1,-1
673,14642,213.85,338.38,54.72,129.98,1,-1,-1,-1
673,14664,590.32,165.69,27.53,73.30,1,-1,-1,-1
673,14665,221.03,158.04,33.41,72.33,1,-1,-1,-1
673,14667,239.91,157.42,36.64,74.58,1,-1,-1,-1
673,14670,560.00,166.00,32.00,72.00,1,-1,-1,-1
674,14642,210.05,337.53,55.21,129.85,1,-1,-1,-1
674,14665,224.83,158.04,32.88,70.80,1,-1,-1,-1
674,14670,560.00,166.00,32.00,72.00,1,-1,-1,-1
675,14642,208.59,337.22,55.60,129.80,1,-1,-1,-1
675,14664,566.19,165.50,27.77,72.07,1,-1,-1,-1
675,14665,226.07,158.03,32.78,70.24,1,-1,-1,-1
676,14642,208.14,337.15,55.91,129.80,1,-1,-1,-1
676,14664,562.18,165.46,28.26,71.87,1,-1,-1,-1
676,14665,226.38,158.03,32.82,70.03,1,-1,-1,-1
677,14642,208.08,337.18,56.17,129.81,1,-1,-1,-1
677,14664,560.69,165.45,28.69,71.81,1,-1,-1,-1
677,14665,226.34,158.03,32.91,69.96,1,-1,-1,-1
678,14642,208.18,337.25,56.39,129.82,1,-1,-1,-1
678,14664,560.11,165.47,29.07,71.79,1,-1,-1,-1
678,14665,226.18,158.02,33.01,69.94,1,-1,-1,-1
679,14642,203.92,336.01,56.27,129.53,1,-1,-1,-1
679,14664,557.45,164.58,28.92,71.42,1,-1,-1,-1
679,14665,229.02,158.06,32.95,69.81,1,-1,-1,-1
679,14667,257.01,165.29,35.14,70.45,1,-1,-1,-1
680,14667,258.43,165.89,35.38,70.11,1,-1,-1,-1
681,14667,258.74,166.09,35.67,70.00,1,-1,-1,-1
682,14667,258.78,166.15,35.93,69.97,1,-1,-1,-1
683,14667,258.74,166.16,36.16,69.96,1,-1,-1,-1
684,14667,258.68,166.15,36.36,69.96,1,-1,-1,-1
685,14642,128.46,318.64,53.63,122.35,1,-1,-1,-1
685,14667,258.49,166.41,36.32,69.88,1,-1,-1,-1
685,14668,155.08,158.04,39.38,69.99,1,-1,-1,-1
686,14642,123.68,317.60,53.81,121.90,1,-1,-1,-1
686,14668,153.52,157.92,38.14,70.03,1,-1,-1,-1
687,14642,121.91,317.23,54.03,121.74,1,-1,-1,-1
687,14668,153.19,157.88,37.22,70.04,1,-1,-1,-1
688,14642,121.39,317.15,54.24,121.70,1,-1,-1,-1
688,14668,153.40,157.87,36.49,70.04,1,-1,-1,-1
689,14642,121.37,317.17,54.44,121.71,1,-1,-1,-1
689,14668,153.78,157.87,35.91,70.04,1,-1,-1,-1
690,14642,121.52,317.23,54.61,121.73,1,-1,-1,-1
690,14668,154.20,157.88,35.43,70.04,1,-1,-1,-1
691,14642,116.37,315.95,54.41,121.27,1,-1,-1,-1
691,14668,151.46,159.20,36.04,71.34,1,-1,-1,-1
692,14668,150.53,159.70,36.24,71.83,1,-1,-1,-1
693,14668,150.30,159.90,36.30,72.01,1,-1,-1,-1
694,14668,150.32,159.97,36.30,72.08,1,-1,-1,-1
695,14668,150.43,160.00,36.28,72.09,1,-1,-1,-1
696,14668,150.56,160.01,36.26,72.09,1,-1,-1,-1
697,14668,148.39,160.03,36.34,72.26,1,-1,-1,-1
703,14665,375.56,167.95,43.85,95.82,1,-1,-1,-1
703,14671,258.00,192.00,40.00,100.00,1,-1,-1,-1
704,14665,378.59,168.13,43.24,96.33,1,-1,-1,-1
704,14671,258.00,192.00,40.00,100.00,1,-1,-1,-1
705,14665,379.64,168.19,42.75,96.49,1,-1,-1,-1
705,14671,258.00,192.00,40.00,100.00,1,-1,-1,-1
706,14665,379.97,168.20,42.35,96.52,1,-1,-1,-1
706,14671,258.00,192.00,40.00,100.00,1,-1,-1,-1
707,14665,380.02,168.19,42.03,96.51,1,-1,-1,-1
707,14671,258.00,192.00,40.00,100.00,1,-1,-1,-1
708,14665,379.96,168.18,41.77,96.48,1,-1,-1,-1
708,14671,258.00,192.00,40.00,100.00,1,-1,-1,-1
709,14665,384.36,168.48,42.10,97.24,1,-1,-1,-1
709,14671,258.00,192.00,40.00,100.00,1,-1,-1,-1
709,14672,208.00,180.00,42.00,98.00,1,-1,-1,-1
710,14672,208.00,180.00,42.00,98.00,1,-1,-1,-1
711,14672,208.00,180.00,42.00,98.00,1,-1,-1,-1
712,14672,208.00,180.00,42.00,98.00,1,-1,-1,-1
713,14672,208.00,180.00,42.00,98.00,1,-1,-1,-1
714,14672,208.00,180.00,42.00,98.00,1,-1,-1,-1
715,14672,208.00,180.00,42.00,98.00,1,-1,-1,-1
721,14665,456.20,189.45,42.51,102.14,1,-1,-1,-1
721,14673,134.00,192.00,32.00,72.00,1,-1,-1,-1
721,14674,560.00,132.00,24.00,50.00,1,-1,-1,-1
721,14675,60.00,242.00,40.00,100.00,1,-1,-1,-1
722,14665,458.83,190.21,41.37,102.21,1,-1,-1,-1
722,14671,136.89,192.00,29.46,72.35,1,-1,-1,-1
722,14674,560.00,132.00,24.00,50.00,1,-1,-1,-1
722,14675,60.00,242.00,40.00,100.00,1,-1,-1,-1
723,14665,460.06,190.48,40.54,102.24,1,-1,-1,-1
723,14671,133.88,192.00,29.59,71.71,1,-1,-1,-1
723,14674,560.00,132.00,24.00,50.00,1,-1,-1,-1
723,14675,60.00,242.00,40.00,100.00,1,-1,-1,-1
724,14665,460.55,190.56,39.89,102.24,1,-1,-1,-1
724,14671,132.49,192.00,29.78,71.43,1,-1,-1,-1
724,14674,560.00,132.00,24.00,50.00,1,-1,-1,-1
724,14675,60.00,242.00,40.00,100.00,1,-1,-1,-1
725,14665,460.72,190.55,39.37,102.23,1,-1,-1,-1
725,14671,132.14,192.00,30.01,71.37,1,-1,-1,-1
725,14674,560.00,132.00,24.00,50.00,1,-1,-1,-1
725,14675,60.00,242.00,40.00,100.00,1,-1,-1,-1
726,14665,460.75,190.51,38.95,102.21,1,-1,-1,-1
726,14671,132.20,192.00,30.23,71.41,1,-1,-1,-1
726,14674,560.00,132.00,24.00,50.00,1,-1,-1,-1
726,14675,60.00,242.00,40.00,100.00,1,-1,-1,-1
727,14665,464.31,191.35,39.08,102.55,1,-1,-1,-1
727,14671,127.73,192.00,29.79,70.39,1,-1,-1,-1
727,14674,560.00,132.00,24.00,50.00,1,-1,-1,-1
727,14675,60.00,242.00,40.00,100.00,1,-1,-1,-1
727,14676,74.00,182.00,50.00,142.00,1,-1,-1,-1
727,14677,582.00,128.00,28.00,52.00,1,-1,-1,-1
728,14676,74.00,182.00,50.00,142.00,1,-1,-1,-1
728,14677,582.00,128.00,28.00,52.00,1,-1,-1,-1
729,14676,74.00,182.00,50.00,142.00,1,-1,-1,-1
729,14677,582.00,128.00,28.00,52.00,1,-1,-1,-1
730,14676,74.00,182.00,50.00,142.00,1,-1,-1,-1
730,14677,582.00,128.00,28.00,52.00,1,-1,-1,-1
731,14676,74.00,182.00,50.00,142.00,1,-1,-1,-1
731,14677,582.00,128.00,28.00,52.00,1,-1,-1,-1
732,14676,74.00,182.00,50.00,142.00,1,-1,-1,-1
732,14677,582.00,128.00,28.00,52.00,1,-1,-1,-1
733,14676,74.00,182.00,50.00,142.00,1,-1,-1,-1
733,14677,582.00,128.00,28.00,52.00,1,-1,-1,-1
733,14678,56.00,176.00,20.00,58.00,1,-1,-1,-1
734,14678,56.00,176.00,20.00,58.00,1,-1,-1,-1
735,14678,56.00,176.00,20.00,58.00,1,-1,-1,-1
736,14678,56.00,176.00,20.00,58.00,1,-1,-1,-1
737,14678,56.00,176.00,20.00,58.00,1,-1,-1,-1
738,14678,56.00,176.00,20.00,58.00,1,-1,-1,-1
739,14665,551.92,190.29,49.58,131.35,1,-1,-1,-1
739,14671,22.00,168.33,29.37,67.87,1,-1,-1,-1
739,14678,56.00,176.00,20.00,58.00,1,-1,-1,-1
740,14665,555.04,190.18,49.65,132.39,1,-1,-1,-1
740,14671,18.70,167.62,29.79,67.81,1,-1,-1,-1
741,14665,556.15,190.14,49.55,132.76,1,-1,-1,-1
741,14671,17.55,167.38,30.12,67.80,1,-1,-1,-1
742,14665,556.47,190.11,49.40,132.85,1,-1,-1,-1
742,14671,17.27,167.34,30.37,67.80,1,-1,-1,-1
743,14665,556.48,190.10,49.25,132.84,1,-1,-1,-1
743,14671,17.33,167.36,30.58,67.82,1,-1,-1,-1
744,14665,556.36,190.09,49.11,132.80,1,-1,-1,-1
744,14671,17.49,167.41,30.75,67.83,1,-1,-1,-1
745,14665,560.81,190.23,49.59,134.08,1,-1,-1,-1
745,14671,12.42,166.43,30.63,67.56,1,-1,-1,-1
745,14676,147.33,205.65,31.46,86.81,1,-1,-1,-1
745,14679,592.00,212.00,36.00,110.00,1,-1,-1,-1
746,14665,584.08,206.77,42.32,116.13,1,-1,-1,-1
746,14676,148.72,206.20,31.67,85.53,1,-1,-1,-1
747,14665,590.20,210.84,40.24,111.79,1,-1,-1,-1
747,14676,149.26,206.46,31.98,84.92,1,-1,-1,-1
748,14665,592.33,212.15,39.33,110.41,1,-1,-1,-1
748,14676,149.17,206.50,32.39,84.83,1,-1,-1,-1
749,14665,593.06,212.59,38.80,109.92,1,-1,-1,-1
749,14676,148.86,206.46,32.79,84.92,1,-1,-1,-1
750,14665,593.25,212.70,38.44,109.76,1,-1,-1,-1
750,14676,148.53,206.41,33.16,85.05,1,-1,-1,-1
751,14665,597.67,214.03,38.23,109.19,1,-1,-1,-1
751,14676,150.73,207.11,32.52,83.42,1,-1,-1,-1
751,14680,634.00,216.00,38.00,108.00,1,-1,-1,-1
752,14665,627.01,215.86,37.89,108.14,1,-1,-1,-1
753,14665,634.01,216.40,37.80,107.84,1,-1,-1,-1
754,14665,636.37,216.57,37.78,107.75,1,-1,-1,-1
755,14665,637.05,216.60,37.79,107.73,1,-1,-1,-1
756,14665,637.09,216.57,37.80,107.74,1,-1,-1,-1
757,14665,642.40,217.54,37.65,107.30,1,-1,-1,-1
757,14681,222.00,220.00,42.00,96.00,1,-1,-1,-1
758,14681,222.00,220.00,42.00,96.00,1,-1,-1,-1
759,14681,222.00,220.00,42.00,96.00,1,-1,-1,-1
760,14681,222.00,220.00,42.00,96.00,1,-1,-1,-1
761,14681,222.00,220.00,42.00,96.00,1,-1,-1,-1
762,14681,222.00,220.00,42.00,96.00,1,-1,-1,-1
763,14665,642.68,201.37,34.72,100.27,1,-1,-1,-1
763,14681,222.00,220.00,42.00,96.00,1,-1,-1,-1
763,14682,238.00,192.00,50.00,136.00,1,-1,-1,-1
764,14665,642.36,200.22,34.22,99.85,1,-1,-1,-1
764,14682,238.00,192.00,50.00,136.00,1,-1,-1,-1
765,14665,642.41,199.84,33.88,99.71,1,-1,-1,-1
765,14676,236.37,192.20,52.16,135.40,1,-1,-1,-1
766,14665,642.43,199.72,33.62,99.67,1,-1,-1,-1
766,14676,239.23,191.77,52.32,136.93,1,-1,-1,-1
767,14665,642.41,199.70,33.43,99.68,1,-1,-1,-1
767,14676,240.07,191.64,52.17,137.37,1,-1,-1,-1
768,14665,642.39,199.71,33.26,99.70,1,-1,-1,-1
768,14676,240.28,191.61,51.96,137.46,1,-1,-1,-1
769,14665,628.42,194.48,34.71,102.36,1,-1,-1,-1
769,14676,245.13,190.96,52.88,139.88,1,-1,-1,-1
770,14665,623.03,192.54,35.55,103.36,1,-1,-1,-1
771,14665,620.83,191.83,36.12,103.75,1,-1,-1,-1
772,14665,619.89,191.59,36.56,103.90,1,-1,-1,-1
773,14665,619.44,191.53,36.93,103.96,1,-1,-1,-1
774,14665,619.20,191.54,37.24,103.98,1,-1,-1,-1
775,14665,618.81,190.75,37.23,103.97,1,-1,-1,-1
781,14683,570.00,226.00,36.00,124.00,1,-1,-1,-1
782,14683,570.00,226.00,36.00,124.00,1,-1,-1,-1
783,14665,568.68,224.16,42.75,123.11,1,-1,-1,-1
784,14665,566.53,225.98,42.07,124.12,1,-1,-1,-1
785,14665,566.00,226.64,41.38,124.48,1,-1,-1,-1
786,14665,566.06,226.84,40.75,124.59,1,-1,-1,-1
787,14665,563.04,228.45,41.10,125.67,1,-1,-1,-1
787,14684,592.00,248.00,38.00,108.00,1,-1,-1,-1
788,14665,585.08,243.65,37.17,112.55,1,-1,-1,-1
789,14665,590.15,247.46,36.42,109.42,1,-1,-1,-1
790,14665,591.74,248.73,36.32,108.40,1,-1,-1,-1
791,14665,592.28,249.12,36.39,108.03,1,-1,-1,-1
792,14665,592.44,249.19,36.53,107.90,1,-1,-1,-1
793,14665,592.21,251.32,36.42,107.60,1,-1,-1,-1
