1,29245,376.00,170.00,44.00,144.00,1,-1,-1,-1
1,29246,392.00,154.00,108.00,190.00,1,-1,-1,-1
2,29246,392.00,154.00,108.00,190.00,1,-1,-1,-1
3,29246,392.00,154.00,108.00,190.00,1,-1,-1,-1
4,29246,392.00,154.00,108.00,190.00,1,-1,-1,-1
5,29246,392.00,154.00,108.00,190.00,1,-1,-1,-1
6,29246,392.00,154.00,108.00,190.00,1,-1,-1,-1
7,29246,392.00,154.00,108.00,190.00,1,-1,-1,-1
8,29246,392.00,154.00,108.00,190.00,1,-1,-1,-1
9,29246,392.00,154.00,108.00,190.00,1,-1,-1,-1
10,29246,392.00,154.00,108.00,190.00,1,-1,-1,-1
11,29246,392.00,154.00,108.00,190.00,1,-1,-1,-1
12,29246,392.00,154.00,108.00,190.00,1,-1,-1,-1
12,29247,546.00,142.00,106.00,226.00,1,-1,-1,-1
13,29247,546.00,142.00,106.00,226.00,1,-1,-1,-1
14,29247,546.00,142.00,106.00,226.00,1,-1,-1,-1
15,29247,546.00,142.00,106.00,226.00,1,-1,-1,-1
16,29247,546.00,142.00,106.00,226.00,1,-1,-1,-1
17,29247,546.00,142.00,106.00,226.00,1,-1,-1,-1
18,29247,546.00,142.00,106.00,226.00,1,-1,-1,-1
19,29247,546.00,142.00,106.00,226.00,1,-1,-1,-1
20,29247,546.00,142.00,106.00,226.00,1,-1,-1,-1
21,29247,546.00,142.00,106.00,226.00,1,-1,-1,-1
22,29247,546.00,142.00,106.00,226.00,1,-1,-1,-1
23,29247,546.00,142.00,106.00,226.00,1,-1,-1,-1
23,29248,1008.00,166.00,104.00,204.00,1,-1,-1,-1
23,29249,524.00,134.00,40.00,78.00,1,-1,-1,-1
23,29250,700.00,164.00,84.00,202.00,1,-1,-1,-1
23,29251,724.00,154.00,98.00,208.00,1,-1,-1,-1
24,29248,1008.00,166.00,104.00,204.00,1,-1,-1,-1
24,29249,524.00,134.00,40.00,78.00,1,-1,-1,-1
24,29250,700.00,164.00,84.00,202.00,1,-1,-1,-1
24,29251,724.00,154.00,98.00,208.00,1,-1,-1,-1
25,29245,529.23,134.20,27.92,78.37,1,-1,-1,-1
25,29248,1008.00,166.00,104.00,204.00,1,-1,-1,-1
25,29250,700.00,164.00,84.00,202.00,1,-1,-1,-1
25,29251,724.00,154.00,98.00,208.00,1,-1,-1,-1
26,29245,529.70,133.81,30.13,77.65,1,-1,-1,-1
26,29248,1008.00,166.00,104.00,204.00,1,-1,-1,-1
26,29250,700.00,164.00,84.00,202.00,1,-1,-1,-1
26,29251,724.00,154.00,98.00,208.00,1,-1,-1,-1
27,29245,529.88,133.58,31.65,77.23,1,-1,-1,-1
27,29248,1008.00,166.00,104.00,204.00,1,-1,-1,-1
27,29250,700.00,164.00,84.00,202.00,1,-1,-1,-1
27,29251,724.00,154.00,98.00,208.00,1,-1,-1,-1
28,29245,529.33,133.56,32.89,77.20,1,-1,-1,-1
28,29248,1008.00,166.00,104.00,204.00,1,-1,-1,-1
28,29250,700.00,164.00,84.00,202.00,1,-1,-1,-1
28,29251,724.00,154.00,98.00,208.00,1,-1,-1,-1
29,29245,528.63,133.61,33.88,77.29,1,-1,-1,-1
29,29248,1008.00,166.00,104.00,204.00,1,-1,-1,-1
29,29250,700.00,164.00,84.00,202.00,1,-1,-1,-1
29,29251,724.00,154.00,98.00,208.00,1,-1,-1,-1
30,29245,528.00,133.67,34.69,77.39,1,-1,-1,-1
30,29248,1008.00,166.00,104.00,204.00,1,-1,-1,-1
30,29250,700.00,164.00,84.00,202.00,1,-1,-1,-1
30,29251,724.00,154.00,98.00,208.00,1,-1,-1,-1
31,29245,527.47,133.72,35.35,77.48,1,-1,-1,-1
31,29248,1008.00,166.00,104.00,204.00,1,-1,-1,-1
31,29250,700.00,164.00,84.00,202.00,1,-1,-1,-1
31,29251,724.00,154.00,98.00,208.00,1,-1,-1,-1
32,29245,527.03,133.76,35.91,77.55,1,-1,-1,-1
32,29248,1008.00,166.00,104.00,204.00,1,-1,-1,-1
32,29250,700.00,164.00,84.00,202.00,1,-1,-1,-1
32,29251,724.00,154.00,98.00,208.00,1,-1,-1,-1
33,29245,526.67,133.79,36.38,77.61,1,-1,-1,-1
33,29248,1008.00,166.00,104.00,204.00,1,-1,-1,-1
33,29250,700.00,164.00,84.00,202.00,1,-1,-1,-1
33,29251,724.00,154.00,98.00,208.00,1,-1,-1,-1
34,29245,528.21,133.45,36.08,76.98,1,-1,-1,-1
34,29246,411.44,155.99,98.92,193.97,1,-1,-1,-1
34,29247,525.82,149.81,91.69,204.52,1,-1,-1,-1
34,29248,1008.00,166.00,104.00,204.00,1,-1,-1,-1
34,29250,700.00,164.00,84.00,202.00,1,-1,-1,-1
34,29251,725.13,164.63,90.43,196.04,1,-1,-1,-1
34,29252,880.00,146.00,168.00,216.00,1,-1,-1,-1
35,29246,415.32,156.02,91.69,194.04,1,-1,-1,-1
35,29247,526.63,150.08,88.17,203.77,1,-1,-1,-1
35,29251,726.07,168.67,86.53,191.50,1,-1,-1,-1
35,29252,880.00,146.00,168.00,216.00,1,-1,-1,-1
36,29246,417.95,156.03,86.62,194.07,1,-1,-1,-1
36,29247,527.59,150.18,85.56,203.50,1,-1,-1,-1
36,29251,726.91,170.08,84.13,189.91,1,-1,-1,-1
36,29252,880.00,146.00,168.00,216.00,1,-1,-1,-1
37,29246,419.86,156.04,82.84,194.07,1,-1,-1,-1
37,29247,528.52,150.20,83.52,203.44,1,-1,-1,-1
37,29251,727.70,170.54,82.34,189.39,1,-1,-1,-1
37,29252,880.00,146.00,168.00,216.00,1,-1,-1,-1
38,29246,421.31,156.04,79.92,194.07,1,-1,-1,-1
38,29247,529.37,150.20,81.86,203.45,1,-1,-1,-1
38,29251,728.42,170.66,80.82,189.26,1,-1,-1,-1
38,29252,880.00,146.00,168.00,216.00,1,-1,-1,-1
39,29246,422.46,156.03,77.57,194.07,1,-1,-1,-1
39,29247,530.12,150.18,80.48,203.49,1,-1,-1,-1
39,29251,729.10,170.65,79.48,189.27,1,-1,-1,-1
39,29252,880.00,146.00,168.00,216.00,1,-1,-1,-1
40,29246,423.40,156.03,75.65,194.06,1,-1,-1,-1
40,29247,530.76,150.17,79.30,203.54,1,-1,-1,-1
40,29251,729.72,170.61,78.26,189.32,1,-1,-1,-1
40,29252,880.00,146.00,168.00,216.00,1,-1,-1,-1
41,29246,424.18,156.03,74.04,194.05,1,-1,-1,-1
41,29247,531.33,150.15,78.29,203.59,1,-1,-1,-1
41,29251,730.29,170.55,77.15,189.38,1,-1,-1,-1
41,29252,880.00,146.00,168.00,216.00,1,-1,-1,-1
42,29246,424.84,156.02,72.68,194.05,1,-1,-1,-1
42,29247,531.82,150.14,77.41,203.63,1,-1,-1,-1
42,29251,730.81,170.50,76.13,189.44,1,-1,-1,-1
42,29252,880.00,146.00,168.00,216.00,1,-1,-1,-1
43,29246,425.41,156.02,71.50,194.04,1,-1,-1,-1
43,29247,532.25,150.12,76.64,203.67,1,-1,-1,-1
43,29251,731.29,170.45,75.19,189.50,1,-1,-1,-1
43,29252,880.00,146.00,168.00,216.00,1,-1,-1,-1
44,29246,425.91,156.02,70.49,194.04,1,-1,-1,-1
44,29247,532.64,150.11,75.96,203.70,1,-1,-1,-1
44,29251,731.73,170.40,74.34,189.55,1,-1,-1,-1
44,29252,880.00,146.00,168.00,216.00,1,-1,-1,-1
45,29246,426.13,156.05,70.51,194.10,1,-1,-1,-1
45,29247,520.34,157.96,73.11,190.62,1,-1,-1,-1
45,29250,680.47,144.48,97.68,225.43,1,-1,-1,-1
45,29251,731.71,171.05,74.06,188.82,1,-1,-1,-1
45,29252,880.00,146.00,168.00,216.00,1,-1,-1,-1
46,29247,515.18,160.97,72.95,185.62,1,-1,-1,-1
46,29250,678.32,143.75,101.05,226.29,1,-1,-1,-1
47,29247,512.91,162.03,73.82,183.88,1,-1,-1,-1
47,29250,676.91,143.50,103.53,226.60,1,-1,-1,-1
48,29247,511.73,162.38,74.97,183.30,1,-1,-1,-1
48,29250,675.91,143.44,105.46,226.67,1,-1,-1,-1
49,29247,510.99,162.47,76.15,183.14,1,-1,-1,-1
49,29250,675.13,143.45,107.02,226.66,1,-1,-1,-1
50,29247,510.44,162.48,77.26,183.15,1,-1,-1,-1
50,29250,674.51,143.48,108.31,226.62,1,-1,-1,-1
51,29247,509.99,162.45,78.29,183.20,1,-1,-1,-1
51,29250,673.98,143.52,109.41,226.57,1,-1,-1,-1
52,29247,509.60,162.41,79.22,183.27,1,-1,-1,-1
52,29250,673.54,143.56,110.35,226.52,1,-1,-1,-1
53,29247,509.25,162.37,80.06,183.34,1,-1,-1,-1
53,29250,673.16,143.60,111.17,226.48,1,-1,-1,-1
54,29247,508.94,162.33,80.82,183.40,1,-1,-1,-1
54,29250,672.82,143.64,111.88,226.43,1,-1,-1,-1
55,29247,508.66,162.30,81.51,183.46,1,-1,-1,-1
55,29250,672.53,143.67,112.51,226.39,1,-1,-1,-1
56,29247,507.91,162.79,81.12,182.59,1,-1,-1,-1
56,29250,672.03,143.15,112.83,227.02,1,-1,-1,-1
56,29251,792.25,140.95,93.81,230.72,1,-1,-1,-1
56,29253,902.00,142.00,122.00,234.00,1,-1,-1,-1
57,29251,793.38,139.77,96.93,232.36,1,-1,-1,-1
57,29253,902.00,142.00,122.00,234.00,1,-1,-1,-1
58,29251,793.24,139.36,99.06,232.93,1,-1,-1,-1
58,29252,877.49,142.07,171.07,233.67,1,-1,-1,-1
59,29251,792.70,139.24,100.64,233.09,1,-1,-1,-1
59,29252,881.16,141.95,163.65,234.22,1,-1,-1,-1
60,29251,792.07,139.24,101.87,233.09,1,-1,-1,-1
60,29252,884.08,141.91,157.79,234.42,1,-1,-1,-1
61,29251,791.46,139.28,102.88,233.04,1,-1,-1,-1
61,29252,886.44,141.90,153.07,234.46,1,-1,-1,-1
62,29251,790.90,139.33,103.71,232.96,1,-1,-1,-1
62,29252,888.38,141.90,149.19,234.45,1,-1,-1,-1
63,29251,790.41,139.38,104.42,232.88,1,-1,-1,-1
63,29252,890.00,141.91,145.96,234.42,1,-1,-1,-1
64,29251,789.96,139.43,105.03,232.81,1,-1,-1,-1
64,29252,891.37,141.91,143.21,234.39,1,-1,-1,-1
65,29251,789.57,139.48,105.56,232.74,1,-1,-1,-1
65,29252,892.55,141.92,140.87,234.35,1,-1,-1,-1
66,29251,789.22,139.53,106.03,232.67,1,-1,-1,-1
66,29252,893.57,141.93,138.83,234.32,1,-1,-1,-1
67,29251,790.93,138.78,106.52,233.74,1,-1,-1,-1
67,29252,893.38,141.81,139.14,234.84,1,-1,-1,-1
67,29254,624.00,146.00,48.00,96.00,1,-1,-1,-1
68,29254,624.00,146.00,48.00,96.00,1,-1,-1,-1
69,29254,624.00,146.00,48.00,96.00,1,-1,-1,-1
70,29254,624.00,146.00,48.00,96.00,1,-1,-1,-1
71,29254,624.00,146.00,48.00,96.00,1,-1,-1,-1
72,29254,624.00,146.00,48.00,96.00,1,-1,-1,-1
73,29254,624.00,146.00,48.00,96.00,1,-1,-1,-1
74,29254,624.00,146.00,48.00,96.00,1,-1,-1,-1
75,29254,624.00,146.00,48.00,96.00,1,-1,-1,-1
76,29254,624.00,146.00,48.00,96.00,1,-1,-1,-1
77,29254,624.00,146.00,48.00,96.00,1,-1,-1,-1
78,29254,624.00,146.00,48.00,96.00,1,-1,-1,-1
78,29255,688.00,152.00,48.00,118.00,1,-1,-1,-1
79,29255,686.31,138.29,54.82,135.14,1,-1,-1,-1
80,29255,686.13,136.00,55.75,138.00,1,-1,-1,-1
81,29255,686.19,135.35,55.78,138.81,1,-1,-1,-1
82,29255,686.35,135.27,55.49,138.92,1,-1,-1,-1
83,29255,686.54,135.33,55.08,138.84,1,-1,-1,-1
84,29255,686.75,135.42,54.64,138.72,1,-1,-1,-1
85,29255,686.97,135.50,54.19,138.62,1,-1,-1,-1
86,29255,687.18,135.57,53.74,138.54,1,-1,-1,-1
87,29255,687.39,135.63,53.31,138.46,1,-1,-1,-1
88,29255,687.60,135.68,52.89,138.40,1,-1,-1,-1
89,29255,687.54,135.16,53.14,139.05,1,-1,-1,-1
100,29255,648.57,139.72,45.24,116.80,1,-1,-1,-1
100,29256,612.00,122.00,50.00,142.00,1,-1,-1,-1
100,29257,738.00,140.00,36.00,120.00,1,-1,-1,-1
100,29258,912.00,146.00,66.00,206.00,1,-1,-1,-1
101,29255,646.97,139.96,45.35,115.92,1,-1,-1,-1
101,29256,612.00,122.00,50.00,142.00,1,-1,-1,-1
101,29257,738.00,140.00,36.00,120.00,1,-1,-1,-1
101,29258,912.00,146.00,66.00,206.00,1,-1,-1,-1
102,29255,646.29,140.02,45.59,115.61,1,-1,-1,-1
102,29256,612.00,122.00,50.00,142.00,1,-1,-1,-1
102,29257,738.00,140.00,36.00,120.00,1,-1,-1,-1
102,29258,912.00,146.00,66.00,206.00,1,-1,-1,-1
103,29255,646.02,140.04,45.85,115.54,1,-1,-1,-1
103,29256,612.00,122.00,50.00,142.00,1,-1,-1,-1
103,29257,738.00,140.00,36.00,120.00,1,-1,-1,-1
103,29258,912.00,146.00,66.00,206.00,1,-1,-1,-1
104,29255,645.94,140.05,46.09,115.54,1,-1,-1,-1
104,29256,612.00,122.00,50.00,142.00,1,-1,-1,-1
104,29257,738.00,140.00,36.00,120.00,1,-1,-1,-1
104,29258,912.00,146.00,66.00,206.00,1,-1,-1,-1
105,29255,645.91,140.05,46.30,115.58,1,-1,-1,-1
105,29256,612.00,122.00,50.00,142.00,1,-1,-1,-1
105,29257,738.00,140.00,36.00,120.00,1,-1,-1,-1
105,29258,912.00,146.00,66.00,206.00,1,-1,-1,-1
106,29255,645.91,140.04,46.49,115.62,1,-1,-1,-1
106,29256,612.00,122.00,50.00,142.00,1,-1,-1,-1
106,29257,738.00,140.00,36.00,120.00,1,-1,-1,-1
106,29258,912.00,146.00,66.00,206.00,1,-1,-1,-1
107,29255,645.92,140.04,46.65,115.66,1,-1,-1,-1
107,29256,612.00,122.00,50.00,142.00,1,-1,-1,-1
107,29257,738.00,140.00,36.00,120.00,1,-1,-1,-1
107,29258,912.00,146.00,66.00,206.00,1,-1,-1,-1
108,29255,645.93,140.03,46.80,115.70,1,-1,-1,-1
108,29256,612.00,122.00,50.00,142.00,1,-1,-1,-1
108,29257,738.00,140.00,36.00,120.00,1,-1,-1,-1
108,29258,912.00,146.00,66.00,206.00,1,-1,-1,-1
109,29255,645.94,140.03,46.92,115.73,1,-1,-1,-1
109,29256,612.00,122.00,50.00,142.00,1,-1,-1,-1
109,29257,738.00,140.00,36.00,120.00,1,-1,-1,-1
109,29258,912.00,146.00,66.00,206.00,1,-1,-1,-1
110,29255,645.94,140.03,47.03,115.76,1,-1,-1,-1
110,29256,612.00,122.00,50.00,142.00,1,-1,-1,-1
110,29257,738.00,140.00,36.00,120.00,1,-1,-1,-1
110,29258,912.00,146.00,66.00,206.00,1,-1,-1,-1
111,29255,645.15,140.07,46.87,115.36,1,-1,-1,-1
111,29256,620.35,125.99,55.89,163.26,1,-1,-1,-1
111,29257,738.00,140.00,36.00,120.00,1,-1,-1,-1
111,29258,912.00,146.00,66.00,206.00,1,-1,-1,-1
111,29259,696.00,154.00,42.00,130.00,1,-1,-1,-1
111,29260,1150.00,154.00,72.00,214.00,1,-1,-1,-1
111,29261,800.00,148.00,38.00,122.00,1,-1,-1,-1
112,29256,623.90,127.42,56.92,170.91,1,-1,-1,-1
112,29259,696.00,154.00,42.00,130.00,1,-1,-1,-1
112,29260,1150.00,154.00,72.00,214.00,1,-1,-1,-1
112,29261,800.00,148.00,38.00,122.00,1,-1,-1,-1
113,29256,625.77,127.99,56.42,173.95,1,-1,-1,-1
113,29259,696.00,154.00,42.00,130.00,1,-1,-1,-1
113,29260,1150.00,154.00,72.00,214.00,1,-1,-1,-1
113,29261,800.00,148.00,38.00,122.00,1,-1,-1,-1
114,29256,636.59,133.32,55.13,171.22,1,-1,-1,-1
114,29259,704.14,152.52,46.50,140.39,1,-1,-1,-1
114,29260,1150.00,154.00,72.00,214.00,1,-1,-1,-1
114,29261,812.55,149.48,39.61,126.45,1,-1,-1,-1
115,29256,640.91,135.39,54.38,170.02,1,-1,-1,-1
115,29259,706.35,152.02,49.02,143.86,1,-1,-1,-1
115,29261,816.66,149.98,40.35,127.94,1,-1,-1,-1
116,29256,642.59,136.15,53.88,169.48,1,-1,-1,-1
116,29259,706.51,151.86,50.92,144.97,1,-1,-1,-1
116,29261,817.81,150.13,40.79,128.40,1,-1,-1,-1
117,29256,643.27,136.41,53.48,169.21,1,-1,-1,-1
117,29259,705.90,151.83,52.63,145.22,1,-1,-1,-1
117,29261,817.94,150.17,41.13,128.50,1,-1,-1,-1
118,29256,643.54,136.48,53.14,169.05,1,-1,-1,-1
118,29259,705.04,151.83,54.29,145.18,1,-1,-1,-1
118,29261,817.73,150.16,41.45,128.49,1,-1,-1,-1
119,29256,643.67,136.47,52.85,168.93,1,-1,-1,-1
119,29259,704.11,151.85,55.93,145.07,1,-1,-1,-1
119,29261,817.43,150.15,41.76,128.44,1,-1,-1,-1
120,29256,643.73,136.44,52.58,168.84,1,-1,-1,-1
120,29259,703.18,151.86,57.54,144.95,1,-1,-1,-1
120,29261,817.13,150.13,42.07,128.39,1,-1,-1,-1
121,29256,643.76,136.41,52.34,168.76,1,-1,-1,-1
121,29259,702.28,151.88,59.11,144.84,1,-1,-1,-1
121,29261,816.84,150.11,42.37,128.34,1,-1,-1,-1
122,29256,645.07,137.06,52.71,169.95,1,-1,-1,-1
122,29258,747.71,161.62,52.92,163.05,1,-1,-1,-1
122,29259,703.35,151.69,59.65,146.18,1,-1,-1,-1
122,29261,818.39,150.30,42.55,128.89,1,-1,-1,-1
123,29258,741.95,162.14,52.96,161.61,1,-1,-1,-1
124,29258,739.70,162.34,53.18,161.07,1,-1,-1,-1
125,29258,739.08,162.38,53.46,160.95,1,-1,-1,-1
126,29258,739.11,162.37,53.74,160.99,1,-1,-1,-1
127,29258,739.34,162.34,53.99,161.08,1,-1,-1,-1
128,29258,739.61,162.30,54.21,161.17,1,-1,-1,-1
129,29258,739.86,162.27,54.40,161.26,1,-1,-1,-1
130,29258,740.09,162.24,54.57,161.34,1,-1,-1,-1
131,29258,740.30,162.21,54.72,161.41,1,-1,-1,-1
132,29258,740.48,162.19,54.85,161.47,1,-1,-1,-1
133,29256,755.29,147.88,66.84,214.96,1,-1,-1,-1
133,29258,737.22,162.50,54.56,160.62,1,-1,-1,-1
133,29260,837.83,159.98,74.38,219.98,1,-1,-1,-1
134,29256,759.66,148.27,67.52,216.71,1,-1,-1,-1
134,29260,832.24,160.08,74.68,220.08,1,-1,-1,-1
135,29256,761.18,148.40,67.81,217.32,1,-1,-1,-1
135,29260,830.14,160.12,74.89,220.12,1,-1,-1,-1
136,29256,761.57,148.43,67.94,217.48,1,-1,-1,-1
136,29260,829.72,160.13,75.05,220.13,1,-1,-1,-1
137,29256,761.52,148.41,68.00,217.46,1,-1,-1,-1
137,29260,829.97,160.12,75.18,220.12,1,-1,-1,-1
138,29256,761.32,148.39,68.03,217.38,1,-1,-1,-1
138,29260,830.42,160.11,75.28,220.11,1,-1,-1,-1
139,29256,761.07,148.36,68.04,217.28,1,-1,-1,-1
139,29260,830.92,160.10,75.36,220.10,1,-1,-1,-1
140,29256,760.81,148.33,68.05,217.17,1,-1,-1,-1
140,29260,831.40,160.09,75.44,220.09,1,-1,-1,-1
141,29256,760.57,148.30,68.05,217.07,1,-1,-1,-1
141,29260,831.84,160.08,75.50,220.08,1,-1,-1,-1
142,29256,760.34,148.27,68.05,216.97,1,-1,-1,-1
142,29260,832.25,160.08,75.55,220.08,1,-1,-1,-1
143,29256,760.12,148.25,68.05,216.89,1,-1,-1,-1
143,29260,832.61,160.07,75.60,220.07,1,-1,-1,-1
144,29256,763.32,148.65,68.49,218.30,1,-1,-1,-1
144,29259,878.59,130.17,107.47,257.19,1,-1,-1,-1
144,29260,826.82,160.18,75.64,220.18,1,-1,-1,-1
144,29262,1038.00,172.00,122.00,184.00,1,-1,-1,-1
145,29259,881.66,129.70,110.09,259.58,1,-1,-1,-1
145,29262,1038.00,172.00,122.00,184.00,1,-1,-1,-1
