1,1464,19.57,160.93,72.35,174.04,1,-1,-1,-1
1,1474,124.00,170.00,70.00,158.00,1,-1,-1,-1
2,1464,17.98,160.91,73.97,174.11,1,-1,-1,-1
2,1474,124.00,170.00,70.00,158.00,1,-1,-1,-1
3,1464,20.90,162.22,74.80,174.15,1,-1,-1,-1
3,1474,125.97,170.00,71.31,161.00,1,-1,-1,-1
4,1464,21.93,162.72,75.37,174.15,1,-1,-1,-1
4,1474,126.64,170.00,71.72,162.00,1,-1,-1,-1
5,1464,28.19,171.46,75.78,174.14,1,-1,-1,-1
5,1474,132.28,170.00,73.17,165.88,1,-1,-1,-1
6,1464,30.51,174.76,76.10,174.13,1,-1,-1,-1
6,1474,134.30,170.00,73.45,167.18,1,-1,-1,-1
7,1464,31.79,168.09,79.37,182.00,1,-1,-1,-1
7,1474,138.74,178.23,70.73,160.71,1,-1,-1,-1
8,1464,32.30,165.59,80.51,184.93,1,-1,-1,-1
8,1474,140.23,181.27,69.76,158.22,1,-1,-1,-1
9,1464,36.42,163.30,83.45,187.97,1,-1,-1,-1
9,1474,153.91,178.89,69.54,159.37,1,-1,-1,-1
10,1464,37.62,162.42,85.33,189.11,1,-1,-1,-1
10,1474,159.00,177.97,69.01,159.80,1,-1,-1,-1
11,1464,38.27,162.24,85.92,190.42,1,-1,-1,-1
11,1474,171.79,180.26,70.09,162.62,1,-1,-1,-1
12,1474,176.45,181.09,70.40,163.67,1,-1,-1,-1
13,1464,63.12,163.64,89.50,199.63,1,-1,-1,-1
13,1474,183.00,179.39,75.07,174.59,1,-1,-1,-1
14,1464,67.41,163.86,89.69,201.16,1,-1,-1,-1
14,1474,185.38,178.74,76.78,178.64,1,-1,-1,-1
15,1464,78.68,155.53,93.55,211.40,1,-1,-1,-1
15,1474,200.77,178.46,77.78,182.11,1,-1,-1,-1
16,1464,83.07,152.40,94.63,215.23,1,-1,-1,-1
16,1474,206.71,178.33,77.87,183.40,1,-1,-1,-1
17,1464,86.44,151.53,95.77,217.83,1,-1,-1,-1
17,1474,218.39,185.38,74.25,176.07,1,-1,-1,-1
18,1474,222.79,188.10,72.54,173.12,1,-1,-1,-1
19,1474,226.55,179.89,76.47,183.82,1,-1,-1,-1
20,1474,228.06,176.87,77.59,187.74,1,-1,-1,-1
21,1474,233.52,176.86,78.37,189.63,1,-1,-1,-1
23,1464,76.54,129.40,120.44,268.12,1,-1,-1,-1
24,1464,74.53,127.80,124.05,271.69,1,-1,-1,-1
25,1464,73.27,131.04,127.00,276.15,1,-1,-1,-1
26,1464,72.54,132.34,128.50,277.77,1,-1,-1,-1
27,1464,69.69,127.15,131.55,285.92,1,-1,-1,-1
28,1464,68.75,125.18,132.33,288.98,1,-1,-1,-1
29,1464,61.92,114.89,138.41,304.70,1,-1,-1,-1
30,1464,59.58,110.96,140.13,310.67,1,-1,-1,-1
31,1464,54.85,105.03,146.44,326.20,1,-1,-1,-1
31,1474,243.51,113.59,121.20,287.75,1,-1,-1,-1
32,1464,53.19,102.77,148.49,332.13,1,-1,-1,-1
32,1474,242.70,110.58,124.84,292.27,1,-1,-1,-1
33,1464,56.12,101.32,150.30,335.57,1,-1,-1,-1
33,1474,239.40,110.10,134.38,310.73,1,-1,-1,-1
33,1475,145.00,96.00,177.00,330.00,1,-1,-1,-1
34,1464,57.22,100.83,151.06,336.74,1,-1,-1,-1
34,1474,237.71,109.96,138.83,317.90,1,-1,-1,-1
34,1475,145.00,96.00,177.00,330.00,1,-1,-1,-1
35,1464,59.13,92.40,156.65,351.08,1,-1,-1,-1
35,1474,244.37,107.50,148.22,338.72,1,-1,-1,-1
36,1464,60.09,89.21,158.29,356.49,1,-1,-1,-1
36,1474,246.88,106.57,152.01,346.80,1,-1,-1,-1
37,1464,65.84,92.49,160.85,364.79,1,-1,-1,-1
37,1474,254.69,98.79,156.60,360.48,1,-1,-1,-1
38,1464,68.37,93.84,161.19,367.87,1,-1,-1,-1
38,1474,258.06,95.78,157.66,365.72,1,-1,-1,-1
39,1464,68.73,92.53,159.93,365.69,1,-1,-1,-1
39,1474,263.28,83.96,165.19,383.95,1,-1,-1,-1
40,1464,68.93,92.09,159.18,364.64,1,-1,-1,-1
40,1474,265.36,79.41,167.91,390.94,1,-1,-1,-1
41,1464,70.43,78.44,161.13,373.74,1,-1,-1,-1
41,1474,269.47,84.64,167.81,385.92,1,-1,-1,-1
42,1464,71.53,73.28,160.74,377.11,1,-1,-1,-1
42,1474,270.51,86.86,168.62,383.61,1,-1,-1,-1
43,1464,59.53,72.65,159.67,373.75,1,-1,-1,-1
43,1474,276.47,83.96,165.88,372.27,1,-1,-1,-1
44,1464,54.75,72.51,159.36,372.27,1,-1,-1,-1
44,1474,278.14,82.94,165.79,367.60,1,-1,-1,-1
45,1464,48.99,60.24,166.46,389.70,1,-1,-1,-1
45,1474,286.50,72.27,165.62,361.80,1,-1,-1,-1
46,1464,46.93,55.65,168.90,396.21,1,-1,-1,-1
46,1474,288.98,68.28,166.71,359.42,1,-1,-1,-1
47,1464,43.00,47.56,171.63,401.80,1,-1,-1,-1
47,1474,275.09,69.48,176.34,379.88,1,-1,-1,-1
48,1464,41.42,44.52,172.81,403.82,1,-1,-1,-1
48,1474,269.82,69.96,180.01,387.48,1,-1,-1,-1
49,1464,40.05,43.46,176.10,408.30,1,-1,-1,-1
49,1474,281.07,51.05,177.61,377.51,1,-1,-1,-1
50,1464,39.20,43.16,178.03,409.88,1,-1,-1,-1
50,1474,284.89,43.73,177.64,373.34,1,-1,-1,-1
51,1464,37.43,36.71,181.03,416.14,1,-1,-1,-1
51,1474,287.00,34.56,191.75,409.43,1,-1,-1,-1
52,1464,36.72,34.33,182.27,418.42,1,-1,-1,-1
52,1474,288.70,31.17,195.13,422.73,1,-1,-1,-1
53,1464,35.28,22.56,186.40,428.81,1,-1,-1,-1
53,1474,301.49,24.28,197.37,425.34,1,-1,-1,-1
54,1464,34.86,18.14,187.72,432.68,1,-1,-1,-1
54,1474,306.21,21.72,198.68,426.13,1,-1,-1,-1
55,1464,33.55,13.98,189.26,435.95,1,-1,-1,-1
55,1474,305.12,11.23,206.68,442.95,1,-1,-1,-1
56,1464,33.05,12.50,189.86,437.07,1,-1,-1,-1
56,1474,304.61,7.31,209.77,449.27,1,-1,-1,-1
57,1464,31.22,12.71,193.37,440.57,1,-1,-1,-1
57,1474,309.86,9.13,211.28,450.89,1,-1,-1,-1
58,1464,30.03,12.90,195.71,441.79,1,-1,-1,-1
58,1474,311.63,10.00,212.16,451.31,1,-1,-1,-1
59,1464,28.57,9.21,196.69,442.76,1,-1,-1,-1
59,1474,318.35,27.21,209.16,435.83,1,-1,-1,-1
60,1464,27.91,7.89,197.29,443.01,1,-1,-1,-1
60,1474,319.80,34.08,209.97,429.56,1,-1,-1,-1
61,1464,27.17,10.08,196.55,441.69,1,-1,-1,-1
61,1474,332.66,15.18,229.15,464.95,1,-1,-1,-1
62,1464,26.96,11.02,196.15,441.07,1,-1,-1,-1
62,1474,336.84,8.22,237.31,477.98,1,-1,-1,-1
63,1464,23.55,7.57,198.13,447.88,1,-1,-1,-1
63,1474,334.62,1.73,247.93,503.35,1,-1,-1,-1
64,1464,22.57,6.32,198.28,450.39,1,-1,-1,-1
64,1474,334.23,-0.73,250.90,513.08,1,-1,-1,-1
65,1464,17.67,2.03,200.93,457.08,1,-1,-1,-1
65,1474,338.41,-1.58,253.18,517.31,1,-1,-1,-1
66,1464,15.91,0.46,201.76,459.55,1,-1,-1,-1
66,1474,339.90,-1.80,254.05,518.71,1,-1,-1,-1
67,1464,18.45,1.88,200.87,457.15,1,-1,-1,-1
67,1474,341.15,-1.78,255.29,520.30,1,-1,-1,-1
68,1464,19.44,2.51,200.56,456.11,1,-1,-1,-1
68,1474,341.42,-1.68,255.90,520.69,1,-1,-1,-1
69,1464,24.32,2.81,200.58,456.93,1,-1,-1,-1
69,1474,341.63,-1.56,255.63,518.70,1,-1,-1,-1
69,1476,157.00,5.00,124.00,416.00,1,-1,-1,-1
70,1464,26.29,2.98,200.39,457.17,1,-1,-1,-1
70,1474,341.44,-1.42,255.80,517.73,1,-1,-1,-1
70,1476,157.00,5.00,124.00,416.00,1,-1,-1,-1
71,1464,26.07,5.05,199.00,453.93,1,-1,-1,-1
71,1474,346.90,3.88,253.59,513.95,1,-1,-1,-1
71,1476,160.43,13.26,120.15,403.99,1,-1,-1,-1
72,1464,25.99,5.90,198.45,452.62,1,-1,-1,-1
72,1474,349.00,5.99,252.49,512.33,1,-1,-1,-1
72,1476,161.69,16.01,118.63,399.99,1,-1,-1,-1
73,1464,26.47,4.30,199.18,455.33,1,-1,-1,-1
73,1474,346.70,4.89,250.88,512.22,1,-1,-1,-1
73,1476,159.36,10.15,121.35,411.37,1,-1,-1,-1
74,1464,26.78,3.72,199.18,456.32,1,-1,-1,-1
74,1474,346.16,4.51,249.39,512.06,1,-1,-1,-1
74,1476,158.80,8.10,121.78,415.32,1,-1,-1,-1
75,1464,24.79,2.23,200.14,458.60,1,-1,-1,-1
75,1474,327.07,18.06,221.36,456.61,1,-1,-1,-1
75,1476,158.94,11.47,119.87,410.52,1,-1,-1,-1
76,1464,24.05,1.70,200.47,459.41,1,-1,-1,-1
76,1474,319.62,23.49,209.77,434.51,1,-1,-1,-1
76,1476,159.17,12.70,118.82,408.73,1,-1,-1,-1
77,1464,23.37,6.74,198.14,454.47,1,-1,-1,-1
77,1474,318.82,24.11,207.90,430.64,1,-1,-1,-1
77,1476,159.08,13.39,118.70,408.30,1,-1,-1,-1
78,1464,23.17,8.70,197.14,452.53,1,-1,-1,-1
79,1464,22.74,8.42,197.44,453.22,1,-1,-1,-1
79,1474,321.45,44.67,198.59,410.19,1,-1,-1,-1
80,1474,321.65,47.76,197.58,407.11,1,-1,-1,-1
81,1464,20.59,12.98,195.78,447.42,1,-1,-1,-1
81,1474,326.67,40.07,204.06,422.81,1,-1,-1,-1
82,1464,19.94,13.72,196.11,446.48,1,-1,-1,-1
82,1474,328.80,37.27,205.80,428.54,1,-1,-1,-1
83,1464,19.46,13.92,196.11,446.48,1,-1,-1,-1
83,1474,325.34,33.53,204.56,424.29,1,-1,-1,-1
84,1474,323.81,32.06,204.53,422.74,1,-1,-1,-1
85,1464,25.59,3.18,199.41,455.28,1,-1,-1,-1
85,1474,329.20,39.38,205.76,418.93,1,-1,-1,-1
86,1464,26.75,1.47,199.54,456.68,1,-1,-1,-1
86,1474,330.44,42.12,207.83,417.58,1,-1,-1,-1
87,1464,25.93,1.53,200.74,459.78,1,-1,-1,-1
87,1474,326.50,41.14,212.82,424.37,1,-1,-1,-1
88,1464,25.66,1.57,201.10,460.92,1,-1,-1,-1
88,1474,324.58,40.74,215.56,426.96,1,-1,-1,-1
89,1464,25.18,4.87,200.66,459.38,1,-1,-1,-1
89,1474,322.19,29.46,224.48,446.91,1,-1,-1,-1
90,1464,24.94,6.14,200.59,458.75,1,-1,-1,-1
90,1474,321.61,25.22,227.18,454.40,1,-1,-1,-1
91,1464,27.51,9.25,201.11,453.27,1,-1,-1,-1
91,1474,323.57,32.61,222.56,444.38,1,-1,-1,-1
92,1464,27.76,10.43,202.75,451.17,1,-1,-1,-1
92,1474,324.24,35.51,220.93,440.41,1,-1,-1,-1
93,1464,25.82,4.98,218.53,477.87,1,-1,-1,-1
93,1474,319.31,46.40,211.04,416.67,1,-1,-1,-1
94,1464,24.04,2.96,226.50,487.76,1,-1,-1,-1
94,1474,316.94,50.55,208.22,407.59,1,-1,-1,-1
95,1464,13.18,4.75,233.15,498.63,1,-1,-1,-1
95,1474,317.12,48.04,215.10,419.60,1,-1,-1,-1
96,1464,8.56,5.46,236.53,502.75,1,-1,-1,-1
96,1474,316.98,47.11,218.04,424.02,1,-1,-1,-1
97,1464,17.86,3.80,224.66,477.79,1,-1,-1,-1
97,1474,313.57,46.71,213.54,414.02,1,-1,-1,-1
97,1476,156.88,25.01,118.24,406.95,1,-1,-1,-1
98,1464,21.57,3.17,219.86,467.85,1,-1,-1,-1
98,1474,312.10,46.51,212.16,410.20,1,-1,-1,-1
98,1476,156.86,25.19,118.19,406.95,1,-1,-1,-1
99,1464,21.89,2.83,220.06,468.26,1,-1,-1,-1
99,1474,313.85,46.42,220.28,424.63,1,-1,-1,-1
99,1476,155.77,25.26,120.35,409.58,1,-1,-1,-1
100,1474,314.31,46.37,223.67,429.99,1,-1,-1,-1
100,1476,155.09,25.27,121.70,410.56,1,-1,-1,-1
101,1474,316.14,41.79,225.59,434.01,1,-1,-1,-1
101,1476,158.37,27.87,121.04,411.58,1,-1,-1,-1
102,1474,316.89,40.02,226.23,435.54,1,-1,-1,-1
102,1476,159.83,28.84,120.37,411.96,1,-1,-1,-1
103,1474,321.72,41.29,223.89,432.20,1,-1,-1,-1
103,1476,161.32,27.88,120.19,413.40,1,-1,-1,-1
104,1474,323.72,41.78,222.67,430.90,1,-1,-1,-1
104,1476,162.01,27.49,119.84,413.94,1,-1,-1,-1
105,1464,23.28,16.92,206.50,445.68,1,-1,-1,-1
105,1474,322.19,34.78,226.74,442.15,1,-1,-1,-1
105,1476,161.91,19.49,120.41,422.62,1,-1,-1,-1
106,1464,24.41,17.92,203.41,444.10,1,-1,-1,-1
106,1474,322.08,32.15,227.31,446.36,1,-1,-1,-1
106,1476,162.35,16.47,119.64,425.88,1,-1,-1,-1
107,1464,24.56,18.74,202.78,442.71,1,-1,-1,-1
107,1474,320.73,33.75,226.22,444.70,1,-1,-1,-1
107,1476,164.94,12.07,117.73,425.14,1,-1,-1,-1
108,1474,320.27,34.38,225.65,444.02,1,-1,-1,-1
108,1476,166.35,10.41,116.14,424.81,1,-1,-1,-1
109,1464,24.12,8.28,203.63,452.61,1,-1,-1,-1
109,1474,316.93,36.59,226.53,445.67,1,-1,-1,-1
109,1476,168.13,10.45,114.32,422.70,1,-1,-1,-1
110,1464,25.26,6.66,201.36,454.13,1,-1,-1,-1
110,1474,315.66,37.44,226.86,446.27,1,-1,-1,-1
110,1476,169.11,10.50,112.99,421.86,1,-1,-1,-1
111,1464,11.55,3.48,215.66,486.78,1,-1,-1,-1
111,1474,330.94,21.50,239.71,470.54,1,-1,-1,-1
111,1476,170.80,13.82,112.42,422.82,1,-1,-1,-1
112,1464,6.56,2.31,220.83,498.79,1,-1,-1,-1
112,1474,336.52,15.54,244.80,479.61,1,-1,-1,-1
112,1476,171.64,15.09,111.77,423.17,1,-1,-1,-1
113,1464,4.89,1.63,222.45,502.44,1,-1,-1,-1
113,1474,342.58,12.60,242.79,474.72,1,-1,-1,-1
113,1476,173.93,20.15,104.95,396.54,1,-1,-1,-1
114,1474,344.76,11.53,242.19,472.67,1,-1,-1,-1
114,1476,174.73,22.13,102.41,386.21,1,-1,-1,-1
115,1474,346.61,9.66,243.47,475.17,1,-1,-1,-1
115,1476,174.71,12.85,106.76,403.16,1,-1,-1,-1
116,1476,174.73,9.49,108.26,409.31,1,-1,-1,-1
117,1464,20.84,13.28,201.21,457.18,1,-1,-1,-1
117,1476,178.47,13.42,109.15,409.10,1,-1,-1,-1
118,1464,23.14,14.60,197.96,451.93,1,-1,-1,-1
118,1476,179.63,14.96,109.98,409.03,1,-1,-1,-1
119,1464,21.69,13.01,195.94,452.99,1,-1,-1,-1
119,1474,319.97,72.88,198.61,377.37,1,-1,-1,-1
119,1476,179.36,9.68,109.72,411.61,1,-1,-1,-1
120,1464,21.74,12.42,194.04,453.39,1,-1,-1,-1
120,1474,315.13,79.77,197.26,366.78,1,-1,-1,-1
120,1476,179.48,7.69,109.11,412.59,1,-1,-1,-1
121,1464,27.40,18.10,188.65,443.07,1,-1,-1,-1
121,1474,316.05,53.06,217.61,408.13,1,-1,-1,-1
121,1476,181.41,4.35,110.27,419.47,1,-1,-1,-1
122,1464,29.79,20.25,186.16,439.17,1,-1,-1,-1
122,1474,316.90,44.05,223.38,422.07,1,-1,-1,-1
122,1476,182.30,3.11,110.36,422.06,1,-1,-1,-1
123,1464,30.20,21.09,185.38,437.35,1,-1,-1,-1
123,1474,317.85,39.16,227.09,432.18,1,-1,-1,-1
123,1476,171.78,8.51,111.27,419.78,1,-1,-1,-1
124,1474,318.65,37.29,227.69,436.05,1,-1,-1,-1
124,1476,167.34,10.62,112.39,418.87,1,-1,-1,-1
125,1474,316.60,42.47,225.47,430.98,1,-1,-1,-1
125,1476,166.87,10.35,112.55,419.46,1,-1,-1,-1
126,1474,315.73,44.51,224.77,428.94,1,-1,-1,-1
127,1474,313.56,41.38,226.88,434.00,1,-1,-1,-1
128,1474,312.90,40.21,227.37,435.87,1,-1,-1,-1
129,1474,314.61,42.40,226.91,434.58,1,-1,-1,-1
130,1474,315.23,43.26,226.81,434.04,1,-1,-1,-1
131,1474,313.30,39.69,228.50,437.05,1,-1,-1,-1
132,1474,312.56,38.35,229.17,438.15,1,-1,-1,-1
133,1474,311.07,44.37,222.73,422.90,1,-1,-1,-1
134,1474,310.15,46.72,220.97,416.98,1,-1,-1,-1
135,1464,39.89,17.29,191.69,445.37,1,-1,-1,-1
135,1474,309.44,47.59,219.77,414.14,1,-1,-1,-1
135,1476,156.58,24.43,110.36,407.61,1,-1,-1,-1
136,1464,39.21,17.11,193.90,445.76,1,-1,-1,-1
136,1474,309.11,47.91,219.49,413.09,1,-1,-1,-1
136,1476,155.85,25.05,110.94,407.04,1,-1,-1,-1
137,1464,36.05,17.70,195.95,445.90,1,-1,-1,-1
137,1474,309.09,63.78,207.41,388.44,1,-1,-1,-1
137,1476,158.54,26.58,111.17,404.87,1,-1,-1,-1
138,1464,34.44,17.92,197.51,445.95,1,-1,-1,-1
138,1474,308.87,69.85,203.29,379.05,1,-1,-1,-1
138,1476,159.39,27.13,111.62,404.08,1,-1,-1,-1
139,1464,32.26,19.96,196.66,443.36,1,-1,-1,-1
139,1474,308.30,69.32,203.53,377.76,1,-1,-1,-1
139,1476,164.12,29.28,111.52,405.12,1,-1,-1,-1
140,1464,31.35,20.73,196.46,442.38,1,-1,-1,-1
140,1474,307.85,69.07,204.17,377.39,1,-1,-1,-1
140,1476,166.00,30.07,111.31,405.53,1,-1,-1,-1
141,1464,29.73,24.93,193.07,437.44,1,-1,-1,-1
141,1474,308.67,65.61,208.45,383.98,1,-1,-1,-1
141,1476,171.55,28.37,110.70,405.04,1,-1,-1,-1
142,1464,29.39,26.51,191.23,435.58,1,-1,-1,-1
142,1474,308.79,64.28,210.48,386.51,1,-1,-1,-1
142,1476,173.75,27.70,110.25,404.87,1,-1,-1,-1
143,1464,27.94,24.47,191.22,440.16,1,-1,-1,-1
143,1474,310.86,53.91,225.59,415.06,1,-1,-1,-1
143,1476,177.42,24.80,110.23,406.79,1,-1,-1,-1
144,1464,27.91,23.68,190.22,441.89,1,-1,-1,-1
144,1474,311.75,50.06,230.95,425.65,1,-1,-1,-1
144,1476,178.92,23.70,109.95,407.52,1,-1,-1,-1
145,1464,28.82,16.19,191.30,450.39,1,-1,-1,-1
145,1474,308.22,37.63,235.66,437.51,1,-1,-1,-1
145,1476,179.60,21.31,108.89,407.80,1,-1,-1,-1
146,1464,29.83,13.35,190.38,453.60,1,-1,-1,-1
146,1474,307.32,32.83,236.52,442.04,1,-1,-1,-1
146,1476,180.11,20.41,107.91,407.91,1,-1,-1,-1
147,1464,31.34,16.82,187.17,450.91,1,-1,-1,-1
147,1474,324.22,12.99,258.98,484.92,1,-1,-1,-1
147,1476,178.75,24.64,105.99,404.69,1,-1,-1,-1
148,1464,32.45,18.17,184.88,449.86,1,-1,-1,-1
148,1474,330.70,5.54,267.13,501.01,1,-1,-1,-1
148,1476,178.48,26.25,104.72,403.47,1,-1,-1,-1
149,1464,32.52,18.03,182.80,445.52,1,-1,-1,-1
149,1474,336.92,7.70,265.59,500.36,1,-1,-1,-1
149,1476,180.47,26.20,103.27,400.40,1,-1,-1,-1
150,1464,32.63,17.98,181.84,443.87,1,-1,-1,-1
150,1474,339.64,8.69,264.23,499.84,1,-1,-1,-1
150,1476,181.37,26.17,102.40,399.26,1,-1,-1,-1
151,1464,36.14,19.28,178.47,436.70,1,-1,-1,-1
151,1474,336.65,2.09,269.67,505.88,1,-1,-1,-1
151,1476,179.96,15.66,104.22,407.37,1,-1,-1,-1
152,1464,37.60,19.77,176.98,434.00,1,-1,-1,-1
152,1474,334.87,-0.36,272.87,508.06,1,-1,-1,-1
152,1476,179.49,11.73,104.77,410.42,1,-1,-1,-1
153,1464,35.59,14.04,183.50,448.11,1,-1,-1,-1
153,1474,335.85,1.99,272.52,511.29,1,-1,-1,-1
153,1476,171.56,10.24,105.49,405.08,1,-1,-1,-1
154,1464,34.62,11.91,186.35,453.37,1,-1,-1,-1
154,1474,336.74,2.99,271.20,512.38,1,-1,-1,-1
154,1476,167.97,9.72,106.82,403.02,1,-1,-1,-1
155,1464,35.67,9.16,187.20,454.73,1,-1,-1,-1
155,1474,337.62,7.32,264.28,501.67,1,-1,-1,-1
155,1476,169.52,14.79,108.09,399.63,1,-1,-1,-1
156,1464,36.00,8.13,187.66,455.23,1,-1,-1,-1
156,1474,338.24,9.08,260.88,497.34,1,-1,-1,-1
156,1476,169.56,16.73,109.71,398.36,1,-1,-1,-1
157,1464,34.12,4.50,189.88,460.59,1,-1,-1,-1
157,1474,336.61,11.10,257.99,495.60,1,-1,-1,-1
157,1476,169.47,16.49,109.53,397.71,1,-1,-1,-1
158,1464,33.40,3.16,190.72,462.60,1,-1,-1,-1
158,1474,336.48,11.91,255.82,494.85,1,-1,-1,-1
159,1464,38.73,13.06,183.72,445.79,1,-1,-1,-1
159,1474,321.31,4.44,257.14,505.55,1,-1,-1,-1
159,1476,163.30,10.14,115.51,421.18,1,-1,-1,-1
160,1464,40.81,16.94,180.96,439.25,1,-1,-1,-1
160,1474,316.72,1.65,255.32,509.53,1,-1,-1,-1
160,1476,162.49,9.13,116.11,424.87,1,-1,-1,-1
161,1464,41.30,17.16,180.62,438.45,1,-1,-1,-1
161,1474,302.54,-0.02,241.89,490.25,1,-1,-1,-1
161,1476,160.75,11.37,115.34,420.99,1,-1,-1,-1
162,1474,298.03,-0.59,234.77,482.61,1,-1,-1,-1
162,1476,160.03,12.25,115.18,419.45,1,-1,-1,-1
163,1464,30.30,7.03,189.24,456.26,1,-1,-1,-1
163,1474,298.08,-0.75,232.11,483.68,1,-1,-1,-1
163,1476,163.51,6.09,115.48,423.40,1,-1,-1,-1
164,1464,28.12,5.45,191.50,459.04,1,-1,-1,-1
164,1474,299.03,-0.77,229.41,484.07,1,-1,-1,-1
164,1476,165.04,3.77,115.18,424.87,1,-1,-1,-1
165,1464,27.54,4.69,191.93,460.08,1,-1,-1,-1
165,1474,296.33,0.58,226.83,482.24,1,-1,-1,-1
165,1476,166.52,3.56,113.95,423.44,1,-1,-1,-1
166,1474,295.85,1.13,224.94,481.53,1,-1,-1,-1
166,1476,167.30,3.52,113.04,422.85,1,-1,-1,-1
167,1474,299.27,14.46,218.51,469.48,1,-1,-1,-1
167,1476,170.73,5.48,112.95,427.16,1,-1,-1,-1
168,1474,300.88,19.57,215.65,464.88,1,-1,-1,-1
168,1476,172.36,6.25,112.26,428.77,1,-1,-1,-1
169,1474,298.66,10.92,219.06,474.40,1,-1,-1,-1
169,1476,171.03,2.66,112.61,432.59,1,-1,-1,-1
170,1474,298.15,7.69,219.79,477.96,1,-1,-1,-1
170,1476,170.69,1.31,112.40,434.01,1,-1,-1,-1
171,1474,295.69,2.55,221.47,481.94,1,-1,-1,-1
171,1476,169.40,0.17,112.01,434.51,1,-1,-1,-1
172,1474,294.85,0.61,222.02,483.44,1,-1,-1,-1
172,1476,169.05,-0.24,111.58,434.65,1,-1,-1,-1
173,1474,297.95,-0.11,219.41,479.44,1,-1,-1,-1
173,1476,168.12,1.59,110.39,432.06,1,-1,-1,-1
174,1474,299.40,-0.35,218.01,477.90,1,-1,-1,-1
174,1476,167.91,2.31,109.66,431.03,1,-1,-1,-1
175,1474,305.13,-0.41,218.95,480.58,1,-1,-1,-1
175,1476,170.25,8.47,107.81,424.09,1,-1,-1,-1
176,1474,307.39,-0.41,219.17,481.59,1,-1,-1,-1
176,1476,171.17,10.83,107.06,421.43,1,-1,-1,-1
177,1474,320.44,-0.38,225.55,496.31,1,-1,-1,-1
177,1476,175.26,8.43,109.12,423.05,1,-1,-1,-1
178,1474,325.44,-0.36,227.77,501.84,1,-1,-1,-1
178,1476,176.36,7.52,110.77,423.66,1,-1,-1,-1
179,1474,310.97,-0.33,221.89,489.69,1,-1,-1,-1
179,1476,175.15,8.48,112.66,423.90,1,-1,-1,-1
180,1474,305.40,-0.29,219.39,484.90,1,-1,-1,-1
180,1476,174.19,8.85,114.33,423.98,1,-1,-1,-1
181,1474,302.66,-0.26,219.13,485.06,1,-1,-1,-1
181,1476,174.68,8.33,117.80,430.55,1,-1,-1,-1
182,1474,301.73,-0.24,218.85,485.11,1,-1,-1,-1
182,1476,174.39,8.13,120.03,433.02,1,-1,-1,-1
183,1464,32.55,12.71,189.62,459.26,1,-1,-1,-1
183,1474,304.50,11.53,212.56,469.45,1,-1,-1,-1
183,1476,169.03,3.50,118.32,432.64,1,-1,-1,-1
184,1464,33.35,12.99,188.29,459.12,1,-1,-1,-1
184,1474,305.40,16.05,210.54,463.45,1,-1,-1,-1
184,1476,167.39,1.74,116.83,432.47,1,-1,-1,-1
185,1464,33.44,13.24,188.34,459.23,1,-1,-1,-1
185,1474,309.76,13.74,211.68,465.89,1,-1,-1,-1
185,1476,167.62,2.38,115.21,432.38,1,-1,-1,-1
186,1474,311.37,12.86,212.15,466.84,1,-1,-1,-1
186,1476,168.13,2.64,113.76,432.33,1,-1,-1,-1
187,1474,310.62,10.54,213.09,469.85,1,-1,-1,-1
187,1476,168.87,7.32,112.77,431.64,1,-1,-1,-1
188,1474,310.44,9.64,213.23,471.02,1,-1,-1,-1
188,1476,169.37,9.10,111.98,431.36,1,-1,-1,-1
189,1474,313.58,13.21,210.15,465.61,1,-1,-1,-1
189,1476,168.91,7.82,111.68,433.86,1,-1,-1,-1
190,1474,314.93,14.56,208.65,463.57,1,-1,-1,-1
190,1476,168.99,7.32,111.06,434.79,1,-1,-1,-1
191,1474,314.04,14.40,208.91,465.46,1,-1,-1,-1
191,1476,169.76,10.39,109.38,430.56,1,-1,-1,-1
192,1474,313.85,14.32,208.71,466.20,1,-1,-1,-1
192,1476,170.21,11.56,108.42,428.94,1,-1,-1,-1
193,1474,316.50,22.77,204.50,455.39,1,-1,-1,-1
193,1476,170.97,8.72,108.19,430.28,1,-1,-1,-1
194,1474,317.34,25.97,203.22,451.30,1,-1,-1,-1
194,1476,171.42,7.63,107.81,430.79,1,-1,-1,-1
195,1474,315.99,16.59,207.38,461.02,1,-1,-1,-1
195,1476,171.69,11.14,107.46,427.71,1,-1,-1,-1
196,1474,315.54,13.08,208.82,464.66,1,-1,-1,-1
196,1476,171.69,12.47,107.54,426.54,1,-1,-1,-1
197,1474,313.54,11.73,209.75,466.08,1,-1,-1,-1
197,1476,171.05,8.38,108.85,431.99,1,-1,-1,-1
198,1474,312.69,11.21,210.27,466.63,1,-1,-1,-1
198,1476,170.83,6.83,109.31,434.05,1,-1,-1,-1
199,1474,311.49,12.33,210.92,468.14,1,-1,-1,-1
199,1476,167.92,2.33,110.58,438.73,1,-1,-1,-1
200,1474,311.05,12.75,211.14,468.72,1,-1,-1,-1
200,1476,166.79,0.63,111.10,440.49,1,-1,-1,-1
201,1474,309.98,16.17,211.07,466.33,1,-1,-1,-1
201,1476,163.19,5.20,109.85,433.33,1,-1,-1,-1
202,1474,309.32,17.47,211.57,465.42,1,-1,-1,-1
202,1476,161.69,6.97,109.65,430.56,1,-1,-1,-1
203,1464,40.26,2.18,181.45,457.05,1,-1,-1,-1
203,1474,304.46,6.19,217.72,479.46,1,-1,-1,-1
203,1476,163.45,4.37,109.55,432.13,1,-1,-1,-1
204,1464,42.07,1.90,177.96,456.99,1,-1,-1,-1
204,1474,302.71,1.96,219.90,484.71,1,-1,-1,-1
204,1476,164.26,3.39,109.24,432.73,1,-1,-1,-1
205,1464,46.78,1.15,173.85,450.39,1,-1,-1,-1
205,1474,301.53,2.29,219.19,481.53,1,-1,-1,-1
205,1476,163.49,12.17,104.13,414.02,1,-1,-1,-1
206,1464,48.80,0.88,171.80,447.92,1,-1,-1,-1
206,1474,300.91,2.45,219.27,480.25,1,-1,-1,-1
206,1476,163.31,15.55,101.98,406.84,1,-1,-1,-1
207,1464,46.54,0.14,169.78,447.68,1,-1,-1,-1
207,1474,297.98,5.80,219.51,480.38,1,-1,-1,-1
207,1476,168.62,18.76,99.75,395.64,1,-1,-1,-1
208,1464,46.07,-0.12,168.24,447.61,1,-1,-1,-1
208,1474,296.85,7.09,219.68,480.41,1,-1,-1,-1
208,1476,170.46,19.93,99.23,391.55,1,-1,-1,-1
209,1464,49.18,6.36,164.37,435.80,1,-1,-1,-1
209,1474,297.07,15.41,215.22,467.36,1,-1,-1,-1
209,1476,170.80,20.96,98.45,388.45,1,-1,-1,-1
210,1464,50.23,8.84,163.15,431.34,1,-1,-1,-1
210,1474,296.81,18.61,214.27,462.34,1,-1,-1,-1
211,1464,50.74,9.28,162.36,429.26,1,-1,-1,-1
211,1474,296.19,19.35,213.85,461.44,1,-1,-1,-1
213,1474,296.16,31.87,208.98,447.36,1,-1,-1,-1
213,1476,173.52,37.79,95.66,365.05,1,-1,-1,-1
214,1474,295.59,33.86,209.35,445.13,1,-1,-1,-1
214,1476,172.60,39.27,97.75,363.10,1,-1,-1,-1
215,1474,290.87,17.35,217.19,463.54,1,-1,-1,-1
215,1476,170.06,43.10,100.26,358.43,1,-1,-1,-1
216,1474,289.38,11.30,219.62,470.29,1,-1,-1,-1
216,1476,168.20,44.44,103.02,356.83,1,-1,-1,-1
217,1474,289.35,3.77,218.87,472.90,1,-1,-1,-1
217,1476,177.80,42.22,105.31,361.66,1,-1,-1,-1
218,1474,289.88,0.90,217.56,473.88,1,-1,-1,-1
218,1476,181.12,41.34,106.64,363.54,1,-1,-1,-1
219,1474,287.82,0.50,215.77,475.53,1,-1,-1,-1
219,1476,186.23,56.70,102.64,347.29,1,-1,-1,-1
220,1474,287.72,0.39,213.77,476.14,1,-1,-1,-1
220,1476,187.92,62.50,101.51,341.19,1,-1,-1,-1
221,1474,294.58,2.33,208.39,473.08,1,-1,-1,-1
221,1476,189.96,75.84,97.50,324.45,1,-1,-1,-1
222,1474,298.24,3.12,204.29,471.89,1,-1,-1,-1
222,1476,190.39,80.66,96.52,318.40,1,-1,-1,-1
223,1474,306.26,17.80,193.42,451.84,1,-1,-1,-1
223,1476,192.35,84.85,94.92,313.09,1,-1,-1,-1
224,1474,309.88,23.46,188.19,444.15,1,-1,-1,-1
225,1474,309.87,39.40,182.34,429.47,1,-1,-1,-1
226,1474,309.75,45.31,180.37,424.06,1,-1,-1,-1
227,1464,26.99,26.87,172.51,433.55,1,-1,-1,-1
227,1474,312.12,58.68,172.20,404.28,1,-1,-1,-1
228,1464,23.66,27.28,178.23,433.79,1,-1,-1,-1
228,1474,312.92,63.55,169.33,397.02,1,-1,-1,-1
229,1464,25.74,30.68,181.57,433.87,1,-1,-1,-1
229,1474,320.21,82.57,158.34,373.17,1,-1,-1,-1
230,1464,25.94,31.94,184.06,433.91,1,-1,-1,-1
230,1474,323.08,89.43,153.98,364.58,1,-1,-1,-1
231,1464,26.27,23.24,185.18,435.23,1,-1,-1,-1
231,1474,322.75,99.12,148.38,352.98,1,-1,-1,-1
231,1476,253.84,133.53,65.95,199.23,1,-1,-1,-1
232,1464,26.28,19.91,185.85,435.74,1,-1,-1,-1
232,1474,322.76,102.41,146.11,349.07,1,-1,-1,-1
232,1476,254.19,135.03,68.77,195.25,1,-1,-1,-1
233,1464,28.29,30.39,182.11,421.57,1,-1,-1,-1
233,1474,329.93,104.74,144.42,344.55,1,-1,-1,-1
233,1476,259.52,139.86,65.36,185.56,1,-1,-1,-1
234,1464,28.56,34.40,181.67,416.15,1,-1,-1,-1
234,1474,332.46,105.38,144.02,343.17,1,-1,-1,-1
235,1464,28.15,31.24,185.85,422.75,1,-1,-1,-1
235,1474,345.58,106.77,142.83,340.23,1,-1,-1,-1
235,1476,273.58,143.68,67.06,180.35,1,-1,-1,-1
236,1464,27.66,30.05,188.06,425.23,1,-1,-1,-1
236,1474,350.35,107.10,142.51,339.37,1,-1,-1,-1
236,1476,274.43,144.40,69.39,179.20,1,-1,-1,-1
237,1464,32.15,31.52,190.67,426.86,1,-1,-1,-1
237,1474,362.61,110.40,143.17,341.91,1,-1,-1,-1
237,1476,280.05,147.98,66.74,172.37,1,-1,-1,-1
238,1464,33.37,32.07,192.61,427.49,1,-1,-1,-1
238,1474,367.16,111.50,143.26,343.01,1,-1,-1,-1
239,1464,34.19,32.72,192.51,427.25,1,-1,-1,-1
239,1474,371.35,115.22,141.53,338.90,1,-1,-1,-1
239,1476,293.92,140.09,72.84,180.91,1,-1,-1,-1
240,1476,295.17,139.28,75.35,181.61,1,-1,-1,-1
241,1464,46.38,25.65,197.96,437.82,1,-1,-1,-1
241,1474,411.55,101.80,139.13,336.02,1,-1,-1,-1
241,1476,301.28,137.61,75.98,181.30,1,-1,-1,-1
242,1464,48.10,24.53,199.30,439.51,1,-1,-1,-1
242,1474,418.17,99.80,137.89,335.53,1,-1,-1,-1
242,1476,303.17,136.94,76.61,181.30,1,-1,-1,-1
243,1464,49.86,24.39,199.65,440.28,1,-1,-1,-1
243,1474,426.97,107.04,136.92,338.67,1,-1,-1,-1
243,1476,308.63,137.95,75.35,178.30,1,-1,-1,-1
244,1474,430.63,109.68,135.43,339.92,1,-1,-1,-1
245,1474,431.41,109.30,135.00,340.47,1,-1,-1,-1
245,1476,308.45,134.05,76.39,179.69,1,-1,-1,-1
246,1474,431.66,109.09,134.55,340.75,1,-1,-1,-1
246,1476,308.40,133.49,76.83,179.82,1,-1,-1,-1
247,1464,92.07,31.19,192.98,432.23,1,-1,-1,-1
247,1474,430.17,62.45,149.61,380.88,1,-1,-1,-1
247,1476,312.47,133.86,75.93,177.73,1,-1,-1,-1
248,1464,97.17,31.87,190.17,431.37,1,-1,-1,-1
248,1474,429.91,45.45,154.64,395.50,1,-1,-1,-1
249,1464,104.46,26.84,190.63,433.06,1,-1,-1,-1
249,1474,431.17,29.13,157.96,409.61,1,-1,-1,-1
250,1464,107.13,24.97,190.67,433.69,1,-1,-1,-1
250,1474,432.13,22.84,158.06,415.07,1,-1,-1,-1
251,1464,111.18,15.12,194.77,451.55,1,-1,-1,-1
251,1474,442.65,32.03,152.21,406.22,1,-1,-1,-1
252,1464,113.57,11.43,194.39,458.24,1,-1,-1,-1
252,1474,447.23,35.82,148.64,402.60,1,-1,-1,-1
253,1464,128.98,51.37,180.49,425.26,1,-1,-1,-1
253,1474,451.35,32.49,149.56,405.11,1,-1,-1,-1
254,1464,134.80,67.21,174.98,412.11,1,-1,-1,-1
255,1464,151.53,73.54,171.42,398.75,1,-1,-1,-1
256,1464,157.00,75.75,171.17,393.89,1,-1,-1,-1
257,1464,164.38,69.15,173.94,403.49,1,-1,-1,-1
257,1477,41.00,157.00,59.00,139.00,1,-1,-1,-1
257,1478,84.00,141.00,53.00,158.00,1,-1,-1,-1
258,1464,167.33,66.65,174.23,407.08,1,-1,-1,-1
258,1477,41.00,157.00,59.00,139.00,1,-1,-1,-1
258,1478,84.00,141.00,53.00,158.00,1,-1,-1,-1
259,1464,167.88,70.19,173.13,403.93,1,-1,-1,-1
259,1474,458.31,44.57,136.49,387.48,1,-1,-1,-1
259,1476,355.88,145.86,70.34,164.78,1,-1,-1,-1
259,1477,36.26,142.74,69.23,161.52,1,-1,-1,-1
259,1479,397.00,140.00,67.00,199.00,1,-1,-1,-1
260,1464,167.80,71.46,172.87,402.79,1,-1,-1,-1
260,1474,460.57,45.92,130.75,385.84,1,-1,-1,-1
260,1476,357.07,146.22,70.14,164.48,1,-1,-1,-1
260,1477,34.34,137.99,73.32,169.02,1,-1,-1,-1
260,1479,397.00,140.00,67.00,199.00,1,-1,-1,-1
261,1464,156.67,65.96,176.90,408.32,1,-1,-1,-1
261,1474,454.21,36.39,136.01,413.09,1,-1,-1,-1
261,1476,353.99,136.47,82.30,195.96,1,-1,-1,-1
261,1477,32.83,133.21,76.59,176.57,1,-1,-1,-1
262,1464,151.94,63.85,179.32,410.43,1,-1,-1,-1
262,1474,452.93,32.94,135.87,422.93,1,-1,-1,-1
262,1476,353.33,133.04,85.94,207.08,1,-1,-1,-1
263,1464,135.22,72.14,170.71,386.45,1,-1,-1,-1
263,1474,444.04,18.15,140.86,441.51,1,-1,-1,-1
263,1476,355.91,132.61,86.94,209.48,1,-1,-1,-1
264,1464,128.18,75.29,168.27,377.22,1,-1,-1,-1
264,1474,440.84,12.50,142.27,448.59,1,-1,-1,-1
265,1464,128.53,77.12,166.79,373.89,1,-1,-1,-1
265,1474,435.32,3.32,150.63,475.59,1,-1,-1,-1
265,1480,268.00,107.00,96.00,302.00,1,-1,-1,-1
266,1474,433.26,-0.14,153.70,485.84,1,-1,-1,-1
266,1480,268.00,107.00,96.00,302.00,1,-1,-1,-1
267,1474,425.00,-1.39,153.85,479.52,1,-1,-1,-1
268,1474,421.25,-1.74,154.86,476.75,1,-1,-1,-1
269,1474,422.84,-1.77,155.03,475.53,1,-1,-1,-1
269,1481,308.00,133.00,69.00,161.00,1,-1,-1,-1
270,1474,423.34,-1.69,155.33,474.91,1,-1,-1,-1
270,1481,308.00,133.00,69.00,161.00,1,-1,-1,-1
271,1474,420.49,-1.57,153.78,464.82,1,-1,-1,-1
272,1474,418.99,-1.42,153.99,460.78,1,-1,-1,-1
273,1464,66.20,3.30,189.18,437.63,1,-1,-1,-1
273,1474,411.77,-1.29,156.32,459.17,1,-1,-1,-1
273,1482,271.00,45.00,54.00,162.00,1,-1,-1,-1
274,1464,65.36,-0.36,185.88,440.84,1,-1,-1,-1
274,1474,408.33,-1.17,158.65,458.49,1,-1,-1,-1
274,1482,271.00,45.00,54.00,162.00,1,-1,-1,-1
275,1464,59.43,4.11,184.49,449.05,1,-1,-1,-1
275,1474,402.58,-1.06,160.68,454.25,1,-1,-1,-1
275,1482,273.20,75.78,54.11,161.25,1,-1,-1,-1
276,1464,58.33,5.92,181.78,452.13,1,-1,-1,-1
276,1474,399.54,-0.96,163.23,452.58,1,-1,-1,-1
276,1482,273.77,86.03,54.47,161.00,1,-1,-1,-1
277,1464,56.55,13.80,181.08,452.59,1,-1,-1,-1
277,1474,403.61,-0.86,165.63,453.21,1,-1,-1,-1
277,1482,272.70,114.23,55.56,161.66,1,-1,-1,-1
278,1464,56.20,16.93,180.37,452.67,1,-1,-1,-1
278,1474,404.62,-0.78,167.66,453.42,1,-1,-1,-1
278,1482,271.97,123.37,56.59,161.89,1,-1,-1,-1
279,1464,52.23,14.91,181.51,455.53,1,-1,-1,-1
279,1474,395.41,5.82,170.06,449.55,1,-1,-1,-1
279,1482,261.08,134.92,67.79,193.86,1,-1,-1,-1
279,1483,220.00,136.00,65.00,188.00,1,-1,-1,-1
280,1474,390.95,8.38,172.94,448.05,1,-1,-1,-1
280,1482,257.32,139.24,71.67,204.91,1,-1,-1,-1
280,1483,220.00,136.00,65.00,188.00,1,-1,-1,-1
281,1474,371.49,2.81,193.29,491.98,1,-1,-1,-1
281,1482,255.33,151.31,73.93,211.39,1,-1,-1,-1
281,1484,171.00,105.00,83.00,201.00,1,-1,-1,-1
282,1474,363.33,0.76,202.80,508.10,1,-1,-1,-1
282,1484,171.00,105.00,83.00,201.00,1,-1,-1,-1
283,1474,361.39,-0.03,213.64,524.62,1,-1,-1,-1
284,1474,359.59,-0.32,220.11,530.93,1,-1,-1,-1
285,1474,378.62,-0.40,202.49,489.67,1,-1,-1,-1
285,1485,160.00,214.00,92.00,172.00,1,-1,-1,-1
285,1486,161.00,103.00,87.00,199.00,1,-1,-1,-1
286,1474,386.49,-0.39,195.10,472.85,1,-1,-1,-1
286,1485,160.00,214.00,92.00,172.00,1,-1,-1,-1
286,1486,161.00,103.00,87.00,199.00,1,-1,-1,-1
287,1474,396.86,-0.36,188.00,473.29,1,-1,-1,-1
287,1487,379.00,63.00,97.00,376.00,1,-1,-1,-1
288,1474,402.64,-0.34,181.46,473.43,1,-1,-1,-1
288,1487,379.00,63.00,97.00,376.00,1,-1,-1,-1
289,1464,-8.88,24.81,168.43,433.99,1,-1,-1,-1
289,1474,415.75,29.10,160.38,434.23,1,-1,-1,-1
289,1487,383.03,55.49,98.71,382.76,1,-1,-1,-1
289,1488,209.00,194.00,67.00,224.00,1,-1,-1,-1
290,1464,-9.49,25.57,164.67,432.57,1,-1,-1,-1
290,1474,422.18,40.58,149.44,418.94,1,-1,-1,-1
290,1487,384.39,52.99,99.24,385.01,1,-1,-1,-1
290,1488,209.00,194.00,67.00,224.00,1,-1,-1,-1
291,1464,-14.57,25.37,164.62,432.44,1,-1,-1,-1
291,1474,430.35,31.83,145.83,419.64,1,-1,-1,-1
291,1487,385.73,50.48,99.82,387.27,1,-1,-1,-1
292,1474,434.31,28.61,142.46,419.99,1,-1,-1,-1
293,1464,27.00,24.99,161.08,424.46,1,-1,-1,-1
293,1474,436.61,25.36,135.51,404.37,1,-1,-1,-1
294,1464,33.71,24.94,160.22,423.20,1,-1,-1,-1
294,1474,437.79,24.07,132.10,398.62,1,-1,-1,-1
295,1464,43.96,55.32,151.90,389.72,1,-1,-1,-1
295,1474,438.56,28.90,132.78,403.33,1,-1,-1,-1
295,1489,235.00,83.00,132.00,340.00,1,-1,-1,-1
296,1464,47.03,66.88,150.38,377.05,1,-1,-1,-1
296,1474,439.04,30.66,132.58,405.17,1,-1,-1,-1
296,1489,235.00,83.00,132.00,340.00,1,-1,-1,-1
297,1464,53.27,80.99,148.93,368.65,1,-1,-1,-1
297,1474,450.12,12.84,136.31,427.71,1,-1,-1,-1
297,1489,230.34,68.74,147.32,380.53,1,-1,-1,-1
297,1490,398.00,174.00,57.00,149.00,1,-1,-1,-1
298,1464,55.03,85.97,149.35,365.78,1,-1,-1,-1
298,1474,455.25,6.24,135.61,436.10,1,-1,-1,-1
298,1489,229.00,63.99,152.01,394.04,1,-1,-1,-1
298,1490,398.00,174.00,57.00,149.00,1,-1,-1,-1
299,1464,57.50,90.88,147.27,360.68,1,-1,-1,-1
299,1474,459.29,6.92,131.73,432.91,1,-1,-1,-1
299,1489,229.71,43.08,159.54,414.14,1,-1,-1,-1
300,1474,461.51,7.24,128.74,431.67,1,-1,-1,-1
300,1489,230.12,35.58,161.93,420.97,1,-1,-1,-1
301,1474,463.76,6.25,128.70,431.57,1,-1,-1,-1
301,1489,164.66,14.42,187.53,480.33,1,-1,-1,-1
301,1491,449.00,176.00,56.00,152.00,1,-1,-1,-1
302,1489,139.52,6.61,199.06,502.20,1,-1,-1,-1
302,1491,449.00,176.00,56.00,152.00,1,-1,-1,-1
303,1489,136.66,19.80,184.86,461.25,1,-1,-1,-1
303,1491,455.43,172.25,55.14,149.75,1,-1,-1,-1
304,1489,135.97,26.09,179.29,442.55,1,-1,-1,-1
304,1491,457.59,171.00,54.84,149.00,1,-1,-1,-1
305,1489,88.54,101.68,151.26,350.88,1,-1,-1,-1
305,1491,459.74,169.74,54.56,148.24,1,-1,-1,-1
306,1489,69.34,132.22,142.93,313.45,1,-1,-1,-1
307,1489,55.64,138.68,140.57,308.29,1,-1,-1,-1
309,1464,122.72,93.03,146.34,351.10,1,-1,-1,-1
310,1464,124.00,92.95,148.43,350.91,1,-1,-1,-1
311,1464,129.02,94.63,147.50,348.71,1,-1,-1,-1
313,1492,361.00,169.00,55.00,158.00,1,-1,-1,-1
313,1493,3.00,50.00,104.00,384.00,1,-1,-1,-1
314,1492,361.00,169.00,55.00,158.00,1,-1,-1,-1
314,1493,3.00,50.00,104.00,384.00,1,-1,-1,-1
315,1474,479.68,101.90,103.71,349.55,1,-1,-1,-1
316,1474,479.93,104.69,102.81,347.28,1,-1,-1,-1
317,1474,476.40,69.86,109.18,368.74,1,-1,-1,-1
318,1474,475.14,57.54,111.45,376.35,1,-1,-1,-1
319,1464,154.39,87.85,156.76,363.63,1,-1,-1,-1
319,1474,474.01,22.61,119.46,412.77,1,-1,-1,-1
319,1494,410.00,171.00,53.00,162.00,1,-1,-1,-1
319,1495,46.00,148.00,48.00,170.00,1,-1,-1,-1
319,1496,346.00,166.00,72.00,174.00,1,-1,-1,-1
320,1464,154.37,87.40,159.20,364.53,1,-1,-1,-1
320,1474,474.28,9.59,121.06,426.36,1,-1,-1,-1
320,1494,410.00,171.00,53.00,162.00,1,-1,-1,-1
320,1495,46.00,148.00,48.00,170.00,1,-1,-1,-1
320,1496,346.00,166.00,72.00,174.00,1,-1,-1,-1
321,1464,163.44,83.33,165.96,379.82,1,-1,-1,-1
321,1474,474.39,3.78,122.38,431.09,1,-1,-1,-1
321,1495,52.61,144.25,48.29,170.00,1,-1,-1,-1
321,1496,352.37,163.75,72.03,174.00,1,-1,-1,-1
321,1497,456.00,164.00,52.00,169.00,1,-1,-1,-1
322,1464,166.75,81.81,168.52,385.51,1,-1,-1,-1
322,1495,54.68,143.00,48.65,170.00,1,-1,-1,-1
322,1496,354.47,163.00,72.06,174.00,1,-1,-1,-1
322,1497,456.00,164.00,52.00,169.00,1,-1,-1,-1
323,1464,198.87,81.86,162.89,371.60,1,-1,-1,-1
323,1495,56.94,141.74,48.65,170.00,1,-1,-1,-1
323,1496,356.61,162.24,72.06,174.00,1,-1,-1,-1
323,1498,404.00,133.00,64.00,192.00,1,-1,-1,-1
323,1499,498.00,140.00,70.00,181.00,1,-1,-1,-1
323,1500,83.00,113.00,60.00,186.00,1,-1,-1,-1
324,1464,211.14,81.89,160.84,366.09,1,-1,-1,-1
324,1495,81.95,117.30,52.87,183.50,1,-1,-1,-1
324,1496,390.79,137.45,77.53,189.19,1,-1,-1,-1
324,1499,498.00,140.00,70.00,181.00,1,-1,-1,-1
325,1464,224.44,76.01,166.48,374.51,1,-1,-1,-1
325,1495,90.07,119.32,52.39,180.60,1,-1,-1,-1
325,1496,399.42,131.77,78.80,192.30,1,-1,-1,-1
325,1501,533.00,165.00,72.00,161.00,1,-1,-1,-1
325,1502,125.00,114.00,60.00,202.00,1,-1,-1,-1
326,1464,228.78,73.83,169.53,377.64,1,-1,-1,-1
326,1495,92.60,120.33,52.40,179.41,1,-1,-1,-1
326,1501,533.00,165.00,72.00,161.00,1,-1,-1,-1
326,1502,125.00,114.00,60.00,202.00,1,-1,-1,-1
327,1464,230.38,76.26,170.97,380.12,1,-1,-1,-1
327,1495,99.12,116.50,52.80,180.79,1,-1,-1,-1
327,1496,431.83,117.48,85.69,212.69,1,-1,-1,-1
327,1501,536.78,143.98,80.21,180.52,1,-1,-1,-1
328,1464,230.68,77.21,171.67,381.04,1,-1,-1,-1
328,1496,437.62,115.13,85.54,215.87,1,-1,-1,-1
328,1501,538.30,136.98,82.43,187.02,1,-1,-1,-1
329,1464,232.18,64.59,177.82,394.35,1,-1,-1,-1
329,1496,442.62,116.97,83.91,213.70,1,-1,-1,-1
329,1501,537.08,134.15,82.30,187.61,1,-1,-1,-1
330,1464,232.59,59.84,180.20,399.35,1,-1,-1,-1
330,1496,444.39,117.89,82.78,212.68,1,-1,-1,-1
330,1501,536.69,133.52,81.79,187.44,1,-1,-1,-1
331,1464,245.35,65.14,185.14,406.39,1,-1,-1,-1
331,1496,442.75,119.06,85.65,221.94,1,-1,-1,-1
331,1501,535.28,126.10,89.43,208.22,1,-1,-1,-1
332,1464,249.64,67.22,187.93,409.02,1,-1,-1,-1
332,1496,442.21,119.57,86.28,225.37,1,-1,-1,-1
332,1501,535.30,123.44,91.11,215.68,1,-1,-1,-1
333,1464,251.00,66.77,180.13,394.46,1,-1,-1,-1
333,1496,444.94,121.84,87.08,226.57,1,-1,-1,-1
333,1501,538.36,111.02,93.28,224.82,1,-1,-1,-1
333,1503,30.00,166.00,72.00,197.00,1,-1,-1,-1
334,1464,251.52,66.63,176.52,388.69,1,-1,-1,-1
334,1496,445.68,122.84,87.53,226.90,1,-1,-1,-1
334,1501,540.09,106.31,92.99,228.17,1,-1,-1,-1
334,1503,30.00,166.00,72.00,197.00,1,-1,-1,-1
335,1464,252.89,62.67,177.73,392.40,1,-1,-1,-1
335,1496,451.69,120.25,88.87,230.38,1,-1,-1,-1
335,1501,540.41,100.50,95.77,235.00,1,-1,-1,-1
335,1503,33.84,141.98,62.83,172.23,1,-1,-1,-1
336,1464,253.41,61.21,177.91,393.77,1,-1,-1,-1
336,1503,35.16,133.98,59.68,163.98,1,-1,-1,-1
337,1464,250.71,59.39,178.25,395.57,1,-1,-1,-1
337,1503,36.42,125.94,56.66,155.69,1,-1,-1,-1
338,1464,249.68,58.73,178.12,396.22,1,-1,-1,-1
339,1464,249.49,50.70,183.26,406.85,1,-1,-1,-1
339,1496,441.24,112.66,85.07,227.99,1,-1,-1,-1
340,1464,249.24,47.70,185.39,410.84,1,-1,-1,-1
340,1496,440.45,112.16,82.42,227.33,1,-1,-1,-1
341,1464,248.07,44.66,187.51,415.55,1,-1,-1,-1
341,1474,471.41,62.47,88.20,296.31,1,-1,-1,-1
341,1496,442.80,112.60,74.59,206.18,1,-1,-1,-1
341,1504,18.00,146.00,84.00,147.00,1,-1,-1,-1
342,1464,247.54,43.55,188.28,417.29,1,-1,-1,-1
342,1474,470.08,64.88,89.75,292.67,1,-1,-1,-1
342,1496,443.55,112.90,71.48,197.94,1,-1,-1,-1
342,1504,18.00,146.00,84.00,147.00,1,-1,-1,-1
343,1464,255.93,45.12,186.75,417.24,1,-1,-1,-1
343,1474,471.30,74.68,91.16,291.40,1,-1,-1,-1
343,1496,446.25,111.13,71.19,197.13,1,-1,-1,-1
344,1464,259.46,45.79,185.35,417.15,1,-1,-1,-1
344,1474,471.37,77.98,92.39,291.16,1,-1,-1,-1
345,1464,280.84,15.55,195.90,442.40,1,-1,-1,-1
345,1474,471.85,81.23,91.22,287.48,1,-1,-1,-1
345,1503,37.31,147.57,54.37,145.72,1,-1,-1,-1
346,1464,288.99,4.25,199.46,451.82,1,-1,-1,-1
346,1503,36.88,147.92,55.17,144.79,1,-1,-1,-1
347,1464,310.01,2.48,205.91,470.77,1,-1,-1,-1
347,1495,90.14,145.98,45.55,152.54,1,-1,-1,-1
347,1503,37.32,148.13,54.14,142.09,1,-1,-1,-1
348,1464,318.54,1.90,207.30,478.00,1,-1,-1,-1
348,1495,88.87,146.97,46.02,151.87,1,-1,-1,-1
349,1464,328.75,-0.75,207.13,483.22,1,-1,-1,-1
349,1495,86.61,149.31,48.72,150.26,1,-1,-1,-1
350,1464,333.18,-1.66,205.72,485.08,1,-1,-1,-1
350,1495,85.16,150.13,50.95,149.72,1,-1,-1,-1
351,1464,338.43,-1.90,202.14,479.84,1,-1,-1,-1
351,1495,85.26,151.16,50.59,148.67,1,-1,-1,-1
352,1464,340.61,-1.86,199.99,477.64,1,-1,-1,-1
353,1464,382.49,9.27,181.49,442.96,1,-1,-1,-1
354,1464,399.40,13.78,172.37,429.23,1,-1,-1,-1
355,1464,369.63,10.81,178.02,445.49,1,-1,-1,-1
355,1495,135.06,148.56,51.46,148.65,1,-1,-1,-1
355,1505,166.00,148.00,64.00,148.00,1,-1,-1,-1
356,1464,359.00,9.75,179.58,451.38,1,-1,-1,-1
356,1495,139.12,148.30,52.13,148.69,1,-1,-1,-1
356,1505,166.00,148.00,64.00,148.00,1,-1,-1,-1
357,1464,353.95,8.75,182.33,458.17,1,-1,-1,-1
357,1495,142.32,140.27,56.63,155.32,1,-1,-1,-1
358,1464,351.90,8.41,183.39,460.71,1,-1,-1,-1
358,1495,142.92,137.32,59.30,157.75,1,-1,-1,-1
359,1464,361.24,7.68,193.84,483.71,1,-1,-1,-1
359,1495,147.40,136.58,59.44,158.11,1,-1,-1,-1
360,1464,364.36,7.42,198.49,492.33,1,-1,-1,-1
361,1464,387.05,4.16,186.66,470.54,1,-1,-1,-1
361,1495,171.55,162.49,56.45,153.15,1,-1,-1,-1
361,1503,132.48,168.81,57.94,151.50,1,-1,-1,-1
362,1464,396.55,2.93,180.47,461.72,1,-1,-1,-1
362,1495,175.81,166.74,55.25,152.33,1,-1,-1,-1
362,1503,135.04,169.38,58.20,151.76,1,-1,-1,-1
363,1464,382.07,3.82,195.54,493.18,1,-1,-1,-1
363,1495,179.80,170.81,54.39,147.44,1,-1,-1,-1
363,1503,140.20,170.53,58.17,151.68,1,-1,-1,-1
364,1464,375.95,4.16,202.67,504.68,1,-1,-1,-1
364,1495,180.89,172.27,54.47,145.61,1,-1,-1,-1
365,1464,377.07,3.69,206.42,511.66,1,-1,-1,-1
365,1495,182.27,181.34,53.55,144.30,1,-1,-1,-1
366,1464,377.18,3.54,208.32,514.23,1,-1,-1,-1
366,1495,182.73,184.65,53.00,143.84,1,-1,-1,-1
367,1464,373.94,4.16,208.93,512.49,1,-1,-1,-1
367,1495,186.95,187.36,52.72,143.08,1,-1,-1,-1
367,1503,178.22,158.93,56.60,144.78,1,-1,-1,-1
368,1464,372.28,4.43,209.80,511.67,1,-1,-1,-1
368,1503,181.27,157.62,57.10,144.08,1,-1,-1,-1
369,1464,380.72,11.03,193.76,477.52,1,-1,-1,-1
369,1503,187.39,157.59,56.89,143.55,1,-1,-1,-1
370,1464,384.38,13.65,186.49,464.02,1,-1,-1,-1
371,1464,381.75,6.64,189.66,475.03,1,-1,-1,-1
371,1474,16.64,85.14,103.24,304.81,1,-1,-1,-1
372,1464,381.11,4.08,190.11,479.05,1,-1,-1,-1
372,1474,7.59,85.16,107.08,305.13,1,-1,-1,-1
373,1464,392.31,1.17,185.54,474.06,1,-1,-1,-1
373,1474,12.83,101.05,108.25,283.60,1,-1,-1,-1
374,1464,397.20,0.08,182.45,472.12,1,-1,-1,-1
374,1474,14.88,107.40,110.83,274.94,1,-1,-1,-1
375,1464,403.90,-0.30,179.93,475.32,1,-1,-1,-1
375,1474,1.95,109.09,110.19,273.37,1,-1,-1,-1
375,1503,223.08,165.48,55.02,140.02,1,-1,-1,-1
376,1464,407.36,-0.41,176.99,476.52,1,-1,-1,-1
376,1503,225.06,166.01,54.61,139.83,1,-1,-1,-1
377,1464,409.87,-1.24,177.12,476.90,1,-1,-1,-1
377,1503,230.74,166.55,54.41,139.31,1,-1,-1,-1
383,1474,6.47,99.96,122.13,300.32,1,-1,-1,-1
384,1474,7.11,99.40,123.48,301.77,1,-1,-1,-1
385,1474,2.94,90.79,125.82,311.99,1,-1,-1,-1
385,1503,267.82,155.65,58.82,151.31,1,-1,-1,-1
386,1474,1.84,87.54,125.94,315.82,1,-1,-1,-1
386,1503,269.41,155.06,58.88,151.95,1,-1,-1,-1
387,1474,-5.35,76.66,130.17,332.68,1,-1,-1,-1
387,1503,270.61,152.26,59.50,156.07,1,-1,-1,-1
388,1474,-7.43,72.52,130.61,339.07,1,-1,-1,-1
388,1503,271.18,151.21,59.34,157.61,1,-1,-1,-1
389,1464,522.04,140.22,83.20,221.49,1,-1,-1,-1
389,1474,-12.53,70.82,131.87,342.37,1,-1,-1,-1
389,1503,268.61,167.58,55.53,148.52,1,-1,-1,-1
390,1464,524.37,144.46,81.11,214.10,1,-1,-1,-1
390,1503,267.45,174.04,53.86,144.90,1,-1,-1,-1
391,1464,531.05,151.76,76.00,200.63,1,-1,-1,-1
391,1503,270.66,175.19,53.78,144.69,1,-1,-1,-1
401,1503,225.00,167.60,53.88,142.99,1,-1,-1,-1
402,1503,222.58,167.18,54.38,142.94,1,-1,-1,-1
403,1503,217.02,163.76,55.49,144.89,1,-1,-1,-1
404,1503,214.92,162.49,56.06,145.62,1,-1,-1,-1
405,1503,215.27,162.02,56.71,145.24,1,-1,-1,-1
406,1503,215.29,161.86,57.31,145.10,1,-1,-1,-1
407,1503,213.79,161.44,57.32,145.12,1,-1,-1,-1
411,1503,225.09,163.59,52.63,134.18,1,-1,-1,-1
412,1503,226.47,163.84,51.91,133.10,1,-1,-1,-1
413,1503,226.42,163.76,51.58,132.25,1,-1,-1,-1
421,1506,479.00,40.00,106.00,353.00,1,-1,-1,-1
422,1506,479.00,40.00,106.00,353.00,1,-1,-1,-1
423,1506,476.19,49.76,106.37,353.00,1,-1,-1,-1
424,1506,475.08,53.01,106.84,353.00,1,-1,-1,-1
425,1506,463.92,60.42,106.21,348.65,1,-1,-1,-1
426,1506,459.89,62.79,106.50,347.16,1,-1,-1,-1
427,1506,444.09,60.63,108.54,352.27,1,-1,-1,-1
428,1506,438.44,59.73,109.60,354.12,1,-1,-1,-1
429,1506,430.07,50.51,117.00,382.46,1,-1,-1,-1
430,1506,427.56,47.14,118.75,392.75,1,-1,-1,-1
431,1506,423.58,27.56,127.86,418.08,1,-1,-1,-1
431,1507,368.00,66.00,137.00,333.00,1,-1,-1,-1
432,1506,421.73,20.08,132.20,427.65,1,-1,-1,-1
432,1507,368.00,66.00,137.00,333.00,1,-1,-1,-1
433,1506,408.59,6.27,144.32,453.65,1,-1,-1,-1
434,1506,402.40,1.00,151.39,463.53,1,-1,-1,-1
435,1506,371.28,-0.98,150.00,453.13,1,-1,-1,-1
436,1506,358.67,-1.60,150.35,448.59,1,-1,-1,-1
437,1506,350.78,-4.92,152.56,455.21,1,-1,-1,-1
439,1506,240.31,-1.22,174.25,498.55,1,-1,-1,-1
440,1506,219.13,-0.65,183.20,505.88,1,-1,-1,-1
441,1506,133.89,7.27,200.74,520.66,1,-1,-1,-1
442,1506,98.25,10.36,213.78,526.17,1,-1,-1,-1
443,1506,38.07,3.32,215.33,522.93,1,-1,-1,-1
443,1508,259.00,45.00,112.00,324.00,1,-1,-1,-1
444,1506,14.57,0.61,217.23,521.35,1,-1,-1,-1
444,1508,259.00,45.00,112.00,324.00,1,-1,-1,-1
445,1506,-9.21,-1.09,220.29,528.70,1,-1,-1,-1
445,1508,255.80,54.01,107.13,310.49,1,-1,-1,-1
445,1509,471.00,72.00,115.00,312.00,1,-1,-1,-1
446,1508,254.83,57.01,105.33,305.99,1,-1,-1,-1
446,1509,471.00,72.00,115.00,312.00,1,-1,-1,-1
447,1508,251.53,61.48,106.52,309.22,1,-1,-1,-1
447,1509,464.72,79.51,114.05,309.00,1,-1,-1,-1
448,1508,250.46,62.83,107.03,310.47,1,-1,-1,-1
448,1509,462.55,82.01,113.88,308.00,1,-1,-1,-1
449,1508,242.99,79.85,104.89,303.38,1,-1,-1,-1
449,1509,463.96,84.87,111.29,301.18,1,-1,-1,-1
450,1508,240.28,85.82,104.35,300.91,1,-1,-1,-1
450,1509,464.59,85.70,110.37,298.91,1,-1,-1,-1
451,1508,242.04,67.88,109.22,317.92,1,-1,-1,-1
451,1509,465.55,83.77,110.81,299.65,1,-1,-1,-1
451,1510,0.00,46.00,146.00,415.00,1,-1,-1,-1
452,1508,243.06,61.41,110.27,324.02,1,-1,-1,-1
452,1509,465.86,83.01,111.11,300.00,1,-1,-1,-1
452,1510,0.00,46.00,146.00,415.00,1,-1,-1,-1
453,1508,242.80,57.51,110.17,327.01,1,-1,-1,-1
453,1509,468.58,84.71,112.20,302.92,1,-1,-1,-1
453,1510,0.46,30.99,152.58,433.77,1,-1,-1,-1
454,1508,243.09,55.99,109.46,328.10,1,-1,-1,-1
454,1509,469.58,85.29,112.62,304.04,1,-1,-1,-1
454,1510,0.63,25.99,154.75,440.02,1,-1,-1,-1
455,1508,249.60,61.98,107.67,325.19,1,-1,-1,-1
455,1509,465.58,80.79,112.86,304.49,1,-1,-1,-1
455,1510,17.84,39.51,148.83,421.86,1,-1,-1,-1
456,1508,252.35,64.24,106.53,324.03,1,-1,-1,-1
456,1509,464.05,79.07,113.01,304.68,1,-1,-1,-1
456,1510,23.80,44.70,146.90,414.94,1,-1,-1,-1
457,1508,262.66,76.90,105.32,319.62,1,-1,-1,-1
457,1509,469.34,87.02,111.29,301.46,1,-1,-1,-1
457,1510,23.29,38.10,153.77,429.35,1,-1,-1,-1
458,1508,266.50,81.64,104.99,317.94,1,-1,-1,-1
458,1509,471.49,90.00,110.36,300.26,1,-1,-1,-1
458,1510,22.37,35.78,157.43,434.41,1,-1,-1,-1
459,1508,269.85,95.86,105.60,315.98,1,-1,-1,-1
459,1509,469.83,95.05,110.32,299.17,1,-1,-1,-1
459,1510,40.18,29.57,161.68,436.22,1,-1,-1,-1
460,1508,270.73,101.12,106.51,315.25,1,-1,-1,-1
460,1509,469.09,96.89,110.51,298.79,1,-1,-1,-1
460,1510,45.60,27.29,165.45,436.81,1,-1,-1,-1
461,1508,276.98,85.89,108.07,318.93,1,-1,-1,-1
461,1509,469.19,98.54,110.23,298.06,1,-1,-1,-1
461,1510,53.71,29.83,165.53,426.32,1,-1,-1,-1
462,1508,279.20,80.08,108.84,320.32,1,-1,-1,-1
462,1510,55.37,30.86,167.81,422.26,1,-1,-1,-1
463,1508,281.65,75.85,112.31,329.33,1,-1,-1,-1
463,1509,464.40,96.93,110.86,299.46,1,-1,-1,-1
463,1510,58.86,22.64,175.09,431.39,1,-1,-1,-1
464,1508,282.42,74.23,113.84,332.72,1,-1,-1,-1
464,1509,463.61,96.69,111.04,299.67,1,-1,-1,-1
464,1510,58.93,19.63,179.92,434.76,1,-1,-1,-1
465,1508,277.90,73.58,115.49,338.53,1,-1,-1,-1
465,1509,459.06,101.86,111.77,300.40,1,-1,-1,-1
465,1510,56.19,20.52,184.23,439.94,1,-1,-1,-1
466,1508,276.21,73.33,115.92,340.71,1,-1,-1,-1
466,1509,457.25,103.76,112.28,300.69,1,-1,-1,-1
466,1510,54.38,20.91,187.05,441.86,1,-1,-1,-1
467,1508,271.69,68.68,117.25,349.92,1,-1,-1,-1
467,1509,459.04,94.63,111.51,302.77,1,-1,-1,-1
467,1510,46.98,11.33,193.36,452.99,1,-1,-1,-1
468,1508,270.44,66.91,116.76,353.38,1,-1,-1,-1
468,1509,460.14,91.13,110.42,303.56,1,-1,-1,-1
468,1510,43.64,7.74,196.62,457.15,1,-1,-1,-1
469,1508,260.22,53.97,117.27,354.64,1,-1,-1,-1
469,1509,459.10,87.83,108.39,301.25,1,-1,-1,-1
469,1510,38.08,8.38,200.96,468.39,1,-1,-1,-1
470,1508,256.25,49.00,117.50,355.05,1,-1,-1,-1
470,1509,459.03,86.58,107.00,300.37,1,-1,-1,-1
470,1510,36.03,8.69,202.32,472.60,1,-1,-1,-1
471,1508,257.15,36.77,122.47,373.93,1,-1,-1,-1
471,1509,456.50,82.83,108.93,309.86,1,-1,-1,-1
471,1510,38.01,12.75,198.43,459.25,1,-1,-1,-1
472,1508,257.86,32.19,123.62,381.00,1,-1,-1,-1
472,1509,455.96,81.44,108.86,313.41,1,-1,-1,-1
472,1510,38.25,14.41,197.77,453.91,1,-1,-1,-1
473,1508,257.75,28.55,122.95,383.03,1,-1,-1,-1
473,1509,460.29,72.50,108.23,318.00,1,-1,-1,-1
473,1510,55.85,41.92,183.99,421.07,1,-1,-1,-1
473,1511,150.00,54.00,132.00,395.00,1,-1,-1,-1
474,1508,258.07,27.22,121.96,383.69,1,-1,-1,-1
474,1509,462.56,69.11,106.81,319.73,1,-1,-1,-1
474,1510,62.40,52.54,178.91,408.39,1,-1,-1,-1
474,1511,150.00,54.00,132.00,395.00,1,-1,-1,-1
475,1508,259.38,21.63,125.66,402.54,1,-1,-1,-1
475,1509,458.22,65.90,106.32,323.59,1,-1,-1,-1
475,1510,110.02,36.27,178.57,417.91,1,-1,-1,-1
475,1512,436.00,142.00,76.00,236.00,1,-1,-1,-1
476,1508,260.53,19.55,125.76,409.63,1,-1,-1,-1
476,1509,457.05,64.72,105.18,325.03,1,-1,-1,-1
476,1510,128.44,30.35,175.93,421.40,1,-1,-1,-1
476,1512,436.00,142.00,76.00,236.00,1,-1,-1,-1
477,1508,263.16,18.82,123.35,408.43,1,-1,-1,-1
477,1509,462.99,69.51,102.38,324.24,1,-1,-1,-1
477,1510,137.05,30.16,175.53,420.44,1,-1,-1,-1
477,1513,347.00,52.00,109.00,353.00,1,-1,-1,-1
478,1508,264.73,18.64,121.31,407.79,1,-1,-1,-1
478,1509,465.95,71.39,99.97,323.89,1,-1,-1,-1
478,1513,347.00,52.00,109.00,353.00,1,-1,-1,-1
479,1508,270.22,21.88,117.84,399.66,1,-1,-1,-1
479,1509,464.83,73.44,99.66,326.97,1,-1,-1,-1
479,1513,347.39,55.75,108.98,352.25,1,-1,-1,-1
480,1508,272.61,23.21,115.92,396.39,1,-1,-1,-1
480,1509,464.75,74.24,98.86,328.10,1,-1,-1,-1
480,1513,347.42,57.00,109.17,352.00,1,-1,-1,-1
481,1508,266.96,19.87,117.18,406.13,1,-1,-1,-1
481,1509,466.95,70.02,97.34,326.55,1,-1,-1,-1
481,1513,350.67,48.65,109.26,352.66,1,-1,-1,-1
482,1508,265.27,18.64,116.77,409.75,1,-1,-1,-1
482,1509,468.07,68.43,96.21,325.91,1,-1,-1,-1
482,1513,351.81,45.73,109.21,352.89,1,-1,-1,-1
483,1508,264.43,22.76,113.74,401.35,1,-1,-1,-1
483,1509,465.86,76.97,95.20,324.98,1,-1,-1,-1
483,1513,358.97,53.77,106.71,345.35,1,-1,-1,-1
484,1508,264.28,24.42,112.21,397.97,1,-1,-1,-1
484,1509,465.21,80.23,94.43,324.60,1,-1,-1,-1
484,1513,361.55,56.75,105.69,342.62,1,-1,-1,-1
485,1508,263.80,23.37,112.70,399.69,1,-1,-1,-1
485,1509,462.97,84.08,94.22,323.13,1,-1,-1,-1
485,1510,134.79,45.29,166.73,412.03,1,-1,-1,-1
485,1513,362.65,70.76,102.80,330.11,1,-1,-1,-1
486,1509,462.08,85.53,94.26,322.55,1,-1,-1,-1
486,1510,135.79,46.07,162.52,411.70,1,-1,-1,-1
486,1513,362.65,75.86,102.33,325.61,1,-1,-1,-1
487,1509,460.14,84.10,94.25,322.97,1,-1,-1,-1
487,1510,138.50,39.09,161.10,419.47,1,-1,-1,-1
487,1513,362.70,74.88,103.33,328.86,1,-1,-1,-1
488,1509,459.45,83.54,94.17,323.12,1,-1,-1,-1
488,1510,140.48,36.50,158.51,422.36,1,-1,-1,-1
488,1513,362.67,74.43,103.71,330.14,1,-1,-1,-1
489,1509,455.79,85.93,96.41,328.38,1,-1,-1,-1
489,1510,144.48,45.93,151.48,405.88,1,-1,-1,-1
489,1513,364.06,76.51,103.07,328.13,1,-1,-1,-1
490,1509,454.24,86.82,97.64,330.36,1,-1,-1,-1
490,1510,146.07,49.56,148.40,399.53,1,-1,-1,-1
491,1509,450.93,85.19,97.75,327.19,1,-1,-1,-1
491,1510,72.51,19.16,183.09,471.90,1,-1,-1,-1
491,1513,367.78,74.14,105.47,335.08,1,-1,-1,-1
492,1509,449.43,84.55,98.33,325.95,1,-1,-1,-1
492,1510,44.18,8.44,200.13,497.43,1,-1,-1,-1
492,1513,368.29,73.83,105.98,336.09,1,-1,-1,-1
493,1508,174.42,36.92,114.64,393.00,1,-1,-1,-1
493,1509,448.31,84.84,98.44,326.33,1,-1,-1,-1
493,1510,34.34,7.80,204.73,490.94,1,-1,-1,-1
493,1513,371.18,73.71,104.67,330.52,1,-1,-1,-1
494,1508,168.31,37.78,117.42,392.43,1,-1,-1,-1
494,1510,28.97,7.67,209.80,487.96,1,-1,-1,-1
494,1513,372.10,73.62,104.42,328.45,1,-1,-1,-1
495,1508,162.55,38.18,117.52,392.75,1,-1,-1,-1
495,1509,441.97,87.57,98.68,327.85,1,-1,-1,-1
495,1510,27.14,10.92,210.30,475.67,1,-1,-1,-1
495,1513,373.36,72.23,105.69,332.99,1,-1,-1,-1
496,1509,441.02,88.02,98.57,328.10,1,-1,-1,-1
496,1510,25.25,12.26,213.19,470.76,1,-1,-1,-1
496,1513,373.84,71.69,106.08,334.72,1,-1,-1,-1
497,1509,442.35,88.17,97.84,327.53,1,-1,-1,-1
497,1510,21.26,9.56,223.04,487.02,1,-1,-1,-1
497,1513,375.23,72.32,105.93,334.25,1,-1,-1,-1
498,1509,443.03,88.21,97.29,327.30,1,-1,-1,-1
498,1510,19.16,8.57,228.04,493.05,1,-1,-1,-1
499,1509,441.96,88.62,97.38,327.59,1,-1,-1,-1
499,1510,25.66,2.45,232.37,496.55,1,-1,-1,-1
499,1513,373.19,83.98,102.17,323.84,1,-1,-1,-1
500,1510,27.60,0.14,235.37,497.76,1,-1,-1,-1
500,1513,373.01,85.84,101.26,322.18,1,-1,-1,-1
501,1509,445.62,84.90,96.64,327.19,1,-1,-1,-1
501,1510,27.19,4.49,235.76,490.97,1,-1,-1,-1
501,1513,375.14,88.46,100.55,317.65,1,-1,-1,-1
502,1509,446.42,84.30,96.10,327.13,1,-1,-1,-1
502,1510,26.23,6.24,237.66,488.21,1,-1,-1,-1
502,1513,375.73,89.38,100.65,316.01,1,-1,-1,-1
503,1509,445.99,86.06,98.62,333.01,1,-1,-1,-1
503,1510,34.79,19.32,246.68,501.40,1,-1,-1,-1
503,1513,376.71,90.96,100.13,314.39,1,-1,-1,-1
504,1509,445.65,86.72,99.96,335.19,1,-1,-1,-1
504,1510,37.35,24.26,251.45,506.30,1,-1,-1,-1
505,1509,445.83,79.82,98.56,329.51,1,-1,-1,-1
505,1510,44.94,22.95,252.40,502.91,1,-1,-1,-1
506,1509,445.85,77.16,98.16,327.30,1,-1,-1,-1
506,1510,47.22,22.42,254.04,501.47,1,-1,-1,-1
507,1509,448.50,72.91,98.62,330.39,1,-1,-1,-1
507,1510,56.61,27.42,258.40,504.08,1,-1,-1,-1
508,1509,449.63,71.33,98.56,331.55,1,-1,-1,-1
508,1510,59.36,29.31,261.61,504.99,1,-1,-1,-1
509,1509,451.25,76.62,96.15,324.16,1,-1,-1,-1
509,1510,99.50,48.85,230.02,442.88,1,-1,-1,-1
510,1509,451.92,78.69,95.11,321.32,1,-1,-1,-1
510,1510,115.19,56.55,217.62,418.03,1,-1,-1,-1
511,1509,448.89,74.22,98.00,334.72,1,-1,-1,-1
511,1510,121.13,59.44,214.89,412.80,1,-1,-1,-1
512,1509,448.06,72.57,98.47,339.68,1,-1,-1,-1
513,1509,461.75,87.48,93.29,321.52,1,-1,-1,-1
513,1510,166.54,19.61,237.97,451.75,1,-1,-1,-1
514,1509,467.10,93.35,91.29,314.35,1,-1,-1,-1
514,1510,172.37,14.02,243.23,457.10,1,-1,-1,-1
515,1509,468.46,94.47,90.95,313.21,1,-1,-1,-1
515,1510,190.31,10.68,254.93,475.38,1,-1,-1,-1
515,1514,104.00,71.00,98.00,337.00,1,-1,-1,-1
516,1510,196.36,9.46,260.36,482.24,1,-1,-1,-1
516,1514,104.00,71.00,98.00,337.00,1,-1,-1,-1
517,1510,252.10,9.71,282.09,513.25,1,-1,-1,-1
518,1510,271.72,9.83,293.07,524.96,1,-1,-1,-1
519,1508,162.63,61.90,111.90,359.28,1,-1,-1,-1
519,1510,307.53,7.39,303.52,532.00,1,-1,-1,-1
520,1508,162.01,62.25,114.25,358.71,1,-1,-1,-1
520,1510,319.38,6.49,310.85,534.59,1,-1,-1,-1
521,1508,169.38,60.38,131.15,375.83,1,-1,-1,-1
521,1510,333.48,1.70,300.01,512.91,1,-1,-1,-1
522,1508,169.92,59.69,141.58,382.07,1,-1,-1,-1
522,1510,337.83,-0.09,296.49,504.22,1,-1,-1,-1
523,1508,176.38,56.13,146.73,384.46,1,-1,-1,-1
523,1510,351.83,-0.71,296.33,510.06,1,-1,-1,-1
524,1508,177.93,54.75,150.39,385.32,1,-1,-1,-1
524,1510,357.68,-0.89,294.33,512.19,1,-1,-1,-1
525,1508,177.56,52.26,152.21,384.94,1,-1,-1,-1
525,1510,357.55,5.59,270.05,481.11,1,-1,-1,-1
526,1508,176.90,51.32,153.75,384.75,1,-1,-1,-1
526,1510,358.21,8.20,257.54,468.88,1,-1,-1,-1
527,1508,181.31,60.79,152.05,379.40,1,-1,-1,-1
527,1510,363.18,2.54,255.47,480.37,1,-1,-1,-1
528,1508,182.80,64.40,151.60,377.33,1,-1,-1,-1
528,1510,367.14,0.49,250.07,484.59,1,-1,-1,-1
529,1508,199.57,42.10,160.23,408.05,1,-1,-1,-1
529,1510,380.07,-0.25,238.19,480.34,1,-1,-1,-1
530,1508,206.75,33.91,161.35,419.34,1,-1,-1,-1
530,1510,387.15,-0.49,228.66,478.71,1,-1,-1,-1
531,1508,216.82,32.62,161.14,425.00,1,-1,-1,-1
531,1510,390.14,5.35,215.35,468.28,1,-1,-1,-1
531,1513,191.82,64.25,124.73,366.65,1,-1,-1,-1
532,1508,221.23,32.18,159.82,427.08,1,-1,-1,-1
532,1510,393.06,7.61,206.07,464.34,1,-1,-1,-1
532,1513,186.61,63.73,129.62,367.58,1,-1,-1,-1
533,1508,222.74,22.39,156.79,430.98,1,-1,-1,-1
533,1509,373.42,31.84,109.34,386.05,1,-1,-1,-1
533,1510,399.71,2.54,198.97,465.55,1,-1,-1,-1
533,1513,180.33,62.80,130.26,369.39,1,-1,-1,-1
534,1508,224.35,18.69,153.30,432.37,1,-1,-1,-1
534,1509,371.95,30.27,108.03,387.86,1,-1,-1,-1
534,1510,404.03,0.65,192.27,466.05,1,-1,-1,-1
535,1508,197.39,44.48,147.40,407.58,1,-1,-1,-1
535,1509,371.07,53.33,101.38,367.44,1,-1,-1,-1
535,1510,419.47,23.55,172.88,436.79,1,-1,-1,-1
536,1508,186.02,54.69,146.35,397.71,1,-1,-1,-1
536,1509,371.08,62.58,98.39,359.20,1,-1,-1,-1
536,1510,426.80,32.40,162.01,425.60,1,-1,-1,-1
537,1508,186.34,53.81,142.22,386.80,1,-1,-1,-1
537,1509,370.77,64.08,96.15,351.53,1,-1,-1,-1
537,1510,430.85,32.20,151.62,414.34,1,-1,-1,-1
538,1508,186.48,53.46,140.62,382.72,1,-1,-1,-1
538,1509,370.80,64.65,95.23,348.63,1,-1,-1,-1
538,1510,433.70,32.04,144.71,410.37,1,-1,-1,-1
539,1508,188.78,50.67,144.78,389.81,1,-1,-1,-1
539,1509,379.75,73.37,91.62,331.83,1,-1,-1,-1
539,1510,437.57,43.24,130.92,379.79,1,-1,-1,-1
540,1508,189.21,49.63,147.18,392.46,1,-1,-1,-1
540,1509,383.10,76.70,90.65,325.43,1,-1,-1,-1
540,1510,439.44,47.36,124.42,368.58,1,-1,-1,-1
541,1508,201.51,27.02,155.79,424.18,1,-1,-1,-1
541,1509,381.61,77.68,90.08,323.40,1,-1,-1,-1
541,1510,447.46,54.82,116.71,357.41,1,-1,-1,-1
541,1515,128.00,144.00,56.00,149.00,1,-1,-1,-1
542,1508,207.04,18.62,157.08,435.96,1,-1,-1,-1
542,1510,451.23,57.40,111.97,353.70,1,-1,-1,-1
542,1515,128.00,144.00,56.00,149.00,1,-1,-1,-1
543,1508,220.66,18.55,157.01,439.91,1,-1,-1,-1
543,1510,451.32,69.65,107.22,340.53,1,-1,-1,-1
543,1515,123.55,148.50,55.90,148.25,1,-1,-1,-1
544,1508,226.31,18.62,156.17,441.32,1,-1,-1,-1
544,1510,451.32,74.00,105.30,336.06,1,-1,-1,-1
544,1515,121.98,150.00,56.04,148.00,1,-1,-1,-1
545,1508,239.43,16.13,156.35,443.04,1,-1,-1,-1
545,1510,454.95,74.08,105.31,339.44,1,-1,-1,-1
545,1515,120.42,150.41,57.61,151.56,1,-1,-1,-1
546,1508,244.49,15.25,156.17,443.59,1,-1,-1,-1
546,1510,456.46,73.99,104.81,340.87,1,-1,-1,-1
546,1515,119.85,150.49,58.33,152.78,1,-1,-1,-1
547,1508,259.77,24.04,154.40,435.93,1,-1,-1,-1
547,1510,461.21,63.20,108.07,356.23,1,-1,-1,-1
547,1515,118.56,147.02,60.91,158.69,1,-1,-1,-1
548,1508,265.27,27.50,154.15,432.87,1,-1,-1,-1
548,1510,463.32,59.19,108.46,361.98,1,-1,-1,-1
548,1515,118.01,145.74,62.05,160.80,1,-1,-1,-1
549,1508,270.13,28.84,156.02,432.95,1,-1,-1,-1
549,1510,464.82,58.88,108.99,369.53,1,-1,-1,-1
549,1515,115.13,136.59,65.92,171.51,1,-1,-1,-1
550,1508,271.34,29.37,157.67,432.92,1,-1,-1,-1
550,1510,465.78,58.72,108.29,372.47,1,-1,-1,-1
550,1515,114.17,133.19,67.17,175.46,1,-1,-1,-1
551,1508,275.93,21.12,156.23,430.26,1,-1,-1,-1
551,1510,470.87,54.07,106.89,374.30,1,-1,-1,-1
551,1515,102.45,131.90,68.35,174.94,1,-1,-1,-1
552,1508,277.65,18.00,155.42,429.19,1,-1,-1,-1
552,1510,473.24,52.27,105.35,375.04,1,-1,-1,-1
552,1515,97.55,131.46,69.55,174.61,1,-1,-1,-1
553,1508,277.40,16.86,158.55,437.24,1,-1,-1,-1
553,1510,479.61,52.87,102.15,369.48,1,-1,-1,-1
553,1515,82.48,120.90,76.29,190.71,1,-1,-1,-1
553,1516,180.00,135.00,67.00,176.00,1,-1,-1,-1
554,1508,277.15,16.47,159.84,440.24,1,-1,-1,-1
554,1510,482.36,53.09,100.09,367.41,1,-1,-1,-1
554,1515,76.79,116.98,79.00,196.68,1,-1,-1,-1
554,1516,180.00,135.00,67.00,176.00,1,-1,-1,-1
555,1508,274.63,23.50,155.82,426.42,1,-1,-1,-1
555,1510,481.59,57.09,95.59,353.56,1,-1,-1,-1
555,1515,72.88,114.59,80.57,200.60,1,-1,-1,-1
555,1516,175.34,135.75,69.56,182.76,1,-1,-1,-1
556,1508,273.25,26.27,154.73,421.00,1,-1,-1,-1
556,1510,481.36,58.59,93.53,348.36,1,-1,-1,-1
556,1516,173.80,136.00,70.40,185.01,1,-1,-1,-1
557,1508,271.11,20.75,162.01,438.69,1,-1,-1,-1
557,1510,476.28,70.37,94.72,353.15,1,-1,-1,-1
557,1515,37.01,141.77,81.24,198.30,1,-1,-1,-1
557,1516,172.24,136.25,71.26,187.27,1,-1,-1,-1
558,1508,270.06,18.71,165.14,445.23,1,-1,-1,-1
558,1510,474.38,74.69,95.14,354.97,1,-1,-1,-1
558,1515,30.22,146.64,82.43,197.78,1,-1,-1,-1
559,1508,293.10,13.42,163.91,445.77,1,-1,-1,-1
559,1510,473.84,57.93,96.17,362.93,1,-1,-1,-1
559,1515,18.03,137.90,87.53,211.28,1,-1,-1,-1
560,1508,302.28,11.41,162.66,445.91,1,-1,-1,-1
560,1510,473.92,51.59,95.97,365.96,1,-1,-1,-1
560,1515,13.68,134.66,89.11,216.28,1,-1,-1,-1
561,1508,280.09,11.99,161.28,445.26,1,-1,-1,-1
561,1510,470.62,44.59,97.94,375.60,1,-1,-1,-1
561,1515,7.34,134.05,90.70,220.14,1,-1,-1,-1
561,1516,124.43,133.24,82.71,223.35,1,-1,-1,-1
562,1508,271.81,12.24,160.14,444.96,1,-1,-1,-1
562,1510,469.51,41.96,98.38,379.26,1,-1,-1,-1
562,1516,121.46,133.00,81.64,226.37,1,-1,-1,-1
563,1508,259.36,3.91,167.78,463.03,1,-1,-1,-1
563,1510,464.43,37.08,102.65,391.02,1,-1,-1,-1
563,1516,114.88,132.74,83.58,231.76,1,-1,-1,-1
564,1508,254.36,0.80,171.27,469.79,1,-1,-1,-1
564,1510,462.17,35.26,104.93,395.46,1,-1,-1,-1
565,1508,252.14,0.94,173.14,472.33,1,-1,-1,-1
565,1510,460.55,33.95,109.87,412.61,1,-1,-1,-1
565,1517,78.00,49.00,111.00,347.00,1,-1,-1,-1
566,1508,251.06,1.05,174.32,473.21,1,-1,-1,-1
566,1510,459.83,33.48,111.96,419.10,1,-1,-1,-1
566,1517,78.00,49.00,111.00,347.00,1,-1,-1,-1
567,1508,247.73,0.49,174.13,467.62,1,-1,-1,-1
567,1510,465.04,44.24,104.36,386.91,1,-1,-1,-1
568,1508,245.99,0.33,174.98,465.37,1,-1,-1,-1
568,1510,466.92,48.61,101.71,373.89,1,-1,-1,-1
569,1508,239.99,-0.34,178.20,469.67,1,-1,-1,-1
569,1510,462.80,30.33,104.40,385.71,1,-1,-1,-1
570,1508,237.32,-0.56,180.26,471.25,1,-1,-1,-1
570,1510,461.45,23.70,105.07,390.01,1,-1,-1,-1
571,1508,234.95,-0.60,185.09,473.73,1,-1,-1,-1
571,1510,459.51,15.36,108.18,402.68,1,-1,-1,-1
572,1508,233.06,-0.58,188.95,474.62,1,-1,-1,-1
572,1510,458.87,12.24,109.19,407.46,1,-1,-1,-1
573,1508,227.43,-0.54,190.56,473.59,1,-1,-1,-1
573,1510,447.39,3.37,116.55,427.34,1,-1,-1,-1
574,1508,224.79,-0.50,192.20,473.14,1,-1,-1,-1
574,1510,442.47,0.05,120.47,434.85,1,-1,-1,-1
575,1508,229.08,-0.45,192.74,471.61,1,-1,-1,-1
575,1510,445.26,-1.14,122.87,442.17,1,-1,-1,-1
576,1508,230.45,-0.41,193.53,470.99,1,-1,-1,-1
576,1510,446.29,-1.51,123.96,444.88,1,-1,-1,-1
577,1508,230.64,-0.37,197.13,475.93,1,-1,-1,-1
577,1510,451.15,-1.56,122.58,435.50,1,-1,-1,-1
578,1508,230.31,-0.34,199.33,477.77,1,-1,-1,-1
578,1510,452.77,-1.47,122.61,431.70,1,-1,-1,-1
579,1508,231.47,-0.31,199.54,476.47,1,-1,-1,-1
579,1510,452.47,-3.89,123.33,434.25,1,-1,-1,-1
580,1508,231.74,-0.28,199.99,475.93,1,-1,-1,-1
581,1508,231.55,-0.72,200.44,476.98,1,-1,-1,-1
581,1510,461.16,50.75,102.44,357.80,1,-1,-1,-1
582,1510,462.41,60.28,99.33,344.51,1,-1,-1,-1
583,1508,304.26,4.73,224.52,522.33,1,-1,-1,-1
583,1510,463.00,63.29,97.93,339.67,1,-1,-1,-1
584,1508,314.01,5.59,232.05,529.59,1,-1,-1,-1
585,1508,321.85,3.33,231.33,509.04,1,-1,-1,-1
586,1508,322.72,2.44,234.75,500.83,1,-1,-1,-1
587,1508,322.19,2.11,237.34,498.34,1,-1,-1,-1
588,1508,320.85,1.99,240.19,497.36,1,-1,-1,-1
589,1508,302.47,8.47,253.15,524.33,1,-1,-1,-1
590,1508,295.57,10.89,257.93,534.38,1,-1,-1,-1
591,1508,298.20,11.52,259.96,538.55,1,-1,-1,-1
593,1508,236.56,2.24,229.70,480.21,1,-1,-1,-1
593,1518,95.00,149.00,52.00,177.00,1,-1,-1,-1
594,1508,226.48,0.61,223.02,469.94,1,-1,-1,-1
594,1518,95.00,149.00,52.00,177.00,1,-1,-1,-1
595,1508,210.48,0.10,223.18,473.41,1,-1,-1,-1
595,1519,45.00,137.00,60.00,194.00,1,-1,-1,-1
596,1508,205.15,-0.08,222.49,474.69,1,-1,-1,-1
596,1519,45.00,137.00,60.00,194.00,1,-1,-1,-1
597,1508,202.68,-0.13,218.22,466.68,1,-1,-1,-1
597,1519,35.73,132.50,66.54,216.52,1,-1,-1,-1
598,1508,202.06,-0.14,216.36,463.68,1,-1,-1,-1
598,1519,32.85,131.00,68.29,224.02,1,-1,-1,-1
599,1508,198.23,-0.14,213.96,459.32,1,-1,-1,-1
599,1519,29.69,129.49,70.59,231.56,1,-1,-1,-1
600,1508,197.04,-0.13,212.90,457.75,1,-1,-1,-1
601,1508,196.23,-0.11,211.55,455.91,1,-1,-1,-1
602,1508,196.18,-0.10,210.82,455.29,1,-1,-1,-1
603,1508,201.83,-0.09,214.59,463.66,1,-1,-1,-1
604,1508,204.05,-0.09,215.96,466.84,1,-1,-1,-1
605,1508,203.62,-0.08,215.97,468.07,1,-1,-1,-1
606,1508,203.67,-0.07,215.68,468.56,1,-1,-1,-1
607,1508,205.79,-0.06,216.05,473.33,1,-1,-1,-1
608,1508,207.13,-0.06,215.22,475.13,1,-1,-1,-1
609,1508,206.42,-0.05,215.48,475.81,1,-1,-1,-1
610,1508,206.21,-0.05,215.54,476.06,1,-1,-1,-1
611,1508,219.77,-0.04,213.12,472.89,1,-1,-1,-1
612,1508,225.21,-0.04,211.69,471.67,1,-1,-1,-1
613,1508,228.95,-0.03,211.70,471.86,1,-1,-1,-1
614,1508,230.36,-0.03,211.67,471.94,1,-1,-1,-1
615,1508,231.23,-0.08,211.66,471.90,1,-1,-1,-1
617,1508,277.14,-0.03,202.97,450.27,1,-1,-1,-1
617,1519,-0.81,39.86,117.81,397.58,1,-1,-1,-1
618,1508,284.22,-0.02,202.26,446.76,1,-1,-1,-1
618,1519,-0.02,37.76,116.35,400.94,1,-1,-1,-1
619,1508,289.83,-0.02,208.13,456.84,1,-1,-1,-1
619,1519,-1.85,33.41,118.86,409.60,1,-1,-1,-1
619,1520,177.00,105.00,58.00,246.00,1,-1,-1,-1
620,1508,291.46,-0.02,210.97,460.56,1,-1,-1,-1
620,1520,177.00,105.00,58.00,246.00,1,-1,-1,-1
621,1508,316.15,4.55,222.27,489.40,1,-1,-1,-1
621,1520,177.36,114.76,58.03,246.75,1,-1,-1,-1
622,1508,325.86,6.26,225.44,500.19,1,-1,-1,-1
622,1520,177.55,118.01,57.90,247.00,1,-1,-1,-1
623,1508,311.73,2.42,217.75,488.94,1,-1,-1,-1
623,1520,178.06,121.80,57.67,246.35,1,-1,-1,-1
624,1508,306.52,0.89,213.42,484.39,1,-1,-1,-1
624,1520,178.26,122.94,57.53,246.11,1,-1,-1,-1
625,1508,302.94,0.31,210.17,475.45,1,-1,-1,-1
625,1520,178.45,125.86,57.52,246.08,1,-1,-1,-1
626,1508,301.27,0.09,209.27,472.02,1,-1,-1,-1
627,1508,323.62,1.98,219.76,498.23,1,-1,-1,-1
628,1508,332.18,2.68,223.00,507.93,1,-1,-1,-1
629,1508,344.49,1.01,225.31,507.14,1,-1,-1,-1
629,1519,7.15,-0.50,140.97,477.01,1,-1,-1,-1
629,1521,266.00,127.00,72.00,214.00,1,-1,-1,-1
630,1508,348.41,0.36,227.51,506.72,1,-1,-1,-1
630,1519,7.22,-1.37,143.20,478.73,1,-1,-1,-1
630,1521,266.00,127.00,72.00,214.00,1,-1,-1,-1
631,1508,353.12,0.11,233.24,509.07,1,-1,-1,-1
631,1519,12.63,-1.76,153.94,495.06,1,-1,-1,-1
632,1508,353.52,0.02,237.84,509.90,1,-1,-1,-1
632,1519,13.47,-1.87,160.30,501.09,1,-1,-1,-1
633,1508,363.00,-0.01,239.37,504.29,1,-1,-1,-1
633,1519,24.60,22.56,147.51,444.87,1,-1,-1,-1
634,1508,365.38,-0.02,242.04,502.07,1,-1,-1,-1
634,1519,28.25,32.67,143.75,421.55,1,-1,-1,-1
635,1508,376.60,-0.03,225.28,475.73,1,-1,-1,-1
635,1519,45.68,10.80,160.31,457.48,1,-1,-1,-1
635,1522,310.00,122.00,76.00,244.00,1,-1,-1,-1
636,1508,381.60,-0.03,216.86,465.55,1,-1,-1,-1
636,1519,50.66,3.13,168.44,470.09,1,-1,-1,-1
636,1522,310.00,122.00,76.00,244.00,1,-1,-1,-1
637,1508,387.56,-0.02,212.47,462.53,1,-1,-1,-1
637,1519,66.50,3.38,170.60,473.01,1,-1,-1,-1
637,1522,307.29,119.75,74.67,240.25,1,-1,-1,-1
638,1508,390.39,-0.02,209.30,461.47,1,-1,-1,-1
638,1519,72.28,3.58,171.90,473.97,1,-1,-1,-1
638,1522,306.45,119.00,74.09,239.00,1,-1,-1,-1
639,1508,390.63,-0.02,206.11,459.83,1,-1,-1,-1
639,1519,76.50,0.49,173.84,471.60,1,-1,-1,-1
639,1522,307.37,120.25,72.38,232.83,1,-1,-1,-1
640,1508,391.19,-0.02,203.66,459.28,1,-1,-1,-1
640,1519,77.26,-0.62,175.90,470.55,1,-1,-1,-1
640,1522,307.66,120.72,71.97,230.81,1,-1,-1,-1
641,1508,392.49,-0.02,202.92,463.07,1,-1,-1,-1
641,1519,64.32,-0.97,175.44,462.22,1,-1,-1,-1
641,1522,307.41,120.64,71.22,228.40,1,-1,-1,-1
642,1508,393.51,-0.01,201.36,464.55,1,-1,-1,-1
642,1519,58.55,-1.02,176.51,458.92,1,-1,-1,-1
643,1508,392.76,-0.01,198.90,463.19,1,-1,-1,-1
643,1519,58.66,2.29,178.66,456.96,1,-1,-1,-1
644,1508,392.85,-0.01,197.00,462.71,1,-1,-1,-1
644,1519,57.87,3.59,180.94,456.16,1,-1,-1,-1
645,1508,387.88,-0.01,196.97,463.21,1,-1,-1,-1
645,1519,56.37,3.48,179.46,455.16,1,-1,-1,-1
645,1522,272.92,126.61,68.33,219.93,1,-1,-1,-1
646,1508,385.98,-0.01,196.85,463.43,1,-1,-1,-1
646,1519,56.00,3.47,178.32,454.75,1,-1,-1,-1
646,1522,270.33,127.07,67.92,219.30,1,-1,-1,-1
647,1508,386.95,-0.01,197.27,466.16,1,-1,-1,-1
647,1519,50.00,0.88,182.93,468.28,1,-1,-1,-1
647,1522,269.71,135.29,64.62,207.67,1,-1,-1,-1
648,1508,387.46,-0.01,197.05,467.21,1,-1,-1,-1
648,1519,47.91,-0.07,184.27,473.34,1,-1,-1,-1
648,1522,269.61,138.30,63.58,203.47,1,-1,-1,-1
649,1508,388.97,-0.01,197.51,470.88,1,-1,-1,-1
649,1519,46.40,4.78,182.20,465.51,1,-1,-1,-1
649,1522,268.33,145.39,62.55,200.73,1,-1,-1,-1
650,1508,389.79,-0.01,197.11,472.28,1,-1,-1,-1
650,1519,45.55,6.70,181.84,462.40,1,-1,-1,-1
650,1522,268.03,147.91,62.12,199.85,1,-1,-1,-1
651,1508,386.64,-0.01,196.64,471.51,1,-1,-1,-1
651,1519,42.75,6.78,176.17,452.03,1,-1,-1,-1
651,1522,262.41,139.39,64.52,208.99,1,-1,-1,-1
652,1508,385.45,-0.01,196.38,471.21,1,-1,-1,-1
652,1519,42.07,6.83,173.20,448.06,1,-1,-1,-1
652,1522,260.53,136.26,65.15,212.36,1,-1,-1,-1
653,1508,384.98,-0.00,197.57,474.36,1,-1,-1,-1
653,1519,45.54,2.91,174.49,455.78,1,-1,-1,-1
653,1522,262.18,146.79,62.21,204.56,1,-1,-1,-1
654,1508,384.82,-0.00,197.94,475.54,1,-1,-1,-1
654,1519,47.30,1.46,174.06,458.66,1,-1,-1,-1
654,1522,263.10,150.81,60.83,201.61,1,-1,-1,-1
655,1508,382.17,-0.00,199.33,478.59,1,-1,-1,-1
655,1519,48.81,0.27,175.45,459.10,1,-1,-1,-1
655,1522,260.19,144.27,63.67,211.86,1,-1,-1,-1
656,1508,381.12,-0.00,199.91,479.73,1,-1,-1,-1
656,1519,49.05,-0.16,176.61,459.24,1,-1,-1,-1
656,1522,259.22,141.87,64.56,215.60,1,-1,-1,-1
657,1508,378.36,-0.00,201.58,482.75,1,-1,-1,-1
657,1519,53.99,6.23,173.20,450.14,1,-1,-1,-1
657,1522,263.66,135.06,64.55,213.18,1,-1,-1,-1
658,1508,377.20,-0.00,202.42,483.88,1,-1,-1,-1
658,1519,55.83,8.69,171.93,446.65,1,-1,-1,-1
658,1522,265.27,132.41,64.92,212.26,1,-1,-1,-1
659,1508,382.55,-0.00,198.96,475.82,1,-1,-1,-1
659,1519,68.22,16.17,167.04,441.42,1,-1,-1,-1
659,1522,268.42,136.65,61.37,200.14,1,-1,-1,-1
660,1508,384.64,-0.00,197.57,472.70,1,-1,-1,-1
660,1519,73.60,18.98,163.72,439.48,1,-1,-1,-1
660,1522,269.64,138.29,60.10,195.53,1,-1,-1,-1
661,1508,383.16,-0.00,198.26,474.81,1,-1,-1,-1
661,1519,79.88,18.69,160.39,433.53,1,-1,-1,-1
661,1522,270.24,140.20,62.05,200.56,1,-1,-1,-1
662,1508,382.64,-0.00,198.43,475.60,1,-1,-1,-1
662,1519,82.46,18.55,158.58,431.32,1,-1,-1,-1
662,1522,270.36,140.89,62.99,202.41,1,-1,-1,-1
663,1508,384.67,-0.00,197.94,474.59,1,-1,-1,-1
663,1519,82.35,6.63,161.23,445.02,1,-1,-1,-1
663,1522,269.02,142.45,60.92,194.66,1,-1,-1,-1
663,1523,27.00,142.00,71.00,191.00,1,-1,-1,-1
664,1508,385.46,-0.00,197.72,474.21,1,-1,-1,-1
664,1519,82.93,2.19,160.89,450.13,1,-1,-1,-1
664,1522,268.44,143.02,60.31,191.72,1,-1,-1,-1
664,1523,27.00,142.00,71.00,191.00,1,-1,-1,-1
665,1508,389.78,-0.00,197.41,474.06,1,-1,-1,-1
665,1519,85.34,1.14,158.84,451.46,1,-1,-1,-1
665,1522,268.71,143.87,59.17,188.04,1,-1,-1,-1
666,1508,391.46,-0.00,197.16,474.01,1,-1,-1,-1
666,1519,86.87,0.77,156.73,451.95,1,-1,-1,-1
666,1522,268.82,144.17,58.77,186.73,1,-1,-1,-1
667,1508,398.11,-0.00,194.15,472.03,1,-1,-1,-1
667,1519,89.63,3.26,152.09,440.40,1,-1,-1,-1
667,1522,270.00,140.29,59.04,185.64,1,-1,-1,-1
668,1508,401.17,-0.00,191.87,471.28,1,-1,-1,-1
668,1519,90.78,4.24,150.00,435.97,1,-1,-1,-1
668,1522,270.28,138.83,59.49,185.30,1,-1,-1,-1
669,1508,405.20,-0.00,188.46,469.70,1,-1,-1,-1
669,1519,96.12,5.94,147.19,427.11,1,-1,-1,-1
669,1522,268.58,131.02,61.31,191.16,1,-1,-1,-1
670,1508,407.40,-0.00,185.73,469.11,1,-1,-1,-1
670,1519,98.00,6.59,146.26,423.81,1,-1,-1,-1
670,1522,267.97,128.13,61.97,193.36,1,-1,-1,-1
671,1508,410.69,-0.00,182.31,466.28,1,-1,-1,-1
671,1519,92.49,15.39,145.09,420.66,1,-1,-1,-1
671,1522,269.17,130.31,62.63,196.84,1,-1,-1,-1
672,1508,412.49,-0.00,179.82,465.23,1,-1,-1,-1
672,1519,90.38,18.69,144.62,419.55,1,-1,-1,-1
672,1522,269.75,131.16,62.65,198.18,1,-1,-1,-1
673,1508,421.30,15.06,169.10,443.90,1,-1,-1,-1
673,1519,88.10,25.16,141.45,415.25,1,-1,-1,-1
673,1522,269.74,141.92,59.89,189.59,1,-1,-1,-1
673,1524,3.00,52.00,106.00,353.00,1,-1,-1,-1
674,1508,425.20,20.81,163.80,435.78,1,-1,-1,-1
674,1519,87.66,27.56,139.39,413.70,1,-1,-1,-1
674,1522,269.75,146.09,58.80,186.28,1,-1,-1,-1
674,1524,3.00,52.00,106.00,353.00,1,-1,-1,-1
675,1508,422.98,8.94,165.76,447.48,1,-1,-1,-1
675,1519,86.81,17.88,143.27,428.32,1,-1,-1,-1
675,1522,270.86,149.60,56.86,179.80,1,-1,-1,-1
676,1508,422.81,4.57,165.14,451.82,1,-1,-1,-1
676,1519,86.78,14.26,144.13,433.77,1,-1,-1,-1
676,1522,271.25,150.88,56.21,177.42,1,-1,-1,-1
677,1508,418.86,1.58,166.07,456.14,1,-1,-1,-1
677,1519,94.23,18.69,143.16,430.05,1,-1,-1,-1
677,1522,270.38,148.00,58.67,183.89,1,-1,-1,-1
678,1508,417.49,0.45,166.10,457.81,1,-1,-1,-1
678,1519,97.02,20.39,142.93,428.62,1,-1,-1,-1
678,1522,269.95,146.93,59.81,186.28,1,-1,-1,-1
679,1508,420.56,22.86,154.97,428.45,1,-1,-1,-1
679,1519,100.06,26.89,139.47,422.85,1,-1,-1,-1
679,1522,267.96,151.71,58.68,180.71,1,-1,-1,-1
680,1508,421.84,31.55,150.44,417.12,1,-1,-1,-1
680,1519,101.58,29.33,137.37,420.69,1,-1,-1,-1
680,1522,267.03,153.53,58.59,178.59,1,-1,-1,-1
681,1508,417.83,23.98,155.73,435.11,1,-1,-1,-1
681,1519,99.38,21.69,140.07,425.15,1,-1,-1,-1
681,1522,268.03,158.13,57.87,173.87,1,-1,-1,-1
682,1508,416.73,21.22,156.96,441.62,1,-1,-1,-1
682,1519,98.20,18.79,141.77,426.84,1,-1,-1,-1
682,1522,268.21,159.82,58.03,172.15,1,-1,-1,-1
683,1508,422.08,16.21,153.04,434.43,1,-1,-1,-1
683,1519,95.92,18.98,143.41,426.85,1,-1,-1,-1
683,1522,270.91,151.80,59.45,175.53,1,-1,-1,-1
684,1508,424.49,14.24,150.85,431.69,1,-1,-1,-1
684,1519,94.61,19.05,144.89,426.86,1,-1,-1,-1
684,1522,271.82,148.81,60.14,176.80,1,-1,-1,-1
685,1508,433.26,12.18,150.04,436.63,1,-1,-1,-1
685,1519,102.32,17.76,142.06,418.38,1,-1,-1,-1
685,1522,272.09,147.66,61.21,179.28,1,-1,-1,-1
686,1508,437.21,11.40,148.38,438.51,1,-1,-1,-1
686,1519,105.23,17.27,141.01,415.17,1,-1,-1,-1
686,1522,272.12,147.23,61.75,180.24,1,-1,-1,-1
687,1508,438.56,11.31,148.15,437.85,1,-1,-1,-1
687,1519,101.99,22.99,136.73,404.14,1,-1,-1,-1
687,1522,271.15,143.15,60.64,177.36,1,-1,-1,-1
688,1519,100.85,25.16,134.86,400.03,1,-1,-1,-1
688,1522,270.79,141.59,60.16,176.28,1,-1,-1,-1
689,1508,435.54,1.83,150.59,455.31,1,-1,-1,-1
689,1519,92.78,14.72,138.89,411.77,1,-1,-1,-1
689,1522,268.09,140.37,57.24,168.67,1,-1,-1,-1
690,1508,436.33,0.32,148.49,458.07,1,-1,-1,-1
690,1519,89.77,10.86,140.43,416.15,1,-1,-1,-1
690,1522,267.14,139.93,55.98,165.81,1,-1,-1,-1
691,1508,437.76,-0.21,147.38,458.40,1,-1,-1,-1
691,1519,96.73,19.81,138.50,417.86,1,-1,-1,-1
691,1522,266.30,143.76,55.19,163.47,1,-1,-1,-1
692,1508,438.59,-0.39,146.33,458.49,1,-1,-1,-1
692,1519,100.06,23.25,136.45,418.52,1,-1,-1,-1
692,1522,266.00,145.20,54.91,162.65,1,-1,-1,-1
693,1508,439.71,-0.42,142.99,452.64,1,-1,-1,-1
693,1519,107.64,26.50,133.47,408.99,1,-1,-1,-1
693,1522,265.72,145.22,54.43,161.22,1,-1,-1,-1
693,1525,351.00,141.00,79.00,228.00,1,-1,-1,-1
694,1508,440.48,-0.41,140.96,450.38,1,-1,-1,-1
694,1519,110.49,27.73,132.39,405.37,1,-1,-1,-1
694,1525,351.00,141.00,79.00,228.00,1,-1,-1,-1
695,1508,435.75,-0.38,143.02,454.75,1,-1,-1,-1
695,1519,116.77,28.82,133.34,409.30,1,-1,-1,-1
696,1508,433.78,-0.35,144.15,456.39,1,-1,-1,-1
696,1519,119.18,29.21,133.52,410.80,1,-1,-1,-1
697,1508,436.60,-0.32,140.02,443.97,1,-1,-1,-1
697,1519,122.40,22.15,138.01,425.11,1,-1,-1,-1
698,1508,437.74,-0.29,138.32,439.19,1,-1,-1,-1
698,1519,123.63,19.48,139.61,430.49,1,-1,-1,-1
699,1508,438.01,-0.75,138.02,438.25,1,-1,-1,-1
699,1519,134.50,23.63,134.17,418.30,1,-1,-1,-1
700,1519,139.01,25.24,131.32,413.53,1,-1,-1,-1
701,1508,442.42,-0.27,142.67,457.86,1,-1,-1,-1
701,1519,143.38,28.46,133.26,412.40,1,-1,-1,-1
701,1526,84.00,158.00,68.00,209.00,1,-1,-1,-1
702,1508,443.66,-0.21,142.30,460.92,1,-1,-1,-1
702,1519,144.33,29.66,135.21,411.99,1,-1,-1,-1
702,1526,84.00,158.00,68.00,209.00,1,-1,-1,-1
703,1508,436.78,-0.18,144.44,467.22,1,-1,-1,-1
703,1519,140.14,33.37,135.73,410.54,1,-1,-1,-1
704,1508,434.12,-0.16,145.33,469.56,1,-1,-1,-1
704,1519,138.20,34.75,136.45,410.01,1,-1,-1,-1
705,1508,425.59,-0.15,149.66,475.60,1,-1,-1,-1
705,1519,136.53,35.89,135.85,415.71,1,-1,-1,-1
706,1508,421.72,-0.13,152.56,477.85,1,-1,-1,-1
706,1519,136.53,36.30,134.28,417.87,1,-1,-1,-1
707,1508,410.79,-0.12,157.71,478.01,1,-1,-1,-1
707,1519,141.40,31.86,131.67,410.87,1,-1,-1,-1
708,1508,405.34,-0.11,162.25,478.00,1,-1,-1,-1
708,1519,143.31,30.13,130.48,408.19,1,-1,-1,-1
709,1508,395.49,-0.10,180.92,498.74,1,-1,-1,-1
709,1519,143.19,30.13,130.97,404.58,1,-1,-1,-1
709,1527,72.00,24.00,149.00,409.00,1,-1,-1,-1
710,1508,388.62,-0.09,194.32,506.50,1,-1,-1,-1
710,1519,142.67,30.12,132.01,403.24,1,-1,-1,-1
710,1527,72.00,24.00,149.00,409.00,1,-1,-1,-1
711,1508,378.27,-0.09,207.91,517.15,1,-1,-1,-1
711,1519,101.04,29.45,134.54,411.29,1,-1,-1,-1
712,1508,371.83,-0.08,218.13,521.14,1,-1,-1,-1
712,1519,85.48,29.20,135.43,414.32,1,-1,-1,-1
713,1508,359.86,-0.07,228.24,522.56,1,-1,-1,-1
713,1519,81.61,29.28,135.49,414.51,1,-1,-1,-1
714,1508,352.87,-0.06,237.00,522.97,1,-1,-1,-1
715,1508,371.44,0.59,251.04,526.89,1,-1,-1,-1
715,1519,137.46,39.91,129.84,389.14,1,-1,-1,-1
715,1528,73.00,16.00,146.00,353.00,1,-1,-1,-1
716,1508,375.38,0.84,262.79,528.28,1,-1,-1,-1
716,1519,145.77,41.65,130.72,384.99,1,-1,-1,-1
716,1528,73.00,16.00,146.00,353.00,1,-1,-1,-1
717,1508,380.43,2.88,272.50,533.23,1,-1,-1,-1
717,1519,142.77,37.58,133.15,394.23,1,-1,-1,-1
718,1508,380.44,3.66,279.97,535.02,1,-1,-1,-1
718,1519,141.84,36.08,133.67,397.63,1,-1,-1,-1
719,1508,366.73,1.36,254.48,494.15,1,-1,-1,-1
719,1519,139.26,49.85,131.03,391.13,1,-1,-1,-1
720,1508,362.21,0.45,242.53,477.92,1,-1,-1,-1
720,1519,138.33,55.10,129.80,388.67,1,-1,-1,-1
721,1508,361.90,0.12,237.63,476.07,1,-1,-1,-1
721,1519,140.81,53.07,126.27,381.87,1,-1,-1,-1
722,1508,362.86,0.00,233.74,475.44,1,-1,-1,-1
722,1519,142.03,52.23,124.32,379.36,1,-1,-1,-1
723,1508,366.70,-0.04,229.39,473.29,1,-1,-1,-1
723,1519,146.35,45.29,126.36,389.68,1,-1,-1,-1
724,1508,369.04,-0.05,226.05,472.53,1,-1,-1,-1
724,1519,148.29,42.69,126.41,393.54,1,-1,-1,-1
725,1508,372.94,-0.05,223.43,472.96,1,-1,-1,-1
725,1519,147.99,46.23,122.60,386.58,1,-1,-1,-1
726,1508,375.17,-0.05,220.97,473.17,1,-1,-1,-1
726,1519,148.22,47.58,120.35,383.93,1,-1,-1,-1
727,1508,377.78,-0.04,219.83,477.23,1,-1,-1,-1
727,1519,153.35,51.35,119.20,385.58,1,-1,-1,-1
728,1508,379.58,-0.04,217.78,478.79,1,-1,-1,-1
728,1519,155.70,52.74,117.90,386.23,1,-1,-1,-1
729,1508,375.18,-0.04,214.76,474.18,1,-1,-1,-1
729,1519,156.66,48.66,114.57,378.66,1,-1,-1,-1
730,1508,373.75,-0.03,213.15,472.44,1,-1,-1,-1
730,1519,157.24,47.08,112.80,375.81,1,-1,-1,-1
731,1508,370.73,-0.03,212.97,471.82,1,-1,-1,-1
731,1519,156.36,53.70,112.29,370.84,1,-1,-1,-1
732,1508,369.58,-0.03,212.98,471.62,1,-1,-1,-1
732,1519,155.74,56.18,112.63,369.02,1,-1,-1,-1
733,1508,368.74,-0.07,212.60,470.75,1,-1,-1,-1
733,1519,152.63,56.42,117.16,376.95,1,-1,-1,-1
734,1519,150.88,56.48,120.01,379.94,1,-1,-1,-1
735,1508,382.26,-0.02,207.41,464.82,1,-1,-1,-1
735,1519,144.57,63.65,118.67,370.68,1,-1,-1,-1
736,1508,385.30,-0.02,204.82,463.87,1,-1,-1,-1
736,1519,141.73,66.35,118.96,367.16,1,-1,-1,-1
737,1508,384.82,-0.02,204.34,464.86,1,-1,-1,-1
737,1519,137.80,64.68,114.32,350.75,1,-1,-1,-1
738,1508,384.86,-0.01,203.71,465.26,1,-1,-1,-1
738,1519,136.16,63.98,112.91,344.61,1,-1,-1,-1
739,1508,381.59,-0.01,204.15,468.06,1,-1,-1,-1
739,1519,135.47,65.05,111.86,341.39,1,-1,-1,-1
740,1508,380.55,-0.01,203.92,469.14,1,-1,-1,-1
741,1508,382.51,-0.01,203.70,471.53,1,-1,-1,-1
741,1519,115.48,78.89,105.52,317.20,1,-1,-1,-1
741,1529,77.00,114.00,66.00,228.00,1,-1,-1,-1
742,1508,383.58,-0.01,202.98,472.44,1,-1,-1,-1
742,1519,111.86,81.01,105.65,313.50,1,-1,-1,-1
742,1529,77.00,114.00,66.00,228.00,1,-1,-1,-1
743,1508,381.60,-0.01,205.53,481.27,1,-1,-1,-1
743,1519,105.48,91.77,104.00,308.25,1,-1,-1,-1
744,1508,381.19,-0.01,205.83,484.60,1,-1,-1,-1
744,1519,103.20,95.61,103.52,306.49,1,-1,-1,-1
745,1508,377.12,-0.01,204.69,481.31,1,-1,-1,-1
745,1519,100.47,98.76,102.01,302.03,1,-1,-1,-1
746,1508,375.50,-0.01,204.36,480.01,1,-1,-1,-1
747,1508,378.39,-0.01,202.50,474.94,1,-1,-1,-1
748,1508,379.43,-0.01,201.95,473.00,1,-1,-1,-1
749,1508,383.99,-0.00,201.92,474.23,1,-1,-1,-1
749,1519,160.28,84.38,109.75,327.21,1,-1,-1,-1
750,1508,385.86,-0.00,201.62,474.71,1,-1,-1,-1
750,1519,165.83,83.09,109.88,329.45,1,-1,-1,-1
751,1508,389.11,-0.00,198.38,470.97,1,-1,-1,-1
751,1519,169.34,83.73,109.71,328.96,1,-1,-1,-1
751,1530,117.00,112.00,58.00,214.00,1,-1,-1,-1
752,1508,390.76,-0.00,196.30,469.55,1,-1,-1,-1
752,1530,117.00,112.00,58.00,214.00,1,-1,-1,-1
753,1508,391.29,-0.01,196.11,469.09,1,-1,-1,-1
753,1519,177.73,74.18,101.57,317.18,1,-1,-1,-1
754,1519,180.41,72.62,97.56,315.26,1,-1,-1,-1
755,1508,400.29,-0.00,187.01,457.99,1,-1,-1,-1
755,1519,183.63,72.29,97.13,313.88,1,-1,-1,-1
756,1508,403.28,-0.00,182.46,456.21,1,-1,-1,-1
757,1508,404.30,-0.01,181.92,454.85,1,-1,-1,-1
757,1531,87.00,70.00,100.00,313.00,1,-1,-1,-1
758,1519,100.92,70.16,97.18,312.61,1,-1,-1,-1
759,1508,416.55,6.72,170.05,437.74,1,-1,-1,-1
759,1519,96.65,69.73,96.82,311.45,1,-1,-1,-1
759,1532,10.00,46.00,129.00,350.00,1,-1,-1,-1
759,1533,216.00,163.00,75.00,219.00,1,-1,-1,-1
760,1508,420.17,7.78,164.80,435.04,1,-1,-1,-1
760,1519,34.23,51.00,108.91,341.48,1,-1,-1,-1
760,1533,216.00,163.00,75.00,219.00,1,-1,-1,-1
761,1508,421.81,8.40,163.81,432.43,1,-1,-1,-1
761,1519,5.08,22.45,117.95,377.33,1,-1,-1,-1
762,1519,-5.14,11.86,120.06,390.61,1,-1,-1,-1
763,1519,-16.02,7.25,121.58,395.57,1,-1,-1,-1
765,1508,430.77,0.97,155.42,419.26,1,-1,-1,-1
766,1508,432.69,0.24,152.32,418.20,1,-1,-1,-1
767,1508,429.14,0.00,151.10,421.13,1,-1,-1,-1
768,1508,428.33,-0.08,149.59,422.28,1,-1,-1,-1
769,1508,432.07,-0.10,148.76,424.09,1,-1,-1,-1
769,1534,226.00,166.00,75.00,206.00,1,-1,-1,-1
770,1508,433.82,-0.11,147.75,424.83,1,-1,-1,-1
770,1534,226.00,166.00,75.00,206.00,1,-1,-1,-1
771,1508,434.76,-0.29,147.30,423.55,1,-1,-1,-1
775,1508,440.92,19.83,138.41,403.55,1,-1,-1,-1
776,1508,442.11,21.78,136.24,401.73,1,-1,-1,-1
777,1508,434.28,25.74,135.43,397.79,1,-1,-1,-1
778,1508,431.24,27.16,135.41,396.41,1,-1,-1,-1
779,1508,421.62,11.16,145.80,430.88,1,-1,-1,-1
779,1535,139.00,145.00,49.00,155.00,1,-1,-1,-1
780,1508,418.48,5.32,148.84,443.48,1,-1,-1,-1
780,1535,139.00,145.00,49.00,155.00,1,-1,-1,-1
781,1508,417.81,1.71,151.53,449.09,1,-1,-1,-1
781,1519,119.26,124.03,59.13,192.80,1,-1,-1,-1
782,1508,417.40,0.32,152.95,451.20,1,-1,-1,-1
782,1519,125.61,128.04,57.21,186.76,1,-1,-1,-1
783,1508,414.99,-0.19,154.83,455.81,1,-1,-1,-1
783,1519,120.31,134.34,59.36,190.88,1,-1,-1,-1
784,1508,414.02,-0.36,155.68,457.51,1,-1,-1,-1
784,1519,118.25,136.17,60.54,192.52,1,-1,-1,-1
785,1508,402.32,1.54,158.66,465.19,1,-1,-1,-1
785,1519,102.67,132.27,64.98,199.05,1,-1,-1,-1
785,1536,211.00,128.00,66.00,220.00,1,-1,-1,-1
786,1508,397.79,2.29,159.97,468.06,1,-1,-1,-1
786,1519,96.62,130.75,67.69,201.46,1,-1,-1,-1
786,1536,211.00,128.00,66.00,220.00,1,-1,-1,-1
787,1508,411.78,4.53,152.38,450.33,1,-1,-1,-1
787,1519,77.83,115.79,75.53,226.20,1,-1,-1,-1
787,1537,345.00,6.00,134.00,438.00,1,-1,-1,-1
788,1508,417.67,5.42,148.66,443.31,1,-1,-1,-1
788,1519,71.23,110.43,78.09,235.06,1,-1,-1,-1
788,1537,345.00,6.00,134.00,438.00,1,-1,-1,-1
789,1508,419.02,3.13,148.99,452.48,1,-1,-1,-1
789,1519,47.45,105.08,75.27,219.06,1,-1,-1,-1
789,1537,350.21,6.75,137.10,447.76,1,-1,-1,-1
790,1508,420.27,2.29,147.63,455.88,1,-1,-1,-1
790,1519,37.79,103.04,75.04,212.30,1,-1,-1,-1
790,1537,351.89,7.00,138.24,451.01,1,-1,-1,-1
791,1508,422.90,8.46,143.48,444.15,1,-1,-1,-1
791,1519,8.46,83.66,100.98,294.63,1,-1,-1,-1
791,1537,348.60,20.72,134.57,434.68,1,-1,-1,-1
791,1538,81.00,84.00,88.00,317.00,1,-1,-1,-1
792,1508,424.02,10.86,141.68,439.56,1,-1,-1,-1
792,1519,-0.88,76.98,107.48,322.39,1,-1,-1,-1
792,1537,346.85,25.51,134.20,428.74,1,-1,-1,-1
792,1538,81.00,84.00,88.00,317.00,1,-1,-1,-1
793,1508,424.18,9.12,142.84,445.07,1,-1,-1,-1
793,1519,-10.99,72.89,111.28,333.78,1,-1,-1,-1
793,1537,347.10,28.40,134.43,425.38,1,-1,-1,-1
793,1538,69.20,81.75,95.83,343.27,1,-1,-1,-1
794,1508,424.41,8.46,142.93,447.12,1,-1,-1,-1
794,1537,346.74,29.25,135.42,424.30,1,-1,-1,-1
794,1538,65.00,81.00,98.98,352.03,1,-1,-1,-1
795,1508,425.84,17.33,137.67,438.11,1,-1,-1,-1
795,1519,-10.83,28.59,135.42,416.16,1,-1,-1,-1
795,1537,348.41,28.05,134.21,421.97,1,-1,-1,-1
795,1538,61.13,80.24,101.45,360.82,1,-1,-1,-1
795,1539,283.00,55.00,108.00,357.00,1,-1,-1,-1
796,1508,426.99,20.72,134.45,434.65,1,-1,-1,-1
796,1519,-9.75,20.33,137.52,431.60,1,-1,-1,-1
796,1537,349.15,27.48,133.52,421.22,1,-1,-1,-1
796,1539,283.00,55.00,108.00,357.00,1,-1,-1,-1
797,1508,429.61,23.27,131.48,428.76,1,-1,-1,-1
797,1519,-18.26,14.06,142.24,446.42,1,-1,-1,-1
797,1537,346.50,29.86,131.70,411.64,1,-1,-1,-1
797,1539,279.47,39.24,115.06,380.27,1,-1,-1,-1
798,1508,430.90,24.19,129.78,426.57,1,-1,-1,-1
798,1537,345.14,30.65,131.75,408.18,1,-1,-1,-1
798,1539,278.29,33.99,117.43,388.02,1,-1,-1,-1
799,1508,425.36,18.58,132.62,434.99,1,-1,-1,-1
799,1537,352.74,42.25,126.97,388.94,1,-1,-1,-1
799,1539,280.15,43.07,113.00,372.60,1,-1,-1,-1
800,1508,423.22,16.46,133.85,438.15,1,-1,-1,-1
800,1537,355.19,46.47,126.01,381.93,1,-1,-1,-1
800,1539,280.82,46.73,111.39,366.45,1,-1,-1,-1
801,1508,422.29,20.19,132.60,429.60,1,-1,-1,-1
801,1537,355.09,34.42,127.61,388.33,1,-1,-1,-1
801,1539,278.45,41.11,113.96,374.69,1,-1,-1,-1
802,1508,421.61,21.60,132.80,426.32,1,-1,-1,-1
802,1537,355.16,29.99,127.93,390.77,1,-1,-1,-1
802,1539,277.60,39.15,114.90,377.57,1,-1,-1,-1
803,1508,421.60,20.80,131.13,421.83,1,-1,-1,-1
803,1537,358.70,31.58,128.28,391.82,1,-1,-1,-1
803,1539,275.95,38.49,115.93,381.25,1,-1,-1,-1
803,1540,40.00,159.00,50.00,134.00,1,-1,-1,-1
804,1508,421.68,20.47,130.36,420.18,1,-1,-1,-1
804,1537,359.99,32.15,128.45,392.33,1,-1,-1,-1
804,1539,275.38,38.31,116.24,382.53,1,-1,-1,-1
804,1540,40.00,159.00,50.00,134.00,1,-1,-1,-1
805,1508,429.92,22.30,125.50,406.47,1,-1,-1,-1
805,1537,349.91,33.00,131.78,402.49,1,-1,-1,-1
805,1539,274.64,36.94,116.91,384.74,1,-1,-1,-1
805,1540,46.19,165.00,48.14,128.00,1,-1,-1,-1
806,1508,433.21,22.97,123.38,401.33,1,-1,-1,-1
806,1537,346.13,33.29,133.05,406.33,1,-1,-1,-1
806,1540,48.08,167.00,47.86,126.00,1,-1,-1,-1
807,1508,436.80,33.13,122.47,398.19,1,-1,-1,-1
807,1537,340.96,36.64,135.11,413.06,1,-1,-1,-1
807,1540,46.88,163.11,50.43,132.10,1,-1,-1,-1
808,1508,438.10,36.88,122.18,397.12,1,-1,-1,-1
808,1537,339.05,37.88,135.82,415.63,1,-1,-1,-1
808,1540,46.33,161.77,51.50,134.16,1,-1,-1,-1
809,1508,444.83,36.91,120.08,394.82,1,-1,-1,-1
809,1537,342.54,36.37,130.96,404.25,1,-1,-1,-1
809,1540,47.26,161.84,51.71,134.71,1,-1,-1,-1
809,1541,85.00,161.00,43.00,136.00,1,-1,-1,-1
810,1508,447.69,36.86,118.59,394.06,1,-1,-1,-1
810,1537,344.20,35.75,128.51,399.86,1,-1,-1,-1
810,1540,74.51,161.18,51.53,135.86,1,-1,-1,-1
811,1508,447.57,26.92,123.61,418.86,1,-1,-1,-1
811,1537,349.67,26.29,131.73,410.75,1,-1,-1,-1
811,1540,83.26,164.48,50.54,134.09,1,-1,-1,-1
812,1508,448.22,23.24,124.06,428.01,1,-1,-1,-1
812,1537,351.78,22.77,132.77,414.80,1,-1,-1,-1
812,1540,86.31,165.64,49.99,133.45,1,-1,-1,-1
813,1508,443.51,21.79,123.09,428.37,1,-1,-1,-1
813,1537,362.25,26.62,127.50,402.07,1,-1,-1,-1
813,1539,301.24,133.41,63.27,206.36,1,-1,-1,-1
813,1540,84.76,158.70,52.73,140.56,1,-1,-1,-1
814,1508,441.92,21.23,122.15,428.47,1,-1,-1,-1
814,1537,366.56,28.14,124.87,397.14,1,-1,-1,-1
814,1539,302.45,138.21,61.00,197.57,1,-1,-1,-1
814,1540,84.10,156.16,53.78,143.15,1,-1,-1,-1
815,1508,434.80,14.52,124.39,438.88,1,-1,-1,-1
815,1537,368.88,16.86,130.95,421.00,1,-1,-1,-1
815,1539,303.77,138.19,61.28,197.83,1,-1,-1,-1
815,1540,80.54,149.98,56.51,152.59,1,-1,-1,-1
816,1508,432.30,11.99,124.84,442.79,1,-1,-1,-1
816,1537,370.13,12.72,132.36,429.75,1,-1,-1,-1
816,1539,304.09,138.01,61.57,198.24,1,-1,-1,-1
816,1540,79.38,147.65,57.05,156.14,1,-1,-1,-1
817,1508,432.75,6.51,127.36,453.94,1,-1,-1,-1
817,1537,369.27,20.16,129.05,418.96,1,-1,-1,-1
817,1539,309.86,142.62,60.15,190.39,1,-1,-1,-1
817,1540,82.02,146.77,55.93,153.62,1,-1,-1,-1
817,1542,39.00,142.00,62.00,158.00,1,-1,-1,-1
817,1543,186.00,166.00,46.00,138.00,1,-1,-1,-1
818,1508,433.10,4.45,127.98,458.14,1,-1,-1,-1
818,1537,368.87,23.13,127.74,414.67,1,-1,-1,-1
818,1539,311.59,144.04,60.27,188.02,1,-1,-1,-1
818,1540,83.00,146.48,55.36,152.53,1,-1,-1,-1
818,1542,39.00,142.00,62.00,158.00,1,-1,-1,-1
818,1543,186.00,166.00,46.00,138.00,1,-1,-1,-1
819,1508,431.26,1.11,129.59,466.78,1,-1,-1,-1
819,1537,369.92,22.85,127.84,414.99,1,-1,-1,-1
819,1539,315.48,139.52,59.87,188.16,1,-1,-1,-1
819,1540,84.87,147.06,55.21,154.67,1,-1,-1,-1
819,1542,33.98,142.00,63.78,163.25,1,-1,-1,-1
819,1543,184.32,166.75,47.11,141.00,1,-1,-1,-1
820,1508,430.78,-0.14,129.76,470.01,1,-1,-1,-1
820,1539,316.89,137.82,59.57,188.43,1,-1,-1,-1
820,1540,85.77,147.30,54.64,155.44,1,-1,-1,-1
820,1542,32.44,142.00,64.12,165.00,1,-1,-1,-1
820,1543,183.71,167.00,47.57,142.00,1,-1,-1,-1
821,1508,435.00,-0.57,124.88,454.39,1,-1,-1,-1
821,1539,319.17,139.47,58.15,183.95,1,-1,-1,-1
821,1540,87.94,146.39,55.17,156.95,1,-1,-1,-1
821,1542,30.00,139.85,66.78,171.94,1,-1,-1,-1
821,1543,183.17,167.25,47.91,143.01,1,-1,-1,-1
822,1508,436.81,-0.68,122.68,448.17,1,-1,-1,-1
822,1542,29.22,139.10,67.67,174.30,1,-1,-1,-1
823,1508,436.64,-0.68,123.53,448.43,1,-1,-1,-1
823,1542,27.00,139.53,68.60,178.42,1,-1,-1,-1
823,1543,139.70,154.55,53.91,160.22,1,-1,-1,-1
824,1508,436.37,-0.64,124.26,448.49,1,-1,-1,-1
824,1542,26.47,139.71,68.44,179.83,1,-1,-1,-1
824,1543,133.74,152.86,54.94,162.58,1,-1,-1,-1
825,1508,436.53,-0.59,125.32,447.84,1,-1,-1,-1
825,1542,27.95,141.79,63.14,166.95,1,-1,-1,-1
825,1543,123.69,163.51,58.23,169.29,1,-1,-1,-1
826,1508,436.26,-0.54,126.37,447.56,1,-1,-1,-1
826,1542,28.74,142.61,60.80,161.78,1,-1,-1,-1
826,1543,119.76,167.57,60.08,171.74,1,-1,-1,-1
827,1508,442.44,8.65,123.33,433.07,1,-1,-1,-1
827,1540,81.34,135.42,70.39,201.31,1,-1,-1,-1
827,1542,30.16,142.23,61.17,163.97,1,-1,-1,-1
827,1543,112.52,167.64,61.36,175.40,1,-1,-1,-1
828,1508,444.53,12.20,122.69,427.50,1,-1,-1,-1
828,1540,80.84,134.68,71.19,204.44,1,-1,-1,-1
828,1542,30.83,142.09,61.02,164.76,1,-1,-1,-1
829,1508,445.38,12.56,122.35,426.35,1,-1,-1,-1
829,1540,81.59,133.43,72.53,208.30,1,-1,-1,-1
829,1542,33.30,131.45,70.48,190.86,1,-1,-1,-1
829,1544,177.00,161.00,47.00,145.00,1,-1,-1,-1
830,1542,34.25,127.60,73.78,200.30,1,-1,-1,-1
830,1544,177.00,161.00,47.00,145.00,1,-1,-1,-1
831,1542,34.08,126.14,75.22,204.21,1,-1,-1,-1
831,1545,136.00,169.00,58.00,154.00,1,-1,-1,-1
832,1545,136.00,169.00,58.00,154.00,1,-1,-1,-1
833,1545,122.87,143.48,67.75,180.27,1,-1,-1,-1
833,1546,9.00,83.00,94.00,325.00,1,-1,-1,-1
833,1547,177.00,170.00,52.00,156.00,1,-1,-1,-1
834,1545,118.56,134.97,70.86,189.03,1,-1,-1,-1
834,1546,9.00,83.00,94.00,325.00,1,-1,-1,-1
834,1547,177.00,170.00,52.00,156.00,1,-1,-1,-1
835,1545,100.29,140.49,72.17,191.79,1,-1,-1,-1
835,1547,177.66,170.75,52.18,156.75,1,-1,-1,-1
836,1545,93.47,143.12,72.68,192.32,1,-1,-1,-1
836,1547,177.91,171.00,52.18,157.00,1,-1,-1,-1
837,1545,81.75,126.88,82.36,218.38,1,-1,-1,-1
837,1547,169.82,158.05,59.83,180.93,1,-1,-1,-1
