1,1990,366.03,114.97,41.58,143.21,1,-1,-1,-1
1,1991,414.64,112.03,49.31,155.22,1,-1,-1,-1
1,1996,171.62,96.94,58.38,174.28,1,-1,-1,-1
1,1999,322.66,109.49,43.43,146.01,1,-1,-1,-1
1,2001,1360.00,428.00,171.00,337.00,1,-1,-1,-1
2,2001,1360.00,428.00,171.00,337.00,1,-1,-1,-1
3,2001,1360.00,428.00,171.00,337.00,1,-1,-1,-1
4,2001,1367.28,428.74,174.98,344.42,1,-1,-1,-1
5,2001,1369.63,428.99,176.51,346.91,1,-1,-1,-1
6,2001,1370.24,429.07,177.18,347.66,1,-1,-1,-1
7,2001,1378.08,419.43,184.66,367.82,1,-1,-1,-1
8,2001,1381.83,415.98,185.33,374.99,1,-1,-1,-1
9,2001,1384.08,414.72,183.60,377.51,1,-1,-1,-1
10,2001,1397.01,411.67,181.56,376.26,1,-1,-1,-1
11,2001,1402.25,410.59,179.84,375.59,1,-1,-1,-1
12,2001,1404.50,410.24,178.31,375.18,1,-1,-1,-1
13,2001,1450.47,423.31,167.32,357.15,1,-1,-1,-1
14,2001,1468.55,428.42,161.76,350.06,1,-1,-1,-1
15,2001,1475.54,430.29,158.47,347.43,1,-1,-1,-1
16,2001,1489.31,427.65,164.78,363.01,1,-1,-1,-1
17,2001,1494.47,426.67,166.64,368.75,1,-1,-1,-1
18,2001,1496.34,426.28,166.93,370.91,1,-1,-1,-1
19,2001,1506.02,433.29,164.09,361.26,1,-1,-1,-1
20,2001,1509.02,435.98,163.73,357.46,1,-1,-1,-1
21,2001,1509.53,436.96,164.31,356.01,1,-1,-1,-1
22,2001,1512.83,432.71,169.62,365.29,1,-1,-1,-1
23,2001,1513.62,431.10,172.18,368.76,1,-1,-1,-1
24,2001,1513.44,430.47,173.65,370.05,1,-1,-1,-1
25,2001,1569.40,412.65,179.47,380.90,1,-1,-1,-1
25,2002,521.00,419.00,170.00,308.00,1,-1,-1,-1
26,2001,1590.21,405.92,182.06,384.98,1,-1,-1,-1
26,2002,521.00,419.00,170.00,308.00,1,-1,-1,-1
27,2001,1597.75,403.36,183.38,386.48,1,-1,-1,-1
27,2002,521.00,419.00,170.00,308.00,1,-1,-1,-1
28,2001,1606.37,394.01,193.73,406.42,1,-1,-1,-1
28,2002,521.00,419.00,170.00,308.00,1,-1,-1,-1
29,2001,1609.21,390.52,198.11,413.90,1,-1,-1,-1
30,2001,1609.74,389.23,200.21,416.71,1,-1,-1,-1
31,2001,1616.39,394.61,202.85,420.90,1,-1,-1,-1
32,2001,1618.52,396.75,204.16,422.39,1,-1,-1,-1
33,2001,1618.90,397.63,204.90,422.84,1,-1,-1,-1
34,2001,1625.73,385.09,211.93,437.77,1,-1,-1,-1
35,2001,1628.23,380.36,214.46,443.37,1,-1,-1,-1
36,2001,1628.99,378.59,215.27,445.40,1,-1,-1,-1
37,2001,1630.01,392.17,219.40,453.14,1,-1,-1,-1
37,2002,532.91,424.93,168.90,305.04,1,-1,-1,-1
38,2001,1630.12,397.42,221.13,455.99,1,-1,-1,-1
38,2002,533.10,425.13,169.29,304.93,1,-1,-1,-1
39,2001,1629.87,399.50,221.92,456.95,1,-1,-1,-1
39,2002,533.06,425.20,169.67,304.90,1,-1,-1,-1
40,2001,1641.91,379.00,238.83,494.64,1,-1,-1,-1
40,2002,533.96,425.64,169.55,304.68,1,-1,-1,-1
41,2001,1646.82,371.32,244.36,508.75,1,-1,-1,-1
42,2001,1648.90,368.30,245.78,514.18,1,-1,-1,-1
43,2001,1654.45,365.77,249.28,521.50,1,-1,-1,-1
61,2002,531.10,426.07,174.10,318.85,1,-1,-1,-1
62,2002,531.98,426.04,172.18,319.14,1,-1,-1,-1
63,2002,532.64,426.03,170.80,319.25,1,-1,-1,-1
64,2002,526.87,424.07,171.87,320.57,1,-1,-1,-1
65,2002,524.62,423.32,172.40,321.06,1,-1,-1,-1
66,2002,523.73,423.05,172.71,321.23,1,-1,-1,-1
67,2002,520.29,420.33,173.83,324.53,1,-1,-1,-1
68,2002,519.17,419.32,173.94,325.77,1,-1,-1,-1
69,2002,518.90,418.94,173.71,326.21,1,-1,-1,-1
70,2002,525.28,422.07,170.50,318.54,1,-1,-1,-1
71,2002,527.55,423.29,169.66,315.57,1,-1,-1,-1
72,2002,528.22,423.75,169.71,314.46,1,-1,-1,-1
73,2002,528.22,424.57,169.60,311.43,1,-1,-1,-1
74,2002,527.83,424.89,170.33,310.30,1,-1,-1,-1
75,2002,527.34,425.00,171.29,309.89,1,-1,-1,-1
76,2002,524.00,424.38,177.98,320.24,1,-1,-1,-1
77,2002,522.49,424.15,181.00,324.12,1,-1,-1,-1
78,2002,521.69,424.06,182.60,325.60,1,-1,-1,-1
79,2002,524.10,425.97,182.98,328.09,1,-1,-1,-1
80,2002,525.29,426.70,182.57,329.02,1,-1,-1,-1
81,2002,525.99,426.97,181.92,329.34,1,-1,-1,-1
82,2002,530.82,426.42,179.03,326.83,1,-1,-1,-1
83,2002,533.05,426.20,177.14,325.84,1,-1,-1,-1
84,2002,534.23,426.11,175.71,325.45,1,-1,-1,-1
85,2002,535.48,429.99,170.25,318.77,1,-1,-1,-1
86,2002,536.41,431.47,167.22,316.20,1,-1,-1,-1
87,2002,537.18,432.00,165.23,315.26,1,-1,-1,-1
88,2002,536.73,432.19,165.27,318.19,1,-1,-1,-1
89,2002,536.95,432.24,164.50,319.31,1,-1,-1,-1
90,2002,537.38,432.24,163.49,319.74,1,-1,-1,-1
91,2002,541.16,434.84,163.05,316.64,1,-1,-1,-1
92,2002,542.30,435.82,163.48,315.46,1,-1,-1,-1
93,2002,542.44,436.16,164.18,315.03,1,-1,-1,-1
94,2002,543.07,436.79,163.98,314.65,1,-1,-1,-1
109,2002,533.13,436.16,171.20,326.71,1,-1,-1,-1
110,2002,532.49,436.09,172.03,327.08,1,-1,-1,-1
111,2002,532.15,436.06,172.57,327.21,1,-1,-1,-1
112,2002,531.83,436.15,172.83,327.69,1,-1,-1,-1
115,2002,536.20,436.05,181.87,345.63,1,-1,-1,-1
116,2002,536.88,436.04,182.70,347.81,1,-1,-1,-1
117,2002,537.19,436.03,182.86,348.57,1,-1,-1,-1
118,2002,529.60,425.65,191.80,368.92,1,-1,-1,-1
119,2002,527.18,421.76,194.31,376.53,1,-1,-1,-1
120,2002,526.57,420.25,194.57,379.42,1,-1,-1,-1
121,2002,535.52,439.63,188.52,368.21,1,-1,-1,-1
122,2002,539.10,447.22,185.95,363.69,1,-1,-1,-1
123,2002,540.51,450.06,184.83,361.93,1,-1,-1,-1
124,2002,539.38,437.41,183.12,361.21,1,-1,-1,-1
125,2002,539.28,432.59,181.78,360.89,1,-1,-1,-1
126,2002,539.54,430.76,180.65,360.73,1,-1,-1,-1
127,2002,540.45,443.11,181.83,364.54,1,-1,-1,-1
128,2002,540.98,447.80,181.88,365.96,1,-1,-1,-1
129,2002,541.35,449.57,181.55,366.45,1,-1,-1,-1
130,2002,547.25,464.53,175.09,352.28,1,-1,-1,-1
131,2002,549.38,470.24,172.84,346.77,1,-1,-1,-1
132,2002,550.02,472.28,172.27,344.74,1,-1,-1,-1
133,2002,554.10,472.31,172.21,343.35,1,-1,-1,-1
134,2002,555.44,472.24,172.53,342.85,1,-1,-1,-1
135,2002,555.76,472.14,172.97,342.68,1,-1,-1,-1
136,2002,556.90,474.00,172.61,341.97,1,-1,-1,-1
139,2002,550.47,469.40,183.16,362.83,1,-1,-1,-1
140,2002,549.67,468.81,184.46,365.34,1,-1,-1,-1
141,2002,549.37,468.59,184.93,366.22,1,-1,-1,-1
142,2002,546.37,462.65,190.20,378.85,1,-1,-1,-1
143,2002,545.53,460.39,191.60,383.59,1,-1,-1,-1
144,2002,545.44,459.50,191.62,385.36,1,-1,-1,-1
145,2002,543.66,459.16,191.87,389.84,1,-1,-1,-1
146,2002,543.50,459.03,190.92,391.49,1,-1,-1,-1
147,2002,543.89,458.98,189.62,392.05,1,-1,-1,-1
148,2002,541.29,458.32,190.74,396.72,1,-1,-1,-1
149,2002,540.61,458.07,190.55,398.43,1,-1,-1,-1
150,2002,540.63,457.98,189.91,399.02,1,-1,-1,-1
151,2002,538.58,459.24,189.25,399.16,1,-1,-1,-1
152,2002,538.01,459.73,188.59,399.15,1,-1,-1,-1
153,2002,537.98,459.92,187.97,399.08,1,-1,-1,-1
154,2002,531.57,458.03,190.81,404.84,1,-1,-1,-1
155,2002,529.13,457.32,191.93,406.98,1,-1,-1,-1
156,2002,528.21,457.05,192.38,407.73,1,-1,-1,-1
157,2002,525.48,453.71,192.81,409.25,1,-1,-1,-1
158,2002,524.56,452.44,192.80,409.77,1,-1,-1,-1
159,2002,524.32,451.97,192.62,409.91,1,-1,-1,-1
160,2002,528.29,464.16,186.46,398.20,1,-1,-1,-1
161,2002,530.03,468.86,183.74,393.64,1,-1,-1,-1
162,2002,530.86,470.60,182.41,391.93,1,-1,-1,-1
163,2002,529.33,467.28,186.94,405.05,1,-1,-1,-1
164,2002,529.20,466.03,187.76,409.94,1,-1,-1,-1
165,2002,529.56,465.52,187.30,411.79,1,-1,-1,-1
166,2002,527.24,464.01,193.36,425.44,1,-1,-1,-1
167,2002,526.42,463.44,195.56,430.57,1,-1,-1,-1
168,2002,526.16,463.21,196.31,432.48,1,-1,-1,-1
169,2002,527.70,459.23,202.40,445.41,1,-1,-1,-1
169,2003,815.00,431.00,145.00,336.00,1,-1,-1,-1
170,2002,528.24,457.72,204.79,450.27,1,-1,-1,-1
170,2003,815.00,431.00,145.00,336.00,1,-1,-1,-1
171,2002,528.42,457.14,205.78,452.04,1,-1,-1,-1
171,2003,815.00,431.00,145.00,336.00,1,-1,-1,-1
172,2002,531.28,457.57,203.14,444.22,1,-1,-1,-1
172,2003,820.61,432.48,144.17,334.52,1,-1,-1,-1
173,2002,532.17,457.75,202.53,441.07,1,-1,-1,-1
173,2003,822.57,432.98,143.73,334.02,1,-1,-1,-1
174,2002,532.29,457.83,202.70,439.80,1,-1,-1,-1
174,2003,823.25,433.13,143.42,333.87,1,-1,-1,-1
175,2002,536.80,457.86,198.37,430.80,1,-1,-1,-1
175,2003,824.71,426.91,146.95,342.17,1,-1,-1,-1
176,2002,538.57,457.88,196.59,427.29,1,-1,-1,-1
176,2003,825.20,424.68,148.19,345.14,1,-1,-1,-1
177,2002,539.26,457.90,195.82,425.95,1,-1,-1,-1
177,2003,825.33,423.89,148.60,346.20,1,-1,-1,-1
178,2002,541.13,455.29,197.51,430.67,1,-1,-1,-1
178,2003,825.30,419.63,150.79,349.87,1,-1,-1,-1
179,2002,541.95,454.32,197.88,432.44,1,-1,-1,-1
179,2003,825.06,418.07,151.95,351.19,1,-1,-1,-1
180,2002,542.36,453.96,197.78,433.09,1,-1,-1,-1
180,2003,824.76,417.54,152.71,351.63,1,-1,-1,-1
181,2002,547.12,451.88,204.11,444.39,1,-1,-1,-1
181,2003,825.57,416.21,153.37,353.14,1,-1,-1,-1
182,2002,548.58,451.10,207.13,448.63,1,-1,-1,-1
183,2002,548.83,450.83,208.83,450.21,1,-1,-1,-1
184,2002,547.63,453.33,208.08,454.64,1,-1,-1,-1
184,2004,652.00,442.00,168.00,463.00,1,-1,-1,-1
185,2002,547.89,454.30,206.28,456.28,1,-1,-1,-1
185,2004,652.00,442.00,168.00,463.00,1,-1,-1,-1
186,2002,548.63,454.69,204.23,456.84,1,-1,-1,-1
186,2004,652.00,442.00,168.00,463.00,1,-1,-1,-1
187,2002,549.17,454.54,205.10,458.80,1,-1,-1,-1
187,2004,651.99,446.45,169.50,466.71,1,-1,-1,-1
188,2004,651.92,447.95,170.14,467.95,1,-1,-1,-1
189,2004,651.83,448.39,170.47,468.33,1,-1,-1,-1
190,2003,938.81,405.94,152.62,351.57,1,-1,-1,-1
190,2004,660.60,458.18,162.66,444.88,1,-1,-1,-1
191,2003,943.96,405.61,152.46,351.33,1,-1,-1,-1
191,2004,663.57,461.67,160.24,436.26,1,-1,-1,-1
192,2003,945.80,405.48,152.40,351.27,1,-1,-1,-1
192,2004,664.30,462.79,159.91,433.38,1,-1,-1,-1
193,2003,947.14,405.46,155.24,359.09,1,-1,-1,-1
193,2004,675.66,465.12,144.33,389.68,1,-1,-1,-1
194,2003,947.60,405.47,156.05,362.02,1,-1,-1,-1
194,2004,679.62,465.79,138.91,373.66,1,-1,-1,-1
195,2003,947.67,405.51,156.12,363.11,1,-1,-1,-1
195,2004,680.70,465.94,137.50,368.58,1,-1,-1,-1
196,2003,947.66,404.91,155.16,362.83,1,-1,-1,-1
196,2004,675.71,464.54,146.97,392.50,1,-1,-1,-1
197,2003,947.69,404.70,154.37,362.68,1,-1,-1,-1
197,2004,673.76,464.04,150.66,400.99,1,-1,-1,-1
198,2003,947.73,404.65,153.70,362.59,1,-1,-1,-1
198,2004,672.78,463.78,152.45,404.45,1,-1,-1,-1
199,2003,936.43,395.52,157.52,374.26,1,-1,-1,-1
199,2004,668.24,466.27,162.07,423.03,1,-1,-1,-1
200,2003,932.41,392.10,158.36,378.63,1,-1,-1,-1
200,2004,665.76,467.18,167.19,429.99,1,-1,-1,-1
201,2003,931.02,390.83,158.14,380.26,1,-1,-1,-1
201,2004,664.10,467.48,170.51,432.70,1,-1,-1,-1
202,2003,932.54,387.80,164.81,397.66,1,-1,-1,-1
202,2004,664.61,468.60,170.72,433.22,1,-1,-1,-1
203,2003,933.24,386.68,167.01,404.20,1,-1,-1,-1
204,2003,933.60,386.30,167.55,406.65,1,-1,-1,-1
205,2003,940.54,398.45,162.41,392.66,1,-1,-1,-1
205,2004,661.30,453.64,190.08,481.29,1,-1,-1,-1
206,2003,943.03,403.24,160.64,387.06,1,-1,-1,-1
206,2004,660.73,451.80,192.75,487.13,1,-1,-1,-1
207,2003,943.76,405.04,160.24,384.92,1,-1,-1,-1
207,2004,660.43,451.13,193.90,489.23,1,-1,-1,-1
208,2003,950.46,408.33,157.58,380.15,1,-1,-1,-1
208,2004,665.93,445.73,195.93,491.20,1,-1,-1,-1
209,2003,953.10,409.57,156.21,378.30,1,-1,-1,-1
209,2004,667.73,443.67,197.28,491.84,1,-1,-1,-1
210,2003,954.19,410.03,155.37,377.59,1,-1,-1,-1
210,2004,668.13,442.91,198.30,491.97,1,-1,-1,-1
211,2003,960.58,402.99,154.72,376.65,1,-1,-1,-1
211,2004,671.57,451.05,190.09,465.37,1,-1,-1,-1
212,2003,962.99,400.31,154.34,376.29,1,-1,-1,-1
212,2004,672.30,454.27,187.98,454.87,1,-1,-1,-1
213,2003,963.89,399.31,154.07,376.15,1,-1,-1,-1
213,2004,671.98,455.45,188.31,450.99,1,-1,-1,-1
214,2003,955.79,391.75,160.21,390.47,1,-1,-1,-1
214,2004,673.02,455.66,188.15,450.61,1,-1,-1,-1
215,2003,952.64,388.93,162.67,395.83,1,-1,-1,-1
216,2003,951.31,387.88,163.73,397.86,1,-1,-1,-1
217,2003,953.05,382.33,167.33,414.79,1,-1,-1,-1
217,2004,686.58,460.43,177.38,416.54,1,-1,-1,-1
217,2005,1061.00,377.00,149.00,417.00,1,-1,-1,-1
218,2003,954.63,380.25,166.80,421.15,1,-1,-1,-1
218,2004,686.96,461.00,178.49,412.42,1,-1,-1,-1
218,2005,1061.00,377.00,149.00,417.00,1,-1,-1,-1
219,2003,956.03,379.50,164.92,423.54,1,-1,-1,-1
219,2004,686.35,461.19,180.34,411.07,1,-1,-1,-1
219,2005,1061.00,377.00,149.00,417.00,1,-1,-1,-1
220,2003,956.68,377.90,166.20,426.81,1,-1,-1,-1
220,2004,688.27,461.71,179.01,408.04,1,-1,-1,-1
220,2005,1068.72,399.26,142.46,397.71,1,-1,-1,-1
221,2005,1071.18,406.75,140.54,391.22,1,-1,-1,-1
222,2005,1071.72,408.88,140.32,389.37,1,-1,-1,-1
223,2004,670.76,445.31,201.11,459.26,1,-1,-1,-1
223,2005,1078.79,400.88,144.61,403.05,1,-1,-1,-1
224,2004,668.90,443.43,203.36,465.10,1,-1,-1,-1
224,2005,1081.43,397.92,145.71,407.97,1,-1,-1,-1
225,2004,668.28,442.75,204.04,467.25,1,-1,-1,-1
225,2005,1082.48,396.68,145.71,409.86,1,-1,-1,-1
226,2003,812.99,416.29,180.35,472.95,1,-1,-1,-1
226,2004,664.83,450.92,196.49,450.55,1,-1,-1,-1
226,2005,1080.59,400.14,143.37,405.90,1,-1,-1,-1
227,2003,803.77,419.28,178.45,475.99,1,-1,-1,-1
227,2004,663.56,454.14,193.42,443.97,1,-1,-1,-1
227,2005,1080.04,401.36,141.95,404.42,1,-1,-1,-1
228,2003,801.22,420.33,176.35,477.08,1,-1,-1,-1
228,2004,663.16,455.34,192.16,441.50,1,-1,-1,-1
228,2005,1080.04,401.74,140.90,403.90,1,-1,-1,-1
229,2003,793.31,415.54,180.19,496.06,1,-1,-1,-1
229,2004,667.92,451.87,191.05,442.52,1,-1,-1,-1
229,2005,1085.47,404.47,140.15,403.07,1,-1,-1,-1
230,2003,791.24,413.69,180.04,503.19,1,-1,-1,-1
230,2004,670.12,450.56,189.85,442.91,1,-1,-1,-1
230,2005,1087.59,405.43,139.62,402.78,1,-1,-1,-1
231,2003,791.37,412.93,178.62,505.80,1,-1,-1,-1
231,2004,671.31,450.07,188.70,443.04,1,-1,-1,-1
231,2005,1088.44,405.73,139.18,402.70,1,-1,-1,-1
232,2003,792.98,419.68,181.18,504.06,1,-1,-1,-1
232,2004,671.30,449.70,188.79,443.26,1,-1,-1,-1
232,2005,1094.47,402.49,140.00,398.74,1,-1,-1,-1
233,2003,793.09,422.26,183.65,503.21,1,-1,-1,-1
233,2005,1096.08,401.21,141.51,397.27,1,-1,-1,-1
234,2003,792.65,423.21,185.92,502.74,1,-1,-1,-1
234,2005,1096.07,400.70,143.18,396.75,1,-1,-1,-1
235,2003,788.88,423.53,186.54,499.18,1,-1,-1,-1
235,2005,1102.96,407.06,144.98,392.64,1,-1,-1,-1
236,2003,787.14,423.61,187.70,497.69,1,-1,-1,-1
236,2005,1104.61,409.43,147.42,391.13,1,-1,-1,-1
237,2003,786.21,423.61,188.98,497.01,1,-1,-1,-1
237,2005,1104.34,410.27,149.96,390.60,1,-1,-1,-1
238,2003,779.05,421.62,202.70,528.54,1,-1,-1,-1
238,2005,1106.68,405.29,155.06,403.59,1,-1,-1,-1
239,2003,775.93,420.87,208.80,540.28,1,-1,-1,-1
239,2005,1107.47,403.41,157.02,408.44,1,-1,-1,-1
240,2003,774.46,420.54,211.97,544.75,1,-1,-1,-1
240,2005,1107.65,402.66,157.83,410.31,1,-1,-1,-1
241,2003,774.24,419.75,212.74,539.87,1,-1,-1,-1
241,2005,1110.70,434.89,147.46,377.83,1,-1,-1,-1
242,2003,773.63,419.42,214.31,537.77,1,-1,-1,-1
242,2005,1111.27,447.44,144.36,365.10,1,-1,-1,-1
243,2003,772.90,419.29,216.08,536.83,1,-1,-1,-1
243,2005,1110.92,451.84,144.25,360.62,1,-1,-1,-1
244,2003,787.65,430.25,211.51,519.48,1,-1,-1,-1
244,2005,1113.08,455.95,142.91,357.26,1,-1,-1,-1
245,2003,792.87,434.46,210.87,512.64,1,-1,-1,-1
246,2003,794.31,435.99,211.73,510.03,1,-1,-1,-1
247,2003,797.66,434.55,204.48,489.37,1,-1,-1,-1
247,2005,1193.46,413.84,156.33,392.33,1,-1,-1,-1
248,2003,798.65,433.94,202.36,481.45,1,-1,-1,-1
248,2005,1202.79,409.09,157.39,396.28,1,-1,-1,-1
249,2003,798.70,433.67,202.21,478.57,1,-1,-1,-1
249,2005,1206.21,407.35,157.51,397.73,1,-1,-1,-1
250,2003,801.29,430.91,197.05,470.30,1,-1,-1,-1
250,2004,911.26,423.24,188.62,461.82,1,-1,-1,-1
250,2005,1218.84,424.88,151.89,381.39,1,-1,-1,-1
251,2003,802.69,429.83,194.28,467.27,1,-1,-1,-1
251,2004,919.41,422.66,183.50,462.23,1,-1,-1,-1
251,2005,1223.14,431.70,150.08,375.04,1,-1,-1,-1
252,2003,803.60,429.42,192.50,466.22,1,-1,-1,-1
252,2004,923.25,422.45,179.80,462.38,1,-1,-1,-1
252,2005,1224.31,434.20,149.78,372.71,1,-1,-1,-1
253,2003,805.15,427.93,191.39,465.25,1,-1,-1,-1
253,2004,923.87,420.45,176.18,457.19,1,-1,-1,-1
253,2005,1229.58,446.27,150.70,362.02,1,-1,-1,-1
254,2003,805.91,427.36,190.64,464.97,1,-1,-1,-1
254,2004,924.05,419.73,174.17,455.18,1,-1,-1,-1
254,2005,1229.99,450.79,153.60,358.02,1,-1,-1,-1
255,2003,806.36,427.15,190.05,464.94,1,-1,-1,-1
255,2004,924.11,419.50,172.88,454.42,1,-1,-1,-1
255,2005,1228.73,452.39,157.05,356.61,1,-1,-1,-1
256,2003,802.78,430.35,196.00,488.63,1,-1,-1,-1
256,2004,927.32,425.35,181.87,486.24,1,-1,-1,-1
256,2005,1241.37,464.77,154.12,350.22,1,-1,-1,-1
257,2003,802.51,431.53,196.10,497.43,1,-1,-1,-1
257,2004,929.26,427.52,183.59,498.01,1,-1,-1,-1
257,2005,1245.89,469.34,152.98,347.90,1,-1,-1,-1
258,2003,803.32,431.98,194.32,500.85,1,-1,-1,-1
258,2004,930.40,428.40,182.97,502.55,1,-1,-1,-1
258,2005,1247.38,470.93,152.54,347.11,1,-1,-1,-1
259,2003,801.20,432.79,199.80,521.57,1,-1,-1,-1
259,2004,935.70,432.61,180.93,500.97,1,-1,-1,-1
259,2005,1252.73,460.88,161.49,363.37,1,-1,-1,-1
260,2003,801.12,433.09,200.44,529.37,1,-1,-1,-1
260,2004,937.90,434.24,179.39,500.23,1,-1,-1,-1
260,2005,1254.10,457.12,165.82,369.41,1,-1,-1,-1
261,2003,801.72,433.19,199.42,532.31,1,-1,-1,-1
261,2004,938.88,434.86,178.14,499.85,1,-1,-1,-1
261,2005,1253.96,455.59,168.38,371.77,1,-1,-1,-1
262,2003,801.05,433.60,200.71,535.78,1,-1,-1,-1
262,2004,935.62,424.69,184.60,517.14,1,-1,-1,-1
262,2005,1259.50,456.73,168.51,372.06,1,-1,-1,-1
263,2004,934.22,420.85,187.17,523.61,1,-1,-1,-1
264,2004,933.47,419.38,188.25,526.00,1,-1,-1,-1
265,2003,803.23,435.84,194.77,525.23,1,-1,-1,-1
265,2004,935.24,426.58,190.71,530.66,1,-1,-1,-1
266,2003,804.26,436.10,192.51,523.63,1,-1,-1,-1
266,2004,935.63,429.37,192.02,532.33,1,-1,-1,-1
267,2003,805.03,436.20,190.89,523.13,1,-1,-1,-1
267,2004,935.49,430.44,192.84,532.84,1,-1,-1,-1
268,2003,797.16,434.26,187.05,519.64,1,-1,-1,-1
268,2004,939.69,426.32,191.54,525.79,1,-1,-1,-1
268,2005,1342.19,438.73,167.83,373.05,1,-1,-1,-1
269,2003,794.81,433.52,184.33,518.27,1,-1,-1,-1
269,2004,940.88,424.73,191.64,522.96,1,-1,-1,-1
269,2005,1347.78,437.36,166.95,373.09,1,-1,-1,-1
270,2003,794.51,433.23,182.18,517.72,1,-1,-1,-1
270,2004,940.95,424.14,192.23,521.81,1,-1,-1,-1
270,2005,1349.98,436.90,166.22,373.11,1,-1,-1,-1
271,2003,793.49,423.31,181.94,522.06,1,-1,-1,-1
271,2004,937.60,413.49,197.69,537.60,1,-1,-1,-1
271,2005,1365.44,455.03,159.06,358.10,1,-1,-1,-1
272,2003,793.60,419.57,180.93,523.68,1,-1,-1,-1
272,2004,936.39,409.50,199.53,543.50,1,-1,-1,-1
272,2005,1371.10,461.99,156.10,352.34,1,-1,-1,-1
273,2003,794.09,418.17,179.73,524.26,1,-1,-1,-1
273,2004,935.94,408.00,200.03,545.67,1,-1,-1,-1
273,2005,1373.02,464.53,154.84,350.26,1,-1,-1,-1
274,2003,792.89,417.06,180.08,525.29,1,-1,-1,-1
274,2004,937.23,408.76,194.54,523.07,1,-1,-1,-1
274,2005,1381.72,454.87,159.67,358.75,1,-1,-1,-1
275,2004,936.97,409.13,193.71,514.16,1,-1,-1,-1
275,2005,1384.51,451.26,162.03,361.94,1,-1,-1,-1
276,2004,936.19,409.31,194.69,510.84,1,-1,-1,-1
276,2005,1385.06,449.85,163.41,363.19,1,-1,-1,-1
277,2003,796.40,429.70,169.77,495.71,1,-1,-1,-1
277,2004,940.61,415.31,192.08,499.75,1,-1,-1,-1
277,2005,1391.90,449.89,163.35,363.04,1,-1,-1,-1
277,2006,1481.00,443.00,167.00,336.00,1,-1,-1,-1
278,2003,796.98,431.35,168.34,491.96,1,-1,-1,-1
278,2004,941.81,417.62,191.92,495.56,1,-1,-1,-1
278,2005,1467.26,444.60,155.74,342.19,1,-1,-1,-1
279,2003,797.19,431.88,167.81,490.73,1,-1,-1,-1
279,2004,941.82,418.49,192.64,494.04,1,-1,-1,-1
279,2005,1484.80,443.37,155.04,337.34,1,-1,-1,-1
280,2003,805.93,441.28,164.16,477.17,1,-1,-1,-1
280,2004,944.00,430.65,187.13,475.11,1,-1,-1,-1
280,2005,1477.90,441.63,157.81,348.33,1,-1,-1,-1
281,2003,809.02,444.81,163.27,472.11,1,-1,-1,-1
281,2004,944.28,435.27,186.00,467.99,1,-1,-1,-1
281,2005,1475.83,441.00,157.61,352.34,1,-1,-1,-1
282,2003,809.93,446.08,163.39,470.34,1,-1,-1,-1
282,2004,943.89,436.92,186.50,465.48,1,-1,-1,-1
282,2005,1475.16,440.78,156.51,353.91,1,-1,-1,-1
283,2003,816.68,447.83,167.11,476.37,1,-1,-1,-1
283,2004,938.46,431.54,191.25,475.24,1,-1,-1,-1
283,2005,1461.34,425.06,172.77,391.07,1,-1,-1,-1
284,2003,818.74,448.44,169.36,478.70,1,-1,-1,-1
284,2004,936.18,429.51,193.50,478.93,1,-1,-1,-1
284,2005,1456.31,419.26,178.67,404.77,1,-1,-1,-1
285,2003,819.10,448.62,170.97,479.65,1,-1,-1,-1
285,2004,935.07,428.71,194.78,480.41,1,-1,-1,-1
285,2005,1454.04,417.00,180.92,410.18,1,-1,-1,-1
286,2003,814.80,447.34,181.03,501.67,1,-1,-1,-1
286,2004,935.66,429.12,194.28,479.16,1,-1,-1,-1
286,2005,1460.51,427.71,178.79,411.54,1,-1,-1,-1
287,2003,812.56,446.84,186.00,509.90,1,-1,-1,-1
287,2005,1463.56,431.94,176.50,411.94,1,-1,-1,-1
288,2003,811.13,446.61,188.97,513.07,1,-1,-1,-1
288,2005,1465.21,433.60,174.31,411.98,1,-1,-1,-1
289,2003,813.13,449.08,186.24,505.17,1,-1,-1,-1
289,2004,929.19,429.17,196.40,489.10,1,-1,-1,-1
289,2005,1478.16,414.88,178.85,422.87,1,-1,-1,-1
290,2003,813.82,450.00,185.26,502.07,1,-1,-1,-1
290,2004,929.09,429.16,195.28,490.34,1,-1,-1,-1
290,2005,1483.00,407.79,180.51,426.93,1,-1,-1,-1
291,2003,814.01,450.32,184.96,500.88,1,-1,-1,-1
291,2004,929.47,429.15,194.06,490.77,1,-1,-1,-1
291,2005,1484.73,405.10,181.08,428.39,1,-1,-1,-1
292,2003,816.64,458.25,179.68,489.32,1,-1,-1,-1
292,2004,934.95,434.36,189.47,482.45,1,-1,-1,-1
292,2005,1499.46,420.27,176.65,411.40,1,-1,-1,-1
292,2007,1046.00,452.00,184.00,402.00,1,-1,-1,-1
293,2003,817.86,461.23,177.16,484.91,1,-1,-1,-1
293,2004,937.35,436.33,187.09,479.28,1,-1,-1,-1
293,2005,1504.30,426.28,176.19,404.63,1,-1,-1,-1
293,2007,1046.00,452.00,184.00,402.00,1,-1,-1,-1
294,2003,818.53,462.30,175.75,483.29,1,-1,-1,-1
294,2004,938.53,437.05,185.64,478.12,1,-1,-1,-1
294,2005,1505.30,428.55,177.27,402.06,1,-1,-1,-1
294,2007,1046.00,452.00,184.00,402.00,1,-1,-1,-1
295,2003,819.39,463.88,175.34,482.17,1,-1,-1,-1
295,2004,931.97,433.37,196.47,511.77,1,-1,-1,-1
295,2005,1509.63,443.15,170.71,384.04,1,-1,-1,-1
295,2007,1046.00,452.00,184.00,402.00,1,-1,-1,-1
296,2004,930.18,432.00,199.20,524.20,1,-1,-1,-1
296,2005,1510.69,448.74,168.86,377.12,1,-1,-1,-1
297,2004,930.01,431.44,199.21,529.03,1,-1,-1,-1
297,2005,1510.60,450.75,168.84,374.60,1,-1,-1,-1
298,2004,933.42,433.80,190.31,504.37,1,-1,-1,-1
298,2005,1558.12,439.58,187.55,411.31,1,-1,-1,-1
299,2004,934.69,434.71,186.96,494.57,1,-1,-1,-1
299,2005,1574.76,435.52,195.65,424.66,1,-1,-1,-1
300,2004,935.08,435.04,185.89,490.93,1,-1,-1,-1
300,2005,1580.53,433.88,199.92,429.91,1,-1,-1,-1
301,2004,934.16,437.12,193.53,505.96,1,-1,-1,-1
301,2005,1595.18,424.23,203.74,433.79,1,-1,-1,-1
302,2004,933.28,437.88,197.45,511.56,1,-1,-1,-1
302,2005,1600.02,420.51,206.23,435.17,1,-1,-1,-1
303,2004,932.48,438.16,199.87,513.68,1,-1,-1,-1
303,2005,1601.09,419.11,208.09,435.60,1,-1,-1,-1
304,2004,929.70,436.30,202.47,529.39,1,-1,-1,-1
304,2005,1603.68,401.78,218.04,453.14,1,-1,-1,-1
305,2004,929.61,435.58,201.53,535.29,1,-1,-1,-1
305,2005,1604.08,395.25,222.65,459.71,1,-1,-1,-1
306,2004,930.43,435.29,199.46,537.49,1,-1,-1,-1
306,2005,1603.56,392.78,225.14,462.14,1,-1,-1,-1
307,2004,936.02,435.82,196.51,532.40,1,-1,-1,-1
307,2005,1611.40,383.54,234.59,480.34,1,-1,-1,-1
308,2004,938.45,436.02,194.80,530.35,1,-1,-1,-1
308,2005,1614.09,380.07,238.48,487.19,1,-1,-1,-1
309,2004,939.62,436.08,193.63,529.50,1,-1,-1,-1
309,2005,1614.75,378.82,240.20,489.70,1,-1,-1,-1
310,2004,938.50,436.10,195.64,544.75,1,-1,-1,-1
310,2005,1622.71,398.38,227.52,460.27,1,-1,-1,-1
311,2004,939.06,436.11,194.42,550.45,1,-1,-1,-1
311,2005,1625.07,406.24,223.22,448.42,1,-1,-1,-1
312,2004,940.13,436.10,192.21,552.56,1,-1,-1,-1
312,2005,1625.37,409.16,222.41,444.00,1,-1,-1,-1
313,2003,1059.54,507.83,182.86,464.97,1,-1,-1,-1
313,2004,939.24,447.75,182.91,531.25,1,-1,-1,-1
313,2005,1634.03,406.98,224.30,447.57,1,-1,-1,-1
314,2003,1060.40,508.67,191.84,464.68,1,-1,-1,-1
314,2004,939.37,452.26,178.35,522.86,1,-1,-1,-1
314,2005,1637.09,406.17,225.06,448.89,1,-1,-1,-1
315,2003,1059.11,508.98,198.27,464.58,1,-1,-1,-1
315,2004,939.86,453.89,175.78,519.72,1,-1,-1,-1
315,2005,1638.03,405.88,225.38,449.35,1,-1,-1,-1
316,2003,1067.33,503.78,204.94,473.75,1,-1,-1,-1
316,2004,939.52,455.34,175.73,519.58,1,-1,-1,-1
316,2005,1641.38,403.83,230.19,465.81,1,-1,-1,-1
317,2003,1069.56,501.77,208.61,477.22,1,-1,-1,-1
317,2005,1643.49,403.07,230.09,471.96,1,-1,-1,-1
318,2003,1069.58,500.96,210.94,478.54,1,-1,-1,-1
318,2005,1644.96,402.80,228.35,474.27,1,-1,-1,-1
319,2003,1067.15,454.91,216.05,504.49,1,-1,-1,-1
319,2005,1649.28,402.18,229.68,477.02,1,-1,-1,-1
320,2003,1067.71,437.69,214.79,514.18,1,-1,-1,-1
321,2003,1068.94,431.06,211.68,517.88,1,-1,-1,-1
322,2003,1071.52,425.42,217.41,532.12,1,-1,-1,-1
323,2003,1072.39,423.38,219.51,537.47,1,-1,-1,-1
324,2003,1072.56,422.75,220.22,539.40,1,-1,-1,-1
325,2003,1079.93,461.40,210.67,506.42,1,-1,-1,-1
325,2008,92.00,399.00,185.00,423.00,1,-1,-1,-1
326,2003,1081.67,476.75,208.58,493.30,1,-1,-1,-1
326,2008,92.00,399.00,185.00,423.00,1,-1,-1,-1
327,2003,1081.32,482.38,209.51,488.47,1,-1,-1,-1
327,2008,92.00,399.00,185.00,423.00,1,-1,-1,-1
328,2003,1075.08,441.69,223.10,528.79,1,-1,-1,-1
328,2008,105.08,399.74,187.78,427.45,1,-1,-1,-1
329,2003,1073.87,426.81,225.91,543.53,1,-1,-1,-1
329,2008,109.12,399.99,189.41,428.95,1,-1,-1,-1
330,2003,1074.13,421.00,225.20,549.26,1,-1,-1,-1
330,2008,109.94,400.07,190.68,429.39,1,-1,-1,-1
331,2003,1076.61,429.19,221.84,538.46,1,-1,-1,-1
331,2004,856.93,455.35,166.80,464.86,1,-1,-1,-1
331,2008,117.76,391.09,194.33,435.71,1,-1,-1,-1
332,2003,1077.21,432.53,220.98,534.09,1,-1,-1,-1
332,2004,851.64,455.20,172.89,463.44,1,-1,-1,-1
332,2008,120.15,387.86,196.20,437.94,1,-1,-1,-1
333,2003,1077.11,433.88,221.10,532.34,1,-1,-1,-1
333,2004,848.48,455.16,177.53,462.90,1,-1,-1,-1
333,2008,120.57,386.72,197.42,438.68,1,-1,-1,-1
334,2003,1074.27,428.61,224.61,542.68,1,-1,-1,-1
334,2004,844.96,455.42,176.57,460.41,1,-1,-1,-1
334,2008,120.93,390.37,193.07,428.18,1,-1,-1,-1
335,2003,1073.36,426.67,225.49,546.52,1,-1,-1,-1
335,2008,120.78,391.82,191.62,424.14,1,-1,-1,-1
336,2003,1073.13,426.01,225.42,547.90,1,-1,-1,-1
336,2008,120.50,392.39,191.29,422.65,1,-1,-1,-1
337,2003,1076.57,420.65,222.75,543.79,1,-1,-1,-1
337,2004,844.01,447.15,191.31,490.27,1,-1,-1,-1
337,2008,189.43,413.88,188.43,403.50,1,-1,-1,-1
338,2003,1078.09,418.67,221.18,542.12,1,-1,-1,-1
338,2004,842.87,446.19,195.17,493.74,1,-1,-1,-1
338,2008,213.80,422.02,190.43,396.29,1,-1,-1,-1
339,2003,1078.85,418.00,220.10,541.42,1,-1,-1,-1
339,2004,841.95,445.85,197.62,494.97,1,-1,-1,-1
339,2008,220.77,424.91,194.20,393.76,1,-1,-1,-1
340,2003,1079.90,424.35,220.01,539.14,1,-1,-1,-1
340,2004,843.08,444.44,193.76,486.28,1,-1,-1,-1
340,2008,231.80,403.23,205.86,414.90,1,-1,-1,-1
341,2003,1080.03,426.83,220.38,538.21,1,-1,-1,-1
341,2004,843.67,443.93,192.09,482.92,1,-1,-1,-1
341,2008,235.29,395.29,210.87,422.66,1,-1,-1,-1
342,2003,1079.84,427.82,220.91,537.82,1,-1,-1,-1
342,2004,844.02,443.75,191.32,481.65,1,-1,-1,-1
342,2008,235.86,392.21,213.45,425.68,1,-1,-1,-1
343,2003,1081.30,439.98,222.51,534.38,1,-1,-1,-1
343,2004,842.60,443.15,191.26,481.51,1,-1,-1,-1
343,2008,247.99,393.67,210.01,420.95,1,-1,-1,-1
344,2003,1081.03,444.63,224.68,533.03,1,-1,-1,-1
344,2008,252.52,394.26,208.12,419.11,1,-1,-1,-1
345,2003,1080.17,446.38,226.92,532.51,1,-1,-1,-1
345,2008,254.16,394.51,206.89,418.41,1,-1,-1,-1
346,2003,1078.97,443.75,224.19,519.88,1,-1,-1,-1
346,2004,844.60,445.43,186.67,468.73,1,-1,-1,-1
346,2008,267.07,388.08,208.74,423.38,1,-1,-1,-1
347,2003,1077.79,442.72,224.48,515.06,1,-1,-1,-1
347,2004,844.76,445.74,186.43,467.18,1,-1,-1,-1
347,2008,271.84,385.68,209.10,425.25,1,-1,-1,-1
348,2003,1076.70,442.33,225.85,513.29,1,-1,-1,-1
348,2004,844.70,445.84,186.54,466.66,1,-1,-1,-1
348,2008,273.51,384.80,208.93,425.95,1,-1,-1,-1
349,2003,1075.62,446.77,222.40,504.13,1,-1,-1,-1
349,2004,844.00,445.65,186.10,465.54,1,-1,-1,-1
349,2008,281.70,383.58,209.22,426.55,1,-1,-1,-1
350,2003,1075.03,448.44,221.42,500.72,1,-1,-1,-1
351,2003,1074.64,449.05,221.35,499.51,1,-1,-1,-1
352,2003,1077.93,450.57,218.41,493.21,1,-1,-1,-1
353,2003,1079.18,451.11,217.26,490.91,1,-1,-1,-1
354,2003,1079.65,451.29,216.80,490.13,1,-1,-1,-1
355,2003,1076.69,450.02,212.37,478.74,1,-1,-1,-1
355,2004,912.80,452.49,195.27,492.82,1,-1,-1,-1
356,2003,1075.38,449.51,211.06,474.53,1,-1,-1,-1
356,2004,918.06,452.96,194.70,494.72,1,-1,-1,-1
357,2003,1074.73,449.31,210.90,473.07,1,-1,-1,-1
357,2004,920.19,453.12,193.91,495.39,1,-1,-1,-1
358,2003,1075.01,449.65,209.53,469.98,1,-1,-1,-1
358,2004,924.49,453.50,194.43,496.72,1,-1,-1,-1
358,2008,358.41,389.33,196.55,405.07,1,-1,-1,-1
359,2008,361.74,389.75,194.41,404.00,1,-1,-1,-1
360,2008,363.41,389.87,192.96,403.64,1,-1,-1,-1
361,2003,1072.24,443.90,220.48,498.95,1,-1,-1,-1
361,2004,928.70,456.69,188.30,485.28,1,-1,-1,-1
361,2008,365.12,381.38,197.07,408.13,1,-1,-1,-1
362,2003,1072.65,443.22,220.31,502.36,1,-1,-1,-1
362,2004,929.51,457.07,186.42,483.77,1,-1,-1,-1
362,2008,365.11,378.19,199.52,409.84,1,-1,-1,-1
363,2003,1073.21,442.98,219.41,503.58,1,-1,-1,-1
363,2004,930.12,457.20,185.18,483.27,1,-1,-1,-1
363,2008,364.49,377.02,201.22,410.51,1,-1,-1,-1
364,2003,1072.13,434.45,219.71,514.43,1,-1,-1,-1
364,2004,933.12,457.69,185.17,483.23,1,-1,-1,-1
364,2008,372.36,387.08,197.69,406.85,1,-1,-1,-1
365,2003,1072.86,431.23,217.56,518.52,1,-1,-1,-1
365,2008,375.56,390.93,195.52,405.46,1,-1,-1,-1
366,2003,1074.12,430.03,214.77,520.05,1,-1,-1,-1
366,2008,376.95,392.39,193.97,404.96,1,-1,-1,-1
367,2003,1069.91,428.30,210.13,515.39,1,-1,-1,-1
367,2004,938.21,454.64,183.87,490.03,1,-1,-1,-1
367,2008,394.24,405.37,188.36,392.34,1,-1,-1,-1
368,2003,1068.99,427.68,206.98,513.56,1,-1,-1,-1
368,2004,940.02,454.24,181.07,490.85,1,-1,-1,-1
368,2008,400.50,410.29,186.45,387.56,1,-1,-1,-1
369,2003,1069.28,427.49,204.56,512.83,1,-1,-1,-1
369,2004,941.38,454.11,178.65,491.14,1,-1,-1,-1
369,2008,402.53,412.06,185.96,385.85,1,-1,-1,-1
370,2003,1068.30,422.23,203.26,510.58,1,-1,-1,-1
370,2004,940.89,447.54,177.01,491.88,1,-1,-1,-1
370,2008,408.32,413.94,185.01,383.88,1,-1,-1,-1
371,2003,1068.06,420.27,202.55,509.70,1,-1,-1,-1
371,2004,941.08,445.05,175.49,492.15,1,-1,-1,-1
372,2003,1068.09,419.58,202.09,509.35,1,-1,-1,-1
372,2004,941.48,444.12,174.14,492.23,1,-1,-1,-1
373,2003,1067.24,425.24,205.01,507.91,1,-1,-1,-1
373,2004,947.53,446.40,168.90,475.94,1,-1,-1,-1
373,2009,121.00,448.00,188.00,372.00,1,-1,-1,-1
374,2003,1066.04,427.42,207.93,507.35,1,-1,-1,-1
374,2004,949.66,447.30,167.13,469.69,1,-1,-1,-1
374,2009,121.00,448.00,188.00,372.00,1,-1,-1,-1
375,2003,1064.79,428.28,210.66,507.14,1,-1,-1,-1
375,2004,950.29,447.65,166.71,467.40,1,-1,-1,-1
375,2009,121.00,448.00,188.00,372.00,1,-1,-1,-1
376,2003,1064.25,427.88,210.67,507.16,1,-1,-1,-1
376,2004,957.39,445.82,166.53,461.34,1,-1,-1,-1
376,2009,125.34,428.71,196.38,389.07,1,-1,-1,-1
377,2004,959.50,445.14,167.47,459.11,1,-1,-1,-1
377,2009,126.90,422.25,198.98,394.78,1,-1,-1,-1
378,2004,959.76,444.90,168.74,458.35,1,-1,-1,-1
378,2009,127.50,420.24,199.55,396.55,1,-1,-1,-1
379,2003,1063.70,440.10,212.98,508.78,1,-1,-1,-1
379,2004,958.85,444.82,173.07,471.26,1,-1,-1,-1
379,2009,128.59,441.74,190.91,375.01,1,-1,-1,-1
380,2003,1063.07,441.61,214.44,508.98,1,-1,-1,-1
380,2004,958.58,444.80,174.47,476.12,1,-1,-1,-1
380,2009,128.24,450.06,188.91,366.71,1,-1,-1,-1
381,2003,1062.49,442.12,215.65,509.04,1,-1,-1,-1
381,2004,958.50,444.81,174.81,477.99,1,-1,-1,-1
381,2009,127.36,453.00,189.62,363.79,1,-1,-1,-1
382,2003,1062.17,442.85,215.71,509.19,1,-1,-1,-1
382,2004,960.10,444.48,174.87,478.17,1,-1,-1,-1
382,2009,122.73,443.86,194.37,372.28,1,-1,-1,-1
383,2009,120.92,440.52,196.31,375.40,1,-1,-1,-1
384,2009,120.13,439.27,197.24,376.57,1,-1,-1,-1
385,2008,529.00,428.19,161.20,337.24,1,-1,-1,-1
385,2009,120.11,438.49,197.47,377.02,1,-1,-1,-1
386,2008,531.99,428.40,159.81,336.22,1,-1,-1,-1
387,2008,533.31,428.49,158.97,335.84,1,-1,-1,-1
388,2008,539.77,429.47,157.80,333.37,1,-1,-1,-1
391,2003,1049.98,436.50,231.18,536.97,1,-1,-1,-1
392,2003,1048.17,436.14,234.45,538.25,1,-1,-1,-1
393,2003,1046.96,436.01,236.74,538.70,1,-1,-1,-1
394,2003,1044.87,437.27,238.94,542.08,1,-1,-1,-1
394,2008,546.04,432.18,150.61,318.98,1,-1,-1,-1
395,2003,1043.94,437.75,240.06,543.31,1,-1,-1,-1
395,2008,546.10,432.28,150.00,318.24,1,-1,-1,-1
396,2003,1043.48,437.93,240.74,543.72,1,-1,-1,-1
396,2008,546.23,432.32,149.67,317.97,1,-1,-1,-1
397,2003,1046.93,436.05,237.66,535.37,1,-1,-1,-1
397,2008,549.45,432.94,148.69,315.88,1,-1,-1,-1
397,2010,133.00,412.00,142.00,370.00,1,-1,-1,-1
398,2003,1048.14,435.32,236.74,532.12,1,-1,-1,-1
398,2010,133.00,412.00,142.00,370.00,1,-1,-1,-1
399,2003,1048.47,435.06,236.65,530.88,1,-1,-1,-1
399,2010,133.00,412.00,142.00,370.00,1,-1,-1,-1
400,2003,1046.96,439.54,234.65,529.09,1,-1,-1,-1
400,2010,133.00,412.00,142.00,370.00,1,-1,-1,-1
401,2003,1046.70,441.24,233.30,528.40,1,-1,-1,-1
402,2003,1046.87,441.87,232.26,528.14,1,-1,-1,-1
403,2003,1047.74,438.83,228.97,518.24,1,-1,-1,-1
404,2003,1047.82,437.66,228.24,514.47,1,-1,-1,-1
405,2003,1047.62,437.22,228.47,513.10,1,-1,-1,-1
406,2003,1051.68,441.64,230.13,513.28,1,-1,-1,-1
406,2010,257.11,410.05,142.94,363.16,1,-1,-1,-1
407,2003,1052.80,443.31,231.60,513.38,1,-1,-1,-1
407,2010,261.71,409.95,146.09,362.82,1,-1,-1,-1
408,2003,1052.84,443.93,232.91,513.45,1,-1,-1,-1
408,2010,262.39,409.92,149.05,362.70,1,-1,-1,-1
409,2003,1047.30,437.60,237.29,520.06,1,-1,-1,-1
409,2010,274.38,409.73,148.78,362.05,1,-1,-1,-1
410,2003,1044.84,435.21,239.68,522.56,1,-1,-1,-1
411,2003,1043.57,434.30,241.25,523.52,1,-1,-1,-1
412,2003,1043.38,433.91,241.33,523.67,1,-1,-1,-1
412,2010,284.83,421.44,147.86,352.91,1,-1,-1,-1
413,2010,284.51,422.81,149.84,351.88,1,-1,-1,-1
414,2010,283.84,423.27,151.77,351.52,1,-1,-1,-1
415,2010,291.87,424.22,151.25,350.33,1,-1,-1,-1
421,2003,1027.00,433.86,243.11,511.53,1,-1,-1,-1
422,2003,1023.67,433.90,248.37,510.95,1,-1,-1,-1
423,2003,1021.30,433.91,252.61,510.75,1,-1,-1,-1
424,2003,1024.96,435.89,256.30,521.17,1,-1,-1,-1
425,2003,1026.69,436.63,257.01,525.10,1,-1,-1,-1
426,2003,1027.65,436.91,256.71,526.59,1,-1,-1,-1
427,2003,1027.43,437.05,257.10,527.38,1,-1,-1,-1
427,2010,395.42,417.39,147.79,327.19,1,-1,-1,-1
428,2010,395.90,417.09,152.09,326.54,1,-1,-1,-1
429,2010,395.27,416.99,155.41,326.30,1,-1,-1,-1
430,2010,402.36,420.24,153.40,324.93,1,-1,-1,-1
431,2010,405.05,421.47,152.09,324.47,1,-1,-1,-1
432,2010,406.06,421.93,151.14,324.35,1,-1,-1,-1
433,2003,974.58,458.57,230.90,489.91,1,-1,-1,-1
433,2010,412.31,422.25,150.55,323.10,1,-1,-1,-1
434,2003,973.70,460.05,223.53,487.22,1,-1,-1,-1
435,2003,974.79,460.55,218.29,486.33,1,-1,-1,-1
436,2003,1021.80,441.58,193.89,418.85,1,-1,-1,-1
436,2010,401.07,419.50,155.98,334.02,1,-1,-1,-1
436,2011,1244.00,296.00,463.00,704.00,1,-1,-1,-1
437,2003,1039.60,434.02,186.34,392.61,1,-1,-1,-1
437,2010,399.45,419.17,156.87,335.35,1,-1,-1,-1
437,2011,1244.00,296.00,463.00,704.00,1,-1,-1,-1
438,2003,1044.41,431.51,186.09,384.07,1,-1,-1,-1
438,2010,398.82,419.05,157.31,335.81,1,-1,-1,-1
438,2011,1244.00,296.00,463.00,704.00,1,-1,-1,-1
439,2003,1035.37,408.86,201.20,420.27,1,-1,-1,-1
439,2010,401.77,419.03,157.38,335.94,1,-1,-1,-1
439,2011,1244.00,296.00,463.00,704.00,1,-1,-1,-1
440,2003,1032.94,400.98,205.04,432.82,1,-1,-1,-1
441,2003,1032.43,398.08,205.55,437.94,1,-1,-1,-1
442,2003,1033.76,393.64,204.74,436.20,1,-1,-1,-1
442,2011,993.44,334.71,434.51,664.35,1,-1,-1,-1
443,2011,972.48,338.11,429.81,660.86,1,-1,-1,-1
444,2011,966.60,339.20,426.71,659.75,1,-1,-1,-1
445,2003,1196.47,403.79,187.75,396.68,1,-1,-1,-1
445,2011,888.05,373.97,419.20,631.75,1,-1,-1,-1
446,2003,1215.50,405.33,186.81,392.03,1,-1,-1,-1
446,2011,857.92,386.53,422.54,621.70,1,-1,-1,-1
447,2003,1221.36,405.75,187.15,390.49,1,-1,-1,-1
447,2011,845.63,390.68,429.76,618.42,1,-1,-1,-1
448,2003,1235.56,403.90,185.10,386.21,1,-1,-1,-1
448,2011,812.23,399.75,424.18,610.40,1,-1,-1,-1
454,2011,480.24,356.68,455.06,668.89,1,-1,-1,-1
455,2011,464.48,353.96,449.50,672.51,1,-1,-1,-1
456,2011,461.45,352.93,443.69,673.85,1,-1,-1,-1
457,2003,1346.18,424.90,166.66,360.62,1,-1,-1,-1
457,2011,390.18,358.36,438.18,664.59,1,-1,-1,-1
458,2003,1352.06,425.87,161.74,359.81,1,-1,-1,-1
458,2011,364.21,360.41,436.32,661.02,1,-1,-1,-1
459,2003,1355.10,426.19,158.12,359.52,1,-1,-1,-1
459,2011,355.55,361.16,435.86,659.66,1,-1,-1,-1
460,2003,1362.41,421.03,167.48,381.87,1,-1,-1,-1
460,2011,285.28,355.53,438.33,654.59,1,-1,-1,-1
461,2003,1365.10,419.12,170.70,390.13,1,-1,-1,-1
461,2011,258.49,353.37,442.15,652.67,1,-1,-1,-1
462,2003,1365.85,418.37,171.79,393.38,1,-1,-1,-1
462,2011,248.35,352.54,446.18,651.97,1,-1,-1,-1
463,2003,1374.92,418.24,172.03,393.94,1,-1,-1,-1
463,2011,190.72,346.34,449.23,651.08,1,-1,-1,-1
464,2011,169.15,343.99,452.28,650.76,1,-1,-1,-1
465,2011,161.36,343.12,455.13,650.67,1,-1,-1,-1
466,2011,110.52,355.23,452.34,640.20,1,-1,-1,-1
467,2011,91.33,359.85,453.58,636.25,1,-1,-1,-1
468,2011,84.17,361.57,456.19,634.82,1,-1,-1,-1
469,2003,1356.68,448.78,187.00,425.96,1,-1,-1,-1
469,2011,43.54,350.38,471.54,652.04,1,-1,-1,-1
470,2003,1354.28,450.93,188.71,428.16,1,-1,-1,-1
470,2011,28.22,346.18,478.93,658.50,1,-1,-1,-1
471,2003,1353.28,451.68,189.64,428.93,1,-1,-1,-1
471,2011,22.69,344.58,483.19,660.99,1,-1,-1,-1
472,2003,1356.63,453.60,190.68,431.29,1,-1,-1,-1
472,2011,-5.02,343.94,483.75,661.76,1,-1,-1,-1
478,2003,1466.06,421.30,190.89,437.59,1,-1,-1,-1
479,2003,1474.46,418.73,189.03,437.76,1,-1,-1,-1
480,2003,1477.81,417.87,187.57,437.85,1,-1,-1,-1
481,2003,1486.33,416.77,188.25,439.42,1,-1,-1,-1
484,2012,828.00,427.00,147.00,289.00,1,-1,-1,-1
485,2012,828.00,427.00,147.00,289.00,1,-1,-1,-1
486,2012,828.00,427.00,147.00,289.00,1,-1,-1,-1
487,2012,828.00,427.00,147.00,289.00,1,-1,-1,-1
493,2012,807.63,418.21,156.48,309.52,1,-1,-1,-1
494,2012,806.99,417.75,156.13,310.58,1,-1,-1,-1
495,2012,807.03,417.60,155.50,310.94,1,-1,-1,-1
496,2012,805.02,416.74,156.49,312.93,1,-1,-1,-1
499,2003,1286.17,382.20,305.83,627.83,1,-1,-1,-1
500,2003,1269.02,381.39,331.18,632.61,1,-1,-1,-1
501,2003,1259.08,381.14,347.81,634.20,1,-1,-1,-1
502,2003,1251.89,379.49,352.42,642.55,1,-1,-1,-1
505,2013,1614.00,441.00,204.00,486.00,1,-1,-1,-1
506,2013,1614.00,441.00,204.00,486.00,1,-1,-1,-1
507,2013,1614.00,441.00,204.00,486.00,1,-1,-1,-1
508,2013,1614.00,441.00,204.00,486.00,1,-1,-1,-1
523,2003,1359.31,399.14,337.98,610.28,1,-1,-1,-1
524,2003,1362.55,399.95,338.13,607.69,1,-1,-1,-1
525,2003,1363.33,400.20,338.79,607.03,1,-1,-1,-1
526,2003,1366.83,400.81,338.47,606.41,1,-1,-1,-1
