1,9326,85.58,129.15,83.36,216.01,1,-1,-1,-1
1,9347,319.82,109.46,75.28,227.49,1,-1,-1,-1
1,9352,164.30,159.85,57.06,177.54,1,-1,-1,-1
1,9365,373.09,107.11,97.98,286.48,1,-1,-1,-1
1,9368,288.00,192.00,40.00,112.00,1,-1,-1,-1
1,9369,249.00,188.00,58.00,127.00,1,-1,-1,-1
1,9370,59.00,203.00,43.00,131.00,1,-1,-1,-1
2,9368,291.35,191.14,39.30,110.29,1,-1,-1,-1
2,9369,249.31,188.00,54.80,120.14,1,-1,-1,-1
2,9370,59.99,204.71,42.73,130.14,1,-1,-1,-1
2,9371,176.00,195.00,22.00,115.00,1,-1,-1,-1
3,9354,169.12,200.26,35.55,107.48,1,-1,-1,-1
3,9368,291.39,192.51,38.71,109.24,1,-1,-1,-1
3,9369,252.96,194.91,50.14,109.79,1,-1,-1,-1
3,9370,61.52,211.77,39.96,121.72,1,-1,-1,-1
3,9372,39.00,203.00,46.00,134.00,1,-1,-1,-1
4,9354,170.41,200.60,34.34,107.53,1,-1,-1,-1
4,9368,292.46,191.47,39.32,111.92,1,-1,-1,-1
4,9369,254.27,195.50,49.17,107.45,1,-1,-1,-1
4,9370,42.63,204.09,43.24,132.01,1,-1,-1,-1
5,9354,169.10,197.46,34.44,112.19,1,-1,-1,-1
5,9368,292.97,191.41,39.48,112.37,1,-1,-1,-1
5,9369,254.13,194.82,49.16,107.70,1,-1,-1,-1
5,9370,37.00,203.39,43.66,133.30,1,-1,-1,-1
6,9354,168.88,196.31,33.90,113.86,1,-1,-1,-1
6,9369,254.08,194.53,49.12,107.93,1,-1,-1,-1
7,9354,168.88,195.81,33.25,114.53,1,-1,-1,-1
7,9369,254.08,194.38,49.06,108.12,1,-1,-1,-1
8,9354,168.96,195.58,32.64,114.79,1,-1,-1,-1
8,9369,254.10,194.30,48.97,108.27,1,-1,-1,-1
9,9354,170.97,196.35,32.61,114.69,1,-1,-1,-1
9,9368,309.25,197.64,38.04,109.27,1,-1,-1,-1
9,9369,260.52,194.93,49.07,109.07,1,-1,-1,-1
9,9373,221.00,211.00,20.00,80.00,1,-1,-1,-1
9,9374,372.00,216.00,22.00,63.00,1,-1,-1,-1
10,9368,309.52,196.69,37.71,109.02,1,-1,-1,-1
10,9369,263.50,194.46,48.48,108.73,1,-1,-1,-1
10,9373,219.29,210.14,20.00,80.00,1,-1,-1,-1
10,9374,372.11,213.43,22.64,64.71,1,-1,-1,-1
11,9368,310.69,195.73,37.54,108.95,1,-1,-1,-1
11,9369,264.23,190.24,50.91,115.36,1,-1,-1,-1
11,9373,218.61,212.25,19.28,77.00,1,-1,-1,-1
11,9374,371.26,212.26,23.00,65.74,1,-1,-1,-1
12,9368,310.45,194.03,40.67,118.93,1,-1,-1,-1
12,9369,265.44,190.66,51.83,119.73,1,-1,-1,-1
12,9373,218.20,212.86,19.03,75.99,1,-1,-1,-1
12,9374,370.99,211.58,23.19,66.27,1,-1,-1,-1
13,9368,310.45,193.41,41.61,122.55,1,-1,-1,-1
13,9369,266.16,190.83,51.59,121.41,1,-1,-1,-1
14,9368,310.47,193.16,41.81,123.95,1,-1,-1,-1
14,9369,266.66,190.90,50.94,122.04,1,-1,-1,-1
15,9368,310.49,193.06,41.72,124.45,1,-1,-1,-1
15,9369,267.06,190.93,50.17,122.26,1,-1,-1,-1
16,9368,310.52,193.02,41.54,124.59,1,-1,-1,-1
16,9369,267.42,190.95,49.39,122.32,1,-1,-1,-1
17,9354,119.79,207.78,37.85,125.51,1,-1,-1,-1
17,9368,313.99,190.41,41.60,125.26,1,-1,-1,-1
17,9369,268.31,190.87,49.64,122.92,1,-1,-1,-1
18,9347,109.05,174.74,50.18,156.29,1,-1,-1,-1
18,9354,117.29,208.91,38.06,126.20,1,-1,-1,-1
18,9368,316.16,192.66,39.22,118.99,1,-1,-1,-1
18,9374,371.20,215.77,23.51,67.07,1,-1,-1,-1
19,9347,101.36,165.93,54.75,175.41,1,-1,-1,-1
19,9368,316.54,191.55,39.72,121.80,1,-1,-1,-1
19,9374,371.83,216.00,23.02,64.98,1,-1,-1,-1
20,9347,98.86,164.58,54.68,178.77,1,-1,-1,-1
20,9368,316.78,191.15,39.67,122.82,1,-1,-1,-1
20,9374,371.96,216.08,23.00,64.32,1,-1,-1,-1
21,9347,98.60,163.97,54.26,180.12,1,-1,-1,-1
21,9368,316.93,191.00,39.44,123.18,1,-1,-1,-1
21,9374,371.94,216.10,23.11,64.08,1,-1,-1,-1
22,9347,99.08,163.68,53.78,180.65,1,-1,-1,-1
22,9368,317.05,190.95,39.16,123.30,1,-1,-1,-1
22,9374,371.88,216.10,23.26,63.99,1,-1,-1,-1
23,9347,99.70,163.53,53.32,180.85,1,-1,-1,-1
23,9368,317.14,190.94,38.88,123.32,1,-1,-1,-1
23,9374,371.81,216.09,23.41,63.97,1,-1,-1,-1
24,9347,100.30,163.44,52.93,180.93,1,-1,-1,-1
24,9368,317.22,190.93,38.61,123.31,1,-1,-1,-1
24,9374,371.74,216.08,23.55,63.96,1,-1,-1,-1
25,9347,95.08,164.11,52.91,180.90,1,-1,-1,-1
25,9368,319.13,191.59,37.30,120.03,1,-1,-1,-1
25,9373,177.53,199.09,26.20,106.82,1,-1,-1,-1
25,9374,371.78,216.22,23.52,63.88,1,-1,-1,-1
25,9375,32.00,164.00,88.00,183.00,1,-1,-1,-1
26,9368,321.43,190.53,36.89,120.73,1,-1,-1,-1
26,9373,173.44,199.28,26.30,106.55,1,-1,-1,-1
26,9375,21.08,149.43,102.12,213.00,1,-1,-1,-1
27,9347,45.02,149.89,65.35,212.18,1,-1,-1,-1
27,9368,322.42,190.14,36.41,120.98,1,-1,-1,-1
27,9373,171.75,199.44,26.36,106.24,1,-1,-1,-1
28,9347,18.23,142.00,70.43,224.64,1,-1,-1,-1
28,9368,322.20,188.03,36.71,123.03,1,-1,-1,-1
28,9373,169.00,198.73,26.78,107.90,1,-1,-1,-1
29,9347,7.72,138.96,72.98,229.40,1,-1,-1,-1
29,9368,322.18,187.24,36.66,123.80,1,-1,-1,-1
30,9347,3.64,137.80,74.45,231.17,1,-1,-1,-1
30,9368,322.21,186.95,36.48,124.08,1,-1,-1,-1
31,9347,2.16,137.39,75.41,231.74,1,-1,-1,-1
31,9368,322.27,186.85,36.27,124.17,1,-1,-1,-1
32,9347,1.68,137.27,76.12,231.86,1,-1,-1,-1
32,9368,322.33,186.83,36.07,124.20,1,-1,-1,-1
33,9347,-6.83,135.96,77.16,235.05,1,-1,-1,-1
33,9368,322.14,187.48,36.39,125.49,1,-1,-1,-1
33,9369,269.24,185.08,50.04,129.06,1,-1,-1,-1
33,9373,146.55,195.91,29.76,116.02,1,-1,-1,-1
34,9368,322.07,187.74,36.48,125.98,1,-1,-1,-1
34,9369,269.83,184.93,48.66,129.15,1,-1,-1,-1
34,9373,144.49,195.75,30.65,116.55,1,-1,-1,-1
35,9368,322.04,187.84,36.48,126.15,1,-1,-1,-1
35,9369,270.32,184.88,47.63,129.19,1,-1,-1,-1
35,9373,143.56,195.68,31.31,116.76,1,-1,-1,-1
36,9368,322.02,187.89,36.45,126.20,1,-1,-1,-1
36,9369,270.71,184.86,46.83,129.20,1,-1,-1,-1
36,9373,143.15,195.67,31.81,116.80,1,-1,-1,-1
37,9368,322.02,187.91,36.42,126.20,1,-1,-1,-1
37,9369,271.01,184.87,46.19,129.18,1,-1,-1,-1
37,9373,142.97,195.69,32.21,116.77,1,-1,-1,-1
38,9368,322.01,187.92,36.38,126.19,1,-1,-1,-1
38,9369,271.26,184.88,45.67,129.17,1,-1,-1,-1
38,9373,142.89,195.71,32.54,116.72,1,-1,-1,-1
39,9368,322.01,187.93,36.35,126.18,1,-1,-1,-1
39,9369,271.47,184.89,45.23,129.15,1,-1,-1,-1
39,9373,142.86,195.73,32.82,116.66,1,-1,-1,-1
40,9368,322.01,187.94,36.31,126.16,1,-1,-1,-1
40,9369,271.65,184.90,44.86,129.14,1,-1,-1,-1
40,9373,142.84,195.76,33.06,116.60,1,-1,-1,-1
41,9368,317.89,193.16,35.40,120.93,1,-1,-1,-1
41,9369,269.89,188.18,43.79,124.55,1,-1,-1,-1
41,9373,140.90,195.37,33.33,117.57,1,-1,-1,-1
42,9368,316.15,195.17,35.33,118.91,1,-1,-1,-1
42,9369,269.09,189.44,43.62,122.78,1,-1,-1,-1
43,9368,315.38,195.90,35.58,118.18,1,-1,-1,-1
43,9369,268.69,189.90,43.77,122.14,1,-1,-1,-1
44,9368,314.98,196.15,35.93,117.91,1,-1,-1,-1
44,9369,268.45,190.06,44.03,121.91,1,-1,-1,-1
45,9368,314.72,196.23,36.29,117.83,1,-1,-1,-1
45,9369,268.28,190.11,44.30,121.84,1,-1,-1,-1
46,9368,314.53,196.24,36.63,117.81,1,-1,-1,-1
46,9369,268.14,190.12,44.56,121.82,1,-1,-1,-1
47,9368,314.38,196.23,36.94,117.82,1,-1,-1,-1
47,9369,268.02,190.12,44.80,121.83,1,-1,-1,-1
48,9368,314.24,196.21,37.23,117.83,1,-1,-1,-1
48,9369,267.92,190.11,45.01,121.84,1,-1,-1,-1
49,9368,315.44,194.23,37.48,118.50,1,-1,-1,-1
49,9369,269.31,187.48,44.87,124.48,1,-1,-1,-1
49,9376,158.00,161.00,38.00,127.00,1,-1,-1,-1
50,9368,315.89,193.47,37.60,118.76,1,-1,-1,-1
50,9369,270.13,186.49,44.21,125.47,1,-1,-1,-1
50,9376,158.00,161.00,38.00,127.00,1,-1,-1,-1
51,9368,316.05,193.18,37.66,118.86,1,-1,-1,-1
51,9369,270.71,186.12,43.44,125.85,1,-1,-1,-1
51,9376,158.00,161.00,38.00,127.00,1,-1,-1,-1
52,9368,316.10,193.07,37.71,118.91,1,-1,-1,-1
52,9369,271.17,185.98,42.66,125.99,1,-1,-1,-1
52,9376,158.00,161.00,38.00,127.00,1,-1,-1,-1
53,9368,316.12,193.03,37.74,118.93,1,-1,-1,-1
53,9369,271.55,185.93,41.94,126.04,1,-1,-1,-1
53,9376,158.00,161.00,38.00,127.00,1,-1,-1,-1
54,9368,316.11,193.01,37.76,118.94,1,-1,-1,-1
54,9369,271.89,185.92,41.28,126.06,1,-1,-1,-1
54,9376,158.00,161.00,38.00,127.00,1,-1,-1,-1
55,9368,316.11,193.00,37.79,118.95,1,-1,-1,-1
55,9369,272.19,185.92,40.68,126.06,1,-1,-1,-1
55,9376,158.00,161.00,38.00,127.00,1,-1,-1,-1
56,9368,316.10,193.00,37.81,118.95,1,-1,-1,-1
56,9369,272.46,185.92,40.13,126.06,1,-1,-1,-1
56,9376,158.00,161.00,38.00,127.00,1,-1,-1,-1
57,9368,313.10,190.39,38.57,119.61,1,-1,-1,-1
57,9369,281.55,191.15,37.61,115.61,1,-1,-1,-1
57,9376,158.00,161.00,38.00,127.00,1,-1,-1,-1
58,9368,311.82,189.40,39.16,119.86,1,-1,-1,-1
58,9369,284.90,193.19,36.99,111.55,1,-1,-1,-1
59,9368,310.58,188.38,40.91,125.83,1,-1,-1,-1
59,9369,285.42,191.22,39.41,117.50,1,-1,-1,-1
59,9377,3.00,78.00,117.00,350.00,1,-1,-1,-1
60,9368,311.37,188.65,41.63,128.70,1,-1,-1,-1
60,9369,282.59,190.52,41.10,123.51,1,-1,-1,-1
60,9377,-10.05,54.86,128.52,386.86,1,-1,-1,-1
61,9347,-13.85,33.60,128.31,427.07,1,-1,-1,-1
61,9368,313.38,190.69,41.10,126.59,1,-1,-1,-1
61,9369,281.91,193.46,40.24,118.76,1,-1,-1,-1
62,9347,-14.00,29.88,130.39,434.02,1,-1,-1,-1
62,9368,313.98,188.24,42.58,132.25,1,-1,-1,-1
62,9369,281.89,189.99,42.61,124.12,1,-1,-1,-1
63,9368,313.76,184.78,44.02,136.26,1,-1,-1,-1
63,9369,281.72,188.09,44.45,128.01,1,-1,-1,-1
63,9378,387.00,206.00,41.00,84.00,1,-1,-1,-1
64,9368,314.34,185.35,43.23,133.33,1,-1,-1,-1
64,9369,281.68,186.06,45.05,128.22,1,-1,-1,-1
65,9368,314.54,186.91,42.97,132.77,1,-1,-1,-1
65,9369,283.01,186.57,44.49,126.33,1,-1,-1,-1
66,9368,316.67,188.81,42.02,129.93,1,-1,-1,-1
66,9369,283.86,187.43,44.22,124.93,1,-1,-1,-1
66,9376,130.76,214.47,18.61,59.93,1,-1,-1,-1
67,9368,318.98,189.54,41.26,127.52,1,-1,-1,-1
67,9369,284.47,187.31,44.30,125.14,1,-1,-1,-1
67,9376,127.60,214.49,18.90,59.44,1,-1,-1,-1
68,9368,319.84,189.82,40.98,126.59,1,-1,-1,-1
68,9376,126.80,215.00,19.03,58.75,1,-1,-1,-1
69,9368,320.14,189.93,40.89,126.24,1,-1,-1,-1
69,9376,126.54,215.00,19.32,58.72,1,-1,-1,-1
70,9368,320.24,189.97,40.86,126.10,1,-1,-1,-1
70,9376,126.46,214.88,19.62,58.87,1,-1,-1,-1
71,9368,320.26,189.99,40.86,126.05,1,-1,-1,-1
71,9376,126.42,214.75,19.89,59.04,1,-1,-1,-1
72,9368,320.25,189.99,40.87,126.03,1,-1,-1,-1
72,9376,126.39,214.64,20.13,59.18,1,-1,-1,-1
73,9368,327.08,186.07,43.52,136.48,1,-1,-1,-1
73,9369,288.28,189.78,45.38,125.09,1,-1,-1,-1
73,9376,128.40,217.95,18.97,54.53,1,-1,-1,-1
74,9368,332.00,192.87,40.35,127.03,1,-1,-1,-1
74,9369,288.79,193.40,45.52,123.00,1,-1,-1,-1
74,9376,128.50,218.41,18.57,52.91,1,-1,-1,-1
75,9368,333.99,195.69,38.95,123.06,1,-1,-1,-1
75,9369,288.75,194.59,46.00,122.32,1,-1,-1,-1
75,9376,128.50,218.52,18.54,52.41,1,-1,-1,-1
76,9368,334.72,196.72,38.37,121.61,1,-1,-1,-1
76,9369,288.55,195.02,46.51,122.07,1,-1,-1,-1
76,9376,128.47,218.52,18.62,52.29,1,-1,-1,-1
77,9368,334.99,197.08,38.09,121.08,1,-1,-1,-1
77,9369,288.31,195.16,46.99,121.98,1,-1,-1,-1
77,9376,128.43,218.48,18.73,52.31,1,-1,-1,-1
78,9368,335.08,197.20,37.93,120.90,1,-1,-1,-1
78,9369,288.08,195.20,47.42,121.95,1,-1,-1,-1
78,9376,128.40,218.43,18.85,52.36,1,-1,-1,-1
79,9368,335.11,197.23,37.82,120.84,1,-1,-1,-1
79,9369,287.86,195.21,47.80,121.94,1,-1,-1,-1
79,9376,128.36,218.38,18.96,52.42,1,-1,-1,-1
80,9368,335.11,197.22,37.73,120.83,1,-1,-1,-1
80,9369,287.67,195.19,48.13,121.94,1,-1,-1,-1
80,9376,128.33,218.34,19.07,52.48,1,-1,-1,-1
81,9347,398.56,197.94,37.08,114.58,1,-1,-1,-1
81,9368,335.93,197.61,37.64,120.53,1,-1,-1,-1
81,9369,293.73,189.29,51.68,131.10,1,-1,-1,-1
81,9376,128.66,218.31,19.76,53.87,1,-1,-1,-1
82,9347,409.67,202.07,34.02,101.99,1,-1,-1,-1
82,9368,352.52,198.00,35.36,112.32,1,-1,-1,-1
82,9369,296.34,190.92,50.33,126.86,1,-1,-1,-1
82,9376,129.77,217.62,20.02,53.74,1,-1,-1,-1
83,9347,411.61,202.89,34.05,100.25,1,-1,-1,-1
83,9368,356.32,198.12,35.00,110.40,1,-1,-1,-1
83,9369,297.27,191.60,49.92,125.10,1,-1,-1,-1
83,9376,130.11,217.35,20.29,53.72,1,-1,-1,-1
84,9347,411.09,202.77,34.53,100.45,1,-1,-1,-1
84,9368,357.52,198.16,35.01,109.77,1,-1,-1,-1
84,9369,297.51,191.85,49.90,124.43,1,-1,-1,-1
84,9376,130.16,217.23,20.54,53.73,1,-1,-1,-1
85,9347,410.41,202.58,34.97,100.83,1,-1,-1,-1
85,9368,357.83,198.16,35.13,109.56,1,-1,-1,-1
85,9369,297.50,191.95,50.03,124.18,1,-1,-1,-1
85,9376,130.11,217.17,20.77,53.75,1,-1,-1,-1
86,9347,409.91,202.44,35.30,101.11,1,-1,-1,-1
86,9368,357.83,198.15,35.29,109.52,1,-1,-1,-1
86,9369,297.41,191.98,50.19,124.08,1,-1,-1,-1
86,9376,130.03,217.15,20.99,53.77,1,-1,-1,-1
87,9347,409.56,202.35,35.55,101.30,1,-1,-1,-1
87,9368,357.71,198.14,35.45,109.54,1,-1,-1,-1
87,9369,297.30,192.00,50.35,124.04,1,-1,-1,-1
87,9376,129.94,217.13,21.18,53.79,1,-1,-1,-1
88,9347,409.30,202.28,35.75,101.43,1,-1,-1,-1
88,9368,357.56,198.13,35.59,109.57,1,-1,-1,-1
88,9369,297.18,192.00,50.51,124.02,1,-1,-1,-1
88,9376,129.85,217.11,21.35,53.81,1,-1,-1,-1
89,9347,411.03,198.12,38.23,109.07,1,-1,-1,-1
89,9368,359.27,186.93,41.89,130.00,1,-1,-1,-1
89,9369,296.54,188.08,53.66,131.86,1,-1,-1,-1
89,9376,125.45,217.76,21.63,54.48,1,-1,-1,-1
89,9379,177.00,225.00,21.00,56.00,1,-1,-1,-1
89,9380,221.00,219.00,21.00,70.00,1,-1,-1,-1
90,9347,411.69,196.63,39.00,111.80,1,-1,-1,-1
90,9368,360.03,182.94,43.91,137.29,1,-1,-1,-1
90,9369,296.31,186.63,54.81,134.77,1,-1,-1,-1
90,9376,123.79,217.99,21.75,54.74,1,-1,-1,-1
90,9379,177.00,225.00,21.00,56.00,1,-1,-1,-1
90,9380,221.00,219.00,21.00,70.00,1,-1,-1,-1
91,9347,411.92,196.07,39.21,112.84,1,-1,-1,-1
91,9368,360.36,181.30,44.58,140.29,1,-1,-1,-1
91,9369,296.21,186.07,55.24,135.89,1,-1,-1,-1
91,9376,123.17,218.08,21.81,54.85,1,-1,-1,-1
91,9379,177.00,225.00,21.00,56.00,1,-1,-1,-1
91,9380,221.00,219.00,21.00,70.00,1,-1,-1,-1
92,9347,412.00,195.87,39.20,113.21,1,-1,-1,-1
92,9368,360.52,180.68,44.67,141.44,1,-1,-1,-1
92,9369,296.16,185.86,55.38,136.29,1,-1,-1,-1
92,9376,122.94,218.10,21.84,54.90,1,-1,-1,-1
92,9379,177.00,225.00,21.00,56.00,1,-1,-1,-1
92,9380,221.00,219.00,21.00,70.00,1,-1,-1,-1
93,9347,412.03,195.81,39.12,113.32,1,-1,-1,-1
93,9368,360.61,180.47,44.55,141.82,1,-1,-1,-1
93,9369,296.13,185.80,55.40,136.42,1,-1,-1,-1
93,9376,122.86,218.10,21.86,54.92,1,-1,-1,-1
93,9379,177.00,225.00,21.00,56.00,1,-1,-1,-1
93,9380,221.00,219.00,21.00,70.00,1,-1,-1,-1
94,9347,412.03,195.80,39.02,113.34,1,-1,-1,-1
94,9368,360.66,180.43,44.36,141.92,1,-1,-1,-1
94,9369,296.11,185.79,55.39,136.44,1,-1,-1,-1
94,9376,122.85,218.10,21.88,54.93,1,-1,-1,-1
94,9379,177.00,225.00,21.00,56.00,1,-1,-1,-1
94,9380,221.00,219.00,21.00,70.00,1,-1,-1,-1
95,9347,412.03,195.81,38.92,113.32,1,-1,-1,-1
95,9368,360.71,180.44,44.15,141.91,1,-1,-1,-1
95,9369,296.10,185.80,55.36,136.42,1,-1,-1,-1
95,9376,122.85,218.09,21.89,54.94,1,-1,-1,-1
95,9379,177.00,225.00,21.00,56.00,1,-1,-1,-1
95,9380,221.00,219.00,21.00,70.00,1,-1,-1,-1
96,9347,412.03,195.83,38.83,113.30,1,-1,-1,-1
96,9368,360.75,180.47,43.96,141.86,1,-1,-1,-1
96,9369,296.09,185.81,55.33,136.39,1,-1,-1,-1
96,9376,122.86,218.08,21.90,54.94,1,-1,-1,-1
96,9379,177.00,225.00,21.00,56.00,1,-1,-1,-1
96,9380,221.00,219.00,21.00,70.00,1,-1,-1,-1
97,9347,412.66,195.55,39.00,113.78,1,-1,-1,-1
97,9368,365.91,178.58,43.19,139.21,1,-1,-1,-1
97,9369,304.05,179.33,55.62,137.01,1,-1,-1,-1
97,9376,121.26,212.20,21.22,52.34,1,-1,-1,-1
97,9379,177.00,225.00,21.00,56.00,1,-1,-1,-1
97,9380,221.00,219.00,21.00,70.00,1,-1,-1,-1
98,9368,367.40,177.22,43.17,138.79,1,-1,-1,-1
98,9369,307.46,177.52,54.91,135.93,1,-1,-1,-1
98,9376,118.70,209.27,21.54,53.34,1,-1,-1,-1
98,9381,247.00,210.00,21.00,73.00,1,-1,-1,-1
99,9368,367.89,176.74,43.22,138.61,1,-1,-1,-1
99,9369,308.81,176.86,54.50,135.49,1,-1,-1,-1
99,9376,117.81,208.22,21.61,53.70,1,-1,-1,-1
99,9380,242.99,211.27,21.70,72.58,1,-1,-1,-1
100,9368,369.52,182.43,41.56,132.01,1,-1,-1,-1
100,9369,309.03,177.29,53.53,133.36,1,-1,-1,-1
100,9376,119.95,205.88,22.60,56.46,1,-1,-1,-1
100,9380,245.55,210.36,21.79,72.88,1,-1,-1,-1
101,9368,369.99,184.68,41.11,129.42,1,-1,-1,-1
101,9369,309.10,177.49,53.11,132.53,1,-1,-1,-1
101,9376,120.80,205.02,22.90,57.49,1,-1,-1,-1
102,9368,370.04,185.51,41.12,128.46,1,-1,-1,-1
102,9369,309.12,177.58,52.89,132.21,1,-1,-1,-1
102,9376,121.17,204.71,22.95,57.89,1,-1,-1,-1
103,9368,369.93,185.83,41.30,128.11,1,-1,-1,-1
103,9369,309.12,177.64,52.77,132.09,1,-1,-1,-1
103,9376,121.35,204.62,22.92,58.04,1,-1,-1,-1
104,9368,369.78,185.94,41.52,127.98,1,-1,-1,-1
104,9369,309.11,177.68,52.68,132.04,1,-1,-1,-1
104,9376,121.45,204.61,22.85,58.09,1,-1,-1,-1
105,9368,365.62,180.08,43.84,133.84,1,-1,-1,-1
105,9369,309.83,177.18,52.69,132.07,1,-1,-1,-1
105,9376,121.27,203.93,22.93,58.29,1,-1,-1,-1
106,9368,363.94,177.90,44.95,136.03,1,-1,-1,-1
107,9368,363.16,177.07,45.58,136.86,1,-1,-1,-1
108,9368,362.76,176.78,46.00,137.16,1,-1,-1,-1
109,9368,362.52,176.69,46.33,137.26,1,-1,-1,-1
110,9368,362.35,176.67,46.60,137.28,1,-1,-1,-1
111,9368,362.21,176.69,46.83,137.27,1,-1,-1,-1
112,9368,362.09,176.71,47.04,137.25,1,-1,-1,-1
113,9368,357.43,176.08,46.56,136.58,1,-1,-1,-1
113,9369,298.09,175.88,54.34,139.66,1,-1,-1,-1
113,9382,137.00,185.00,45.00,119.00,1,-1,-1,-1
113,9383,73.00,203.00,37.00,97.00,1,-1,-1,-1
113,9384,243.00,200.00,31.00,96.00,1,-1,-1,-1
113,9385,504.00,189.00,55.00,122.00,1,-1,-1,-1
114,9368,355.92,177.17,45.20,132.39,1,-1,-1,-1
114,9369,298.34,179.22,51.91,134.67,1,-1,-1,-1
114,9382,136.06,185.00,44.31,117.29,1,-1,-1,-1
114,9383,68.75,195.29,39.50,103.86,1,-1,-1,-1
114,9384,242.25,200.00,29.94,92.57,1,-1,-1,-1
114,9386,192.00,199.00,30.00,101.00,1,-1,-1,-1
115,9368,353.72,175.62,45.97,136.06,1,-1,-1,-1
115,9369,297.71,179.06,52.50,138.23,1,-1,-1,-1
115,9382,133.78,185.76,44.67,117.76,1,-1,-1,-1
115,9383,64.88,192.54,40.41,106.46,1,-1,-1,-1
115,9384,241.37,199.24,30.50,94.29,1,-1,-1,-1
115,9387,167.00,198.00,39.00,106.00,1,-1,-1,-1
116,9368,352.21,177.65,46.37,138.71,1,-1,-1,-1
116,9369,297.77,180.94,52.14,138.86,1,-1,-1,-1
116,9382,132.63,185.26,45.62,120.16,1,-1,-1,-1
116,9383,60.68,192.39,41.38,109.47,1,-1,-1,-1
116,9384,240.09,199.73,31.23,96.35,1,-1,-1,-1
117,9368,351.79,178.44,46.25,139.71,1,-1,-1,-1
117,9369,297.94,181.67,51.73,139.10,1,-1,-1,-1
117,9382,132.27,185.08,45.98,120.96,1,-1,-1,-1
117,9383,59.38,192.43,41.53,110.43,1,-1,-1,-1
117,9384,239.65,199.92,31.52,97.04,1,-1,-1,-1
118,9368,351.77,178.75,45.96,140.08,1,-1,-1,-1
118,9369,298.14,181.94,51.34,139.17,1,-1,-1,-1
118,9382,132.17,185.02,46.12,121.21,1,-1,-1,-1
118,9383,59.11,192.52,41.40,110.68,1,-1,-1,-1
118,9384,239.50,199.98,31.67,97.24,1,-1,-1,-1
119,9368,351.90,178.88,45.62,140.21,1,-1,-1,-1
119,9369,298.33,182.04,50.98,139.19,1,-1,-1,-1
119,9382,132.16,184.99,46.20,121.26,1,-1,-1,-1
119,9383,59.20,192.60,41.15,110.68,1,-1,-1,-1
119,9384,239.45,200.01,31.76,97.27,1,-1,-1,-1
120,9368,352.06,178.93,45.29,140.24,1,-1,-1,-1
120,9369,298.50,182.07,50.67,139.18,1,-1,-1,-1
120,9382,132.16,184.99,46.25,121.25,1,-1,-1,-1
120,9383,59.40,192.66,40.88,110.62,1,-1,-1,-1
120,9384,239.42,200.01,31.84,97.26,1,-1,-1,-1
121,9347,221.01,196.94,38.24,119.05,1,-1,-1,-1
121,9368,343.75,182.86,44.38,136.98,1,-1,-1,-1
121,9369,291.28,182.73,50.81,139.17,1,-1,-1,-1
121,9382,139.63,205.23,42.16,112.46,1,-1,-1,-1
121,9383,58.08,192.12,41.26,111.66,1,-1,-1,-1
121,9384,239.08,200.04,31.99,97.71,1,-1,-1,-1
121,9388,14.00,188.00,45.00,139.00,1,-1,-1,-1
121,9389,92.00,187.00,49.00,141.00,1,-1,-1,-1
122,9347,211.61,196.30,37.61,121.18,1,-1,-1,-1
122,9368,335.59,184.36,43.52,135.06,1,-1,-1,-1
122,9369,281.62,182.32,51.04,139.16,1,-1,-1,-1
122,9382,140.26,208.05,41.84,111.61,1,-1,-1,-1
122,9389,81.55,181.00,51.04,147.00,1,-1,-1,-1
122,9390,493.00,176.00,33.00,153.00,1,-1,-1,-1
123,9347,203.81,196.28,37.73,121.56,1,-1,-1,-1
123,9368,333.72,184.75,43.50,134.99,1,-1,-1,-1
123,9369,279.93,182.47,51.13,139.41,1,-1,-1,-1
123,9382,114.22,208.56,43.87,119.01,1,-1,-1,-1
123,9389,65.91,171.15,54.83,157.59,1,-1,-1,-1
124,9347,192.17,196.83,37.14,121.21,1,-1,-1,-1
124,9368,316.89,185.03,43.12,133.44,1,-1,-1,-1
124,9369,261.64,179.07,52.38,143.76,1,-1,-1,-1
124,9382,111.38,211.09,43.94,119.21,1,-1,-1,-1
124,9389,59.66,167.26,56.27,161.72,1,-1,-1,-1
125,9347,188.84,196.96,36.78,121.17,1,-1,-1,-1
125,9368,312.85,185.13,43.11,133.08,1,-1,-1,-1
125,9369,257.39,178.31,52.45,144.78,1,-1,-1,-1
126,9347,187.84,197.00,36.51,121.15,1,-1,-1,-1
126,9368,311.43,185.17,43.16,132.95,1,-1,-1,-1
126,9369,255.97,178.04,52.31,145.15,1,-1,-1,-1
127,9347,187.75,197.02,36.30,121.14,1,-1,-1,-1
127,9368,310.97,185.17,43.23,132.91,1,-1,-1,-1
127,9369,255.58,177.94,52.12,145.27,1,-1,-1,-1
128,9347,188.00,197.02,36.13,121.12,1,-1,-1,-1
128,9368,310.87,185.16,43.30,132.90,1,-1,-1,-1
128,9369,255.59,177.91,51.93,145.30,1,-1,-1,-1
129,9347,183.63,192.44,38.20,129.62,1,-1,-1,-1
129,9368,308.04,179.91,45.17,140.76,1,-1,-1,-1
129,9369,254.08,177.90,51.15,143.99,1,-1,-1,-1
129,9384,170.37,184.58,45.71,143.43,1,-1,-1,-1
129,9389,10.76,157.55,65.03,184.88,1,-1,-1,-1
129,9391,583.00,219.00,36.00,113.00,1,-1,-1,-1
130,9347,177.97,192.04,38.49,130.62,1,-1,-1,-1
130,9368,306.98,180.52,43.37,136.00,1,-1,-1,-1
130,9369,254.29,174.64,52.07,148.69,1,-1,-1,-1
130,9384,164.98,178.34,49.49,157.29,1,-1,-1,-1
130,9389,2.45,154.81,66.59,189.31,1,-1,-1,-1
131,9368,306.77,180.78,42.52,134.06,1,-1,-1,-1
131,9369,254.61,173.43,52.01,150.45,1,-1,-1,-1
131,9384,163.02,175.74,50.74,163.01,1,-1,-1,-1
132,9368,306.83,180.88,42.08,133.34,1,-1,-1,-1
132,9369,254.99,172.97,51.62,151.10,1,-1,-1,-1
132,9384,162.53,174.72,50.97,165.24,1,-1,-1,-1
133,9368,306.97,180.92,41.80,133.07,1,-1,-1,-1
133,9369,255.36,172.81,51.15,151.32,1,-1,-1,-1
133,9384,162.59,174.35,50.80,166.01,1,-1,-1,-1
134,9368,307.14,180.94,41.60,132.97,1,-1,-1,-1
134,9369,255.71,172.77,50.68,151.38,1,-1,-1,-1
134,9384,162.83,174.24,50.51,166.20,1,-1,-1,-1
135,9368,307.31,180.95,41.44,132.94,1,-1,-1,-1
135,9369,256.02,172.76,50.24,151.38,1,-1,-1,-1
135,9384,163.14,174.23,50.20,166.18,1,-1,-1,-1
136,9368,307.47,180.95,41.29,132.94,1,-1,-1,-1
136,9369,256.31,172.78,49.83,151.36,1,-1,-1,-1
136,9384,163.44,174.27,49.90,166.07,1,-1,-1,-1
137,9368,309.16,173.77,39.39,127.71,1,-1,-1,-1
137,9369,254.61,171.49,49.48,150.68,1,-1,-1,-1
137,9384,159.67,173.10,50.88,169.33,1,-1,-1,-1
138,9368,309.94,171.02,38.53,125.71,1,-1,-1,-1
138,9369,254.04,171.02,49.26,150.41,1,-1,-1,-1
139,9368,310.32,170.04,38.09,125.00,1,-1,-1,-1
139,9369,253.90,170.85,49.11,150.29,1,-1,-1,-1
140,9368,310.55,169.70,37.82,124.75,1,-1,-1,-1
140,9369,253.91,170.80,49.00,150.23,1,-1,-1,-1
141,9368,310.71,169.60,37.62,124.68,1,-1,-1,-1
141,9369,253.98,170.79,48.90,150.19,1,-1,-1,-1
142,9368,310.85,169.59,37.45,124.68,1,-1,-1,-1
142,9369,254.07,170.80,48.81,150.17,1,-1,-1,-1
143,9368,310.96,169.61,37.31,124.70,1,-1,-1,-1
143,9369,254.15,170.82,48.73,150.15,1,-1,-1,-1
144,9368,311.07,169.65,37.18,124.72,1,-1,-1,-1
144,9369,254.23,170.84,48.66,150.14,1,-1,-1,-1
145,9368,309.88,182.13,38.31,127.37,1,-1,-1,-1
145,9369,253.41,177.38,46.46,141.64,1,-1,-1,-1
146,9368,309.36,186.82,38.91,128.37,1,-1,-1,-1
146,9369,253.01,179.91,45.87,138.36,1,-1,-1,-1
147,9368,309.10,188.59,39.30,128.76,1,-1,-1,-1
147,9369,252.75,180.82,45.91,137.18,1,-1,-1,-1
148,9368,308.94,189.23,39.60,128.91,1,-1,-1,-1
148,9369,252.56,181.14,46.17,136.77,1,-1,-1,-1
149,9368,308.83,189.44,39.84,128.97,1,-1,-1,-1
149,9369,252.41,181.24,46.48,136.64,1,-1,-1,-1
150,9368,308.75,189.49,40.05,128.99,1,-1,-1,-1
150,9369,252.27,181.26,46.80,136.62,1,-1,-1,-1
151,9368,308.67,189.48,40.24,129.00,1,-1,-1,-1
151,9369,252.15,181.25,47.10,136.64,1,-1,-1,-1
152,9368,308.61,189.45,40.41,129.00,1,-1,-1,-1
152,9369,252.04,181.23,47.37,136.67,1,-1,-1,-1
153,9368,305.12,177.66,44.16,142.71,1,-1,-1,-1
153,9369,252.22,178.59,47.72,137.35,1,-1,-1,-1
153,9384,8.50,96.54,113.58,377.85,1,-1,-1,-1
154,9368,303.09,170.82,47.03,155.28,1,-1,-1,-1
154,9369,251.23,176.93,48.69,139.59,1,-1,-1,-1
154,9384,0.46,92.66,116.77,388.44,1,-1,-1,-1
155,9368,302.58,168.10,47.60,160.28,1,-1,-1,-1
155,9369,250.82,176.30,49.16,140.45,1,-1,-1,-1
156,9368,302.65,167.03,47.31,162.23,1,-1,-1,-1
156,9369,250.62,176.06,49.43,140.78,1,-1,-1,-1
157,9368,302.92,166.63,46.72,162.92,1,-1,-1,-1
157,9369,250.52,175.98,49.62,140.91,1,-1,-1,-1
158,9368,303.26,166.51,46.06,163.13,1,-1,-1,-1
158,9369,250.45,175.95,49.76,140.96,1,-1,-1,-1
159,9368,303.59,166.49,45.42,163.14,1,-1,-1,-1
159,9369,250.40,175.94,49.88,140.98,1,-1,-1,-1
160,9368,303.91,166.51,44.82,163.09,1,-1,-1,-1
160,9369,250.36,175.94,49.99,140.98,1,-1,-1,-1
161,9368,311.53,176.86,41.21,148.18,1,-1,-1,-1
161,9369,251.33,175.29,51.35,143.60,1,-1,-1,-1
162,9368,314.47,181.00,39.96,142.18,1,-1,-1,-1
162,9369,251.58,175.05,52.10,144.58,1,-1,-1,-1
163,9368,315.41,182.48,39.73,140.02,1,-1,-1,-1
163,9369,251.57,174.96,52.59,144.95,1,-1,-1,-1
164,9368,315.64,183.01,39.85,139.24,1,-1,-1,-1
164,9369,251.48,174.93,52.96,145.09,1,-1,-1,-1
165,9368,315.62,183.19,40.07,138.96,1,-1,-1,-1
165,9369,251.36,174.93,53.27,145.13,1,-1,-1,-1
166,9368,315.52,183.24,40.32,138.86,1,-1,-1,-1
166,9369,251.24,174.93,53.53,145.13,1,-1,-1,-1
167,9368,315.40,183.24,40.57,138.84,1,-1,-1,-1
167,9369,251.13,174.93,53.77,145.13,1,-1,-1,-1
168,9368,315.27,183.22,40.80,138.84,1,-1,-1,-1
168,9369,251.02,174.94,53.99,145.12,1,-1,-1,-1
169,9368,315.58,183.59,40.72,138.57,1,-1,-1,-1
169,9369,256.81,174.95,54.78,149.67,1,-1,-1,-1
169,9392,24.00,227.00,29.00,51.00,1,-1,-1,-1
169,9393,170.00,194.00,37.00,110.00,1,-1,-1,-1
170,9369,259.24,174.95,54.59,151.38,1,-1,-1,-1
170,9392,24.00,227.00,29.00,51.00,1,-1,-1,-1
170,9393,170.00,194.00,37.00,110.00,1,-1,-1,-1
171,9369,260.37,174.95,54.08,152.02,1,-1,-1,-1
171,9392,24.00,227.00,29.00,51.00,1,-1,-1,-1
171,9393,170.00,194.00,37.00,110.00,1,-1,-1,-1
172,9369,260.99,174.96,53.48,152.24,1,-1,-1,-1
172,9392,24.00,227.00,29.00,51.00,1,-1,-1,-1
172,9393,170.00,194.00,37.00,110.00,1,-1,-1,-1
173,9369,261.38,174.96,52.89,152.31,1,-1,-1,-1
173,9392,24.00,227.00,29.00,51.00,1,-1,-1,-1
173,9393,170.00,194.00,37.00,110.00,1,-1,-1,-1
174,9369,261.67,174.97,52.34,152.31,1,-1,-1,-1
174,9392,24.00,227.00,29.00,51.00,1,-1,-1,-1
174,9393,170.00,194.00,37.00,110.00,1,-1,-1,-1
175,9369,261.91,174.97,51.84,152.30,1,-1,-1,-1
175,9392,24.00,227.00,29.00,51.00,1,-1,-1,-1
175,9393,170.00,194.00,37.00,110.00,1,-1,-1,-1
176,9369,262.12,174.97,51.38,152.28,1,-1,-1,-1
176,9392,24.00,227.00,29.00,51.00,1,-1,-1,-1
176,9393,170.00,194.00,37.00,110.00,1,-1,-1,-1
177,9369,259.11,164.56,55.38,163.97,1,-1,-1,-1
177,9392,24.00,227.00,29.00,51.00,1,-1,-1,-1
177,9393,162.89,186.56,41.08,120.15,1,-1,-1,-1
177,9394,116.00,180.00,36.00,130.00,1,-1,-1,-1
178,9369,258.73,164.49,54.12,161.98,1,-1,-1,-1
178,9393,160.12,185.82,41.03,117.98,1,-1,-1,-1
178,9395,224.00,209.00,21.00,53.00,1,-1,-1,-1
179,9369,258.71,164.51,53.31,161.10,1,-1,-1,-1
179,9393,158.87,185.59,41.37,117.01,1,-1,-1,-1
179,9395,224.00,209.00,21.00,53.00,1,-1,-1,-1
180,9369,258.84,164.54,52.71,160.73,1,-1,-1,-1
180,9393,158.25,185.54,41.87,116.61,1,-1,-1,-1
180,9395,224.00,209.00,21.00,53.00,1,-1,-1,-1
181,9368,317.90,160.63,40.25,141.85,1,-1,-1,-1
181,9369,258.86,163.81,53.00,161.61,1,-1,-1,-1
181,9393,157.21,184.70,42.11,117.28,1,-1,-1,-1
181,9395,224.00,209.00,21.00,53.00,1,-1,-1,-1
182,9368,318.44,159.82,39.27,141.99,1,-1,-1,-1
183,9368,318.84,159.53,38.50,142.03,1,-1,-1,-1
184,9368,319.15,159.46,37.89,142.05,1,-1,-1,-1
185,9368,319.50,169.90,39.13,145.96,1,-1,-1,-1
185,9369,268.24,184.31,43.59,134.51,1,-1,-1,-1
185,9393,132.59,163.83,62.10,169.80,1,-1,-1,-1
185,9396,90.00,158.00,44.00,182.00,1,-1,-1,-1
185,9397,4.00,136.00,69.00,193.00,1,-1,-1,-1
186,9368,319.26,171.91,39.70,148.08,1,-1,-1,-1
186,9369,268.76,190.95,39.82,121.29,1,-1,-1,-1
186,9393,129.67,164.81,64.52,173.04,1,-1,-1,-1
186,9397,-1.09,119.71,79.19,222.14,1,-1,-1,-1
187,9368,319.15,172.69,39.92,148.88,1,-1,-1,-1
187,9369,268.78,192.84,39.00,117.54,1,-1,-1,-1
187,9393,128.28,165.39,66.02,174.16,1,-1,-1,-1
187,9397,-1.79,117.00,80.57,227.00,1,-1,-1,-1
188,9368,319.11,172.98,40.00,149.17,1,-1,-1,-1
188,9369,268.68,193.44,38.95,116.34,1,-1,-1,-1
188,9393,127.55,165.68,67.08,174.46,1,-1,-1,-1
188,9397,-1.82,116.23,80.63,228.39,1,-1,-1,-1
189,9368,319.09,173.08,40.03,149.26,1,-1,-1,-1
189,9369,268.53,193.60,39.14,116.00,1,-1,-1,-1
189,9393,127.10,165.85,67.90,174.46,1,-1,-1,-1
189,9397,-1.59,116.13,80.19,228.57,1,-1,-1,-1
190,9368,319.08,173.11,40.04,149.28,1,-1,-1,-1
190,9369,268.38,193.61,39.39,115.96,1,-1,-1,-1
190,9393,126.79,165.96,68.59,174.35,1,-1,-1,-1
190,9397,-1.29,116.20,79.58,228.43,1,-1,-1,-1
191,9368,319.07,173.12,40.04,149.27,1,-1,-1,-1
191,9369,268.24,193.57,39.65,116.02,1,-1,-1,-1
191,9393,126.55,166.06,69.18,174.20,1,-1,-1,-1
191,9397,-0.96,116.31,78.92,228.24,1,-1,-1,-1
192,9368,319.06,173.11,40.04,149.25,1,-1,-1,-1
192,9369,268.11,193.52,39.88,116.11,1,-1,-1,-1
192,9393,126.36,166.13,69.69,174.04,1,-1,-1,-1
192,9397,-0.62,116.41,78.25,228.06,1,-1,-1,-1
193,9368,319.13,173.30,40.14,149.66,1,-1,-1,-1
193,9369,266.46,180.18,48.48,142.11,1,-1,-1,-1
193,9393,124.47,164.79,70.96,177.22,1,-1,-1,-1
193,9395,217.83,214.95,25.41,65.90,1,-1,-1,-1
193,9397,-0.92,115.44,78.84,229.78,1,-1,-1,-1
194,9369,266.01,175.52,51.27,151.19,1,-1,-1,-1
194,9395,217.92,215.13,24.98,66.29,1,-1,-1,-1
195,9369,265.88,173.57,52.27,155.00,1,-1,-1,-1
195,9395,218.09,215.19,24.56,66.41,1,-1,-1,-1
196,9369,265.90,172.81,52.50,156.45,1,-1,-1,-1
196,9395,218.28,215.20,24.17,66.44,1,-1,-1,-1
197,9369,265.98,172.55,52.44,156.96,1,-1,-1,-1
197,9395,218.46,215.19,23.82,66.42,1,-1,-1,-1
198,9369,266.06,172.48,52.28,157.09,1,-1,-1,-1
198,9395,218.62,215.18,23.52,66.39,1,-1,-1,-1
199,9369,266.15,172.48,52.09,157.08,1,-1,-1,-1
199,9395,218.76,215.17,23.26,66.36,1,-1,-1,-1
200,9369,266.23,172.51,51.90,157.02,1,-1,-1,-1
200,9395,218.89,215.15,23.02,66.33,1,-1,-1,-1
201,9368,320.98,175.94,39.00,145.37,1,-1,-1,-1
201,9369,266.25,171.72,52.44,158.66,1,-1,-1,-1
201,9395,218.16,217.08,23.20,67.60,1,-1,-1,-1
201,9398,200.00,217.00,23.00,64.00,1,-1,-1,-1
201,9399,4.00,6.00,157.00,466.00,1,-1,-1,-1
202,9368,321.07,176.06,38.94,145.09,1,-1,-1,-1
202,9395,217.96,217.81,23.12,68.07,1,-1,-1,-1
202,9398,200.00,217.00,23.00,64.00,1,-1,-1,-1
202,9399,4.00,6.00,157.00,466.00,1,-1,-1,-1
203,9368,321.10,176.11,38.93,145.00,1,-1,-1,-1
203,9395,217.95,218.08,22.97,68.23,1,-1,-1,-1
203,9398,200.00,217.00,23.00,64.00,1,-1,-1,-1
203,9399,4.00,6.00,157.00,466.00,1,-1,-1,-1
204,9368,320.00,173.49,39.82,150.21,1,-1,-1,-1
204,9395,216.34,214.93,24.19,73.45,1,-1,-1,-1
204,9398,200.00,217.00,23.00,64.00,1,-1,-1,-1
204,9399,4.00,6.00,157.00,466.00,1,-1,-1,-1
205,9368,319.71,172.51,39.91,152.16,1,-1,-1,-1
205,9395,215.89,213.75,24.34,75.40,1,-1,-1,-1
206,9368,319.70,172.14,39.74,152.90,1,-1,-1,-1
206,9395,215.85,213.28,24.14,76.15,1,-1,-1,-1
207,9368,319.78,172.00,39.50,153.16,1,-1,-1,-1
207,9395,215.97,213.09,23.82,76.41,1,-1,-1,-1
208,9368,319.89,171.95,39.25,153.25,1,-1,-1,-1
208,9395,216.13,213.02,23.48,76.48,1,-1,-1,-1
209,9368,326.72,170.63,41.19,158.47,1,-1,-1,-1
209,9369,264.33,173.54,51.84,157.79,1,-1,-1,-1
209,9393,74.63,170.32,73.18,174.35,1,-1,-1,-1
209,9395,220.27,216.21,21.64,70.68,1,-1,-1,-1
210,9368,329.86,175.28,41.44,155.28,1,-1,-1,-1
210,9369,272.88,182.20,47.04,141.33,1,-1,-1,-1
210,9393,31.52,165.57,77.68,181.73,1,-1,-1,-1
210,9395,221.47,218.14,21.15,69.02,1,-1,-1,-1
211,9368,331.62,174.50,41.71,155.29,1,-1,-1,-1
211,9369,275.64,182.19,46.76,138.87,1,-1,-1,-1
211,9393,25.52,165.13,78.19,182.92,1,-1,-1,-1
211,9395,221.73,216.19,21.31,70.38,1,-1,-1,-1
212,9368,332.19,174.21,41.95,155.28,1,-1,-1,-1
212,9369,276.45,182.19,46.92,138.04,1,-1,-1,-1
212,9395,221.90,215.47,21.22,70.88,1,-1,-1,-1
213,9368,332.32,174.09,42.15,155.26,1,-1,-1,-1
213,9369,276.62,182.17,47.20,137.76,1,-1,-1,-1
213,9395,222.02,215.19,21.06,71.07,1,-1,-1,-1
214,9368,332.29,174.05,42.34,155.24,1,-1,-1,-1
214,9369,276.56,182.16,47.48,137.68,1,-1,-1,-1
214,9395,222.12,215.08,20.88,71.13,1,-1,-1,-1
215,9368,332.20,174.03,42.50,155.22,1,-1,-1,-1
215,9369,276.44,182.14,47.74,137.67,1,-1,-1,-1
215,9395,222.21,215.03,20.71,71.14,1,-1,-1,-1
216,9368,332.10,174.02,42.65,155.20,1,-1,-1,-1
216,9369,276.30,182.12,47.98,137.69,1,-1,-1,-1
216,9395,222.29,215.02,20.55,71.14,1,-1,-1,-1
217,9368,335.71,173.36,43.17,155.18,1,-1,-1,-1
217,9369,278.46,174.87,52.18,149.57,1,-1,-1,-1
217,9395,222.35,215.03,20.61,71.36,1,-1,-1,-1
218,9368,336.93,173.11,43.64,155.16,1,-1,-1,-1
218,9369,279.23,172.21,53.76,153.93,1,-1,-1,-1
219,9368,337.24,173.02,44.06,155.15,1,-1,-1,-1
219,9369,279.49,171.17,54.41,155.64,1,-1,-1,-1
220,9368,337.21,172.99,44.44,155.13,1,-1,-1,-1
220,9369,279.55,170.79,54.68,156.27,1,-1,-1,-1
221,9368,337.07,172.98,44.78,155.12,1,-1,-1,-1
221,9369,279.54,170.67,54.79,156.47,1,-1,-1,-1
222,9368,336.90,172.97,45.09,155.11,1,-1,-1,-1
222,9369,279.51,170.64,54.84,156.52,1,-1,-1,-1
223,9368,336.73,172.97,45.37,155.10,1,-1,-1,-1
223,9369,279.47,170.65,54.87,156.51,1,-1,-1,-1
224,9368,336.57,172.98,45.62,155.09,1,-1,-1,-1
224,9369,279.42,170.68,54.89,156.47,1,-1,-1,-1
225,9368,338.48,169.06,46.95,160.95,1,-1,-1,-1
225,9369,281.73,163.56,58.02,166.83,1,-1,-1,-1
225,9395,219.49,207.37,28.01,94.00,1,-1,-1,-1
226,9368,339.30,167.60,47.22,163.15,1,-1,-1,-1
226,9369,282.73,160.90,58.90,170.69,1,-1,-1,-1
226,9395,219.02,206.96,29.04,95.21,1,-1,-1,-1
227,9368,339.69,167.04,47.13,163.98,1,-1,-1,-1
227,9369,283.22,159.89,58.99,172.17,1,-1,-1,-1
227,9395,218.69,206.81,29.71,95.65,1,-1,-1,-1
228,9368,339.90,166.84,46.91,164.27,1,-1,-1,-1
228,9369,283.50,159.53,58.78,172.69,1,-1,-1,-1
228,9395,218.46,206.76,30.19,95.78,1,-1,-1,-1
229,9368,340.04,166.78,46.67,164.36,1,-1,-1,-1
229,9369,283.69,159.43,58.49,172.83,1,-1,-1,-1
229,9395,218.27,206.75,30.56,95.79,1,-1,-1,-1
230,9368,340.15,166.77,46.42,164.37,1,-1,-1,-1
230,9369,283.84,159.43,58.18,172.84,1,-1,-1,-1
230,9395,218.12,206.76,30.86,95.75,1,-1,-1,-1
231,9368,340.23,166.78,46.20,164.35,1,-1,-1,-1
231,9369,283.96,159.46,57.89,172.80,1,-1,-1,-1
231,9395,217.99,206.78,31.11,95.70,1,-1,-1,-1
232,9368,340.31,166.80,45.99,164.33,1,-1,-1,-1
232,9369,284.06,159.50,57.61,172.74,1,-1,-1,-1
232,9395,217.88,206.80,31.32,95.65,1,-1,-1,-1
233,9368,344.07,166.17,40.36,146.08,1,-1,-1,-1
233,9369,286.12,164.08,53.45,161.65,1,-1,-1,-1
233,9395,219.96,196.49,34.90,107.21,1,-1,-1,-1
233,9398,161.57,190.04,38.95,112.93,1,-1,-1,-1
233,9400,188.00,191.00,34.00,118.00,1,-1,-1,-1
233,9401,116.00,193.00,29.00,110.00,1,-1,-1,-1
234,9368,344.72,168.67,39.74,145.67,1,-1,-1,-1
234,9369,288.80,169.90,49.33,149.28,1,-1,-1,-1
234,9395,220.72,197.00,35.63,107.79,1,-1,-1,-1
234,9398,163.24,189.06,39.84,118.26,1,-1,-1,-1
234,9400,186.19,194.43,33.34,115.43,1,-1,-1,-1
234,9401,122.00,194.71,28.15,105.71,1,-1,-1,-1
234,9402,140.00,189.00,41.00,116.00,1,-1,-1,-1
235,9368,344.87,172.84,38.99,144.87,1,-1,-1,-1
235,9369,290.16,174.10,47.69,144.70,1,-1,-1,-1
235,9395,221.33,196.00,36.58,112.38,1,-1,-1,-1
235,9398,163.35,189.89,39.95,121.25,1,-1,-1,-1
235,9400,185.37,195.76,33.50,115.76,1,-1,-1,-1
235,9402,138.34,186.43,43.47,122.86,1,-1,-1,-1
235,9403,94.00,196.00,39.00,107.00,1,-1,-1,-1
236,9368,344.06,171.75,39.77,149.91,1,-1,-1,-1
236,9369,290.36,175.58,46.96,143.11,1,-1,-1,-1
236,9395,221.25,195.00,37.56,116.02,1,-1,-1,-1
236,9398,164.38,190.89,38.09,119.92,1,-1,-1,-1
236,9400,184.91,196.59,33.45,115.59,1,-1,-1,-1
236,9402,138.88,186.00,43.70,124.00,1,-1,-1,-1
236,9403,90.63,192.57,41.46,113.86,1,-1,-1,-1
237,9368,342.85,170.03,41.21,156.99,1,-1,-1,-1
237,9369,289.15,172.77,49.24,151.23,1,-1,-1,-1
237,9395,220.31,194.00,39.75,123.72,1,-1,-1,-1
237,9398,165.21,191.96,39.10,125.03,1,-1,-1,-1
237,9402,140.11,190.27,41.72,118.46,1,-1,-1,-1
237,9403,91.15,194.19,40.44,110.61,1,-1,-1,-1
238,9368,340.32,164.23,43.30,166.77,1,-1,-1,-1
238,9369,288.36,170.44,50.12,154.85,1,-1,-1,-1
238,9395,221.57,198.62,37.32,116.71,1,-1,-1,-1
238,9398,166.68,189.23,40.34,131.98,1,-1,-1,-1
238,9402,136.55,188.85,42.38,120.85,1,-1,-1,-1
238,9403,85.52,188.87,44.33,120.51,1,-1,-1,-1
239,9368,341.54,165.17,42.25,161.63,1,-1,-1,-1
239,9369,287.91,170.18,50.06,154.31,1,-1,-1,-1
239,9395,221.63,194.75,37.85,120.79,1,-1,-1,-1
239,9398,164.65,188.18,41.68,138.41,1,-1,-1,-1
239,9402,136.76,187.65,44.73,129.38,1,-1,-1,-1
239,9403,83.48,185.74,45.31,123.07,1,-1,-1,-1
240,9368,340.20,164.27,43.50,166.03,1,-1,-1,-1
240,9369,288.52,172.03,48.45,148.87,1,-1,-1,-1
240,9395,220.83,195.23,37.13,119.75,1,-1,-1,-1
240,9398,164.30,192.14,39.45,130.33,1,-1,-1,-1
240,9402,136.25,189.23,43.43,127.03,1,-1,-1,-1
240,9403,69.91,177.79,51.54,138.96,1,-1,-1,-1
241,9368,338.48,161.37,45.13,173.44,1,-1,-1,-1
241,9369,287.90,164.12,53.49,165.36,1,-1,-1,-1
241,9395,219.62,196.10,37.33,121.19,1,-1,-1,-1
241,9398,161.84,191.22,40.01,133.99,1,-1,-1,-1
241,9402,135.50,188.49,43.35,128.71,1,-1,-1,-1
241,9403,64.45,177.50,51.68,140.18,1,-1,-1,-1
241,9404,88.00,186.00,38.00,126.00,1,-1,-1,-1
242,9368,337.81,165.37,44.49,170.52,1,-1,-1,-1
242,9369,289.50,169.51,51.64,157.97,1,-1,-1,-1
242,9395,219.34,194.52,38.30,124.90,1,-1,-1,-1
242,9398,159.03,187.07,41.48,139.78,1,-1,-1,-1
242,9402,133.26,182.20,46.63,139.98,1,-1,-1,-1
242,9403,58.43,174.31,52.49,142.96,1,-1,-1,-1
242,9405,121.00,176.00,42.00,147.00,1,-1,-1,-1
243,9368,337.79,168.93,43.76,166.05,1,-1,-1,-1
243,9369,288.08,171.78,53.02,160.75,1,-1,-1,-1
243,9395,213.93,190.11,41.63,135.85,1,-1,-1,-1
243,9398,157.88,186.29,42.12,141.97,1,-1,-1,-1
243,9402,122.67,183.10,46.81,140.89,1,-1,-1,-1
243,9403,56.22,180.33,51.54,141.91,1,-1,-1,-1
243,9406,45.00,189.00,43.00,126.00,1,-1,-1,-1
244,9368,337.68,170.30,43.68,164.30,1,-1,-1,-1
244,9369,287.42,172.62,53.79,161.77,1,-1,-1,-1
244,9395,211.85,188.42,42.90,140.04,1,-1,-1,-1
244,9402,118.50,183.50,46.77,141.12,1,-1,-1,-1
244,9403,55.72,182.80,50.76,141.30,1,-1,-1,-1
244,9406,45.00,189.00,43.00,126.00,1,-1,-1,-1
245,9368,338.25,175.39,41.80,155.78,1,-1,-1,-1
245,9369,288.42,176.83,50.91,151.76,1,-1,-1,-1
245,9395,210.15,202.27,39.46,128.40,1,-1,-1,-1
245,9402,111.62,180.41,48.94,150.26,1,-1,-1,-1
245,9403,42.00,183.81,48.35,135.71,1,-1,-1,-1
245,9406,55.02,182.24,45.49,134.26,1,-1,-1,-1
246,9368,337.56,175.33,41.56,153.83,1,-1,-1,-1
246,9369,288.66,177.37,50.81,151.47,1,-1,-1,-1
246,9395,205.88,192.20,41.94,139.27,1,-1,-1,-1
246,9402,108.89,179.70,49.85,153.08,1,-1,-1,-1
246,9403,39.05,182.27,47.68,135.37,1,-1,-1,-1
246,9406,58.32,179.98,46.43,137.03,1,-1,-1,-1
247,9368,337.24,175.29,41.62,153.13,1,-1,-1,-1
247,9395,204.61,188.64,42.31,143.15,1,-1,-1,-1
247,9403,38.25,181.72,47.10,135.18,1,-1,-1,-1
248,9368,337.06,175.26,41.78,152.88,1,-1,-1,-1
248,9395,204.35,187.23,42.02,144.62,1,-1,-1,-1
248,9403,38.25,181.56,46.57,135.04,1,-1,-1,-1
249,9368,336.38,171.95,43.07,160.69,1,-1,-1,-1
249,9369,288.66,175.48,50.83,152.71,1,-1,-1,-1
249,9395,200.25,189.90,39.08,134.90,1,-1,-1,-1
249,9403,34.34,180.63,47.13,136.68,1,-1,-1,-1
249,9406,6.30,159.99,60.83,181.30,1,-1,-1,-1
250,9368,337.31,172.00,42.47,161.02,1,-1,-1,-1
250,9369,289.39,176.59,49.37,149.48,1,-1,-1,-1
250,9395,197.16,187.73,40.25,138.79,1,-1,-1,-1
250,9406,-0.26,155.63,63.68,189.78,1,-1,-1,-1
251,9368,337.86,172.02,41.89,161.13,1,-1,-1,-1
251,9369,289.73,176.97,48.68,148.37,1,-1,-1,-1
251,9395,196.03,186.95,40.69,140.19,1,-1,-1,-1
252,9368,338.24,172.03,41.33,161.16,1,-1,-1,-1
252,9369,289.93,177.10,48.28,147.97,1,-1,-1,-1
252,9395,195.63,186.67,40.87,140.68,1,-1,-1,-1
253,9368,338.53,172.03,40.83,161.16,1,-1,-1,-1
253,9369,290.06,177.14,47.99,147.84,1,-1,-1,-1
253,9395,195.51,186.60,40.94,140.82,1,-1,-1,-1
254,9368,338.78,172.03,40.37,161.15,1,-1,-1,-1
254,9369,290.17,177.15,47.77,147.80,1,-1,-1,-1
254,9395,195.49,186.59,40.97,140.82,1,-1,-1,-1
255,9368,339.00,172.02,39.95,161.14,1,-1,-1,-1
255,9369,290.26,177.14,47.58,147.80,1,-1,-1,-1
255,9395,195.51,186.61,40.98,140.77,1,-1,-1,-1
256,9368,339.19,172.02,39.57,161.13,1,-1,-1,-1
256,9369,290.34,177.13,47.42,147.81,1,-1,-1,-1
256,9395,195.55,186.64,40.98,140.71,1,-1,-1,-1
257,9368,333.84,169.41,40.49,163.07,1,-1,-1,-1
257,9369,284.94,169.92,51.00,158.96,1,-1,-1,-1
257,9395,184.71,175.64,46.52,159.48,1,-1,-1,-1
257,9402,26.57,149.88,72.54,214.77,1,-1,-1,-1
258,9368,332.20,174.92,38.79,154.71,1,-1,-1,-1
258,9369,284.21,173.61,50.42,154.17,1,-1,-1,-1
258,9395,183.15,178.40,44.92,152.14,1,-1,-1,-1
258,9402,23.42,154.38,76.21,223.59,1,-1,-1,-1
259,9368,331.50,177.07,38.29,151.44,1,-1,-1,-1
259,9369,283.72,175.14,50.63,152.19,1,-1,-1,-1
259,9395,182.50,179.69,44.41,148.81,1,-1,-1,-1
259,9402,22.10,156.07,77.88,226.88,1,-1,-1,-1
260,9368,331.18,177.85,38.28,150.26,1,-1,-1,-1
260,9369,283.32,175.71,51.14,151.44,1,-1,-1,-1
260,9395,182.19,180.21,44.44,147.50,1,-1,-1,-1
260,9402,21.62,156.79,78.73,228.05,1,-1,-1,-1
261,9368,331.00,178.12,38.44,149.84,1,-1,-1,-1
261,9369,282.99,175.92,51.73,151.15,1,-1,-1,-1
261,9395,182.00,180.43,44.67,146.97,1,-1,-1,-1
261,9402,21.48,157.11,79.21,228.38,1,-1,-1,-1
262,9368,330.88,178.21,38.64,149.71,1,-1,-1,-1
262,9369,282.70,176.00,52.30,151.05,1,-1,-1,-1
262,9395,181.88,180.54,44.94,146.73,1,-1,-1,-1
262,9402,21.48,157.27,79.52,228.38,1,-1,-1,-1
263,9368,330.79,178.22,38.85,149.68,1,-1,-1,-1
263,9369,282.43,176.03,52.84,151.01,1,-1,-1,-1
263,9395,181.78,180.60,45.22,146.60,1,-1,-1,-1
263,9402,21.54,157.36,79.74,228.26,1,-1,-1,-1
264,9368,330.71,178.21,39.05,149.69,1,-1,-1,-1
264,9369,282.20,176.04,53.33,150.99,1,-1,-1,-1
264,9395,181.70,180.65,45.48,146.52,1,-1,-1,-1
264,9402,21.62,157.43,79.91,228.10,1,-1,-1,-1
265,9368,331.10,176.89,38.31,146.43,1,-1,-1,-1
265,9369,279.70,178.00,51.83,146.42,1,-1,-1,-1
265,9395,159.38,159.85,58.97,187.48,1,-1,-1,-1
265,9402,18.02,156.55,81.08,231.43,1,-1,-1,-1
266,9368,331.53,175.05,38.84,148.53,1,-1,-1,-1
266,9369,277.77,178.74,51.90,145.99,1,-1,-1,-1
266,9395,147.21,151.84,65.00,203.26,1,-1,-1,-1
267,9368,331.70,174.36,39.02,149.31,1,-1,-1,-1
267,9369,277.01,179.01,52.05,145.85,1,-1,-1,-1
267,9395,141.71,148.42,68.15,210.00,1,-1,-1,-1
268,9368,331.78,174.11,39.08,149.63,1,-1,-1,-1
268,9369,276.68,179.10,52.22,145.81,1,-1,-1,-1
268,9395,139.30,147.11,69.91,212.60,1,-1,-1,-1
269,9368,331.82,174.01,39.10,149.76,1,-1,-1,-1
269,9369,276.53,179.13,52.38,145.80,1,-1,-1,-1
269,9395,138.22,146.67,71.03,213.48,1,-1,-1,-1
270,9368,331.84,173.98,39.10,149.82,1,-1,-1,-1
270,9369,276.45,179.13,52.53,145.82,1,-1,-1,-1
270,9395,137.67,146.57,71.85,213.69,1,-1,-1,-1
271,9368,331.86,173.97,39.09,149.85,1,-1,-1,-1
271,9369,276.40,179.12,52.67,145.83,1,-1,-1,-1
271,9395,137.36,146.61,72.51,213.64,1,-1,-1,-1
272,9368,331.88,173.96,39.08,149.87,1,-1,-1,-1
272,9369,276.35,179.11,52.80,145.85,1,-1,-1,-1
272,9395,137.15,146.68,73.08,213.49,1,-1,-1,-1
273,9368,330.97,176.58,38.30,144.66,1,-1,-1,-1
273,9369,268.49,173.21,54.18,151.75,1,-1,-1,-1
273,9395,112.72,129.49,92.66,270.95,1,-1,-1,-1
274,9368,330.82,176.76,38.13,144.00,1,-1,-1,-1
274,9369,264.78,167.79,56.25,160.40,1,-1,-1,-1
274,9395,105.44,115.48,99.39,287.80,1,-1,-1,-1
275,9369,263.67,165.72,56.48,163.71,1,-1,-1,-1
275,9395,102.20,109.42,102.73,294.85,1,-1,-1,-1
276,9369,263.52,164.93,56.06,164.98,1,-1,-1,-1
276,9395,100.79,107.05,104.47,297.46,1,-1,-1,-1
277,9369,263.73,164.65,55.44,165.43,1,-1,-1,-1
277,9395,100.14,106.22,105.50,298.26,1,-1,-1,-1
278,9369,264.05,164.57,54.79,165.57,1,-1,-1,-1
278,9395,99.81,105.99,106.21,298.36,1,-1,-1,-1
279,9369,264.39,164.57,54.16,165.59,1,-1,-1,-1
279,9395,99.62,106.00,106.77,298.20,1,-1,-1,-1
280,9369,264.72,164.59,53.58,165.56,1,-1,-1,-1
280,9395,99.49,106.10,107.23,297.94,1,-1,-1,-1
281,9369,270.38,171.75,42.36,126.60,1,-1,-1,-1
281,9395,96.19,103.09,109.46,304.12,1,-1,-1,-1
281,9407,0.00,36.00,158.00,423.00,1,-1,-1,-1
282,9369,271.64,177.70,37.19,107.47,1,-1,-1,-1
282,9407,-5.39,22.29,163.63,439.29,1,-1,-1,-1
283,9368,331.19,178.98,38.44,141.87,1,-1,-1,-1
283,9369,270.52,180.98,42.99,124.74,1,-1,-1,-1
284,9368,330.90,179.06,39.10,141.83,1,-1,-1,-1
284,9369,270.25,182.00,44.50,129.63,1,-1,-1,-1
285,9368,330.66,179.09,39.62,141.81,1,-1,-1,-1
285,9369,270.20,182.35,45.04,131.67,1,-1,-1,-1
286,9368,330.45,179.10,40.04,141.81,1,-1,-1,-1
286,9369,270.23,182.44,45.18,132.47,1,-1,-1,-1
287,9368,330.28,179.09,40.40,141.83,1,-1,-1,-1
287,9369,270.29,182.44,45.15,132.79,1,-1,-1,-1
288,9368,330.13,179.09,40.70,141.84,1,-1,-1,-1
288,9369,270.35,182.42,45.08,132.91,1,-1,-1,-1
289,9368,334.48,174.50,43.77,153.63,1,-1,-1,-1
289,9369,276.74,176.49,49.35,144.74,1,-1,-1,-1
289,9408,197.00,222.00,24.00,58.00,1,-1,-1,-1
289,9409,80.00,214.00,20.00,68.00,1,-1,-1,-1
290,9368,337.63,174.08,43.72,154.18,1,-1,-1,-1
290,9369,281.64,176.20,51.54,149.10,1,-1,-1,-1
290,9408,195.96,223.71,22.65,54.57,1,-1,-1,-1
291,9368,348.61,175.86,43.59,147.90,1,-1,-1,-1
291,9369,286.85,171.61,54.18,157.20,1,-1,-1,-1
291,9408,197.00,217.84,24.62,59.39,1,-1,-1,-1
291,9410,524.00,177.00,49.00,152.00,1,-1,-1,-1
292,9368,353.48,176.56,44.93,148.05,1,-1,-1,-1
292,9369,289.33,169.83,55.49,160.94,1,-1,-1,-1
292,9408,196.50,214.56,26.90,65.22,1,-1,-1,-1
293,9368,354.91,176.83,46.08,148.10,1,-1,-1,-1
293,9369,290.27,169.14,55.99,162.36,1,-1,-1,-1
293,9408,196.37,213.45,27.58,67.28,1,-1,-1,-1
294,9368,355.10,176.93,47.09,148.11,1,-1,-1,-1
294,9369,290.60,168.88,56.17,162.85,1,-1,-1,-1
294,9408,196.38,213.17,27.65,67.91,1,-1,-1,-1
295,9368,354.86,176.97,47.99,148.11,1,-1,-1,-1
295,9369,290.68,168.80,56.23,162.98,1,-1,-1,-1
295,9408,196.45,213.17,27.50,68.01,1,-1,-1,-1
296,9368,354.48,176.98,48.79,148.10,1,-1,-1,-1
296,9369,290.67,168.78,56.24,162.97,1,-1,-1,-1
296,9408,196.54,213.25,27.28,67.95,1,-1,-1,-1
297,9368,368.26,176.34,47.24,143.53,1,-1,-1,-1
297,9369,304.33,171.36,52.73,151.94,1,-1,-1,-1
297,9408,196.51,212.02,27.92,69.55,1,-1,-1,-1
297,9411,218.00,218.00,24.00,59.00,1,-1,-1,-1
298,9368,372.92,172.13,49.05,148.37,1,-1,-1,-1
298,9369,312.41,175.05,50.38,144.88,1,-1,-1,-1
298,9408,214.25,214.84,26.03,65.59,1,-1,-1,-1
298,9412,199.00,229.00,24.00,50.00,1,-1,-1,-1
299,9368,373.90,168.00,51.74,158.56,1,-1,-1,-1
299,9369,315.92,173.75,50.28,146.27,1,-1,-1,-1
299,9408,218.13,218.85,26.17,66.86,1,-1,-1,-1
299,9413,251.00,214.00,16.00,61.00,1,-1,-1,-1
300,9368,376.52,165.81,52.01,161.79,1,-1,-1,-1
300,9369,322.37,176.55,48.97,141.54,1,-1,-1,-1
300,9408,222.69,219.54,24.97,63.34,1,-1,-1,-1
300,9413,248.30,214.86,15.40,58.43,1,-1,-1,-1
301,9368,380.40,166.89,51.34,161.74,1,-1,-1,-1
301,9369,325.78,179.61,48.32,137.73,1,-1,-1,-1
301,9408,224.09,223.17,23.62,58.57,1,-1,-1,-1
301,9413,247.23,215.76,15.01,56.47,1,-1,-1,-1
301,9414,541.00,231.00,26.00,52.00,1,-1,-1,-1
302,9368,383.16,171.87,49.03,156.51,1,-1,-1,-1
302,9369,330.22,184.72,46.16,129.68,1,-1,-1,-1
302,9408,222.25,220.42,25.52,63.61,1,-1,-1,-1
302,9413,249.72,216.80,15.39,57.41,1,-1,-1,-1
302,9414,541.04,226.71,29.35,58.86,1,-1,-1,-1
303,9368,384.27,173.82,47.81,154.44,1,-1,-1,-1
303,9369,331.57,186.60,45.70,126.71,1,-1,-1,-1
303,9408,221.70,219.49,26.08,65.33,1,-1,-1,-1
303,9413,250.48,217.11,15.63,57.74,1,-1,-1,-1
303,9414,541.10,226.00,29.81,60.00,1,-1,-1,-1
304,9368,384.77,174.56,47.04,153.65,1,-1,-1,-1
304,9369,331.80,187.24,45.86,125.70,1,-1,-1,-1
304,9408,221.43,219.12,26.22,65.99,1,-1,-1,-1
304,9413,250.66,217.19,15.84,57.88,1,-1,-1,-1
304,9414,541.17,225.80,29.83,60.32,1,-1,-1,-1
305,9368,395.89,176.80,45.65,149.42,1,-1,-1,-1
305,9369,337.79,182.77,49.26,135.38,1,-1,-1,-1
305,9408,222.83,218.95,26.48,66.63,1,-1,-1,-1
305,9413,249.95,213.71,18.12,65.58,1,-1,-1,-1
305,9414,541.17,225.22,30.28,61.24,1,-1,-1,-1
305,9415,148.00,218.00,22.00,61.00,1,-1,-1,-1
306,9368,400.05,177.65,45.07,147.80,1,-1,-1,-1
306,9369,339.98,181.15,50.41,138.88,1,-1,-1,-1
306,9413,249.63,212.50,19.05,68.26,1,-1,-1,-1
306,9415,148.00,218.00,22.00,61.00,1,-1,-1,-1
307,9368,401.53,177.96,44.81,147.20,1,-1,-1,-1
307,9369,340.75,180.50,50.80,140.27,1,-1,-1,-1
307,9413,249.43,212.03,19.52,69.28,1,-1,-1,-1
307,9415,148.00,218.00,22.00,61.00,1,-1,-1,-1
308,9368,402.00,178.07,44.67,146.98,1,-1,-1,-1
308,9369,340.96,180.24,50.90,140.80,1,-1,-1,-1
308,9413,249.29,211.86,19.81,69.61,1,-1,-1,-1
308,9415,148.00,218.00,22.00,61.00,1,-1,-1,-1
309,9368,402.11,178.11,44.58,146.91,1,-1,-1,-1
309,9369,340.98,180.13,50.88,141.00,1,-1,-1,-1
309,9413,249.17,211.81,20.01,69.68,1,-1,-1,-1
309,9415,148.00,218.00,22.00,61.00,1,-1,-1,-1
310,9368,402.07,178.11,44.52,146.89,1,-1,-1,-1
310,9369,340.93,180.09,50.82,141.07,1,-1,-1,-1
310,9413,249.07,211.81,20.18,69.66,1,-1,-1,-1
310,9415,148.00,218.00,22.00,61.00,1,-1,-1,-1
311,9368,402.00,178.11,44.46,146.89,1,-1,-1,-1
311,9369,340.85,180.07,50.75,141.09,1,-1,-1,-1
311,9413,248.98,211.82,20.33,69.61,1,-1,-1,-1
311,9415,148.00,218.00,22.00,61.00,1,-1,-1,-1
312,9368,401.91,178.10,44.42,146.89,1,-1,-1,-1
312,9369,340.78,180.06,50.68,141.09,1,-1,-1,-1
312,9413,248.89,211.84,20.48,69.55,1,-1,-1,-1
312,9415,148.00,218.00,22.00,61.00,1,-1,-1,-1
313,9368,426.05,172.20,46.98,154.75,1,-1,-1,-1
313,9369,342.56,180.14,50.74,141.25,1,-1,-1,-1
313,9408,241.00,199.90,37.82,95.77,1,-1,-1,-1
313,9413,248.96,211.57,20.73,70.43,1,-1,-1,-1
313,9415,148.00,218.00,22.00,61.00,1,-1,-1,-1
313,9416,167.00,219.00,23.00,62.00,1,-1,-1,-1
313,9417,375.00,166.00,62.00,163.00,1,-1,-1,-1
314,9368,436.28,172.57,46.65,153.83,1,-1,-1,-1
314,9408,242.84,198.59,38.69,97.97,1,-1,-1,-1
314,9417,385.89,182.29,50.50,132.14,1,-1,-1,-1
315,9368,440.15,172.73,46.50,153.44,1,-1,-1,-1
315,9369,381.19,184.22,48.13,129.43,1,-1,-1,-1
316,9368,445.14,163.69,50.83,170.22,1,-1,-1,-1
316,9369,385.82,179.99,51.74,137.96,1,-1,-1,-1
316,9408,241.71,195.20,39.34,102.07,1,-1,-1,-1
317,9368,447.23,160.36,51.97,176.39,1,-1,-1,-1
317,9369,387.33,178.70,53.12,140.59,1,-1,-1,-1
317,9408,241.74,194.60,38.86,102.78,1,-1,-1,-1
318,9368,448.08,159.05,52.05,178.82,1,-1,-1,-1
318,9369,387.66,178.19,53.85,141.60,1,-1,-1,-1
318,9408,241.93,194.38,38.36,103.05,1,-1,-1,-1
319,9368,448.44,158.57,51.72,179.71,1,-1,-1,-1
319,9369,387.54,178.01,54.30,141.98,1,-1,-1,-1
319,9408,242.10,194.32,37.88,103.10,1,-1,-1,-1
320,9368,448.61,158.42,51.27,179.99,1,-1,-1,-1
320,9369,387.28,177.94,54.63,142.11,1,-1,-1,-1
320,9408,242.23,194.33,37.45,103.07,1,-1,-1,-1
321,9368,456.59,171.27,46.62,160.10,1,-1,-1,-1
321,9369,393.63,183.78,52.69,136.29,1,-1,-1,-1
321,9408,242.60,196.94,38.49,108.77,1,-1,-1,-1
321,9413,289.90,210.92,21.98,77.02,1,-1,-1,-1
321,9418,222.00,200.00,32.00,108.00,1,-1,-1,-1
321,9419,44.00,179.00,38.00,133.00,1,-1,-1,-1
322,9368,460.16,179.84,43.46,145.96,1,-1,-1,-1
322,9369,395.76,183.39,53.57,138.01,1,-1,-1,-1
322,9408,243.47,197.31,39.29,111.55,1,-1,-1,-1
322,9413,291.70,211.60,21.66,77.96,1,-1,-1,-1
322,9418,218.90,201.71,31.33,105.43,1,-1,-1,-1
322,9419,41.75,177.29,38.22,133.86,1,-1,-1,-1
323,9368,461.06,182.90,42.78,140.90,1,-1,-1,-1
323,9369,396.41,183.24,54.02,138.64,1,-1,-1,-1
323,9408,243.82,197.48,39.50,112.59,1,-1,-1,-1
323,9413,292.49,211.82,21.28,78.29,1,-1,-1,-1
323,9418,218.33,202.00,31.34,105.00,1,-1,-1,-1
323,9419,41.39,177.00,38.22,134.00,1,-1,-1,-1
324,9368,461.07,183.96,43.00,139.16,1,-1,-1,-1
324,9369,396.49,183.17,54.30,138.88,1,-1,-1,-1
324,9408,243.96,197.57,39.49,112.94,1,-1,-1,-1
324,9413,292.83,211.91,20.92,78.39,1,-1,-1,-1
324,9418,218.11,202.07,31.49,104.89,1,-1,-1,-1
324,9419,41.31,176.93,38.19,134.04,1,-1,-1,-1
325,9368,462.29,176.96,48.46,155.94,1,-1,-1,-1
325,9369,396.50,179.22,58.14,148.77,1,-1,-1,-1
325,9408,242.81,196.99,40.54,116.21,1,-1,-1,-1
325,9413,295.05,211.84,21.12,79.14,1,-1,-1,-1
325,9418,215.73,199.17,34.04,112.16,1,-1,-1,-1
325,9419,39.69,182.71,37.07,129.70,1,-1,-1,-1
326,9368,463.01,175.75,49.90,159.36,1,-1,-1,-1
326,9369,400.50,182.20,56.62,143.53,1,-1,-1,-1
326,9408,240.97,196.14,41.13,116.16,1,-1,-1,-1
326,9418,214.87,198.59,34.53,113.78,1,-1,-1,-1
326,9419,39.08,183.99,36.78,128.70,1,-1,-1,-1
327,9368,470.72,177.83,48.23,152.98,1,-1,-1,-1
327,9369,403.58,183.42,56.67,142.67,1,-1,-1,-1
327,9408,238.98,197.11,41.25,114.79,1,-1,-1,-1
328,9368,473.52,178.65,47.71,150.42,1,-1,-1,-1
328,9369,404.55,183.87,56.89,142.34,1,-1,-1,-1
328,9408,238.04,197.51,41.58,114.19,1,-1,-1,-1
329,9368,475.37,184.88,45.73,142.22,1,-1,-1,-1
329,9369,407.97,185.99,55.27,136.33,1,-1,-1,-1
329,9408,234.83,191.20,44.76,123.62,1,-1,-1,-1
329,9413,295.14,214.64,20.02,74.86,1,-1,-1,-1
329,9418,195.58,201.52,33.52,105.36,1,-1,-1,-1
330,9368,475.76,187.23,45.27,139.13,1,-1,-1,-1
330,9369,408.96,186.79,55.02,134.02,1,-1,-1,-1
330,9408,233.71,188.85,45.81,127.14,1,-1,-1,-1
330,9413,294.88,214.94,19.90,74.32,1,-1,-1,-1
330,9418,192.88,201.87,34.66,104.35,1,-1,-1,-1
331,9368,475.67,188.05,45.40,138.03,1,-1,-1,-1
331,9369,409.07,187.08,55.29,133.18,1,-1,-1,-1
331,9408,233.31,187.94,46.08,128.48,1,-1,-1,-1
331,9413,294.83,215.04,19.88,74.16,1,-1,-1,-1
331,9418,191.54,201.98,35.94,104.05,1,-1,-1,-1
332,9368,475.42,188.33,45.72,137.66,1,-1,-1,-1
332,9369,408.86,187.17,55.72,132.88,1,-1,-1,-1
332,9408,233.21,187.61,46.06,128.94,1,-1,-1,-1
332,9413,294.77,215.07,19.88,74.10,1,-1,-1,-1
332,9418,190.74,202.01,37.20,103.95,1,-1,-1,-1
333,9368,475.13,188.40,46.08,137.55,1,-1,-1,-1
333,9369,408.56,187.19,56.18,132.79,1,-1,-1,-1
333,9408,233.22,187.52,45.93,129.05,1,-1,-1,-1
333,9413,294.71,215.08,19.89,74.07,1,-1,-1,-1
333,9418,190.17,202.02,38.39,103.92,1,-1,-1,-1
334,9368,474.84,188.40,46.44,137.54,1,-1,-1,-1
334,9369,408.24,187.19,56.63,132.77,1,-1,-1,-1
334,9408,233.27,187.51,45.78,129.04,1,-1,-1,-1
334,9413,294.64,215.07,19.90,74.06,1,-1,-1,-1
334,9418,189.71,202.03,39.50,103.91,1,-1,-1,-1
335,9368,474.57,188.37,46.77,137.57,1,-1,-1,-1
335,9369,407.94,187.17,57.04,132.78,1,-1,-1,-1
335,9408,233.33,187.53,45.62,128.98,1,-1,-1,-1
335,9413,294.57,215.07,19.91,74.05,1,-1,-1,-1
335,9418,189.30,202.03,40.53,103.92,1,-1,-1,-1
336,9368,474.32,188.34,47.08,137.61,1,-1,-1,-1
336,9369,407.66,187.16,57.42,132.79,1,-1,-1,-1
336,9408,233.39,187.56,45.47,128.90,1,-1,-1,-1
336,9413,294.52,215.06,19.92,74.04,1,-1,-1,-1
336,9418,188.92,202.02,41.48,103.93,1,-1,-1,-1
337,9368,474.04,179.12,52.06,152.09,1,-1,-1,-1
337,9369,405.50,181.90,59.61,138.05,1,-1,-1,-1
337,9408,233.32,186.87,45.97,130.33,1,-1,-1,-1
337,9413,295.28,215.16,19.94,74.11,1,-1,-1,-1
337,9418,187.59,202.06,41.43,103.80,1,-1,-1,-1
337,9420,579.00,209.00,43.00,98.00,1,-1,-1,-1
338,9368,473.94,175.75,53.90,157.38,1,-1,-1,-1
338,9369,404.69,179.94,60.38,140.02,1,-1,-1,-1
338,9420,579.00,209.00,43.00,98.00,1,-1,-1,-1
339,9368,473.83,174.40,54.64,159.48,1,-1,-1,-1
339,9369,404.36,179.19,60.63,140.77,1,-1,-1,-1
339,9420,579.00,209.00,43.00,98.00,1,-1,-1,-1
340,9368,473.74,173.90,54.93,160.27,1,-1,-1,-1
340,9369,404.22,178.91,60.68,141.05,1,-1,-1,-1
340,9420,579.00,209.00,43.00,98.00,1,-1,-1,-1
341,9368,473.67,173.72,55.03,160.53,1,-1,-1,-1
341,9369,404.16,178.82,60.66,141.15,1,-1,-1,-1
341,9420,579.00,209.00,43.00,98.00,1,-1,-1,-1
342,9368,473.61,173.68,55.07,160.59,1,-1,-1,-1
342,9369,404.13,178.80,60.62,141.17,1,-1,-1,-1
342,9420,579.00,209.00,43.00,98.00,1,-1,-1,-1
343,9368,473.55,173.68,55.08,160.58,1,-1,-1,-1
343,9369,404.11,178.80,60.57,141.17,1,-1,-1,-1
343,9420,579.00,209.00,43.00,98.00,1,-1,-1,-1
344,9368,473.50,173.70,55.08,160.55,1,-1,-1,-1
344,9369,404.09,178.81,60.52,141.16,1,-1,-1,-1
344,9420,579.00,209.00,43.00,98.00,1,-1,-1,-1
345,9368,474.90,174.37,57.37,161.15,1,-1,-1,-1
345,9369,409.31,185.34,55.23,125.51,1,-1,-1,-1
345,9408,231.14,190.49,37.59,109.78,1,-1,-1,-1
345,9413,273.85,193.05,27.48,99.85,1,-1,-1,-1
345,9420,569.14,213.06,40.40,91.91,1,-1,-1,-1
345,9421,136.00,133.00,89.00,269.00,1,-1,-1,-1
346,9368,476.28,177.23,57.80,156.17,1,-1,-1,-1
346,9369,410.77,187.25,54.25,120.71,1,-1,-1,-1
346,9408,233.89,195.33,35.04,104.57,1,-1,-1,-1
346,9413,271.08,192.48,28.59,102.45,1,-1,-1,-1
346,9420,564.79,211.13,41.43,94.46,1,-1,-1,-1
346,9421,131.81,115.86,93.09,281.00,1,-1,-1,-1
346,9422,39.00,136.00,109.00,267.00,1,-1,-1,-1
347,9368,477.27,177.11,57.94,156.54,1,-1,-1,-1
347,9369,410.80,187.90,53.49,116.37,1,-1,-1,-1
347,9408,234.79,195.89,35.33,105.25,1,-1,-1,-1
347,9413,268.76,192.30,29.59,105.97,1,-1,-1,-1
347,9420,562.96,211.36,41.26,94.07,1,-1,-1,-1
347,9421,125.17,112.26,96.07,288.90,1,-1,-1,-1
347,9422,32.41,139.43,108.46,266.14,1,-1,-1,-1
347,9423,226.00,201.00,32.00,102.00,1,-1,-1,-1
348,9369,409.03,187.45,57.40,123.63,1,-1,-1,-1
348,9408,227.32,200.09,34.29,103.49,1,-1,-1,-1
348,9413,267.53,197.28,29.41,103.55,1,-1,-1,-1
348,9420,561.32,226.90,36.48,82.10,1,-1,-1,-1
348,9421,91.57,107.59,107.48,324.16,1,-1,-1,-1
348,9422,15.98,127.97,119.50,293.81,1,-1,-1,-1
349,9369,408.23,187.29,59.12,126.19,1,-1,-1,-1
349,9408,224.63,201.64,33.71,102.87,1,-1,-1,-1
349,9413,266.98,199.33,29.52,102.50,1,-1,-1,-1
349,9420,560.70,230.42,35.70,79.38,1,-1,-1,-1
349,9421,80.07,106.04,111.14,336.35,1,-1,-1,-1
349,9422,10.68,124.15,122.93,303.01,1,-1,-1,-1
350,9369,401.00,183.95,63.13,134.39,1,-1,-1,-1
350,9408,213.84,193.49,36.46,112.02,1,-1,-1,-1
350,9413,253.98,195.65,30.80,104.63,1,-1,-1,-1
350,9420,559.11,232.65,34.85,77.49,1,-1,-1,-1
350,9421,68.51,102.92,115.36,349.12,1,-1,-1,-1
350,9422,4.62,120.58,126.67,312.21,1,-1,-1,-1
350,9424,544.00,204.00,34.00,105.00,1,-1,-1,-1
351,9368,477.64,188.69,48.58,131.85,1,-1,-1,-1
351,9369,396.14,185.89,63.80,135.56,1,-1,-1,-1
351,9408,208.58,189.27,36.98,115.33,1,-1,-1,-1
351,9413,248.90,194.26,30.96,104.13,1,-1,-1,-1
351,9421,24.67,89.72,126.25,379.31,1,-1,-1,-1
351,9424,541.98,204.86,34.62,106.71,1,-1,-1,-1
352,9368,478.34,189.49,47.99,130.23,1,-1,-1,-1
352,9369,392.35,186.66,63.91,136.01,1,-1,-1,-1
352,9408,202.80,194.71,34.44,108.23,1,-1,-1,-1
352,9413,246.45,193.10,32.04,108.39,1,-1,-1,-1
352,9421,0.09,46.94,141.32,426.41,1,-1,-1,-1
352,9424,541.37,207.98,33.76,103.27,1,-1,-1,-1
353,9369,390.02,186.95,64.43,137.47,1,-1,-1,-1
353,9408,200.36,194.90,34.03,108.04,1,-1,-1,-1
353,9413,244.54,195.85,31.94,107.45,1,-1,-1,-1
353,9421,-17.19,37.73,147.68,445.57,1,-1,-1,-1
353,9424,542.38,208.28,33.35,101.33,1,-1,-1,-1
354,9369,389.21,187.05,64.52,138.01,1,-1,-1,-1
354,9408,199.63,194.97,33.69,107.97,1,-1,-1,-1
354,9413,243.83,196.98,31.97,107.01,1,-1,-1,-1
354,9424,542.64,208.31,33.42,100.75,1,-1,-1,-1
