1,7612,178.27,102.29,53.61,160.42,1,-1,-1,-1
1,7613,414.65,107.44,51.73,152.84,1,-1,-1,-1
1,7615,319.04,105.05,49.83,146.95,1,-1,-1,-1
1,7616,124.00,86.00,70.00,194.00,1,-1,-1,-1
1,7617,1358.00,426.00,174.00,340.00,1,-1,-1,-1
2,7617,1358.00,426.00,174.00,340.00,1,-1,-1,-1
3,7617,1358.00,426.00,174.00,340.00,1,-1,-1,-1
4,7617,1358.00,426.00,174.00,340.00,1,-1,-1,-1
5,7617,1358.00,426.00,174.00,340.00,1,-1,-1,-1
6,7617,1358.00,426.00,174.00,340.00,1,-1,-1,-1
7,7617,1358.00,426.00,174.00,340.00,1,-1,-1,-1
8,7617,1358.00,426.00,174.00,340.00,1,-1,-1,-1
9,7617,1358.00,426.00,174.00,340.00,1,-1,-1,-1
10,7617,1385.16,417.94,181.45,358.80,1,-1,-1,-1
11,7617,1395.77,415.00,182.78,365.66,1,-1,-1,-1
12,7617,1400.38,413.90,181.98,368.23,1,-1,-1,-1
13,7617,1402.58,413.53,180.44,369.10,1,-1,-1,-1
14,7617,1403.83,413.43,178.69,369.33,1,-1,-1,-1
15,7617,1404.70,413.43,176.94,369.32,1,-1,-1,-1
16,7617,1405.39,413.47,175.29,369.24,1,-1,-1,-1
17,7617,1405.99,413.51,173.74,369.13,1,-1,-1,-1
18,7617,1406.53,413.56,172.32,369.03,1,-1,-1,-1
19,7617,1408.85,412.85,173.08,370.67,1,-1,-1,-1
19,7618,1500.00,438.00,172.00,352.00,1,-1,-1,-1
20,7617,1482.00,432.02,167.33,356.70,1,-1,-1,-1
21,7617,1498.98,436.42,166.55,353.60,1,-1,-1,-1
22,7617,1504.61,437.93,166.66,352.52,1,-1,-1,-1
23,7617,1506.27,438.45,167.01,352.13,1,-1,-1,-1
24,7617,1506.47,438.60,167.43,351.98,1,-1,-1,-1
25,7617,1506.14,438.62,167.85,351.94,1,-1,-1,-1
26,7617,1505.66,438.59,168.24,351.92,1,-1,-1,-1
27,7617,1505.15,438.54,168.60,351.92,1,-1,-1,-1
28,7617,1510.77,439.42,168.54,351.79,1,-1,-1,-1
28,7619,1604.00,392.00,194.00,412.00,1,-1,-1,-1
28,7620,536.00,434.00,162.00,296.00,1,-1,-1,-1
29,7619,1604.00,392.00,194.00,412.00,1,-1,-1,-1
29,7620,536.00,434.00,162.00,296.00,1,-1,-1,-1
30,7619,1604.00,392.00,194.00,412.00,1,-1,-1,-1
30,7620,536.00,434.00,162.00,296.00,1,-1,-1,-1
31,7619,1604.00,392.00,194.00,412.00,1,-1,-1,-1
31,7620,536.00,434.00,162.00,296.00,1,-1,-1,-1
32,7619,1604.00,392.00,194.00,412.00,1,-1,-1,-1
32,7620,536.00,434.00,162.00,296.00,1,-1,-1,-1
33,7619,1604.00,392.00,194.00,412.00,1,-1,-1,-1
33,7620,536.00,434.00,162.00,296.00,1,-1,-1,-1
34,7619,1604.00,392.00,194.00,412.00,1,-1,-1,-1
34,7620,536.00,434.00,162.00,296.00,1,-1,-1,-1
35,7619,1604.00,392.00,194.00,412.00,1,-1,-1,-1
35,7620,536.00,434.00,162.00,296.00,1,-1,-1,-1
36,7619,1604.00,392.00,194.00,412.00,1,-1,-1,-1
36,7620,536.00,434.00,162.00,296.00,1,-1,-1,-1
37,7619,1620.32,398.71,207.02,437.51,1,-1,-1,-1
37,7620,535.29,429.97,164.77,301.37,1,-1,-1,-1
38,7619,1625.94,401.16,212.42,446.81,1,-1,-1,-1
38,7620,535.08,428.49,165.68,303.35,1,-1,-1,-1
39,7619,1627.75,402.08,215.04,450.30,1,-1,-1,-1
39,7620,535.05,427.95,165.91,304.07,1,-1,-1,-1
40,7619,1628.07,402.39,216.53,451.49,1,-1,-1,-1
40,7620,535.10,427.77,165.89,304.31,1,-1,-1,-1
41,7619,1627.84,402.47,217.54,451.80,1,-1,-1,-1
41,7620,535.16,427.72,165.78,304.37,1,-1,-1,-1
42,7619,1627.43,402.47,218.35,451.80,1,-1,-1,-1
42,7620,535.23,427.72,165.64,304.37,1,-1,-1,-1
43,7619,1626.98,402.44,219.05,451.69,1,-1,-1,-1
43,7620,535.29,427.74,165.50,304.35,1,-1,-1,-1
44,7619,1626.54,402.41,219.68,451.54,1,-1,-1,-1
44,7620,535.36,427.76,165.36,304.31,1,-1,-1,-1
45,7619,1626.13,402.37,220.25,451.40,1,-1,-1,-1
45,7620,535.42,427.79,165.24,304.28,1,-1,-1,-1
46,7619,1627.59,402.96,221.34,453.64,1,-1,-1,-1
46,7620,535.35,427.44,165.49,304.74,1,-1,-1,-1
64,7620,525.46,421.99,173.26,323.87,1,-1,-1,-1
65,7620,526.07,421.90,171.73,324.27,1,-1,-1,-1
66,7620,526.61,421.86,170.56,324.41,1,-1,-1,-1
67,7620,527.06,421.86,169.64,324.44,1,-1,-1,-1
68,7620,527.44,421.86,168.89,324.43,1,-1,-1,-1
69,7620,527.75,421.88,168.27,324.39,1,-1,-1,-1
70,7620,528.02,421.89,167.76,324.36,1,-1,-1,-1
71,7620,528.24,421.90,167.33,324.33,1,-1,-1,-1
72,7620,528.44,421.91,166.96,324.29,1,-1,-1,-1
73,7620,529.74,427.14,163.05,311.21,1,-1,-1,-1
74,7620,529.61,429.15,162.84,306.17,1,-1,-1,-1
75,7620,528.96,429.88,163.98,304.34,1,-1,-1,-1
76,7620,528.17,430.14,165.50,303.69,1,-1,-1,-1
77,7620,527.40,430.22,167.04,303.49,1,-1,-1,-1
78,7620,526.68,430.23,168.48,303.45,1,-1,-1,-1
79,7620,526.03,430.22,169.80,303.47,1,-1,-1,-1
80,7620,525.44,430.20,170.99,303.51,1,-1,-1,-1
81,7620,524.91,430.19,172.06,303.56,1,-1,-1,-1
82,7620,526.10,428.86,176.24,315.39,1,-1,-1,-1
83,7620,527.24,428.36,176.41,319.81,1,-1,-1,-1
84,7620,528.28,428.16,175.26,321.51,1,-1,-1,-1
85,7620,529.22,428.08,173.72,322.14,1,-1,-1,-1
86,7620,530.07,428.05,172.14,322.35,1,-1,-1,-1
87,7620,530.83,428.03,170.64,322.40,1,-1,-1,-1
88,7620,531.52,428.03,169.25,322.40,1,-1,-1,-1
89,7620,532.14,428.02,167.99,322.37,1,-1,-1,-1
90,7620,532.70,428.02,166.84,322.34,1,-1,-1,-1
91,7620,537.23,435.84,164.28,315.80,1,-1,-1,-1
92,7620,538.75,438.82,163.70,313.28,1,-1,-1,-1
93,7620,539.11,439.91,163.88,312.34,1,-1,-1,-1
94,7620,539.05,440.29,164.30,312.00,1,-1,-1,-1
95,7620,538.85,440.41,164.78,311.88,1,-1,-1,-1
96,7620,538.61,440.42,165.25,311.84,1,-1,-1,-1
97,7620,538.38,440.40,165.70,311.84,1,-1,-1,-1
98,7620,538.15,440.37,166.10,311.85,1,-1,-1,-1
99,7620,537.95,440.34,166.47,311.86,1,-1,-1,-1
100,7620,538.31,440.89,166.35,311.64,1,-1,-1,-1
109,7620,529.46,430.58,175.60,331.18,1,-1,-1,-1
110,7620,529.44,430.06,175.20,332.10,1,-1,-1,-1
111,7620,529.63,429.87,174.67,332.43,1,-1,-1,-1
112,7620,529.87,429.81,174.15,332.52,1,-1,-1,-1
113,7620,530.09,429.80,173.68,332.52,1,-1,-1,-1
114,7620,530.30,429.81,173.27,332.49,1,-1,-1,-1
115,7620,530.48,429.83,172.91,332.46,1,-1,-1,-1
116,7620,530.65,429.84,172.60,332.42,1,-1,-1,-1
117,7620,530.79,429.85,172.33,332.38,1,-1,-1,-1
118,7620,528.72,425.96,182.99,355.81,1,-1,-1,-1
119,7620,528.37,424.51,186.12,364.51,1,-1,-1,-1
120,7620,528.59,423.96,186.63,367.87,1,-1,-1,-1
121,7620,528.99,423.76,186.17,369.08,1,-1,-1,-1
122,7620,529.44,423.71,185.40,369.44,1,-1,-1,-1
123,7620,529.86,423.70,184.57,369.50,1,-1,-1,-1
124,7620,530.26,423.72,183.77,369.43,1,-1,-1,-1
125,7620,530.62,423.74,183.03,369.33,1,-1,-1,-1
126,7620,530.95,423.76,182.35,369.22,1,-1,-1,-1
127,7620,536.66,427.68,177.41,363.91,1,-1,-1,-1
128,7620,539.44,429.19,174.30,361.82,1,-1,-1,-1
129,7620,541.03,429.76,172.03,360.99,1,-1,-1,-1
130,7620,542.11,429.97,170.17,360.64,1,-1,-1,-1
131,7620,542.95,430.05,168.57,360.48,1,-1,-1,-1
132,7620,543.66,430.07,167.16,360.40,1,-1,-1,-1
133,7620,544.28,430.07,165.89,360.35,1,-1,-1,-1
134,7620,544.83,430.07,164.75,360.31,1,-1,-1,-1
135,7620,545.33,430.07,163.72,360.28,1,-1,-1,-1
136,7620,545.53,430.17,163.92,360.72,1,-1,-1,-1
145,7620,547.24,462.75,179.00,392.89,1,-1,-1,-1
146,7620,547.13,464.28,180.04,394.36,1,-1,-1,-1
147,7620,547.01,464.82,180.56,394.89,1,-1,-1,-1
148,7620,546.90,464.97,180.86,395.03,1,-1,-1,-1
149,7620,546.80,464.97,181.05,395.02,1,-1,-1,-1
150,7620,546.71,464.91,181.19,394.96,1,-1,-1,-1
151,7620,546.64,464.84,181.29,394.88,1,-1,-1,-1
152,7620,546.57,464.77,181.37,394.81,1,-1,-1,-1
153,7620,546.51,464.70,181.44,394.73,1,-1,-1,-1
154,7620,533.66,462.03,187.57,407.69,1,-1,-1,-1
155,7620,528.78,461.00,189.95,412.54,1,-1,-1,-1
156,7620,526.88,460.58,190.92,414.34,1,-1,-1,-1
157,7620,526.16,460.40,191.33,414.96,1,-1,-1,-1
158,7620,525.90,460.31,191.51,415.12,1,-1,-1,-1
159,7620,525.81,460.26,191.61,415.12,1,-1,-1,-1
160,7620,525.79,460.23,191.66,415.05,1,-1,-1,-1
161,7620,525.79,460.20,191.70,414.97,1,-1,-1,-1
162,7620,525.81,460.18,191.73,414.88,1,-1,-1,-1
163,7620,524.97,465.37,190.85,417.41,1,-1,-1,-1
164,7620,525.22,467.33,189.43,418.32,1,-1,-1,-1
165,7620,525.83,468.06,187.89,418.62,1,-1,-1,-1
166,7620,526.52,468.31,186.42,418.69,1,-1,-1,-1
167,7620,527.20,468.38,185.06,418.68,1,-1,-1,-1
168,7620,527.84,468.38,183.81,418.63,1,-1,-1,-1
169,7620,528.43,468.36,182.68,418.58,1,-1,-1,-1
170,7620,528.96,468.33,181.65,418.53,1,-1,-1,-1
171,7620,529.44,468.30,180.73,418.48,1,-1,-1,-1
172,7620,528.96,460.45,193.47,444.52,1,-1,-1,-1
172,7621,826.00,428.00,140.00,340.00,1,-1,-1,-1
173,7620,528.35,457.52,199.07,454.21,1,-1,-1,-1
173,7621,826.00,428.00,140.00,340.00,1,-1,-1,-1
174,7620,527.77,456.37,201.96,457.93,1,-1,-1,-1
174,7621,826.00,428.00,140.00,340.00,1,-1,-1,-1
175,7620,527.22,455.94,203.69,459.25,1,-1,-1,-1
175,7621,826.00,428.00,140.00,340.00,1,-1,-1,-1
176,7620,526.73,455.79,204.91,459.65,1,-1,-1,-1
176,7621,826.00,428.00,140.00,340.00,1,-1,-1,-1
177,7620,526.27,455.75,205.87,459.70,1,-1,-1,-1
177,7621,826.00,428.00,140.00,340.00,1,-1,-1,-1
178,7620,525.87,455.75,206.68,459.62,1,-1,-1,-1
178,7621,826.00,428.00,140.00,340.00,1,-1,-1,-1
179,7620,525.50,455.76,207.39,459.51,1,-1,-1,-1
179,7621,826.00,428.00,140.00,340.00,1,-1,-1,-1
180,7620,525.16,455.78,208.03,459.38,1,-1,-1,-1
180,7621,826.00,428.00,140.00,340.00,1,-1,-1,-1
181,7620,538.81,453.20,206.71,455.36,1,-1,-1,-1
181,7621,826.00,428.00,140.00,340.00,1,-1,-1,-1
182,7620,543.89,452.23,206.44,453.75,1,-1,-1,-1
183,7620,545.65,451.88,206.55,453.09,1,-1,-1,-1
184,7620,546.17,451.76,206.79,452.80,1,-1,-1,-1
185,7620,546.23,451.74,207.06,452.65,1,-1,-1,-1
186,7620,546.12,451.74,207.33,452.56,1,-1,-1,-1
187,7620,545.95,451.76,207.58,452.49,1,-1,-1,-1
188,7620,545.78,451.78,207.80,452.44,1,-1,-1,-1
189,7620,545.62,451.80,208.01,452.40,1,-1,-1,-1
190,7620,612.21,459.65,197.41,436.70,1,-1,-1,-1
190,7621,940.36,406.65,146.10,351.64,1,-1,-1,-1
191,7620,638.50,462.67,191.66,430.66,1,-1,-1,-1
191,7621,944.78,405.74,147.35,352.14,1,-1,-1,-1
192,7620,648.80,463.77,187.96,428.45,1,-1,-1,-1
192,7621,946.09,405.41,148.27,352.32,1,-1,-1,-1
193,7620,653.11,464.16,185.16,427.67,1,-1,-1,-1
193,7621,946.19,405.33,148.99,352.37,1,-1,-1,-1
194,7620,655.11,464.29,182.83,427.43,1,-1,-1,-1
194,7621,945.83,405.34,149.58,352.36,1,-1,-1,-1
195,7620,656.19,464.31,180.80,427.38,1,-1,-1,-1
195,7621,945.35,405.38,150.08,352.34,1,-1,-1,-1
196,7620,656.90,464.30,178.99,427.40,1,-1,-1,-1
196,7621,944.85,405.44,150.50,352.31,1,-1,-1,-1
197,7620,657.44,464.28,177.36,427.44,1,-1,-1,-1
197,7621,944.38,405.49,150.88,352.28,1,-1,-1,-1
198,7620,657.89,464.25,175.90,427.49,1,-1,-1,-1
198,7621,943.95,405.54,151.20,352.25,1,-1,-1,-1
199,7620,659.74,465.54,178.20,434.08,1,-1,-1,-1
199,7621,937.48,404.27,155.83,365.29,1,-1,-1,-1
200,7620,660.42,466.01,178.86,436.58,1,-1,-1,-1
200,7621,935.24,403.82,157.03,370.16,1,-1,-1,-1
201,7620,660.63,466.18,178.92,437.54,1,-1,-1,-1
201,7621,934.49,403.66,157.04,372.00,1,-1,-1,-1
202,7620,660.67,466.22,178.77,437.90,1,-1,-1,-1
202,7621,934.32,403.63,156.61,372.65,1,-1,-1,-1
203,7620,660.64,466.23,178.55,438.03,1,-1,-1,-1
203,7621,934.36,403.64,156.07,372.84,1,-1,-1,-1
204,7620,660.60,466.21,178.32,438.08,1,-1,-1,-1
204,7621,934.48,403.66,155.52,372.86,1,-1,-1,-1
205,7620,660.55,466.20,178.10,438.09,1,-1,-1,-1
205,7621,934.61,403.69,155.00,372.81,1,-1,-1,-1
206,7620,660.50,466.18,177.90,438.08,1,-1,-1,-1
206,7621,934.74,403.72,154.52,372.75,1,-1,-1,-1
207,7620,660.46,466.16,177.71,438.08,1,-1,-1,-1
207,7621,934.86,403.75,154.09,372.69,1,-1,-1,-1
208,7620,663.99,449.18,192.59,473.31,1,-1,-1,-1
208,7621,949.17,411.58,155.27,376.53,1,-1,-1,-1
209,7620,665.12,442.89,198.43,486.36,1,-1,-1,-1
209,7621,954.66,414.56,155.48,377.96,1,-1,-1,-1
210,7620,665.34,440.43,201.00,491.44,1,-1,-1,-1
210,7621,956.77,415.69,155.35,378.46,1,-1,-1,-1
211,7620,665.23,439.53,202.21,493.28,1,-1,-1,-1
211,7621,957.59,416.10,155.11,378.61,1,-1,-1,-1
212,7620,665.00,439.23,202.85,493.87,1,-1,-1,-1
212,7621,957.90,416.24,154.84,378.62,1,-1,-1,-1
213,7620,664.75,439.17,203.27,493.97,1,-1,-1,-1
213,7621,958.01,416.27,154.58,378.59,1,-1,-1,-1
214,7620,664.51,439.19,203.57,493.90,1,-1,-1,-1
214,7621,958.05,416.27,154.34,378.55,1,-1,-1,-1
215,7620,664.28,439.25,203.82,493.77,1,-1,-1,-1
215,7621,958.06,416.25,154.12,378.50,1,-1,-1,-1
216,7620,664.07,439.31,204.03,493.63,1,-1,-1,-1
216,7621,958.06,416.23,153.92,378.46,1,-1,-1,-1
217,7620,676.73,454.95,188.91,451.92,1,-1,-1,-1
217,7621,957.27,395.35,160.54,403.19,1,-1,-1,-1
217,7622,1066.00,378.00,144.00,404.00,1,-1,-1,-1
218,7620,681.14,461.14,183.87,435.45,1,-1,-1,-1
218,7621,957.94,387.57,161.02,412.39,1,-1,-1,-1
218,7622,1066.00,378.00,144.00,404.00,1,-1,-1,-1
219,7620,682.17,463.34,183.05,429.60,1,-1,-1,-1
219,7621,959.01,384.55,159.51,415.92,1,-1,-1,-1
219,7622,1066.00,378.00,144.00,404.00,1,-1,-1,-1
220,7620,682.03,464.12,183.66,427.55,1,-1,-1,-1
220,7621,960.14,383.44,157.36,417.19,1,-1,-1,-1
220,7622,1066.00,378.00,144.00,404.00,1,-1,-1,-1
221,7620,681.51,464.37,184.71,426.88,1,-1,-1,-1
221,7621,961.24,383.08,155.12,417.57,1,-1,-1,-1
221,7622,1066.00,378.00,144.00,404.00,1,-1,-1,-1
222,7620,680.88,464.44,185.86,426.73,1,-1,-1,-1
222,7621,962.25,383.00,152.98,417.62,1,-1,-1,-1
222,7622,1066.00,378.00,144.00,404.00,1,-1,-1,-1
223,7620,680.26,464.43,186.97,426.75,1,-1,-1,-1
223,7621,963.18,383.03,151.01,417.54,1,-1,-1,-1
223,7622,1066.00,378.00,144.00,404.00,1,-1,-1,-1
224,7620,679.67,464.40,188.00,426.84,1,-1,-1,-1
224,7621,964.02,383.09,149.20,417.43,1,-1,-1,-1
224,7622,1066.00,378.00,144.00,404.00,1,-1,-1,-1
225,7620,679.13,464.36,188.94,426.95,1,-1,-1,-1
225,7621,964.79,383.17,147.57,417.31,1,-1,-1,-1
225,7622,1066.00,378.00,144.00,404.00,1,-1,-1,-1
226,7620,669.47,461.70,189.77,430.98,1,-1,-1,-1
226,7621,965.32,381.83,148.31,419.41,1,-1,-1,-1
226,7622,1075.24,395.46,142.97,404.00,1,-1,-1,-1
226,7623,818.00,422.00,148.00,468.00,1,-1,-1,-1
227,7620,666.06,460.69,189.60,432.55,1,-1,-1,-1
227,7622,1078.97,401.92,141.98,404.00,1,-1,-1,-1
227,7623,818.00,422.00,148.00,468.00,1,-1,-1,-1
228,7620,664.99,460.30,189.09,433.18,1,-1,-1,-1
228,7622,1080.61,404.25,141.02,404.00,1,-1,-1,-1
228,7623,818.00,422.00,148.00,468.00,1,-1,-1,-1
229,7620,664.79,460.14,188.49,433.45,1,-1,-1,-1
229,7622,1081.45,405.01,140.11,404.00,1,-1,-1,-1
229,7623,818.00,422.00,148.00,468.00,1,-1,-1,-1
230,7620,664.92,460.08,187.90,433.57,1,-1,-1,-1
230,7622,1081.98,405.21,139.25,404.00,1,-1,-1,-1
230,7623,818.00,422.00,148.00,468.00,1,-1,-1,-1
231,7620,665.14,460.05,187.35,433.64,1,-1,-1,-1
231,7622,1082.37,405.19,138.45,404.00,1,-1,-1,-1
231,7623,818.00,422.00,148.00,468.00,1,-1,-1,-1
232,7620,665.39,460.04,186.84,433.69,1,-1,-1,-1
232,7622,1082.70,405.11,137.71,404.00,1,-1,-1,-1
232,7623,818.00,422.00,148.00,468.00,1,-1,-1,-1
233,7620,665.63,460.03,186.38,433.72,1,-1,-1,-1
233,7622,1082.99,405.01,137.02,404.00,1,-1,-1,-1
233,7623,818.00,422.00,148.00,468.00,1,-1,-1,-1
234,7620,665.85,460.03,185.96,433.75,1,-1,-1,-1
234,7622,1083.26,404.91,136.39,404.00,1,-1,-1,-1
234,7623,818.00,422.00,148.00,468.00,1,-1,-1,-1
235,7620,665.66,460.08,185.78,433.35,1,-1,-1,-1
235,7622,1100.79,410.06,140.58,407.93,1,-1,-1,-1
235,7623,805.46,422.00,158.32,490.83,1,-1,-1,-1
236,7622,1106.58,411.96,143.72,409.41,1,-1,-1,-1
236,7623,799.88,422.00,164.08,499.18,1,-1,-1,-1
237,7622,1107.99,412.62,146.33,409.96,1,-1,-1,-1
237,7623,796.88,422.00,168.06,502.28,1,-1,-1,-1
238,7622,1107.79,412.81,148.59,410.16,1,-1,-1,-1
238,7623,794.96,422.00,171.22,503.33,1,-1,-1,-1
239,7622,1107.03,412.83,150.62,410.21,1,-1,-1,-1
239,7623,793.49,422.00,173.97,503.61,1,-1,-1,-1
240,7622,1106.13,412.79,152.45,410.22,1,-1,-1,-1
240,7623,792.26,422.00,176.45,503.60,1,-1,-1,-1
241,7622,1105.23,412.73,154.10,410.21,1,-1,-1,-1
241,7623,791.16,422.00,178.72,503.50,1,-1,-1,-1
242,7622,1104.37,412.66,155.60,410.19,1,-1,-1,-1
242,7623,790.15,422.00,180.80,503.37,1,-1,-1,-1
243,7622,1103.59,412.60,156.96,410.18,1,-1,-1,-1
243,7623,789.24,422.00,182.72,503.24,1,-1,-1,-1
244,7621,1197.45,403.35,142.99,396.87,1,-1,-1,-1
244,7622,1105.26,413.57,157.07,410.46,1,-1,-1,-1
244,7623,799.22,431.14,187.66,505.73,1,-1,-1,-1
245,7621,1201.92,404.03,144.45,396.05,1,-1,-1,-1
245,7623,801.93,434.61,191.69,506.62,1,-1,-1,-1
246,7621,1203.36,404.27,145.60,395.78,1,-1,-1,-1
246,7623,801.97,435.89,195.18,506.89,1,-1,-1,-1
247,7621,1203.34,404.33,146.52,395.70,1,-1,-1,-1
247,7623,801.07,436.35,198.28,506.93,1,-1,-1,-1
248,7621,1202.80,404.33,147.25,395.70,1,-1,-1,-1
248,7623,799.88,436.49,201.08,506.89,1,-1,-1,-1
249,7621,1202.13,404.31,147.85,395.72,1,-1,-1,-1
249,7623,798.66,436.51,203.61,506.82,1,-1,-1,-1
250,7621,1201.48,404.28,148.36,395.74,1,-1,-1,-1
250,7623,797.50,436.48,205.91,506.75,1,-1,-1,-1
251,7621,1200.90,404.25,148.78,395.77,1,-1,-1,-1
251,7623,796.43,436.45,207.99,506.68,1,-1,-1,-1
252,7621,1200.38,404.22,149.14,395.79,1,-1,-1,-1
252,7623,795.45,436.41,209.88,506.61,1,-1,-1,-1
253,7620,910.05,426.40,188.05,453.68,1,-1,-1,-1
253,7621,1221.70,431.77,147.88,373.50,1,-1,-1,-1
253,7623,803.18,435.06,195.66,473.93,1,-1,-1,-1
254,7620,917.75,425.62,184.07,454.18,1,-1,-1,-1
254,7621,1228.03,442.31,150.58,364.97,1,-1,-1,-1
254,7623,806.30,434.51,189.82,461.24,1,-1,-1,-1
255,7620,921.23,425.34,181.14,454.36,1,-1,-1,-1
255,7621,1228.61,446.03,154.61,361.96,1,-1,-1,-1
255,7623,807.55,434.29,187.43,456.72,1,-1,-1,-1
256,7620,922.79,425.28,178.91,454.41,1,-1,-1,-1
256,7621,1227.27,447.28,158.82,360.95,1,-1,-1,-1
256,7623,808.12,434.21,186.30,455.15,1,-1,-1,-1
257,7620,923.51,425.30,177.14,454.40,1,-1,-1,-1
257,7621,1225.36,447.62,162.80,360.67,1,-1,-1,-1
257,7623,808.42,434.16,185.66,454.67,1,-1,-1,-1
258,7620,923.86,425.35,175.70,454.37,1,-1,-1,-1
258,7621,1223.39,447.63,166.45,360.67,1,-1,-1,-1
258,7623,808.62,434.14,185.23,454.59,1,-1,-1,-1
259,7620,924.05,425.41,174.52,454.34,1,-1,-1,-1
259,7621,1221.53,447.53,169.74,360.75,1,-1,-1,-1
259,7623,808.76,434.12,184.90,454.65,1,-1,-1,-1
260,7620,924.15,425.46,173.52,454.31,1,-1,-1,-1
260,7621,1219.82,447.40,172.70,360.85,1,-1,-1,-1
260,7623,808.88,434.11,184.62,454.76,1,-1,-1,-1
261,7620,924.20,425.52,172.67,454.28,1,-1,-1,-1
261,7621,1218.28,447.27,175.37,360.96,1,-1,-1,-1
261,7623,808.99,434.10,184.37,454.87,1,-1,-1,-1
262,7620,927.39,419.03,193.05,511.71,1,-1,-1,-1
262,7621,1221.87,449.34,174.55,359.27,1,-1,-1,-1
262,7623,809.64,434.25,183.62,453.04,1,-1,-1,-1
263,7620,929.03,416.65,199.66,532.73,1,-1,-1,-1
264,7620,929.80,415.73,201.63,541.11,1,-1,-1,-1
265,7620,930.22,415.41,201.74,544.20,1,-1,-1,-1
266,7620,930.50,415.33,201.19,545.18,1,-1,-1,-1
267,7620,930.72,415.34,200.44,545.37,1,-1,-1,-1
268,7620,930.89,415.38,199.67,545.26,1,-1,-1,-1
269,7620,931.03,415.42,198.94,545.04,1,-1,-1,-1
270,7620,931.16,415.47,198.26,544.80,1,-1,-1,-1
271,7620,935.30,411.63,198.64,545.86,1,-1,-1,-1
271,7621,1358.86,466.07,166.98,349.80,1,-1,-1,-1
271,7623,782.22,420.53,202.99,517.15,1,-1,-1,-1
272,7620,936.80,410.19,198.73,546.13,1,-1,-1,-1
272,7621,1365.66,466.63,164.61,349.52,1,-1,-1,-1
272,7623,783.32,419.90,199.14,520.17,1,-1,-1,-1
273,7620,937.29,409.67,198.71,546.10,1,-1,-1,-1
273,7621,1368.55,466.84,162.80,349.41,1,-1,-1,-1
273,7623,784.81,419.68,195.58,521.25,1,-1,-1,-1
274,7620,937.39,409.51,198.66,545.97,1,-1,-1,-1
274,7621,1369.74,466.87,161.38,349.41,1,-1,-1,-1
274,7623,786.27,419.62,192.49,521.57,1,-1,-1,-1
275,7620,937.35,409.48,198.59,545.81,1,-1,-1,-1
275,7621,1370.21,466.83,160.22,349.44,1,-1,-1,-1
275,7623,787.59,419.61,189.84,521.60,1,-1,-1,-1
276,7620,937.26,409.50,198.53,545.65,1,-1,-1,-1
276,7621,1370.39,466.77,159.26,349.49,1,-1,-1,-1
276,7623,788.75,419.63,187.58,521.52,1,-1,-1,-1
277,7620,937.16,409.54,198.47,545.50,1,-1,-1,-1
277,7621,1370.46,466.70,158.44,349.53,1,-1,-1,-1
277,7623,789.76,419.66,185.63,521.41,1,-1,-1,-1
278,7620,937.06,409.58,198.41,545.36,1,-1,-1,-1
278,7621,1370.47,466.63,157.74,349.58,1,-1,-1,-1
278,7623,790.64,419.69,183.94,521.30,1,-1,-1,-1
279,7620,936.97,409.61,198.36,545.23,1,-1,-1,-1
279,7621,1370.46,466.57,157.13,349.62,1,-1,-1,-1
279,7623,791.41,419.72,182.47,521.18,1,-1,-1,-1
280,7620,942.15,423.98,186.49,504.73,1,-1,-1,-1
280,7621,1375.47,467.49,156.85,349.00,1,-1,-1,-1
280,7623,799.75,431.44,176.25,502.88,1,-1,-1,-1
280,7624,1474.00,440.00,142.00,356.00,1,-1,-1,-1
281,7620,943.42,429.60,183.13,488.87,1,-1,-1,-1
281,7623,802.95,435.97,173.91,495.76,1,-1,-1,-1
281,7624,1474.00,440.00,142.00,356.00,1,-1,-1,-1
282,7620,943.17,431.60,183.25,483.23,1,-1,-1,-1
282,7621,1453.08,444.79,157.24,354.65,1,-1,-1,-1
282,7623,804.10,437.63,173.13,493.12,1,-1,-1,-1
283,7620,942.43,432.29,184.52,481.26,1,-1,-1,-1
283,7621,1466.21,441.19,155.82,355.55,1,-1,-1,-1
283,7623,804.49,438.22,172.91,492.15,1,-1,-1,-1
284,7620,941.56,432.51,186.10,480.64,1,-1,-1,-1
284,7621,1471.22,439.94,154.40,355.86,1,-1,-1,-1
284,7623,804.59,438.41,172.90,491.81,1,-1,-1,-1
285,7620,940.69,432.55,187.70,480.52,1,-1,-1,-1
285,7621,1473.19,439.51,153.10,355.97,1,-1,-1,-1
285,7623,804.59,438.45,172.97,491.70,1,-1,-1,-1
286,7620,939.88,432.53,189.21,480.57,1,-1,-1,-1
286,7621,1473.95,439.39,151.95,356.02,1,-1,-1,-1
286,7623,804.56,438.44,173.05,491.68,1,-1,-1,-1
287,7620,939.13,432.49,190.60,480.68,1,-1,-1,-1
287,7621,1474.24,439.38,150.92,356.03,1,-1,-1,-1
287,7623,804.51,438.41,173.14,491.69,1,-1,-1,-1
288,7620,938.46,432.45,191.87,480.80,1,-1,-1,-1
288,7621,1474.34,439.41,150.02,356.03,1,-1,-1,-1
288,7623,804.47,438.37,173.22,491.72,1,-1,-1,-1
289,7620,934.11,428.46,193.92,487.48,1,-1,-1,-1
289,7621,1482.88,421.19,167.43,396.49,1,-1,-1,-1
289,7623,810.10,443.57,178.94,504.82,1,-1,-1,-1
290,7620,932.61,426.95,194.39,490.03,1,-1,-1,-1
290,7621,1485.94,414.49,174.05,411.34,1,-1,-1,-1
290,7623,811.90,445.50,181.69,509.74,1,-1,-1,-1
291,7620,932.17,426.37,194.29,491.04,1,-1,-1,-1
291,7621,1486.81,411.87,176.85,417.23,1,-1,-1,-1
291,7623,812.31,446.21,183.27,511.61,1,-1,-1,-1
292,7620,932.13,426.14,194.00,491.45,1,-1,-1,-1
292,7621,1486.83,410.93,178.05,419.40,1,-1,-1,-1
292,7623,812.20,446.45,184.34,512.29,1,-1,-1,-1
293,7620,932.23,426.06,193.66,491.62,1,-1,-1,-1
293,7621,1486.57,410.66,178.60,420.11,1,-1,-1,-1
293,7623,811.91,446.51,185.16,512.51,1,-1,-1,-1
294,7620,932.37,426.02,193.32,491.71,1,-1,-1,-1
294,7621,1486.22,410.63,178.88,420.24,1,-1,-1,-1
294,7623,811.58,446.50,185.85,512.56,1,-1,-1,-1
295,7620,932.51,426.01,193.01,491.75,1,-1,-1,-1
295,7621,1485.87,410.69,179.05,420.17,1,-1,-1,-1
295,7623,811.26,446.46,186.45,512.54,1,-1,-1,-1
296,7620,932.66,426.01,192.71,491.78,1,-1,-1,-1
296,7621,1485.54,410.78,179.17,420.03,1,-1,-1,-1
296,7623,810.95,446.43,186.99,512.50,1,-1,-1,-1
297,7620,932.79,426.00,192.45,491.81,1,-1,-1,-1
297,7621,1485.22,410.88,179.27,419.87,1,-1,-1,-1
297,7623,810.67,446.39,187.47,512.46,1,-1,-1,-1
298,7620,932.78,431.23,193.77,497.05,1,-1,-1,-1
298,7621,1549.52,421.35,187.58,433.97,1,-1,-1,-1
298,7623,811.20,447.01,187.74,513.21,1,-1,-1,-1
299,7620,932.97,433.20,193.87,499.04,1,-1,-1,-1
299,7621,1573.11,425.34,191.95,439.24,1,-1,-1,-1
300,7620,933.22,433.93,193.56,499.79,1,-1,-1,-1
300,7621,1581.47,426.92,194.69,441.17,1,-1,-1,-1
301,7620,933.47,434.19,193.12,500.06,1,-1,-1,-1
301,7621,1583.88,427.54,196.67,441.78,1,-1,-1,-1
302,7620,933.71,434.27,192.66,500.15,1,-1,-1,-1
302,7621,1584.04,427.79,198.27,441.90,1,-1,-1,-1
303,7620,933.93,434.28,192.22,500.17,1,-1,-1,-1
303,7621,1583.40,427.89,199.64,441.83,1,-1,-1,-1
304,7620,934.13,434.27,191.82,500.17,1,-1,-1,-1
304,7621,1582.52,427.93,200.85,441.71,1,-1,-1,-1
305,7620,934.31,434.25,191.45,500.16,1,-1,-1,-1
305,7621,1581.61,427.95,201.93,441.57,1,-1,-1,-1
306,7620,934.48,434.23,191.11,500.15,1,-1,-1,-1
306,7621,1580.73,427.96,202.90,441.43,1,-1,-1,-1
307,7620,935.75,434.21,198.99,526.24,1,-1,-1,-1
307,7621,1604.10,408.45,216.53,475.11,1,-1,-1,-1
308,7620,936.82,434.20,200.75,535.96,1,-1,-1,-1
308,7621,1613.31,401.19,220.52,487.64,1,-1,-1,-1
309,7620,937.74,434.18,200.39,539.69,1,-1,-1,-1
309,7621,1617.15,398.36,221.13,492.46,1,-1,-1,-1
310,7620,938.56,434.16,199.30,541.03,1,-1,-1,-1
310,7621,1618.81,397.32,220.47,494.16,1,-1,-1,-1
311,7620,939.28,434.15,198.02,541.44,1,-1,-1,-1
311,7621,1619.60,396.99,219.39,494.64,1,-1,-1,-1
312,7620,939.93,434.13,196.74,541.50,1,-1,-1,-1
312,7621,1620.03,396.93,218.23,494.67,1,-1,-1,-1
313,7620,940.52,434.12,195.54,541.44,1,-1,-1,-1
313,7621,1620.31,396.96,217.12,494.54,1,-1,-1,-1
314,7620,941.05,434.11,194.44,541.34,1,-1,-1,-1
314,7621,1620.52,397.03,216.08,494.35,1,-1,-1,-1
315,7620,941.53,434.10,193.43,541.23,1,-1,-1,-1
315,7621,1620.69,397.11,215.13,494.15,1,-1,-1,-1
316,7620,941.58,434.26,194.12,543.20,1,-1,-1,-1
316,7621,1644.00,402.38,209.44,480.98,1,-1,-1,-1
316,7623,1069.69,487.63,192.29,502.31,1,-1,-1,-1
316,7625,0.00,424.00,192.00,416.00,1,-1,-1,-1
317,7621,1652.77,404.46,207.22,475.78,1,-1,-1,-1
317,7623,1072.84,488.49,197.79,501.98,1,-1,-1,-1
317,7625,0.00,424.00,192.00,416.00,1,-1,-1,-1
318,7621,1655.86,405.27,206.39,473.78,1,-1,-1,-1
318,7623,1073.05,488.81,201.75,501.86,1,-1,-1,-1
318,7625,0.00,424.00,192.00,416.00,1,-1,-1,-1
319,7621,1656.82,405.59,206.09,472.98,1,-1,-1,-1
319,7623,1072.02,488.88,204.76,501.83,1,-1,-1,-1
319,7625,0.00,424.00,192.00,416.00,1,-1,-1,-1
320,7621,1656.99,405.72,205.97,472.65,1,-1,-1,-1
320,7623,1070.64,488.84,207.12,501.83,1,-1,-1,-1
320,7625,0.00,424.00,192.00,416.00,1,-1,-1,-1
321,7621,1656.87,405.78,205.94,472.50,1,-1,-1,-1
321,7623,1069.28,488.78,209.03,501.84,1,-1,-1,-1
321,7625,0.00,424.00,192.00,416.00,1,-1,-1,-1
322,7621,1656.65,405.82,205.93,472.41,1,-1,-1,-1
322,7623,1068.05,488.70,210.61,501.86,1,-1,-1,-1
322,7625,0.00,424.00,192.00,416.00,1,-1,-1,-1
323,7621,1656.42,405.84,205.93,472.36,1,-1,-1,-1
323,7623,1066.96,488.63,211.93,501.87,1,-1,-1,-1
323,7625,0.00,424.00,192.00,416.00,1,-1,-1,-1
324,7621,1656.19,405.86,205.93,472.32,1,-1,-1,-1
324,7623,1066.00,488.57,213.06,501.88,1,-1,-1,-1
324,7625,0.00,424.00,192.00,416.00,1,-1,-1,-1
325,7621,1659.56,405.64,206.16,472.83,1,-1,-1,-1
325,7623,1072.85,484.58,214.38,496.65,1,-1,-1,-1
325,7625,58.31,406.54,194.88,424.06,1,-1,-1,-1
326,7623,1074.38,483.04,216.60,494.68,1,-1,-1,-1
326,7625,80.06,400.11,195.42,427.03,1,-1,-1,-1
327,7623,1074.01,482.45,218.96,493.96,1,-1,-1,-1
327,7625,88.23,397.77,195.13,428.11,1,-1,-1,-1
328,7623,1073.01,482.22,221.21,493.72,1,-1,-1,-1
328,7625,91.21,396.98,194.54,428.47,1,-1,-1,-1
329,7623,1071.86,482.13,223.28,493.65,1,-1,-1,-1
329,7625,92.22,396.78,193.88,428.56,1,-1,-1,-1
330,7623,1070.74,482.09,225.13,493.65,1,-1,-1,-1
330,7625,92.51,396.80,193.22,428.56,1,-1,-1,-1
331,7623,1069.70,482.07,226.80,493.67,1,-1,-1,-1
331,7625,92.55,396.88,192.59,428.52,1,-1,-1,-1
332,7623,1068.76,482.06,228.30,493.70,1,-1,-1,-1
332,7625,92.51,396.98,192.00,428.47,1,-1,-1,-1
333,7623,1067.91,482.05,229.64,493.72,1,-1,-1,-1
333,7625,92.44,397.07,191.45,428.43,1,-1,-1,-1
334,7623,1063.53,445.43,241.98,525.13,1,-1,-1,-1
334,7625,111.41,393.24,190.86,425.77,1,-1,-1,-1
335,7623,1062.53,431.84,245.27,536.79,1,-1,-1,-1
335,7625,118.26,391.84,190.95,424.74,1,-1,-1,-1
336,7623,1062.60,426.60,245.43,541.30,1,-1,-1,-1
336,7625,120.50,391.36,191.26,424.34,1,-1,-1,-1
337,7623,1063.06,424.70,244.47,542.94,1,-1,-1,-1
337,7625,121.00,391.24,191.65,424.18,1,-1,-1,-1
338,7623,1063.63,424.11,243.16,543.47,1,-1,-1,-1
338,7625,120.88,391.24,192.03,424.11,1,-1,-1,-1
339,7623,1064.20,424.00,241.81,543.57,1,-1,-1,-1
339,7625,120.55,391.29,192.39,424.08,1,-1,-1,-1
340,7623,1064.75,424.08,240.53,543.52,1,-1,-1,-1
340,7625,120.17,391.35,192.73,424.07,1,-1,-1,-1
341,7623,1065.25,424.21,239.35,543.42,1,-1,-1,-1
341,7625,119.79,391.41,193.04,424.06,1,-1,-1,-1
342,7623,1065.70,424.36,238.27,543.30,1,-1,-1,-1
342,7625,119.43,391.46,193.32,424.05,1,-1,-1,-1
343,7623,1073.82,442.72,233.60,527.58,1,-1,-1,-1
343,7625,122.77,390.60,193.35,424.13,1,-1,-1,-1
343,7626,254.00,392.00,200.00,420.00,1,-1,-1,-1
344,7623,1076.34,449.86,232.88,521.46,1,-1,-1,-1
344,7626,254.00,392.00,200.00,420.00,1,-1,-1,-1
345,7623,1076.71,452.55,233.65,519.17,1,-1,-1,-1
345,7626,254.00,392.00,200.00,420.00,1,-1,-1,-1
346,7623,1076.32,453.55,234.88,518.31,1,-1,-1,-1
346,7626,254.00,392.00,200.00,420.00,1,-1,-1,-1
347,7623,1075.70,453.93,236.19,518.00,1,-1,-1,-1
347,7626,254.00,392.00,200.00,420.00,1,-1,-1,-1
348,7623,1075.03,454.06,237.46,517.89,1,-1,-1,-1
348,7626,254.00,392.00,200.00,420.00,1,-1,-1,-1
349,7623,1074.38,454.10,238.64,517.86,1,-1,-1,-1
349,7626,254.00,392.00,200.00,420.00,1,-1,-1,-1
350,7623,1073.78,454.11,239.72,517.86,1,-1,-1,-1
350,7626,254.00,392.00,200.00,420.00,1,-1,-1,-1
351,7623,1073.23,454.11,240.70,517.87,1,-1,-1,-1
351,7626,254.00,392.00,200.00,420.00,1,-1,-1,-1
352,7623,1074.05,451.49,233.72,504.80,1,-1,-1,-1
352,7626,254.00,392.00,200.00,420.00,1,-1,-1,-1
353,7623,1074.55,450.48,230.60,499.84,1,-1,-1,-1
354,7623,1074.92,450.11,229.04,498.04,1,-1,-1,-1
355,7623,1075.23,449.97,228.09,497.42,1,-1,-1,-1
356,7623,1075.50,449.93,227.40,497.24,1,-1,-1,-1
357,7623,1075.74,449.92,226.85,497.22,1,-1,-1,-1
358,7623,1075.95,449.92,226.38,497.26,1,-1,-1,-1
359,7623,1076.14,449.93,225.96,497.32,1,-1,-1,-1
360,7623,1076.32,449.93,225.59,497.38,1,-1,-1,-1
361,7623,1072.10,446.01,226.15,502.68,1,-1,-1,-1
361,7626,363.45,382.30,192.63,402.53,1,-1,-1,-1
361,7627,928.00,458.00,174.00,486.00,1,-1,-1,-1
362,7623,1071.00,444.54,225.38,504.70,1,-1,-1,-1
362,7626,367.71,381.89,193.03,401.80,1,-1,-1,-1
362,7627,928.00,458.00,174.00,486.00,1,-1,-1,-1
363,7623,1071.02,444.00,224.21,505.48,1,-1,-1,-1
363,7626,369.05,381.74,193.52,401.54,1,-1,-1,-1
363,7627,928.00,458.00,174.00,486.00,1,-1,-1,-1
364,7623,1071.44,443.81,222.98,505.78,1,-1,-1,-1
364,7626,369.20,381.71,194.00,401.47,1,-1,-1,-1
364,7627,928.00,458.00,174.00,486.00,1,-1,-1,-1
365,7623,1071.97,443.75,221.79,505.90,1,-1,-1,-1
365,7626,368.92,381.71,194.43,401.48,1,-1,-1,-1
365,7627,928.00,458.00,174.00,486.00,1,-1,-1,-1
366,7623,1072.51,443.75,220.68,505.95,1,-1,-1,-1
366,7626,368.50,381.73,194.82,401.52,1,-1,-1,-1
366,7627,928.00,458.00,174.00,486.00,1,-1,-1,-1
367,7623,1073.01,443.76,219.67,505.97,1,-1,-1,-1
367,7626,368.08,381.76,195.16,401.56,1,-1,-1,-1
367,7627,928.00,458.00,174.00,486.00,1,-1,-1,-1
368,7623,1073.48,443.78,218.76,505.97,1,-1,-1,-1
368,7626,367.67,381.78,195.45,401.60,1,-1,-1,-1
368,7627,928.00,458.00,174.00,486.00,1,-1,-1,-1
369,7623,1073.91,443.80,217.92,505.98,1,-1,-1,-1
369,7626,367.31,381.80,195.72,401.64,1,-1,-1,-1
369,7627,928.00,458.00,174.00,486.00,1,-1,-1,-1
370,7623,1064.82,428.15,217.86,509.90,1,-1,-1,-1
370,7625,114.86,429.67,181.40,374.28,1,-1,-1,-1
370,7626,370.94,381.48,195.43,401.07,1,-1,-1,-1
370,7627,934.68,445.92,175.41,492.71,1,-1,-1,-1
371,7623,1061.86,422.25,216.90,511.38,1,-1,-1,-1
371,7625,111.33,430.31,187.38,373.56,1,-1,-1,-1
371,7627,937.45,441.45,175.33,495.19,1,-1,-1,-1
372,7623,1061.18,420.06,215.69,511.93,1,-1,-1,-1
372,7625,109.13,430.55,191.42,373.28,1,-1,-1,-1
372,7627,938.74,439.84,174.72,496.09,1,-1,-1,-1
373,7623,1061.35,419.30,214.47,512.13,1,-1,-1,-1
373,7625,107.59,430.60,194.39,373.24,1,-1,-1,-1
373,7627,939.46,439.30,173.94,496.39,1,-1,-1,-1
374,7623,1061.80,419.07,213.31,512.19,1,-1,-1,-1
374,7625,106.45,430.56,196.68,373.28,1,-1,-1,-1
374,7627,939.94,439.16,173.14,496.47,1,-1,-1,-1
375,7623,1062.31,419.05,212.25,512.20,1,-1,-1,-1
375,7625,105.57,430.51,198.48,373.35,1,-1,-1,-1
375,7627,940.33,439.17,172.36,496.46,1,-1,-1,-1
376,7623,1062.83,419.09,211.27,512.19,1,-1,-1,-1
376,7625,104.85,430.46,199.95,373.42,1,-1,-1,-1
376,7627,940.66,439.23,171.63,496.43,1,-1,-1,-1
377,7623,1063.31,419.16,210.39,512.18,1,-1,-1,-1
377,7625,104.26,430.41,201.17,373.48,1,-1,-1,-1
377,7627,940.96,439.29,170.95,496.39,1,-1,-1,-1
378,7623,1063.75,419.24,209.59,512.16,1,-1,-1,-1
378,7625,103.77,430.36,202.19,373.54,1,-1,-1,-1
378,7627,941.23,439.36,170.32,496.35,1,-1,-1,-1
379,7623,1062.97,418.00,209.70,512.42,1,-1,-1,-1
379,7625,116.73,448.75,199.99,365.69,1,-1,-1,-1
379,7627,941.76,438.33,170.51,496.93,1,-1,-1,-1
380,7625,121.15,455.68,200.13,362.75,1,-1,-1,-1
381,7625,122.32,458.18,201.07,361.71,1,-1,-1,-1
382,7625,122.31,459.02,202.21,361.37,1,-1,-1,-1
383,7625,121.92,459.24,203.34,361.30,1,-1,-1,-1
384,7625,121.41,459.24,204.38,361.31,1,-1,-1,-1
385,7625,120.91,459.16,205.33,361.36,1,-1,-1,-1
386,7625,120.44,459.07,206.19,361.42,1,-1,-1,-1
387,7625,120.00,458.97,206.96,361.47,1,-1,-1,-1
388,7625,121.03,460.53,206.47,360.62,1,-1,-1,-1
397,7623,1052.77,441.44,224.20,529.84,1,-1,-1,-1
398,7623,1050.27,442.11,229.22,530.22,1,-1,-1,-1
399,7623,1048.50,442.34,232.75,530.36,1,-1,-1,-1
400,7623,1047.20,442.40,235.37,530.39,1,-1,-1,-1
401,7623,1046.19,442.40,237.41,530.37,1,-1,-1,-1
402,7623,1045.38,442.37,239.04,530.35,1,-1,-1,-1
403,7623,1044.72,442.34,240.38,530.31,1,-1,-1,-1
404,7623,1044.16,442.31,241.51,530.29,1,-1,-1,-1
405,7623,1043.69,442.28,242.47,530.26,1,-1,-1,-1
406,7623,1046.58,444.87,239.33,519.78,1,-1,-1,-1
406,7625,232.89,414.81,200.16,363.80,1,-1,-1,-1
407,7623,1047.29,445.83,238.92,515.77,1,-1,-1,-1
407,7625,237.92,413.65,194.87,363.94,1,-1,-1,-1
408,7623,1047.19,446.18,239.48,514.30,1,-1,-1,-1
408,7625,240.66,413.24,191.09,363.99,1,-1,-1,-1
409,7623,1046.84,446.28,240.33,513.77,1,-1,-1,-1
409,7625,242.26,413.14,188.23,364.01,1,-1,-1,-1
410,7623,1046.41,446.30,241.23,513.60,1,-1,-1,-1
410,7625,243.29,413.16,186.00,364.01,1,-1,-1,-1
411,7623,1046.00,446.29,242.07,513.57,1,-1,-1,-1
411,7625,244.02,413.22,184.19,364.01,1,-1,-1,-1
412,7623,1045.61,446.27,242.85,513.58,1,-1,-1,-1
412,7625,244.57,413.29,182.71,364.01,1,-1,-1,-1
413,7623,1045.25,446.25,243.55,513.61,1,-1,-1,-1
413,7625,245.02,413.35,181.46,364.01,1,-1,-1,-1
414,7623,1044.93,446.22,244.19,513.65,1,-1,-1,-1
414,7625,245.38,413.41,180.39,364.01,1,-1,-1,-1
415,7623,1039.71,439.66,245.48,514.99,1,-1,-1,-1
415,7625,247.91,412.47,180.40,364.03,1,-1,-1,-1
416,7623,1037.56,437.17,246.32,515.51,1,-1,-1,-1
417,7623,1036.60,436.24,246.95,515.72,1,-1,-1,-1
418,7623,1036.11,435.90,247.48,515.81,1,-1,-1,-1
419,7623,1035.81,435.79,247.93,515.85,1,-1,-1,-1
420,7623,1035.60,435.77,248.33,515.88,1,-1,-1,-1
421,7623,1035.43,435.77,248.69,515.89,1,-1,-1,-1
422,7623,1035.29,435.79,249.01,515.90,1,-1,-1,-1
423,7623,1035.16,435.80,249.30,515.91,1,-1,-1,-1
424,7623,1030.94,437.13,253.86,527.68,1,-1,-1,-1
425,7623,1029.67,437.63,254.95,532.10,1,-1,-1,-1
426,7623,1029.48,437.83,254.82,533.77,1,-1,-1,-1
427,7623,1029.67,437.91,254.25,534.37,1,-1,-1,-1
428,7623,1029.99,437.94,253.58,534.56,1,-1,-1,-1
429,7623,1030.34,437.96,252.90,534.59,1,-1,-1,-1
430,7623,1030.67,437.97,252.26,534.57,1,-1,-1,-1
431,7623,1030.98,437.97,251.68,534.53,1,-1,-1,-1
432,7623,1031.26,437.97,251.14,534.48,1,-1,-1,-1
433,7623,1030.81,437.93,251.51,535.26,1,-1,-1,-1
442,7628,994.00,342.00,392.00,662.00,1,-1,-1,-1
443,7628,994.00,342.00,392.00,662.00,1,-1,-1,-1
444,7623,1027.04,344.74,323.84,658.61,1,-1,-1,-1
445,7623,1021.88,341.03,336.77,663.46,1,-1,-1,-1
446,7623,1017.86,339.73,345.74,665.15,1,-1,-1,-1
447,7623,1014.65,339.37,352.41,665.61,1,-1,-1,-1
448,7623,1012.04,339.38,357.65,665.59,1,-1,-1,-1
449,7623,1009.86,339.52,361.91,665.40,1,-1,-1,-1
450,7623,1008.03,339.70,365.47,665.15,1,-1,-1,-1
451,7623,1007.85,336.01,368.26,670.19,1,-1,-1,-1
460,7629,242.00,350.00,486.00,650.00,1,-1,-1,-1
460,7630,1364.00,420.00,166.00,394.00,1,-1,-1,-1
461,7629,242.00,350.00,486.00,650.00,1,-1,-1,-1
461,7630,1364.00,420.00,166.00,394.00,1,-1,-1,-1
462,7623,1332.51,415.83,212.80,405.10,1,-1,-1,-1
462,7629,242.00,350.00,486.00,650.00,1,-1,-1,-1
463,7623,1348.04,419.82,199.97,393.70,1,-1,-1,-1
463,7629,242.00,350.00,486.00,650.00,1,-1,-1,-1
464,7623,1354.68,420.86,193.13,390.24,1,-1,-1,-1
464,7629,242.00,350.00,486.00,650.00,1,-1,-1,-1
465,7623,1357.45,421.10,188.81,389.52,1,-1,-1,-1
465,7629,242.00,350.00,486.00,650.00,1,-1,-1,-1
466,7623,1358.65,421.05,185.75,389.78,1,-1,-1,-1
466,7629,242.00,350.00,486.00,650.00,1,-1,-1,-1
467,7623,1359.32,420.94,183.35,390.26,1,-1,-1,-1
467,7629,242.00,350.00,486.00,650.00,1,-1,-1,-1
468,7623,1359.79,420.82,181.36,390.74,1,-1,-1,-1
468,7629,242.00,350.00,486.00,650.00,1,-1,-1,-1
469,7623,1351.75,440.92,192.51,416.75,1,-1,-1,-1
469,7629,98.66,337.92,498.78,666.11,1,-1,-1,-1
470,7623,1349.00,448.16,196.07,426.21,1,-1,-1,-1
470,7629,45.67,333.47,503.93,672.04,1,-1,-1,-1
471,7623,1347.93,450.81,197.07,429.94,1,-1,-1,-1
471,7629,26.07,331.84,506.25,674.21,1,-1,-1,-1
472,7623,1347.54,451.67,197.11,431.37,1,-1,-1,-1
472,7629,19.30,331.30,507.44,674.94,1,-1,-1,-1
473,7623,1347.44,451.86,196.80,431.91,1,-1,-1,-1
473,7629,17.34,331.16,508.20,675.12,1,-1,-1,-1
474,7623,1347.43,451.81,196.40,432.10,1,-1,-1,-1
474,7629,17.14,331.16,508.77,675.11,1,-1,-1,-1
475,7623,1347.47,451.68,195.99,432.16,1,-1,-1,-1
475,7629,17.53,331.22,509.25,675.04,1,-1,-1,-1
476,7623,1347.51,451.54,195.61,432.17,1,-1,-1,-1
476,7629,18.09,331.29,509.67,674.95,1,-1,-1,-1
477,7623,1347.55,451.40,195.26,432.17,1,-1,-1,-1
477,7629,18.67,331.36,510.06,674.86,1,-1,-1,-1
478,7623,1349.39,453.65,195.39,432.44,1,-1,-1,-1
478,7629,6.39,330.32,511.11,676.24,1,-1,-1,-1
478,7631,1486.00,428.00,164.00,402.00,1,-1,-1,-1
478,7632,1190.00,412.00,186.00,594.00,1,-1,-1,-1
479,7631,1486.00,428.00,164.00,402.00,1,-1,-1,-1
479,7632,1190.00,412.00,186.00,594.00,1,-1,-1,-1
480,7631,1486.00,428.00,164.00,402.00,1,-1,-1,-1
480,7632,1190.00,412.00,186.00,594.00,1,-1,-1,-1
481,7631,1486.00,428.00,164.00,402.00,1,-1,-1,-1
481,7632,1190.00,412.00,186.00,594.00,1,-1,-1,-1
482,7631,1486.00,428.00,164.00,402.00,1,-1,-1,-1
482,7632,1190.00,412.00,186.00,594.00,1,-1,-1,-1
483,7631,1486.00,428.00,164.00,402.00,1,-1,-1,-1
483,7632,1190.00,412.00,186.00,594.00,1,-1,-1,-1
484,7631,1486.00,428.00,164.00,402.00,1,-1,-1,-1
484,7632,1190.00,412.00,186.00,594.00,1,-1,-1,-1
485,7631,1486.00,428.00,164.00,402.00,1,-1,-1,-1
485,7632,1190.00,412.00,186.00,594.00,1,-1,-1,-1
486,7631,1486.00,428.00,164.00,402.00,1,-1,-1,-1
486,7632,1190.00,412.00,186.00,594.00,1,-1,-1,-1
487,7631,1486.00,428.00,164.00,402.00,1,-1,-1,-1
487,7632,1190.00,412.00,186.00,594.00,1,-1,-1,-1
523,7633,1362.00,404.00,340.00,602.00,1,-1,-1,-1
524,7633,1362.00,404.00,340.00,602.00,1,-1,-1,-1
525,7633,1362.00,404.00,340.00,602.00,1,-1,-1,-1
526,7633,1362.00,404.00,340.00,602.00,1,-1,-1,-1
527,7633,1362.00,404.00,340.00,602.00,1,-1,-1,-1
528,7633,1362.00,404.00,340.00,602.00,1,-1,-1,-1
529,7633,1362.00,404.00,340.00,602.00,1,-1,-1,-1
530,7633,1362.00,404.00,340.00,602.00,1,-1,-1,-1
531,7633,1362.00,404.00,340.00,602.00,1,-1,-1,-1
532,7633,1362.00,404.00,340.00,602.00,1,-1,-1,-1
