1,1,62.00,186.00,52.00,150.00,1,-1,-1,-1
1,2,272.00,182.00,38.00,124.00,1,-1,-1,-1
2,1,62.00,186.00,52.00,150.00,1,-1,-1,-1
2,2,272.00,182.00,38.00,124.00,1,-1,-1,-1
3,1,55.44,186.00,53.12,153.00,1,-1,-1,-1
3,2,270.06,180.50,38.89,127.00,1,-1,-1,-1
4,1,53.22,186.00,53.56,154.00,1,-1,-1,-1
4,2,269.43,180.00,39.15,128.00,1,-1,-1,-1
5,1,40.23,186.00,53.96,155.72,1,-1,-1,-1
5,2,270.24,179.86,38.68,126.85,1,-1,-1,-1
5,3,174.00,206.00,26.00,90.00,1,-1,-1,-1
6,1,35.89,186.00,53.94,156.27,1,-1,-1,-1
6,2,270.60,179.84,38.41,126.39,1,-1,-1,-1
6,3,174.00,206.00,26.00,90.00,1,-1,-1,-1
7,1,25.96,172.23,60.12,174.32,1,-1,-1,-1
7,2,272.38,185.39,36.41,119.27,1,-1,-1,-1
7,4,308.00,192.00,34.00,112.00,1,-1,-1,-1
8,1,22.46,167.35,62.28,180.71,1,-1,-1,-1
8,2,272.99,187.44,35.79,116.67,1,-1,-1,-1
8,4,308.00,192.00,34.00,112.00,1,-1,-1,-1
9,1,17.08,164.60,63.78,185.06,1,-1,-1,-1
9,2,273.00,188.12,35.96,115.80,1,-1,-1,-1
9,4,303.32,204.01,32.86,107.50,1,-1,-1,-1
9,5,156.00,214.00,32.00,102.00,1,-1,-1,-1
10,2,272.86,188.32,36.32,115.55,1,-1,-1,-1
10,4,301.65,208.01,32.69,106.00,1,-1,-1,-1
10,5,156.00,214.00,32.00,102.00,1,-1,-1,-1
11,2,269.96,182.96,38.08,120.90,1,-1,-1,-1
11,4,303.67,189.94,36.55,118.84,1,-1,-1,-1
11,6,240.00,194.00,34.00,104.00,1,-1,-1,-1
12,2,270.72,183.64,37.72,120.23,1,-1,-1,-1
12,4,302.83,198.83,35.44,114.97,1,-1,-1,-1
12,7,154.00,210.00,32.00,108.00,1,-1,-1,-1
13,2,270.65,183.69,37.64,119.95,1,-1,-1,-1
13,4,302.18,199.16,35.77,116.02,1,-1,-1,-1
13,7,138.28,199.71,37.73,126.86,1,-1,-1,-1
14,7,135.56,198.00,38.88,130.00,1,-1,-1,-1
15,7,128.11,193.24,41.17,136.60,1,-1,-1,-1
16,7,125.41,191.60,42.22,138.82,1,-1,-1,-1
17,7,121.85,189.28,43.34,142.48,1,-1,-1,-1
19,2,276.07,185.89,37.17,116.13,1,-1,-1,-1
19,7,97.47,166.93,51.75,168.84,1,-1,-1,-1
20,2,276.15,186.03,37.70,115.90,1,-1,-1,-1
20,7,93.40,163.40,53.43,173.06,1,-1,-1,-1
21,2,275.56,186.08,39.11,115.82,1,-1,-1,-1
21,7,82.32,159.60,56.70,178.36,1,-1,-1,-1
22,2,274.99,186.09,40.33,115.80,1,-1,-1,-1
22,7,77.66,158.23,58.89,180.27,1,-1,-1,-1
23,2,273.01,183.46,41.65,119.75,1,-1,-1,-1
23,4,311.26,182.49,38.73,126.01,1,-1,-1,-1
23,7,61.23,152.74,65.01,194.88,1,-1,-1,-1
24,2,272.28,182.48,42.12,121.23,1,-1,-1,-1
24,4,311.70,181.83,38.73,126.32,1,-1,-1,-1
24,7,54.55,150.66,68.17,200.45,1,-1,-1,-1
25,2,272.33,182.29,42.18,121.42,1,-1,-1,-1
25,4,312.12,180.81,39.02,127.28,1,-1,-1,-1
25,7,48.50,162.58,67.73,194.91,1,-1,-1,-1
26,7,46.01,167.60,68.18,192.38,1,-1,-1,-1
27,2,269.79,186.98,43.27,118.64,1,-1,-1,-1
27,7,19.41,148.98,77.41,218.33,1,-1,-1,-1
28,2,268.69,187.75,44.84,118.18,1,-1,-1,-1
28,7,9.46,142.06,80.88,227.99,1,-1,-1,-1
29,2,268.59,188.03,44.80,118.08,1,-1,-1,-1
29,7,-3.33,126.83,88.94,254.24,1,-1,-1,-1
30,7,-7.96,120.85,91.35,264.55,1,-1,-1,-1
31,7,-13.31,121.01,91.06,271.03,1,-1,-1,-1
32,7,-14.57,121.22,89.53,273.41,1,-1,-1,-1
33,2,272.30,186.30,46.36,119.78,1,-1,-1,-1
33,7,-22.26,117.06,92.06,281.14,1,-1,-1,-1
34,2,272.34,186.11,47.16,119.95,1,-1,-1,-1
35,1,123.93,202.76,43.23,120.01,1,-1,-1,-1
35,2,273.37,196.53,46.70,117.39,1,-1,-1,-1
36,1,126.31,204.02,43.63,117.96,1,-1,-1,-1
36,2,273.63,200.45,46.78,116.42,1,-1,-1,-1
37,1,117.78,207.31,40.34,110.02,1,-1,-1,-1
37,2,274.00,201.67,46.68,116.18,1,-1,-1,-1
38,1,114.67,208.30,39.18,107.56,1,-1,-1,-1
39,1,106.32,195.39,38.92,105.50,1,-1,-1,-1
40,1,103.45,191.00,39.11,104.98,1,-1,-1,-1
41,1,92.17,193.79,45.98,123.16,1,-1,-1,-1
41,2,262.59,184.31,52.83,130.42,1,-1,-1,-1
42,1,88.28,194.69,48.35,129.28,1,-1,-1,-1
42,2,261.34,182.62,53.72,131.79,1,-1,-1,-1
43,1,81.61,187.37,52.11,142.08,1,-1,-1,-1
43,2,262.26,182.00,52.59,129.70,1,-1,-1,-1
43,8,174.00,166.00,32.00,106.00,1,-1,-1,-1
44,1,79.38,184.57,53.00,146.99,1,-1,-1,-1
44,2,262.69,181.78,52.02,128.86,1,-1,-1,-1
44,8,174.00,166.00,32.00,106.00,1,-1,-1,-1
45,1,75.26,182.64,54.20,150.32,1,-1,-1,-1
45,2,264.77,180.42,51.90,129.82,1,-1,-1,-1
45,4,298.78,181.73,41.03,128.23,1,-1,-1,-1
46,1,62.73,172.66,54.41,149.40,1,-1,-1,-1
46,2,265.92,179.92,51.15,130.17,1,-1,-1,-1
46,4,298.28,181.65,41.08,128.39,1,-1,-1,-1
47,1,50.09,166.06,58.40,157.42,1,-1,-1,-1
47,2,266.90,179.75,51.08,130.28,1,-1,-1,-1
48,1,45.26,163.69,60.41,160.30,1,-1,-1,-1
48,2,267.31,179.70,50.99,130.30,1,-1,-1,-1
49,1,27.07,170.49,66.02,175.35,1,-1,-1,-1
49,2,267.15,183.60,47.70,123.80,1,-1,-1,-1
50,1,20.15,173.11,68.13,181.09,1,-1,-1,-1
50,2,267.25,185.13,46.08,121.26,1,-1,-1,-1
51,1,7.90,154.15,68.11,180.77,1,-1,-1,-1
51,2,267.13,185.12,45.97,120.97,1,-1,-1,-1
51,9,114.00,134.00,70.00,164.00,1,-1,-1,-1
52,1,1.14,151.19,69.64,184.82,1,-1,-1,-1
52,2,285.85,195.11,47.07,121.70,1,-1,-1,-1
53,2,273.42,190.65,45.69,117.82,1,-1,-1,-1
53,4,302.68,187.68,41.85,124.25,1,-1,-1,-1
53,10,82.00,126.00,88.00,158.00,1,-1,-1,-1
53,11,0.00,184.00,116.00,260.00,1,-1,-1,-1
54,2,268.88,189.02,45.26,116.43,1,-1,-1,-1
54,4,302.39,188.02,43.06,124.01,1,-1,-1,-1
54,10,82.00,126.00,88.00,158.00,1,-1,-1,-1
54,11,0.00,184.00,116.00,260.00,1,-1,-1,-1
55,2,268.76,189.23,45.02,115.81,1,-1,-1,-1
55,4,302.55,188.41,42.98,123.79,1,-1,-1,-1
55,7,39.93,100.46,107.43,322.65,1,-1,-1,-1
56,7,43.47,101.38,108.06,321.21,1,-1,-1,-1
57,7,29.56,92.07,116.56,343.99,1,-1,-1,-1
58,7,24.43,88.76,119.93,352.08,1,-1,-1,-1
59,7,7.43,73.22,126.38,374.60,1,-1,-1,-1
60,7,1.23,67.32,128.25,383.10,1,-1,-1,-1
61,2,290.54,184.37,47.94,125.21,1,-1,-1,-1
61,7,-11.92,47.12,125.98,392.63,1,-1,-1,-1
62,2,292.23,184.04,47.61,125.85,1,-1,-1,-1
62,7,-15.69,39.37,122.52,396.12,1,-1,-1,-1
63,2,294.63,183.93,47.77,128.68,1,-1,-1,-1
63,7,-19.71,33.86,124.67,403.07,1,-1,-1,-1
64,2,295.72,183.89,47.40,129.73,1,-1,-1,-1
65,2,296.80,186.46,45.83,124.96,1,-1,-1,-1
66,2,297.12,187.47,45.28,123.08,1,-1,-1,-1
67,2,297.33,186.54,46.12,127.62,1,-1,-1,-1
68,2,297.61,186.19,45.99,129.30,1,-1,-1,-1
69,2,298.61,193.81,44.05,123.47,1,-1,-1,-1
70,2,298.92,196.79,43.36,121.17,1,-1,-1,-1
71,2,298.21,196.55,43.36,120.32,1,-1,-1,-1
71,4,329.63,197.96,40.12,120.00,1,-1,-1,-1
72,2,297.48,197.75,42.93,118.70,1,-1,-1,-1
72,4,332.73,199.54,39.31,118.55,1,-1,-1,-1
73,2,296.57,199.50,42.64,118.10,1,-1,-1,-1
73,4,337.14,202.70,37.55,115.43,1,-1,-1,-1
74,2,296.23,200.12,42.51,117.89,1,-1,-1,-1
74,4,338.85,203.86,36.67,114.28,1,-1,-1,-1
75,2,297.19,193.77,44.19,119.13,1,-1,-1,-1
75,4,340.54,204.76,36.46,113.63,1,-1,-1,-1
76,2,297.20,191.36,45.48,119.61,1,-1,-1,-1
77,2,297.23,186.52,47.20,122.42,1,-1,-1,-1
78,2,297.05,184.70,48.21,123.48,1,-1,-1,-1
79,2,295.36,185.32,47.89,122.58,1,-1,-1,-1
79,4,343.66,184.31,40.88,128.34,1,-1,-1,-1
80,2,294.68,185.58,47.79,122.23,1,-1,-1,-1
80,4,344.01,182.41,41.09,129.70,1,-1,-1,-1
81,2,294.94,185.12,47.81,122.28,1,-1,-1,-1
81,4,345.29,181.23,41.36,130.55,1,-1,-1,-1
83,2,295.19,185.70,46.07,117.06,1,-1,-1,-1
84,2,295.13,185.80,45.99,116.21,1,-1,-1,-1
85,2,295.36,185.50,45.82,115.78,1,-1,-1,-1
87,2,297.52,189.19,46.18,112.46,1,-1,-1,-1
88,2,297.30,189.77,47.37,111.94,1,-1,-1,-1
89,2,295.94,187.32,50.32,117.06,1,-1,-1,-1
90,2,295.24,186.42,51.82,118.93,1,-1,-1,-1
91,2,296.52,186.08,51.85,118.36,1,-1,-1,-1
92,2,296.94,185.96,51.99,118.14,1,-1,-1,-1
93,2,297.37,185.91,52.79,118.05,1,-1,-1,-1
94,2,297.31,185.91,53.50,118.02,1,-1,-1,-1
95,2,297.73,185.73,53.51,118.03,1,-1,-1,-1
95,4,363.57,185.50,42.90,124.43,1,-1,-1,-1
96,4,362.89,185.83,45.00,124.10,1,-1,-1,-1
97,4,366.13,180.60,45.52,126.66,1,-1,-1,-1
97,12,410.00,174.00,44.00,132.00,1,-1,-1,-1
98,4,367.36,178.69,45.55,127.60,1,-1,-1,-1
98,12,410.00,174.00,44.00,132.00,1,-1,-1,-1
99,4,365.27,177.99,46.65,129.26,1,-1,-1,-1
99,13,168.00,208.00,24.00,62.00,1,-1,-1,-1
100,4,364.33,177.74,47.28,129.88,1,-1,-1,-1
100,13,168.00,208.00,24.00,62.00,1,-1,-1,-1
101,2,305.03,182.17,51.43,112.38,1,-1,-1,-1
101,4,366.16,178.98,45.66,124.88,1,-1,-1,-1
102,2,305.32,181.95,51.62,112.00,1,-1,-1,-1
102,4,366.78,179.49,45.11,122.93,1,-1,-1,-1
103,2,306.06,181.61,51.44,111.60,1,-1,-1,-1
103,4,364.99,179.69,46.24,124.87,1,-1,-1,-1
103,14,180.00,210.00,24.00,72.00,1,-1,-1,-1
104,4,364.20,179.78,46.88,125.59,1,-1,-1,-1
104,14,180.00,210.00,24.00,72.00,1,-1,-1,-1
105,2,305.07,183.51,52.52,113.49,1,-1,-1,-1
105,4,363.72,178.51,48.73,129.78,1,-1,-1,-1
105,14,184.99,207.00,26.04,78.00,1,-1,-1,-1
106,2,304.86,183.80,52.82,113.78,1,-1,-1,-1
106,4,363.45,178.04,49.58,131.36,1,-1,-1,-1
106,14,186.63,206.00,26.76,80.01,1,-1,-1,-1
107,2,302.16,182.60,54.23,116.51,1,-1,-1,-1
107,4,363.91,177.64,49.78,131.88,1,-1,-1,-1
107,14,179.22,208.51,27.28,80.60,1,-1,-1,-1
107,15,112.00,210.00,32.00,78.00,1,-1,-1,-1
108,2,301.11,182.15,54.83,117.53,1,-1,-1,-1
108,14,176.32,209.48,27.68,80.70,1,-1,-1,-1
108,15,112.00,210.00,32.00,78.00,1,-1,-1,-1
109,2,301.20,181.94,54.94,117.75,1,-1,-1,-1
109,14,175.48,209.51,28.16,82.08,1,-1,-1,-1
109,15,106.12,205.50,33.24,81.00,1,-1,-1,-1
109,16,152.00,182.00,38.00,112.00,1,-1,-1,-1
109,17,398.00,176.00,74.00,146.00,1,-1,-1,-1
110,15,104.16,204.00,33.67,82.00,1,-1,-1,-1
110,16,152.00,182.00,38.00,112.00,1,-1,-1,-1
110,17,398.00,176.00,74.00,146.00,1,-1,-1,-1
111,2,294.47,181.92,55.73,121.36,1,-1,-1,-1
111,4,359.15,188.59,43.92,116.02,1,-1,-1,-1
111,14,161.08,189.30,38.46,111.64,1,-1,-1,-1
111,15,95.88,209.28,33.53,82.29,1,-1,-1,-1
111,17,401.51,166.99,77.49,153.51,1,-1,-1,-1
111,18,208.00,200.00,36.00,98.00,1,-1,-1,-1
111,19,240.00,206.00,34.00,90.00,1,-1,-1,-1
112,2,298.65,184.59,52.01,115.27,1,-1,-1,-1
112,4,357.27,188.32,44.54,117.21,1,-1,-1,-1
112,14,159.46,183.85,41.28,119.84,1,-1,-1,-1
112,15,92.63,211.22,34.32,85.14,1,-1,-1,-1
112,17,402.97,161.10,79.52,158.90,1,-1,-1,-1
112,18,205.36,194.86,37.85,103.14,1,-1,-1,-1
112,19,240.24,202.57,35.23,93.43,1,-1,-1,-1
112,20,340.00,188.00,44.00,120.00,1,-1,-1,-1
113,2,298.48,184.65,51.98,115.21,1,-1,-1,-1
113,4,342.07,186.93,47.45,121.51,1,-1,-1,-1
113,14,158.88,181.63,42.41,123.12,1,-1,-1,-1
113,15,91.35,210.55,35.06,87.48,1,-1,-1,-1
113,17,404.37,157.77,79.67,160.67,1,-1,-1,-1
113,18,205.66,194.00,38.16,104.00,1,-1,-1,-1
113,19,240.06,200.52,35.88,95.48,1,-1,-1,-1
114,4,336.21,186.42,49.16,123.08,1,-1,-1,-1
114,14,158.73,180.83,42.80,124.28,1,-1,-1,-1
114,15,91.09,210.28,35.18,88.30,1,-1,-1,-1
114,17,405.09,156.78,79.09,161.12,1,-1,-1,-1
114,18,205.80,193.77,38.23,104.23,1,-1,-1,-1
114,19,240.05,199.86,35.98,96.14,1,-1,-1,-1
115,4,333.77,182.30,52.92,131.52,1,-1,-1,-1
115,14,160.96,186.90,39.76,114.49,1,-1,-1,-1
115,15,88.35,210.50,35.71,89.64,1,-1,-1,-1
115,17,406.32,157.97,78.13,161.15,1,-1,-1,-1
115,18,209.23,196.61,37.25,101.39,1,-1,-1,-1
115,19,239.35,199.69,35.95,96.31,1,-1,-1,-1
115,21,128.00,190.00,56.00,110.00,1,-1,-1,-1
115,22,540.00,182.00,42.00,132.00,1,-1,-1,-1
116,4,332.77,180.76,54.54,134.68,1,-1,-1,-1
116,14,161.91,189.53,38.57,110.22,1,-1,-1,-1
116,17,407.06,158.54,77.07,161.05,1,-1,-1,-1
116,18,210.41,197.65,36.94,100.35,1,-1,-1,-1
116,19,239.14,199.68,35.86,96.32,1,-1,-1,-1
116,21,128.00,190.00,56.00,110.00,1,-1,-1,-1
116,22,540.00,182.00,42.00,132.00,1,-1,-1,-1
117,4,333.55,181.44,54.28,134.62,1,-1,-1,-1
117,14,172.32,194.47,36.33,104.63,1,-1,-1,-1
117,17,410.15,161.54,76.28,160.92,1,-1,-1,-1
117,18,213.10,203.58,34.99,95.82,1,-1,-1,-1
117,19,238.72,203.85,35.16,94.91,1,-1,-1,-1
117,21,119.48,182.49,61.04,120.51,1,-1,-1,-1
117,22,538.41,189.51,40.68,127.50,1,-1,-1,-1
118,4,335.60,183.01,52.10,130.67,1,-1,-1,-1
118,14,171.76,193.37,37.15,106.97,1,-1,-1,-1
118,17,413.03,157.40,77.76,166.14,1,-1,-1,-1
118,18,214.25,204.94,34.59,94.71,1,-1,-1,-1
118,19,237.42,201.28,35.82,97.11,1,-1,-1,-1
118,21,113.99,171.50,68.01,135.33,1,-1,-1,-1
118,22,532.85,187.47,41.24,126.00,1,-1,-1,-1
119,4,337.59,184.94,50.31,127.79,1,-1,-1,-1
119,15,42.22,201.05,45.87,115.88,1,-1,-1,-1
119,17,414.30,155.71,78.69,168.11,1,-1,-1,-1
119,19,236.86,204.37,34.94,95.21,1,-1,-1,-1
119,21,110.29,166.57,71.40,142.07,1,-1,-1,-1
119,22,533.82,188.15,41.87,124.13,1,-1,-1,-1
120,4,338.53,185.66,49.31,126.70,1,-1,-1,-1
120,15,37.91,200.12,46.59,118.41,1,-1,-1,-1
120,19,236.72,205.55,34.48,94.47,1,-1,-1,-1
120,22,533.77,188.32,43.05,123.58,1,-1,-1,-1
121,2,284.07,174.48,52.97,121.69,1,-1,-1,-1
121,4,336.21,182.00,49.12,128.91,1,-1,-1,-1
121,14,167.88,198.67,40.75,119.20,1,-1,-1,-1
121,15,22.02,197.25,49.01,125.64,1,-1,-1,-1
121,17,414.39,158.75,76.87,166.98,1,-1,-1,-1
121,19,236.28,205.91,34.52,94.56,1,-1,-1,-1
121,21,90.58,195.37,63.56,126.91,1,-1,-1,-1
121,22,533.14,189.13,42.57,122.22,1,-1,-1,-1
122,2,284.01,173.95,51.70,122.03,1,-1,-1,-1
122,4,335.64,180.63,48.49,129.73,1,-1,-1,-1
122,14,167.64,199.41,40.69,120.67,1,-1,-1,-1
122,15,16.03,196.14,49.70,128.41,1,-1,-1,-1
122,17,414.88,159.27,75.60,166.78,1,-1,-1,-1
122,21,87.67,200.41,61.89,124.00,1,-1,-1,-1
123,2,282.95,173.32,51.86,122.42,1,-1,-1,-1
123,4,334.49,180.31,48.63,130.09,1,-1,-1,-1
123,14,168.81,199.67,40.75,122.48,1,-1,-1,-1
123,15,9.54,195.24,51.02,131.82,1,-1,-1,-1
123,17,415.75,158.36,76.20,168.09,1,-1,-1,-1
123,19,208.82,207.80,38.94,107.72,1,-1,-1,-1
123,21,57.62,169.04,75.75,154.69,1,-1,-1,-1
123,23,122.00,200.00,50.00,122.00,1,-1,-1,-1
124,14,169.41,199.78,40.47,123.11,1,-1,-1,-1
124,19,204.80,208.10,39.31,109.71,1,-1,-1,-1
124,21,47.79,158.53,79.35,165.13,1,-1,-1,-1
124,23,122.00,200.00,50.00,122.00,1,-1,-1,-1
125,2,262.40,172.01,57.64,135.48,1,-1,-1,-1
125,4,306.08,178.28,51.78,135.13,1,-1,-1,-1
125,14,171.25,195.99,42.29,129.68,1,-1,-1,-1
125,19,193.10,205.63,40.62,114.30,1,-1,-1,-1
125,21,38.87,154.40,82.43,171.55,1,-1,-1,-1
125,24,94.00,204.00,40.00,126.00,1,-1,-1,-1
126,2,259.00,171.78,58.72,137.59,1,-1,-1,-1
126,4,301.03,177.95,53.19,135.95,1,-1,-1,-1
126,14,172.06,194.54,42.79,132.17,1,-1,-1,-1
126,19,188.77,204.67,40.93,116.02,1,-1,-1,-1
126,24,94.00,204.00,40.00,126.00,1,-1,-1,-1
127,2,255.50,170.42,59.80,140.92,1,-1,-1,-1
127,4,301.03,175.23,54.02,138.84,1,-1,-1,-1
127,14,175.01,193.98,42.80,133.06,1,-1,-1,-1
127,19,184.68,204.79,41.55,117.79,1,-1,-1,-1
127,21,4.38,147.64,87.55,185.68,1,-1,-1,-1
127,24,92.33,204.00,40.34,127.50,1,-1,-1,-1
128,2,254.29,169.91,60.05,142.17,1,-1,-1,-1
128,4,301.18,174.22,54.18,139.91,1,-1,-1,-1
128,14,176.25,193.78,42.64,133.32,1,-1,-1,-1
128,21,-1.18,146.47,87.20,188.16,1,-1,-1,-1
128,24,91.83,204.00,40.33,128.00,1,-1,-1,-1
129,2,255.14,172.30,58.92,138.76,1,-1,-1,-1
129,4,301.15,175.14,52.00,133.84,1,-1,-1,-1
129,14,174.44,192.44,44.56,139.76,1,-1,-1,-1
129,21,-7.73,139.70,91.04,199.23,1,-1,-1,-1
129,24,101.20,185.25,47.29,149.78,1,-1,-1,-1
130,2,254.97,170.66,58.35,139.97,1,-1,-1,-1
130,4,302.74,172.89,50.86,134.06,1,-1,-1,-1
130,14,172.36,191.93,45.55,143.45,1,-1,-1,-1
130,19,183.89,199.01,44.30,127.31,1,-1,-1,-1
130,21,-8.82,133.38,89.83,198.43,1,-1,-1,-1
130,24,103.62,180.21,49.83,157.15,1,-1,-1,-1
131,2,253.71,171.34,58.05,140.40,1,-1,-1,-1
131,4,304.67,175.99,49.16,131.53,1,-1,-1,-1
131,14,170.99,195.56,44.45,139.75,1,-1,-1,-1
131,15,44.34,212.22,54.99,141.31,1,-1,-1,-1
131,19,185.95,200.88,43.42,125.83,1,-1,-1,-1
131,21,-17.93,129.19,92.57,204.48,1,-1,-1,-1
131,24,105.62,175.48,51.76,163.22,1,-1,-1,-1
132,2,251.67,171.62,58.56,141.83,1,-1,-1,-1
132,4,305.81,175.88,49.17,133.18,1,-1,-1,-1
132,14,167.16,191.86,46.69,145.91,1,-1,-1,-1
132,15,41.32,200.99,61.88,156.53,1,-1,-1,-1
132,19,187.94,200.25,43.23,127.87,1,-1,-1,-1
133,2,251.50,171.74,58.94,143.63,1,-1,-1,-1
133,4,306.97,174.55,49.10,136.40,1,-1,-1,-1
133,14,165.65,191.74,47.68,148.20,1,-1,-1,-1
133,15,39.48,200.58,63.20,159.87,1,-1,-1,-1
133,19,187.66,198.74,44.00,132.46,1,-1,-1,-1
133,24,93.59,152.66,48.60,147.54,1,-1,-1,-1
134,2,251.71,173.08,57.35,140.42,1,-1,-1,-1
134,4,318.93,175.34,46.80,131.14,1,-1,-1,-1
134,14,164.31,190.44,48.29,151.56,1,-1,-1,-1
134,19,190.00,198.16,43.32,132.91,1,-1,-1,-1
134,24,86.53,147.56,54.77,160.16,1,-1,-1,-1
135,2,251.26,171.00,57.93,143.05,1,-1,-1,-1
135,4,324.14,174.35,46.30,131.70,1,-1,-1,-1
135,14,162.63,189.95,48.30,151.53,1,-1,-1,-1
135,19,187.92,197.85,43.95,134.83,1,-1,-1,-1
135,24,79.89,143.11,54.15,149.91,1,-1,-1,-1
135,25,312.00,172.00,40.00,140.00,1,-1,-1,-1
136,2,251.07,170.23,58.26,142.72,1,-1,-1,-1
136,4,314.25,172.69,47.52,135.83,1,-1,-1,-1
136,14,160.22,180.78,51.83,161.70,1,-1,-1,-1
136,15,6.82,187.99,74.56,190.42,1,-1,-1,-1
136,24,78.91,137.21,55.08,152.47,1,-1,-1,-1
137,2,251.67,168.65,58.44,143.85,1,-1,-1,-1
137,4,313.48,172.21,47.66,136.25,1,-1,-1,-1
137,14,158.39,173.55,55.01,173.08,1,-1,-1,-1
137,15,3.13,186.81,76.41,195.15,1,-1,-1,-1
138,2,252.01,168.06,58.36,144.26,1,-1,-1,-1
138,14,157.82,170.70,55.98,177.53,1,-1,-1,-1
139,2,249.97,173.04,53.66,135.31,1,-1,-1,-1
139,4,309.57,178.51,46.18,131.20,1,-1,-1,-1
139,14,155.18,179.70,56.16,177.93,1,-1,-1,-1
139,26,16.00,128.00,120.00,280.00,1,-1,-1,-1
140,2,249.50,175.00,51.31,131.78,1,-1,-1,-1
140,4,308.84,179.57,46.13,130.36,1,-1,-1,-1
140,14,154.16,183.34,56.22,177.97,1,-1,-1,-1
140,26,16.00,128.00,120.00,280.00,1,-1,-1,-1
141,2,248.70,173.07,53.09,135.79,1,-1,-1,-1
141,4,307.92,179.76,46.09,130.23,1,-1,-1,-1
141,14,153.09,182.63,57.24,181.22,1,-1,-1,-1
141,26,-5.86,114.49,129.18,304.02,1,-1,-1,-1
142,2,248.37,172.36,53.86,137.26,1,-1,-1,-1
142,26,-12.59,109.99,131.14,312.02,1,-1,-1,-1
143,2,247.74,170.79,56.57,143.03,1,-1,-1,-1
143,4,320.12,176.67,47.96,129.99,1,-1,-1,-1
143,26,-20.06,105.46,134.52,320.07,1,-1,-1,-1
143,27,96.00,142.00,86.00,262.00,1,-1,-1,-1
144,2,245.79,168.91,59.75,150.34,1,-1,-1,-1
144,4,320.80,173.47,53.46,136.73,1,-1,-1,-1
144,27,96.37,136.86,86.98,265.43,1,-1,-1,-1
145,2,245.82,169.46,59.47,149.33,1,-1,-1,-1
145,4,321.33,173.09,53.65,137.22,1,-1,-1,-1
146,2,245.86,169.70,59.38,148.87,1,-1,-1,-1
147,2,245.19,168.51,58.18,147.36,1,-1,-1,-1
147,28,46.00,114.00,124.00,324.00,1,-1,-1,-1
148,2,245.12,168.06,57.40,146.75,1,-1,-1,-1
148,28,46.00,114.00,124.00,324.00,1,-1,-1,-1
149,2,247.43,167.90,57.68,149.10,1,-1,-1,-1
149,4,327.72,173.75,55.46,139.91,1,-1,-1,-1
149,28,20.56,97.49,137.34,357.03,1,-1,-1,-1
150,2,248.49,167.85,57.44,149.97,1,-1,-1,-1
150,4,328.06,173.85,56.15,140.15,1,-1,-1,-1
150,28,11.74,91.98,142.49,368.03,1,-1,-1,-1
151,2,250.12,170.43,54.95,145.09,1,-1,-1,-1
151,4,332.92,175.19,54.75,138.92,1,-1,-1,-1
151,19,299.79,180.29,43.92,132.76,1,-1,-1,-1
151,28,-3.35,66.57,156.32,407.68,1,-1,-1,-1
151,29,178.00,202.00,26.00,72.00,1,-1,-1,-1
152,2,251.78,172.76,51.96,137.91,1,-1,-1,-1
152,4,334.26,177.00,52.53,134.53,1,-1,-1,-1
152,19,304.99,179.84,43.83,130.82,1,-1,-1,-1
152,28,-12.77,32.45,169.51,446.82,1,-1,-1,-1
152,29,181.47,200.29,25.92,72.00,1,-1,-1,-1
153,2,249.96,173.64,51.75,137.86,1,-1,-1,-1
153,4,333.30,176.37,54.53,138.12,1,-1,-1,-1
153,19,309.90,178.96,43.89,130.99,1,-1,-1,-1
153,26,113.22,190.84,42.54,107.10,1,-1,-1,-1
153,28,-22.42,15.53,172.96,464.18,1,-1,-1,-1
154,2,246.84,171.32,52.66,141.79,1,-1,-1,-1
154,4,334.28,176.41,54.65,138.41,1,-1,-1,-1
154,19,307.00,196.84,42.65,120.84,1,-1,-1,-1
154,26,112.01,197.91,34.80,92.09,1,-1,-1,-1
154,28,-26.46,22.22,167.46,458.59,1,-1,-1,-1
154,30,180.00,198.00,26.00,88.00,1,-1,-1,-1
155,2,244.75,171.75,52.27,141.96,1,-1,-1,-1
155,19,306.55,199.38,44.12,119.98,1,-1,-1,-1
155,26,115.15,212.22,27.25,73.10,1,-1,-1,-1
155,28,-36.04,10.11,173.92,476.29,1,-1,-1,-1
155,30,180.11,204.86,24.06,81.14,1,-1,-1,-1
156,2,244.09,171.92,51.88,142.02,1,-1,-1,-1
156,19,306.01,200.22,45.39,119.69,1,-1,-1,-1
156,26,115.38,214.92,25.84,70.16,1,-1,-1,-1
156,30,180.08,206.00,23.84,80.00,1,-1,-1,-1
157,2,243.27,171.95,51.92,142.13,1,-1,-1,-1
157,19,304.18,197.81,48.89,127.62,1,-1,-1,-1
157,26,117.94,221.23,22.11,60.03,1,-1,-1,-1
157,30,180.01,206.28,25.42,84.27,1,-1,-1,-1
158,19,303.35,196.92,50.42,130.52,1,-1,-1,-1
158,30,179.85,206.32,26.21,85.69,1,-1,-1,-1
159,2,253.48,188.70,50.63,138.72,1,-1,-1,-1
159,19,303.68,197.84,52.09,132.95,1,-1,-1,-1
159,30,178.17,204.89,26.95,87.56,1,-1,-1,-1
160,2,255.15,191.41,50.38,138.16,1,-1,-1,-1
160,19,303.55,198.17,53.07,133.86,1,-1,-1,-1
160,30,177.50,204.35,27.31,88.19,1,-1,-1,-1
161,2,255.46,192.96,50.30,137.93,1,-1,-1,-1
161,14,114.92,197.47,31.61,94.78,1,-1,-1,-1
161,19,305.59,198.79,53.34,134.55,1,-1,-1,-1
161,30,176.56,196.03,30.20,96.49,1,-1,-1,-1
162,14,114.00,198.00,31.71,91.95,1,-1,-1,-1
162,30,176.12,193.00,31.46,99.50,1,-1,-1,-1
163,2,254.74,179.23,49.21,134.56,1,-1,-1,-1
163,14,110.90,189.20,37.05,104.58,1,-1,-1,-1
163,30,174.74,191.85,31.77,99.30,1,-1,-1,-1
164,2,254.58,177.06,49.13,134.02,1,-1,-1,-1
164,14,109.67,186.39,39.24,108.61,1,-1,-1,-1
164,30,174.11,191.47,32.07,99.12,1,-1,-1,-1
165,2,256.17,176.32,49.78,135.16,1,-1,-1,-1
165,14,106.98,186.81,40.66,110.11,1,-1,-1,-1
165,30,174.02,193.98,33.23,100.29,1,-1,-1,-1
166,2,256.69,176.05,50.15,135.60,1,-1,-1,-1
166,14,105.87,187.09,41.54,110.58,1,-1,-1,-1
166,30,173.77,194.97,34.09,100.69,1,-1,-1,-1
167,2,260.81,177.27,48.97,131.85,1,-1,-1,-1
167,14,103.14,180.53,45.29,120.11,1,-1,-1,-1
167,30,171.80,187.59,38.19,111.18,1,-1,-1,-1
168,2,262.31,177.74,48.62,130.43,1,-1,-1,-1
168,14,102.11,178.15,46.74,123.57,1,-1,-1,-1
168,30,170.89,184.84,40.06,115.09,1,-1,-1,-1
169,2,261.90,177.91,47.76,127.28,1,-1,-1,-1
169,14,102.22,173.41,49.01,128.71,1,-1,-1,-1
169,30,168.59,183.77,42.16,117.86,1,-1,-1,-1
170,2,261.64,177.98,47.60,126.13,1,-1,-1,-1
170,14,102.23,171.64,50.01,130.62,1,-1,-1,-1
170,30,167.39,183.39,43.59,118.87,1,-1,-1,-1
171,2,259.10,178.00,49.75,129.69,1,-1,-1,-1
171,4,317.08,172.07,54.84,143.99,1,-1,-1,-1
171,14,97.27,171.03,50.09,129.97,1,-1,-1,-1
171,30,164.68,185.84,43.52,116.63,1,-1,-1,-1
172,2,257.93,178.01,50.99,131.03,1,-1,-1,-1
172,4,317.18,171.96,53.57,144.10,1,-1,-1,-1
172,14,95.30,170.89,50.23,129.60,1,-1,-1,-1
172,30,163.44,186.86,43.85,115.66,1,-1,-1,-1
173,2,258.16,178.03,50.87,130.72,1,-1,-1,-1
173,4,315.98,171.92,52.96,142.83,1,-1,-1,-1
173,14,93.66,168.88,51.12,131.91,1,-1,-1,-1
173,30,165.11,188.57,42.31,111.35,1,-1,-1,-1
174,4,315.58,171.91,52.68,142.34,1,-1,-1,-1
174,30,165.76,189.27,41.74,109.61,1,-1,-1,-1
175,4,314.87,171.74,52.72,142.45,1,-1,-1,-1
175,30,162.16,185.63,44.01,114.15,1,-1,-1,-1
176,30,160.67,184.28,45.15,115.83,1,-1,-1,-1
177,14,61.66,163.66,58.39,143.69,1,-1,-1,-1
177,30,159.88,183.39,45.69,117.23,1,-1,-1,-1
178,14,57.46,163.29,61.02,144.73,1,-1,-1,-1
179,4,265.29,175.53,53.22,136.65,1,-1,-1,-1
179,14,42.46,151.53,68.30,161.89,1,-1,-1,-1
179,30,160.74,180.28,47.37,123.30,1,-1,-1,-1
180,4,259.67,175.91,54.97,136.08,1,-1,-1,-1
180,14,36.87,147.16,71.02,168.27,1,-1,-1,-1
180,30,161.12,179.76,47.16,124.32,1,-1,-1,-1
181,4,255.34,176.12,54.80,135.68,1,-1,-1,-1
181,14,32.42,144.54,72.61,172.02,1,-1,-1,-1
181,30,161.84,180.87,45.92,124.68,1,-1,-1,-1
181,31,108.00,164.00,38.00,154.00,1,-1,-1,-1
182,30,162.48,181.32,44.75,124.78,1,-1,-1,-1
182,31,108.00,164.00,38.00,154.00,1,-1,-1,-1
183,4,259.49,174.40,57.61,140.87,1,-1,-1,-1
183,14,11.94,141.48,77.31,187.97,1,-1,-1,-1
183,30,162.02,180.62,45.25,126.17,1,-1,-1,-1
183,31,104.10,161.00,38.30,155.50,1,-1,-1,-1
184,4,259.82,174.14,58.49,141.67,1,-1,-1,-1
184,14,8.99,140.94,76.77,190.81,1,-1,-1,-1
184,31,102.83,160.00,38.33,156.00,1,-1,-1,-1
185,2,291.23,168.23,54.02,143.61,1,-1,-1,-1
185,4,261.22,176.66,56.27,136.72,1,-1,-1,-1
185,14,3.26,138.21,74.47,182.94,1,-1,-1,-1
185,31,90.30,151.06,42.49,169.13,1,-1,-1,-1
186,2,292.87,170.53,53.13,142.77,1,-1,-1,-1
186,4,261.99,176.30,56.54,136.15,1,-1,-1,-1
186,14,-1.88,135.83,75.86,186.36,1,-1,-1,-1
186,31,84.61,146.67,44.07,168.18,1,-1,-1,-1
187,2,296.25,168.76,52.37,143.75,1,-1,-1,-1
187,4,261.56,177.47,55.54,132.01,1,-1,-1,-1
187,31,80.99,136.99,50.74,192.14,1,-1,-1,-1
188,2,300.86,170.69,50.49,140.23,1,-1,-1,-1
188,4,261.01,177.91,54.80,129.13,1,-1,-1,-1
188,31,77.89,136.07,51.59,191.78,1,-1,-1,-1
189,2,303.00,170.43,50.58,140.47,1,-1,-1,-1
189,4,258.51,178.06,56.60,132.07,1,-1,-1,-1
189,30,128.53,146.38,70.07,191.50,1,-1,-1,-1
189,31,74.01,132.19,53.04,197.19,1,-1,-1,-1
190,4,257.49,178.11,57.56,133.16,1,-1,-1,-1
190,30,125.55,143.88,72.94,196.26,1,-1,-1,-1
191,4,255.74,175.51,59.46,138.82,1,-1,-1,-1
191,30,111.65,139.22,83.46,224.07,1,-1,-1,-1
191,31,55.79,124.07,58.25,209.66,1,-1,-1,-1
192,4,255.27,174.53,59.88,140.95,1,-1,-1,-1
192,30,106.16,137.39,87.67,234.94,1,-1,-1,-1
192,31,52.00,122.71,60.57,211.76,1,-1,-1,-1
193,2,294.43,171.74,58.12,154.55,1,-1,-1,-1
193,4,258.83,172.85,61.72,144.36,1,-1,-1,-1
193,14,-5.21,105.05,107.91,267.73,1,-1,-1,-1
193,30,97.35,133.03,95.20,255.28,1,-1,-1,-1
193,31,47.34,119.02,62.07,217.01,1,-1,-1,-1
193,32,320.00,196.00,56.00,130.00,1,-1,-1,-1
194,2,292.63,171.88,60.55,155.92,1,-1,-1,-1
194,4,260.13,172.22,62.64,145.65,1,-1,-1,-1
194,14,-4.54,103.17,109.19,272.99,1,-1,-1,-1
194,30,93.87,131.31,98.17,263.36,1,-1,-1,-1
194,32,320.00,196.00,56.00,130.00,1,-1,-1,-1
195,2,313.37,184.84,56.07,142.21,1,-1,-1,-1
195,4,259.92,171.98,61.89,144.83,1,-1,-1,-1
195,14,-8.23,97.50,111.51,286.16,1,-1,-1,-1
195,30,88.51,128.21,103.66,281.32,1,-1,-1,-1
196,2,319.56,185.92,55.42,139.42,1,-1,-1,-1
196,4,263.28,174.50,56.09,131.50,1,-1,-1,-1
196,14,-11.83,91.60,108.07,287.51,1,-1,-1,-1
196,30,81.57,123.33,110.59,301.88,1,-1,-1,-1
197,2,319.41,183.65,54.55,135.79,1,-1,-1,-1
197,4,279.65,172.80,57.53,137.04,1,-1,-1,-1
197,14,-15.01,88.17,110.63,294.31,1,-1,-1,-1
197,30,72.62,107.92,118.39,322.31,1,-1,-1,-1
198,2,321.34,185.42,55.36,137.09,1,-1,-1,-1
198,4,280.63,172.60,57.52,137.03,1,-1,-1,-1
198,30,49.01,90.68,129.70,348.85,1,-1,-1,-1
199,2,321.37,189.99,55.60,136.27,1,-1,-1,-1
199,30,35.00,72.77,142.08,381.42,1,-1,-1,-1
200,2,321.16,191.70,55.96,135.97,1,-1,-1,-1
200,30,29.30,65.56,147.21,394.51,1,-1,-1,-1
201,2,317.24,188.36,57.08,139.81,1,-1,-1,-1
201,4,265.02,177.26,53.75,129.12,1,-1,-1,-1
201,30,10.48,42.94,160.21,429.27,1,-1,-1,-1
202,2,315.85,187.09,57.26,141.24,1,-1,-1,-1
202,4,263.19,177.84,52.96,128.14,1,-1,-1,-1
202,30,3.06,34.02,165.34,442.95,1,-1,-1,-1
203,2,317.00,187.65,57.33,141.42,1,-1,-1,-1
203,4,263.84,180.69,50.22,122.51,1,-1,-1,-1
203,30,-12.47,15.65,165.37,454.40,1,-1,-1,-1
204,4,264.20,181.74,49.03,120.44,1,-1,-1,-1
204,30,-17.46,8.43,163.08,458.70,1,-1,-1,-1
205,2,316.68,189.79,54.33,135.30,1,-1,-1,-1
205,4,263.69,182.31,48.52,119.19,1,-1,-1,-1
205,30,-23.97,1.88,167.23,470.37,1,-1,-1,-1
206,2,316.78,190.14,53.50,134.29,1,-1,-1,-1
207,2,316.69,177.04,56.12,144.53,1,-1,-1,-1
207,33,36.00,152.00,74.00,192.00,1,-1,-1,-1
207,34,180.00,204.00,26.00,84.00,1,-1,-1,-1
208,2,317.06,172.30,56.26,148.23,1,-1,-1,-1
208,33,36.00,152.00,74.00,192.00,1,-1,-1,-1
208,34,180.00,204.00,26.00,84.00,1,-1,-1,-1
209,2,319.06,182.02,53.84,141.97,1,-1,-1,-1
209,4,267.16,180.38,52.17,126.85,1,-1,-1,-1
209,31,89.34,163.25,55.91,190.93,1,-1,-1,-1
209,33,15.76,147.50,79.96,208.51,1,-1,-1,-1
209,34,183.51,208.50,24.99,81.00,1,-1,-1,-1
209,35,296.00,192.00,58.00,134.00,1,-1,-1,-1
210,2,319.83,185.92,52.85,139.44,1,-1,-1,-1
210,4,267.29,180.20,52.89,127.56,1,-1,-1,-1
210,31,91.58,165.68,56.11,188.61,1,-1,-1,-1
210,33,9.21,146.00,81.54,214.02,1,-1,-1,-1
210,34,184.71,210.00,24.58,80.00,1,-1,-1,-1
210,35,296.00,192.00,58.00,134.00,1,-1,-1,-1
211,2,323.61,178.16,53.33,142.44,1,-1,-1,-1
211,4,268.65,178.83,54.43,131.73,1,-1,-1,-1
211,31,82.72,156.71,62.62,212.84,1,-1,-1,-1
211,33,0.48,132.90,89.98,236.73,1,-1,-1,-1
211,34,183.36,204.53,26.35,85.61,1,-1,-1,-1
211,36,208.00,204.00,30.00,88.00,1,-1,-1,-1
212,2,325.18,175.29,53.15,143.55,1,-1,-1,-1
212,4,269.20,178.31,54.92,133.29,1,-1,-1,-1
212,31,79.88,153.66,64.50,221.11,1,-1,-1,-1
212,33,-2.43,128.25,92.78,244.75,1,-1,-1,-1
212,34,182.87,202.69,26.97,87.48,1,-1,-1,-1
212,36,208.00,204.00,30.00,88.00,1,-1,-1,-1
213,2,326.98,172.90,53.20,146.57,1,-1,-1,-1
213,4,276.00,174.23,56.14,139.05,1,-1,-1,-1
213,31,79.21,153.21,65.60,224.88,1,-1,-1,-1
213,33,-8.97,123.99,96.27,253.97,1,-1,-1,-1
213,34,179.18,203.38,27.34,88.14,1,-1,-1,-1
213,36,209.50,202.50,30.00,88.00,1,-1,-1,-1
214,2,327.92,172.02,52.65,147.70,1,-1,-1,-1
214,4,278.87,172.68,56.01,141.23,1,-1,-1,-1
214,34,177.74,203.67,27.58,88.34,1,-1,-1,-1
214,36,210.00,202.00,30.00,88.00,1,-1,-1,-1
215,2,328.34,176.88,50.96,142.94,1,-1,-1,-1
215,4,281.39,177.23,54.40,136.92,1,-1,-1,-1
215,34,179.76,206.47,26.60,85.70,1,-1,-1,-1
215,36,210.50,201.50,30.00,88.00,1,-1,-1,-1
216,2,328.46,178.81,50.30,141.07,1,-1,-1,-1
216,4,282.32,179.02,53.79,135.19,1,-1,-1,-1
216,34,180.59,207.54,26.12,84.66,1,-1,-1,-1
217,2,329.59,183.47,50.45,140.37,1,-1,-1,-1
217,4,279.67,178.39,55.59,141.06,1,-1,-1,-1
217,31,32.99,130.35,82.36,274.18,1,-1,-1,-1
217,34,181.88,207.93,25.33,82.93,1,-1,-1,-1
218,2,329.88,185.22,50.71,140.10,1,-1,-1,-1
218,4,278.82,178.15,55.97,143.24,1,-1,-1,-1
218,31,27.50,128.05,85.65,279.00,1,-1,-1,-1
218,34,182.43,208.06,24.89,82.29,1,-1,-1,-1
219,2,330.74,185.63,50.68,140.02,1,-1,-1,-1
219,4,279.77,176.77,54.79,140.19,1,-1,-1,-1
219,31,8.33,113.21,90.65,299.81,1,-1,-1,-1
219,34,176.50,205.43,26.33,87.38,1,-1,-1,-1
219,36,211.16,205.68,29.84,88.00,1,-1,-1,-1
220,4,280.11,176.24,54.32,138.97,1,-1,-1,-1
220,31,1.34,107.54,91.89,307.75,1,-1,-1,-1
220,34,174.36,204.47,26.80,89.24,1,-1,-1,-1
220,36,211.27,205.99,29.69,88.00,1,-1,-1,-1
221,2,335.36,177.71,50.21,141.65,1,-1,-1,-1
221,4,282.62,174.73,54.57,139.80,1,-1,-1,-1
221,31,-8.68,94.02,93.21,323.29,1,-1,-1,-1
221,34,173.74,205.40,26.59,88.65,1,-1,-1,-1
221,36,212.50,207.44,29.94,89.34,1,-1,-1,-1
222,2,336.48,176.45,49.39,141.91,1,-1,-1,-1
222,4,283.57,174.17,54.63,140.10,1,-1,-1,-1
222,31,-11.72,88.77,92.09,329.26,1,-1,-1,-1
222,34,173.55,205.77,26.48,88.40,1,-1,-1,-1
222,36,213.00,207.96,29.92,89.83,1,-1,-1,-1
223,2,338.58,172.08,49.62,144.62,1,-1,-1,-1
223,4,283.06,175.26,53.75,137.60,1,-1,-1,-1
223,31,-17.48,84.71,94.31,337.21,1,-1,-1,-1
223,34,171.57,199.37,28.97,97.44,1,-1,-1,-1
223,36,211.33,197.60,33.60,101.87,1,-1,-1,-1
224,2,339.52,170.46,49.33,145.63,1,-1,-1,-1
224,4,282.81,175.69,53.45,136.62,1,-1,-1,-1
224,34,170.91,197.01,29.75,100.77,1,-1,-1,-1
224,36,210.83,193.82,34.73,106.27,1,-1,-1,-1
225,2,341.99,176.36,48.82,142.11,1,-1,-1,-1
225,4,283.02,177.17,54.01,137.56,1,-1,-1,-1
225,34,170.10,201.17,28.65,96.98,1,-1,-1,-1
225,36,209.22,201.19,32.90,99.12,1,-1,-1,-1
226,2,342.74,178.66,48.95,140.74,1,-1,-1,-1
226,4,283.03,177.72,54.33,137.91,1,-1,-1,-1
226,34,169.82,202.88,28.20,95.38,1,-1,-1,-1
226,36,208.44,204.26,32.34,96.08,1,-1,-1,-1
227,2,339.42,178.22,50.87,142.85,1,-1,-1,-1
227,4,282.28,176.63,57.23,143.25,1,-1,-1,-1
227,34,173.31,200.93,28.70,97.37,1,-1,-1,-1
227,36,208.79,205.40,32.17,94.93,1,-1,-1,-1
228,2,337.84,178.05,52.21,143.64,1,-1,-1,-1
228,4,281.76,176.22,58.77,145.25,1,-1,-1,-1
228,34,174.66,200.20,28.83,98.09,1,-1,-1,-1
228,36,208.86,205.83,32.22,94.49,1,-1,-1,-1
229,2,338.94,174.09,54.48,149.14,1,-1,-1,-1
229,4,280.78,174.77,59.61,147.30,1,-1,-1,-1
229,34,174.54,196.05,30.18,102.22,1,-1,-1,-1
229,36,207.14,202.05,33.10,96.93,1,-1,-1,-1
229,37,118.00,192.00,30.00,100.00,1,-1,-1,-1
230,2,339.66,171.31,54.68,149.93,1,-1,-1,-1
230,4,282.12,172.92,59.04,145.48,1,-1,-1,-1
230,34,173.92,195.76,30.57,103.77,1,-1,-1,-1
230,36,206.83,195.46,35.36,104.31,1,-1,-1,-1
230,37,118.75,200.57,28.49,94.86,1,-1,-1,-1
231,2,339.59,168.95,54.12,148.91,1,-1,-1,-1
231,4,282.81,172.21,58.44,143.44,1,-1,-1,-1
231,34,173.67,196.95,30.73,103.06,1,-1,-1,-1
231,36,203.35,192.96,36.62,108.36,1,-1,-1,-1
231,37,114.27,197.40,29.79,98.60,1,-1,-1,-1
232,2,339.58,168.06,53.79,148.50,1,-1,-1,-1
232,4,283.01,171.95,58.33,142.65,1,-1,-1,-1
232,34,173.49,197.44,30.98,102.74,1,-1,-1,-1
232,36,202.00,191.99,37.04,109.94,1,-1,-1,-1
232,37,112.77,196.33,30.37,99.83,1,-1,-1,-1
233,2,340.00,170.35,52.78,147.03,1,-1,-1,-1
233,4,282.23,171.87,58.65,143.64,1,-1,-1,-1
233,34,172.00,189.87,33.92,112.95,1,-1,-1,-1
233,36,201.44,191.02,37.54,111.41,1,-1,-1,-1
233,37,106.45,191.65,32.29,105.95,1,-1,-1,-1
234,2,340.27,171.25,52.15,146.45,1,-1,-1,-1
234,4,281.95,171.84,58.72,144.01,1,-1,-1,-1
234,34,171.49,187.06,34.92,116.75,1,-1,-1,-1
234,37,104.28,190.05,32.98,108.05,1,-1,-1,-1
235,2,339.30,171.60,52.69,150.15,1,-1,-1,-1
235,4,283.12,174.45,58.78,145.44,1,-1,-1,-1
235,34,165.80,189.76,33.63,111.89,1,-1,-1,-1
235,37,100.06,185.46,36.24,118.20,1,-1,-1,-1
236,2,339.14,171.75,52.47,151.53,1,-1,-1,-1
236,4,283.70,175.44,58.52,145.97,1,-1,-1,-1
236,34,163.49,190.90,33.16,109.84,1,-1,-1,-1
236,37,98.49,183.80,37.54,121.89,1,-1,-1,-1
237,2,340.00,171.81,51.82,150.74,1,-1,-1,-1
237,4,282.35,174.53,58.93,146.16,1,-1,-1,-1
237,34,159.35,186.16,34.36,115.53,1,-1,-1,-1
237,37,92.27,179.34,40.39,130.99,1,-1,-1,-1
238,2,340.42,171.85,51.36,150.42,1,-1,-1,-1
238,4,281.74,174.17,59.25,146.21,1,-1,-1,-1
238,34,157.96,184.40,34.51,117.64,1,-1,-1,-1
238,37,89.91,177.66,41.50,134.42,1,-1,-1,-1
239,2,337.85,170.56,52.72,152.89,1,-1,-1,-1
239,4,281.84,174.12,59.42,146.63,1,-1,-1,-1
239,34,156.53,182.46,35.13,120.98,1,-1,-1,-1
239,37,80.42,173.25,43.88,139.46,1,-1,-1,-1
240,2,336.73,170.09,53.51,153.82,1,-1,-1,-1
240,34,156.10,181.74,35.17,122.24,1,-1,-1,-1
240,37,76.53,171.57,45.27,141.33,1,-1,-1,-1
241,2,334.52,171.21,53.47,152.85,1,-1,-1,-1
241,4,281.77,170.67,63.75,156.23,1,-1,-1,-1
241,34,153.45,189.18,37.64,130.36,1,-1,-1,-1
241,37,67.93,171.00,46.10,144.47,1,-1,-1,-1
241,38,104.00,180.00,26.00,128.00,1,-1,-1,-1
242,2,333.60,171.65,53.60,152.46,1,-1,-1,-1
242,4,281.61,170.12,64.77,157.78,1,-1,-1,-1
242,34,152.41,192.03,38.65,133.44,1,-1,-1,-1
242,37,64.72,170.84,46.29,145.59,1,-1,-1,-1
242,38,104.00,180.00,26.00,128.00,1,-1,-1,-1
243,2,332.99,174.43,54.17,152.30,1,-1,-1,-1
243,4,285.99,176.38,66.59,155.75,1,-1,-1,-1
243,34,149.76,186.85,42.34,140.95,1,-1,-1,-1
243,37,56.73,168.29,48.51,152.30,1,-1,-1,-1
244,2,332.60,175.49,54.71,152.23,1,-1,-1,-1
244,4,287.02,178.80,68.56,154.93,1,-1,-1,-1
244,34,148.33,184.84,44.61,143.83,1,-1,-1,-1
244,37,53.70,167.34,49.40,154.82,1,-1,-1,-1
245,2,332.36,175.68,54.83,152.54,1,-1,-1,-1
245,4,287.68,179.17,68.90,155.70,1,-1,-1,-1
245,34,137.25,180.25,48.85,155.03,1,-1,-1,-1
245,37,40.04,170.85,48.18,150.60,1,-1,-1,-1
246,34,132.76,178.49,50.93,159.33,1,-1,-1,-1
246,37,34.77,172.34,47.71,148.75,1,-1,-1,-1
247,34,130.34,169.00,54.33,168.52,1,-1,-1,-1
247,36,206.25,195.49,46.74,137.84,1,-1,-1,-1
247,37,22.01,165.18,51.14,160.91,1,-1,-1,-1
247,39,90.00,166.00,56.00,164.00,1,-1,-1,-1
248,34,126.56,166.54,52.62,162.08,1,-1,-1,-1
248,36,205.09,197.15,45.81,137.19,1,-1,-1,-1
248,37,7.37,160.00,52.11,167.95,1,-1,-1,-1
248,39,89.71,162.57,56.57,165.71,1,-1,-1,-1
249,34,99.37,159.18,57.03,177.27,1,-1,-1,-1
249,36,201.57,192.54,47.86,146.05,1,-1,-1,-1
249,37,-0.47,156.71,54.19,176.97,1,-1,-1,-1
249,39,70.26,159.01,59.60,174.97,1,-1,-1,-1
250,2,335.20,174.21,51.26,144.80,1,-1,-1,-1
250,4,278.86,172.74,66.80,152.62,1,-1,-1,-1
250,34,93.56,156.44,58.84,185.39,1,-1,-1,-1
250,36,197.94,185.78,50.73,156.91,1,-1,-1,-1
250,37,-1.36,160.48,52.11,171.67,1,-1,-1,-1
250,39,56.37,153.52,65.22,192.47,1,-1,-1,-1
251,2,336.15,175.47,49.58,141.33,1,-1,-1,-1
251,4,278.00,172.16,65.30,150.89,1,-1,-1,-1
251,34,94.76,155.40,58.93,188.57,1,-1,-1,-1
251,36,195.17,181.87,52.05,161.15,1,-1,-1,-1
251,37,-3.80,156.97,52.16,173.15,1,-1,-1,-1
251,39,49.20,148.90,68.01,201.32,1,-1,-1,-1
252,2,336.56,175.86,48.82,140.23,1,-1,-1,-1
252,4,277.90,171.97,64.45,150.34,1,-1,-1,-1
252,34,95.61,155.04,58.45,189.71,1,-1,-1,-1
252,36,194.08,180.32,52.53,162.76,1,-1,-1,-1
252,37,-4.50,155.67,51.95,173.64,1,-1,-1,-1
252,39,47.02,147.27,68.80,204.31,1,-1,-1,-1
253,2,336.66,176.01,48.58,139.56,1,-1,-1,-1
253,4,277.70,173.22,63.17,147.52,1,-1,-1,-1
253,34,89.30,151.15,61.56,201.47,1,-1,-1,-1
253,36,190.82,181.01,53.29,162.03,1,-1,-1,-1
253,37,-9.94,153.84,52.90,176.83,1,-1,-1,-1
253,39,39.70,144.41,71.12,211.20,1,-1,-1,-1
253,40,500.00,368.00,140.00,110.00,1,-1,-1,-1
254,4,277.65,173.70,62.66,146.44,1,-1,-1,-1
254,34,87.06,149.67,62.46,205.95,1,-1,-1,-1
254,36,189.35,181.31,54.01,161.65,1,-1,-1,-1
254,40,500.00,368.00,140.00,110.00,1,-1,-1,-1
255,2,328.16,174.36,48.77,141.41,1,-1,-1,-1
255,4,280.51,172.57,62.00,146.05,1,-1,-1,-1
255,34,82.24,155.46,62.02,206.35,1,-1,-1,-1
255,36,182.79,176.31,56.00,167.86,1,-1,-1,-1
255,39,12.72,144.85,70.22,207.30,1,-1,-1,-1
256,2,327.00,174.11,48.50,141.68,1,-1,-1,-1
256,4,281.71,172.14,61.51,145.91,1,-1,-1,-1
256,34,80.59,157.81,61.51,206.36,1,-1,-1,-1
256,36,180.34,174.42,56.70,170.19,1,-1,-1,-1
256,39,8.28,144.99,70.34,206.49,1,-1,-1,-1
257,2,331.68,176.65,46.14,132.58,1,-1,-1,-1
257,4,280.34,171.99,59.73,141.93,1,-1,-1,-1
257,34,77.04,156.60,62.66,210.22,1,-1,-1,-1
257,36,171.06,168.61,57.05,172.29,1,-1,-1,-1
257,39,4.72,139.72,74.44,216.86,1,-1,-1,-1
257,41,500.00,364.00,150.00,112.00,1,-1,-1,-1
258,2,333.34,177.62,45.56,129.13,1,-1,-1,-1
258,4,279.84,171.94,59.01,140.44,1,-1,-1,-1
258,36,167.57,166.38,56.99,173.04,1,-1,-1,-1
258,39,3.33,137.81,76.28,220.62,1,-1,-1,-1
258,41,500.00,364.00,150.00,112.00,1,-1,-1,-1
259,2,332.22,172.62,48.82,138.61,1,-1,-1,-1
259,4,278.88,173.24,58.97,141.22,1,-1,-1,-1
259,36,162.17,164.28,60.02,184.80,1,-1,-1,-1
259,39,25.62,131.98,74.47,216.75,1,-1,-1,-1
260,2,331.84,170.83,49.93,141.99,1,-1,-1,-1
260,4,278.63,173.73,58.77,141.53,1,-1,-1,-1
260,36,160.38,163.49,60.69,189.25,1,-1,-1,-1
260,39,34.80,129.79,73.44,215.01,1,-1,-1,-1
261,2,329.18,185.67,48.94,140.74,1,-1,-1,-1
261,4,281.83,180.48,60.00,146.92,1,-1,-1,-1
261,36,155.78,164.51,62.51,195.99,1,-1,-1,-1
261,39,23.28,130.35,71.97,209.00,1,-1,-1,-1
261,42,272.00,180.00,50.00,128.00,1,-1,-1,-1
262,2,328.29,191.45,48.28,140.25,1,-1,-1,-1
262,4,283.30,182.99,59.92,148.94,1,-1,-1,-1
262,36,154.13,164.94,63.02,198.55,1,-1,-1,-1
262,39,18.84,130.67,71.65,206.56,1,-1,-1,-1
262,42,272.00,180.00,50.00,128.00,1,-1,-1,-1
263,2,326.57,194.91,46.89,134.83,1,-1,-1,-1
263,4,283.44,183.83,60.02,149.18,1,-1,-1,-1
263,34,4.73,127.92,86.20,289.01,1,-1,-1,-1
263,36,150.82,161.34,66.12,210.91,1,-1,-1,-1
263,39,15.06,128.68,72.35,208.57,1,-1,-1,-1
264,2,325.83,196.16,46.59,132.77,1,-1,-1,-1
264,34,-0.65,125.77,87.98,294.86,1,-1,-1,-1
264,36,149.80,159.96,66.85,215.62,1,-1,-1,-1
265,2,326.72,182.04,49.47,142.60,1,-1,-1,-1
265,4,281.61,172.61,59.73,151.61,1,-1,-1,-1
265,34,-7.24,123.28,90.12,302.03,1,-1,-1,-1
265,36,146.19,156.93,67.36,216.11,1,-1,-1,-1
266,2,327.21,176.92,50.18,146.17,1,-1,-1,-1
266,4,281.76,170.79,58.79,152.00,1,-1,-1,-1
266,36,144.75,155.78,67.70,216.17,1,-1,-1,-1
267,2,323.88,174.89,49.81,146.28,1,-1,-1,-1
267,4,273.69,172.77,55.13,144.31,1,-1,-1,-1
267,36,138.41,148.97,76.95,245.54,1,-1,-1,-1
268,2,303.79,176.71,49.67,145.00,1,-1,-1,-1
268,4,269.74,178.85,51.49,136.04,1,-1,-1,-1
268,36,131.96,146.42,81.15,257.76,1,-1,-1,-1
268,43,320.00,182.00,46.00,150.00,1,-1,-1,-1
269,2,296.78,174.82,52.23,151.01,1,-1,-1,-1
269,4,266.85,177.08,54.40,143.74,1,-1,-1,-1
269,36,129.13,144.18,83.35,263.88,1,-1,-1,-1
269,43,320.58,180.29,46.55,151.71,1,-1,-1,-1
270,2,292.76,175.40,52.18,146.84,1,-1,-1,-1
270,4,266.05,176.45,55.01,143.85,1,-1,-1,-1
270,36,125.32,140.82,84.66,267.42,1,-1,-1,-1
270,43,320.98,184.48,44.54,144.53,1,-1,-1,-1
271,2,290.05,175.00,52.35,147.32,1,-1,-1,-1
271,4,264.83,174.90,53.24,138.68,1,-1,-1,-1
271,36,120.62,135.76,85.37,269.91,1,-1,-1,-1
271,43,320.18,178.34,42.68,137.53,1,-1,-1,-1
272,4,264.38,174.29,52.66,136.70,1,-1,-1,-1
272,36,118.87,133.82,85.55,270.74,1,-1,-1,-1
272,43,319.78,176.32,42.39,135.46,1,-1,-1,-1
273,4,262.49,168.78,55.97,145.25,1,-1,-1,-1
273,36,107.82,126.76,89.92,283.65,1,-1,-1,-1
273,43,318.47,174.27,44.72,142.19,1,-1,-1,-1
274,4,261.80,166.78,57.19,148.36,1,-1,-1,-1
274,36,103.55,124.07,91.72,288.54,1,-1,-1,-1
274,43,317.95,173.62,45.69,144.51,1,-1,-1,-1
275,4,260.64,166.04,57.36,148.81,1,-1,-1,-1
275,36,91.63,107.87,104.17,325.81,1,-1,-1,-1
275,43,320.16,172.09,46.73,145.41,1,-1,-1,-1
276,36,86.88,101.69,109.28,340.02,1,-1,-1,-1
276,43,320.75,171.58,47.60,145.76,1,-1,-1,-1
277,4,257.56,174.05,55.62,143.31,1,-1,-1,-1
277,36,67.30,98.00,115.72,353.11,1,-1,-1,-1
277,43,320.34,172.79,49.18,148.57,1,-1,-1,-1
278,4,256.94,175.39,55.58,142.39,1,-1,-1,-1
278,36,58.96,96.62,119.42,358.15,1,-1,-1,-1
278,43,319.98,173.27,50.16,149.61,1,-1,-1,-1
279,4,259.28,173.20,55.74,143.40,1,-1,-1,-1
279,36,34.57,76.01,131.72,386.38,1,-1,-1,-1
279,43,320.58,173.49,50.36,148.68,1,-1,-1,-1
280,4,260.23,172.39,55.68,143.78,1,-1,-1,-1
280,36,24.34,68.06,138.12,397.24,1,-1,-1,-1
280,43,320.65,173.61,50.72,148.31,1,-1,-1,-1
281,4,264.33,173.39,53.44,136.09,1,-1,-1,-1
281,36,4.42,44.93,147.49,426.39,1,-1,-1,-1
281,43,320.13,168.40,50.62,148.16,1,-1,-1,-1
282,4,265.78,173.78,52.91,133.13,1,-1,-1,-1
282,36,-3.10,35.92,150.69,437.72,1,-1,-1,-1
282,43,319.94,166.46,50.55,148.10,1,-1,-1,-1
283,4,266.59,172.60,54.83,137.38,1,-1,-1,-1
283,36,-13.52,11.16,158.30,469.52,1,-1,-1,-1
283,43,321.57,167.08,51.06,149.39,1,-1,-1,-1
284,4,266.82,172.17,55.67,138.95,1,-1,-1,-1
284,36,-16.59,1.51,159.38,481.87,1,-1,-1,-1
284,43,322.15,167.35,51.29,149.87,1,-1,-1,-1
285,4,266.54,175.92,55.42,136.95,1,-1,-1,-1
285,36,-24.03,-5.83,163.40,494.03,1,-1,-1,-1
285,43,322.92,171.40,50.27,147.43,1,-1,-1,-1
285,44,524.00,186.00,52.00,152.00,1,-1,-1,-1
286,4,266.29,177.36,55.60,136.20,1,-1,-1,-1
286,43,323.24,172.98,49.79,146.49,1,-1,-1,-1
286,44,524.00,186.00,52.00,152.00,1,-1,-1,-1
287,4,267.49,176.58,57.03,138.55,1,-1,-1,-1
287,43,323.58,172.79,49.76,146.40,1,-1,-1,-1
287,44,539.38,193.51,46.77,136.99,1,-1,-1,-1
288,4,267.80,176.28,57.82,139.44,1,-1,-1,-1
288,44,544.53,196.01,44.95,131.99,1,-1,-1,-1
289,4,272.85,168.34,61.29,150.21,1,-1,-1,-1
289,44,549.66,198.52,43.24,126.96,1,-1,-1,-1
290,4,275.02,165.38,62.01,154.22,1,-1,-1,-1
291,4,275.74,164.63,62.48,155.40,1,-1,-1,-1
295,4,296.95,169.09,63.74,154.66,1,-1,-1,-1
296,4,298.54,169.64,64.94,154.46,1,-1,-1,-1
297,4,300.59,169.46,65.25,155.18,1,-1,-1,-1
303,4,324.33,171.76,58.32,137.58,1,-1,-1,-1
304,4,325.56,171.95,58.09,136.22,1,-1,-1,-1
305,4,332.60,174.68,58.27,134.46,1,-1,-1,-1
305,43,393.59,183.83,49.37,138.08,1,-1,-1,-1
306,4,334.88,175.67,58.75,133.84,1,-1,-1,-1
306,43,394.32,184.10,50.92,137.90,1,-1,-1,-1
307,4,343.06,172.05,62.62,141.60,1,-1,-1,-1
307,43,401.16,174.93,55.57,147.10,1,-1,-1,-1
308,4,345.90,170.72,64.27,144.46,1,-1,-1,-1
308,43,403.35,171.59,57.80,150.45,1,-1,-1,-1
309,4,351.72,171.50,65.59,146.87,1,-1,-1,-1
309,43,406.92,170.84,58.12,151.27,1,-1,-1,-1
310,4,353.78,171.80,66.20,147.78,1,-1,-1,-1
311,4,359.79,173.22,66.11,148.11,1,-1,-1,-1
311,43,421.77,173.21,60.87,157.14,1,-1,-1,-1
312,4,362.03,173.76,65.95,148.22,1,-1,-1,-1
312,43,424.07,173.59,61.63,158.11,1,-1,-1,-1
313,4,368.73,170.06,65.65,149.55,1,-1,-1,-1
313,43,432.21,171.13,60.22,155.85,1,-1,-1,-1
313,45,254.00,214.00,24.00,76.00,1,-1,-1,-1
314,4,371.40,168.65,65.07,150.04,1,-1,-1,-1
314,43,435.28,170.21,59.44,154.94,1,-1,-1,-1
314,45,254.00,214.00,24.00,76.00,1,-1,-1,-1
315,4,374.74,168.12,62.53,145.01,1,-1,-1,-1
315,43,439.55,169.64,59.72,155.67,1,-1,-1,-1
315,45,251.49,212.50,24.51,77.50,1,-1,-1,-1
316,4,376.79,167.93,62.33,145.69,1,-1,-1,-1
316,45,248.40,212.00,24.80,78.00,1,-1,-1,-1
317,4,380.16,166.56,62.09,147.24,1,-1,-1,-1
317,43,444.04,166.42,59.67,156.19,1,-1,-1,-1
317,45,245.71,208.98,26.79,83.89,1,-1,-1,-1
318,4,381.57,166.05,61.51,147.82,1,-1,-1,-1
318,43,444.85,165.90,59.51,156.27,1,-1,-1,-1
318,45,244.78,207.96,27.56,85.91,1,-1,-1,-1
319,4,385.50,169.78,59.47,144.13,1,-1,-1,-1
319,43,444.16,164.41,61.40,162.84,1,-1,-1,-1
319,45,242.93,207.63,28.31,87.93,1,-1,-1,-1
320,4,387.00,171.23,58.44,142.70,1,-1,-1,-1
320,43,444.01,163.86,61.80,165.27,1,-1,-1,-1
320,45,242.26,207.55,28.64,88.61,1,-1,-1,-1
321,4,388.79,174.39,59.32,144.80,1,-1,-1,-1
321,43,445.79,176.56,58.04,155.87,1,-1,-1,-1
321,45,240.77,206.69,29.20,90.33,1,-1,-1,-1
321,46,280.00,212.00,26.00,78.00,1,-1,-1,-1
322,4,389.38,175.57,59.66,145.59,1,-1,-1,-1
322,43,446.37,181.61,56.44,152.10,1,-1,-1,-1
322,46,280.00,212.00,26.00,78.00,1,-1,-1,-1
323,4,392.30,170.79,59.41,145.89,1,-1,-1,-1
323,43,448.51,175.53,58.44,158.63,1,-1,-1,-1
323,45,241.86,212.56,30.65,95.64,1,-1,-1,-1
323,46,280.24,212.00,25.52,76.50,1,-1,-1,-1
323,47,208.00,216.00,34.00,96.00,1,-1,-1,-1
324,4,393.42,168.96,59.13,146.00,1,-1,-1,-1
324,43,449.39,173.30,58.94,161.01,1,-1,-1,-1
324,45,242.13,213.50,30.69,96.52,1,-1,-1,-1
324,46,280.31,212.00,25.38,76.00,1,-1,-1,-1
324,47,208.00,216.00,34.00,96.00,1,-1,-1,-1
325,4,394.21,172.18,56.79,139.51,1,-1,-1,-1
325,43,454.85,167.25,60.34,164.51,1,-1,-1,-1
325,45,241.43,208.63,33.60,105.92,1,-1,-1,-1
325,46,284.01,210.54,26.73,80.24,1,-1,-1,-1
325,47,206.72,211.50,36.56,103.51,1,-1,-1,-1
326,4,394.32,173.43,56.03,137.02,1,-1,-1,-1
326,43,456.84,164.94,60.94,165.82,1,-1,-1,-1
326,45,241.20,206.82,34.63,109.42,1,-1,-1,-1
326,46,285.28,210.05,27.14,81.68,1,-1,-1,-1
326,47,206.34,210.00,37.31,106.01,1,-1,-1,-1
327,4,395.69,176.53,56.93,137.44,1,-1,-1,-1
327,43,459.14,166.65,61.81,166.30,1,-1,-1,-1
327,45,238.83,206.10,35.84,113.27,1,-1,-1,-1
327,46,286.54,209.89,26.94,80.81,1,-1,-1,-1
327,47,208.12,209.55,37.98,108.15,1,-1,-1,-1
327,48,24.00,154.00,54.00,158.00,1,-1,-1,-1
328,4,395.95,177.67,57.65,137.61,1,-1,-1,-1
328,43,459.75,167.33,62.49,166.45,1,-1,-1,-1
328,45,237.92,205.83,36.29,114.73,1,-1,-1,-1
328,46,286.93,209.85,26.90,80.44,1,-1,-1,-1
328,47,208.82,209.47,38.11,108.80,1,-1,-1,-1
328,48,24.00,154.00,54.00,158.00,1,-1,-1,-1
329,4,400.18,179.39,56.09,129.82,1,-1,-1,-1
329,43,466.44,171.51,62.66,166.48,1,-1,-1,-1
329,45,235.27,201.93,38.55,120.30,1,-1,-1,-1
329,46,287.93,209.54,27.04,80.86,1,-1,-1,-1
329,47,209.00,208.43,38.84,110.89,1,-1,-1,-1
329,48,21.50,144.99,59.01,171.51,1,-1,-1,-1
330,4,401.91,178.68,55.04,125.52,1,-1,-1,-1
330,43,468.51,173.11,62.22,166.46,1,-1,-1,-1
330,45,232.02,194.13,42.63,131.23,1,-1,-1,-1
330,48,17.51,147.68,58.45,168.90,1,-1,-1,-1
331,4,401.94,175.72,55.73,126.68,1,-1,-1,-1
331,43,470.49,169.82,60.79,163.83,1,-1,-1,-1
331,45,229.73,183.66,46.27,140.43,1,-1,-1,-1
331,48,15.86,146.29,59.31,171.39,1,-1,-1,-1
332,4,401.85,174.64,56.09,127.14,1,-1,-1,-1
332,43,471.25,168.56,60.00,162.79,1,-1,-1,-1
332,45,228.64,179.43,48.09,144.09,1,-1,-1,-1
333,4,399.64,172.91,57.83,131.30,1,-1,-1,-1
333,43,469.23,170.71,57.64,155.85,1,-1,-1,-1
333,45,227.37,177.38,49.36,147.88,1,-1,-1,-1
333,47,170.03,183.83,46.60,132.79,1,-1,-1,-1
334,4,398.80,172.27,58.43,132.87,1,-1,-1,-1
334,43,468.29,171.54,56.83,153.19,1,-1,-1,-1
334,47,166.33,181.55,47.39,134.78,1,-1,-1,-1
335,4,399.43,174.64,56.66,128.28,1,-1,-1,-1
335,43,468.12,182.43,54.74,145.60,1,-1,-1,-1
335,47,157.35,179.46,52.71,149.61,1,-1,-1,-1
336,4,399.55,175.56,56.11,126.53,1,-1,-1,-1
336,43,467.80,186.52,54.31,142.78,1,-1,-1,-1
336,47,153.92,178.66,54.78,155.20,1,-1,-1,-1
337,4,398.87,174.57,55.97,127.22,1,-1,-1,-1
337,43,468.56,186.63,55.00,144.46,1,-1,-1,-1
337,45,197.87,171.64,55.35,165.62,1,-1,-1,-1
337,47,149.70,175.86,56.33,159.60,1,-1,-1,-1
338,4,398.72,174.21,55.69,127.50,1,-1,-1,-1
338,43,468.79,186.64,55.28,145.11,1,-1,-1,-1
338,45,194.55,171.22,55.95,167.22,1,-1,-1,-1
339,4,396.57,174.07,58.40,134.18,1,-1,-1,-1
339,43,468.84,190.55,55.38,144.07,1,-1,-1,-1
339,45,187.57,168.51,60.08,181.85,1,-1,-1,-1
339,47,125.95,174.87,59.56,172.90,1,-1,-1,-1
340,4,395.82,174.01,59.29,136.67,1,-1,-1,-1
340,43,468.68,191.98,55.69,143.72,1,-1,-1,-1
340,45,185.13,167.48,61.23,187.38,1,-1,-1,-1
340,47,122.21,174.72,59.08,175.27,1,-1,-1,-1
341,4,395.99,171.41,58.67,136.35,1,-1,-1,-1
341,43,466.59,181.94,58.48,151.51,1,-1,-1,-1
341,45,169.69,159.60,65.68,200.76,1,-1,-1,-1
341,46,248.41,206.00,31.25,91.88,1,-1,-1,-1
341,47,117.04,172.36,60.61,179.81,1,-1,-1,-1
342,4,396.16,170.41,58.18,136.21,1,-1,-1,-1
342,43,465.87,178.22,59.39,154.40,1,-1,-1,-1
342,45,163.64,156.53,67.44,205.96,1,-1,-1,-1
342,46,246.82,205.90,31.77,92.22,1,-1,-1,-1
343,4,398.15,172.64,56.73,132.25,1,-1,-1,-1
343,43,467.64,176.75,60.77,155.53,1,-1,-1,-1
343,45,142.24,152.85,74.88,222.95,1,-1,-1,-1
343,46,244.78,205.62,32.02,92.97,1,-1,-1,-1
343,47,90.88,155.03,67.02,196.24,1,-1,-1,-1
344,4,398.84,173.50,56.29,130.72,1,-1,-1,-1
344,43,468.05,176.19,61.80,155.95,1,-1,-1,-1
344,45,133.40,151.43,78.80,229.55,1,-1,-1,-1
344,47,85.94,151.95,68.76,199.15,1,-1,-1,-1
345,4,401.57,175.14,55.09,127.53,1,-1,-1,-1
345,43,470.92,178.59,63.21,156.10,1,-1,-1,-1
345,45,129.20,139.68,85.58,250.80,1,-1,-1,-1
345,46,242.04,205.83,31.57,89.13,1,-1,-1,-1
345,47,66.81,147.02,77.41,221.78,1,-1,-1,-1
345,49,276.00,208.00,30.00,84.00,1,-1,-1,-1
346,4,402.19,179.72,52.78,121.05,1,-1,-1,-1
346,43,471.96,183.41,62.49,150.95,1,-1,-1,-1
346,45,128.73,130.18,90.84,266.45,1,-1,-1,-1
346,46,239.83,208.61,30.96,85.73,1,-1,-1,-1
346,47,51.42,142.68,84.63,236.52,1,-1,-1,-1
346,48,272.28,207.13,29.91,87.29,1,-1,-1,-1
347,4,403.80,178.75,51.79,118.65,1,-1,-1,-1
347,43,473.39,186.57,61.39,146.32,1,-1,-1,-1
347,45,119.14,117.73,98.45,289.95,1,-1,-1,-1
347,46,240.25,206.88,32.44,88.58,1,-1,-1,-1
347,47,37.00,133.57,92.99,262.17,1,-1,-1,-1
347,48,286.25,210.29,28.45,83.03,1,-1,-1,-1
348,4,404.35,178.39,51.47,117.81,1,-1,-1,-1
348,43,473.68,187.74,61.39,144.60,1,-1,-1,-1
348,45,115.46,112.78,101.24,299.28,1,-1,-1,-1
348,46,240.30,206.26,33.18,89.60,1,-1,-1,-1
348,47,31.52,129.96,95.87,272.38,1,-1,-1,-1
349,4,399.16,175.59,54.13,122.84,1,-1,-1,-1
349,43,471.18,190.79,58.63,137.38,1,-1,-1,-1
349,45,91.45,105.89,110.36,328.95,1,-1,-1,-1
349,46,224.71,207.33,33.64,89.99,1,-1,-1,-1
349,47,6.37,118.68,103.63,298.66,1,-1,-1,-1
349,50,238.00,212.00,36.00,88.00,1,-1,-1,-1
350,4,392.56,173.26,59.30,135.10,1,-1,-1,-1
350,43,465.70,193.25,57.18,134.69,1,-1,-1,-1
350,45,58.59,94.65,118.11,344.24,1,-1,-1,-1
350,46,212.70,203.84,35.56,95.32,1,-1,-1,-1
350,47,-2.28,114.60,106.68,307.46,1,-1,-1,-1
350,50,238.53,201.71,40.07,98.29,1,-1,-1,-1
351,4,391.32,174.91,58.76,133.40,1,-1,-1,-1
351,43,460.35,195.44,56.70,133.75,1,-1,-1,-1
351,45,29.98,82.71,130.61,374.97,1,-1,-1,-1
351,46,206.98,202.53,36.25,97.32,1,-1,-1,-1
351,50,241.32,205.73,38.22,94.27,1,-1,-1,-1
352,4,390.79,175.60,58.61,132.67,1,-1,-1,-1
352,43,458.41,196.22,56.49,133.45,1,-1,-1,-1
352,45,18.11,78.00,136.66,387.13,1,-1,-1,-1
352,46,204.86,202.03,36.48,98.08,1,-1,-1,-1
352,50,242.45,207.43,37.25,92.57,1,-1,-1,-1
353,4,387.78,175.86,60.31,136.28,1,-1,-1,-1
353,43,457.95,193.82,58.59,137.35,1,-1,-1,-1
353,45,-4.51,40.24,147.73,427.76,1,-1,-1,-1
353,46,200.19,196.69,39.36,106.08,1,-1,-1,-1
353,50,243.37,207.96,37.04,92.04,1,-1,-1,-1
353,51,530.00,210.00,60.00,110.00,1,-1,-1,-1
354,4,386.63,175.96,61.00,137.63,1,-1,-1,-1
354,43,457.67,192.91,59.62,138.82,1,-1,-1,-1
354,45,-12.44,25.41,150.18,443.70,1,-1,-1,-1
354,46,198.47,194.69,40.39,109.09,1,-1,-1,-1
354,51,530.00,210.00,60.00,110.00,1,-1,-1,-1
