1,29537,79.85,130.58,80.18,220.94,1,-1,-1,-1
1,29548,161.31,156.54,57.86,181.17,1,-1,-1,-1
1,29550,379.29,112.50,98.38,266.83,1,-1,-1,-1
1,29551,278.82,159.54,29.02,116.17,1,-1,-1,-1
1,29553,257.13,184.86,35.74,127.43,1,-1,-1,-1
1,29554,288.00,192.00,40.00,112.00,1,-1,-1,-1
1,29555,59.00,203.00,43.00,131.00,1,-1,-1,-1
2,29553,259.65,188.00,34.43,120.95,1,-1,-1,-1
2,29554,291.35,191.14,39.30,110.29,1,-1,-1,-1
2,29555,59.99,204.71,42.73,130.14,1,-1,-1,-1
2,29556,176.00,195.00,22.00,115.00,1,-1,-1,-1
3,29553,262.72,195.62,32.02,109.70,1,-1,-1,-1
3,29554,291.39,192.51,38.71,109.24,1,-1,-1,-1
3,29555,61.52,211.77,39.96,121.72,1,-1,-1,-1
3,29556,177.44,200.14,20.84,108.14,1,-1,-1,-1
3,29557,39.00,203.00,46.00,134.00,1,-1,-1,-1
4,29553,263.38,196.19,32.20,107.18,1,-1,-1,-1
4,29554,292.46,191.47,39.32,111.92,1,-1,-1,-1
4,29555,42.63,204.09,43.24,132.01,1,-1,-1,-1
4,29556,176.35,200.23,21.00,107.77,1,-1,-1,-1
5,29553,262.77,195.48,32.98,107.34,1,-1,-1,-1
5,29554,292.97,191.41,39.48,112.37,1,-1,-1,-1
5,29555,37.00,203.39,43.66,133.30,1,-1,-1,-1
5,29556,173.53,196.45,22.22,112.99,1,-1,-1,-1
6,29553,262.20,195.12,33.83,107.55,1,-1,-1,-1
6,29556,172.53,195.18,22.81,114.73,1,-1,-1,-1
7,29553,261.66,194.90,34.71,107.77,1,-1,-1,-1
7,29556,172.13,194.78,23.19,115.29,1,-1,-1,-1
8,29553,261.14,194.74,35.58,107.96,1,-1,-1,-1
8,29556,171.94,194.67,23.50,115.44,1,-1,-1,-1
9,29553,260.65,194.63,36.43,108.11,1,-1,-1,-1
9,29556,171.81,194.67,23.80,115.44,1,-1,-1,-1
10,29553,260.19,194.54,37.26,108.23,1,-1,-1,-1
10,29556,171.70,194.70,24.09,115.40,1,-1,-1,-1
11,29553,259.75,194.47,38.05,108.32,1,-1,-1,-1
11,29556,171.59,194.74,24.37,115.36,1,-1,-1,-1
12,29553,266.92,192.41,40.97,117.07,1,-1,-1,-1
12,29554,308.65,192.95,43.01,123.79,1,-1,-1,-1
12,29556,171.16,194.30,24.50,115.94,1,-1,-1,-1
13,29553,268.31,192.85,40.98,117.10,1,-1,-1,-1
13,29554,310.95,192.35,42.79,123.66,1,-1,-1,-1
14,29554,311.79,192.14,42.61,123.61,1,-1,-1,-1
15,29554,312.10,192.06,42.45,123.56,1,-1,-1,-1
16,29554,312.20,192.03,42.31,123.51,1,-1,-1,-1
17,29554,312.23,192.02,42.18,123.46,1,-1,-1,-1
18,29554,312.22,192.01,42.06,123.42,1,-1,-1,-1
19,29554,312.21,192.01,41.96,123.38,1,-1,-1,-1
20,29554,312.19,192.01,41.87,123.34,1,-1,-1,-1
21,29554,312.17,192.01,41.78,123.31,1,-1,-1,-1
22,29554,312.15,192.00,41.71,123.28,1,-1,-1,-1
23,29523,55.76,149.25,66.40,211.42,1,-1,-1,-1
23,29554,316.81,187.44,40.77,122.60,1,-1,-1,-1
23,29558,218.00,201.00,38.00,97.00,1,-1,-1,-1
24,29523,56.73,153.70,65.06,200.97,1,-1,-1,-1
24,29554,318.93,188.32,39.68,121.02,1,-1,-1,-1
25,29523,56.71,154.66,65.71,198.95,1,-1,-1,-1
25,29554,319.84,188.67,38.96,120.41,1,-1,-1,-1
26,29523,56.33,154.85,66.51,198.50,1,-1,-1,-1
26,29554,320.28,188.80,38.42,120.17,1,-1,-1,-1
27,29523,55.89,154.80,67.25,198.57,1,-1,-1,-1
27,29554,320.53,188.86,37.98,120.08,1,-1,-1,-1
28,29523,55.49,154.69,67.89,198.75,1,-1,-1,-1
28,29554,320.71,188.89,37.59,120.04,1,-1,-1,-1
29,29523,55.16,154.59,68.41,198.93,1,-1,-1,-1
29,29554,320.84,188.91,37.24,120.03,1,-1,-1,-1
30,29523,54.89,154.50,68.85,199.08,1,-1,-1,-1
30,29554,320.96,188.92,36.93,120.02,1,-1,-1,-1
31,29523,54.66,154.44,69.22,199.21,1,-1,-1,-1
31,29554,321.06,188.93,36.65,120.02,1,-1,-1,-1
32,29523,54.47,154.38,69.53,199.31,1,-1,-1,-1
32,29554,321.15,188.94,36.40,120.02,1,-1,-1,-1
33,29523,54.30,154.33,69.80,199.39,1,-1,-1,-1
33,29554,321.23,188.94,36.17,120.01,1,-1,-1,-1
34,29523,54.81,154.87,69.46,198.41,1,-1,-1,-1
34,29553,270.84,182.17,45.74,134.85,1,-1,-1,-1
34,29554,322.09,188.30,37.00,123.28,1,-1,-1,-1
34,29559,142.00,196.00,33.00,119.00,1,-1,-1,-1
35,29553,270.56,183.23,46.26,135.87,1,-1,-1,-1
35,29554,320.02,187.41,38.85,129.03,1,-1,-1,-1
35,29560,79.00,219.00,26.00,62.00,1,-1,-1,-1
36,29553,270.45,188.77,44.54,130.43,1,-1,-1,-1
36,29554,320.36,192.19,37.90,124.82,1,-1,-1,-1
36,29560,76.08,220.71,26.70,63.71,1,-1,-1,-1
36,29561,123.00,215.00,35.00,109.00,1,-1,-1,-1
37,29553,268.19,190.28,43.66,124.33,1,-1,-1,-1
37,29554,317.43,191.48,37.72,124.41,1,-1,-1,-1
37,29561,120.14,203.00,35.58,110.71,1,-1,-1,-1
38,29553,267.11,190.84,43.77,122.04,1,-1,-1,-1
38,29554,316.34,191.21,37.61,124.25,1,-1,-1,-1
38,29561,119.65,201.00,35.71,111.00,1,-1,-1,-1
39,29553,266.96,187.74,44.00,121.86,1,-1,-1,-1
39,29554,316.96,189.15,36.82,122.88,1,-1,-1,-1
39,29561,119.17,199.00,35.80,111.29,1,-1,-1,-1
40,29553,266.83,186.58,44.22,121.81,1,-1,-1,-1
40,29554,317.29,188.36,36.32,122.35,1,-1,-1,-1
41,29553,266.74,186.14,44.42,121.81,1,-1,-1,-1
41,29554,317.51,188.07,35.95,122.14,1,-1,-1,-1
42,29553,266.65,185.99,44.60,121.82,1,-1,-1,-1
42,29554,317.67,187.97,35.65,122.06,1,-1,-1,-1
43,29553,266.58,185.93,44.75,121.83,1,-1,-1,-1
43,29554,317.81,187.93,35.39,122.03,1,-1,-1,-1
44,29553,266.52,185.92,44.88,121.85,1,-1,-1,-1
44,29554,317.92,187.92,35.16,122.02,1,-1,-1,-1
45,29523,161.30,169.80,38.42,115.64,1,-1,-1,-1
45,29553,267.92,184.61,46.01,125.79,1,-1,-1,-1
45,29554,317.10,190.54,33.54,117.44,1,-1,-1,-1
46,29523,167.90,170.89,36.63,110.23,1,-1,-1,-1
46,29553,268.84,184.77,45.65,126.62,1,-1,-1,-1
46,29554,317.02,190.65,33.42,117.04,1,-1,-1,-1
47,29553,269.35,184.84,45.18,126.94,1,-1,-1,-1
48,29553,269.70,184.87,44.70,127.05,1,-1,-1,-1
49,29553,269.95,184.89,44.25,127.09,1,-1,-1,-1
50,29553,270.17,184.91,43.83,127.10,1,-1,-1,-1
51,29553,270.35,184.92,43.46,127.10,1,-1,-1,-1
52,29553,270.51,184.93,43.12,127.09,1,-1,-1,-1
53,29553,270.66,184.93,42.82,127.08,1,-1,-1,-1
54,29553,270.79,184.94,42.55,127.07,1,-1,-1,-1
55,29553,270.91,184.94,42.30,127.07,1,-1,-1,-1
56,29553,279.11,189.52,40.25,119.88,1,-1,-1,-1
56,29554,313.56,189.08,34.95,118.83,1,-1,-1,-1
57,29553,283.70,192.62,38.57,113.11,1,-1,-1,-1
57,29554,312.69,189.01,36.51,119.61,1,-1,-1,-1
58,29553,283.45,189.03,41.11,120.07,1,-1,-1,-1
58,29554,312.32,188.33,37.82,122.48,1,-1,-1,-1
58,29562,15.00,72.00,122.00,344.00,1,-1,-1,-1
59,29553,284.52,189.71,41.62,120.56,1,-1,-1,-1
59,29554,311.44,188.08,39.17,126.79,1,-1,-1,-1
59,29562,1.73,77.14,123.68,349.14,1,-1,-1,-1
60,29553,281.90,189.98,42.59,124.69,1,-1,-1,-1
60,29554,312.30,188.63,39.86,129.07,1,-1,-1,-1
60,29562,-11.83,57.86,133.98,382.08,1,-1,-1,-1
61,29553,281.38,193.30,41.32,119.14,1,-1,-1,-1
61,29554,314.22,190.77,39.54,126.72,1,-1,-1,-1
61,29562,-20.28,38.59,144.67,417.89,1,-1,-1,-1
62,29553,281.43,189.95,43.55,124.24,1,-1,-1,-1
62,29554,314.81,188.35,41.04,132.29,1,-1,-1,-1
62,29562,-27.33,28.98,151.02,436.23,1,-1,-1,-1
63,29553,281.30,188.10,45.29,128.02,1,-1,-1,-1
63,29554,314.52,184.89,42.62,136.28,1,-1,-1,-1
63,29563,387.00,206.00,41.00,84.00,1,-1,-1,-1
64,29553,281.31,186.09,45.80,128.18,1,-1,-1,-1
64,29554,315.00,185.47,42.03,133.33,1,-1,-1,-1
65,29553,282.68,186.61,45.15,126.28,1,-1,-1,-1
65,29554,315.14,187.01,41.89,132.76,1,-1,-1,-1
66,29553,283.56,187.47,44.81,124.88,1,-1,-1,-1
66,29554,317.20,188.90,41.06,129.92,1,-1,-1,-1
66,29564,128.00,216.00,22.00,58.00,1,-1,-1,-1
67,29553,284.19,187.41,44.85,125.00,1,-1,-1,-1
67,29554,319.45,189.63,40.42,127.51,1,-1,-1,-1
67,29564,125.97,214.29,22.64,59.71,1,-1,-1,-1
68,29523,126.62,214.00,20.78,61.00,1,-1,-1,-1
68,29553,283.71,187.85,45.16,124.26,1,-1,-1,-1
68,29554,319.39,190.56,39.98,125.27,1,-1,-1,-1
69,29523,125.41,215.89,19.93,58.52,1,-1,-1,-1
69,29553,282.79,187.28,46.32,125.44,1,-1,-1,-1
69,29554,319.80,190.72,39.97,125.24,1,-1,-1,-1
69,29565,388.00,209.00,42.00,90.00,1,-1,-1,-1
70,29553,282.26,187.07,47.12,125.86,1,-1,-1,-1
70,29565,388.00,209.00,42.00,90.00,1,-1,-1,-1
71,29553,281.88,187.00,47.76,126.01,1,-1,-1,-1
71,29565,388.00,209.00,42.00,90.00,1,-1,-1,-1
72,29553,281.58,186.97,48.30,126.06,1,-1,-1,-1
72,29565,388.00,209.00,42.00,90.00,1,-1,-1,-1
73,29553,281.32,186.97,48.77,126.08,1,-1,-1,-1
73,29565,388.00,209.00,42.00,90.00,1,-1,-1,-1
74,29553,281.09,186.96,49.19,126.08,1,-1,-1,-1
74,29565,388.00,209.00,42.00,90.00,1,-1,-1,-1
75,29553,280.88,186.97,49.56,126.07,1,-1,-1,-1
75,29565,388.00,209.00,42.00,90.00,1,-1,-1,-1
76,29553,280.70,186.97,49.89,126.07,1,-1,-1,-1
76,29565,388.00,209.00,42.00,90.00,1,-1,-1,-1
77,29553,280.54,186.97,50.19,126.06,1,-1,-1,-1
77,29565,388.00,209.00,42.00,90.00,1,-1,-1,-1
78,29523,129.60,219.26,19.11,51.71,1,-1,-1,-1
78,29553,288.16,190.24,49.28,125.40,1,-1,-1,-1
78,29554,341.15,193.93,40.34,127.89,1,-1,-1,-1
78,29565,398.73,208.33,44.03,94.70,1,-1,-1,-1
78,29566,242.00,224.00,25.00,52.00,1,-1,-1,-1
78,29567,197.00,231.00,24.00,44.00,1,-1,-1,-1
79,29523,129.69,218.16,19.76,52.02,1,-1,-1,-1
79,29553,291.97,192.13,47.07,121.23,1,-1,-1,-1
79,29554,343.22,192.02,40.83,130.06,1,-1,-1,-1
79,29565,400.14,208.24,44.32,95.32,1,-1,-1,-1
79,29566,243.71,225.71,25.00,52.00,1,-1,-1,-1
80,29523,129.89,218.32,20.38,52.23,1,-1,-1,-1
80,29553,296.05,188.21,50.18,128.90,1,-1,-1,-1
80,29554,344.78,192.12,40.93,130.37,1,-1,-1,-1
80,29568,195.00,224.00,23.00,48.00,1,-1,-1,-1
80,29569,225.00,224.00,24.00,58.00,1,-1,-1,-1
81,29523,128.78,218.36,21.03,53.66,1,-1,-1,-1
81,29553,297.16,186.79,52.01,133.60,1,-1,-1,-1
81,29565,401.00,203.81,47.28,103.65,1,-1,-1,-1
82,29523,128.36,218.36,21.32,54.21,1,-1,-1,-1
82,29553,297.55,186.24,52.73,135.42,1,-1,-1,-1
82,29565,401.52,203.10,47.06,104.99,1,-1,-1,-1
83,29523,128.18,218.33,21.46,54.45,1,-1,-1,-1
83,29553,297.66,186.03,53.00,136.10,1,-1,-1,-1
83,29565,401.93,202.85,46.51,105.46,1,-1,-1,-1
84,29523,128.11,218.31,21.55,54.57,1,-1,-1,-1
84,29553,297.66,185.95,53.09,136.34,1,-1,-1,-1
84,29565,402.25,202.77,45.88,105.60,1,-1,-1,-1
85,29523,128.08,218.28,21.61,54.63,1,-1,-1,-1
85,29553,297.62,185.93,53.12,136.40,1,-1,-1,-1
85,29565,402.52,202.75,45.26,105.62,1,-1,-1,-1
86,29523,128.06,218.26,21.65,54.67,1,-1,-1,-1
86,29553,297.57,185.92,53.13,136.40,1,-1,-1,-1
86,29565,402.76,202.76,44.67,105.59,1,-1,-1,-1
87,29523,128.05,218.23,21.69,54.70,1,-1,-1,-1
87,29553,297.52,185.92,53.12,136.38,1,-1,-1,-1
87,29565,402.98,202.78,44.14,105.54,1,-1,-1,-1
88,29523,128.04,218.21,21.73,54.73,1,-1,-1,-1
88,29553,297.48,185.93,53.11,136.35,1,-1,-1,-1
88,29565,403.17,202.80,43.65,105.50,1,-1,-1,-1
89,29523,124.77,218.19,21.75,54.76,1,-1,-1,-1
89,29553,297.34,185.93,53.29,136.32,1,-1,-1,-1
89,29554,360.05,181.48,43.71,140.69,1,-1,-1,-1
89,29565,406.69,198.27,44.97,110.65,1,-1,-1,-1
89,29570,221.00,219.00,21.00,70.00,1,-1,-1,-1
89,29571,177.00,225.00,21.00,56.00,1,-1,-1,-1
90,29523,124.41,218.51,21.60,54.36,1,-1,-1,-1
90,29553,296.99,182.04,53.89,137.59,1,-1,-1,-1
90,29554,359.80,177.60,45.48,146.52,1,-1,-1,-1
90,29565,408.75,192.74,46.53,116.41,1,-1,-1,-1
90,29570,219.66,219.00,20.25,67.43,1,-1,-1,-1
91,29553,297.43,183.16,53.59,135.47,1,-1,-1,-1
91,29554,361.11,178.83,45.92,146.60,1,-1,-1,-1
91,29565,409.78,190.60,47.26,120.52,1,-1,-1,-1
92,29553,297.44,183.60,53.74,134.63,1,-1,-1,-1
92,29554,361.49,179.34,46.24,146.59,1,-1,-1,-1
92,29565,410.40,189.79,47.04,122.11,1,-1,-1,-1
93,29553,297.30,183.78,54.04,134.30,1,-1,-1,-1
93,29554,361.52,179.56,46.48,146.55,1,-1,-1,-1
93,29565,410.84,189.51,46.50,122.67,1,-1,-1,-1
94,29553,297.12,183.86,54.37,134.17,1,-1,-1,-1
94,29554,361.44,179.66,46.68,146.51,1,-1,-1,-1
94,29565,411.18,189.43,45.87,122.83,1,-1,-1,-1
95,29553,296.93,183.89,54.70,134.11,1,-1,-1,-1
95,29554,361.32,179.71,46.84,146.47,1,-1,-1,-1
95,29565,411.46,189.44,45.24,122.85,1,-1,-1,-1
96,29553,296.75,183.91,55.01,134.09,1,-1,-1,-1
96,29554,361.20,179.75,46.98,146.43,1,-1,-1,-1
96,29565,411.72,189.47,44.66,122.81,1,-1,-1,-1
97,29553,296.59,183.92,55.30,134.07,1,-1,-1,-1
97,29554,361.08,179.77,47.10,146.39,1,-1,-1,-1
97,29565,411.94,189.51,44.13,122.75,1,-1,-1,-1
98,29553,296.43,183.93,55.55,134.07,1,-1,-1,-1
98,29554,360.97,179.80,47.19,146.35,1,-1,-1,-1
98,29565,412.14,189.55,43.64,122.69,1,-1,-1,-1
99,29553,296.30,183.94,55.79,134.06,1,-1,-1,-1
99,29554,360.88,179.82,47.28,146.32,1,-1,-1,-1
99,29565,412.32,189.59,43.20,122.63,1,-1,-1,-1
100,29523,121.55,205.48,22.78,57.78,1,-1,-1,-1
100,29553,303.88,180.03,54.96,132.75,1,-1,-1,-1
100,29554,366.49,183.74,43.77,134.57,1,-1,-1,-1
100,29565,412.81,188.94,43.55,123.62,1,-1,-1,-1
101,29523,121.52,204.93,22.71,57.94,1,-1,-1,-1
101,29553,306.81,178.54,54.50,132.25,1,-1,-1,-1
101,29554,368.57,185.29,42.52,129.96,1,-1,-1,-1
102,29523,121.54,204.74,22.62,58.00,1,-1,-1,-1
102,29553,307.96,178.00,54.20,132.06,1,-1,-1,-1
102,29554,369.22,185.84,42.20,128.33,1,-1,-1,-1
103,29523,121.58,204.69,22.55,58.02,1,-1,-1,-1
103,29553,308.41,177.81,53.96,131.99,1,-1,-1,-1
103,29554,369.36,186.03,42.20,127.77,1,-1,-1,-1
104,29523,121.62,204.69,22.48,58.03,1,-1,-1,-1
104,29553,308.60,177.76,53.77,131.97,1,-1,-1,-1
104,29554,369.33,186.09,42.31,127.59,1,-1,-1,-1
105,29523,121.66,204.70,22.43,58.03,1,-1,-1,-1
105,29553,308.69,177.76,53.59,131.96,1,-1,-1,-1
105,29554,369.23,186.11,42.45,127.56,1,-1,-1,-1
106,29523,121.69,204.73,22.38,58.03,1,-1,-1,-1
106,29553,308.74,177.77,53.44,131.96,1,-1,-1,-1
106,29554,369.12,186.11,42.59,127.57,1,-1,-1,-1
107,29523,121.72,204.75,22.34,58.03,1,-1,-1,-1
107,29553,308.77,177.79,53.30,131.96,1,-1,-1,-1
107,29554,369.02,186.10,42.73,127.61,1,-1,-1,-1
108,29523,121.75,204.77,22.30,58.02,1,-1,-1,-1
108,29553,308.80,177.81,53.18,131.97,1,-1,-1,-1
108,29554,368.92,186.09,42.85,127.64,1,-1,-1,-1
109,29523,121.78,204.79,22.27,58.02,1,-1,-1,-1
109,29553,308.82,177.82,53.07,131.97,1,-1,-1,-1
109,29554,368.83,186.08,42.96,127.68,1,-1,-1,-1
110,29523,121.80,204.81,22.24,58.02,1,-1,-1,-1
110,29553,308.83,177.84,52.97,131.97,1,-1,-1,-1
110,29554,368.75,186.07,43.06,127.71,1,-1,-1,-1
111,29523,121.67,204.51,22.26,58.05,1,-1,-1,-1
111,29553,302.04,179.82,52.78,131.97,1,-1,-1,-1
111,29554,359.68,180.82,44.76,132.33,1,-1,-1,-1
111,29572,86.00,204.00,33.00,97.00,1,-1,-1,-1
111,29573,149.00,195.00,31.00,106.00,1,-1,-1,-1
112,29553,299.50,180.57,52.61,131.98,1,-1,-1,-1
112,29554,356.25,178.86,45.47,134.06,1,-1,-1,-1
112,29572,86.00,204.00,33.00,97.00,1,-1,-1,-1
112,29573,149.00,195.00,31.00,106.00,1,-1,-1,-1
113,29553,298.59,180.86,52.46,131.98,1,-1,-1,-1
113,29554,354.90,178.12,45.81,134.72,1,-1,-1,-1
113,29572,86.00,204.00,33.00,97.00,1,-1,-1,-1
113,29573,149.00,195.00,31.00,106.00,1,-1,-1,-1
114,29553,298.30,180.97,52.32,131.98,1,-1,-1,-1
114,29554,354.38,177.85,46.00,134.97,1,-1,-1,-1
114,29572,86.00,204.00,33.00,97.00,1,-1,-1,-1
114,29573,149.00,195.00,31.00,106.00,1,-1,-1,-1
115,29553,298.24,181.01,52.19,131.98,1,-1,-1,-1
115,29554,354.17,177.77,46.13,135.06,1,-1,-1,-1
115,29572,86.00,204.00,33.00,97.00,1,-1,-1,-1
115,29573,149.00,195.00,31.00,106.00,1,-1,-1,-1
116,29553,298.26,181.02,52.08,131.98,1,-1,-1,-1
116,29554,354.09,177.75,46.22,135.09,1,-1,-1,-1
116,29572,86.00,204.00,33.00,97.00,1,-1,-1,-1
116,29573,149.00,195.00,31.00,106.00,1,-1,-1,-1
117,29553,298.31,181.02,51.98,131.99,1,-1,-1,-1
117,29554,354.06,177.76,46.30,135.10,1,-1,-1,-1
117,29572,86.00,204.00,33.00,97.00,1,-1,-1,-1
117,29573,149.00,195.00,31.00,106.00,1,-1,-1,-1
118,29553,298.37,181.02,51.89,131.99,1,-1,-1,-1
118,29554,354.04,177.78,46.37,135.09,1,-1,-1,-1
118,29572,86.00,204.00,33.00,97.00,1,-1,-1,-1
118,29573,149.00,195.00,31.00,106.00,1,-1,-1,-1
119,29553,298.43,181.02,51.80,131.99,1,-1,-1,-1
119,29554,354.03,177.79,46.43,135.08,1,-1,-1,-1
119,29572,86.00,204.00,33.00,97.00,1,-1,-1,-1
119,29573,149.00,195.00,31.00,106.00,1,-1,-1,-1
120,29553,298.48,181.02,51.73,131.99,1,-1,-1,-1
120,29554,354.03,177.81,46.49,135.08,1,-1,-1,-1
120,29572,86.00,204.00,33.00,97.00,1,-1,-1,-1
120,29573,149.00,195.00,31.00,106.00,1,-1,-1,-1
121,29553,298.53,181.02,51.66,131.99,1,-1,-1,-1
121,29554,354.02,177.83,46.54,135.07,1,-1,-1,-1
121,29572,86.00,204.00,33.00,97.00,1,-1,-1,-1
121,29573,149.00,195.00,31.00,106.00,1,-1,-1,-1
122,29553,283.35,181.67,53.32,136.56,1,-1,-1,-1
122,29554,338.75,182.41,45.82,134.41,1,-1,-1,-1
122,29565,484.47,175.99,48.74,152.92,1,-1,-1,-1
122,29572,82.28,188.05,44.43,130.88,1,-1,-1,-1
122,29573,149.00,195.00,31.00,106.00,1,-1,-1,-1
122,29574,213.00,196.00,33.00,122.00,1,-1,-1,-1
123,29553,281.77,181.75,53.47,136.96,1,-1,-1,-1
123,29554,337.04,182.57,45.83,134.46,1,-1,-1,-1
123,29565,487.41,175.39,49.15,154.22,1,-1,-1,-1
123,29572,69.74,175.46,51.42,150.27,1,-1,-1,-1
123,29575,112.00,208.00,36.00,121.00,1,-1,-1,-1
124,29553,261.07,178.91,55.23,143.19,1,-1,-1,-1
124,29554,316.93,184.48,45.31,133.35,1,-1,-1,-1
124,29572,68.36,172.77,53.19,155.42,1,-1,-1,-1
124,29576,192.00,197.00,35.00,121.00,1,-1,-1,-1
125,29553,253.59,176.95,55.43,145.99,1,-1,-1,-1
125,29554,310.18,184.93,45.12,132.43,1,-1,-1,-1
125,29576,186.19,193.57,37.20,128.71,1,-1,-1,-1
125,29577,91.00,211.00,40.00,126.00,1,-1,-1,-1
126,29553,252.60,178.16,54.61,145.08,1,-1,-1,-1
126,29554,309.41,185.74,44.51,132.10,1,-1,-1,-1
126,29576,186.40,196.66,35.93,124.15,1,-1,-1,-1
126,29577,89.68,214.43,40.06,126.00,1,-1,-1,-1
126,29578,560.00,225.00,31.00,99.00,1,-1,-1,-1
127,29553,250.95,177.34,54.46,145.99,1,-1,-1,-1
127,29554,308.88,182.11,45.63,137.22,1,-1,-1,-1
127,29576,184.56,194.08,37.23,129.12,1,-1,-1,-1
127,29577,87.32,212.00,39.86,125.25,1,-1,-1,-1
128,29553,250.88,176.39,54.76,148.90,1,-1,-1,-1
128,29554,308.91,176.88,46.36,141.71,1,-1,-1,-1
128,29572,19.91,160.28,61.90,178.58,1,-1,-1,-1
128,29576,184.34,193.21,37.66,130.76,1,-1,-1,-1
128,29577,84.60,205.93,42.94,135.42,1,-1,-1,-1
128,29579,68.00,204.00,43.00,137.00,1,-1,-1,-1
129,29553,251.84,177.32,53.05,145.48,1,-1,-1,-1
129,29554,307.19,176.79,46.40,144.07,1,-1,-1,-1
129,29565,577.49,215.67,37.11,116.47,1,-1,-1,-1
129,29572,11.95,157.82,64.99,184.61,1,-1,-1,-1
129,29576,184.42,190.83,38.28,133.38,1,-1,-1,-1
129,29577,83.10,203.78,43.87,138.35,1,-1,-1,-1
129,29580,172.00,184.00,38.00,145.00,1,-1,-1,-1
130,29553,253.05,174.43,53.57,149.32,1,-1,-1,-1
130,29554,306.58,179.35,43.92,137.24,1,-1,-1,-1
130,29565,585.21,217.97,36.57,114.76,1,-1,-1,-1
130,29572,8.04,155.06,66.86,189.94,1,-1,-1,-1
130,29576,172.33,179.78,44.40,154.71,1,-1,-1,-1
131,29553,251.42,171.43,54.78,155.89,1,-1,-1,-1
131,29554,306.29,178.40,43.99,137.81,1,-1,-1,-1
131,29576,166.60,176.45,46.20,161.09,1,-1,-1,-1
131,29577,66.20,214.03,40.13,125.53,1,-1,-1,-1
131,29581,188.00,191.00,33.00,133.00,1,-1,-1,-1
132,29553,251.01,169.65,53.65,155.20,1,-1,-1,-1
132,29554,306.00,176.75,44.49,139.97,1,-1,-1,-1
132,29576,166.17,180.35,44.56,154.48,1,-1,-1,-1
132,29577,62.48,214.22,40.10,125.44,1,-1,-1,-1
133,29553,252.11,173.50,51.50,149.70,1,-1,-1,-1
133,29554,305.81,178.08,43.65,138.84,1,-1,-1,-1
133,29576,163.49,178.40,45.64,158.23,1,-1,-1,-1
134,29553,252.69,175.01,50.53,147.52,1,-1,-1,-1
134,29554,305.94,178.60,43.09,138.39,1,-1,-1,-1
135,29553,253.02,175.59,50.05,146.68,1,-1,-1,-1
135,29554,306.17,178.81,42.65,138.21,1,-1,-1,-1
136,29553,253.24,175.81,49.77,146.36,1,-1,-1,-1
136,29554,306.41,178.89,42.28,138.13,1,-1,-1,-1
137,29553,253.42,175.90,49.56,146.22,1,-1,-1,-1
137,29554,306.65,178.92,41.96,138.10,1,-1,-1,-1
138,29553,253.58,175.94,49.40,146.16,1,-1,-1,-1
138,29554,306.87,178.94,41.67,138.08,1,-1,-1,-1
139,29553,253.72,175.95,49.26,146.13,1,-1,-1,-1
139,29554,307.07,178.95,41.42,138.07,1,-1,-1,-1
140,29553,253.84,175.96,49.14,146.12,1,-1,-1,-1
140,29554,307.25,178.96,41.19,138.06,1,-1,-1,-1
141,29553,253.95,175.97,49.03,146.10,1,-1,-1,-1
141,29554,307.42,178.96,40.98,138.06,1,-1,-1,-1
142,29553,254.06,175.97,48.93,146.09,1,-1,-1,-1
142,29554,307.57,178.96,40.79,138.05,1,-1,-1,-1
143,29553,254.15,175.97,48.84,146.08,1,-1,-1,-1
143,29554,307.71,178.97,40.62,138.05,1,-1,-1,-1
144,29553,252.55,177.28,47.55,141.50,1,-1,-1,-1
144,29554,309.52,182.89,39.70,133.47,1,-1,-1,-1
144,29576,104.25,159.89,69.34,233.68,1,-1,-1,-1
145,29553,251.90,177.78,47.18,139.75,1,-1,-1,-1
145,29554,310.14,184.39,39.57,131.72,1,-1,-1,-1
145,29576,101.22,159.32,71.70,236.59,1,-1,-1,-1
146,29553,251.63,177.97,47.16,139.11,1,-1,-1,-1
146,29554,310.28,184.93,39.72,131.08,1,-1,-1,-1
146,29576,99.80,159.12,73.20,237.62,1,-1,-1,-1
147,29553,251.50,178.03,47.26,138.88,1,-1,-1,-1
147,29554,310.25,185.13,39.97,130.86,1,-1,-1,-1
147,29576,99.11,159.09,74.25,237.88,1,-1,-1,-1
148,29553,251.43,178.05,47.40,138.81,1,-1,-1,-1
148,29554,310.17,185.18,40.23,130.79,1,-1,-1,-1
148,29576,98.73,159.12,75.04,237.84,1,-1,-1,-1
149,29553,251.38,178.06,47.54,138.80,1,-1,-1,-1
149,29554,310.07,185.19,40.49,130.78,1,-1,-1,-1
149,29576,98.51,159.17,75.67,237.69,1,-1,-1,-1
150,29553,251.34,178.05,47.68,138.81,1,-1,-1,-1
150,29554,309.98,185.18,40.72,130.79,1,-1,-1,-1
150,29576,98.37,159.23,76.19,237.50,1,-1,-1,-1
151,29553,251.31,178.05,47.80,138.82,1,-1,-1,-1
151,29554,309.89,185.17,40.94,130.81,1,-1,-1,-1
151,29576,98.27,159.30,76.63,237.30,1,-1,-1,-1
152,29553,251.28,178.05,47.91,138.84,1,-1,-1,-1
152,29554,309.80,185.15,41.13,130.82,1,-1,-1,-1
152,29576,98.20,159.36,77.01,237.10,1,-1,-1,-1
153,29553,251.25,178.04,48.02,138.85,1,-1,-1,-1
153,29554,309.73,185.14,41.31,130.84,1,-1,-1,-1
153,29576,98.15,159.41,77.33,236.92,1,-1,-1,-1
154,29553,251.23,178.04,48.11,138.87,1,-1,-1,-1
154,29554,309.66,185.13,41.47,130.86,1,-1,-1,-1
154,29576,98.12,159.46,77.61,236.75,1,-1,-1,-1
155,29553,251.02,178.69,48.58,139.53,1,-1,-1,-1
155,29554,304.57,175.30,46.44,148.53,1,-1,-1,-1
155,29576,95.96,158.62,78.52,239.51,1,-1,-1,-1
155,29582,463.00,176.00,42.00,151.00,1,-1,-1,-1
156,29553,253.51,180.24,47.53,137.18,1,-1,-1,-1
156,29554,303.00,171.73,48.30,155.59,1,-1,-1,-1
157,29553,254.54,180.82,47.02,136.29,1,-1,-1,-1
157,29554,302.47,170.29,48.86,158.43,1,-1,-1,-1
158,29553,254.97,181.03,46.73,135.97,1,-1,-1,-1
158,29554,302.37,169.75,48.90,159.49,1,-1,-1,-1
159,29553,255.18,181.10,46.52,135.86,1,-1,-1,-1
159,29554,302.43,169.57,48.75,159.85,1,-1,-1,-1
160,29553,255.30,181.12,46.36,135.83,1,-1,-1,-1
160,29554,302.54,169.53,48.53,159.93,1,-1,-1,-1
161,29553,255.39,181.12,46.23,135.83,1,-1,-1,-1
161,29554,302.66,169.54,48.31,159.91,1,-1,-1,-1
162,29553,255.45,181.11,46.11,135.84,1,-1,-1,-1
162,29554,302.78,169.57,48.10,159.86,1,-1,-1,-1
163,29553,255.51,181.10,46.00,135.85,1,-1,-1,-1
163,29554,302.89,169.60,47.90,159.79,1,-1,-1,-1
164,29553,255.55,181.10,45.91,135.87,1,-1,-1,-1
164,29554,302.99,169.63,47.72,159.72,1,-1,-1,-1
165,29553,255.60,181.09,45.82,135.88,1,-1,-1,-1
165,29554,303.09,169.66,47.56,159.66,1,-1,-1,-1
166,29553,256.34,173.23,52.17,155.50,1,-1,-1,-1
166,29554,314.11,186.57,40.46,132.99,1,-1,-1,-1
166,29576,138.11,194.37,36.87,111.73,1,-1,-1,-1
166,29583,108.00,189.00,46.00,116.00,1,-1,-1,-1
166,29584,25.00,227.00,29.00,54.00,1,-1,-1,-1
167,29553,259.11,173.49,52.60,158.28,1,-1,-1,-1
167,29554,314.76,187.52,40.06,131.68,1,-1,-1,-1
167,29576,139.67,196.05,34.85,105.63,1,-1,-1,-1
167,29585,182.00,198.00,45.00,97.00,1,-1,-1,-1
168,29553,260.38,173.62,52.49,159.36,1,-1,-1,-1
168,29585,182.00,198.00,45.00,97.00,1,-1,-1,-1
169,29553,261.99,174.34,50.83,155.23,1,-1,-1,-1
169,29585,167.92,195.00,49.14,106.76,1,-1,-1,-1
169,29586,24.00,227.00,29.00,51.00,1,-1,-1,-1
170,29553,262.68,174.63,50.02,153.56,1,-1,-1,-1
170,29585,163.43,194.00,50.12,110.01,1,-1,-1,-1
170,29586,24.00,227.00,29.00,51.00,1,-1,-1,-1
171,29553,263.00,174.76,49.56,152.89,1,-1,-1,-1
171,29585,162.30,193.70,49.97,110.99,1,-1,-1,-1
171,29586,24.00,227.00,29.00,51.00,1,-1,-1,-1
172,29553,263.17,174.81,49.25,152.61,1,-1,-1,-1
172,29585,162.38,193.64,49.39,111.16,1,-1,-1,-1
172,29586,24.00,227.00,29.00,51.00,1,-1,-1,-1
173,29553,263.28,174.84,49.01,152.48,1,-1,-1,-1
173,29585,162.83,193.66,48.65,111.09,1,-1,-1,-1
173,29586,24.00,227.00,29.00,51.00,1,-1,-1,-1
174,29553,263.36,174.86,48.81,152.41,1,-1,-1,-1
174,29585,163.37,193.70,47.88,110.97,1,-1,-1,-1
174,29586,24.00,227.00,29.00,51.00,1,-1,-1,-1
175,29553,263.43,174.88,48.63,152.36,1,-1,-1,-1
175,29585,163.91,193.74,47.09,110.85,1,-1,-1,-1
175,29586,24.00,227.00,29.00,51.00,1,-1,-1,-1
176,29553,263.48,174.89,48.47,152.32,1,-1,-1,-1
176,29585,164.42,193.77,46.33,110.74,1,-1,-1,-1
176,29586,24.00,227.00,29.00,51.00,1,-1,-1,-1
177,29553,260.45,164.48,52.55,164.01,1,-1,-1,-1
177,29576,113.40,180.06,41.29,129.85,1,-1,-1,-1
177,29585,157.52,186.51,50.43,120.58,1,-1,-1,-1
177,29586,24.00,227.00,29.00,51.00,1,-1,-1,-1
178,29553,259.21,160.61,54.28,168.36,1,-1,-1,-1
178,29576,113.08,179.64,40.37,130.15,1,-1,-1,-1
178,29585,155.00,183.85,51.92,124.20,1,-1,-1,-1
179,29553,258.63,159.11,55.12,170.03,1,-1,-1,-1
179,29576,113.30,179.56,39.67,130.23,1,-1,-1,-1
179,29585,154.09,182.83,52.46,125.55,1,-1,-1,-1
180,29553,258.33,158.56,55.59,170.63,1,-1,-1,-1
180,29576,113.59,179.56,39.13,130.24,1,-1,-1,-1
180,29585,153.83,182.48,52.63,125.99,1,-1,-1,-1
181,29553,258.15,158.39,55.90,170.81,1,-1,-1,-1
181,29576,113.85,179.59,38.70,130.23,1,-1,-1,-1
181,29585,153.81,182.39,52.65,126.09,1,-1,-1,-1
182,29553,258.01,158.37,56.13,170.83,1,-1,-1,-1
182,29576,114.08,179.62,38.36,130.22,1,-1,-1,-1
182,29585,153.88,182.39,52.62,126.06,1,-1,-1,-1
183,29553,257.91,158.39,56.32,170.79,1,-1,-1,-1
183,29576,114.28,179.65,38.07,130.20,1,-1,-1,-1
183,29585,153.96,182.43,52.57,125.98,1,-1,-1,-1
184,29553,257.82,158.43,56.49,170.73,1,-1,-1,-1
184,29576,114.46,179.68,37.83,130.19,1,-1,-1,-1
184,29585,154.06,182.48,52.52,125.90,1,-1,-1,-1
185,29553,257.74,158.48,56.63,170.67,1,-1,-1,-1
185,29576,114.62,179.71,37.63,130.17,1,-1,-1,-1
185,29585,154.14,182.52,52.47,125.82,1,-1,-1,-1
186,29553,257.67,158.53,56.76,170.61,1,-1,-1,-1
186,29576,114.76,179.73,37.45,130.15,1,-1,-1,-1
186,29585,154.22,182.57,52.43,125.74,1,-1,-1,-1
187,29553,257.60,158.57,56.88,170.55,1,-1,-1,-1
187,29576,114.88,179.76,37.30,130.14,1,-1,-1,-1
187,29585,154.30,182.61,52.39,125.67,1,-1,-1,-1
188,29553,263.32,170.96,50.63,152.95,1,-1,-1,-1
188,29554,314.19,173.17,44.70,148.78,1,-1,-1,-1
188,29576,102.94,160.91,52.80,177.61,1,-1,-1,-1
188,29585,131.51,172.24,66.19,157.48,1,-1,-1,-1
189,29553,263.82,174.53,48.96,148.68,1,-1,-1,-1
189,29554,314.23,173.47,46.50,150.38,1,-1,-1,-1
189,29576,115.56,154.31,60.11,193.61,1,-1,-1,-1
189,29585,128.55,170.74,67.80,161.30,1,-1,-1,-1
190,29553,264.63,171.75,50.42,153.89,1,-1,-1,-1
190,29554,312.91,173.00,48.02,153.57,1,-1,-1,-1
190,29576,120.43,155.07,62.97,193.97,1,-1,-1,-1
190,29587,219.00,213.00,17.00,65.00,1,-1,-1,-1
191,29553,265.00,170.74,50.81,155.77,1,-1,-1,-1
191,29554,312.30,172.82,48.79,154.79,1,-1,-1,-1
191,29576,121.90,155.50,65.37,193.87,1,-1,-1,-1
191,29587,219.00,213.00,17.00,65.00,1,-1,-1,-1
192,29553,265.18,170.34,50.84,156.51,1,-1,-1,-1
192,29554,311.99,172.77,49.24,155.24,1,-1,-1,-1
192,29576,121.89,155.73,67.49,193.70,1,-1,-1,-1
192,29587,219.00,213.00,17.00,65.00,1,-1,-1,-1
193,29553,265.29,170.18,50.74,156.80,1,-1,-1,-1
193,29554,311.80,172.76,49.53,155.38,1,-1,-1,-1
193,29576,121.35,155.87,69.37,193.52,1,-1,-1,-1
193,29587,219.00,213.00,17.00,65.00,1,-1,-1,-1
194,29553,265.37,170.12,50.61,156.91,1,-1,-1,-1
194,29554,311.68,172.77,49.74,155.42,1,-1,-1,-1
194,29576,120.66,155.97,71.04,193.34,1,-1,-1,-1
194,29587,219.00,213.00,17.00,65.00,1,-1,-1,-1
195,29553,265.43,170.09,50.46,156.95,1,-1,-1,-1
195,29554,311.59,172.79,49.90,155.41,1,-1,-1,-1
195,29576,119.96,156.05,72.53,193.17,1,-1,-1,-1
195,29587,219.00,213.00,17.00,65.00,1,-1,-1,-1
196,29553,265.49,170.07,50.33,156.97,1,-1,-1,-1
196,29554,311.52,172.81,50.03,155.38,1,-1,-1,-1
196,29576,119.29,156.13,73.87,193.00,1,-1,-1,-1
196,29587,219.00,213.00,17.00,65.00,1,-1,-1,-1
197,29553,265.54,170.06,50.20,156.98,1,-1,-1,-1
197,29554,311.46,172.82,50.14,155.35,1,-1,-1,-1
197,29576,118.68,156.20,75.06,192.83,1,-1,-1,-1
197,29587,219.00,213.00,17.00,65.00,1,-1,-1,-1
198,29553,265.58,170.05,50.09,156.98,1,-1,-1,-1
198,29554,311.41,172.84,50.24,155.32,1,-1,-1,-1
198,29576,118.13,156.27,76.14,192.68,1,-1,-1,-1
198,29587,219.00,213.00,17.00,65.00,1,-1,-1,-1
199,29553,267.90,175.28,46.73,147.18,1,-1,-1,-1
199,29554,314.50,172.20,47.95,152.04,1,-1,-1,-1
199,29576,117.93,155.13,77.18,195.31,1,-1,-1,-1
199,29587,218.77,215.01,17.46,66.34,1,-1,-1,-1
199,29588,26.00,36.00,158.00,426.00,1,-1,-1,-1
199,29589,200.00,220.00,21.00,65.00,1,-1,-1,-1
200,29553,268.84,177.28,45.33,143.41,1,-1,-1,-1
200,29554,315.98,171.97,46.48,150.77,1,-1,-1,-1
200,29587,218.65,215.76,17.69,66.84,1,-1,-1,-1
200,29588,26.00,36.00,158.00,426.00,1,-1,-1,-1
200,29589,200.00,220.00,21.00,65.00,1,-1,-1,-1
201,29553,269.22,177.99,44.73,142.07,1,-1,-1,-1
201,29554,316.80,171.89,45.39,150.29,1,-1,-1,-1
201,29587,218.58,216.03,17.84,67.02,1,-1,-1,-1
201,29588,26.00,36.00,158.00,426.00,1,-1,-1,-1
201,29589,200.00,220.00,21.00,65.00,1,-1,-1,-1
202,29553,269.64,178.69,44.35,140.86,1,-1,-1,-1
202,29554,316.67,170.56,46.49,156.64,1,-1,-1,-1
202,29587,218.50,218.09,18.65,69.71,1,-1,-1,-1
202,29588,26.00,36.00,158.00,426.00,1,-1,-1,-1
202,29589,200.00,220.00,21.00,65.00,1,-1,-1,-1
202,29590,179.00,214.00,19.00,72.00,1,-1,-1,-1
203,29554,324.32,172.00,45.64,155.80,1,-1,-1,-1
203,29587,218.30,216.92,19.30,72.01,1,-1,-1,-1
204,29554,327.46,172.58,45.00,155.44,1,-1,-1,-1
204,29587,218.21,216.45,19.57,72.88,1,-1,-1,-1
205,29554,328.76,172.80,44.47,155.29,1,-1,-1,-1
205,29587,218.17,216.25,19.69,73.20,1,-1,-1,-1
206,29554,329.35,172.89,44.02,155.22,1,-1,-1,-1
206,29587,218.14,216.17,19.75,73.30,1,-1,-1,-1
207,29554,329.66,172.93,43.63,155.19,1,-1,-1,-1
207,29587,218.13,216.13,19.79,73.31,1,-1,-1,-1
208,29554,329.84,172.95,43.27,155.16,1,-1,-1,-1
208,29587,218.11,216.11,19.81,73.30,1,-1,-1,-1
209,29554,329.98,172.96,42.96,155.14,1,-1,-1,-1
209,29587,218.10,216.09,19.83,73.28,1,-1,-1,-1
210,29553,277.28,185.94,43.06,133.90,1,-1,-1,-1
210,29554,330.41,176.22,43.33,153.83,1,-1,-1,-1
210,29576,23.52,163.21,75.51,185.48,1,-1,-1,-1
210,29587,221.35,218.03,19.19,70.00,1,-1,-1,-1
211,29553,277.48,183.48,44.66,136.40,1,-1,-1,-1
211,29554,331.14,174.85,43.59,154.63,1,-1,-1,-1
211,29576,18.27,163.21,75.71,185.97,1,-1,-1,-1
211,29587,222.40,216.13,19.34,70.70,1,-1,-1,-1
212,29553,277.37,182.69,45.55,137.20,1,-1,-1,-1
212,29554,331.39,174.33,43.70,154.92,1,-1,-1,-1
212,29587,222.79,215.42,19.37,70.96,1,-1,-1,-1
213,29553,277.17,182.38,46.18,137.52,1,-1,-1,-1
213,29554,331.45,174.13,43.75,155.03,1,-1,-1,-1
213,29587,222.94,215.15,19.36,71.05,1,-1,-1,-1
214,29553,276.95,182.25,46.66,137.66,1,-1,-1,-1
214,29554,331.45,174.05,43.79,155.07,1,-1,-1,-1
214,29587,223.00,215.05,19.33,71.08,1,-1,-1,-1
215,29553,276.75,182.19,47.05,137.73,1,-1,-1,-1
215,29554,331.42,174.02,43.81,155.08,1,-1,-1,-1
215,29587,223.01,215.01,19.31,71.08,1,-1,-1,-1
216,29553,276.56,182.16,47.38,137.77,1,-1,-1,-1
216,29554,331.39,174.01,43.83,155.07,1,-1,-1,-1
216,29587,223.02,215.00,19.28,71.08,1,-1,-1,-1
217,29553,276.40,182.14,47.66,137.80,1,-1,-1,-1
217,29554,331.35,174.00,43.85,155.07,1,-1,-1,-1
217,29587,223.02,214.99,19.25,71.07,1,-1,-1,-1
218,29553,276.25,182.12,47.91,137.82,1,-1,-1,-1
218,29554,331.32,174.00,43.86,155.06,1,-1,-1,-1
218,29587,223.02,214.99,19.23,71.07,1,-1,-1,-1
219,29553,276.13,182.11,48.12,137.84,1,-1,-1,-1
219,29554,331.29,174.00,43.87,155.06,1,-1,-1,-1
219,29587,223.02,214.99,19.21,71.06,1,-1,-1,-1
220,29553,276.01,182.10,48.31,137.85,1,-1,-1,-1
220,29554,331.26,174.00,43.88,155.05,1,-1,-1,-1
220,29587,223.02,214.99,19.19,71.06,1,-1,-1,-1
221,29553,282.59,174.90,50.82,145.06,1,-1,-1,-1
221,29554,336.89,170.08,44.34,157.66,1,-1,-1,-1
221,29587,223.75,211.08,23.56,83.45,1,-1,-1,-1
222,29553,285.04,172.22,51.74,147.74,1,-1,-1,-1
222,29554,339.08,168.61,44.35,158.64,1,-1,-1,-1
222,29587,223.69,209.66,25.81,87.94,1,-1,-1,-1
223,29553,285.97,171.19,52.08,148.78,1,-1,-1,-1
223,29554,339.96,168.05,44.22,159.00,1,-1,-1,-1
223,29587,223.40,209.08,27.26,89.77,1,-1,-1,-1
224,29553,286.30,170.81,52.20,149.16,1,-1,-1,-1
224,29554,340.33,167.86,44.04,159.13,1,-1,-1,-1
224,29587,223.04,208.86,28.29,90.46,1,-1,-1,-1
225,29553,286.40,170.69,52.23,149.28,1,-1,-1,-1
225,29554,340.50,167.80,43.86,159.17,1,-1,-1,-1
225,29587,222.67,208.79,29.12,90.68,1,-1,-1,-1
226,29553,286.41,170.66,52.23,149.31,1,-1,-1,-1
226,29554,340.59,167.79,43.69,159.17,1,-1,-1,-1
226,29587,222.33,208.78,29.81,90.73,1,-1,-1,-1
227,29553,286.40,170.67,52.21,149.30,1,-1,-1,-1
227,29554,340.64,167.80,43.53,159.16,1,-1,-1,-1
227,29587,222.01,208.78,30.42,90.71,1,-1,-1,-1
228,29553,286.37,170.70,52.19,149.28,1,-1,-1,-1
228,29554,340.69,167.81,43.38,159.15,1,-1,-1,-1
228,29587,221.73,208.80,30.96,90.66,1,-1,-1,-1
229,29553,286.34,170.72,52.18,149.26,1,-1,-1,-1
229,29554,340.72,167.83,43.25,159.14,1,-1,-1,-1
229,29587,221.47,208.81,31.45,90.61,1,-1,-1,-1
230,29553,286.31,170.75,52.16,149.24,1,-1,-1,-1
230,29554,340.75,167.84,43.13,159.12,1,-1,-1,-1
230,29587,221.23,208.83,31.89,90.56,1,-1,-1,-1
231,29553,286.28,170.77,52.15,149.21,1,-1,-1,-1
231,29554,340.77,167.86,43.02,159.11,1,-1,-1,-1
231,29587,221.02,208.84,32.28,90.51,1,-1,-1,-1
232,29553,284.31,164.28,55.37,160.92,1,-1,-1,-1
232,29554,343.94,166.57,38.58,144.10,1,-1,-1,-1
232,29587,221.85,203.03,35.13,99.54,1,-1,-1,-1
232,29591,117.00,197.00,33.00,108.00,1,-1,-1,-1
232,29592,168.00,197.00,33.00,111.00,1,-1,-1,-1
232,29593,187.00,194.00,32.00,119.00,1,-1,-1,-1
233,29553,285.67,165.67,53.63,157.67,1,-1,-1,-1
233,29554,345.92,166.08,36.67,138.23,1,-1,-1,-1
233,29576,180.88,190.79,44.20,118.61,1,-1,-1,-1
233,29587,220.70,195.23,37.86,108.53,1,-1,-1,-1
233,29591,114.21,193.57,33.43,109.71,1,-1,-1,-1
233,29592,164.74,191.00,33.52,112.71,1,-1,-1,-1
234,29553,288.14,170.18,50.34,148.47,1,-1,-1,-1
234,29554,345.81,168.61,37.57,142.92,1,-1,-1,-1
234,29576,182.84,194.44,41.56,115.15,1,-1,-1,-1
234,29587,220.36,196.47,38.06,108.37,1,-1,-1,-1
234,29591,119.01,194.49,32.68,106.27,1,-1,-1,-1
234,29592,166.65,189.25,35.41,118.97,1,-1,-1,-1
234,29594,140.00,189.00,41.00,116.00,1,-1,-1,-1
235,29553,289.50,173.95,48.88,144.88,1,-1,-1,-1
235,29554,345.66,172.78,37.45,143.95,1,-1,-1,-1
235,29576,183.78,195.96,40.35,114.93,1,-1,-1,-1
235,29587,220.51,195.78,38.81,112.65,1,-1,-1,-1
235,29591,102.71,195.61,33.00,106.58,1,-1,-1,-1
235,29592,166.16,190.16,36.23,121.79,1,-1,-1,-1
235,29594,138.34,186.43,43.47,122.86,1,-1,-1,-1
236,29553,289.76,175.33,48.13,143.57,1,-1,-1,-1
236,29554,344.72,171.75,38.48,149.63,1,-1,-1,-1
236,29576,188.48,197.39,39.52,112.57,1,-1,-1,-1
236,29587,220.30,194.89,39.61,116.17,1,-1,-1,-1
236,29591,94.60,193.07,35.04,112.54,1,-1,-1,-1
236,29592,166.49,191.28,35.42,119.82,1,-1,-1,-1
236,29594,138.88,186.00,43.70,124.00,1,-1,-1,-1
237,29553,288.60,172.54,50.34,151.65,1,-1,-1,-1
237,29554,343.45,170.06,40.04,156.95,1,-1,-1,-1
237,29587,219.31,193.94,41.73,123.81,1,-1,-1,-1
237,29591,92.69,194.27,34.97,110.44,1,-1,-1,-1
237,29592,167.08,192.42,36.95,125.28,1,-1,-1,-1
237,29594,140.11,190.27,41.72,118.46,1,-1,-1,-1
238,29553,287.84,170.23,51.16,155.27,1,-1,-1,-1
238,29554,340.89,164.28,42.19,166.80,1,-1,-1,-1
238,29587,220.68,198.58,39.02,116.78,1,-1,-1,-1
238,29591,86.93,189.20,38.77,119.98,1,-1,-1,-1
238,29592,168.30,189.46,38.82,132.55,1,-1,-1,-1
238,29594,136.55,188.85,42.38,120.85,1,-1,-1,-1
239,29553,287.45,169.98,51.00,154.73,1,-1,-1,-1
239,29554,342.03,165.21,41.30,161.72,1,-1,-1,-1
239,29587,220.78,194.72,39.46,120.85,1,-1,-1,-1
239,29591,84.64,186.11,40.04,122.66,1,-1,-1,-1
239,29592,165.93,188.35,40.54,139.15,1,-1,-1,-1
239,29594,136.76,187.65,44.73,129.38,1,-1,-1,-1
240,29553,288.11,171.84,49.29,149.29,1,-1,-1,-1
240,29554,340.66,164.31,42.62,166.12,1,-1,-1,-1
240,29587,220.06,195.20,38.58,119.80,1,-1,-1,-1
240,29591,71.70,178.36,45.97,138.09,1,-1,-1,-1
240,29592,165.49,192.47,38.25,130.57,1,-1,-1,-1
240,29594,136.25,189.23,43.43,127.03,1,-1,-1,-1
241,29553,287.50,164.00,54.28,165.63,1,-1,-1,-1
241,29554,338.92,161.41,44.29,173.52,1,-1,-1,-1
241,29587,218.90,196.07,38.66,121.23,1,-1,-1,-1
241,29591,66.18,177.99,46.43,139.45,1,-1,-1,-1
241,29592,162.73,191.49,39.06,134.23,1,-1,-1,-1
241,29594,135.50,188.49,43.35,128.71,1,-1,-1,-1
241,29595,88.00,186.00,38.00,126.00,1,-1,-1,-1
242,29553,289.15,169.36,52.36,158.28,1,-1,-1,-1
242,29554,338.20,165.39,43.75,170.61,1,-1,-1,-1
242,29587,218.67,194.50,39.55,124.94,1,-1,-1,-1
242,29591,60.17,174.74,47.53,142.36,1,-1,-1,-1
242,29592,159.77,187.22,40.67,140.10,1,-1,-1,-1
242,29594,133.26,182.20,46.63,139.98,1,-1,-1,-1
242,29596,121.00,176.00,42.00,147.00,1,-1,-1,-1
243,29553,287.76,171.64,53.68,161.02,1,-1,-1,-1
243,29554,338.13,168.95,43.11,166.13,1,-1,-1,-1
243,29587,213.27,190.09,42.86,135.88,1,-1,-1,-1
243,29591,57.83,180.59,46.95,141.46,1,-1,-1,-1
243,29592,159.07,186.65,41.45,142.77,1,-1,-1,-1
243,29594,122.67,183.10,46.81,140.89,1,-1,-1,-1
243,29597,45.00,189.00,43.00,126.00,1,-1,-1,-1
244,29553,289.78,180.89,49.73,147.16,1,-1,-1,-1
244,29554,339.28,176.86,40.51,155.22,1,-1,-1,-1
244,29587,211.92,203.36,39.57,125.11,1,-1,-1,-1
244,29591,45.01,181.03,47.63,144.20,1,-1,-1,-1
244,29594,114.91,180.24,49.38,150.25,1,-1,-1,-1
244,29597,54.76,181.29,48.34,142.29,1,-1,-1,-1
245,29553,289.07,179.85,49.79,146.31,1,-1,-1,-1
245,29554,339.05,177.86,40.20,152.36,1,-1,-1,-1
245,29587,209.79,208.38,38.70,122.34,1,-1,-1,-1
245,29591,38.73,183.16,45.08,136.83,1,-1,-1,-1
245,29594,110.42,179.17,49.68,153.75,1,-1,-1,-1
245,29597,57.86,180.00,46.98,139.30,1,-1,-1,-1
246,29553,289.32,180.39,49.70,146.03,1,-1,-1,-1
246,29554,338.04,176.23,40.62,152.65,1,-1,-1,-1
246,29587,205.39,194.56,42.37,136.95,1,-1,-1,-1
246,29591,38.66,182.09,44.44,135.71,1,-1,-1,-1
246,29594,107.60,178.36,50.69,156.86,1,-1,-1,-1
246,29597,59.88,178.71,47.31,140.26,1,-1,-1,-1
247,29553,289.00,176.33,50.95,149.82,1,-1,-1,-1
247,29554,337.90,176.75,40.53,152.33,1,-1,-1,-1
247,29587,207.25,205.73,38.64,124.85,1,-1,-1,-1
247,29591,21.12,178.45,46.81,144.38,1,-1,-1,-1
247,29594,129.37,194.50,46.87,144.14,1,-1,-1,-1
248,29553,289.93,176.15,49.92,147.31,1,-1,-1,-1
248,29554,336.72,168.55,42.55,161.29,1,-1,-1,-1
248,29587,204.13,193.36,41.68,134.01,1,-1,-1,-1
248,29591,9.74,168.20,52.41,163.49,1,-1,-1,-1
248,29592,93.68,163.91,54.61,176.09,1,-1,-1,-1
248,29594,128.91,180.69,51.15,161.00,1,-1,-1,-1
249,29553,288.98,175.42,50.80,151.02,1,-1,-1,-1
249,29554,336.70,169.40,42.47,163.91,1,-1,-1,-1
249,29587,199.48,192.16,40.36,130.94,1,-1,-1,-1
249,29591,3.20,161.78,56.42,177.65,1,-1,-1,-1
249,29592,88.52,161.88,55.90,180.23,1,-1,-1,-1
249,29594,128.12,179.99,52.16,164.15,1,-1,-1,-1
250,29553,288.74,175.15,50.91,152.38,1,-1,-1,-1
250,29554,336.90,169.72,42.04,164.87,1,-1,-1,-1
250,29587,197.74,191.72,39.61,129.59,1,-1,-1,-1
250,29591,0.86,159.18,57.75,183.38,1,-1,-1,-1
251,29553,288.72,175.05,50.77,152.90,1,-1,-1,-1
251,29554,337.16,169.85,41.52,165.22,1,-1,-1,-1
251,29587,197.21,191.58,39.14,129.03,1,-1,-1,-1
251,29591,0.29,158.20,57.98,185.56,1,-1,-1,-1
252,29553,288.80,175.01,50.56,153.08,1,-1,-1,-1
252,29554,337.42,169.91,41.00,165.33,1,-1,-1,-1
252,29587,197.12,191.56,38.79,128.78,1,-1,-1,-1
252,29591,0.40,157.89,57.78,186.28,1,-1,-1,-1
253,29553,288.90,174.99,50.33,153.14,1,-1,-1,-1
253,29554,337.66,169.93,40.52,165.35,1,-1,-1,-1
253,29587,197.20,191.57,38.51,128.65,1,-1,-1,-1
253,29591,0.73,157.83,57.44,186.42,1,-1,-1,-1
254,29553,287.56,177.60,48.41,145.99,1,-1,-1,-1
254,29554,335.32,170.59,39.37,161.43,1,-1,-1,-1
254,29587,187.83,180.55,45.57,151.97,1,-1,-1,-1
254,29591,-4.68,155.86,58.70,190.51,1,-1,-1,-1
255,29553,284.77,176.61,48.90,147.20,1,-1,-1,-1
255,29554,333.92,171.51,37.32,152.68,1,-1,-1,-1
255,29587,182.09,172.86,49.69,165.97,1,-1,-1,-1
256,29553,283.74,176.24,49.13,147.65,1,-1,-1,-1
256,29554,333.38,171.86,36.59,149.36,1,-1,-1,-1
256,29587,179.77,169.69,51.34,171.75,1,-1,-1,-1
257,29553,283.33,176.10,49.26,147.83,1,-1,-1,-1
257,29554,333.18,171.98,36.37,148.17,1,-1,-1,-1
257,29587,178.92,168.46,51.94,173.98,1,-1,-1,-1
258,29553,283.18,176.05,49.35,147.90,1,-1,-1,-1
258,29554,333.10,172.02,36.33,147.76,1,-1,-1,-1
258,29587,178.66,168.03,52.11,174.76,1,-1,-1,-1
259,29553,283.11,176.03,49.42,147.93,1,-1,-1,-1
259,29554,333.07,172.04,36.35,147.63,1,-1,-1,-1
259,29587,178.64,167.93,52.11,174.95,1,-1,-1,-1
260,29553,283.08,176.02,49.48,147.95,1,-1,-1,-1
260,29554,333.06,172.04,36.40,147.61,1,-1,-1,-1
260,29587,178.70,167.94,52.05,174.92,1,-1,-1,-1
261,29553,283.07,176.01,49.53,147.95,1,-1,-1,-1
261,29554,333.05,172.04,36.45,147.63,1,-1,-1,-1
261,29587,178.79,168.00,51.97,174.82,1,-1,-1,-1
262,29553,283.06,176.01,49.57,147.96,1,-1,-1,-1
262,29554,333.05,172.03,36.50,147.66,1,-1,-1,-1
262,29587,178.88,168.07,51.89,174.69,1,-1,-1,-1
263,29553,283.05,176.01,49.61,147.96,1,-1,-1,-1
263,29554,333.04,172.03,36.55,147.69,1,-1,-1,-1
263,29587,178.98,168.15,51.82,174.55,1,-1,-1,-1
264,29553,283.05,176.01,49.65,147.97,1,-1,-1,-1
264,29554,333.04,172.03,36.59,147.72,1,-1,-1,-1
264,29587,179.07,168.22,51.74,174.42,1,-1,-1,-1
265,29553,280.71,177.97,49.13,145.36,1,-1,-1,-1
265,29554,332.49,174.65,36.40,145.78,1,-1,-1,-1
265,29587,159.32,155.37,59.68,197.55,1,-1,-1,-1
266,29553,278.79,178.71,49.68,145.68,1,-1,-1,-1
266,29554,332.53,174.32,37.19,148.36,1,-1,-1,-1
266,29587,147.62,149.98,63.98,207.37,1,-1,-1,-1
267,29553,277.97,178.98,50.13,145.81,1,-1,-1,-1
267,29554,332.50,174.19,37.56,149.32,1,-1,-1,-1
267,29587,142.52,147.84,66.42,211.28,1,-1,-1,-1
268,29553,277.57,179.08,50.51,145.87,1,-1,-1,-1
268,29554,332.47,174.13,37.78,149.70,1,-1,-1,-1
268,29587,140.27,147.06,67.99,212.70,1,-1,-1,-1
269,29553,277.34,179.11,50.85,145.89,1,-1,-1,-1
269,29554,332.43,174.11,37.92,149.85,1,-1,-1,-1
269,29587,139.20,146.82,69.14,213.13,1,-1,-1,-1
270,29553,277.18,179.11,51.15,145.91,1,-1,-1,-1
270,29554,332.39,174.09,38.04,149.91,1,-1,-1,-1
270,29587,138.62,146.80,70.07,213.17,1,-1,-1,-1
271,29553,277.06,179.10,51.42,145.92,1,-1,-1,-1
271,29554,332.35,174.08,38.13,149.94,1,-1,-1,-1
271,29587,138.25,146.85,70.87,213.08,1,-1,-1,-1
272,29553,276.95,179.10,51.67,145.93,1,-1,-1,-1
272,29554,332.32,174.07,38.21,149.95,1,-1,-1,-1
272,29587,137.97,146.93,71.58,212.94,1,-1,-1,-1
273,29553,276.86,179.09,51.89,145.94,1,-1,-1,-1
273,29554,332.29,174.06,38.29,149.96,1,-1,-1,-1
273,29587,137.75,147.02,72.20,212.78,1,-1,-1,-1
274,29553,276.78,179.08,52.09,145.94,1,-1,-1,-1
274,29554,332.26,174.06,38.35,149.96,1,-1,-1,-1
274,29587,137.57,147.10,72.77,212.63,1,-1,-1,-1
275,29553,276.70,179.07,52.27,145.95,1,-1,-1,-1
275,29554,332.24,174.05,38.41,149.97,1,-1,-1,-1
275,29587,137.40,147.18,73.27,212.49,1,-1,-1,-1
276,29553,267.59,170.57,54.84,153.79,1,-1,-1,-1
276,29554,332.16,174.14,38.40,149.92,1,-1,-1,-1
276,29587,135.48,145.88,74.08,214.84,1,-1,-1,-1
276,29598,63.00,100.00,130.00,354.00,1,-1,-1,-1
277,29553,265.32,170.61,54.21,152.23,1,-1,-1,-1
277,29554,331.21,177.13,37.40,142.27,1,-1,-1,-1
277,29598,48.46,88.86,135.95,369.43,1,-1,-1,-1
278,29553,263.88,168.05,55.77,156.79,1,-1,-1,-1
278,29554,322.95,178.51,38.22,142.54,1,-1,-1,-1
278,29598,41.68,65.62,141.96,385.27,1,-1,-1,-1
279,29553,263.46,167.10,56.82,160.43,1,-1,-1,-1
279,29554,327.50,177.00,38.96,143.29,1,-1,-1,-1
279,29598,34.04,55.50,144.07,389.16,1,-1,-1,-1
280,29553,263.39,166.75,57.08,161.81,1,-1,-1,-1
280,29554,329.07,176.43,39.53,143.59,1,-1,-1,-1
280,29598,31.29,52.48,145.20,390.09,1,-1,-1,-1
281,29553,263.46,166.65,57.05,162.31,1,-1,-1,-1
281,29554,329.55,176.21,39.99,143.72,1,-1,-1,-1
281,29598,30.27,51.89,146.07,390.10,1,-1,-1,-1
282,29553,263.58,166.63,56.92,162.47,1,-1,-1,-1
282,29554,329.62,176.12,40.39,143.78,1,-1,-1,-1
282,29598,29.79,52.04,146.92,389.88,1,-1,-1,-1
283,29553,263.70,166.64,56.76,162.50,1,-1,-1,-1
283,29554,329.55,176.08,40.75,143.81,1,-1,-1,-1
283,29598,29.46,52.36,147.78,389.63,1,-1,-1,-1
284,29553,263.82,166.67,56.61,162.48,1,-1,-1,-1
284,29554,329.43,176.06,41.06,143.83,1,-1,-1,-1
284,29598,29.15,52.70,148.66,389.41,1,-1,-1,-1
285,29553,263.93,166.70,56.46,162.45,1,-1,-1,-1
285,29554,329.31,176.05,41.35,143.85,1,-1,-1,-1
285,29598,28.84,52.99,149.53,389.22,1,-1,-1,-1
286,29553,264.03,166.72,56.32,162.41,1,-1,-1,-1
286,29554,329.19,176.05,41.60,143.87,1,-1,-1,-1
286,29598,28.52,53.24,150.39,389.07,1,-1,-1,-1
287,29553,263.41,166.28,56.55,163.07,1,-1,-1,-1
287,29554,329.94,180.62,42.06,145.19,1,-1,-1,-1
287,29598,26.94,50.43,151.05,390.78,1,-1,-1,-1
288,29554,330.21,182.34,42.27,145.69,1,-1,-1,-1
289,29554,330.29,182.98,42.39,145.89,1,-1,-1,-1
290,29554,330.30,183.20,42.47,145.96,1,-1,-1,-1
291,29554,330.28,183.27,42.53,145.99,1,-1,-1,-1
292,29554,330.26,183.27,42.57,146.00,1,-1,-1,-1
293,29554,330.24,183.26,42.61,146.00,1,-1,-1,-1
294,29554,330.22,183.24,42.65,146.00,1,-1,-1,-1
295,29554,330.20,183.22,42.68,146.00,1,-1,-1,-1
296,29554,330.18,183.20,42.71,146.00,1,-1,-1,-1
297,29554,330.16,183.18,42.74,146.00,1,-1,-1,-1
298,29554,322.71,179.25,42.63,142.74,1,-1,-1,-1
298,29599,221.00,216.00,22.00,64.00,1,-1,-1,-1
298,29600,373.00,170.00,52.00,151.00,1,-1,-1,-1
298,29601,199.00,229.00,24.00,50.00,1,-1,-1,-1
299,29554,320.38,175.10,43.54,145.45,1,-1,-1,-1
299,29599,220.57,220.29,22.86,66.57,1,-1,-1,-1
299,29600,371.60,166.57,55.65,162.14,1,-1,-1,-1
299,29602,251.00,214.00,16.00,61.00,1,-1,-1,-1
300,29554,324.42,176.82,43.20,141.25,1,-1,-1,-1
300,29599,224.13,220.26,21.64,62.57,1,-1,-1,-1
300,29600,373.82,165.27,55.73,163.27,1,-1,-1,-1
300,29602,248.30,214.86,15.40,58.43,1,-1,-1,-1
301,29554,326.89,179.49,43.29,137.65,1,-1,-1,-1
301,29599,225.14,223.98,20.16,57.33,1,-1,-1,-1
301,29600,377.94,167.05,54.94,162.05,1,-1,-1,-1
301,29602,247.23,215.76,15.01,56.47,1,-1,-1,-1
301,29603,541.00,231.00,26.00,52.00,1,-1,-1,-1
302,29554,330.85,184.47,41.91,129.70,1,-1,-1,-1
302,29599,222.90,220.53,22.36,63.39,1,-1,-1,-1
302,29600,380.83,172.75,52.35,155.77,1,-1,-1,-1
302,29602,249.72,216.80,15.39,57.41,1,-1,-1,-1
302,29603,541.04,226.71,29.35,58.86,1,-1,-1,-1
303,29554,332.29,182.96,44.17,134.83,1,-1,-1,-1
303,29599,223.14,220.65,22.36,63.37,1,-1,-1,-1
303,29600,385.71,176.17,50.66,152.10,1,-1,-1,-1
303,29602,248.87,214.20,16.69,62.11,1,-1,-1,-1
303,29603,542.32,226.00,29.50,59.29,1,-1,-1,-1
304,29554,332.63,182.43,45.31,136.65,1,-1,-1,-1
304,29600,387.46,177.27,49.77,150.89,1,-1,-1,-1
304,29602,248.55,213.31,17.16,63.71,1,-1,-1,-1
304,29603,542.83,225.80,29.43,59.34,1,-1,-1,-1
305,29554,332.59,182.22,46.05,137.37,1,-1,-1,-1
305,29600,388.14,177.59,49.15,150.53,1,-1,-1,-1
305,29602,248.41,212.98,17.35,64.26,1,-1,-1,-1
305,29603,543.03,225.78,29.31,59.30,1,-1,-1,-1
306,29554,332.42,182.13,46.60,137.66,1,-1,-1,-1
306,29600,388.45,177.63,48.62,150.46,1,-1,-1,-1
306,29602,248.35,212.87,17.44,64.42,1,-1,-1,-1
306,29603,543.11,225.80,29.17,59.25,1,-1,-1,-1
307,29554,332.22,182.09,47.05,137.78,1,-1,-1,-1
307,29600,388.65,177.60,48.13,150.48,1,-1,-1,-1
307,29602,248.31,212.85,17.49,64.44,1,-1,-1,-1
307,29603,543.17,225.82,29.03,59.21,1,-1,-1,-1
308,29554,332.02,182.07,47.44,137.83,1,-1,-1,-1
308,29600,388.81,177.54,47.67,150.53,1,-1,-1,-1
308,29602,248.28,212.85,17.53,64.41,1,-1,-1,-1
308,29603,543.22,225.85,28.89,59.17,1,-1,-1,-1
309,29554,353.67,180.10,48.55,137.86,1,-1,-1,-1
309,29599,245.29,204.64,28.59,80.35,1,-1,-1,-1
309,29600,410.74,168.80,51.04,160.59,1,-1,-1,-1
309,29602,248.26,212.60,17.71,65.08,1,-1,-1,-1
309,29603,543.42,225.61,29.03,59.45,1,-1,-1,-1
309,29604,223.00,216.00,23.00,67.00,1,-1,-1,-1
310,29554,356.09,180.02,48.48,137.66,1,-1,-1,-1
310,29599,245.51,203.04,29.93,84.54,1,-1,-1,-1
310,29600,423.10,166.25,53.89,165.56,1,-1,-1,-1
311,29599,245.59,202.45,30.35,86.15,1,-1,-1,-1
311,29600,427.42,165.26,55.73,167.49,1,-1,-1,-1
312,29599,245.59,202.26,30.43,86.73,1,-1,-1,-1
312,29600,428.59,164.90,57.10,168.20,1,-1,-1,-1
313,29599,245.56,202.24,30.37,86.90,1,-1,-1,-1
313,29600,428.56,164.78,58.23,168.43,1,-1,-1,-1
314,29599,245.52,202.27,30.27,86.92,1,-1,-1,-1
314,29600,428.12,164.75,59.23,168.49,1,-1,-1,-1
315,29599,245.48,202.31,30.16,86.87,1,-1,-1,-1
315,29600,427.56,164.76,60.13,168.48,1,-1,-1,-1
316,29599,245.45,202.37,30.06,86.81,1,-1,-1,-1
316,29600,426.99,164.77,60.94,168.45,1,-1,-1,-1
317,29599,245.41,202.42,29.96,86.75,1,-1,-1,-1
317,29600,426.44,164.79,61.69,168.41,1,-1,-1,-1
318,29599,245.38,202.47,29.87,86.68,1,-1,-1,-1
318,29600,425.94,164.81,62.36,168.37,1,-1,-1,-1
319,29599,245.35,202.52,29.79,86.62,1,-1,-1,-1
319,29600,425.48,164.83,62.98,168.34,1,-1,-1,-1
320,29554,391.39,182.88,48.49,137.93,1,-1,-1,-1
320,29599,243.60,201.92,33.80,98.22,1,-1,-1,-1
320,29600,440.65,169.41,61.04,166.35,1,-1,-1,-1
320,29602,293.97,213.88,19.34,72.02,1,-1,-1,-1
320,29605,127.00,218.00,25.00,65.00,1,-1,-1,-1
320,29606,47.00,188.00,33.00,121.00,1,-1,-1,-1
320,29607,273.00,214.00,20.00,71.00,1,-1,-1,-1
320,29608,222.00,201.00,34.00,102.00,1,-1,-1,-1
321,29554,396.07,185.74,48.42,134.54,1,-1,-1,-1
321,29599,243.48,199.83,36.10,106.84,1,-1,-1,-1
321,29600,450.57,175.75,56.44,154.44,1,-1,-1,-1
321,29602,294.13,211.91,19.93,75.63,1,-1,-1,-1
321,29606,45.15,180.29,35.84,131.29,1,-1,-1,-1
321,29608,220.32,200.14,35.64,107.14,1,-1,-1,-1
322,29554,397.40,186.70,48.88,133.41,1,-1,-1,-1
322,29599,243.60,198.99,36.66,110.33,1,-1,-1,-1
322,29600,454.24,178.17,54.57,149.85,1,-1,-1,-1
322,29602,294.37,211.27,19.93,76.82,1,-1,-1,-1
322,29606,44.82,179.00,36.36,133.00,1,-1,-1,-1
322,29608,220.10,200.00,35.81,108.00,1,-1,-1,-1
323,29554,398.59,183.75,50.13,136.29,1,-1,-1,-1
323,29599,243.14,198.68,37.82,114.18,1,-1,-1,-1
323,29600,456.43,179.69,53.93,149.56,1,-1,-1,-1
323,29602,296.71,211.08,20.16,77.71,1,-1,-1,-1
323,29606,44.52,177.71,36.82,134.71,1,-1,-1,-1
323,29608,219.81,199.86,36.09,108.86,1,-1,-1,-1
324,29554,398.44,179.39,53.57,145.83,1,-1,-1,-1
324,29599,242.69,196.70,38.75,116.90,1,-1,-1,-1
324,29600,458.10,178.89,54.42,151.47,1,-1,-1,-1
324,29608,215.16,197.40,37.91,114.22,1,-1,-1,-1
325,29554,398.37,177.75,54.84,149.42,1,-1,-1,-1
325,29599,242.50,195.93,39.10,117.91,1,-1,-1,-1
325,29600,458.68,178.57,54.50,152.21,1,-1,-1,-1
325,29608,214.23,196.92,38.33,115.33,1,-1,-1,-1
326,29554,401.90,181.60,53.76,143.75,1,-1,-1,-1
326,29599,241.29,195.65,39.55,116.96,1,-1,-1,-1
326,29600,459.61,176.46,56.15,157.77,1,-1,-1,-1
326,29608,213.01,196.28,38.91,117.08,1,-1,-1,-1
327,29554,404.73,183.15,54.16,142.77,1,-1,-1,-1
327,29599,239.51,196.85,39.72,115.23,1,-1,-1,-1
327,29600,467.83,178.24,53.84,152.09,1,-1,-1,-1
328,29554,405.52,183.72,54.68,142.40,1,-1,-1,-1
328,29599,238.61,197.35,40.15,114.49,1,-1,-1,-1
328,29600,470.97,178.92,52.79,149.86,1,-1,-1,-1
329,29554,405.58,183.94,55.20,142.25,1,-1,-1,-1
329,29599,238.09,197.55,40.64,114.15,1,-1,-1,-1
329,29600,472.09,179.15,52.27,149.06,1,-1,-1,-1
330,29554,405.38,184.02,55.68,142.18,1,-1,-1,-1
330,29599,237.73,197.65,41.13,113.97,1,-1,-1,-1
330,29600,472.47,179.23,51.96,148.78,1,-1,-1,-1
331,29554,408.42,180.13,55.37,139.53,1,-1,-1,-1
331,29599,229.33,184.77,48.11,135.19,1,-1,-1,-1
331,29600,471.29,170.69,54.95,157.24,1,-1,-1,-1
332,29554,409.32,178.64,55.60,138.52,1,-1,-1,-1
332,29599,226.49,180.06,50.23,142.97,1,-1,-1,-1
332,29600,470.81,167.54,56.08,160.37,1,-1,-1,-1
333,29554,409.43,178.10,56.01,138.14,1,-1,-1,-1
333,29599,225.47,178.12,50.75,146.15,1,-1,-1,-1
333,29600,470.52,166.31,56.54,161.59,1,-1,-1,-1
334,29554,409.26,177.90,56.45,138.00,1,-1,-1,-1
334,29599,225.24,177.39,50.61,147.32,1,-1,-1,-1
334,29600,470.33,165.87,56.73,162.04,1,-1,-1,-1
335,29554,409.00,177.84,56.88,137.95,1,-1,-1,-1
335,29599,225.31,177.16,50.23,147.68,1,-1,-1,-1
335,29600,470.18,165.72,56.81,162.20,1,-1,-1,-1
336,29554,408.73,177.83,57.28,137.94,1,-1,-1,-1
336,29599,225.49,177.12,49.80,147.72,1,-1,-1,-1
336,29600,470.07,165.68,56.85,162.24,1,-1,-1,-1
337,29554,408.48,177.83,57.65,137.94,1,-1,-1,-1
337,29599,225.70,177.14,49.37,147.66,1,-1,-1,-1
337,29600,469.96,165.68,56.88,162.25,1,-1,-1,-1
338,29554,408.24,177.85,57.97,137.94,1,-1,-1,-1
338,29599,225.90,177.20,48.97,147.55,1,-1,-1,-1
338,29600,469.87,165.70,56.89,162.23,1,-1,-1,-1
339,29554,408.02,177.86,58.27,137.95,1,-1,-1,-1
339,29599,226.10,177.26,48.60,147.43,1,-1,-1,-1
339,29600,469.79,165.73,56.90,162.21,1,-1,-1,-1
340,29554,407.82,177.87,58.54,137.95,1,-1,-1,-1
340,29599,226.27,177.32,48.26,147.31,1,-1,-1,-1
340,29600,469.72,165.75,56.91,162.20,1,-1,-1,-1
341,29554,407.65,177.89,58.78,137.96,1,-1,-1,-1
341,29599,226.44,177.38,47.95,147.20,1,-1,-1,-1
341,29600,469.65,165.78,56.92,162.18,1,-1,-1,-1
342,29554,406.61,181.16,56.84,131.42,1,-1,-1,-1
342,29599,234.85,191.65,36.95,112.83,1,-1,-1,-1
342,29600,473.31,171.01,57.30,158.25,1,-1,-1,-1
342,29602,274.13,196.18,26.88,100.90,1,-1,-1,-1
342,29608,103.56,160.37,68.21,198.23,1,-1,-1,-1
342,29609,137.00,163.00,94.00,211.00,1,-1,-1,-1
343,29554,406.03,179.77,58.36,134.25,1,-1,-1,-1
343,29599,236.34,197.01,32.14,98.28,1,-1,-1,-1
343,29600,475.85,176.31,57.73,154.11,1,-1,-1,-1
343,29602,273.49,195.49,27.19,102.07,1,-1,-1,-1
343,29608,97.78,158.42,69.75,202.69,1,-1,-1,-1
343,29609,118.35,138.14,107.30,241.00,1,-1,-1,-1
343,29610,563.00,212.00,46.00,92.00,1,-1,-1,-1
344,29554,405.72,179.26,59.09,135.28,1,-1,-1,-1
344,29599,236.80,198.67,30.63,93.78,1,-1,-1,-1
344,29600,476.26,178.30,58.87,152.56,1,-1,-1,-1
344,29609,115.29,134.00,109.42,246.00,1,-1,-1,-1
344,29610,563.00,212.00,46.00,92.00,1,-1,-1,-1
345,29554,409.65,185.60,55.15,123.28,1,-1,-1,-1
345,29599,233.69,193.61,33.19,102.82,1,-1,-1,-1
345,29600,474.20,176.37,62.33,157.93,1,-1,-1,-1
345,29602,272.45,192.37,27.97,101.60,1,-1,-1,-1
345,29609,118.82,132.11,116.26,263.89,1,-1,-1,-1
345,29610,562.13,214.25,44.74,89.75,1,-1,-1,-1
346,29554,410.60,187.40,54.71,119.96,1,-1,-1,-1
346,29599,234.90,195.86,32.80,102.56,1,-1,-1,-1
346,29600,474.53,178.24,62.67,154.74,1,-1,-1,-1
346,29602,270.58,192.53,28.81,102.86,1,-1,-1,-1
346,29608,51.46,138.73,92.02,258.62,1,-1,-1,-1
346,29609,116.75,117.91,122.09,279.64,1,-1,-1,-1
346,29610,561.00,211.24,46.74,94.26,1,-1,-1,-1
347,29554,410.49,188.02,54.09,116.14,1,-1,-1,-1
347,29599,235.58,196.07,33.63,104.52,1,-1,-1,-1
347,29600,475.70,178.85,62.56,154.45,1,-1,-1,-1
347,29602,268.68,192.57,29.67,105.89,1,-1,-1,-1
347,29608,40.15,138.49,95.24,265.71,1,-1,-1,-1
347,29609,110.80,112.04,125.91,290.54,1,-1,-1,-1
347,29610,560.40,210.84,47.17,95.13,1,-1,-1,-1
347,29611,226.00,201.00,32.00,102.00,1,-1,-1,-1
348,29554,410.12,188.22,54.47,114.80,1,-1,-1,-1
348,29599,229.07,199.44,32.94,102.64,1,-1,-1,-1
348,29602,267.97,192.60,29.98,107.02,1,-1,-1,-1
348,29608,35.64,138.47,96.75,268.41,1,-1,-1,-1
348,29609,108.91,110.03,126.53,294.31,1,-1,-1,-1
348,29611,234.86,196.71,33.13,105.43,1,-1,-1,-1
349,29554,409.69,188.27,55.17,114.37,1,-1,-1,-1
349,29599,226.61,200.70,32.65,101.95,1,-1,-1,-1
349,29602,267.72,192.64,30.10,107.42,1,-1,-1,-1
349,29608,33.92,138.53,97.50,269.31,1,-1,-1,-1
349,29609,108.62,109.52,125.90,295.30,1,-1,-1,-1
349,29611,236.31,196.00,33.39,106.00,1,-1,-1,-1
350,29554,409.26,188.27,55.93,114.27,1,-1,-1,-1
350,29599,225.74,201.15,32.52,101.73,1,-1,-1,-1
350,29602,267.65,192.67,30.14,107.54,1,-1,-1,-1
350,29608,33.34,138.61,97.91,269.50,1,-1,-1,-1
350,29609,108.94,109.54,124.85,295.30,1,-1,-1,-1
350,29611,236.65,195.81,33.53,106.15,1,-1,-1,-1
351,29554,398.26,187.59,62.62,128.20,1,-1,-1,-1
351,29599,213.13,192.03,35.27,111.59,1,-1,-1,-1
351,29600,475.80,189.18,52.37,131.29,1,-1,-1,-1
351,29602,254.49,193.35,29.92,104.96,1,-1,-1,-1
351,29608,16.15,105.11,125.33,344.21,1,-1,-1,-1
351,29609,106.96,105.42,127.91,302.55,1,-1,-1,-1
351,29610,534.50,205.24,51.62,106.53,1,-1,-1,-1
351,29611,237.81,195.25,33.67,106.60,1,-1,-1,-1
352,29554,392.55,187.35,64.75,133.20,1,-1,-1,-1
352,29599,204.80,195.71,33.60,106.90,1,-1,-1,-1
352,29600,476.57,190.41,51.57,129.27,1,-1,-1,-1
352,29602,248.91,192.98,30.89,108.51,1,-1,-1,-1
352,29608,-1.92,57.60,145.48,406.32,1,-1,-1,-1
352,29610,532.81,207.48,49.81,104.08,1,-1,-1,-1
353,29554,389.44,187.24,65.97,136.50,1,-1,-1,-1
353,29599,201.22,195.26,33.54,107.60,1,-1,-1,-1
353,29602,245.78,196.06,30.85,107.24,1,-1,-1,-1
353,29608,-9.71,51.40,149.98,418.91,1,-1,-1,-1
353,29610,533.72,207.64,48.25,102.50,1,-1,-1,-1
354,29554,388.36,187.18,66.24,137.77,1,-1,-1,-1
354,29599,200.03,195.09,33.37,107.86,1,-1,-1,-1
354,29602,244.56,197.28,30.97,106.70,1,-1,-1,-1
354,29610,534.39,207.71,47.20,101.87,1,-1,-1,-1
