1,5467,434.88,134.81,93.23,211.41,1,-1,-1,-1
1,5473,329.22,115.00,116.97,254.43,1,-1,-1,-1
1,5474,570.32,218.40,57.96,138.81,1,-1,-1,-1
1,5475,182.00,94.00,68.00,222.00,1,-1,-1,-1
1,5476,566.00,90.00,70.00,188.00,1,-1,-1,-1
2,5467,437.35,107.94,100.06,230.19,1,-1,-1,-1
2,5470,166.60,96.42,103.74,229.76,1,-1,-1,-1
2,5473,331.78,91.59,113.36,253.20,1,-1,-1,-1
2,5476,565.12,91.71,70.04,188.00,1,-1,-1,-1
3,5467,441.72,93.79,103.18,240.83,1,-1,-1,-1
3,5470,173.32,93.18,104.17,230.71,1,-1,-1,-1
3,5473,338.33,80.20,110.63,255.30,1,-1,-1,-1
3,5476,562.64,92.00,71.71,192.50,1,-1,-1,-1
3,5477,82.00,106.00,70.00,220.00,1,-1,-1,-1
4,5467,445.39,89.44,99.06,236.35,1,-1,-1,-1
4,5473,343.07,77.39,107.20,253.48,1,-1,-1,-1
4,5476,562.01,87.68,73.37,196.94,1,-1,-1,-1
4,5477,77.96,87.14,76.37,238.86,1,-1,-1,-1
5,5467,448.15,88.04,95.55,232.99,1,-1,-1,-1
5,5473,348.06,80.50,102.89,247.53,1,-1,-1,-1
5,5476,561.16,90.44,72.43,194.10,1,-1,-1,-1
5,5477,76.04,88.35,77.02,239.10,1,-1,-1,-1
6,5467,450.31,85.17,96.79,236.65,1,-1,-1,-1
6,5473,353.50,80.64,100.17,245.24,1,-1,-1,-1
6,5476,561.63,91.50,72.01,192.95,1,-1,-1,-1
6,5477,69.03,83.24,79.68,246.20,1,-1,-1,-1
7,5467,451.12,84.21,97.08,237.96,1,-1,-1,-1
7,5473,355.77,80.88,98.25,244.38,1,-1,-1,-1
7,5476,561.82,91.87,71.86,192.49,1,-1,-1,-1
7,5477,66.51,81.57,80.88,248.53,1,-1,-1,-1
8,5467,451.37,84.06,97.02,238.34,1,-1,-1,-1
8,5473,356.82,81.15,96.72,244.06,1,-1,-1,-1
8,5476,561.91,92.00,71.81,192.30,1,-1,-1,-1
8,5477,65.58,81.11,81.58,249.18,1,-1,-1,-1
9,5467,455.43,77.45,98.73,242.55,1,-1,-1,-1
9,5470,208.95,96.25,95.69,223.04,1,-1,-1,-1
9,5473,362.42,82.72,95.82,243.95,1,-1,-1,-1
9,5476,560.23,90.69,72.53,193.56,1,-1,-1,-1
9,5477,51.28,93.38,78.47,243.78,1,-1,-1,-1
10,5470,215.52,94.14,96.39,225.13,1,-1,-1,-1
10,5473,366.43,84.77,95.24,243.91,1,-1,-1,-1
10,5476,558.73,90.21,73.24,195.35,1,-1,-1,-1
10,5477,45.85,99.37,73.73,232.08,1,-1,-1,-1
10,5478,178.00,86.00,46.00,164.00,1,-1,-1,-1
11,5470,219.46,94.74,97.19,224.47,1,-1,-1,-1
11,5473,370.31,85.67,95.16,245.22,1,-1,-1,-1
11,5476,556.04,87.37,75.15,199.99,1,-1,-1,-1
11,5477,41.29,100.54,73.55,231.52,1,-1,-1,-1
11,5478,176.65,84.29,46.98,167.43,1,-1,-1,-1
12,5470,220.56,95.01,97.87,224.22,1,-1,-1,-1
12,5473,371.76,86.11,94.82,245.71,1,-1,-1,-1
12,5476,555.00,86.32,75.96,201.70,1,-1,-1,-1
12,5478,176.42,84.00,47.16,168.00,1,-1,-1,-1
13,5467,471.81,90.79,88.58,219.25,1,-1,-1,-1
13,5470,230.54,108.25,90.36,204.50,1,-1,-1,-1
13,5473,377.18,85.08,93.75,243.29,1,-1,-1,-1
13,5476,554.66,85.93,74.89,198.37,1,-1,-1,-1
13,5477,25.74,98.66,69.15,219.67,1,-1,-1,-1
13,5478,175.26,86.88,46.45,165.20,1,-1,-1,-1
14,5467,475.47,91.94,86.46,215.95,1,-1,-1,-1
14,5470,236.36,110.77,88.24,199.54,1,-1,-1,-1
14,5473,379.87,84.78,93.04,241.06,1,-1,-1,-1
14,5476,555.30,84.48,73.01,194.41,1,-1,-1,-1
14,5477,21.89,101.21,67.43,215.13,1,-1,-1,-1
14,5478,174.66,86.42,46.64,165.66,1,-1,-1,-1
15,5467,476.93,92.12,85.44,215.04,1,-1,-1,-1
15,5470,238.26,111.66,87.54,197.83,1,-1,-1,-1
15,5473,380.68,84.76,92.85,240.23,1,-1,-1,-1
15,5476,555.67,83.96,72.08,192.89,1,-1,-1,-1
15,5477,20.74,102.03,66.69,213.66,1,-1,-1,-1
15,5478,174.46,86.23,46.76,165.84,1,-1,-1,-1
16,5467,477.54,92.26,84.74,214.68,1,-1,-1,-1
16,5470,238.76,111.98,87.34,197.27,1,-1,-1,-1
16,5473,380.81,84.82,92.85,239.93,1,-1,-1,-1
16,5476,555.93,83.78,71.54,192.32,1,-1,-1,-1
16,5477,20.55,102.30,66.30,213.20,1,-1,-1,-1
16,5478,174.39,86.15,46.85,165.91,1,-1,-1,-1
17,5467,487.92,89.79,92.78,230.27,1,-1,-1,-1
17,5470,242.79,104.13,89.84,206.41,1,-1,-1,-1
17,5473,383.17,84.91,91.86,237.21,1,-1,-1,-1
17,5476,555.41,83.23,71.54,192.32,1,-1,-1,-1
17,5477,16.36,103.12,65.71,211.31,1,-1,-1,-1
17,5478,173.08,86.11,48.11,170.04,1,-1,-1,-1
18,5467,490.79,91.46,92.55,227.10,1,-1,-1,-1
18,5470,246.36,102.55,89.02,207.20,1,-1,-1,-1
18,5473,387.10,85.02,91.72,236.19,1,-1,-1,-1
18,5476,562.95,89.91,66.79,181.21,1,-1,-1,-1
18,5478,172.29,86.09,49.24,172.88,1,-1,-1,-1
18,5479,594.00,98.00,44.00,142.00,1,-1,-1,-1
19,5467,490.69,89.67,93.16,228.31,1,-1,-1,-1
19,5470,249.55,103.26,87.30,207.53,1,-1,-1,-1
19,5473,391.14,83.80,92.87,238.46,1,-1,-1,-1
19,5476,564.62,91.39,65.74,180.04,1,-1,-1,-1
19,5477,10.90,133.09,61.68,189.18,1,-1,-1,-1
19,5478,171.74,84.75,50.19,175.25,1,-1,-1,-1
20,5467,491.08,89.06,93.59,227.42,1,-1,-1,-1
20,5470,253.06,103.56,86.99,207.68,1,-1,-1,-1
20,5473,395.88,84.69,93.15,236.72,1,-1,-1,-1
20,5476,564.95,91.67,65.35,178.96,1,-1,-1,-1
20,5477,7.17,136.77,60.46,185.43,1,-1,-1,-1
20,5478,171.63,85.56,50.38,174.79,1,-1,-1,-1
21,5467,494.76,87.60,94.23,229.63,1,-1,-1,-1
21,5470,258.80,101.07,89.52,211.67,1,-1,-1,-1
21,5473,399.79,86.40,92.70,233.44,1,-1,-1,-1
21,5478,171.68,87.19,50.30,173.26,1,-1,-1,-1
22,5467,496.12,87.11,94.32,230.42,1,-1,-1,-1
22,5470,260.63,100.15,90.92,213.18,1,-1,-1,-1
22,5473,400.91,87.09,92.97,232.23,1,-1,-1,-1
22,5478,171.62,87.80,50.46,172.64,1,-1,-1,-1
23,5467,496.60,86.99,94.21,230.67,1,-1,-1,-1
23,5470,260.99,99.82,91.84,213.76,1,-1,-1,-1
23,5473,401.00,87.38,93.48,231.80,1,-1,-1,-1
23,5478,171.51,88.02,50.70,172.39,1,-1,-1,-1
24,5467,496.73,87.01,94.04,230.72,1,-1,-1,-1
24,5470,260.81,99.71,92.53,213.98,1,-1,-1,-1
24,5473,400.74,87.52,94.03,231.66,1,-1,-1,-1
24,5478,171.40,88.10,50.96,172.28,1,-1,-1,-1
25,5467,504.21,87.08,90.61,224.19,1,-1,-1,-1
25,5470,270.06,100.99,86.95,204.93,1,-1,-1,-1
25,5473,406.26,87.59,93.29,229.01,1,-1,-1,-1
25,5478,173.80,96.00,48.81,166.97,1,-1,-1,-1
26,5467,507.94,88.49,88.64,220.31,1,-1,-1,-1
26,5470,274.87,100.19,84.58,204.10,1,-1,-1,-1
26,5473,410.21,87.65,93.00,228.04,1,-1,-1,-1
26,5478,172.86,96.34,49.05,168.91,1,-1,-1,-1
27,5467,509.34,89.06,87.69,218.85,1,-1,-1,-1
27,5470,277.07,99.91,82.65,203.81,1,-1,-1,-1
27,5473,411.55,87.69,92.96,227.70,1,-1,-1,-1
27,5478,172.61,96.44,48.95,169.63,1,-1,-1,-1
28,5467,509.86,89.31,87.15,218.30,1,-1,-1,-1
28,5470,278.25,99.81,80.99,203.72,1,-1,-1,-1
28,5473,411.92,87.72,93.01,227.60,1,-1,-1,-1
28,5478,172.61,96.45,48.75,169.90,1,-1,-1,-1
29,5467,515.13,89.44,91.04,223.34,1,-1,-1,-1
29,5470,287.98,99.79,79.91,203.71,1,-1,-1,-1
29,5473,417.01,81.19,94.73,232.84,1,-1,-1,-1
29,5478,172.44,89.87,50.33,176.55,1,-1,-1,-1
30,5467,517.60,88.21,93.97,226.52,1,-1,-1,-1
30,5470,291.98,99.41,79.71,203.19,1,-1,-1,-1
30,5473,420.20,80.17,94.64,232.62,1,-1,-1,-1
30,5478,172.07,88.69,50.23,177.74,1,-1,-1,-1
31,5467,518.01,87.77,95.95,227.73,1,-1,-1,-1
31,5478,172.05,88.23,49.96,178.18,1,-1,-1,-1
32,5467,517.68,87.63,97.47,228.16,1,-1,-1,-1
32,5478,172.16,88.05,49.63,178.32,1,-1,-1,-1
33,5467,533.38,92.80,92.24,217.90,1,-1,-1,-1
33,5470,310.01,94.52,81.93,212.50,1,-1,-1,-1
33,5473,442.31,86.64,86.88,216.24,1,-1,-1,-1
33,5478,171.49,84.08,50.93,183.56,1,-1,-1,-1
34,5467,538.54,93.51,91.73,219.21,1,-1,-1,-1
34,5470,314.97,99.29,79.05,205.60,1,-1,-1,-1
34,5473,447.30,87.51,86.55,215.63,1,-1,-1,-1
34,5478,171.79,83.88,50.33,182.94,1,-1,-1,-1
35,5467,540.64,93.78,90.98,219.69,1,-1,-1,-1
35,5470,316.71,101.00,77.91,203.14,1,-1,-1,-1
35,5473,448.99,87.78,86.38,215.40,1,-1,-1,-1
35,5478,172.02,83.81,49.87,182.66,1,-1,-1,-1
36,5467,541.56,93.88,90.18,219.87,1,-1,-1,-1
36,5470,317.29,101.64,77.41,202.24,1,-1,-1,-1
36,5473,449.52,87.89,86.30,215.36,1,-1,-1,-1
36,5478,172.22,83.80,49.48,182.52,1,-1,-1,-1
37,5467,546.92,93.92,86.16,213.41,1,-1,-1,-1
37,5470,323.22,100.56,77.35,201.92,1,-1,-1,-1
37,5473,449.84,91.88,88.41,219.33,1,-1,-1,-1
37,5478,172.79,83.81,49.64,183.75,1,-1,-1,-1
38,5467,549.17,93.94,83.94,210.94,1,-1,-1,-1
38,5470,325.31,100.16,77.38,201.82,1,-1,-1,-1
38,5473,449.73,93.37,89.49,220.84,1,-1,-1,-1
38,5478,173.06,83.82,49.59,184.19,1,-1,-1,-1
39,5467,550.22,93.95,82.48,210.05,1,-1,-1,-1
39,5470,325.95,100.01,77.42,201.79,1,-1,-1,-1
39,5473,449.46,93.93,90.14,221.44,1,-1,-1,-1
39,5478,173.21,83.84,49.49,184.33,1,-1,-1,-1
40,5467,550.80,93.96,81.36,209.74,1,-1,-1,-1
40,5470,326.06,99.96,77.47,201.79,1,-1,-1,-1
40,5473,449.15,94.12,90.60,221.68,1,-1,-1,-1
40,5478,173.31,83.85,49.36,184.37,1,-1,-1,-1
41,5467,552.14,87.40,85.09,224.10,1,-1,-1,-1
41,5470,335.53,94.71,76.72,201.81,1,-1,-1,-1
41,5473,451.52,91.57,90.87,219.17,1,-1,-1,-1
41,5478,172.64,83.86,49.43,184.36,1,-1,-1,-1
42,5467,557.13,93.93,79.98,212.78,1,-1,-1,-1
42,5470,341.69,94.04,74.98,197.90,1,-1,-1,-1
42,5473,453.35,90.59,91.57,216.92,1,-1,-1,-1
42,5478,172.37,83.88,49.49,184.33,1,-1,-1,-1
43,5467,559.82,101.91,76.21,202.86,1,-1,-1,-1
43,5470,347.33,96.45,74.04,197.74,1,-1,-1,-1
43,5473,452.74,88.90,92.94,217.40,1,-1,-1,-1
43,5478,173.00,83.89,49.35,184.30,1,-1,-1,-1
44,5467,560.73,104.87,74.80,199.20,1,-1,-1,-1
44,5470,349.54,97.36,73.23,197.71,1,-1,-1,-1
44,5473,452.13,88.27,94.08,217.60,1,-1,-1,-1
44,5478,173.28,83.90,49.22,184.28,1,-1,-1,-1
45,5467,563.17,100.61,75.24,203.22,1,-1,-1,-1
45,5470,353.71,100.33,71.25,192.47,1,-1,-1,-1
45,5473,456.64,89.34,95.37,216.39,1,-1,-1,-1
45,5478,173.42,83.91,49.10,184.25,1,-1,-1,-1
46,5467,564.31,99.04,74.82,204.72,1,-1,-1,-1
46,5470,355.14,101.47,70.49,190.50,1,-1,-1,-1
46,5473,457.81,89.75,96.80,215.94,1,-1,-1,-1
46,5478,173.50,83.92,49.00,184.23,1,-1,-1,-1
47,5467,564.91,98.43,74.16,205.32,1,-1,-1,-1
47,5470,355.56,101.88,70.20,189.80,1,-1,-1,-1
47,5473,457.75,89.91,98.19,215.79,1,-1,-1,-1
47,5478,173.56,83.93,48.90,184.21,1,-1,-1,-1
48,5467,565.30,98.19,73.45,205.57,1,-1,-1,-1
48,5470,355.61,102.03,70.09,189.58,1,-1,-1,-1
48,5473,457.26,89.97,99.49,215.75,1,-1,-1,-1
48,5478,173.60,83.93,48.82,184.19,1,-1,-1,-1
49,5467,567.18,98.28,73.27,205.08,1,-1,-1,-1
49,5470,367.34,102.08,70.07,190.84,1,-1,-1,-1
49,5473,470.12,91.30,101.26,215.75,1,-1,-1,-1
49,5478,173.23,83.94,48.25,182.86,1,-1,-1,-1
50,5470,371.92,99.48,70.84,193.96,1,-1,-1,-1
50,5473,479.31,93.11,102.29,215.77,1,-1,-1,-1
50,5478,173.71,83.95,48.11,182.35,1,-1,-1,-1
50,5480,436.00,96.00,58.00,192.00,1,-1,-1,-1
51,5470,373.64,98.49,70.93,195.15,1,-1,-1,-1
51,5473,482.42,93.79,103.21,215.79,1,-1,-1,-1
51,5478,173.89,83.95,48.06,182.15,1,-1,-1,-1
51,5480,436.00,96.00,58.00,192.00,1,-1,-1,-1
52,5470,374.26,98.12,70.79,195.62,1,-1,-1,-1
52,5473,483.23,94.04,104.05,215.81,1,-1,-1,-1
52,5478,173.96,83.96,48.04,182.08,1,-1,-1,-1
52,5480,436.00,96.00,58.00,192.00,1,-1,-1,-1
53,5470,386.85,99.28,67.98,189.28,1,-1,-1,-1
53,5473,497.58,103.27,96.98,201.44,1,-1,-1,-1
53,5478,173.43,85.27,47.84,182.04,1,-1,-1,-1
53,5480,431.77,98.97,56.07,186.06,1,-1,-1,-1
54,5470,394.05,97.09,68.44,190.83,1,-1,-1,-1
54,5473,504.55,109.50,92.33,191.89,1,-1,-1,-1
54,5478,173.28,84.46,47.66,182.03,1,-1,-1,-1
54,5480,430.46,99.87,55.53,184.26,1,-1,-1,-1
55,5467,579.50,98.05,65.31,188.86,1,-1,-1,-1
55,5470,406.56,92.37,68.34,188.80,1,-1,-1,-1
55,5473,507.42,110.37,91.02,189.85,1,-1,-1,-1
55,5478,172.37,82.84,47.98,183.33,1,-1,-1,-1
56,5467,580.90,98.02,63.24,187.83,1,-1,-1,-1
56,5470,410.97,90.58,68.64,188.05,1,-1,-1,-1
56,5473,508.42,110.64,90.40,189.17,1,-1,-1,-1
56,5478,172.04,82.24,48.10,183.82,1,-1,-1,-1
57,5467,583.11,99.35,59.14,178.16,1,-1,-1,-1
57,5470,412.33,89.94,69.03,186.48,1,-1,-1,-1
57,5473,507.94,101.40,92.95,198.28,1,-1,-1,-1
57,5478,171.92,82.01,48.13,184.00,1,-1,-1,-1
58,5467,585.56,101.19,55.57,169.24,1,-1,-1,-1
58,5470,411.59,91.03,71.34,191.17,1,-1,-1,-1
58,5473,509.92,95.40,93.36,204.25,1,-1,-1,-1
58,5478,172.03,83.23,47.84,182.76,1,-1,-1,-1
59,5467,587.34,101.52,54.60,166.32,1,-1,-1,-1
59,5470,411.81,91.46,72.31,191.62,1,-1,-1,-1
59,5473,512.99,91.79,92.57,207.87,1,-1,-1,-1
59,5478,172.81,83.71,47.56,182.28,1,-1,-1,-1
60,5470,413.88,100.77,70.99,183.98,1,-1,-1,-1
60,5473,518.42,90.41,91.34,209.27,1,-1,-1,-1
60,5478,172.53,81.27,48.63,186.02,1,-1,-1,-1
61,5470,413.64,108.35,69.53,175.75,1,-1,-1,-1
61,5473,521.66,89.72,91.42,209.45,1,-1,-1,-1
61,5478,172.95,80.36,49.26,187.43,1,-1,-1,-1
62,5470,411.58,103.12,72.64,182.09,1,-1,-1,-1
62,5473,537.13,91.31,89.04,206.85,1,-1,-1,-1
62,5478,173.19,80.02,49.36,186.65,1,-1,-1,-1
63,5470,410.64,101.24,74.09,184.37,1,-1,-1,-1
63,5473,541.43,91.61,87.70,206.26,1,-1,-1,-1
63,5478,173.20,79.90,49.54,186.34,1,-1,-1,-1
64,5470,410.03,100.51,74.95,185.27,1,-1,-1,-1
64,5473,543.20,91.72,86.65,206.06,1,-1,-1,-1
64,5478,173.14,79.86,49.75,186.22,1,-1,-1,-1
65,5470,417.35,102.83,73.05,181.71,1,-1,-1,-1
65,5473,543.72,94.38,85.02,203.37,1,-1,-1,-1
65,5478,172.49,79.86,49.77,186.16,1,-1,-1,-1
65,5480,399.83,98.10,56.56,183.83,1,-1,-1,-1
66,5470,423.29,99.76,72.43,183.00,1,-1,-1,-1
66,5473,544.97,94.09,84.63,203.67,1,-1,-1,-1
66,5478,172.24,79.86,49.79,186.13,1,-1,-1,-1
66,5480,396.04,95.37,56.98,183.81,1,-1,-1,-1
67,5470,434.10,98.62,71.85,184.80,1,-1,-1,-1
67,5473,545.48,93.99,84.21,203.79,1,-1,-1,-1
67,5478,172.14,79.87,49.80,186.11,1,-1,-1,-1
67,5480,392.44,89.17,57.76,186.43,1,-1,-1,-1
68,5470,437.68,98.18,71.14,185.50,1,-1,-1,-1
68,5473,548.21,95.26,82.70,201.23,1,-1,-1,-1
68,5478,171.35,81.19,50.01,186.10,1,-1,-1,-1
68,5480,390.36,92.06,57.05,183.51,1,-1,-1,-1
69,5470,441.26,98.02,70.12,184.46,1,-1,-1,-1
69,5473,550.85,94.43,82.62,202.89,1,-1,-1,-1
69,5478,171.40,80.39,50.69,187.39,1,-1,-1,-1
69,5480,389.25,93.20,56.30,181.08,1,-1,-1,-1
70,5470,442.66,97.96,69.40,184.08,1,-1,-1,-1
70,5473,551.97,94.12,82.20,203.53,1,-1,-1,-1
70,5478,171.34,80.09,51.12,187.88,1,-1,-1,-1
70,5480,388.92,93.64,56.02,180.18,1,-1,-1,-1
71,5470,443.22,97.95,68.84,183.94,1,-1,-1,-1
71,5473,552.47,94.01,81.68,203.77,1,-1,-1,-1
71,5478,171.24,79.98,51.44,188.06,1,-1,-1,-1
71,5480,388.87,93.81,55.93,179.86,1,-1,-1,-1
72,5470,443.46,97.94,68.36,183.89,1,-1,-1,-1
72,5473,552.74,93.97,81.17,203.87,1,-1,-1,-1
72,5478,171.13,79.94,51.70,188.11,1,-1,-1,-1
72,5480,388.92,93.88,55.90,179.76,1,-1,-1,-1
73,5470,452.19,100.56,67.71,182.58,1,-1,-1,-1
73,5473,556.04,92.65,80.93,205.22,1,-1,-1,-1
73,5478,172.94,81.24,50.71,182.91,1,-1,-1,-1
73,5480,382.04,89.98,56.71,179.74,1,-1,-1,-1
74,5470,455.43,101.55,67.38,182.09,1,-1,-1,-1
74,5473,557.43,92.16,80.44,205.73,1,-1,-1,-1
74,5478,173.52,81.74,50.55,180.91,1,-1,-1,-1
74,5480,379.30,88.52,57.44,179.75,1,-1,-1,-1
75,5470,456.59,101.92,67.19,181.91,1,-1,-1,-1
75,5473,558.06,91.97,79.89,205.93,1,-1,-1,-1
75,5478,173.63,81.92,50.69,180.18,1,-1,-1,-1
75,5480,378.15,87.98,58.09,179.77,1,-1,-1,-1
76,5470,456.95,102.05,67.05,181.86,1,-1,-1,-1
76,5473,558.39,91.91,79.35,206.00,1,-1,-1,-1
76,5478,173.57,81.99,50.94,179.91,1,-1,-1,-1
76,5480,377.62,87.79,58.67,179.79,1,-1,-1,-1
77,5470,461.33,99.48,67.48,180.54,1,-1,-1,-1
77,5473,560.86,95.81,75.65,196.89,1,-1,-1,-1
77,5478,180.25,84.64,49.43,173.27,1,-1,-1,-1
77,5480,374.14,94.28,57.76,174.57,1,-1,-1,-1
78,5470,462.65,98.50,68.13,180.05,1,-1,-1,-1
78,5473,561.76,97.32,74.14,193.39,1,-1,-1,-1
78,5478,182.68,85.64,49.05,170.76,1,-1,-1,-1
78,5480,372.70,96.78,57.80,172.60,1,-1,-1,-1
79,5470,462.83,98.13,68.81,179.88,1,-1,-1,-1
79,5473,562.08,97.86,73.50,192.13,1,-1,-1,-1
79,5478,183.47,86.00,49.10,169.87,1,-1,-1,-1
79,5480,372.05,97.70,58.19,171.90,1,-1,-1,-1
80,5470,462.61,98.00,69.47,179.83,1,-1,-1,-1
80,5473,562.19,98.06,73.19,191.69,1,-1,-1,-1
80,5478,183.65,86.13,49.28,169.58,1,-1,-1,-1
80,5480,371.70,98.03,58.67,171.66,1,-1,-1,-1
81,5470,472.83,97.95,71.19,183.75,1,-1,-1,-1
81,5473,561.95,102.07,70.91,186.30,1,-1,-1,-1
81,5478,182.85,84.84,49.70,169.50,1,-1,-1,-1
81,5480,365.29,96.83,58.40,167.66,1,-1,-1,-1
82,5470,476.55,97.94,71.94,185.22,1,-1,-1,-1
82,5473,561.85,103.57,69.96,184.30,1,-1,-1,-1
82,5478,182.41,84.35,50.10,169.51,1,-1,-1,-1
82,5480,362.65,96.36,58.86,166.18,1,-1,-1,-1
83,5470,477.82,97.94,72.33,185.79,1,-1,-1,-1
83,5473,561.82,104.11,69.52,183.61,1,-1,-1,-1
83,5478,182.12,84.16,50.46,169.54,1,-1,-1,-1
83,5480,361.48,96.18,59.56,165.67,1,-1,-1,-1
84,5470,478.16,97.94,72.56,186.00,1,-1,-1,-1
84,5473,561.82,104.28,69.28,183.40,1,-1,-1,-1
84,5478,181.89,84.08,50.80,169.58,1,-1,-1,-1
84,5480,360.87,96.10,60.30,165.51,1,-1,-1,-1
85,5470,487.03,97.94,70.61,180.86,1,-1,-1,-1
85,5473,559.47,108.28,63.31,170.19,1,-1,-1,-1
85,5478,182.95,87.99,49.91,165.68,1,-1,-1,-1
85,5480,356.49,93.44,62.46,170.75,1,-1,-1,-1
86,5470,494.92,103.22,68.52,173.62,1,-1,-1,-1
86,5473,560.63,121.96,58.18,157.08,1,-1,-1,-1
86,5478,183.83,89.47,49.91,164.23,1,-1,-1,-1
86,5480,353.72,91.15,63.02,172.72,1,-1,-1,-1
87,5470,499.71,106.53,67.80,168.25,1,-1,-1,-1
87,5473,561.23,124.28,56.86,153.52,1,-1,-1,-1
87,5478,184.19,91.32,49.81,162.41,1,-1,-1,-1
87,5480,352.77,91.58,63.14,172.19,1,-1,-1,-1
88,5470,500.98,107.73,68.27,166.31,1,-1,-1,-1
88,5478,184.18,91.99,50.02,161.76,1,-1,-1,-1
88,5480,352.41,91.76,63.35,171.99,1,-1,-1,-1
89,5470,511.71,104.18,70.23,168.29,1,-1,-1,-1
89,5478,185.37,92.22,50.33,161.55,1,-1,-1,-1
89,5480,350.39,90.52,63.38,171.92,1,-1,-1,-1
90,5470,515.78,102.85,71.87,170.37,1,-1,-1,-1
90,5478,186.84,90.97,51.00,162.83,1,-1,-1,-1
90,5480,350.42,91.37,63.24,171.90,1,-1,-1,-1
91,5470,516.96,102.34,72.92,171.18,1,-1,-1,-1
91,5478,187.29,90.49,51.41,163.33,1,-1,-1,-1
91,5480,350.52,91.70,63.12,171.90,1,-1,-1,-1
92,5470,517.07,102.14,73.70,171.52,1,-1,-1,-1
92,5478,187.37,90.29,51.70,163.55,1,-1,-1,-1
92,5480,350.64,91.84,63.01,171.91,1,-1,-1,-1
93,5470,519.85,99.45,73.48,170.35,1,-1,-1,-1
93,5478,189.38,90.20,51.75,163.65,1,-1,-1,-1
93,5480,337.34,97.12,63.63,169.30,1,-1,-1,-1
94,5470,521.47,95.80,74.63,173.87,1,-1,-1,-1
94,5478,190.11,90.16,51.78,163.70,1,-1,-1,-1
94,5480,330.62,97.81,64.68,168.32,1,-1,-1,-1
94,5481,390.00,114.00,42.00,140.00,1,-1,-1,-1
95,5470,522.09,94.45,74.86,175.19,1,-1,-1,-1
95,5478,190.35,90.14,51.80,163.74,1,-1,-1,-1
95,5480,327.81,98.06,65.82,167.96,1,-1,-1,-1
95,5481,390.00,114.00,42.00,140.00,1,-1,-1,-1
96,5470,522.29,93.94,74.78,175.70,1,-1,-1,-1
96,5478,190.42,90.12,51.82,163.77,1,-1,-1,-1
96,5480,326.49,98.15,66.93,167.84,1,-1,-1,-1
96,5481,390.00,114.00,42.00,140.00,1,-1,-1,-1
97,5470,525.87,98.99,74.04,170.69,1,-1,-1,-1
97,5478,190.62,90.11,52.74,166.41,1,-1,-1,-1
97,5480,323.43,95.55,68.73,171.74,1,-1,-1,-1
97,5481,390.42,112.52,42.65,141.48,1,-1,-1,-1
98,5470,526.76,100.94,74.47,168.76,1,-1,-1,-1
98,5478,190.66,90.10,53.13,167.41,1,-1,-1,-1
98,5480,322.27,94.57,69.55,173.21,1,-1,-1,-1
98,5481,390.48,112.02,43.03,141.98,1,-1,-1,-1
99,5470,526.67,101.67,75.29,168.06,1,-1,-1,-1
99,5478,190.63,90.09,53.32,167.79,1,-1,-1,-1
99,5480,321.85,94.19,69.98,173.77,1,-1,-1,-1
99,5481,390.40,111.87,43.34,142.13,1,-1,-1,-1
100,5470,526.25,101.94,76.20,167.82,1,-1,-1,-1
100,5478,190.58,90.08,53.42,167.94,1,-1,-1,-1
100,5480,321.72,94.04,70.24,173.98,1,-1,-1,-1
100,5481,390.27,111.84,43.62,142.16,1,-1,-1,-1
101,5470,538.86,102.03,75.76,167.75,1,-1,-1,-1
101,5473,500.40,114.32,56.10,151.64,1,-1,-1,-1
101,5478,190.71,90.07,53.14,166.69,1,-1,-1,-1
101,5480,316.92,88.78,70.85,177.96,1,-1,-1,-1
101,5481,389.76,111.84,43.28,139.43,1,-1,-1,-1
102,5470,545.09,103.38,73.80,165.12,1,-1,-1,-1
102,5473,497.43,112.85,56.35,155.25,1,-1,-1,-1
102,5478,191.46,90.07,52.90,166.22,1,-1,-1,-1
102,5480,312.77,88.09,69.39,175.58,1,-1,-1,-1
102,5481,388.84,110.50,44.59,142.50,1,-1,-1,-1
102,5482,532.00,112.00,48.00,154.00,1,-1,-1,-1
103,5470,550.26,101.24,73.76,169.41,1,-1,-1,-1
103,5473,497.18,109.69,57.41,159.37,1,-1,-1,-1
103,5478,191.57,88.75,53.12,167.35,1,-1,-1,-1
103,5480,309.33,87.84,68.76,174.64,1,-1,-1,-1
103,5481,387.80,110.02,45.16,143.60,1,-1,-1,-1
103,5482,524.71,106.86,50.57,162.57,1,-1,-1,-1
104,5470,553.89,99.15,72.78,172.31,1,-1,-1,-1
104,5473,498.09,109.74,56.02,157.14,1,-1,-1,-1
104,5478,191.07,89.56,52.97,166.47,1,-1,-1,-1
104,5480,306.09,86.46,68.63,175.58,1,-1,-1,-1
104,5481,387.90,112.51,44.39,140.03,1,-1,-1,-1
104,5482,525.47,107.47,49.99,161.07,1,-1,-1,-1
105,5470,558.75,95.75,73.02,177.32,1,-1,-1,-1
105,5473,497.02,108.48,55.98,158.88,1,-1,-1,-1
105,5478,190.27,89.87,52.79,166.14,1,-1,-1,-1
105,5480,304.30,85.96,68.56,177.24,1,-1,-1,-1
105,5481,387.09,113.48,44.46,138.65,1,-1,-1,-1
105,5482,523.64,107.76,49.73,160.40,1,-1,-1,-1
105,5483,466.00,124.00,54.00,140.00,1,-1,-1,-1
106,5470,563.32,95.75,71.35,176.64,1,-1,-1,-1
106,5473,494.07,113.19,54.73,151.79,1,-1,-1,-1
106,5478,189.05,89.98,53.22,167.32,1,-1,-1,-1
106,5480,303.55,87.08,67.52,176.56,1,-1,-1,-1
106,5481,386.65,113.84,44.77,138.14,1,-1,-1,-1
106,5482,525.84,110.77,48.41,155.82,1,-1,-1,-1
106,5483,469.12,127.43,52.90,136.57,1,-1,-1,-1
107,5470,567.49,95.77,70.82,177.66,1,-1,-1,-1
107,5473,477.00,120.31,54.68,143.77,1,-1,-1,-1
107,5478,189.32,88.72,53.23,167.77,1,-1,-1,-1
107,5480,303.56,87.53,66.72,176.28,1,-1,-1,-1
107,5481,385.24,111.32,46.07,140.62,1,-1,-1,-1
107,5482,523.40,113.25,47.31,151.37,1,-1,-1,-1
108,5470,573.36,98.39,68.33,176.74,1,-1,-1,-1
108,5473,469.68,124.29,56.84,140.81,1,-1,-1,-1
108,5478,188.70,89.54,53.35,167.94,1,-1,-1,-1
108,5480,304.80,89.02,65.39,173.56,1,-1,-1,-1
108,5481,385.52,109.07,47.59,144.16,1,-1,-1,-1
108,5482,524.61,115.48,45.70,145.66,1,-1,-1,-1
109,5470,577.02,100.70,65.59,173.77,1,-1,-1,-1
109,5473,470.21,125.72,60.75,139.78,1,-1,-1,-1
109,5478,189.37,89.85,52.88,166.70,1,-1,-1,-1
109,5480,305.08,90.91,64.12,171.21,1,-1,-1,-1
109,5481,385.53,108.22,48.37,145.50,1,-1,-1,-1
109,5482,523.71,114.81,46.47,146.56,1,-1,-1,-1
110,5470,579.22,101.59,63.97,173.93,1,-1,-1,-1
110,5473,467.57,126.22,64.14,139.44,1,-1,-1,-1
110,5478,189.64,89.97,52.67,166.22,1,-1,-1,-1
110,5480,304.46,94.25,62.60,167.70,1,-1,-1,-1
110,5481,385.64,109.22,48.47,144.70,1,-1,-1,-1
110,5482,523.38,115.71,45.87,144.66,1,-1,-1,-1
111,5470,580.74,101.91,63.08,175.30,1,-1,-1,-1
111,5473,464.94,126.38,66.28,138.04,1,-1,-1,-1
111,5478,189.56,90.01,52.94,166.05,1,-1,-1,-1
111,5480,303.78,95.51,61.73,166.39,1,-1,-1,-1
111,5481,386.52,110.93,48.14,143.07,1,-1,-1,-1
112,5470,582.34,100.73,61.80,175.82,1,-1,-1,-1
112,5473,461.43,123.76,68.40,138.88,1,-1,-1,-1
112,5478,189.45,90.03,53.21,165.98,1,-1,-1,-1
112,5480,302.36,97.28,61.21,165.92,1,-1,-1,-1
112,5481,386.80,111.58,48.13,142.43,1,-1,-1,-1
113,5470,583.97,100.28,60.35,176.01,1,-1,-1,-1
113,5473,457.27,122.77,69.83,140.55,1,-1,-1,-1
113,5478,189.89,88.72,53.64,167.27,1,-1,-1,-1
113,5480,301.97,97.94,60.85,165.76,1,-1,-1,-1
113,5481,387.22,110.52,48.80,143.50,1,-1,-1,-1
113,5482,503.31,118.04,46.91,141.72,1,-1,-1,-1
114,5470,585.45,98.80,59.20,177.38,1,-1,-1,-1
114,5473,451.00,121.07,70.81,143.82,1,-1,-1,-1
114,5478,190.78,89.53,53.64,166.45,1,-1,-1,-1
114,5480,301.41,99.48,60.33,164.41,1,-1,-1,-1
114,5481,386.93,111.43,48.65,142.59,1,-1,-1,-1
114,5482,500.93,118.89,46.39,140.14,1,-1,-1,-1
115,5470,586.36,98.24,57.90,177.89,1,-1,-1,-1
115,5473,448.89,120.43,70.85,145.07,1,-1,-1,-1
115,5478,191.05,89.84,53.78,166.14,1,-1,-1,-1
115,5480,301.26,100.04,60.14,163.92,1,-1,-1,-1
115,5481,386.77,111.78,48.67,142.24,1,-1,-1,-1
116,5470,587.01,98.03,56.63,178.07,1,-1,-1,-1
116,5473,448.34,120.18,70.57,145.57,1,-1,-1,-1
116,5478,191.08,89.96,53.96,166.03,1,-1,-1,-1
116,5480,301.25,100.23,60.06,163.76,1,-1,-1,-1
116,5481,386.67,111.92,48.76,142.10,1,-1,-1,-1
117,5470,589.22,97.86,56.73,178.39,1,-1,-1,-1
117,5473,448.79,125.29,65.43,136.64,1,-1,-1,-1
117,5478,193.08,88.70,53.95,165.98,1,-1,-1,-1
117,5480,298.44,98.97,60.48,166.34,1,-1,-1,-1
117,5481,388.66,111.97,48.67,142.05,1,-1,-1,-1
117,5482,504.19,121.95,47.05,137.74,1,-1,-1,-1
118,5473,446.37,125.93,63.63,134.54,1,-1,-1,-1
118,5478,192.90,86.91,54.50,167.28,1,-1,-1,-1
118,5480,297.16,97.18,61.17,169.93,1,-1,-1,-1
118,5481,389.79,111.99,49.18,143.34,1,-1,-1,-1
118,5482,506.39,122.26,47.58,136.12,1,-1,-1,-1
119,5473,445.77,126.15,62.57,133.81,1,-1,-1,-1
119,5478,192.79,86.24,54.78,167.77,1,-1,-1,-1
119,5480,296.88,96.49,61.10,171.30,1,-1,-1,-1
119,5481,390.20,112.00,49.40,143.82,1,-1,-1,-1
119,5482,506.85,122.37,48.32,135.58,1,-1,-1,-1
120,5473,445.82,126.21,61.82,133.57,1,-1,-1,-1
120,5478,192.70,85.99,54.95,167.95,1,-1,-1,-1
120,5480,296.96,96.22,60.78,171.82,1,-1,-1,-1
120,5481,390.33,112.00,49.51,144.00,1,-1,-1,-1
120,5482,506.81,122.38,49.07,135.42,1,-1,-1,-1
121,5473,433.32,118.32,64.34,142.74,1,-1,-1,-1
121,5478,193.94,85.90,55.06,169.32,1,-1,-1,-1
121,5480,295.91,93.51,59.01,168.11,1,-1,-1,-1
121,5481,391.65,112.00,49.59,145.37,1,-1,-1,-1
121,5482,503.58,118.40,50.56,139.36,1,-1,-1,-1
122,5473,425.64,114.13,65.08,148.67,1,-1,-1,-1
122,5478,193.75,87.18,55.11,169.84,1,-1,-1,-1
122,5480,295.31,91.15,57.50,164.05,1,-1,-1,-1
122,5481,393.17,110.70,50.16,148.48,1,-1,-1,-1
122,5482,501.79,111.70,52.34,144.76,1,-1,-1,-1
123,5473,422.47,115.07,63.36,148.43,1,-1,-1,-1
123,5478,193.69,87.67,55.06,170.03,1,-1,-1,-1
123,5480,293.64,91.59,57.28,162.54,1,-1,-1,-1
123,5481,394.97,110.21,50.49,150.94,1,-1,-1,-1
123,5482,499.68,109.15,53.34,146.82,1,-1,-1,-1
124,5473,417.21,115.47,61.95,147.02,1,-1,-1,-1
124,5478,193.51,86.56,55.34,171.40,1,-1,-1,-1
124,5480,293.52,90.45,57.57,163.30,1,-1,-1,-1
124,5481,398.73,110.02,50.91,151.88,1,-1,-1,-1
124,5482,497.69,105.59,54.85,150.22,1,-1,-1,-1
125,5473,413.18,114.97,62.09,147.34,1,-1,-1,-1
125,5478,193.48,86.14,55.36,171.91,1,-1,-1,-1
125,5480,292.95,90.03,57.50,163.61,1,-1,-1,-1
125,5481,404.54,112.55,51.37,148.33,1,-1,-1,-1
125,5482,496.58,110.70,53.59,145.06,1,-1,-1,-1
126,5478,193.68,85.99,54.93,170.79,1,-1,-1,-1
126,5480,291.87,93.81,57.98,165.04,1,-1,-1,-1
126,5481,405.96,112.21,53.12,148.24,1,-1,-1,-1
126,5482,495.15,114.06,52.58,141.71,1,-1,-1,-1
127,5478,194.89,84.63,55.08,171.66,1,-1,-1,-1
127,5480,290.94,96.55,57.95,165.60,1,-1,-1,-1
127,5481,406.54,113.39,54.91,148.20,1,-1,-1,-1
127,5482,493.07,116.64,52.71,140.46,1,-1,-1,-1
128,5478,194.82,84.12,54.88,171.98,1,-1,-1,-1
128,5480,290.88,93.68,57.44,164.51,1,-1,-1,-1
128,5481,406.80,115.14,56.72,148.17,1,-1,-1,-1
128,5482,489.56,118.91,53.05,138.69,1,-1,-1,-1
129,5478,194.69,83.94,55.00,173.39,1,-1,-1,-1
129,5480,290.54,92.57,57.94,165.41,1,-1,-1,-1
129,5481,405.26,115.80,57.98,148.15,1,-1,-1,-1
129,5482,487.25,118.44,53.93,139.36,1,-1,-1,-1
130,5478,194.72,83.88,54.86,173.92,1,-1,-1,-1
130,5480,290.39,92.16,58.24,165.75,1,-1,-1,-1
130,5481,404.30,116.04,59.12,148.14,1,-1,-1,-1
130,5482,486.27,118.25,54.59,139.63,1,-1,-1,-1
131,5478,194.80,83.86,54.65,174.11,1,-1,-1,-1
131,5480,290.31,92.01,58.45,165.89,1,-1,-1,-1
131,5481,403.59,116.12,60.16,148.12,1,-1,-1,-1
131,5482,485.79,118.17,55.14,139.74,1,-1,-1,-1
132,5478,194.90,83.87,54.42,174.17,1,-1,-1,-1
132,5480,290.27,91.95,58.61,165.94,1,-1,-1,-1
132,5481,403.02,116.14,61.10,148.11,1,-1,-1,-1
132,5482,485.52,118.14,55.62,139.80,1,-1,-1,-1
133,5478,195.54,85.18,53.12,171.58,1,-1,-1,-1
133,5480,285.75,94.55,59.89,165.96,1,-1,-1,-1
133,5481,396.81,112.23,61.62,152.01,1,-1,-1,-1
133,5482,475.10,112.88,58.20,145.06,1,-1,-1,-1
134,5478,196.08,85.69,52.02,169.26,1,-1,-1,-1
134,5480,282.42,95.54,61.04,165.97,1,-1,-1,-1
134,5481,394.79,112.04,61.16,152.19,1,-1,-1,-1
134,5482,472.41,116.07,56.81,139.29,1,-1,-1,-1
135,5478,196.38,85.88,51.40,168.39,1,-1,-1,-1
135,5480,280.89,95.90,62.09,165.98,1,-1,-1,-1
135,5481,394.15,111.97,60.69,152.23,1,-1,-1,-1
135,5482,471.23,117.35,56.70,137.01,1,-1,-1,-1
136,5478,196.58,85.95,50.99,168.07,1,-1,-1,-1
136,5480,280.07,96.04,63.03,165.98,1,-1,-1,-1
136,5481,394.03,111.95,60.26,152.24,1,-1,-1,-1
136,5482,470.64,117.82,57.10,136.18,1,-1,-1,-1
137,5478,195.88,82.05,52.38,174.50,1,-1,-1,-1
137,5480,277.51,94.78,64.04,164.68,1,-1,-1,-1
137,5481,392.39,110.64,60.68,153.53,1,-1,-1,-1
137,5482,467.28,119.30,57.07,135.88,1,-1,-1,-1
138,5478,195.77,80.60,52.59,176.90,1,-1,-1,-1
138,5480,276.19,94.29,65.20,164.18,1,-1,-1,-1
138,5481,391.80,110.15,60.78,154.00,1,-1,-1,-1
138,5482,466.05,119.86,57.11,135.79,1,-1,-1,-1
139,5478,195.86,80.05,52.39,177.82,1,-1,-1,-1
139,5480,275.36,94.11,66.36,164.00,1,-1,-1,-1
139,5481,391.60,109.97,60.78,154.17,1,-1,-1,-1
139,5482,465.62,120.06,57.18,135.77,1,-1,-1,-1
140,5478,196.02,79.85,52.07,178.15,1,-1,-1,-1
140,5480,274.76,94.04,67.44,163.94,1,-1,-1,-1
140,5481,391.56,109.91,60.73,154.22,1,-1,-1,-1
140,5482,465.50,120.12,57.25,135.77,1,-1,-1,-1
141,5478,194.63,82.39,50.93,174.36,1,-1,-1,-1
141,5480,269.01,92.70,68.51,165.23,1,-1,-1,-1
141,5481,387.18,111.20,60.32,150.32,1,-1,-1,-1
141,5482,461.83,118.83,58.08,138.41,1,-1,-1,-1
142,5478,194.43,84.69,49.83,170.26,1,-1,-1,-1
142,5480,265.57,90.90,68.91,167.02,1,-1,-1,-1
142,5481,383.39,113.01,60.48,147.49,1,-1,-1,-1
142,5482,458.57,115.73,59.64,143.31,1,-1,-1,-1
143,5478,194.34,85.56,49.45,168.72,1,-1,-1,-1
143,5480,264.39,90.22,68.88,167.70,1,-1,-1,-1
143,5481,381.66,113.69,61.20,146.43,1,-1,-1,-1
143,5482,457.51,114.56,59.96,145.17,1,-1,-1,-1
144,5478,194.29,85.89,49.36,168.15,1,-1,-1,-1
144,5480,264.08,89.97,68.70,167.96,1,-1,-1,-1
144,5481,380.73,113.94,62.09,146.05,1,-1,-1,-1
144,5482,457.28,114.11,59.85,145.88,1,-1,-1,-1
145,5473,422.89,111.92,60.29,152.02,1,-1,-1,-1
145,5478,192.05,84.69,49.83,170.56,1,-1,-1,-1
145,5480,260.40,89.88,68.02,166.75,1,-1,-1,-1
145,5481,383.74,110.10,63.65,149.85,1,-1,-1,-1
145,5482,457.88,112.65,59.85,147.43,1,-1,-1,-1
145,5484,28.00,110.00,46.00,172.00,1,-1,-1,-1
146,5470,369.81,115.89,49.28,144.22,1,-1,-1,-1
146,5473,426.01,113.29,56.70,149.33,1,-1,-1,-1
146,5478,191.60,85.54,49.24,168.87,1,-1,-1,-1
146,5480,258.99,91.17,66.56,163.67,1,-1,-1,-1
146,5481,386.99,109.96,62.59,149.98,1,-1,-1,-1
146,5482,458.67,117.27,57.51,142.83,1,-1,-1,-1
146,5484,31.53,113.43,45.79,170.29,1,-1,-1,-1
147,5470,360.41,116.13,52.94,143.76,1,-1,-1,-1
147,5473,426.05,115.06,53.51,145.81,1,-1,-1,-1
147,5478,190.16,85.87,48.95,168.23,1,-1,-1,-1
147,5480,257.36,94.29,67.02,165.13,1,-1,-1,-1
147,5481,391.68,109.91,61.88,151.33,1,-1,-1,-1
147,5482,459.42,120.40,55.85,138.40,1,-1,-1,-1
147,5484,34.23,112.49,47.57,174.52,1,-1,-1,-1
148,5470,354.74,114.87,55.32,144.92,1,-1,-1,-1
148,5473,424.69,114.39,52.43,147.16,1,-1,-1,-1
148,5478,189.82,85.99,48.47,166.68,1,-1,-1,-1
148,5480,256.27,95.46,66.92,165.67,1,-1,-1,-1
148,5481,397.56,111.20,59.90,150.53,1,-1,-1,-1
148,5482,458.47,117.60,56.46,140.69,1,-1,-1,-1
148,5484,36.15,116.55,47.50,170.06,1,-1,-1,-1
149,5470,350.25,114.40,56.21,145.38,1,-1,-1,-1
149,5473,425.64,112.83,51.76,148.98,1,-1,-1,-1
149,5478,189.55,86.03,48.61,167.42,1,-1,-1,-1
149,5480,255.14,93.29,65.81,163.27,1,-1,-1,-1
149,5481,400.56,110.39,58.92,151.53,1,-1,-1,-1
149,5482,458.08,117.87,55.50,140.24,1,-1,-1,-1
149,5484,38.18,120.88,47.41,164.04,1,-1,-1,-1
150,5470,350.61,112.86,55.83,148.27,1,-1,-1,-1
150,5473,426.44,110.93,51.93,152.28,1,-1,-1,-1
150,5478,189.64,86.05,48.29,166.40,1,-1,-1,-1
150,5480,254.81,92.45,65.32,162.36,1,-1,-1,-1
150,5481,400.52,110.09,58.26,153.21,1,-1,-1,-1
150,5482,457.43,117.97,54.92,140.06,1,-1,-1,-1
150,5484,41.74,126.58,47.21,157.72,1,-1,-1,-1
151,5470,349.75,110.96,55.47,150.69,1,-1,-1,-1
151,5473,427.51,108.91,51.80,153.53,1,-1,-1,-1
151,5478,188.95,86.05,48.36,166.02,1,-1,-1,-1
151,5480,254.20,92.14,64.88,162.03,1,-1,-1,-1
151,5481,401.60,109.98,57.07,152.54,1,-1,-1,-1
151,5482,457.27,120.63,53.30,136.08,1,-1,-1,-1
151,5484,43.81,129.84,48.08,155.67,1,-1,-1,-1
152,5470,350.92,111.56,54.12,150.29,1,-1,-1,-1
152,5473,430.47,106.85,51.85,155.30,1,-1,-1,-1
152,5478,189.40,86.04,48.28,165.89,1,-1,-1,-1
152,5480,253.54,90.71,64.37,161.91,1,-1,-1,-1
152,5481,402.44,111.25,55.70,150.96,1,-1,-1,-1
152,5482,454.48,117.67,54.25,139.85,1,-1,-1,-1
152,5484,46.51,128.04,49.81,156.49,1,-1,-1,-1
153,5470,349.59,109.16,53.62,152.77,1,-1,-1,-1
153,5473,432.49,107.38,51.38,155.96,1,-1,-1,-1
153,5478,189.43,86.04,48.57,167.16,1,-1,-1,-1
153,5480,254.20,90.17,63.75,161.87,1,-1,-1,-1
153,5481,403.15,111.73,54.36,149.05,1,-1,-1,-1
153,5482,453.72,119.18,52.82,137.34,1,-1,-1,-1
153,5484,52.49,120.46,51.14,156.87,1,-1,-1,-1
154,5470,348.60,108.26,53.39,155.01,1,-1,-1,-1
154,5473,434.69,108.90,50.95,154.89,1,-1,-1,-1
154,5478,188.92,86.04,48.44,167.65,1,-1,-1,-1
154,5480,253.87,88.67,63.45,163.18,1,-1,-1,-1
154,5481,402.04,111.92,53.94,149.64,1,-1,-1,-1
154,5482,452.85,121.08,52.23,136.37,1,-1,-1,-1
154,5484,57.83,112.21,53.23,163.86,1,-1,-1,-1
155,5470,349.91,107.94,52.80,155.85,1,-1,-1,-1
155,5473,434.05,109.50,51.09,155.77,1,-1,-1,-1
155,5478,188.96,86.03,47.93,166.53,1,-1,-1,-1
155,5480,254.00,89.42,62.91,163.68,1,-1,-1,-1
155,5481,401.57,111.98,53.85,151.17,1,-1,-1,-1
155,5482,452.96,120.47,52.51,137.33,1,-1,-1,-1
155,5484,63.10,106.56,55.09,171.72,1,-1,-1,-1
156,5470,349.61,110.44,51.85,153.53,1,-1,-1,-1
156,5473,434.40,108.44,51.22,157.39,1,-1,-1,-1
156,5478,189.28,84.72,48.48,168.73,1,-1,-1,-1
156,5480,254.28,89.71,62.31,163.87,1,-1,-1,-1
156,5481,400.80,110.71,53.68,153.05,1,-1,-1,-1
156,5482,453.37,118.93,53.25,140.31,1,-1,-1,-1
156,5484,67.98,105.75,55.01,173.40,1,-1,-1,-1
157,5470,343.66,114.04,50.28,148.68,1,-1,-1,-1
157,5473,435.35,109.34,50.91,156.69,1,-1,-1,-1
157,5478,189.59,85.53,48.32,168.26,1,-1,-1,-1
157,5480,254.60,89.83,61.74,163.94,1,-1,-1,-1
157,5481,400.53,110.22,53.56,155.06,1,-1,-1,-1
157,5482,453.88,119.64,52.89,140.14,1,-1,-1,-1
157,5484,71.59,106.80,55.14,175.34,1,-1,-1,-1
158,5470,341.35,114.08,50.10,148.16,1,-1,-1,-1
158,5473,435.36,111.00,50.19,155.10,1,-1,-1,-1
158,5478,190.47,85.84,48.05,168.08,1,-1,-1,-1
158,5480,255.31,89.88,60.39,162.67,1,-1,-1,-1
158,5481,400.08,110.04,52.88,155.82,1,-1,-1,-1
158,5482,453.44,119.91,52.78,140.07,1,-1,-1,-1
158,5484,78.91,108.54,53.48,170.83,1,-1,-1,-1
159,5470,338.91,115.41,49.45,146.66,1,-1,-1,-1
159,5473,436.13,112.94,49.64,153.17,1,-1,-1,-1
159,5478,190.86,85.96,47.84,168.01,1,-1,-1,-1
159,5480,255.29,91.22,59.21,160.87,1,-1,-1,-1
159,5481,399.79,111.27,51.56,153.50,1,-1,-1,-1
159,5482,454.69,122.62,51.25,136.13,1,-1,-1,-1
159,5484,83.08,107.81,53.58,171.13,1,-1,-1,-1
160,5470,337.38,115.90,49.34,146.11,1,-1,-1,-1
160,5473,437.12,113.68,49.32,151.12,1,-1,-1,-1
160,5478,191.07,86.00,47.66,167.99,1,-1,-1,-1
160,5480,256.20,91.72,58.31,160.20,1,-1,-1,-1
160,5481,399.44,114.36,50.21,149.97,1,-1,-1,-1
160,5482,454.89,124.97,49.98,131.98,1,-1,-1,-1
160,5484,87.90,109.35,53.78,170.32,1,-1,-1,-1
161,5470,336.35,114.76,49.14,145.91,1,-1,-1,-1
161,5473,438.91,113.95,48.97,150.35,1,-1,-1,-1
161,5478,192.66,87.32,47.18,166.68,1,-1,-1,-1
161,5480,255.42,91.92,57.63,159.96,1,-1,-1,-1
161,5481,400.29,115.53,49.04,147.32,1,-1,-1,-1
161,5482,454.36,125.51,49.74,131.33,1,-1,-1,-1
161,5484,93.31,109.62,55.45,171.51,1,-1,-1,-1
162,5470,336.28,116.95,48.62,144.53,1,-1,-1,-1
162,5473,437.54,112.74,48.96,151.37,1,-1,-1,-1
162,5478,192.89,87.82,46.44,164.87,1,-1,-1,-1
162,5480,254.54,90.68,57.28,161.19,1,-1,-1,-1
162,5481,400.31,114.64,49.22,148.97,1,-1,-1,-1
162,5484,100.22,111.03,56.46,168.00,1,-1,-1,-1
162,5485,360.00,114.00,44.00,150.00,1,-1,-1,-1
163,5470,335.06,117.77,48.41,144.03,1,-1,-1,-1
163,5473,437.46,113.58,48.05,149.15,1,-1,-1,-1
163,5478,192.28,88.00,46.23,164.19,1,-1,-1,-1
163,5480,256.34,92.82,55.53,157.74,1,-1,-1,-1
163,5481,400.60,114.30,48.72,148.28,1,-1,-1,-1
163,5484,101.91,116.85,57.03,161.38,1,-1,-1,-1
163,5485,361.75,114.00,43.92,150.00,1,-1,-1,-1
164,5470,333.57,118.06,47.93,142.54,1,-1,-1,-1
164,5473,436.13,113.90,47.64,146.99,1,-1,-1,-1
164,5478,192.81,88.07,45.95,163.95,1,-1,-1,-1
164,5480,257.20,93.64,54.60,156.43,1,-1,-1,-1
164,5481,401.15,116.79,47.65,145.40,1,-1,-1,-1
164,5484,106.40,119.06,58.46,158.90,1,-1,-1,-1
165,5470,332.15,116.84,48.34,143.31,1,-1,-1,-1
165,5473,433.86,112.70,48.37,148.82,1,-1,-1,-1
165,5478,192.62,89.39,45.30,161.25,1,-1,-1,-1
165,5480,257.65,93.94,54.01,155.96,1,-1,-1,-1
165,5481,401.22,113.77,48.85,149.60,1,-1,-1,-1
165,5484,109.53,117.20,61.07,161.99,1,-1,-1,-1
166,5470,331.27,113.75,49.33,146.24,1,-1,-1,-1
166,5473,432.24,110.94,48.88,150.82,1,-1,-1,-1
166,5478,192.20,88.57,45.75,162.87,1,-1,-1,-1
166,5480,256.80,91.42,54.54,158.43,1,-1,-1,-1
166,5481,401.29,112.65,49.20,151.15,1,-1,-1,-1
166,5484,110.50,112.58,63.49,165.76,1,-1,-1,-1
167,5470,330.25,112.59,49.91,147.34,1,-1,-1,-1
167,5473,432.76,112.88,48.12,147.68,1,-1,-1,-1
167,5478,191.89,88.26,46.23,164.80,1,-1,-1,-1
167,5480,256.97,91.78,53.80,156.76,1,-1,-1,-1
167,5481,398.55,114.81,48.36,147.85,1,-1,-1,-1
167,5484,110.46,110.83,64.96,167.20,1,-1,-1,-1
168,5470,329.52,113.45,49.66,146.47,1,-1,-1,-1
168,5473,434.40,114.95,47.60,145.15,1,-1,-1,-1
168,5478,192.66,89.44,45.95,162.93,1,-1,-1,-1
168,5480,256.90,91.92,53.82,156.13,1,-1,-1,-1
168,5481,393.87,115.65,48.72,147.88,1,-1,-1,-1
168,5484,112.11,108.86,65.81,167.75,1,-1,-1,-1
169,5470,329.30,113.78,49.59,146.14,1,-1,-1,-1
169,5473,434.55,118.36,47.01,141.58,1,-1,-1,-1
169,5478,192.73,89.89,46.29,163.53,1,-1,-1,-1
169,5480,257.57,91.97,53.76,155.90,1,-1,-1,-1
169,5481,391.11,113.34,49.58,150.52,1,-1,-1,-1
169,5484,117.68,101.60,67.72,174.48,1,-1,-1,-1
170,5470,329.26,113.91,49.59,146.01,1,-1,-1,-1
170,5473,434.46,119.63,47.10,140.27,1,-1,-1,-1
170,5478,192.72,90.05,46.51,163.76,1,-1,-1,-1
170,5480,257.83,91.99,53.76,155.83,1,-1,-1,-1
170,5481,390.09,112.47,49.90,151.51,1,-1,-1,-1
170,5484,119.91,98.88,68.03,177.00,1,-1,-1,-1
171,5470,329.30,113.96,49.62,145.97,1,-1,-1,-1
171,5473,434.28,120.08,47.42,139.80,1,-1,-1,-1
171,5478,192.67,90.10,46.67,163.86,1,-1,-1,-1
171,5480,257.93,92.00,53.77,155.82,1,-1,-1,-1
171,5481,389.73,112.13,50.02,151.89,1,-1,-1,-1
171,5484,120.81,97.87,67.79,177.96,1,-1,-1,-1
172,5470,329.35,113.98,49.64,145.96,1,-1,-1,-1
172,5473,434.08,120.23,47.80,139.66,1,-1,-1,-1
172,5478,192.61,90.11,46.80,163.90,1,-1,-1,-1
172,5480,257.97,92.00,53.79,155.82,1,-1,-1,-1
172,5481,389.62,112.01,50.06,152.03,1,-1,-1,-1
172,5484,121.20,97.52,67.36,178.30,1,-1,-1,-1
173,5470,325.30,112.68,50.05,147.26,1,-1,-1,-1
173,5473,429.37,118.95,49.33,143.57,1,-1,-1,-1
173,5478,193.54,87.50,47.56,166.53,1,-1,-1,-1
173,5480,255.36,92.00,53.81,157.14,1,-1,-1,-1
173,5481,378.62,113.27,49.88,152.08,1,-1,-1,-1
173,5484,124.38,96.35,67.68,179.14,1,-1,-1,-1
173,5486,398.00,112.00,46.00,154.00,1,-1,-1,-1
174,5470,324.75,113.49,49.62,146.45,1,-1,-1,-1
174,5473,428.31,119.76,49.82,143.75,1,-1,-1,-1
174,5478,193.74,86.51,48.16,168.83,1,-1,-1,-1
174,5480,253.56,89.39,54.18,160.26,1,-1,-1,-1
174,5481,373.41,112.45,50.63,154.69,1,-1,-1,-1
175,5470,324.64,113.81,49.37,146.14,1,-1,-1,-1
175,5473,427.80,120.06,50.24,143.83,1,-1,-1,-1
175,5478,193.82,86.13,48.36,169.70,1,-1,-1,-1
175,5480,253.08,88.41,53.93,161.44,1,-1,-1,-1
175,5481,371.52,112.13,50.85,155.68,1,-1,-1,-1
176,5470,324.68,113.93,49.21,146.03,1,-1,-1,-1
176,5473,427.52,120.16,50.60,143.86,1,-1,-1,-1
176,5478,193.86,85.99,48.41,170.02,1,-1,-1,-1
176,5480,253.08,88.04,53.50,161.89,1,-1,-1,-1
176,5481,370.88,112.02,50.88,156.04,1,-1,-1,-1
177,5470,321.78,111.36,49.83,148.60,1,-1,-1,-1
177,5473,426.94,117.57,51.71,146.50,1,-1,-1,-1
177,5478,192.66,85.94,49.54,174.03,1,-1,-1,-1
177,5480,250.64,89.21,53.04,160.75,1,-1,-1,-1
177,5481,370.16,111.98,50.66,154.87,1,-1,-1,-1
177,5484,151.63,100.94,63.99,173.08,1,-1,-1,-1
178,5470,320.60,110.40,50.31,150.87,1,-1,-1,-1
178,5473,425.00,116.59,53.00,148.79,1,-1,-1,-1
178,5478,192.05,85.93,50.28,176.83,1,-1,-1,-1
178,5480,249.20,89.66,52.63,160.31,1,-1,-1,-1
178,5481,369.35,111.96,50.48,154.40,1,-1,-1,-1
178,5484,155.37,102.91,62.39,170.99,1,-1,-1,-1
179,5470,320.27,110.03,50.33,151.73,1,-1,-1,-1
179,5473,423.59,114.91,53.55,149.67,1,-1,-1,-1
179,5478,192.89,87.22,49.70,175.31,1,-1,-1,-1
179,5480,249.49,88.54,52.14,160.14,1,-1,-1,-1
179,5481,367.98,111.96,50.02,152.92,1,-1,-1,-1
179,5484,158.00,107.50,60.49,166.36,1,-1,-1,-1
