1,1,392.00,155.00,110.00,191.00,1,-1,-1,-1
2,1,397.35,151.57,114.72,200.43,1,-1,-1,-1
2,2,504.00,123.00,48.00,203.00,1,-1,-1,-1
3,1,428.78,148.06,111.82,196.85,1,-1,-1,-1
3,2,511.43,129.00,46.00,192.71,1,-1,-1,-1
4,1,432.54,140.94,116.16,208.81,1,-1,-1,-1
4,2,517.11,130.00,49.81,207.10,1,-1,-1,-1
5,1,438.92,141.43,116.46,213.49,1,-1,-1,-1
5,2,519.98,131.00,50.74,210.98,1,-1,-1,-1
6,1,449.35,150.07,109.68,203.29,1,-1,-1,-1
7,1,456.08,146.46,110.04,209.00,1,-1,-1,-1
8,1,476.00,143.20,109.01,210.28,1,-1,-1,-1
9,1,493.00,139.33,106.91,211.35,1,-1,-1,-1
9,2,567.00,124.54,49.59,200.35,1,-1,-1,-1
10,1,501.18,140.59,106.37,217.00,1,-1,-1,-1
10,2,562.09,137.24,53.65,208.96,1,-1,-1,-1
11,1,510.92,139.40,107.44,219.19,1,-1,-1,-1
11,2,561.12,145.56,57.32,209.45,1,-1,-1,-1
12,2,565.98,144.62,63.69,219.55,1,-1,-1,-1
13,2,591.77,147.48,64.00,208.32,1,-1,-1,-1
14,1,584.85,162.34,92.45,189.07,1,-1,-1,-1
14,2,621.28,135.09,67.00,223.79,1,-1,-1,-1
15,1,590.08,150.04,100.16,207.64,1,-1,-1,-1
15,2,636.50,128.12,70.22,235.09,1,-1,-1,-1
16,1,594.55,153.18,99.57,208.85,1,-1,-1,-1
16,2,652.97,138.78,67.70,222.19,1,-1,-1,-1
17,1,606.37,162.26,93.69,196.87,1,-1,-1,-1
17,2,675.24,145.11,64.40,210.78,1,-1,-1,-1
17,3,632.00,154.00,104.00,203.00,1,-1,-1,-1
18,1,630.80,166.45,91.89,190.14,1,-1,-1,-1
18,2,684.51,146.77,66.97,215.14,1,-1,-1,-1
19,1,637.49,160.57,92.81,192.40,1,-1,-1,-1
19,2,696.70,148.02,67.28,216.14,1,-1,-1,-1
19,4,1144.00,146.00,76.00,226.00,1,-1,-1,-1
20,1,649.33,153.14,96.83,207.07,1,-1,-1,-1
20,2,699.34,149.06,67.14,210.10,1,-1,-1,-1
20,4,1118.61,139.14,80.50,238.86,1,-1,-1,-1
21,1,675.62,154.24,95.85,202.25,1,-1,-1,-1
21,2,710.72,150.29,67.25,210.44,1,-1,-1,-1
21,4,1093.28,144.60,77.98,230.73,1,-1,-1,-1
22,1,688.23,154.03,99.10,208.80,1,-1,-1,-1
22,4,1061.71,154.12,73.76,215.69,1,-1,-1,-1
22,5,524.00,134.00,42.00,74.00,1,-1,-1,-1
23,1,697.80,161.07,95.86,204.11,1,-1,-1,-1
23,2,738.31,152.96,70.95,210.17,1,-1,-1,-1
23,4,1030.25,164.65,71.39,204.10,1,-1,-1,-1
23,5,521.77,134.00,43.88,77.43,1,-1,-1,-1
24,1,722.46,157.92,96.74,208.14,1,-1,-1,-1
24,2,768.14,137.09,74.99,228.47,1,-1,-1,-1
24,4,987.18,161.16,75.45,214.72,1,-1,-1,-1
24,5,521.47,134.74,44.06,78.00,1,-1,-1,-1
25,1,732.54,141.82,101.84,224.54,1,-1,-1,-1
25,2,780.77,131.19,77.43,240.33,1,-1,-1,-1
25,4,947.04,144.78,83.66,238.24,1,-1,-1,-1
25,5,522.90,134.26,43.28,76.69,1,-1,-1,-1
25,6,391.00,170.00,96.00,166.00,1,-1,-1,-1
25,7,307.00,146.00,88.00,198.00,1,-1,-1,-1
26,1,744.59,141.46,97.72,225.64,1,-1,-1,-1
26,2,786.55,128.24,80.43,248.74,1,-1,-1,-1
26,4,924.90,153.95,80.58,227.68,1,-1,-1,-1
26,5,523.33,137.71,41.00,72.57,1,-1,-1,-1
27,1,762.63,143.31,98.64,226.63,1,-1,-1,-1
27,2,819.56,140.45,73.36,225.92,1,-1,-1,-1
27,4,893.26,154.98,79.10,219.82,1,-1,-1,-1
27,5,520.10,136.71,44.06,78.41,1,-1,-1,-1
27,8,349.00,157.00,88.00,185.00,1,-1,-1,-1
28,1,775.26,147.93,96.47,219.20,1,-1,-1,-1
28,2,833.90,140.48,73.76,227.15,1,-1,-1,-1
28,4,872.26,161.43,74.12,203.35,1,-1,-1,-1
28,5,519.54,137.17,44.33,78.89,1,-1,-1,-1
28,8,351.97,150.14,94.07,198.71,1,-1,-1,-1
28,9,460.00,155.00,62.00,178.00,1,-1,-1,-1
29,1,801.68,145.18,105.73,223.43,1,-1,-1,-1
29,4,860.02,151.27,75.00,203.60,1,-1,-1,-1
29,8,358.13,154.10,91.03,194.45,1,-1,-1,-1
29,9,470.90,167.00,57.35,162.57,1,-1,-1,-1
30,1,819.32,151.27,101.37,211.42,1,-1,-1,-1
30,4,865.80,150.45,75.24,199.02,1,-1,-1,-1
30,8,362.89,157.11,89.83,193.43,1,-1,-1,-1
30,9,473.77,159.65,63.03,176.35,1,-1,-1,-1
31,1,854.54,138.46,108.95,230.48,1,-1,-1,-1
31,4,830.94,152.17,80.53,207.59,1,-1,-1,-1
31,8,365.67,158.33,89.75,193.27,1,-1,-1,-1
31,9,476.14,158.34,64.18,179.59,1,-1,-1,-1
32,1,871.66,137.18,109.92,232.54,1,-1,-1,-1
32,4,788.51,162.66,79.18,201.49,1,-1,-1,-1
32,8,389.71,143.94,98.86,214.90,1,-1,-1,-1
32,9,505.33,150.21,65.72,184.67,1,-1,-1,-1
33,1,871.01,147.29,107.63,229.62,1,-1,-1,-1
33,2,923.08,136.37,81.31,238.54,1,-1,-1,-1
33,4,758.23,162.00,80.19,209.25,1,-1,-1,-1
33,8,397.97,139.31,100.13,223.77,1,-1,-1,-1
33,9,514.90,144.24,70.24,197.32,1,-1,-1,-1
34,1,901.21,146.31,110.75,221.78,1,-1,-1,-1
34,2,938.80,136.10,81.85,240.15,1,-1,-1,-1
34,4,733.32,168.29,75.26,197.70,1,-1,-1,-1
34,8,414.97,149.51,90.71,206.49,1,-1,-1,-1
34,9,531.50,146.23,72.97,205.59,1,-1,-1,-1
35,1,924.56,138.05,119.94,231.46,1,-1,-1,-1
35,4,711.01,169.99,72.81,189.87,1,-1,-1,-1
35,8,435.73,140.06,93.89,217.04,1,-1,-1,-1
35,9,541.04,135.97,80.00,222.34,1,-1,-1,-1
36,1,948.05,135.06,124.53,234.32,1,-1,-1,-1
36,4,691.37,173.92,73.32,182.39,1,-1,-1,-1
36,8,449.94,127.62,101.90,244.25,1,-1,-1,-1
36,9,556.44,139.77,81.07,227.34,1,-1,-1,-1
37,1,966.49,133.80,125.46,236.07,1,-1,-1,-1
37,4,676.06,176.63,72.26,176.39,1,-1,-1,-1
37,8,465.11,143.66,91.46,225.60,1,-1,-1,-1
37,9,567.14,136.92,83.61,234.45,1,-1,-1,-1
38,1,1001.15,130.61,126.49,234.15,1,-1,-1,-1
38,4,646.68,165.36,76.10,189.90,1,-1,-1,-1
38,8,482.53,146.15,87.65,220.39,1,-1,-1,-1
38,9,589.33,143.85,78.44,216.17,1,-1,-1,-1
39,1,1031.73,136.39,124.27,219.89,1,-1,-1,-1
39,4,622.72,165.86,75.52,188.43,1,-1,-1,-1
39,8,502.15,153.04,81.63,206.50,1,-1,-1,-1
39,9,606.19,142.66,77.96,210.72,1,-1,-1,-1
40,1,1052.78,135.19,130.35,227.35,1,-1,-1,-1
40,8,514.12,153.00,82.01,207.47,1,-1,-1,-1
40,9,607.14,132.32,86.65,229.39,1,-1,-1,-1
41,1,1070.87,130.23,137.73,242.95,1,-1,-1,-1
41,8,536.53,155.34,81.44,204.18,1,-1,-1,-1
41,9,623.81,139.98,83.90,221.57,1,-1,-1,-1
42,1,1095.50,137.90,132.96,236.78,1,-1,-1,-1
42,8,543.24,148.39,87.01,216.45,1,-1,-1,-1
42,9,636.07,134.81,86.03,232.41,1,-1,-1,-1
43,1,1116.50,137.42,133.77,238.23,1,-1,-1,-1
43,8,549.80,135.03,94.91,234.22,1,-1,-1,-1
43,9,645.06,118.86,94.96,260.02,1,-1,-1,-1
44,8,572.05,131.19,95.38,242.89,1,-1,-1,-1
44,9,668.64,134.40,87.77,240.28,1,-1,-1,-1
44,10,545.00,153.00,76.00,205.00,1,-1,-1,-1
45,8,584.75,129.21,96.88,246.69,1,-1,-1,-1
45,9,683.57,140.72,87.99,231.86,1,-1,-1,-1
45,10,520.27,160.71,69.74,187.00,1,-1,-1,-1
46,9,690.43,125.41,97.85,255.49,1,-1,-1,-1
46,10,502.62,165.90,64.60,173.09,1,-1,-1,-1
47,8,625.02,135.68,91.25,232.80,1,-1,-1,-1
47,9,712.23,136.78,91.28,237.14,1,-1,-1,-1
47,10,493.72,168.57,62.03,166.22,1,-1,-1,-1
48,8,644.80,151.31,85.81,212.34,1,-1,-1,-1
48,9,729.38,133.18,90.89,237.56,1,-1,-1,-1
49,8,659.20,151.50,85.94,212.68,1,-1,-1,-1
49,9,742.75,131.68,92.10,240.73,1,-1,-1,-1
50,8,679.50,140.16,92.11,231.05,1,-1,-1,-1
50,9,764.51,136.14,89.85,231.01,1,-1,-1,-1
51,8,699.95,148.86,85.91,214.14,1,-1,-1,-1
51,9,787.16,141.80,89.86,229.65,1,-1,-1,-1
52,8,719.16,146.93,87.32,219.52,1,-1,-1,-1
52,9,810.89,145.08,89.55,229.17,1,-1,-1,-1
53,8,730.27,136.48,95.97,239.00,1,-1,-1,-1
53,9,825.04,127.37,98.29,253.12,1,-1,-1,-1
54,8,744.19,134.47,97.17,239.32,1,-1,-1,-1
54,9,854.17,139.07,92.75,236.18,1,-1,-1,-1
55,8,766.37,130.49,99.77,243.83,1,-1,-1,-1
55,9,873.38,128.91,100.91,253.24,1,-1,-1,-1
56,8,789.38,136.71,98.56,236.50,1,-1,-1,-1
56,9,900.97,136.07,103.93,242.85,1,-1,-1,-1
57,8,805.90,135.86,99.30,238.27,1,-1,-1,-1
57,9,919.16,135.36,104.84,244.97,1,-1,-1,-1
58,9,942.52,125.71,108.87,237.05,1,-1,-1,-1
59,8,861.82,127.39,103.42,245.28,1,-1,-1,-1
59,9,976.33,121.39,112.46,248.22,1,-1,-1,-1
60,8,890.89,120.66,103.79,249.78,1,-1,-1,-1
60,9,1004.55,114.74,115.72,255.92,1,-1,-1,-1
61,8,910.10,118.83,104.72,252.02,1,-1,-1,-1
61,9,1025.41,112.59,116.91,258.56,1,-1,-1,-1
61,11,604.00,125.00,43.00,108.00,1,-1,-1,-1
62,12,1090.00,151.00,116.00,207.00,1,-1,-1,-1
63,13,611.00,141.00,43.00,104.00,1,-1,-1,-1
64,13,619.89,144.43,40.66,98.00,1,-1,-1,-1
65,8,1049.98,119.10,112.51,252.06,1,-1,-1,-1
65,13,622.36,145.77,41.36,99.31,1,-1,-1,-1
66,8,1088.03,115.20,117.16,262.11,1,-1,-1,-1
66,13,627.26,145.41,39.87,95.30,1,-1,-1,-1
67,8,1113.10,113.70,118.18,264.40,1,-1,-1,-1
67,13,628.45,147.45,40.00,94.72,1,-1,-1,-1
68,13,629.73,148.81,40.91,96.02,1,-1,-1,-1
69,13,637.20,145.07,45.80,109.04,1,-1,-1,-1
70,13,641.04,141.17,48.29,116.84,1,-1,-1,-1
71,13,643.53,141.53,49.64,121.16,1,-1,-1,-1
72,13,648.27,137.19,50.09,123.41,1,-1,-1,-1
73,13,657.49,140.65,46.88,115.15,1,-1,-1,-1
74,13,661.94,143.42,46.87,113.66,1,-1,-1,-1
75,13,666.44,142.46,48.84,119.00,1,-1,-1,-1
76,13,673.91,140.82,49.42,120.96,1,-1,-1,-1
77,13,683.02,145.99,50.50,124.24,1,-1,-1,-1
78,13,689.21,151.21,49.17,120.96,1,-1,-1,-1
79,13,689.91,141.49,53.60,133.94,1,-1,-1,-1
80,13,697.59,143.58,51.08,126.81,1,-1,-1,-1
81,13,708.31,145.13,53.29,134.10,1,-1,-1,-1
82,13,714.97,153.32,51.78,130.42,1,-1,-1,-1
83,13,717.60,148.81,53.29,134.67,1,-1,-1,-1
84,13,729.93,149.03,53.37,138.15,1,-1,-1,-1
85,13,740.77,151.66,51.88,135.62,1,-1,-1,-1
86,13,743.89,153.34,55.68,139.72,1,-1,-1,-1
87,13,749.78,153.89,56.45,141.65,1,-1,-1,-1
91,13,791.87,145.35,64.06,160.60,1,-1,-1,-1
91,14,696.00,149.00,39.00,91.00,1,-1,-1,-1
91,15,623.00,142.00,46.00,104.00,1,-1,-1,-1
91,16,575.00,134.00,46.00,120.00,1,-1,-1,-1
92,13,800.47,156.18,66.07,161.80,1,-1,-1,-1
92,15,621.18,143.71,45.36,102.29,1,-1,-1,-1
92,16,572.64,131.43,47.28,123.43,1,-1,-1,-1
93,13,806.26,162.68,65.88,159.66,1,-1,-1,-1
93,15,620.43,140.98,47.65,107.29,1,-1,-1,-1
93,16,575.16,128.03,49.84,130.68,1,-1,-1,-1
93,17,701.00,146.00,38.00,98.00,1,-1,-1,-1
94,13,816.82,146.47,69.98,172.29,1,-1,-1,-1
94,15,617.18,138.61,49.36,111.12,1,-1,-1,-1
94,16,575.69,126.63,50.89,133.45,1,-1,-1,-1
94,17,709.42,146.86,37.45,96.29,1,-1,-1,-1
95,13,824.26,146.17,71.21,175.34,1,-1,-1,-1
95,15,617.87,139.94,48.43,108.86,1,-1,-1,-1
95,17,712.61,140.19,41.35,106.59,1,-1,-1,-1
96,13,846.13,154.90,73.46,178.10,1,-1,-1,-1
96,15,610.80,135.57,51.55,116.34,1,-1,-1,-1
96,17,716.83,136.60,43.93,113.50,1,-1,-1,-1
96,18,643.00,154.00,47.00,101.00,1,-1,-1,-1
97,13,860.09,154.43,76.82,183.65,1,-1,-1,-1
97,15,605.16,129.38,55.68,126.94,1,-1,-1,-1
97,16,643.68,141.53,43.28,113.19,1,-1,-1,-1
97,17,719.43,141.58,43.24,111.07,1,-1,-1,-1
98,13,875.29,162.52,75.00,177.41,1,-1,-1,-1
98,15,604.99,132.90,55.33,127.02,1,-1,-1,-1
98,16,652.02,149.18,41.80,108.04,1,-1,-1,-1
98,17,719.49,150.64,40.14,101.46,1,-1,-1,-1
99,13,889.80,146.91,80.45,200.09,1,-1,-1,-1
99,15,603.95,130.51,56.71,132.07,1,-1,-1,-1
99,16,653.45,144.83,43.51,110.90,1,-1,-1,-1
99,17,721.70,151.61,40.33,101.95,1,-1,-1,-1
100,13,902.77,146.19,81.01,205.29,1,-1,-1,-1
100,15,606.01,123.83,59.53,140.36,1,-1,-1,-1
100,16,653.01,141.99,44.96,113.92,1,-1,-1,-1
100,17,731.37,141.44,45.84,117.67,1,-1,-1,-1
101,13,917.36,150.32,83.30,206.64,1,-1,-1,-1
101,15,601.53,117.46,63.61,152.39,1,-1,-1,-1
101,16,651.71,140.23,47.14,119.77,1,-1,-1,-1
101,17,734.81,142.19,46.50,121.49,1,-1,-1,-1
102,13,929.03,151.34,87.66,213.40,1,-1,-1,-1
102,15,602.33,118.12,63.24,154.56,1,-1,-1,-1
102,16,649.94,140.22,48.16,123.93,1,-1,-1,-1
102,17,740.30,147.05,43.35,114.44,1,-1,-1,-1
103,13,950.46,158.06,84.82,207.72,1,-1,-1,-1
103,15,604.87,117.23,64.50,161.58,1,-1,-1,-1
103,16,652.32,142.81,47.83,124.21,1,-1,-1,-1
103,17,747.76,148.36,43.06,114.77,1,-1,-1,-1
104,13,978.64,150.43,84.73,214.29,1,-1,-1,-1
104,15,606.57,118.19,63.62,163.60,1,-1,-1,-1
104,16,654.77,141.83,50.08,130.85,1,-1,-1,-1
104,17,756.65,147.52,44.25,118.79,1,-1,-1,-1
105,13,995.64,142.46,89.42,228.80,1,-1,-1,-1
105,15,608.43,119.29,60.96,159.79,1,-1,-1,-1
105,16,663.79,145.95,48.05,124.33,1,-1,-1,-1
105,17,765.23,145.91,44.36,120.91,1,-1,-1,-1
106,13,1017.27,143.15,90.23,222.46,1,-1,-1,-1
106,15,609.98,123.03,60.90,162.60,1,-1,-1,-1
106,16,668.58,147.57,50.88,130.92,1,-1,-1,-1
106,17,771.60,151.75,41.88,113.91,1,-1,-1,-1
107,13,1042.03,147.98,90.81,220.27,1,-1,-1,-1
107,15,611.98,124.48,59.98,164.24,1,-1,-1,-1
107,16,670.08,150.72,51.03,130.72,1,-1,-1,-1
107,17,774.20,156.73,39.44,104.37,1,-1,-1,-1
108,13,1066.64,144.68,97.40,238.69,1,-1,-1,-1
108,15,617.23,121.24,60.30,164.76,1,-1,-1,-1
108,16,674.89,151.79,51.41,131.71,1,-1,-1,-1
108,17,779.00,157.63,39.47,104.43,1,-1,-1,-1
109,13,1093.08,149.71,94.16,233.67,1,-1,-1,-1
109,15,620.89,123.87,58.49,160.35,1,-1,-1,-1
109,17,780.56,146.29,46.69,125.40,1,-1,-1,-1
110,13,1116.73,149.87,95.13,237.16,1,-1,-1,-1
110,15,620.98,119.74,60.45,170.85,1,-1,-1,-1
110,16,687.02,149.84,50.30,129.80,1,-1,-1,-1
110,17,786.59,145.97,47.79,131.64,1,-1,-1,-1
111,13,1139.70,152.49,88.65,224.33,1,-1,-1,-1
111,15,624.10,125.16,59.41,173.47,1,-1,-1,-1
111,16,692.32,154.26,49.56,130.15,1,-1,-1,-1
111,17,794.52,149.01,45.10,125.87,1,-1,-1,-1
112,13,1156.51,152.63,89.64,226.81,1,-1,-1,-1
112,15,627.83,142.71,51.44,148.85,1,-1,-1,-1
112,16,697.57,159.69,47.04,123.08,1,-1,-1,-1
112,17,802.34,148.97,44.67,124.67,1,-1,-1,-1
113,15,634.19,139.75,52.71,156.81,1,-1,-1,-1
113,16,704.82,159.04,49.09,129.67,1,-1,-1,-1
113,17,812.56,150.90,45.27,126.77,1,-1,-1,-1
113,19,653.00,146.00,52.00,154.00,1,-1,-1,-1
114,15,639.70,138.14,54.75,164.66,1,-1,-1,-1
114,16,704.74,154.95,55.14,139.75,1,-1,-1,-1
114,17,816.97,151.64,46.09,128.82,1,-1,-1,-1
115,15,641.04,138.40,55.53,167.00,1,-1,-1,-1
115,16,707.39,149.57,60.79,150.56,1,-1,-1,-1
115,17,823.37,142.28,50.18,144.98,1,-1,-1,-1
116,15,641.59,141.19,48.76,147.16,1,-1,-1,-1
116,16,709.89,146.17,63.66,157.32,1,-1,-1,-1
116,17,827.19,139.38,51.42,153.54,1,-1,-1,-1
117,15,646.00,148.86,44.98,133.97,1,-1,-1,-1
117,16,717.48,154.87,55.09,137.90,1,-1,-1,-1
117,17,834.55,142.58,47.44,143.23,1,-1,-1,-1
118,15,647.27,141.08,52.97,156.39,1,-1,-1,-1
118,16,722.20,155.46,55.49,138.92,1,-1,-1,-1
118,17,839.92,142.03,48.25,145.66,1,-1,-1,-1
119,15,656.67,136.71,57.81,173.08,1,-1,-1,-1
119,17,856.87,153.26,45.89,137.39,1,-1,-1,-1
120,15,665.43,129.32,60.40,187.30,1,-1,-1,-1
120,16,733.20,162.79,59.38,147.67,1,-1,-1,-1
120,17,863.10,153.57,46.44,139.04,1,-1,-1,-1
121,15,668.18,128.48,61.71,191.36,1,-1,-1,-1
121,16,736.20,162.63,62.99,159.63,1,-1,-1,-1
121,17,875.35,147.78,44.51,136.28,1,-1,-1,-1
122,16,740.30,162.60,63.39,162.64,1,-1,-1,-1
122,17,882.03,147.59,44.93,137.57,1,-1,-1,-1
123,15,684.40,148.73,57.66,181.36,1,-1,-1,-1
123,16,750.17,163.82,61.35,159.93,1,-1,-1,-1
124,15,688.57,151.83,58.98,184.75,1,-1,-1,-1
124,16,754.97,159.10,66.07,171.68,1,-1,-1,-1
125,15,688.99,140.61,65.40,204.65,1,-1,-1,-1
125,16,755.40,155.45,71.80,186.74,1,-1,-1,-1
126,15,697.38,139.55,66.91,215.17,1,-1,-1,-1
126,16,767.37,157.73,71.40,189.54,1,-1,-1,-1
127,15,705.77,149.77,66.08,211.19,1,-1,-1,-1
127,16,775.24,159.92,73.72,200.65,1,-1,-1,-1
128,15,712.06,154.59,63.44,201.64,1,-1,-1,-1
128,16,779.66,159.52,72.99,201.79,1,-1,-1,-1
128,17,948.78,161.88,51.27,150.61,1,-1,-1,-1
129,15,714.95,160.36,62.45,195.14,1,-1,-1,-1
129,16,791.52,160.60,76.19,212.88,1,-1,-1,-1
129,17,957.34,162.75,51.84,152.27,1,-1,-1,-1
130,15,720.26,142.88,69.71,224.00,1,-1,-1,-1
130,16,801.47,162.27,76.56,217.11,1,-1,-1,-1
131,15,726.34,137.87,70.97,235.02,1,-1,-1,-1
131,16,813.36,164.82,73.76,208.55,1,-1,-1,-1
132,15,741.58,140.19,68.83,232.53,1,-1,-1,-1
132,16,821.93,158.70,76.68,220.44,1,-1,-1,-1
132,17,994.26,156.37,62.67,169.18,1,-1,-1,-1
133,15,755.57,145.64,66.64,222.96,1,-1,-1,-1
133,16,833.01,159.58,77.06,221.70,1,-1,-1,-1
133,17,1003.76,156.60,63.60,171.68,1,-1,-1,-1
134,15,761.73,143.24,67.84,226.18,1,-1,-1,-1
134,16,846.88,165.67,75.03,212.47,1,-1,-1,-1
134,17,1025.44,159.24,62.91,169.49,1,-1,-1,-1
135,15,770.13,135.93,72.60,240.81,1,-1,-1,-1
135,16,868.22,166.11,75.68,210.60,1,-1,-1,-1
135,17,1038.25,153.26,65.88,179.82,1,-1,-1,-1
136,15,782.61,134.41,72.10,232.48,1,-1,-1,-1
136,16,879.77,160.43,79.49,221.50,1,-1,-1,-1
136,17,1051.43,154.97,68.89,185.38,1,-1,-1,-1
137,15,793.66,132.54,76.76,243.11,1,-1,-1,-1
137,16,892.03,150.03,83.28,234.45,1,-1,-1,-1
137,17,1066.81,164.52,71.27,181.16,1,-1,-1,-1
138,15,800.44,136.29,78.76,238.15,1,-1,-1,-1
138,16,909.13,159.83,79.30,219.91,1,-1,-1,-1
138,17,1084.23,163.80,73.17,182.57,1,-1,-1,-1
139,15,808.88,133.30,81.64,245.70,1,-1,-1,-1
139,16,929.75,166.53,77.40,205.13,1,-1,-1,-1
139,17,1105.79,165.44,71.75,175.99,1,-1,-1,-1
140,15,820.63,138.57,81.97,239.55,1,-1,-1,-1
140,16,950.98,173.03,74.87,190.15,1,-1,-1,-1
140,17,1123.42,160.82,77.85,188.35,1,-1,-1,-1
141,15,835.52,130.94,84.30,245.40,1,-1,-1,-1
141,16,971.05,163.27,81.54,202.11,1,-1,-1,-1
141,17,1144.32,159.14,75.25,185.91,1,-1,-1,-1
142,15,851.47,133.86,82.16,237.27,1,-1,-1,-1
142,16,990.38,157.30,88.34,217.88,1,-1,-1,-1
142,17,1150.97,152.63,79.66,199.66,1,-1,-1,-1
143,15,865.11,122.62,91.93,260.76,1,-1,-1,-1
143,16,1016.71,159.45,88.82,214.41,1,-1,-1,-1
143,17,1163.90,152.21,80.90,202.76,1,-1,-1,-1
144,15,882.77,126.69,94.08,259.27,1,-1,-1,-1
144,16,1043.31,156.45,95.96,210.92,1,-1,-1,-1
145,15,908.85,123.29,94.16,255.23,1,-1,-1,-1
145,16,1080.20,169.69,90.57,189.91,1,-1,-1,-1
