1,8943,366.68,119.12,40.52,139.09,1,-1,-1,-1
1,8950,170.15,102.31,57.56,170.89,1,-1,-1,-1
1,8952,416.08,113.00,47.72,153.73,1,-1,-1,-1
1,8954,322.67,109.62,43.71,147.59,1,-1,-1,-1
1,8955,144.67,95.55,61.27,186.22,1,-1,-1,-1
1,8957,1360.00,428.00,171.00,337.00,1,-1,-1,-1
2,8957,1360.00,428.00,171.00,337.00,1,-1,-1,-1
3,8957,1360.00,428.00,171.00,337.00,1,-1,-1,-1
4,8957,1360.00,428.00,171.00,337.00,1,-1,-1,-1
5,8957,1360.00,428.00,171.00,337.00,1,-1,-1,-1
6,8957,1360.00,428.00,171.00,337.00,1,-1,-1,-1
7,8957,1360.00,428.00,171.00,337.00,1,-1,-1,-1
8,8957,1360.00,428.00,171.00,337.00,1,-1,-1,-1
9,8957,1360.00,428.00,171.00,337.00,1,-1,-1,-1
10,8957,1360.00,428.00,171.00,337.00,1,-1,-1,-1
11,8957,1360.00,428.00,171.00,337.00,1,-1,-1,-1
12,8957,1360.00,428.00,171.00,337.00,1,-1,-1,-1
12,8958,1472.00,430.00,138.00,347.00,1,-1,-1,-1
13,8958,1472.00,430.00,138.00,347.00,1,-1,-1,-1
14,8958,1472.00,430.00,138.00,347.00,1,-1,-1,-1
15,8958,1472.00,430.00,138.00,347.00,1,-1,-1,-1
16,8958,1472.00,430.00,138.00,347.00,1,-1,-1,-1
17,8958,1472.00,430.00,138.00,347.00,1,-1,-1,-1
18,8958,1472.00,430.00,138.00,347.00,1,-1,-1,-1
19,8958,1472.00,430.00,138.00,347.00,1,-1,-1,-1
20,8958,1472.00,430.00,138.00,347.00,1,-1,-1,-1
21,8958,1472.00,430.00,138.00,347.00,1,-1,-1,-1
22,8958,1472.00,430.00,138.00,347.00,1,-1,-1,-1
23,8957,1504.73,425.07,189.04,373.12,1,-1,-1,-1
23,8958,1472.00,430.00,138.00,347.00,1,-1,-1,-1
24,8957,1510.17,424.96,189.49,374.45,1,-1,-1,-1
25,8957,1512.13,424.93,189.55,374.92,1,-1,-1,-1
26,8957,1512.67,424.92,189.47,375.04,1,-1,-1,-1
27,8957,1512.67,424.92,189.35,375.02,1,-1,-1,-1
28,8957,1512.46,424.92,189.22,374.96,1,-1,-1,-1
29,8957,1512.20,424.93,189.10,374.88,1,-1,-1,-1
30,8957,1511.93,424.93,188.99,374.80,1,-1,-1,-1
31,8957,1511.67,424.94,188.89,374.73,1,-1,-1,-1
32,8957,1511.42,424.95,188.80,374.66,1,-1,-1,-1
33,8957,1511.20,424.95,188.72,374.60,1,-1,-1,-1
34,8957,1515.05,424.87,189.21,375.56,1,-1,-1,-1
34,8958,1637.13,380.21,181.62,441.69,1,-1,-1,-1
35,8958,1641.24,378.32,187.64,445.30,1,-1,-1,-1
36,8958,1641.65,377.67,191.73,446.54,1,-1,-1,-1
37,8958,1640.77,377.50,194.75,446.86,1,-1,-1,-1
38,8958,1639.54,377.51,197.12,446.83,1,-1,-1,-1
39,8958,1638.27,377.59,199.05,446.68,1,-1,-1,-1
40,8958,1637.08,377.69,200.67,446.49,1,-1,-1,-1
41,8958,1636.00,377.80,202.05,446.29,1,-1,-1,-1
42,8958,1635.02,377.90,203.24,446.10,1,-1,-1,-1
43,8958,1634.14,377.99,204.28,445.91,1,-1,-1,-1
44,8958,1633.34,378.08,205.19,445.74,1,-1,-1,-1
45,8958,1638.17,376.63,206.46,448.51,1,-1,-1,-1
67,8959,521.00,419.00,170.00,326.00,1,-1,-1,-1
68,8959,521.00,419.00,170.00,326.00,1,-1,-1,-1
69,8959,521.00,419.00,170.00,326.00,1,-1,-1,-1
70,8959,521.00,419.00,170.00,326.00,1,-1,-1,-1
71,8959,521.00,419.00,170.00,326.00,1,-1,-1,-1
72,8959,521.00,419.00,170.00,326.00,1,-1,-1,-1
73,8959,521.00,419.00,170.00,326.00,1,-1,-1,-1
74,8959,521.00,419.00,170.00,326.00,1,-1,-1,-1
75,8959,521.00,419.00,170.00,326.00,1,-1,-1,-1
76,8959,521.00,419.00,170.00,326.00,1,-1,-1,-1
77,8959,521.00,419.00,170.00,326.00,1,-1,-1,-1
78,8959,528.36,426.31,169.91,323.34,1,-1,-1,-1
79,8959,530.74,429.05,170.61,322.35,1,-1,-1,-1
80,8959,531.25,430.04,171.56,321.99,1,-1,-1,-1
81,8959,531.08,430.37,172.57,321.87,1,-1,-1,-1
82,8959,530.68,430.46,173.56,321.83,1,-1,-1,-1
83,8959,530.22,430.46,174.48,321.83,1,-1,-1,-1
84,8959,529.76,430.43,175.34,321.84,1,-1,-1,-1
85,8959,529.33,430.40,176.13,321.86,1,-1,-1,-1
86,8959,528.93,430.36,176.85,321.87,1,-1,-1,-1
87,8959,528.57,430.32,177.51,321.88,1,-1,-1,-1
88,8959,528.23,430.29,178.11,321.89,1,-1,-1,-1
89,8959,533.16,432.88,175.39,319.94,1,-1,-1,-1
90,8959,535.44,433.84,173.50,319.21,1,-1,-1,-1
91,8959,536.67,434.19,172.01,318.94,1,-1,-1,-1
92,8959,537.46,434.29,170.73,318.85,1,-1,-1,-1
93,8959,538.06,434.31,169.61,318.83,1,-1,-1,-1
94,8959,538.55,434.30,168.60,318.84,1,-1,-1,-1
95,8959,538.98,434.28,167.69,318.85,1,-1,-1,-1
96,8959,539.37,434.25,166.87,318.86,1,-1,-1,-1
97,8959,539.71,434.23,166.12,318.87,1,-1,-1,-1
98,8959,540.02,434.21,165.45,318.88,1,-1,-1,-1
99,8959,540.31,434.19,164.83,318.90,1,-1,-1,-1
100,8959,540.71,434.49,164.75,318.73,1,-1,-1,-1
122,8959,543.02,447.95,182.90,357.66,1,-1,-1,-1
123,8959,543.64,448.18,182.06,358.44,1,-1,-1,-1
124,8959,544.06,448.26,181.34,358.70,1,-1,-1,-1
125,8959,544.37,448.28,180.74,358.76,1,-1,-1,-1
126,8959,544.60,448.26,180.25,358.73,1,-1,-1,-1
127,8959,544.79,448.25,179.84,358.68,1,-1,-1,-1
128,8959,544.94,448.22,179.50,358.62,1,-1,-1,-1
129,8959,545.07,448.20,179.21,358.57,1,-1,-1,-1
130,8959,545.18,448.18,178.96,358.51,1,-1,-1,-1
131,8959,545.27,448.17,178.75,358.47,1,-1,-1,-1
132,8959,545.35,448.15,178.56,358.42,1,-1,-1,-1
133,8959,552.29,463.14,174.43,348.60,1,-1,-1,-1
134,8959,554.77,468.85,173.20,344.82,1,-1,-1,-1
135,8959,555.50,470.93,173.08,343.42,1,-1,-1,-1
136,8959,555.59,471.65,173.34,342.91,1,-1,-1,-1
137,8959,555.47,471.86,173.71,342.75,1,-1,-1,-1
138,8959,555.28,471.88,174.10,342.70,1,-1,-1,-1
139,8959,555.07,471.83,174.47,342.71,1,-1,-1,-1
140,8959,554.88,471.77,174.81,342.73,1,-1,-1,-1
141,8959,554.70,471.70,175.12,342.75,1,-1,-1,-1
142,8959,554.54,471.63,175.40,342.77,1,-1,-1,-1
143,8959,554.39,471.57,175.65,342.79,1,-1,-1,-1
144,8959,554.82,472.49,175.47,342.46,1,-1,-1,-1
155,8959,521.40,463.53,207.38,406.13,1,-1,-1,-1
156,8959,520.33,463.12,208.12,408.62,1,-1,-1,-1
157,8959,520.06,462.97,208.16,409.50,1,-1,-1,-1
158,8959,520.09,462.91,207.96,409.73,1,-1,-1,-1
159,8959,520.22,462.90,207.70,409.73,1,-1,-1,-1
160,8959,520.37,462.90,207.43,409.64,1,-1,-1,-1
161,8959,520.53,462.90,207.18,409.52,1,-1,-1,-1
162,8959,520.67,462.91,206.96,409.39,1,-1,-1,-1
163,8959,520.80,462.92,206.77,409.27,1,-1,-1,-1
164,8959,520.91,462.93,206.59,409.16,1,-1,-1,-1
165,8959,521.02,462.93,206.43,409.05,1,-1,-1,-1
166,8959,518.28,462.94,211.95,424.56,1,-1,-1,-1
167,8959,517.89,462.94,212.78,430.36,1,-1,-1,-1
168,8959,518.30,462.95,211.99,432.53,1,-1,-1,-1
169,8959,518.97,462.95,210.69,433.26,1,-1,-1,-1
170,8959,519.68,462.96,209.30,433.45,1,-1,-1,-1
171,8959,520.37,462.96,207.96,433.43,1,-1,-1,-1
172,8959,521.00,462.96,206.72,433.35,1,-1,-1,-1
173,8959,521.58,462.97,205.59,433.24,1,-1,-1,-1
174,8959,522.10,462.97,204.57,433.13,1,-1,-1,-1
175,8959,522.57,462.97,203.65,433.03,1,-1,-1,-1
176,8959,523.00,462.98,202.82,432.94,1,-1,-1,-1
177,8959,535.51,457.77,201.90,432.20,1,-1,-1,-1
178,8959,540.43,455.79,201.23,431.87,1,-1,-1,-1
179,8959,542.41,455.06,200.69,431.70,1,-1,-1,-1
180,8959,543.25,454.80,200.22,431.60,1,-1,-1,-1
181,8959,543.65,454.72,199.81,431.54,1,-1,-1,-1
182,8959,543.87,454.71,199.45,431.48,1,-1,-1,-1
183,8959,544.01,454.72,199.11,431.43,1,-1,-1,-1
184,8959,544.12,454.74,198.81,431.39,1,-1,-1,-1
185,8959,544.21,454.77,198.54,431.35,1,-1,-1,-1
186,8959,544.29,454.79,198.30,431.32,1,-1,-1,-1
187,8959,544.36,454.81,198.08,431.29,1,-1,-1,-1
188,8959,602.89,450.26,207.55,459.98,1,-1,-1,-1
188,8960,943.00,403.00,145.00,356.00,1,-1,-1,-1
189,8959,625.71,448.57,208.92,470.64,1,-1,-1,-1
189,8960,943.00,403.00,145.00,356.00,1,-1,-1,-1
190,8959,635.44,447.93,207.61,474.74,1,-1,-1,-1
190,8960,943.00,403.00,145.00,356.00,1,-1,-1,-1
191,8959,639.81,447.70,205.42,476.22,1,-1,-1,-1
191,8960,943.00,403.00,145.00,356.00,1,-1,-1,-1
192,8959,642.02,447.64,203.04,476.67,1,-1,-1,-1
192,8960,943.00,403.00,145.00,356.00,1,-1,-1,-1
193,8959,643.33,447.64,200.74,476.74,1,-1,-1,-1
193,8960,943.00,403.00,145.00,356.00,1,-1,-1,-1
194,8959,644.25,447.66,198.60,476.67,1,-1,-1,-1
194,8960,943.00,403.00,145.00,356.00,1,-1,-1,-1
195,8959,644.98,447.68,196.64,476.55,1,-1,-1,-1
195,8960,943.00,403.00,145.00,356.00,1,-1,-1,-1
196,8959,645.59,447.71,194.87,476.42,1,-1,-1,-1
196,8960,943.00,403.00,145.00,356.00,1,-1,-1,-1
197,8959,646.13,447.74,193.26,476.30,1,-1,-1,-1
197,8960,943.00,403.00,145.00,356.00,1,-1,-1,-1
198,8959,646.61,447.76,191.80,476.18,1,-1,-1,-1
198,8960,943.00,403.00,145.00,356.00,1,-1,-1,-1
199,8959,656.69,460.15,182.89,449.39,1,-1,-1,-1
199,8960,934.96,395.03,151.12,371.95,1,-1,-1,-1
200,8959,659.94,464.96,180.31,438.93,1,-1,-1,-1
200,8960,932.10,392.08,153.15,377.83,1,-1,-1,-1
201,8959,660.58,466.69,180.25,435.14,1,-1,-1,-1
201,8960,931.13,390.98,153.71,380.04,1,-1,-1,-1
202,8959,660.29,467.29,181.04,433.79,1,-1,-1,-1
202,8960,930.90,390.60,153.70,380.80,1,-1,-1,-1
203,8959,659.70,467.48,182.07,433.34,1,-1,-1,-1
203,8960,930.94,390.49,153.48,381.02,1,-1,-1,-1
204,8959,659.04,467.52,183.13,433.22,1,-1,-1,-1
204,8960,931.07,390.48,153.21,381.03,1,-1,-1,-1
205,8959,658.39,467.50,184.13,433.23,1,-1,-1,-1
205,8960,931.23,390.51,152.94,380.97,1,-1,-1,-1
206,8959,657.79,467.46,185.05,433.28,1,-1,-1,-1
206,8960,931.38,390.55,152.67,380.89,1,-1,-1,-1
207,8959,657.24,467.42,185.90,433.35,1,-1,-1,-1
207,8960,931.53,390.59,152.43,380.81,1,-1,-1,-1
208,8959,656.74,467.38,186.67,433.41,1,-1,-1,-1
208,8960,931.67,390.63,152.20,380.74,1,-1,-1,-1
209,8959,656.29,467.34,187.36,433.46,1,-1,-1,-1
209,8960,931.79,390.67,152.00,380.67,1,-1,-1,-1
210,8959,658.09,454.87,196.66,456.42,1,-1,-1,-1
210,8960,947.11,388.74,156.00,390.39,1,-1,-1,-1
211,8959,658.91,450.23,199.76,464.97,1,-1,-1,-1
211,8960,952.85,388.03,157.56,394.03,1,-1,-1,-1
212,8959,659.33,448.44,200.65,468.27,1,-1,-1,-1
212,8960,955.00,387.78,158.19,395.37,1,-1,-1,-1
213,8959,659.57,447.78,200.69,469.47,1,-1,-1,-1
213,8960,955.76,387.70,158.46,395.81,1,-1,-1,-1
214,8959,659.74,447.56,200.43,469.87,1,-1,-1,-1
214,8960,955.98,387.69,158.59,395.92,1,-1,-1,-1
215,8959,659.88,447.51,200.08,469.96,1,-1,-1,-1
215,8960,956.00,387.71,158.66,395.91,1,-1,-1,-1
216,8959,659.99,447.52,199.72,469.94,1,-1,-1,-1
216,8960,955.95,387.73,158.70,395.85,1,-1,-1,-1
217,8959,660.09,447.55,199.37,469.88,1,-1,-1,-1
217,8960,955.88,387.75,158.73,395.78,1,-1,-1,-1
218,8959,660.19,447.58,199.05,469.81,1,-1,-1,-1
218,8960,955.80,387.77,158.76,395.71,1,-1,-1,-1
219,8959,660.27,447.62,198.76,469.74,1,-1,-1,-1
219,8960,955.73,387.80,158.78,395.65,1,-1,-1,-1
220,8959,660.34,447.65,198.49,469.67,1,-1,-1,-1
220,8960,955.66,387.81,158.80,395.59,1,-1,-1,-1
221,8959,670.17,458.76,189.15,440.94,1,-1,-1,-1
221,8960,951.23,389.14,160.39,411.18,1,-1,-1,-1
221,8961,1085.00,393.00,128.00,402.00,1,-1,-1,-1
222,8959,673.27,463.09,186.83,429.77,1,-1,-1,-1
222,8960,950.86,389.64,158.36,417.01,1,-1,-1,-1
222,8961,1085.00,393.00,128.00,402.00,1,-1,-1,-1
223,8959,673.70,464.64,187.31,425.77,1,-1,-1,-1
223,8960,951.84,389.84,155.29,419.20,1,-1,-1,-1
223,8961,1085.00,393.00,128.00,402.00,1,-1,-1,-1
224,8959,673.21,465.19,188.69,424.37,1,-1,-1,-1
224,8960,953.25,389.92,152.03,419.96,1,-1,-1,-1
224,8961,1085.00,393.00,128.00,402.00,1,-1,-1,-1
225,8959,672.44,465.36,190.30,423.94,1,-1,-1,-1
225,8960,954.72,389.95,148.89,420.17,1,-1,-1,-1
225,8961,1085.00,393.00,128.00,402.00,1,-1,-1,-1
226,8959,671.62,465.40,191.90,423.85,1,-1,-1,-1
226,8960,956.13,389.96,145.99,420.18,1,-1,-1,-1
226,8961,1085.00,393.00,128.00,402.00,1,-1,-1,-1
227,8959,670.83,465.39,193.40,423.90,1,-1,-1,-1
227,8960,957.44,389.97,143.34,420.12,1,-1,-1,-1
227,8961,1085.00,393.00,128.00,402.00,1,-1,-1,-1
228,8959,670.09,465.36,194.77,423.98,1,-1,-1,-1
228,8960,958.63,389.98,140.93,420.03,1,-1,-1,-1
228,8961,1085.00,393.00,128.00,402.00,1,-1,-1,-1
229,8959,669.42,465.33,196.03,424.07,1,-1,-1,-1
229,8960,959.71,389.98,138.74,419.94,1,-1,-1,-1
229,8961,1085.00,393.00,128.00,402.00,1,-1,-1,-1
230,8959,668.81,465.30,197.16,424.16,1,-1,-1,-1
230,8960,960.69,389.98,136.77,419.86,1,-1,-1,-1
230,8961,1085.00,393.00,128.00,402.00,1,-1,-1,-1
231,8959,668.26,465.27,198.19,424.24,1,-1,-1,-1
231,8960,961.58,389.98,134.98,419.78,1,-1,-1,-1
231,8961,1085.00,393.00,128.00,402.00,1,-1,-1,-1
232,8959,669.11,465.70,197.62,423.01,1,-1,-1,-1
232,8960,961.48,389.96,135.38,421.02,1,-1,-1,-1
232,8961,1096.06,397.65,129.80,398.68,1,-1,-1,-1
232,8962,786.00,423.00,206.00,500.00,1,-1,-1,-1
233,8961,1099.39,399.39,132.10,397.43,1,-1,-1,-1
233,8962,786.00,423.00,206.00,500.00,1,-1,-1,-1
234,8961,1099.81,400.02,134.50,396.98,1,-1,-1,-1
234,8962,786.00,423.00,206.00,500.00,1,-1,-1,-1
235,8961,1099.20,400.24,136.82,396.83,1,-1,-1,-1
235,8962,786.00,423.00,206.00,500.00,1,-1,-1,-1
236,8961,1098.24,400.29,139.02,396.79,1,-1,-1,-1
236,8962,786.00,423.00,206.00,500.00,1,-1,-1,-1
237,8961,1097.22,400.29,141.06,396.79,1,-1,-1,-1
237,8962,786.00,423.00,206.00,500.00,1,-1,-1,-1
238,8961,1096.23,400.28,142.95,396.80,1,-1,-1,-1
238,8962,786.00,423.00,206.00,500.00,1,-1,-1,-1
239,8961,1095.30,400.25,144.68,396.82,1,-1,-1,-1
239,8962,786.00,423.00,206.00,500.00,1,-1,-1,-1
240,8961,1094.45,400.23,146.27,396.84,1,-1,-1,-1
240,8962,786.00,423.00,206.00,500.00,1,-1,-1,-1
241,8961,1093.66,400.21,147.73,396.85,1,-1,-1,-1
241,8962,786.00,423.00,206.00,500.00,1,-1,-1,-1
242,8961,1092.95,400.19,149.06,396.87,1,-1,-1,-1
242,8962,786.00,423.00,206.00,500.00,1,-1,-1,-1
243,8961,1093.76,400.48,148.98,396.65,1,-1,-1,-1
243,8962,788.19,462.20,209.60,500.66,1,-1,-1,-1
244,8962,788.05,476.84,212.86,500.91,1,-1,-1,-1
245,8962,787.08,482.18,215.87,501.00,1,-1,-1,-1
246,8962,785.87,483.99,218.66,501.03,1,-1,-1,-1
247,8962,784.63,484.48,221.25,501.04,1,-1,-1,-1
248,8962,783.43,484.49,223.64,501.04,1,-1,-1,-1
249,8962,782.32,484.33,225.84,501.04,1,-1,-1,-1
250,8962,781.29,484.13,227.86,501.04,1,-1,-1,-1
251,8962,780.34,483.93,229.71,501.03,1,-1,-1,-1
252,8962,779.48,483.75,231.40,501.03,1,-1,-1,-1
253,8962,778.69,483.58,232.94,501.03,1,-1,-1,-1
254,8959,904.66,425.36,205.44,460.54,1,-1,-1,-1
254,8961,1234.90,456.54,143.01,356.06,1,-1,-1,-1
254,8962,790.49,448.76,221.08,483.37,1,-1,-1,-1
255,8959,912.06,424.55,199.75,461.35,1,-1,-1,-1
255,8961,1236.76,458.55,149.21,354.60,1,-1,-1,-1
255,8962,795.90,435.34,214.72,476.62,1,-1,-1,-1
256,8959,915.60,424.28,195.70,461.63,1,-1,-1,-1
256,8961,1236.06,459.28,154.20,354.07,1,-1,-1,-1
256,8962,798.73,430.43,210.66,474.18,1,-1,-1,-1
257,8959,917.40,424.22,192.66,461.69,1,-1,-1,-1
257,8961,1234.45,459.46,158.30,353.95,1,-1,-1,-1
257,8962,800.53,428.67,207.59,473.34,1,-1,-1,-1
258,8959,918.40,424.25,190.30,461.67,1,-1,-1,-1
258,8961,1232.65,459.42,161.70,353.97,1,-1,-1,-1
258,8962,801.88,428.09,205.05,473.09,1,-1,-1,-1
259,8959,919.02,424.30,188.41,461.62,1,-1,-1,-1
259,8961,1230.96,459.31,164.56,354.05,1,-1,-1,-1
259,8962,802.99,427.94,202.83,473.06,1,-1,-1,-1
260,8959,919.43,424.36,186.86,461.57,1,-1,-1,-1
260,8961,1229.44,459.19,166.99,354.14,1,-1,-1,-1
260,8962,803.96,427.96,200.84,473.11,1,-1,-1,-1
261,8959,919.73,424.42,185.57,461.52,1,-1,-1,-1
261,8961,1228.11,459.07,169.08,354.22,1,-1,-1,-1
261,8962,804.82,428.03,199.06,473.18,1,-1,-1,-1
262,8959,919.95,424.47,184.47,461.47,1,-1,-1,-1
262,8961,1226.93,458.96,170.89,354.30,1,-1,-1,-1
262,8962,805.59,428.11,197.44,473.25,1,-1,-1,-1
263,8959,920.12,424.52,183.53,461.43,1,-1,-1,-1
263,8961,1225.90,458.87,172.48,354.37,1,-1,-1,-1
263,8962,806.29,428.19,195.98,473.32,1,-1,-1,-1
264,8959,920.26,424.57,182.72,461.39,1,-1,-1,-1
264,8961,1224.99,458.78,173.87,354.43,1,-1,-1,-1
264,8962,806.93,428.27,194.65,473.39,1,-1,-1,-1
265,8959,925.29,428.52,199.54,507.01,1,-1,-1,-1
265,8961,1228.33,460.04,173.42,353.52,1,-1,-1,-1
265,8962,799.78,432.92,204.32,504.86,1,-1,-1,-1
266,8959,927.51,429.98,205.04,523.84,1,-1,-1,-1
266,8962,798.08,434.65,206.01,516.52,1,-1,-1,-1
267,8959,928.53,430.58,206.61,530.44,1,-1,-1,-1
267,8962,798.21,435.36,205.05,521.05,1,-1,-1,-1
268,8959,929.05,430.82,206.65,532.85,1,-1,-1,-1
268,8962,799.00,435.65,203.19,522.71,1,-1,-1,-1
269,8959,929.37,430.92,206.14,533.61,1,-1,-1,-1
269,8962,799.98,435.77,201.12,523.26,1,-1,-1,-1
270,8959,929.59,430.95,205.48,533.74,1,-1,-1,-1
270,8962,800.97,435.83,199.10,523.38,1,-1,-1,-1
271,8959,929.77,430.97,204.80,533.64,1,-1,-1,-1
271,8962,801.90,435.86,197.22,523.35,1,-1,-1,-1
272,8959,929.91,430.98,204.15,533.46,1,-1,-1,-1
272,8962,802.76,435.88,195.50,523.26,1,-1,-1,-1
273,8959,930.04,430.98,203.56,533.26,1,-1,-1,-1
273,8962,803.54,435.89,193.94,523.16,1,-1,-1,-1
274,8959,930.15,430.98,203.02,533.06,1,-1,-1,-1
274,8962,804.25,435.90,192.51,523.06,1,-1,-1,-1
275,8959,930.24,430.99,202.53,532.88,1,-1,-1,-1
275,8962,804.89,435.91,191.23,522.96,1,-1,-1,-1
276,8959,941.05,431.64,191.68,495.02,1,-1,-1,-1
276,8961,1379.68,436.00,183.18,380.03,1,-1,-1,-1
276,8962,804.62,435.77,191.79,524.50,1,-1,-1,-1
276,8963,1488.00,441.00,142.00,345.00,1,-1,-1,-1
277,8959,944.34,431.89,189.01,480.11,1,-1,-1,-1
277,8961,1386.22,435.01,181.33,381.10,1,-1,-1,-1
277,8963,1488.00,441.00,142.00,345.00,1,-1,-1,-1
278,8959,944.65,431.98,189.67,474.75,1,-1,-1,-1
278,8961,1388.99,434.66,179.70,381.47,1,-1,-1,-1
278,8963,1488.00,441.00,142.00,345.00,1,-1,-1,-1
279,8959,943.94,432.01,191.39,472.84,1,-1,-1,-1
279,8961,1390.15,434.55,178.34,381.58,1,-1,-1,-1
279,8963,1488.00,441.00,142.00,345.00,1,-1,-1,-1
280,8959,942.94,432.02,193.38,472.20,1,-1,-1,-1
280,8961,1390.62,434.54,177.19,381.58,1,-1,-1,-1
280,8963,1488.00,441.00,142.00,345.00,1,-1,-1,-1
281,8959,941.88,432.03,195.34,472.03,1,-1,-1,-1
281,8961,1390.80,434.56,176.22,381.55,1,-1,-1,-1
281,8963,1488.00,441.00,142.00,345.00,1,-1,-1,-1
282,8959,940.87,432.03,197.17,472.03,1,-1,-1,-1
282,8961,1390.85,434.59,175.40,381.51,1,-1,-1,-1
282,8963,1488.00,441.00,142.00,345.00,1,-1,-1,-1
283,8959,939.94,432.02,198.86,472.09,1,-1,-1,-1
283,8961,1390.85,434.63,174.69,381.46,1,-1,-1,-1
283,8963,1488.00,441.00,142.00,345.00,1,-1,-1,-1
284,8959,939.09,432.02,200.39,472.17,1,-1,-1,-1
284,8961,1390.82,434.66,174.08,381.42,1,-1,-1,-1
284,8963,1488.00,441.00,142.00,345.00,1,-1,-1,-1
285,8959,938.31,432.02,201.78,472.25,1,-1,-1,-1
285,8961,1390.77,434.69,173.54,381.38,1,-1,-1,-1
285,8963,1488.00,441.00,142.00,345.00,1,-1,-1,-1
286,8959,937.62,432.02,203.03,472.32,1,-1,-1,-1
286,8961,1390.72,434.72,173.07,381.35,1,-1,-1,-1
286,8963,1488.00,441.00,142.00,345.00,1,-1,-1,-1
287,8959,927.70,428.74,209.64,493.34,1,-1,-1,-1
287,8961,1395.02,434.28,173.33,381.90,1,-1,-1,-1
287,8962,812.95,457.29,186.75,508.02,1,-1,-1,-1
287,8963,1479.63,447.64,154.75,376.23,1,-1,-1,-1
288,8959,924.68,427.52,210.73,501.19,1,-1,-1,-1
288,8962,812.96,458.14,187.17,507.19,1,-1,-1,-1
288,8963,1476.61,450.07,159.33,387.62,1,-1,-1,-1
289,8959,924.09,427.06,209.97,504.21,1,-1,-1,-1
289,8962,812.81,458.44,187.63,506.92,1,-1,-1,-1
289,8963,1475.48,451.00,161.04,392.01,1,-1,-1,-1
290,8959,924.40,426.89,208.58,505.32,1,-1,-1,-1
290,8962,812.63,458.52,188.04,506.83,1,-1,-1,-1
290,8963,1475.10,451.33,161.59,393.57,1,-1,-1,-1
291,8959,925.02,426.84,207.06,505.69,1,-1,-1,-1
291,8962,812.45,458.52,188.40,506.81,1,-1,-1,-1
291,8963,1475.02,451.43,161.69,394.02,1,-1,-1,-1
292,8959,925.70,426.83,205.59,505.78,1,-1,-1,-1
292,8962,812.29,458.48,188.70,506.82,1,-1,-1,-1
292,8963,1475.05,451.44,161.63,394.06,1,-1,-1,-1
293,8959,926.37,426.83,204.21,505.77,1,-1,-1,-1
293,8962,812.14,458.44,188.96,506.83,1,-1,-1,-1
293,8963,1475.12,451.41,161.52,393.95,1,-1,-1,-1
294,8959,926.99,426.85,202.96,505.72,1,-1,-1,-1
294,8962,812.02,458.40,189.18,506.85,1,-1,-1,-1
294,8963,1475.19,451.38,161.39,393.80,1,-1,-1,-1
295,8959,927.57,426.86,201.81,505.66,1,-1,-1,-1
295,8962,811.91,458.36,189.38,506.86,1,-1,-1,-1
295,8963,1475.26,451.35,161.26,393.64,1,-1,-1,-1
296,8959,928.09,426.87,200.78,505.60,1,-1,-1,-1
296,8962,811.82,458.33,189.55,506.87,1,-1,-1,-1
296,8963,1475.33,451.32,161.15,393.49,1,-1,-1,-1
297,8959,928.56,426.88,199.84,505.55,1,-1,-1,-1
297,8962,811.73,458.29,189.70,506.89,1,-1,-1,-1
297,8963,1475.39,451.29,161.04,393.35,1,-1,-1,-1
298,8959,930.56,432.11,195.18,495.07,1,-1,-1,-1
298,8961,1575.16,432.90,199.14,429.77,1,-1,-1,-1
298,8962,811.90,458.77,189.63,506.70,1,-1,-1,-1
298,8963,1474.82,451.75,161.92,395.50,1,-1,-1,-1
299,8959,931.47,434.11,193.12,491.03,1,-1,-1,-1
299,8961,1580.42,432.88,202.95,431.59,1,-1,-1,-1
300,8959,931.93,434.85,192.11,489.53,1,-1,-1,-1
300,8961,1581.66,432.88,205.51,432.23,1,-1,-1,-1
301,8959,932.21,435.11,191.52,488.98,1,-1,-1,-1
301,8961,1581.36,432.88,207.37,432.40,1,-1,-1,-1
302,8959,932.42,435.20,191.10,488.80,1,-1,-1,-1
302,8961,1580.53,432.89,208.80,432.38,1,-1,-1,-1
303,8959,932.58,435.21,190.77,488.74,1,-1,-1,-1
303,8961,1579.59,432.90,209.95,432.30,1,-1,-1,-1
304,8959,932.73,435.21,190.49,488.74,1,-1,-1,-1
304,8961,1578.67,432.91,210.91,432.20,1,-1,-1,-1
305,8959,932.85,435.19,190.24,488.75,1,-1,-1,-1
305,8961,1577.82,432.92,211.72,432.10,1,-1,-1,-1
306,8959,932.97,435.18,190.02,488.77,1,-1,-1,-1
306,8961,1577.05,432.92,212.41,432.00,1,-1,-1,-1
307,8959,933.07,435.16,189.82,488.79,1,-1,-1,-1
307,8961,1576.36,432.93,213.01,431.91,1,-1,-1,-1
308,8959,933.16,435.14,189.64,488.81,1,-1,-1,-1
308,8961,1575.74,432.94,213.54,431.82,1,-1,-1,-1
309,8959,929.50,429.25,204.80,538.50,1,-1,-1,-1
309,8961,1607.43,410.15,226.99,457.79,1,-1,-1,-1
310,8959,929.40,427.08,207.89,556.76,1,-1,-1,-1
310,8961,1619.04,401.65,232.34,467.47,1,-1,-1,-1
311,8959,930.39,426.22,207.06,563.96,1,-1,-1,-1
311,8961,1623.21,398.36,234.67,471.17,1,-1,-1,-1
312,8959,931.71,425.90,204.82,566.61,1,-1,-1,-1
312,8961,1624.44,397.17,235.76,472.48,1,-1,-1,-1
313,8959,933.08,425.79,202.22,567.47,1,-1,-1,-1
313,8961,1624.56,396.80,236.34,472.86,1,-1,-1,-1
314,8959,934.38,425.76,199.65,567.64,1,-1,-1,-1
314,8961,1624.29,396.73,236.71,472.89,1,-1,-1,-1
315,8959,935.58,425.76,197.25,567.56,1,-1,-1,-1
315,8961,1623.89,396.78,236.98,472.79,1,-1,-1,-1
316,8959,936.67,425.78,195.03,567.39,1,-1,-1,-1
316,8961,1623.47,396.87,237.20,472.66,1,-1,-1,-1
317,8959,937.66,425.80,193.02,567.20,1,-1,-1,-1
317,8961,1623.07,396.96,237.39,472.52,1,-1,-1,-1
318,8959,938.56,425.81,191.19,567.01,1,-1,-1,-1
318,8961,1622.70,397.05,237.55,472.38,1,-1,-1,-1
319,8959,939.37,425.83,189.54,566.83,1,-1,-1,-1
319,8961,1622.35,397.14,237.70,472.26,1,-1,-1,-1
320,8959,939.12,425.56,190.50,569.75,1,-1,-1,-1
320,8961,1626.15,395.76,238.71,474.26,1,-1,-1,-1
320,8962,1074.81,433.28,194.22,522.84,1,-1,-1,-1
321,8962,1080.18,432.76,193.46,523.16,1,-1,-1,-1
322,8962,1082.23,432.58,192.89,523.27,1,-1,-1,-1
323,8962,1082.79,432.54,192.46,523.30,1,-1,-1,-1
324,8962,1082.77,432.55,192.11,523.29,1,-1,-1,-1
325,8962,1082.53,432.59,191.84,523.27,1,-1,-1,-1
326,8962,1082.24,432.62,191.61,523.24,1,-1,-1,-1
327,8962,1081.95,432.66,191.42,523.22,1,-1,-1,-1
328,8962,1081.68,432.69,191.26,523.20,1,-1,-1,-1
329,8962,1081.42,432.72,191.12,523.18,1,-1,-1,-1
330,8962,1081.19,432.75,191.00,523.16,1,-1,-1,-1
331,8959,859.43,453.99,165.22,468.29,1,-1,-1,-1
331,8962,1086.13,434.73,196.28,527.72,1,-1,-1,-1
331,8964,113.00,387.00,209.00,438.00,1,-1,-1,-1
332,8959,853.45,455.13,170.03,463.89,1,-1,-1,-1
332,8962,1086.95,435.49,200.11,529.43,1,-1,-1,-1
332,8964,113.00,387.00,209.00,438.00,1,-1,-1,-1
333,8959,850.02,455.52,174.36,462.45,1,-1,-1,-1
333,8962,1086.32,435.79,203.17,530.06,1,-1,-1,-1
333,8964,113.00,387.00,209.00,438.00,1,-1,-1,-1
334,8959,847.85,455.62,178.07,462.06,1,-1,-1,-1
334,8962,1085.22,435.90,205.75,530.28,1,-1,-1,-1
334,8964,113.00,387.00,209.00,438.00,1,-1,-1,-1
335,8959,846.33,455.61,181.22,462.08,1,-1,-1,-1
335,8962,1084.04,435.95,208.00,530.34,1,-1,-1,-1
335,8964,113.00,387.00,209.00,438.00,1,-1,-1,-1
336,8959,845.16,455.56,183.89,462.23,1,-1,-1,-1
336,8962,1082.91,435.97,210.00,530.34,1,-1,-1,-1
336,8964,113.00,387.00,209.00,438.00,1,-1,-1,-1
337,8959,844.21,455.50,186.18,462.40,1,-1,-1,-1
337,8962,1081.86,435.98,211.77,530.32,1,-1,-1,-1
337,8964,113.00,387.00,209.00,438.00,1,-1,-1,-1
338,8959,843.41,455.45,188.14,462.57,1,-1,-1,-1
338,8962,1080.91,435.98,213.36,530.29,1,-1,-1,-1
338,8964,113.00,387.00,209.00,438.00,1,-1,-1,-1
339,8959,842.72,455.40,189.84,462.72,1,-1,-1,-1
339,8962,1080.05,435.98,214.78,530.27,1,-1,-1,-1
339,8964,113.00,387.00,209.00,438.00,1,-1,-1,-1
340,8959,842.12,455.36,191.32,462.86,1,-1,-1,-1
340,8962,1079.27,435.99,216.06,530.24,1,-1,-1,-1
340,8964,113.00,387.00,209.00,438.00,1,-1,-1,-1
341,8959,841.60,455.32,192.63,462.98,1,-1,-1,-1
341,8962,1078.57,435.99,217.22,530.22,1,-1,-1,-1
341,8964,113.00,387.00,209.00,438.00,1,-1,-1,-1
342,8959,841.18,452.00,193.69,465.71,1,-1,-1,-1
342,8962,1081.04,447.09,218.57,524.98,1,-1,-1,-1
342,8964,113.00,387.00,209.00,438.00,1,-1,-1,-1
342,8965,234.00,399.00,217.00,430.00,1,-1,-1,-1
343,8959,841.08,450.74,194.07,466.78,1,-1,-1,-1
343,8962,1081.02,451.30,220.88,522.97,1,-1,-1,-1
343,8965,234.00,399.00,217.00,430.00,1,-1,-1,-1
344,8959,841.11,450.26,194.20,467.23,1,-1,-1,-1
344,8962,1080.12,452.85,223.40,522.23,1,-1,-1,-1
344,8964,219.94,397.17,206.91,431.22,1,-1,-1,-1
345,8959,841.17,450.08,194.22,467.43,1,-1,-1,-1
345,8962,1078.98,453.40,225.85,521.95,1,-1,-1,-1
345,8964,236.13,398.75,207.43,430.17,1,-1,-1,-1
346,8959,841.24,450.01,194.22,467.54,1,-1,-1,-1
346,8962,1077.82,453.56,228.12,521.86,1,-1,-1,-1
346,8964,241.29,399.28,208.19,429.82,1,-1,-1,-1
347,8959,841.32,449.99,194.20,467.60,1,-1,-1,-1
347,8962,1076.71,453.59,230.20,521.84,1,-1,-1,-1
347,8964,242.63,399.44,208.97,429.70,1,-1,-1,-1
348,8959,841.38,449.98,194.18,467.65,1,-1,-1,-1
348,8962,1075.70,453.56,232.08,521.84,1,-1,-1,-1
348,8964,242.56,399.47,209.72,429.69,1,-1,-1,-1
349,8959,841.44,449.98,194.16,467.68,1,-1,-1,-1
349,8962,1074.78,453.52,233.79,521.85,1,-1,-1,-1
349,8964,242.01,399.45,210.41,429.70,1,-1,-1,-1
350,8959,841.50,449.98,194.14,467.71,1,-1,-1,-1
350,8962,1073.94,453.47,235.34,521.86,1,-1,-1,-1
350,8964,241.33,399.42,211.03,429.72,1,-1,-1,-1
351,8959,841.55,449.98,194.12,467.74,1,-1,-1,-1
351,8962,1073.18,453.43,236.74,521.88,1,-1,-1,-1
351,8964,240.65,399.38,211.60,429.75,1,-1,-1,-1
352,8959,841.59,449.98,194.11,467.77,1,-1,-1,-1
352,8962,1072.50,453.39,238.01,521.89,1,-1,-1,-1
352,8964,240.02,399.34,212.12,429.77,1,-1,-1,-1
353,8959,841.11,449.95,193.95,467.39,1,-1,-1,-1
353,8962,1071.95,450.09,231.81,508.18,1,-1,-1,-1
353,8964,245.87,399.90,211.93,429.40,1,-1,-1,-1
354,8962,1071.70,448.80,229.48,502.96,1,-1,-1,-1
355,8962,1071.57,448.32,228.66,501.07,1,-1,-1,-1
356,8962,1071.49,448.13,228.40,500.41,1,-1,-1,-1
357,8962,1071.44,448.06,228.35,500.22,1,-1,-1,-1
358,8962,1071.39,448.03,228.37,500.21,1,-1,-1,-1
359,8962,1071.35,448.02,228.42,500.25,1,-1,-1,-1
360,8962,1071.31,448.01,228.47,500.31,1,-1,-1,-1
361,8962,1071.28,448.01,228.52,500.37,1,-1,-1,-1
362,8962,1071.25,448.01,228.57,500.43,1,-1,-1,-1
363,8962,1071.23,448.01,228.61,500.48,1,-1,-1,-1
364,8962,1068.22,436.24,229.38,512.96,1,-1,-1,-1
364,8964,371.42,393.35,197.16,405.54,1,-1,-1,-1
365,8962,1068.44,431.82,226.98,517.65,1,-1,-1,-1
365,8964,376.46,393.05,194.56,404.70,1,-1,-1,-1
366,8962,1069.72,430.16,223.67,519.45,1,-1,-1,-1
366,8964,378.79,392.95,192.74,404.40,1,-1,-1,-1
367,8962,1071.30,429.57,220.25,520.11,1,-1,-1,-1
367,8964,379.76,392.92,191.37,404.33,1,-1,-1,-1
368,8962,1072.89,429.39,216.99,520.33,1,-1,-1,-1
368,8964,380.15,392.91,190.29,404.34,1,-1,-1,-1
369,8962,1074.38,429.36,213.98,520.39,1,-1,-1,-1
369,8964,380.30,392.92,189.41,404.39,1,-1,-1,-1
370,8962,1075.76,429.39,211.23,520.39,1,-1,-1,-1
370,8964,380.35,392.92,188.67,404.45,1,-1,-1,-1
371,8962,1077.02,429.43,208.74,520.36,1,-1,-1,-1
371,8964,380.36,392.93,188.04,404.50,1,-1,-1,-1
372,8962,1078.16,429.48,206.48,520.34,1,-1,-1,-1
372,8964,380.35,392.94,187.50,404.55,1,-1,-1,-1
373,8962,1079.19,429.53,204.43,520.31,1,-1,-1,-1
373,8964,380.33,392.94,187.02,404.59,1,-1,-1,-1
374,8962,1080.12,429.57,202.58,520.28,1,-1,-1,-1
374,8964,380.31,392.95,186.60,404.63,1,-1,-1,-1
375,8959,948.71,446.03,192.69,469.92,1,-1,-1,-1
375,8962,1079.90,428.89,202.75,520.72,1,-1,-1,-1
375,8964,383.84,392.86,186.33,404.04,1,-1,-1,-1
375,8966,122.00,438.00,197.00,379.00,1,-1,-1,-1
376,8959,951.44,445.96,191.34,470.00,1,-1,-1,-1
376,8966,122.00,438.00,197.00,379.00,1,-1,-1,-1
377,8959,952.64,445.93,190.41,470.03,1,-1,-1,-1
377,8966,122.00,438.00,197.00,379.00,1,-1,-1,-1
378,8959,953.13,445.93,189.71,470.03,1,-1,-1,-1
378,8966,122.00,438.00,197.00,379.00,1,-1,-1,-1
379,8959,953.32,445.93,189.18,470.03,1,-1,-1,-1
379,8966,122.00,438.00,197.00,379.00,1,-1,-1,-1
380,8959,953.38,445.93,188.75,470.03,1,-1,-1,-1
380,8966,122.00,438.00,197.00,379.00,1,-1,-1,-1
381,8959,953.40,445.94,188.40,470.03,1,-1,-1,-1
381,8966,122.00,438.00,197.00,379.00,1,-1,-1,-1
382,8959,953.39,445.95,188.11,470.03,1,-1,-1,-1
382,8966,122.00,438.00,197.00,379.00,1,-1,-1,-1
383,8959,953.37,445.95,187.86,470.02,1,-1,-1,-1
383,8966,122.00,438.00,197.00,379.00,1,-1,-1,-1
384,8959,953.35,445.96,187.65,470.02,1,-1,-1,-1
384,8966,122.00,438.00,197.00,379.00,1,-1,-1,-1
385,8959,953.32,445.96,187.47,470.02,1,-1,-1,-1
385,8966,122.00,438.00,197.00,379.00,1,-1,-1,-1
386,8959,955.02,445.90,187.47,470.05,1,-1,-1,-1
386,8964,530.06,427.04,154.79,340.56,1,-1,-1,-1
386,8966,122.00,438.00,197.00,379.00,1,-1,-1,-1
387,8964,535.63,428.28,152.16,338.35,1,-1,-1,-1
388,8964,538.05,428.72,150.57,337.55,1,-1,-1,-1
389,8964,538.93,428.82,149.51,337.36,1,-1,-1,-1
390,8964,539.17,428.80,148.75,337.41,1,-1,-1,-1
391,8964,539.17,428.74,148.15,337.54,1,-1,-1,-1
392,8964,539.10,428.67,147.66,337.68,1,-1,-1,-1
393,8964,539.00,428.60,147.25,337.82,1,-1,-1,-1
394,8964,538.91,428.54,146.90,337.94,1,-1,-1,-1
395,8964,538.82,428.48,146.59,338.05,1,-1,-1,-1
396,8964,538.74,428.43,146.32,338.15,1,-1,-1,-1
397,8959,1056.28,435.28,215.99,528.37,1,-1,-1,-1
397,8964,542.11,429.13,145.72,336.77,1,-1,-1,-1
397,8967,133.00,412.00,142.00,370.00,1,-1,-1,-1
398,8959,1058.22,434.87,220.74,530.61,1,-1,-1,-1
398,8967,133.00,412.00,142.00,370.00,1,-1,-1,-1
399,8959,1058.12,434.73,223.97,531.40,1,-1,-1,-1
399,8967,133.00,412.00,142.00,370.00,1,-1,-1,-1
400,8959,1057.31,434.70,226.33,531.61,1,-1,-1,-1
400,8967,133.00,412.00,142.00,370.00,1,-1,-1,-1
401,8959,1056.34,434.70,228.17,531.60,1,-1,-1,-1
401,8967,133.00,412.00,142.00,370.00,1,-1,-1,-1
402,8959,1055.39,434.72,229.65,531.51,1,-1,-1,-1
402,8967,133.00,412.00,142.00,370.00,1,-1,-1,-1
403,8959,1054.52,434.74,230.88,531.39,1,-1,-1,-1
403,8967,133.00,412.00,142.00,370.00,1,-1,-1,-1
404,8959,1053.75,434.76,231.92,531.27,1,-1,-1,-1
404,8967,133.00,412.00,142.00,370.00,1,-1,-1,-1
405,8959,1053.06,434.78,232.81,531.16,1,-1,-1,-1
405,8967,133.00,412.00,142.00,370.00,1,-1,-1,-1
406,8959,1052.45,434.80,233.59,531.05,1,-1,-1,-1
406,8967,133.00,412.00,142.00,370.00,1,-1,-1,-1
407,8959,1051.90,434.82,234.26,530.95,1,-1,-1,-1
407,8967,133.00,412.00,142.00,370.00,1,-1,-1,-1
408,8959,1054.82,434.54,234.93,532.48,1,-1,-1,-1
408,8967,133.00,412.00,142.00,370.00,1,-1,-1,-1
430,8967,411.80,421.93,129.62,325.31,1,-1,-1,-1
431,8967,414.97,422.10,132.36,324.57,1,-1,-1,-1
432,8967,415.77,422.16,134.37,324.27,1,-1,-1,-1
433,8967,415.31,422.17,135.93,324.22,1,-1,-1,-1
434,8967,414.44,422.16,137.18,324.26,1,-1,-1,-1
435,8967,413.52,422.15,138.18,324.33,1,-1,-1,-1
436,8967,412.68,422.13,139.02,324.40,1,-1,-1,-1
437,8967,411.94,422.12,139.72,324.46,1,-1,-1,-1
438,8967,411.29,422.11,140.32,324.52,1,-1,-1,-1
439,8967,410.73,422.10,140.83,324.57,1,-1,-1,-1
440,8967,410.23,422.09,141.27,324.61,1,-1,-1,-1
441,8967,414.18,422.23,141.00,323.99,1,-1,-1,-1
441,8968,1005.00,324.00,450.00,691.00,1,-1,-1,-1
442,8968,1005.00,324.00,450.00,691.00,1,-1,-1,-1
443,8968,1005.00,324.00,450.00,691.00,1,-1,-1,-1
444,8968,1005.00,324.00,450.00,691.00,1,-1,-1,-1
445,8968,1005.00,324.00,450.00,691.00,1,-1,-1,-1
446,8968,1005.00,324.00,450.00,691.00,1,-1,-1,-1
447,8968,1005.00,324.00,450.00,691.00,1,-1,-1,-1
448,8968,1005.00,324.00,450.00,691.00,1,-1,-1,-1
449,8968,1005.00,324.00,450.00,691.00,1,-1,-1,-1
450,8968,1005.00,324.00,450.00,691.00,1,-1,-1,-1
451,8968,1005.00,324.00,450.00,691.00,1,-1,-1,-1
452,8968,1005.00,324.00,450.00,691.00,1,-1,-1,-1
452,8969,543.00,363.00,499.00,661.00,1,-1,-1,-1
453,8969,543.00,363.00,499.00,661.00,1,-1,-1,-1
454,8969,543.00,363.00,499.00,661.00,1,-1,-1,-1
455,8969,543.00,363.00,499.00,661.00,1,-1,-1,-1
456,8969,543.00,363.00,499.00,661.00,1,-1,-1,-1
457,8969,543.00,363.00,499.00,661.00,1,-1,-1,-1
458,8969,543.00,363.00,499.00,661.00,1,-1,-1,-1
459,8969,543.00,363.00,499.00,661.00,1,-1,-1,-1
460,8969,543.00,363.00,499.00,661.00,1,-1,-1,-1
461,8969,543.00,363.00,499.00,661.00,1,-1,-1,-1
462,8969,543.00,363.00,499.00,661.00,1,-1,-1,-1
463,8969,543.00,363.00,499.00,661.00,1,-1,-1,-1
463,8970,164.00,343.00,482.00,651.00,1,-1,-1,-1
464,8970,164.00,343.00,482.00,651.00,1,-1,-1,-1
465,8970,164.00,343.00,482.00,651.00,1,-1,-1,-1
466,8970,164.00,343.00,482.00,651.00,1,-1,-1,-1
467,8970,164.00,343.00,482.00,651.00,1,-1,-1,-1
468,8970,164.00,343.00,482.00,651.00,1,-1,-1,-1
469,8970,164.00,343.00,482.00,651.00,1,-1,-1,-1
470,8970,164.00,343.00,482.00,651.00,1,-1,-1,-1
471,8970,164.00,343.00,482.00,651.00,1,-1,-1,-1
472,8970,164.00,343.00,482.00,651.00,1,-1,-1,-1
473,8970,164.00,343.00,482.00,651.00,1,-1,-1,-1
474,8970,164.00,343.00,482.00,651.00,1,-1,-1,-1
