1,24718,320.75,110.47,73.99,225.55,1,-1,-1,-1
1,24724,82.77,127.67,85.70,220.43,1,-1,-1,-1
1,24729,160.49,158.33,55.71,176.95,1,-1,-1,-1
1,24732,363.75,107.24,107.24,279.84,1,-1,-1,-1
1,24734,250.00,188.00,54.00,120.00,1,-1,-1,-1
1,24735,60.00,202.00,44.00,130.00,1,-1,-1,-1
2,24734,249.58,188.00,53.13,118.29,1,-1,-1,-1
2,24735,59.16,203.71,43.96,130.00,1,-1,-1,-1
2,24736,292.00,192.00,38.00,110.00,1,-1,-1,-1
2,24737,176.00,196.00,22.00,114.00,1,-1,-1,-1
3,24734,251.93,192.53,49.65,110.45,1,-1,-1,-1
3,24735,60.33,211.51,41.35,122.49,1,-1,-1,-1
3,24736,291.78,193.71,36.72,106.57,1,-1,-1,-1
3,24737,176.28,197.71,21.43,110.57,1,-1,-1,-1
3,24738,38.00,202.00,46.00,136.00,1,-1,-1,-1
4,24734,253.49,194.02,48.49,107.91,1,-1,-1,-1
4,24735,41.66,203.37,44.98,133.76,1,-1,-1,-1
4,24736,293.61,192.48,37.35,109.04,1,-1,-1,-1
4,24737,175.48,196.48,21.51,110.00,1,-1,-1,-1
5,24734,255.75,195.88,47.55,105.79,1,-1,-1,-1
5,24735,34.96,199.41,47.91,142.88,1,-1,-1,-1
5,24736,294.16,192.24,37.51,109.51,1,-1,-1,-1
5,24737,172.57,194.57,22.36,112.85,1,-1,-1,-1
6,24734,256.42,196.41,47.32,105.24,1,-1,-1,-1
6,24735,32.81,197.98,48.86,146.17,1,-1,-1,-1
6,24737,171.50,193.95,22.88,113.82,1,-1,-1,-1
7,24734,256.58,196.52,47.31,105.16,1,-1,-1,-1
7,24735,32.37,197.52,49.05,147.22,1,-1,-1,-1
7,24737,171.05,193.77,23.32,114.13,1,-1,-1,-1
8,24734,256.58,196.50,47.36,105.22,1,-1,-1,-1
8,24735,32.50,197.41,48.96,147.46,1,-1,-1,-1
8,24737,170.81,193.74,23.73,114.21,1,-1,-1,-1
9,24734,256.53,196.45,47.42,105.31,1,-1,-1,-1
9,24735,32.79,197.42,48.77,147.41,1,-1,-1,-1
9,24737,170.62,193.76,24.13,114.22,1,-1,-1,-1
10,24734,262.25,195.04,48.13,108.11,1,-1,-1,-1
10,24735,29.44,196.43,49.56,149.81,1,-1,-1,-1
10,24736,308.27,195.85,36.79,108.12,1,-1,-1,-1
10,24737,170.04,193.33,24.22,114.61,1,-1,-1,-1
10,24739,218.00,208.00,20.00,80.00,1,-1,-1,-1
11,24734,264.27,191.85,49.80,113.15,1,-1,-1,-1
11,24736,309.63,196.06,35.67,105.18,1,-1,-1,-1
12,24734,265.17,190.64,50.08,115.04,1,-1,-1,-1
12,24736,310.11,196.13,35.25,104.26,1,-1,-1,-1
13,24734,265.62,190.18,49.86,115.77,1,-1,-1,-1
13,24736,310.25,196.15,35.04,103.94,1,-1,-1,-1
14,24734,265.89,190.01,49.47,116.03,1,-1,-1,-1
14,24736,310.28,196.14,34.91,103.84,1,-1,-1,-1
15,24734,266.10,189.95,49.04,116.13,1,-1,-1,-1
15,24736,310.26,196.13,34.82,103.82,1,-1,-1,-1
16,24734,266.27,189.93,48.61,116.15,1,-1,-1,-1
16,24736,310.23,196.12,34.74,103.82,1,-1,-1,-1
17,24734,266.42,189.93,48.20,116.15,1,-1,-1,-1
17,24736,310.20,196.10,34.67,103.83,1,-1,-1,-1
18,24734,266.56,189.93,47.82,116.14,1,-1,-1,-1
18,24736,310.17,196.09,34.61,103.85,1,-1,-1,-1
19,24734,267.28,189.82,47.92,116.37,1,-1,-1,-1
19,24736,312.58,193.45,37.59,114.39,1,-1,-1,-1
19,24737,112.07,162.82,38.69,176.22,1,-1,-1,-1
19,24740,88.00,172.00,50.00,162.00,1,-1,-1,-1
19,24741,370.00,214.00,24.00,66.00,1,-1,-1,-1
20,24736,314.89,193.75,37.09,115.72,1,-1,-1,-1
20,24737,98.68,168.55,39.29,168.36,1,-1,-1,-1
20,24741,368.59,214.00,23.39,64.29,1,-1,-1,-1
21,24736,317.50,190.01,37.30,117.50,1,-1,-1,-1
21,24737,89.09,161.16,43.50,183.51,1,-1,-1,-1
22,24736,318.57,188.57,37.19,118.16,1,-1,-1,-1
22,24737,85.28,158.38,45.44,189.21,1,-1,-1,-1
23,24736,319.03,188.03,36.96,118.39,1,-1,-1,-1
23,24737,83.76,157.31,46.46,191.40,1,-1,-1,-1
24,24736,319.25,187.84,36.71,118.45,1,-1,-1,-1
24,24737,83.17,156.95,47.07,192.14,1,-1,-1,-1
25,24736,319.37,187.78,36.47,118.44,1,-1,-1,-1
25,24737,82.97,156.87,47.49,192.31,1,-1,-1,-1
26,24736,319.45,187.77,36.24,118.41,1,-1,-1,-1
26,24737,82.92,156.89,47.81,192.27,1,-1,-1,-1
27,24736,319.51,187.78,36.03,118.38,1,-1,-1,-1
27,24737,82.94,156.95,48.06,192.14,1,-1,-1,-1
28,24736,320.26,187.42,36.21,118.99,1,-1,-1,-1
28,24737,79.32,155.29,48.91,195.54,1,-1,-1,-1
28,24742,2.00,140.00,82.00,226.00,1,-1,-1,-1
28,24743,162.00,200.00,34.00,108.00,1,-1,-1,-1
29,24735,144.03,195.74,37.14,111.23,1,-1,-1,-1
29,24736,320.93,186.25,36.23,119.91,1,-1,-1,-1
29,24742,-0.59,138.29,83.75,231.14,1,-1,-1,-1
30,24734,264.89,180.24,52.72,133.57,1,-1,-1,-1
30,24735,146.46,197.58,36.16,108.32,1,-1,-1,-1
30,24736,322.02,185.94,35.88,120.18,1,-1,-1,-1
30,24737,18.37,138.95,57.91,224.89,1,-1,-1,-1
31,24734,266.65,179.88,51.69,135.54,1,-1,-1,-1
31,24735,147.08,197.88,36.65,110.46,1,-1,-1,-1
31,24736,321.49,183.23,37.58,126.79,1,-1,-1,-1
31,24737,11.03,136.37,59.20,229.87,1,-1,-1,-1
32,24734,267.66,179.75,50.55,136.25,1,-1,-1,-1
32,24735,147.23,197.99,36.74,111.22,1,-1,-1,-1
32,24736,321.36,182.22,38.06,129.24,1,-1,-1,-1
33,24734,268.34,179.71,49.52,136.48,1,-1,-1,-1
33,24735,147.13,198.02,36.71,111.55,1,-1,-1,-1
33,24736,321.35,181.85,38.11,130.17,1,-1,-1,-1
34,24734,268.84,179.72,48.63,136.54,1,-1,-1,-1
34,24735,146.98,198.03,36.65,111.70,1,-1,-1,-1
34,24736,321.39,181.72,38.00,130.49,1,-1,-1,-1
35,24734,269.23,179.73,47.86,136.53,1,-1,-1,-1
35,24735,146.84,198.03,36.59,111.77,1,-1,-1,-1
35,24736,321.44,181.69,37.84,130.58,1,-1,-1,-1
36,24734,269.56,179.75,47.20,136.50,1,-1,-1,-1
36,24735,146.73,198.03,36.52,111.81,1,-1,-1,-1
36,24736,321.49,181.70,37.68,130.58,1,-1,-1,-1
37,24734,266.25,186.26,44.72,127.38,1,-1,-1,-1
37,24735,148.38,198.07,36.43,111.53,1,-1,-1,-1
37,24736,317.07,185.61,37.40,129.25,1,-1,-1,-1
37,24744,118.00,198.00,36.00,116.00,1,-1,-1,-1
38,24734,264.81,188.81,44.02,123.79,1,-1,-1,-1
38,24735,124.29,198.03,37.33,114.97,1,-1,-1,-1
38,24736,315.33,187.12,37.33,128.71,1,-1,-1,-1
39,24734,265.13,187.08,43.44,121.16,1,-1,-1,-1
39,24735,123.13,198.06,37.37,115.09,1,-1,-1,-1
39,24736,318.18,191.60,34.20,118.06,1,-1,-1,-1
40,24734,265.16,186.43,43.40,120.20,1,-1,-1,-1
40,24736,319.31,193.35,32.94,113.88,1,-1,-1,-1
41,24734,265.10,186.18,43.55,119.86,1,-1,-1,-1
41,24736,319.72,193.96,32.47,112.39,1,-1,-1,-1
42,24734,265.01,186.09,43.75,119.76,1,-1,-1,-1
42,24736,319.88,194.17,32.29,111.87,1,-1,-1,-1
43,24734,264.92,186.05,43.96,119.74,1,-1,-1,-1
43,24736,319.94,194.23,32.21,111.70,1,-1,-1,-1
44,24734,264.83,186.03,44.15,119.75,1,-1,-1,-1
44,24736,319.96,194.23,32.17,111.67,1,-1,-1,-1
45,24734,264.75,186.03,44.33,119.76,1,-1,-1,-1
45,24736,319.97,194.22,32.15,111.68,1,-1,-1,-1
46,24734,264.69,186.06,44.19,119.38,1,-1,-1,-1
46,24736,320.13,194.59,31.99,111.12,1,-1,-1,-1
55,24734,269.49,187.94,42.64,119.86,1,-1,-1,-1
55,24736,311.99,184.46,38.40,131.15,1,-1,-1,-1
56,24734,270.32,188.03,41.37,119.91,1,-1,-1,-1
56,24736,311.38,183.98,39.17,132.08,1,-1,-1,-1
57,24734,270.89,188.05,40.36,119.93,1,-1,-1,-1
57,24736,311.06,183.81,39.66,132.41,1,-1,-1,-1
58,24734,271.32,188.06,39.54,119.94,1,-1,-1,-1
58,24736,310.86,183.76,40.00,132.51,1,-1,-1,-1
59,24734,271.66,188.06,38.87,119.95,1,-1,-1,-1
59,24736,310.73,183.75,40.27,132.52,1,-1,-1,-1
60,24734,271.94,188.06,38.30,119.95,1,-1,-1,-1
60,24736,310.63,183.77,40.48,132.49,1,-1,-1,-1
61,24734,272.17,188.05,37.82,119.96,1,-1,-1,-1
61,24736,310.55,183.78,40.66,132.46,1,-1,-1,-1
62,24734,272.37,188.05,37.40,119.96,1,-1,-1,-1
62,24736,310.48,183.80,40.81,132.42,1,-1,-1,-1
63,24734,272.55,188.04,37.04,119.96,1,-1,-1,-1
63,24736,310.43,183.82,40.94,132.39,1,-1,-1,-1
64,24734,280.51,185.43,39.39,123.89,1,-1,-1,-1
64,24736,312.60,185.13,40.50,131.05,1,-1,-1,-1
65,24734,283.94,187.02,39.37,122.78,1,-1,-1,-1
65,24736,315.09,186.95,39.64,127.92,1,-1,-1,-1
66,24734,285.51,187.65,38.81,119.72,1,-1,-1,-1
66,24736,317.84,190.27,38.34,122.76,1,-1,-1,-1
67,24734,286.69,187.69,38.78,119.62,1,-1,-1,-1
67,24736,318.80,191.52,37.98,120.82,1,-1,-1,-1
68,24736,319.07,191.97,37.99,120.11,1,-1,-1,-1
69,24736,319.10,192.13,38.11,119.87,1,-1,-1,-1
70,24736,319.04,192.17,38.27,119.79,1,-1,-1,-1
71,24736,318.96,192.18,38.42,119.78,1,-1,-1,-1
72,24736,318.87,192.17,38.57,119.79,1,-1,-1,-1
73,24734,289.00,191.75,40.50,119.94,1,-1,-1,-1
73,24736,327.05,192.16,39.24,122.43,1,-1,-1,-1
73,24745,128.00,218.00,22.00,52.00,1,-1,-1,-1
74,24734,289.92,193.39,41.62,121.34,1,-1,-1,-1
74,24736,331.43,196.04,38.13,119.52,1,-1,-1,-1
74,24745,127.16,218.00,21.96,52.00,1,-1,-1,-1
75,24734,290.08,193.93,42.30,121.80,1,-1,-1,-1
75,24736,333.12,197.53,37.62,118.40,1,-1,-1,-1
75,24745,127.05,218.00,21.90,52.00,1,-1,-1,-1
76,24734,289.99,194.13,42.80,121.97,1,-1,-1,-1
76,24736,333.75,198.07,37.34,118.00,1,-1,-1,-1
76,24745,127.05,218.00,21.83,52.00,1,-1,-1,-1
77,24734,289.83,194.19,43.19,122.03,1,-1,-1,-1
77,24736,333.99,198.25,37.17,117.86,1,-1,-1,-1
77,24745,127.08,218.00,21.75,52.00,1,-1,-1,-1
78,24734,289.66,194.20,43.51,122.05,1,-1,-1,-1
78,24736,334.07,198.30,37.04,117.82,1,-1,-1,-1
78,24745,127.13,218.00,21.66,52.00,1,-1,-1,-1
79,24734,289.49,194.19,43.78,122.05,1,-1,-1,-1
79,24736,334.09,198.30,36.94,117.82,1,-1,-1,-1
79,24745,127.19,218.00,21.56,52.00,1,-1,-1,-1
80,24734,289.34,194.17,44.02,122.05,1,-1,-1,-1
80,24736,334.09,198.28,36.85,117.83,1,-1,-1,-1
80,24745,127.24,218.00,21.46,52.00,1,-1,-1,-1
81,24734,289.21,194.16,44.22,122.05,1,-1,-1,-1
81,24736,334.08,198.25,36.76,117.84,1,-1,-1,-1
81,24745,127.30,218.00,21.36,52.00,1,-1,-1,-1
82,24734,296.16,194.14,44.63,120.74,1,-1,-1,-1
82,24736,350.07,198.23,34.81,110.00,1,-1,-1,-1
82,24745,127.70,216.66,21.90,53.34,1,-1,-1,-1
82,24746,408.00,202.00,38.00,102.00,1,-1,-1,-1
83,24734,298.30,192.82,47.04,125.48,1,-1,-1,-1
83,24736,356.72,196.85,37.02,116.41,1,-1,-1,-1
83,24745,128.94,216.16,22.57,55.16,1,-1,-1,-1
83,24746,405.97,200.29,38.62,103.71,1,-1,-1,-1
83,24747,222.00,224.00,24.00,58.00,1,-1,-1,-1
84,24734,298.90,192.32,48.30,127.24,1,-1,-1,-1
84,24736,359.00,196.37,37.91,118.65,1,-1,-1,-1
84,24745,129.43,215.98,22.77,55.84,1,-1,-1,-1
84,24746,405.65,200.00,38.71,104.00,1,-1,-1,-1
84,24747,222.00,224.00,24.00,58.00,1,-1,-1,-1
85,24734,298.94,192.13,49.09,127.91,1,-1,-1,-1
85,24736,359.74,196.18,38.34,119.52,1,-1,-1,-1
85,24745,129.63,215.92,22.81,56.08,1,-1,-1,-1
85,24746,405.57,199.93,38.71,104.07,1,-1,-1,-1
85,24747,222.00,224.00,24.00,58.00,1,-1,-1,-1
86,24734,298.77,192.05,49.66,128.15,1,-1,-1,-1
86,24736,359.89,196.10,38.60,119.86,1,-1,-1,-1
86,24745,129.72,215.90,22.77,56.16,1,-1,-1,-1
86,24746,405.58,199.92,38.68,104.08,1,-1,-1,-1
86,24747,222.00,224.00,24.00,58.00,1,-1,-1,-1
87,24734,298.55,192.02,50.12,128.23,1,-1,-1,-1
87,24736,359.83,196.07,38.77,119.99,1,-1,-1,-1
87,24745,129.76,215.91,22.72,56.18,1,-1,-1,-1
87,24746,405.60,199.93,38.65,104.07,1,-1,-1,-1
87,24747,222.00,224.00,24.00,58.00,1,-1,-1,-1
88,24734,298.32,192.01,50.51,128.24,1,-1,-1,-1
88,24736,359.70,196.05,38.90,120.03,1,-1,-1,-1
88,24745,129.79,215.91,22.66,56.18,1,-1,-1,-1
88,24746,405.63,199.94,38.61,104.06,1,-1,-1,-1
88,24747,222.00,224.00,24.00,58.00,1,-1,-1,-1
89,24734,298.11,192.01,50.86,128.23,1,-1,-1,-1
89,24736,359.56,196.04,39.01,120.05,1,-1,-1,-1
89,24745,129.81,215.92,22.60,56.16,1,-1,-1,-1
89,24746,405.66,199.95,38.56,104.05,1,-1,-1,-1
89,24747,222.00,224.00,24.00,58.00,1,-1,-1,-1
90,24734,297.91,192.00,51.16,128.22,1,-1,-1,-1
90,24736,359.42,196.04,39.11,120.05,1,-1,-1,-1
90,24745,129.83,215.93,22.55,56.15,1,-1,-1,-1
90,24746,405.69,199.95,38.52,104.05,1,-1,-1,-1
90,24747,222.00,224.00,24.00,58.00,1,-1,-1,-1
91,24734,297.84,188.10,52.51,130.80,1,-1,-1,-1
91,24736,361.57,186.90,43.75,134.39,1,-1,-1,-1
91,24745,129.95,215.81,22.64,56.39,1,-1,-1,-1
91,24746,409.91,193.25,42.19,114.77,1,-1,-1,-1
91,24747,222.00,224.00,24.00,58.00,1,-1,-1,-1
92,24734,297.60,184.04,54.70,135.65,1,-1,-1,-1
92,24736,362.38,183.56,45.45,139.65,1,-1,-1,-1
92,24745,123.70,215.93,22.50,56.15,1,-1,-1,-1
92,24746,412.67,193.39,42.31,116.09,1,-1,-1,-1
93,24734,297.43,182.50,55.67,137.49,1,-1,-1,-1
93,24736,362.65,182.22,46.11,141.75,1,-1,-1,-1
93,24745,122.29,215.94,22.44,56.11,1,-1,-1,-1
93,24746,413.86,193.50,42.13,116.54,1,-1,-1,-1
94,24734,297.28,181.92,56.15,138.17,1,-1,-1,-1
94,24736,362.71,181.72,46.34,142.52,1,-1,-1,-1
94,24745,121.81,215.95,22.40,56.10,1,-1,-1,-1
94,24746,414.39,193.57,41.85,116.66,1,-1,-1,-1
95,24734,297.15,181.72,56.43,138.40,1,-1,-1,-1
95,24736,362.69,181.56,46.41,142.77,1,-1,-1,-1
95,24745,121.65,215.96,22.36,56.09,1,-1,-1,-1
95,24746,414.66,193.62,41.54,116.66,1,-1,-1,-1
96,24734,297.04,181.66,56.62,138.46,1,-1,-1,-1
96,24736,362.65,181.52,46.41,142.82,1,-1,-1,-1
96,24745,121.62,215.96,22.32,56.08,1,-1,-1,-1
96,24746,414.82,193.67,41.24,116.62,1,-1,-1,-1
97,24734,296.94,181.66,56.77,138.46,1,-1,-1,-1
97,24736,362.60,181.54,46.38,142.79,1,-1,-1,-1
97,24745,121.63,215.96,22.29,56.07,1,-1,-1,-1
97,24746,414.94,193.70,40.95,116.57,1,-1,-1,-1
98,24734,296.85,181.68,56.89,138.43,1,-1,-1,-1
98,24736,362.55,181.57,46.36,142.74,1,-1,-1,-1
98,24745,121.65,215.97,22.26,56.07,1,-1,-1,-1
98,24746,415.04,193.73,40.69,116.51,1,-1,-1,-1
99,24734,296.77,181.70,57.00,138.40,1,-1,-1,-1
99,24736,362.50,181.60,46.33,142.68,1,-1,-1,-1
99,24745,121.68,215.97,22.24,56.06,1,-1,-1,-1
99,24746,415.13,193.76,40.44,116.46,1,-1,-1,-1
100,24734,303.65,181.73,53.59,130.56,1,-1,-1,-1
100,24736,365.93,184.23,43.25,132.26,1,-1,-1,-1
100,24745,121.34,215.92,22.28,56.16,1,-1,-1,-1
100,24746,415.56,193.37,40.70,117.20,1,-1,-1,-1
101,24734,306.35,181.76,52.17,127.50,1,-1,-1,-1
101,24736,367.14,185.29,42.17,128.12,1,-1,-1,-1
102,24734,307.35,181.79,51.56,126.38,1,-1,-1,-1
102,24736,367.48,185.68,41.92,126.62,1,-1,-1,-1
103,24734,307.73,181.81,51.26,125.98,1,-1,-1,-1
103,24736,367.51,185.83,41.96,126.08,1,-1,-1,-1
104,24734,307.87,181.83,51.09,125.84,1,-1,-1,-1
104,24736,367.43,185.89,42.09,125.89,1,-1,-1,-1
105,24734,307.93,181.84,50.96,125.81,1,-1,-1,-1
105,24736,367.32,185.92,42.25,125.83,1,-1,-1,-1
106,24734,307.95,181.86,50.86,125.81,1,-1,-1,-1
106,24736,367.20,185.94,42.41,125.82,1,-1,-1,-1
107,24734,307.96,181.87,50.78,125.82,1,-1,-1,-1
107,24736,367.08,185.95,42.56,125.83,1,-1,-1,-1
108,24734,307.96,181.89,50.71,125.83,1,-1,-1,-1
108,24736,366.98,185.95,42.69,125.84,1,-1,-1,-1
109,24734,297.44,187.14,49.42,120.61,1,-1,-1,-1
109,24736,358.07,182.03,44.71,131.10,1,-1,-1,-1
109,24747,160.19,198.23,38.59,93.69,1,-1,-1,-1
110,24734,293.11,186.49,49.51,121.29,1,-1,-1,-1
110,24736,352.83,176.70,46.73,136.93,1,-1,-1,-1
110,24745,87.35,198.57,36.89,94.72,1,-1,-1,-1
110,24747,150.69,198.75,38.47,95.75,1,-1,-1,-1
110,24748,202.00,214.00,20.00,76.00,1,-1,-1,-1
111,24734,296.49,183.62,51.48,126.81,1,-1,-1,-1
111,24736,352.46,177.21,46.77,136.61,1,-1,-1,-1
111,24745,84.76,200.10,37.38,97.61,1,-1,-1,-1
111,24747,145.50,196.61,39.29,101.51,1,-1,-1,-1
112,24734,297.84,182.55,52.06,128.87,1,-1,-1,-1
112,24736,352.31,177.46,46.85,136.45,1,-1,-1,-1
112,24745,83.83,200.90,37.32,98.77,1,-1,-1,-1
112,24747,143.79,195.77,38.99,103.78,1,-1,-1,-1
113,24734,298.45,182.14,52.14,129.67,1,-1,-1,-1
113,24736,352.24,177.57,46.95,136.37,1,-1,-1,-1
113,24745,83.62,201.25,37.07,99.17,1,-1,-1,-1
113,24747,143.44,195.47,38.37,104.64,1,-1,-1,-1
114,24734,298.75,181.98,52.04,129.97,1,-1,-1,-1
114,24736,352.20,177.64,47.04,136.32,1,-1,-1,-1
114,24745,83.68,201.42,36.78,99.27,1,-1,-1,-1
114,24747,143.59,195.38,37.71,104.93,1,-1,-1,-1
115,24734,298.93,181.93,51.89,130.07,1,-1,-1,-1
115,24736,352.17,177.68,47.13,136.29,1,-1,-1,-1
115,24745,83.82,201.50,36.50,99.26,1,-1,-1,-1
115,24747,143.91,195.38,37.08,104.99,1,-1,-1,-1
116,24734,299.06,181.92,51.73,130.11,1,-1,-1,-1
116,24736,352.15,177.71,47.22,136.26,1,-1,-1,-1
116,24745,83.99,201.55,36.24,99.20,1,-1,-1,-1
116,24747,144.25,195.41,36.53,104.97,1,-1,-1,-1
117,24734,299.16,181.92,51.57,130.11,1,-1,-1,-1
117,24736,352.13,177.74,47.29,136.23,1,-1,-1,-1
117,24745,84.16,201.59,36.02,99.12,1,-1,-1,-1
117,24747,144.59,195.44,36.05,104.92,1,-1,-1,-1
118,24734,299.04,181.77,51.65,130.31,1,-1,-1,-1
118,24736,351.72,177.33,47.42,136.60,1,-1,-1,-1
118,24745,82.54,200.96,36.65,100.88,1,-1,-1,-1
118,24747,142.15,194.56,36.55,106.38,1,-1,-1,-1
118,24749,40.00,186.00,44.00,120.00,1,-1,-1,-1
118,24750,238.00,202.00,32.00,100.00,1,-1,-1,-1
118,24751,508.00,190.00,46.00,122.00,1,-1,-1,-1
118,24752,116.00,184.00,42.00,126.00,1,-1,-1,-1
119,24747,121.44,186.39,41.61,121.52,1,-1,-1,-1
119,24749,40.00,186.00,44.00,120.00,1,-1,-1,-1
119,24750,238.00,202.00,32.00,100.00,1,-1,-1,-1
119,24751,508.00,190.00,46.00,122.00,1,-1,-1,-1
120,24734,291.43,186.91,50.38,128.45,1,-1,-1,-1
120,24747,110.20,183.12,46.25,135.27,1,-1,-1,-1
120,24750,233.38,199.00,35.24,110.51,1,-1,-1,-1
121,24734,287.91,185.03,52.04,133.58,1,-1,-1,-1
121,24736,339.13,182.99,47.14,136.22,1,-1,-1,-1
121,24747,96.72,183.07,49.14,143.07,1,-1,-1,-1
121,24750,223.55,196.59,37.40,118.24,1,-1,-1,-1
121,24753,14.00,188.00,44.00,138.00,1,-1,-1,-1
121,24754,148.00,216.00,30.00,104.00,1,-1,-1,-1
122,24734,286.81,184.40,52.40,135.31,1,-1,-1,-1
122,24736,337.64,183.72,47.00,136.15,1,-1,-1,-1
122,24747,91.22,183.10,50.40,146.19,1,-1,-1,-1
122,24750,220.07,195.74,37.89,120.93,1,-1,-1,-1
122,24753,14.00,188.00,44.00,138.00,1,-1,-1,-1
122,24754,148.00,216.00,30.00,104.00,1,-1,-1,-1
123,24734,286.49,184.16,52.37,135.95,1,-1,-1,-1
123,24736,337.16,183.96,46.89,136.13,1,-1,-1,-1
123,24747,89.10,183.16,50.98,147.35,1,-1,-1,-1
123,24750,219.12,195.51,37.72,121.67,1,-1,-1,-1
123,24753,14.00,188.00,44.00,138.00,1,-1,-1,-1
123,24754,148.00,216.00,30.00,104.00,1,-1,-1,-1
124,24734,286.48,184.06,52.22,136.18,1,-1,-1,-1
124,24736,337.04,184.05,46.79,136.12,1,-1,-1,-1
124,24747,88.35,183.22,51.26,147.71,1,-1,-1,-1
124,24750,219.09,195.48,37.31,121.73,1,-1,-1,-1
124,24753,14.00,188.00,44.00,138.00,1,-1,-1,-1
124,24754,148.00,216.00,30.00,104.00,1,-1,-1,-1
125,24734,286.56,184.03,52.03,136.26,1,-1,-1,-1
125,24736,337.06,184.08,46.71,136.10,1,-1,-1,-1
125,24747,88.14,183.28,51.41,147.76,1,-1,-1,-1
125,24750,219.37,195.52,36.83,121.60,1,-1,-1,-1
125,24753,14.00,188.00,44.00,138.00,1,-1,-1,-1
125,24754,148.00,216.00,30.00,104.00,1,-1,-1,-1
126,24734,286.68,184.01,51.84,136.27,1,-1,-1,-1
126,24736,337.12,184.08,46.64,136.09,1,-1,-1,-1
126,24747,88.15,183.33,51.51,147.70,1,-1,-1,-1
126,24750,219.73,195.57,36.33,121.42,1,-1,-1,-1
126,24753,14.00,188.00,44.00,138.00,1,-1,-1,-1
126,24754,148.00,216.00,30.00,104.00,1,-1,-1,-1
127,24734,285.93,184.02,52.01,136.73,1,-1,-1,-1
127,24736,318.00,180.16,47.11,140.00,1,-1,-1,-1
127,24747,84.87,200.01,46.81,134.81,1,-1,-1,-1
127,24750,217.60,194.89,37.01,123.70,1,-1,-1,-1
127,24753,14.00,188.00,44.00,138.00,1,-1,-1,-1
127,24754,148.00,216.00,30.00,104.00,1,-1,-1,-1
127,24755,254.00,176.00,48.00,148.00,1,-1,-1,-1
127,24756,184.00,192.00,34.00,130.00,1,-1,-1,-1
128,24734,260.59,179.41,53.46,142.41,1,-1,-1,-1
128,24736,312.18,176.11,47.19,142.76,1,-1,-1,-1
128,24747,81.92,205.38,45.97,134.81,1,-1,-1,-1
128,24750,191.40,192.49,38.81,130.65,1,-1,-1,-1
128,24753,15.19,166.86,54.62,168.90,1,-1,-1,-1
128,24757,66.00,204.00,42.00,136.00,1,-1,-1,-1
129,24734,255.56,179.67,52.08,139.83,1,-1,-1,-1
129,24736,307.65,175.84,46.78,143.80,1,-1,-1,-1
129,24747,78.15,206.03,46.47,136.29,1,-1,-1,-1
129,24750,183.23,190.56,39.26,133.81,1,-1,-1,-1
129,24753,15.43,163.57,56.18,173.71,1,-1,-1,-1
129,24758,170.00,184.00,40.00,144.00,1,-1,-1,-1
130,24734,253.03,175.85,53.03,145.38,1,-1,-1,-1
130,24736,305.40,179.64,43.93,135.12,1,-1,-1,-1
130,24750,170.42,180.81,44.93,153.00,1,-1,-1,-1
131,24734,250.55,173.16,53.96,151.28,1,-1,-1,-1
131,24736,305.48,178.49,43.89,135.68,1,-1,-1,-1
131,24750,164.65,178.39,46.43,158.99,1,-1,-1,-1
131,24759,188.00,190.00,32.00,132.00,1,-1,-1,-1
132,24734,249.44,170.86,53.49,152.25,1,-1,-1,-1
132,24736,305.44,176.77,44.12,137.19,1,-1,-1,-1
132,24750,163.37,179.96,45.29,155.02,1,-1,-1,-1
132,24759,185.88,188.29,32.81,135.43,1,-1,-1,-1
133,24734,252.11,175.13,51.15,146.16,1,-1,-1,-1
133,24736,305.19,177.44,43.52,136.46,1,-1,-1,-1
133,24750,157.83,178.36,46.42,158.90,1,-1,-1,-1
134,24734,253.34,176.84,50.12,143.71,1,-1,-1,-1
134,24736,305.28,177.70,43.10,136.17,1,-1,-1,-1
135,24734,253.91,177.49,49.65,142.77,1,-1,-1,-1
135,24736,305.47,177.81,42.78,136.07,1,-1,-1,-1
136,24734,254.00,173.82,51.13,147.64,1,-1,-1,-1
136,24736,307.29,173.94,39.30,125.56,1,-1,-1,-1
137,24734,253.22,173.74,50.81,146.87,1,-1,-1,-1
137,24736,309.13,171.11,38.60,124.20,1,-1,-1,-1
138,24734,253.00,173.74,50.64,146.54,1,-1,-1,-1
138,24736,309.89,170.11,38.21,123.73,1,-1,-1,-1
139,24734,252.98,173.75,50.55,146.39,1,-1,-1,-1
139,24736,310.27,169.77,37.95,123.59,1,-1,-1,-1
140,24734,253.03,173.77,50.48,146.32,1,-1,-1,-1
140,24736,310.51,169.67,37.75,123.57,1,-1,-1,-1
141,24734,253.11,173.79,50.43,146.27,1,-1,-1,-1
141,24736,310.68,169.65,37.57,123.59,1,-1,-1,-1
142,24734,253.19,173.81,50.39,146.24,1,-1,-1,-1
142,24736,310.82,169.67,37.42,123.62,1,-1,-1,-1
143,24734,253.26,173.82,50.35,146.22,1,-1,-1,-1
143,24736,310.93,169.70,37.28,123.65,1,-1,-1,-1
144,24734,253.33,173.84,50.31,146.19,1,-1,-1,-1
144,24736,311.04,169.72,37.16,123.69,1,-1,-1,-1
145,24734,252.66,176.46,49.14,142.26,1,-1,-1,-1
145,24736,309.69,180.24,38.63,127.65,1,-1,-1,-1
146,24734,252.40,177.48,48.77,139.43,1,-1,-1,-1
146,24736,309.51,182.88,39.85,130.44,1,-1,-1,-1
146,24750,76.03,123.29,89.61,294.78,1,-1,-1,-1
147,24734,252.17,177.86,48.95,138.38,1,-1,-1,-1
147,24736,309.35,183.88,40.53,131.51,1,-1,-1,-1
147,24750,72.17,121.19,93.73,299.98,1,-1,-1,-1
148,24734,251.97,177.99,49.31,137.99,1,-1,-1,-1
148,24736,309.22,184.23,40.97,131.92,1,-1,-1,-1
148,24750,70.37,120.45,96.24,301.81,1,-1,-1,-1
149,24734,251.78,178.04,49.71,137.86,1,-1,-1,-1
149,24736,309.10,184.34,41.30,132.06,1,-1,-1,-1
149,24750,69.45,120.24,97.92,302.32,1,-1,-1,-1
150,24734,251.61,178.05,50.10,137.83,1,-1,-1,-1
150,24736,308.99,184.36,41.58,132.11,1,-1,-1,-1
150,24750,68.90,120.24,99.16,302.33,1,-1,-1,-1
151,24734,251.46,178.06,50.46,137.82,1,-1,-1,-1
151,24736,308.90,184.35,41.81,132.12,1,-1,-1,-1
151,24750,68.56,120.31,100.11,302.15,1,-1,-1,-1
152,24734,251.32,178.05,50.80,137.83,1,-1,-1,-1
152,24736,308.81,184.33,42.03,132.12,1,-1,-1,-1
152,24750,68.33,120.42,100.88,301.90,1,-1,-1,-1
153,24734,251.20,178.05,51.10,137.85,1,-1,-1,-1
153,24736,308.73,184.30,42.21,132.11,1,-1,-1,-1
153,24750,68.18,120.53,101.52,301.62,1,-1,-1,-1
154,24734,250.71,178.04,50.81,137.86,1,-1,-1,-1
154,24736,303.36,172.54,47.77,152.95,1,-1,-1,-1
154,24750,64.00,118.22,103.43,307.29,1,-1,-1,-1
155,24734,249.87,179.35,50.73,137.87,1,-1,-1,-1
155,24736,301.05,168.28,49.28,160.54,1,-1,-1,-1
156,24734,249.59,179.84,50.66,137.89,1,-1,-1,-1
156,24736,300.34,166.52,49.43,163.61,1,-1,-1,-1
157,24734,249.52,180.02,50.60,137.90,1,-1,-1,-1
157,24736,300.29,165.85,49.06,164.76,1,-1,-1,-1
158,24734,249.52,180.08,50.54,137.91,1,-1,-1,-1
158,24736,300.49,165.61,48.51,165.13,1,-1,-1,-1
159,24734,249.55,180.10,50.49,137.92,1,-1,-1,-1
159,24736,300.76,165.55,47.94,165.21,1,-1,-1,-1
160,24734,249.59,180.10,50.44,137.92,1,-1,-1,-1
160,24736,301.04,165.55,47.39,165.18,1,-1,-1,-1
161,24734,249.62,180.09,50.40,137.93,1,-1,-1,-1
161,24736,301.31,165.57,46.89,165.10,1,-1,-1,-1
162,24734,249.66,180.08,50.36,137.94,1,-1,-1,-1
162,24736,301.56,165.60,46.42,165.02,1,-1,-1,-1
163,24734,251.04,172.24,54.16,148.40,1,-1,-1,-1
163,24736,309.95,173.39,42.61,150.71,1,-1,-1,-1
163,24760,110.00,192.00,40.00,104.00,1,-1,-1,-1
164,24734,252.20,174.41,53.01,145.92,1,-1,-1,-1
164,24736,314.94,183.20,39.12,135.60,1,-1,-1,-1
164,24750,107.17,183.66,41.32,123.77,1,-1,-1,-1
164,24760,97.72,192.00,40.57,105.71,1,-1,-1,-1
164,24761,142.00,196.00,30.00,98.00,1,-1,-1,-1
165,24734,252.42,172.72,55.62,153.98,1,-1,-1,-1
165,24736,318.19,189.52,36.34,123.22,1,-1,-1,-1
165,24750,111.72,187.87,37.97,116.02,1,-1,-1,-1
165,24760,95.01,193.49,40.48,106.00,1,-1,-1,-1
165,24761,140.97,194.29,32.05,104.86,1,-1,-1,-1
165,24762,22.00,226.00,30.00,52.00,1,-1,-1,-1
166,24734,252.60,172.09,56.41,156.98,1,-1,-1,-1
166,24736,319.11,191.70,35.76,118.91,1,-1,-1,-1
166,24750,112.43,188.60,36.83,114.26,1,-1,-1,-1
166,24760,94.34,194.00,40.27,106.07,1,-1,-1,-1
166,24761,140.83,194.00,32.33,106.00,1,-1,-1,-1
166,24762,22.00,226.00,30.00,52.00,1,-1,-1,-1
167,24734,255.24,170.58,57.97,164.52,1,-1,-1,-1
167,24736,320.12,193.29,35.00,116.40,1,-1,-1,-1
167,24750,113.15,190.74,34.96,108.47,1,-1,-1,-1
167,24760,92.50,194.49,40.35,106.30,1,-1,-1,-1
167,24761,142.35,192.46,32.22,104.85,1,-1,-1,-1
167,24763,180.00,196.00,46.00,98.00,1,-1,-1,-1
168,24734,257.88,170.01,56.58,162.32,1,-1,-1,-1
168,24761,142.69,191.82,32.37,105.34,1,-1,-1,-1
169,24734,259.07,169.80,55.69,161.37,1,-1,-1,-1
170,24734,259.67,169.74,55.05,160.95,1,-1,-1,-1
171,24734,260.01,169.73,54.53,160.76,1,-1,-1,-1
172,24734,256.72,165.86,54.65,161.95,1,-1,-1,-1
172,24761,93.37,189.96,34.89,109.86,1,-1,-1,-1
172,24764,164.00,190.00,44.00,112.00,1,-1,-1,-1
172,24765,316.00,168.00,38.00,128.00,1,-1,-1,-1
173,24734,255.16,160.51,56.59,168.84,1,-1,-1,-1
173,24736,315.62,175.15,43.10,144.21,1,-1,-1,-1
173,24761,87.34,189.41,35.15,110.67,1,-1,-1,-1
173,24764,162.29,191.71,44.00,112.00,1,-1,-1,-1
174,24734,253.92,155.95,59.87,179.09,1,-1,-1,-1
174,24736,313.38,170.45,45.10,153.15,1,-1,-1,-1
174,24750,116.92,188.13,38.06,119.63,1,-1,-1,-1
174,24764,157.45,186.00,48.60,124.01,1,-1,-1,-1
175,24734,254.58,152.94,61.41,184.30,1,-1,-1,-1
175,24736,313.29,169.38,45.61,154.87,1,-1,-1,-1
175,24750,117.48,188.39,37.97,119.34,1,-1,-1,-1
175,24764,155.62,184.27,50.18,128.04,1,-1,-1,-1
176,24734,254.90,151.78,61.88,186.29,1,-1,-1,-1
177,24734,255.08,151.38,61.94,187.00,1,-1,-1,-1
178,24734,255.20,151.27,61.85,187.19,1,-1,-1,-1
179,24734,255.28,151.27,61.72,187.20,1,-1,-1,-1
180,24734,255.36,151.31,61.57,187.14,1,-1,-1,-1
181,24734,255.29,150.19,62.17,188.98,1,-1,-1,-1
190,24734,262.80,168.65,52.35,160.15,1,-1,-1,-1
190,24736,314.17,175.42,45.73,150.79,1,-1,-1,-1
190,24764,117.99,154.06,78.23,195.90,1,-1,-1,-1
190,24766,218.00,214.00,18.00,60.00,1,-1,-1,-1
191,24734,263.81,168.31,52.00,161.32,1,-1,-1,-1
191,24736,314.19,174.38,47.15,151.75,1,-1,-1,-1
191,24764,114.12,150.69,82.17,208.13,1,-1,-1,-1
192,24734,264.29,168.27,51.50,161.55,1,-1,-1,-1
192,24736,313.95,174.10,48.04,152.03,1,-1,-1,-1
192,24764,112.97,149.49,83.09,212.40,1,-1,-1,-1
193,24734,264.58,168.24,51.07,161.65,1,-1,-1,-1
193,24736,313.71,174.00,48.67,152.12,1,-1,-1,-1
193,24764,112.75,149.08,83.07,213.95,1,-1,-1,-1
194,24734,264.78,168.21,50.70,161.71,1,-1,-1,-1
194,24736,313.49,173.96,49.14,152.15,1,-1,-1,-1
194,24764,112.87,148.97,82.73,214.41,1,-1,-1,-1
195,24734,264.94,168.19,50.39,161.76,1,-1,-1,-1
195,24736,313.30,173.95,49.52,152.14,1,-1,-1,-1
195,24764,113.11,148.99,82.31,214.45,1,-1,-1,-1
196,24734,265.06,168.16,50.12,161.79,1,-1,-1,-1
196,24736,313.15,173.95,49.82,152.13,1,-1,-1,-1
196,24764,113.37,149.05,81.89,214.34,1,-1,-1,-1
197,24734,265.16,168.15,49.89,161.81,1,-1,-1,-1
197,24736,313.02,173.96,50.08,152.12,1,-1,-1,-1
197,24764,113.61,149.12,81.50,214.18,1,-1,-1,-1
198,24734,265.25,168.13,49.69,161.83,1,-1,-1,-1
198,24736,312.90,173.96,50.30,152.11,1,-1,-1,-1
198,24764,113.84,149.19,81.15,214.00,1,-1,-1,-1
199,24734,265.45,168.34,49.60,161.56,1,-1,-1,-1
199,24736,312.95,173.89,50.36,152.29,1,-1,-1,-1
199,24764,112.32,147.92,82.34,217.16,1,-1,-1,-1
199,24767,22.00,36.00,164.00,422.00,1,-1,-1,-1
199,24768,218.00,218.00,20.00,64.00,1,-1,-1,-1
200,24750,217.35,217.86,20.34,64.29,1,-1,-1,-1
200,24767,22.00,36.00,164.00,422.00,1,-1,-1,-1
201,24750,218.47,218.17,20.09,63.69,1,-1,-1,-1
201,24767,22.00,36.00,164.00,422.00,1,-1,-1,-1
202,24750,219.10,218.35,19.95,63.35,1,-1,-1,-1
202,24767,22.00,36.00,164.00,422.00,1,-1,-1,-1
203,24750,219.16,218.36,19.91,63.33,1,-1,-1,-1
203,24767,22.00,36.00,164.00,422.00,1,-1,-1,-1
204,24750,219.03,218.32,19.92,63.40,1,-1,-1,-1
204,24767,22.00,36.00,164.00,422.00,1,-1,-1,-1
205,24750,218.89,218.28,19.93,63.49,1,-1,-1,-1
205,24767,22.00,36.00,164.00,422.00,1,-1,-1,-1
206,24750,218.76,218.24,19.94,63.56,1,-1,-1,-1
206,24767,22.00,36.00,164.00,422.00,1,-1,-1,-1
207,24750,218.65,218.20,19.95,63.62,1,-1,-1,-1
207,24767,22.00,36.00,164.00,422.00,1,-1,-1,-1
208,24736,314.23,173.97,49.54,152.07,1,-1,-1,-1
208,24750,219.21,215.49,21.36,69.04,1,-1,-1,-1
208,24767,22.00,36.00,164.00,422.00,1,-1,-1,-1
208,24769,112.00,168.00,44.00,176.00,1,-1,-1,-1
209,24736,314.54,173.98,48.98,152.04,1,-1,-1,-1
209,24750,219.48,214.51,21.71,71.00,1,-1,-1,-1
209,24764,102.53,166.62,63.80,179.06,1,-1,-1,-1
210,24736,314.76,173.99,48.55,152.03,1,-1,-1,-1
210,24750,219.61,214.13,21.72,71.77,1,-1,-1,-1
210,24764,103.79,167.80,59.93,176.52,1,-1,-1,-1
211,24736,314.93,173.99,48.21,152.03,1,-1,-1,-1
211,24750,219.67,213.98,21.61,72.05,1,-1,-1,-1
211,24764,104.75,168.12,57.44,175.86,1,-1,-1,-1
212,24736,315.07,173.99,47.94,152.03,1,-1,-1,-1
212,24750,219.72,213.93,21.47,72.15,1,-1,-1,-1
212,24764,105.61,168.22,55.58,175.64,1,-1,-1,-1
213,24736,315.18,173.99,47.71,152.02,1,-1,-1,-1
213,24750,219.75,213.92,21.33,72.17,1,-1,-1,-1
213,24764,106.38,168.24,54.11,175.60,1,-1,-1,-1
214,24736,315.28,173.99,47.51,152.02,1,-1,-1,-1
214,24750,219.78,213.92,21.20,72.17,1,-1,-1,-1
214,24764,107.03,168.22,52.90,175.62,1,-1,-1,-1
215,24736,315.36,173.99,47.34,152.02,1,-1,-1,-1
215,24750,219.80,213.93,21.08,72.16,1,-1,-1,-1
215,24764,107.60,168.20,51.88,175.65,1,-1,-1,-1
216,24736,315.43,173.99,47.20,152.02,1,-1,-1,-1
216,24750,219.82,213.93,20.98,72.15,1,-1,-1,-1
216,24764,108.09,168.18,51.01,175.69,1,-1,-1,-1
217,24734,280.30,168.04,51.13,161.94,1,-1,-1,-1
217,24736,327.08,172.69,47.41,153.32,1,-1,-1,-1
217,24750,220.29,213.82,21.04,72.38,1,-1,-1,-1
217,24764,107.49,168.48,50.86,175.17,1,-1,-1,-1
218,24734,283.42,168.02,51.00,160.61,1,-1,-1,-1
218,24736,334.51,170.89,47.94,155.12,1,-1,-1,-1
218,24770,220.00,210.00,32.00,94.00,1,-1,-1,-1
219,24734,284.69,169.33,50.52,154.91,1,-1,-1,-1
219,24736,338.01,174.11,46.71,151.90,1,-1,-1,-1
219,24750,223.45,210.60,25.37,83.80,1,-1,-1,-1
220,24734,284.37,165.83,51.86,159.41,1,-1,-1,-1
220,24736,339.52,174.05,45.76,149.33,1,-1,-1,-1
220,24750,222.01,208.81,27.43,88.17,1,-1,-1,-1
220,24771,2.00,70.00,80.00,354.00,1,-1,-1,-1
221,24734,284.26,164.56,52.30,161.05,1,-1,-1,-1
221,24736,340.07,174.03,45.33,148.37,1,-1,-1,-1
221,24750,221.25,208.13,28.59,89.84,1,-1,-1,-1
221,24767,-20.98,69.44,128.02,355.13,1,-1,-1,-1
222,24734,284.21,164.08,52.42,161.69,1,-1,-1,-1
222,24736,340.25,174.02,45.10,148.02,1,-1,-1,-1
222,24750,220.78,207.87,29.36,90.45,1,-1,-1,-1
222,24767,-18.66,70.36,120.01,353.28,1,-1,-1,-1
223,24734,284.18,163.91,52.44,161.93,1,-1,-1,-1
223,24736,340.30,174.01,44.96,147.90,1,-1,-1,-1
223,24750,220.44,207.79,29.92,90.65,1,-1,-1,-1
223,24767,-16.35,70.72,114.10,352.57,1,-1,-1,-1
224,24734,284.16,163.86,52.41,162.02,1,-1,-1,-1
224,24736,340.30,174.01,44.85,147.86,1,-1,-1,-1
224,24750,220.17,207.77,30.37,90.69,1,-1,-1,-1
224,24767,-14.21,70.79,109.52,352.41,1,-1,-1,-1
225,24734,284.15,163.85,52.37,162.05,1,-1,-1,-1
225,24736,340.28,174.01,44.76,147.86,1,-1,-1,-1
225,24750,219.94,207.77,30.76,90.67,1,-1,-1,-1
225,24767,-12.31,70.76,105.84,352.48,1,-1,-1,-1
226,24734,285.30,161.24,55.23,171.20,1,-1,-1,-1
226,24736,338.12,171.39,46.35,155.72,1,-1,-1,-1
226,24750,218.65,206.50,32.00,94.49,1,-1,-1,-1
226,24767,-14.30,72.07,105.05,349.86,1,-1,-1,-1
226,24772,188.00,198.00,34.00,108.00,1,-1,-1,-1
227,24734,285.69,162.83,55.09,169.49,1,-1,-1,-1
227,24736,337.85,170.41,45.83,156.08,1,-1,-1,-1
227,24750,217.61,203.48,33.55,98.47,1,-1,-1,-1
227,24772,190.24,201.43,32.95,104.57,1,-1,-1,-1
227,24773,170.00,202.00,36.00,98.00,1,-1,-1,-1
228,24734,284.61,164.78,53.52,164.86,1,-1,-1,-1
228,24736,338.68,167.45,46.29,160.09,1,-1,-1,-1
228,24750,216.97,202.31,34.60,102.52,1,-1,-1,-1
228,24772,190.20,202.00,33.61,107.04,1,-1,-1,-1
228,24773,166.87,200.29,37.11,101.43,1,-1,-1,-1
229,24734,285.66,166.86,52.57,160.44,1,-1,-1,-1
229,24736,338.95,168.90,45.24,159.03,1,-1,-1,-1
229,24750,216.63,199.33,35.19,105.34,1,-1,-1,-1
229,24772,192.24,200.67,34.09,109.35,1,-1,-1,-1
229,24773,163.03,200.00,36.53,100.52,1,-1,-1,-1
230,24734,285.95,162.36,53.72,164.05,1,-1,-1,-1
230,24736,339.53,168.19,43.80,155.98,1,-1,-1,-1
230,24750,216.94,198.18,35.77,107.68,1,-1,-1,-1
230,24772,190.08,200.19,34.22,110.11,1,-1,-1,-1
230,24773,162.95,198.44,38.36,106.08,1,-1,-1,-1
231,24734,285.51,160.71,53.91,165.38,1,-1,-1,-1
231,24736,343.95,165.31,40.05,144.32,1,-1,-1,-1
231,24750,218.75,193.94,36.43,109.81,1,-1,-1,-1
231,24772,189.56,195.81,35.09,113.13,1,-1,-1,-1
231,24773,162.35,193.72,40.24,112.16,1,-1,-1,-1
231,24774,120.00,194.00,32.00,108.00,1,-1,-1,-1
232,24734,285.94,162.69,52.75,163.28,1,-1,-1,-1
232,24736,345.31,164.23,37.87,138.50,1,-1,-1,-1
232,24750,221.29,194.85,35.53,108.06,1,-1,-1,-1
232,24772,186.21,192.90,36.26,118.25,1,-1,-1,-1
232,24773,162.87,194.75,39.53,111.57,1,-1,-1,-1
232,24774,117.45,197.43,31.96,108.00,1,-1,-1,-1
233,24734,286.92,167.39,49.33,153.29,1,-1,-1,-1
233,24736,345.92,165.20,36.81,136.43,1,-1,-1,-1
233,24750,220.16,191.38,36.83,112.45,1,-1,-1,-1
233,24772,185.18,191.85,36.28,118.77,1,-1,-1,-1
233,24773,161.61,192.52,39.54,112.54,1,-1,-1,-1
233,24774,114.40,193.50,32.70,111.00,1,-1,-1,-1
234,24734,290.55,171.89,46.84,145.45,1,-1,-1,-1
234,24736,344.86,168.23,37.60,141.04,1,-1,-1,-1
234,24750,219.93,193.89,36.93,111.55,1,-1,-1,-1
234,24772,171.98,188.86,36.67,120.19,1,-1,-1,-1
234,24773,147.18,190.40,40.65,115.50,1,-1,-1,-1
234,24774,118.05,193.61,32.44,109.08,1,-1,-1,-1
235,24734,291.45,174.86,45.39,141.29,1,-1,-1,-1
235,24736,344.19,171.96,37.14,141.43,1,-1,-1,-1
235,24750,220.12,193.65,37.64,114.98,1,-1,-1,-1
235,24772,165.55,189.10,37.12,121.98,1,-1,-1,-1
235,24773,140.12,187.01,43.17,121.82,1,-1,-1,-1
235,24774,102.06,195.18,32.18,106.88,1,-1,-1,-1
236,24734,291.58,177.25,43.89,137.15,1,-1,-1,-1
236,24736,343.27,172.08,38.25,146.86,1,-1,-1,-1
236,24750,220.66,193.57,38.23,117.53,1,-1,-1,-1
236,24772,164.47,190.55,36.05,119.98,1,-1,-1,-1
236,24773,138.64,185.77,43.16,122.86,1,-1,-1,-1
236,24774,94.25,191.46,33.96,111.83,1,-1,-1,-1
237,24734,289.02,172.72,47.18,149.15,1,-1,-1,-1
237,24736,340.81,165.65,41.58,161.83,1,-1,-1,-1
237,24750,219.14,192.29,40.63,126.13,1,-1,-1,-1
237,24772,163.85,189.85,37.59,125.73,1,-1,-1,-1
237,24773,138.40,187.95,41.43,117.95,1,-1,-1,-1
237,24774,91.82,192.92,34.27,110.81,1,-1,-1,-1
238,24734,288.09,169.83,48.39,153.38,1,-1,-1,-1
238,24736,339.88,164.48,41.58,162.45,1,-1,-1,-1
238,24750,221.48,196.81,38.19,119.40,1,-1,-1,-1
238,24772,165.06,187.02,39.22,133.00,1,-1,-1,-1
238,24773,135.54,186.25,42.60,122.53,1,-1,-1,-1
238,24774,86.42,189.42,37.06,117.21,1,-1,-1,-1
239,24734,291.45,175.15,40.12,122.71,1,-1,-1,-1
239,24736,343.17,165.30,38.08,145.92,1,-1,-1,-1
239,24750,220.49,192.22,38.44,121.67,1,-1,-1,-1
239,24772,162.31,185.95,40.02,137.04,1,-1,-1,-1
239,24773,136.06,184.34,43.84,129.35,1,-1,-1,-1
239,24774,84.37,185.54,38.44,120.82,1,-1,-1,-1
240,24734,290.64,175.92,43.90,134.21,1,-1,-1,-1
240,24736,340.57,165.67,40.45,154.03,1,-1,-1,-1
240,24750,220.23,194.38,37.03,118.65,1,-1,-1,-1
240,24772,163.16,188.13,39.15,133.45,1,-1,-1,-1
240,24773,135.40,184.91,43.60,130.66,1,-1,-1,-1
240,24774,71.19,177.53,44.43,136.56,1,-1,-1,-1
241,24734,288.78,169.67,49.58,151.86,1,-1,-1,-1
241,24736,338.04,161.93,43.26,165.81,1,-1,-1,-1
241,24750,218.78,195.25,37.85,121.30,1,-1,-1,-1
241,24772,162.10,189.05,39.17,134.50,1,-1,-1,-1
241,24773,135.06,186.48,42.55,129.79,1,-1,-1,-1
241,24774,66.36,177.04,45.21,138.69,1,-1,-1,-1
241,24775,88.00,186.00,38.00,126.00,1,-1,-1,-1
242,24734,289.33,171.08,50.47,153.49,1,-1,-1,-1
242,24736,337.67,166.82,43.14,164.00,1,-1,-1,-1
242,24750,218.06,193.02,38.48,123.55,1,-1,-1,-1
242,24772,158.15,181.66,42.46,146.49,1,-1,-1,-1
242,24773,132.10,181.96,45.36,139.73,1,-1,-1,-1
242,24774,60.05,174.39,45.68,139.39,1,-1,-1,-1
242,24776,120.00,176.00,42.00,146.00,1,-1,-1,-1
243,24734,287.45,171.67,52.46,157.99,1,-1,-1,-1
243,24736,337.44,168.83,43.25,163.18,1,-1,-1,-1
243,24750,213.51,188.31,42.14,135.93,1,-1,-1,-1
243,24772,156.10,180.37,43.27,149.27,1,-1,-1,-1
243,24773,121.60,180.26,46.32,143.44,1,-1,-1,-1
243,24774,57.11,179.86,45.83,140.84,1,-1,-1,-1
243,24777,44.00,188.00,42.00,126.00,1,-1,-1,-1
244,24734,289.12,180.88,48.40,144.30,1,-1,-1,-1
244,24736,338.34,176.09,41.31,155.05,1,-1,-1,-1
244,24750,212.92,202.74,38.77,124.41,1,-1,-1,-1
244,24773,114.27,178.36,47.96,149.91,1,-1,-1,-1
244,24774,44.83,179.46,46.58,143.88,1,-1,-1,-1
244,24777,54.96,179.43,47.51,143.14,1,-1,-1,-1
245,24734,288.35,179.22,49.64,146.76,1,-1,-1,-1
245,24736,338.22,176.72,41.42,155.46,1,-1,-1,-1
245,24750,209.46,210.26,37.17,119.32,1,-1,-1,-1
245,24773,110.54,176.38,49.19,156.17,1,-1,-1,-1
245,24774,37.90,180.63,45.10,139.86,1,-1,-1,-1
246,24734,287.96,178.62,50.31,147.63,1,-1,-1,-1
246,24750,208.21,213.00,36.57,117.42,1,-1,-1,-1
246,24773,109.37,175.63,49.23,158.56,1,-1,-1,-1
246,24774,35.46,181.14,44.38,138.14,1,-1,-1,-1
247,24734,287.70,178.38,50.76,147.95,1,-1,-1,-1
247,24750,207.77,214.00,36.33,116.70,1,-1,-1,-1
247,24773,109.20,175.38,48.83,159.40,1,-1,-1,-1
247,24774,34.75,181.37,44.00,137.42,1,-1,-1,-1
248,24734,287.52,178.27,51.11,148.07,1,-1,-1,-1
248,24750,207.63,214.34,36.23,116.41,1,-1,-1,-1
248,24773,109.41,175.32,48.30,159.63,1,-1,-1,-1
248,24774,34.69,181.49,43.75,137.09,1,-1,-1,-1
249,24734,287.36,178.22,51.40,148.11,1,-1,-1,-1
249,24750,207.60,214.44,36.18,116.28,1,-1,-1,-1
249,24773,109.74,175.34,47.75,159.63,1,-1,-1,-1
249,24774,34.86,181.56,43.56,136.91,1,-1,-1,-1
250,24734,287.23,178.19,51.65,148.11,1,-1,-1,-1
250,24750,207.62,214.45,36.15,116.22,1,-1,-1,-1
250,24773,110.09,175.38,47.23,159.54,1,-1,-1,-1
250,24774,35.10,181.61,43.41,136.79,1,-1,-1,-1
251,24734,287.11,178.17,51.88,148.11,1,-1,-1,-1
251,24750,207.65,214.42,36.13,116.19,1,-1,-1,-1
251,24773,110.44,175.43,46.74,159.43,1,-1,-1,-1
251,24774,35.36,181.65,43.27,136.71,1,-1,-1,-1
252,24734,287.00,178.15,52.08,148.10,1,-1,-1,-1
252,24750,207.68,214.39,36.12,116.17,1,-1,-1,-1
252,24773,110.76,175.47,46.30,159.31,1,-1,-1,-1
252,24774,35.60,181.69,43.15,136.63,1,-1,-1,-1
253,24734,287.29,176.83,51.50,148.09,1,-1,-1,-1
253,24736,332.25,166.71,43.90,167.58,1,-1,-1,-1
253,24750,192.89,186.91,46.13,148.82,1,-1,-1,-1
253,24773,108.75,174.64,46.90,161.37,1,-1,-1,-1
253,24774,32.55,181.19,43.47,137.63,1,-1,-1,-1
254,24734,287.55,176.32,50.98,148.08,1,-1,-1,-1
254,24736,332.21,166.12,43.48,168.19,1,-1,-1,-1
254,24750,187.69,177.22,49.59,160.38,1,-1,-1,-1
255,24734,287.78,176.13,50.50,148.08,1,-1,-1,-1
255,24736,332.33,165.92,43.08,168.40,1,-1,-1,-1
255,24750,185.52,173.04,50.98,165.31,1,-1,-1,-1
256,24734,287.99,176.05,50.07,148.07,1,-1,-1,-1
256,24736,332.49,165.85,42.72,168.46,1,-1,-1,-1
256,24750,184.74,171.41,51.45,167.20,1,-1,-1,-1
257,24734,288.19,176.02,49.68,148.06,1,-1,-1,-1
257,24736,332.64,165.83,42.40,168.45,1,-1,-1,-1
257,24750,184.52,170.84,51.54,167.84,1,-1,-1,-1
258,24734,288.36,176.01,49.33,148.06,1,-1,-1,-1
258,24736,332.79,165.84,42.13,168.42,1,-1,-1,-1
258,24750,184.51,170.69,51.49,167.99,1,-1,-1,-1
259,24734,288.52,176.01,49.01,148.05,1,-1,-1,-1
259,24736,332.92,165.85,41.90,168.39,1,-1,-1,-1
259,24750,184.59,170.70,51.40,167.94,1,-1,-1,-1
260,24734,288.66,176.00,48.72,148.05,1,-1,-1,-1
260,24736,333.03,165.86,41.69,168.35,1,-1,-1,-1
260,24750,184.69,170.76,51.28,167.83,1,-1,-1,-1
261,24734,288.79,176.00,48.46,148.04,1,-1,-1,-1
261,24736,333.13,165.87,41.51,168.32,1,-1,-1,-1
261,24750,184.79,170.85,51.17,167.70,1,-1,-1,-1
262,24734,283.81,183.84,45.36,136.29,1,-1,-1,-1
262,24736,334.04,181.52,35.82,142.24,1,-1,-1,-1
262,24750,166.58,168.37,52.98,172.71,1,-1,-1,-1
263,24734,280.56,185.53,45.44,135.77,1,-1,-1,-1
263,24736,332.66,182.22,35.66,141.51,1,-1,-1,-1
263,24750,156.14,159.81,59.41,191.13,1,-1,-1,-1
263,24772,0.81,134.37,82.16,294.35,1,-1,-1,-1
264,24734,279.53,182.14,46.57,138.25,1,-1,-1,-1
264,24736,331.29,178.43,36.10,142.61,1,-1,-1,-1
264,24750,151.84,157.78,61.24,193.21,1,-1,-1,-1
264,24772,-6.20,132.21,84.02,300.99,1,-1,-1,-1
265,24734,279.09,180.87,47.15,139.18,1,-1,-1,-1
265,24736,330.75,177.02,36.37,143.06,1,-1,-1,-1
265,24750,149.93,157.06,62.53,193.88,1,-1,-1,-1
266,24734,278.87,180.38,47.53,139.56,1,-1,-1,-1
266,24736,330.53,176.48,36.56,143.27,1,-1,-1,-1
266,24750,149.00,156.84,63.54,194.02,1,-1,-1,-1
267,24734,278.75,180.18,47.80,139.72,1,-1,-1,-1
267,24736,330.42,176.26,36.71,143.39,1,-1,-1,-1
267,24750,148.49,156.83,64.40,193.96,1,-1,-1,-1
268,24734,278.66,180.11,48.02,139.79,1,-1,-1,-1
268,24736,330.36,176.17,36.84,143.47,1,-1,-1,-1
268,24750,148.14,156.88,65.15,193.84,1,-1,-1,-1
269,24734,278.59,180.07,48.22,139.83,1,-1,-1,-1
269,24736,330.31,176.12,36.95,143.54,1,-1,-1,-1
269,24750,147.89,156.96,65.83,193.70,1,-1,-1,-1
270,24734,278.53,180.06,48.39,139.85,1,-1,-1,-1
270,24736,330.28,176.10,37.05,143.59,1,-1,-1,-1
270,24750,147.68,157.04,66.43,193.56,1,-1,-1,-1
271,24734,278.14,180.14,48.31,139.62,1,-1,-1,-1
271,24736,332.63,181.34,35.02,135.75,1,-1,-1,-1
271,24750,125.13,141.62,85.88,250.27,1,-1,-1,-1
271,24778,324.00,180.00,32.00,102.00,1,-1,-1,-1
272,24736,333.54,183.33,34.25,132.79,1,-1,-1,-1
272,24750,116.96,136.04,92.87,270.66,1,-1,-1,-1
272,24778,324.00,180.00,32.00,102.00,1,-1,-1,-1
273,24736,333.87,184.04,33.98,131.76,1,-1,-1,-1
273,24750,113.53,133.69,95.86,279.38,1,-1,-1,-1
273,24778,324.00,180.00,32.00,102.00,1,-1,-1,-1
274,24736,333.99,184.27,33.89,131.43,1,-1,-1,-1
274,24750,112.26,132.82,97.00,282.72,1,-1,-1,-1
274,24778,324.00,180.00,32.00,102.00,1,-1,-1,-1
275,24736,334.03,184.33,33.87,131.35,1,-1,-1,-1
275,24750,111.87,132.55,97.37,283.83,1,-1,-1,-1
275,24778,324.00,180.00,32.00,102.00,1,-1,-1,-1
276,24736,334.04,184.33,33.86,131.37,1,-1,-1,-1
276,24750,111.83,132.52,97.45,284.06,1,-1,-1,-1
276,24778,324.00,180.00,32.00,102.00,1,-1,-1,-1
277,24736,334.04,184.31,33.87,131.41,1,-1,-1,-1
277,24750,111.91,132.58,97.41,283.96,1,-1,-1,-1
277,24778,324.00,180.00,32.00,102.00,1,-1,-1,-1
278,24736,334.04,184.29,33.88,131.46,1,-1,-1,-1
278,24750,112.04,132.67,97.33,283.73,1,-1,-1,-1
278,24778,324.00,180.00,32.00,102.00,1,-1,-1,-1
279,24736,334.04,184.26,33.89,131.51,1,-1,-1,-1
279,24750,112.19,132.76,97.23,283.47,1,-1,-1,-1
279,24778,324.00,180.00,32.00,102.00,1,-1,-1,-1
280,24736,334.12,184.68,33.69,130.72,1,-1,-1,-1
280,24750,109.38,130.83,99.10,288.90,1,-1,-1,-1
280,24778,328.33,175.97,34.08,107.37,1,-1,-1,-1
280,24779,6.00,48.00,154.00,404.00,1,-1,-1,-1
281,24734,272.45,176.15,37.52,103.09,1,-1,-1,-1
281,24778,328.93,175.44,34.30,108.08,1,-1,-1,-1
281,24779,0.06,34.29,162.46,426.29,1,-1,-1,-1
282,24734,267.00,177.52,46.16,129.30,1,-1,-1,-1
282,24779,-6.81,23.19,165.34,435.87,1,-1,-1,-1
283,24734,267.09,180.30,46.47,132.43,1,-1,-1,-1
283,24778,329.16,179.10,42.55,133.44,1,-1,-1,-1
283,24779,-9.82,18.06,167.47,441.48,1,-1,-1,-1
284,24734,266.48,178.90,46.74,136.30,1,-1,-1,-1
284,24778,328.33,175.88,46.91,148.73,1,-1,-1,-1
284,24780,174.00,214.00,20.00,62.00,1,-1,-1,-1
285,24734,266.51,178.34,46.34,137.77,1,-1,-1,-1
285,24778,328.15,174.60,48.33,154.75,1,-1,-1,-1
285,24780,174.00,214.00,20.00,62.00,1,-1,-1,-1
286,24734,266.77,178.13,45.76,138.31,1,-1,-1,-1
286,24778,328.19,174.08,48.61,157.10,1,-1,-1,-1
286,24780,174.00,214.00,20.00,62.00,1,-1,-1,-1
287,24734,267.07,178.04,45.17,138.48,1,-1,-1,-1
287,24778,328.30,173.89,48.45,157.91,1,-1,-1,-1
287,24780,174.00,214.00,20.00,62.00,1,-1,-1,-1
288,24734,267.36,178.01,44.63,138.51,1,-1,-1,-1
288,24778,328.45,173.82,48.14,158.11,1,-1,-1,-1
288,24780,174.00,214.00,20.00,62.00,1,-1,-1,-1
289,24734,276.29,176.70,46.34,141.09,1,-1,-1,-1
289,24778,332.57,173.81,47.47,156.81,1,-1,-1,-1
289,24780,174.00,214.00,20.00,62.00,1,-1,-1,-1
289,24781,196.00,222.00,24.00,58.00,1,-1,-1,-1
290,24734,279.46,176.20,47.42,142.05,1,-1,-1,-1
290,24778,334.25,173.81,47.03,156.18,1,-1,-1,-1
290,24781,196.00,222.00,24.00,58.00,1,-1,-1,-1
291,24734,286.07,168.25,52.58,157.92,1,-1,-1,-1
291,24778,346.57,173.82,46.56,150.71,1,-1,-1,-1
291,24780,195.39,215.77,19.75,60.23,1,-1,-1,-1
291,24782,522.00,180.00,50.00,144.00,1,-1,-1,-1
292,24734,289.61,170.28,52.34,156.34,1,-1,-1,-1
292,24778,352.37,176.45,46.91,148.46,1,-1,-1,-1
292,24780,198.95,214.59,21.24,64.25,1,-1,-1,-1
293,24734,290.96,171.17,52.32,155.55,1,-1,-1,-1
293,24778,354.23,177.44,47.57,147.55,1,-1,-1,-1
293,24780,200.09,214.22,21.83,65.52,1,-1,-1,-1
294,24734,291.38,171.53,52.42,155.19,1,-1,-1,-1
294,24778,354.64,177.82,48.30,147.14,1,-1,-1,-1
294,24780,200.35,214.08,22.15,66.00,1,-1,-1,-1
295,24734,291.45,171.68,52.55,155.00,1,-1,-1,-1
295,24778,354.51,177.96,49.00,146.94,1,-1,-1,-1
295,24780,200.28,214.02,22.36,66.16,1,-1,-1,-1
296,24734,291.39,171.75,52.68,154.88,1,-1,-1,-1
296,24778,354.20,178.01,49.66,146.81,1,-1,-1,-1
296,24780,200.11,214.00,22.52,66.20,1,-1,-1,-1
297,24734,291.29,171.79,52.81,154.78,1,-1,-1,-1
297,24778,353.84,178.03,50.26,146.72,1,-1,-1,-1
297,24780,199.92,214.00,22.65,66.21,1,-1,-1,-1
298,24734,307.90,178.30,48.02,140.44,1,-1,-1,-1
298,24736,225.38,215.78,17.46,62.51,1,-1,-1,-1
298,24750,198.28,227.18,21.84,57.09,1,-1,-1,-1
298,24778,367.07,172.83,50.99,149.25,1,-1,-1,-1
298,24780,201.89,213.98,22.78,66.56,1,-1,-1,-1
299,24734,313.73,175.49,48.72,144.16,1,-1,-1,-1
299,24736,221.43,221.31,18.45,63.29,1,-1,-1,-1
299,24750,249.39,214.22,21.96,59.84,1,-1,-1,-1
299,24778,371.51,169.56,52.33,155.35,1,-1,-1,-1
300,24734,321.88,174.51,48.47,142.85,1,-1,-1,-1
300,24736,216.57,223.33,17.62,60.46,1,-1,-1,-1
300,24750,248.19,216.02,20.46,57.22,1,-1,-1,-1
300,24778,373.72,167.05,52.98,160.21,1,-1,-1,-1
301,24734,324.66,178.07,47.53,138.39,1,-1,-1,-1
301,24736,222.30,222.51,19.19,59.64,1,-1,-1,-1
301,24750,246.03,216.32,19.53,55.47,1,-1,-1,-1
301,24778,377.69,167.36,51.95,159.50,1,-1,-1,-1
301,24783,540.00,232.00,26.00,50.00,1,-1,-1,-1
302,24734,329.45,184.74,44.76,128.74,1,-1,-1,-1
302,24736,220.90,219.65,20.50,62.12,1,-1,-1,-1
302,24750,246.78,216.31,19.67,56.78,1,-1,-1,-1
302,24778,381.74,171.39,48.92,152.68,1,-1,-1,-1
302,24783,541.25,226.86,30.36,58.57,1,-1,-1,-1
303,24734,331.48,183.16,46.99,134.61,1,-1,-1,-1
303,24736,218.61,220.28,20.01,60.62,1,-1,-1,-1
303,24750,246.45,213.35,20.84,61.65,1,-1,-1,-1
303,24778,385.47,172.99,48.43,153.90,1,-1,-1,-1
303,24783,541.52,224.60,30.95,60.00,1,-1,-1,-1
303,24784,148.00,222.00,22.00,52.00,1,-1,-1,-1
304,24734,334.57,182.62,46.91,134.04,1,-1,-1,-1
304,24750,246.85,212.34,21.58,64.67,1,-1,-1,-1
304,24778,390.12,180.08,44.21,142.64,1,-1,-1,-1
304,24783,550.61,223.80,31.60,61.84,1,-1,-1,-1
304,24784,146.94,218.57,24.13,57.14,1,-1,-1,-1
304,24785,546.00,226.00,24.00,60.00,1,-1,-1,-1
304,24786,584.00,180.00,46.00,148.00,1,-1,-1,-1
305,24734,338.55,181.06,48.92,140.43,1,-1,-1,-1
305,24750,246.10,211.98,22.33,67.14,1,-1,-1,-1
305,24778,397.92,178.84,44.95,146.22,1,-1,-1,-1
305,24783,553.10,222.65,32.39,63.37,1,-1,-1,-1
305,24784,146.79,219.44,24.42,58.00,1,-1,-1,-1
306,24734,340.04,180.48,49.54,142.80,1,-1,-1,-1
306,24750,245.83,211.86,22.56,68.04,1,-1,-1,-1
306,24778,400.78,178.40,45.01,147.49,1,-1,-1,-1
306,24784,146.79,219.81,24.43,58.24,1,-1,-1,-1
307,24734,348.69,176.36,50.24,143.72,1,-1,-1,-1
307,24750,245.71,211.50,22.89,69.03,1,-1,-1,-1
307,24778,409.33,175.61,46.82,151.87,1,-1,-1,-1
307,24784,146.64,219.83,24.71,58.92,1,-1,-1,-1
308,24734,351.81,174.76,50.71,144.05,1,-1,-1,-1
308,24778,412.36,174.55,47.75,153.52,1,-1,-1,-1
309,24734,352.80,174.16,51.07,144.17,1,-1,-1,-1
309,24778,413.29,174.15,48.34,154.13,1,-1,-1,-1
310,24734,352.98,173.94,51.37,144.20,1,-1,-1,-1
310,24778,413.42,173.99,48.75,154.34,1,-1,-1,-1
311,24734,352.87,173.87,51.62,144.20,1,-1,-1,-1
311,24778,413.26,173.94,49.09,154.39,1,-1,-1,-1
312,24734,352.66,173.85,51.85,144.19,1,-1,-1,-1
312,24778,413.02,173.93,49.38,154.39,1,-1,-1,-1
313,24734,352.43,173.85,52.06,144.17,1,-1,-1,-1
313,24778,412.76,173.92,49.63,154.36,1,-1,-1,-1
314,24734,352.21,173.86,52.25,144.16,1,-1,-1,-1
314,24778,412.51,173.93,49.86,154.33,1,-1,-1,-1
315,24734,352.01,173.87,52.41,144.14,1,-1,-1,-1
315,24778,412.27,173.93,50.06,154.31,1,-1,-1,-1
316,24734,374.75,176.49,52.35,142.83,1,-1,-1,-1
316,24778,414.28,173.83,50.22,154.79,1,-1,-1,-1
316,24780,242.12,198.21,33.52,97.67,1,-1,-1,-1
316,24784,150.14,220.00,25.55,62.07,1,-1,-1,-1
316,24787,448.00,156.00,46.00,182.00,1,-1,-1,-1
317,24734,385.03,181.42,48.92,133.15,1,-1,-1,-1
317,24778,441.69,166.26,46.42,142.02,1,-1,-1,-1
317,24780,243.76,196.56,33.49,98.45,1,-1,-1,-1
317,24784,150.36,220.02,25.73,62.51,1,-1,-1,-1
318,24734,389.41,181.91,48.63,132.36,1,-1,-1,-1
318,24778,450.73,165.85,44.81,134.91,1,-1,-1,-1
318,24780,245.92,195.78,33.98,99.92,1,-1,-1,-1
318,24784,144.54,215.25,26.03,65.37,1,-1,-1,-1
319,24778,453.53,165.72,44.64,132.53,1,-1,-1,-1
319,24784,143.68,214.29,25.55,66.01,1,-1,-1,-1
320,24778,454.25,165.69,44.92,131.72,1,-1,-1,-1
320,24784,143.55,213.94,25.00,66.24,1,-1,-1,-1
321,24778,454.23,165.70,45.32,131.46,1,-1,-1,-1
321,24784,143.67,213.82,24.49,66.30,1,-1,-1,-1
322,24778,453.96,165.72,45.74,131.41,1,-1,-1,-1
322,24784,143.86,213.79,24.02,66.31,1,-1,-1,-1
323,24778,453.62,165.75,46.14,131.43,1,-1,-1,-1
323,24784,144.06,213.79,23.60,66.29,1,-1,-1,-1
324,24778,453.28,165.77,46.51,131.48,1,-1,-1,-1
324,24784,144.25,213.81,23.23,66.27,1,-1,-1,-1
325,24734,398.85,180.24,53.97,145.13,1,-1,-1,-1
325,24750,241.60,196.13,38.71,117.53,1,-1,-1,-1
325,24778,456.30,168.43,54.66,156.55,1,-1,-1,-1
325,24780,215.53,193.73,39.91,117.43,1,-1,-1,-1
325,24784,143.95,213.49,23.38,66.70,1,-1,-1,-1
325,24788,38.00,182.00,40.00,130.00,1,-1,-1,-1
326,24734,400.95,181.44,54.65,144.57,1,-1,-1,-1
326,24750,240.79,194.53,40.52,118.76,1,-1,-1,-1
326,24778,458.60,171.83,55.25,159.32,1,-1,-1,-1
326,24780,215.16,193.13,40.55,119.30,1,-1,-1,-1
327,24734,402.58,180.58,55.68,145.65,1,-1,-1,-1
327,24750,238.86,193.89,41.95,120.42,1,-1,-1,-1
327,24778,465.71,173.28,54.35,157.85,1,-1,-1,-1
328,24734,402.99,180.25,56.35,146.05,1,-1,-1,-1
328,24750,237.94,193.66,42.81,121.01,1,-1,-1,-1
328,24778,468.51,173.85,53.76,157.20,1,-1,-1,-1
329,24734,402.95,180.12,56.83,146.19,1,-1,-1,-1
329,24750,237.47,193.59,43.37,121.18,1,-1,-1,-1
329,24778,469.59,174.06,53.34,156.91,1,-1,-1,-1
330,24734,402.75,180.06,57.21,146.23,1,-1,-1,-1
330,24750,237.19,193.59,43.78,121.19,1,-1,-1,-1
330,24778,470.00,174.13,53.00,156.76,1,-1,-1,-1
331,24734,402.51,180.04,57.53,146.23,1,-1,-1,-1
331,24750,237.00,193.60,44.09,121.14,1,-1,-1,-1
331,24778,470.15,174.15,52.70,156.67,1,-1,-1,-1
332,24734,402.28,180.03,57.80,146.21,1,-1,-1,-1
332,24750,236.86,193.63,44.34,121.06,1,-1,-1,-1
332,24778,470.20,174.15,52.44,156.60,1,-1,-1,-1
333,24734,402.06,180.03,58.03,146.20,1,-1,-1,-1
333,24750,236.75,193.66,44.54,120.98,1,-1,-1,-1
333,24778,470.21,174.14,52.21,156.54,1,-1,-1,-1
334,24734,405.33,180.02,56.51,140.97,1,-1,-1,-1
334,24750,236.50,193.12,45.11,122.53,1,-1,-1,-1
334,24778,469.63,172.83,51.84,153.89,1,-1,-1,-1
334,24780,165.41,186.14,47.08,137.77,1,-1,-1,-1
334,24789,208.00,180.00,52.00,148.00,1,-1,-1,-1
335,24734,406.38,180.02,56.18,138.95,1,-1,-1,-1
335,24750,214.06,183.06,52.07,142.19,1,-1,-1,-1
335,24778,469.21,172.32,51.94,152.84,1,-1,-1,-1
335,24780,162.34,185.81,47.53,138.61,1,-1,-1,-1
336,24734,408.47,182.65,53.86,131.63,1,-1,-1,-1
336,24750,204.76,180.67,51.98,143.17,1,-1,-1,-1
336,24778,470.35,169.51,54.50,160.28,1,-1,-1,-1
336,24780,159.35,185.12,48.21,140.60,1,-1,-1,-1
336,24790,584.00,200.00,40.00,108.00,1,-1,-1,-1
337,24734,409.03,183.65,53.30,128.87,1,-1,-1,-1
337,24750,201.18,179.75,51.68,143.45,1,-1,-1,-1
337,24778,470.75,168.46,55.46,163.04,1,-1,-1,-1
337,24790,584.00,200.00,40.00,108.00,1,-1,-1,-1
338,24734,409.03,184.00,53.40,127.90,1,-1,-1,-1
338,24750,199.94,179.44,51.35,143.48,1,-1,-1,-1
338,24778,470.85,168.06,55.83,164.08,1,-1,-1,-1
338,24790,584.00,200.00,40.00,108.00,1,-1,-1,-1
339,24734,408.85,184.12,53.71,127.58,1,-1,-1,-1
339,24750,199.62,179.35,51.03,143.42,1,-1,-1,-1
339,24778,470.83,167.92,55.98,164.45,1,-1,-1,-1
339,24790,584.00,200.00,40.00,108.00,1,-1,-1,-1
340,24734,408.61,184.15,54.08,127.50,1,-1,-1,-1
340,24750,199.63,179.35,50.74,143.32,1,-1,-1,-1
340,24778,470.78,167.87,56.03,164.55,1,-1,-1,-1
340,24790,584.00,200.00,40.00,108.00,1,-1,-1,-1
341,24734,408.37,184.15,54.44,127.50,1,-1,-1,-1
341,24750,199.77,179.38,50.47,143.22,1,-1,-1,-1
341,24778,470.71,167.86,56.04,164.55,1,-1,-1,-1
341,24790,584.00,200.00,40.00,108.00,1,-1,-1,-1
342,24734,408.14,184.14,54.78,127.54,1,-1,-1,-1
342,24750,199.95,179.43,50.23,143.12,1,-1,-1,-1
342,24778,470.65,167.87,56.05,164.52,1,-1,-1,-1
342,24790,584.00,200.00,40.00,108.00,1,-1,-1,-1
343,24734,405.34,177.55,61.59,140.73,1,-1,-1,-1
343,24750,198.13,178.52,50.85,144.89,1,-1,-1,-1
343,24778,474.64,175.67,55.76,156.69,1,-1,-1,-1
343,24790,573.16,206.84,37.07,98.43,1,-1,-1,-1
343,24791,236.00,198.00,30.00,94.00,1,-1,-1,-1
343,24792,118.00,134.00,106.00,244.00,1,-1,-1,-1
344,24734,404.00,171.36,65.98,149.33,1,-1,-1,-1
344,24778,475.54,174.72,58.13,156.27,1,-1,-1,-1
344,24780,77.80,142.26,77.92,220.14,1,-1,-1,-1
344,24790,567.69,206.57,37.42,97.68,1,-1,-1,-1
344,24791,234.89,192.86,32.22,100.86,1,-1,-1,-1
344,24792,115.13,127.14,111.75,257.71,1,-1,-1,-1
345,24734,408.30,181.55,58.02,128.71,1,-1,-1,-1
345,24750,223.29,187.65,39.69,115.16,1,-1,-1,-1
345,24778,473.63,174.37,60.80,158.74,1,-1,-1,-1
345,24780,71.44,139.36,79.96,225.89,1,-1,-1,-1
345,24790,566.15,211.94,35.65,91.98,1,-1,-1,-1
345,24792,119.07,117.20,120.00,279.07,1,-1,-1,-1
346,24734,409.20,181.50,57.83,128.27,1,-1,-1,-1
346,24750,231.34,195.24,35.26,103.81,1,-1,-1,-1
346,24778,474.78,174.64,60.91,159.02,1,-1,-1,-1
346,24780,50.55,137.57,92.22,253.50,1,-1,-1,-1
346,24790,564.89,211.06,36.70,94.15,1,-1,-1,-1
346,24792,118.43,112.36,121.31,283.63,1,-1,-1,-1
346,24793,268.00,194.00,32.00,98.00,1,-1,-1,-1
347,24750,233.75,197.38,33.74,100.60,1,-1,-1,-1
347,24780,43.75,136.75,96.89,261.34,1,-1,-1,-1
347,24790,564.42,210.74,37.21,94.93,1,-1,-1,-1
347,24792,118.39,110.85,121.00,284.69,1,-1,-1,-1
347,24793,268.00,194.00,32.00,98.00,1,-1,-1,-1
348,24750,234.65,198.07,33.02,99.57,1,-1,-1,-1
348,24780,40.84,136.48,99.36,264.34,1,-1,-1,-1
348,24790,564.26,210.57,37.54,95.27,1,-1,-1,-1
348,24792,118.64,110.53,120.16,284.68,1,-1,-1,-1
348,24793,268.00,194.00,32.00,98.00,1,-1,-1,-1
349,24750,235.02,198.29,32.59,99.26,1,-1,-1,-1
349,24780,39.59,136.44,100.81,265.37,1,-1,-1,-1
349,24790,564.21,210.47,37.79,95.44,1,-1,-1,-1
349,24792,119.01,110.58,119.15,284.39,1,-1,-1,-1
349,24793,268.00,194.00,32.00,98.00,1,-1,-1,-1
350,24750,235.20,198.34,32.29,99.22,1,-1,-1,-1
350,24780,39.06,136.50,101.75,265.60,1,-1,-1,-1
350,24790,564.20,210.40,38.00,95.54,1,-1,-1,-1
350,24792,119.44,110.73,118.11,284.08,1,-1,-1,-1
350,24793,268.00,194.00,32.00,98.00,1,-1,-1,-1
351,24750,235.30,198.33,32.05,99.26,1,-1,-1,-1
351,24780,38.83,136.58,102.43,265.53,1,-1,-1,-1
351,24790,564.19,210.35,38.18,95.60,1,-1,-1,-1
351,24792,119.88,110.88,117.07,283.80,1,-1,-1,-1
351,24793,268.00,194.00,32.00,98.00,1,-1,-1,-1
352,24734,393.13,187.61,60.15,133.52,1,-1,-1,-1
352,24750,240.36,194.31,33.89,106.00,1,-1,-1,-1
352,24780,2.93,64.20,144.06,382.33,1,-1,-1,-1
352,24790,563.14,210.93,37.93,94.97,1,-1,-1,-1
352,24792,119.95,109.08,118.26,286.69,1,-1,-1,-1
352,24793,268.00,194.00,32.00,98.00,1,-1,-1,-1
352,24794,538.00,206.00,40.00,104.00,1,-1,-1,-1
352,24795,200.00,200.00,32.00,100.00,1,-1,-1,-1
353,24734,390.22,186.66,61.25,136.58,1,-1,-1,-1
353,24750,242.46,195.42,34.01,107.17,1,-1,-1,-1
353,24780,-4.86,57.43,148.91,395.20,1,-1,-1,-1
353,24790,543.34,208.77,39.44,98.75,1,-1,-1,-1
353,24795,200.37,194.86,34.68,108.57,1,-1,-1,-1
354,24734,389.58,183.75,62.19,140.22,1,-1,-1,-1
354,24750,243.78,195.59,33.95,106.96,1,-1,-1,-1
354,24790,538.76,208.36,38.60,95.53,1,-1,-1,-1
354,24795,198.80,191.10,35.49,111.45,1,-1,-1,-1
