1,9149,1680.00,392.00,130.00,352.00,1,-1,-1,-1
2,9149,1680.00,392.00,130.00,352.00,1,-1,-1,-1
3,9149,1680.00,392.00,130.00,352.00,1,-1,-1,-1
4,9149,1680.00,392.00,130.00,352.00,1,-1,-1,-1
5,9149,1680.00,392.00,130.00,352.00,1,-1,-1,-1
6,9149,1680.00,392.00,130.00,352.00,1,-1,-1,-1
7,9149,1680.00,392.00,130.00,352.00,1,-1,-1,-1
8,9149,1680.00,392.00,130.00,352.00,1,-1,-1,-1
9,9149,1680.00,392.00,130.00,352.00,1,-1,-1,-1
10,9149,1680.00,392.00,130.00,352.00,1,-1,-1,-1
11,9149,1680.00,392.00,130.00,352.00,1,-1,-1,-1
12,9149,1680.46,395.99,131.73,357.32,1,-1,-1,-1
13,9149,1680.71,397.47,132.23,359.29,1,-1,-1,-1
14,9149,1680.86,398.02,132.29,360.02,1,-1,-1,-1
15,9149,1680.98,398.20,132.18,360.27,1,-1,-1,-1
16,9149,1681.07,398.25,132.03,360.34,1,-1,-1,-1
17,9149,1681.16,398.25,131.86,360.34,1,-1,-1,-1
18,9149,1681.23,398.24,131.69,360.32,1,-1,-1,-1
19,9149,1681.30,398.22,131.54,360.29,1,-1,-1,-1
20,9149,1681.37,398.20,131.40,360.27,1,-1,-1,-1
21,9149,1681.43,398.18,131.27,360.24,1,-1,-1,-1
22,9149,1681.48,398.16,131.15,360.22,1,-1,-1,-1
23,9149,1670.70,395.53,130.48,360.20,1,-1,-1,-1
24,9149,1666.79,394.53,129.87,360.18,1,-1,-1,-1
25,9149,1665.51,394.15,129.32,360.16,1,-1,-1,-1
26,9149,1665.21,394.01,128.82,360.14,1,-1,-1,-1
27,9149,1665.27,393.96,128.37,360.13,1,-1,-1,-1
28,9149,1665.45,393.95,127.95,360.12,1,-1,-1,-1
29,9149,1665.66,393.94,127.58,360.11,1,-1,-1,-1
30,9149,1665.87,393.95,127.24,360.10,1,-1,-1,-1
31,9149,1666.07,393.95,126.93,360.09,1,-1,-1,-1
32,9149,1666.25,393.95,126.65,360.08,1,-1,-1,-1
33,9149,1666.42,393.96,126.40,360.07,1,-1,-1,-1
34,9149,1663.13,371.76,136.96,392.71,1,-1,-1,-1
35,9149,1662.19,363.57,140.32,404.76,1,-1,-1,-1
36,9149,1662.07,360.36,141.18,409.48,1,-1,-1,-1
37,9149,1662.26,359.19,141.07,411.20,1,-1,-1,-1
38,9149,1662.54,358.82,140.62,411.74,1,-1,-1,-1
39,9149,1662.84,358.75,140.08,411.84,1,-1,-1,-1
40,9149,1663.13,358.79,139.54,411.78,1,-1,-1,-1
41,9149,1663.39,358.88,139.03,411.66,1,-1,-1,-1
42,9149,1663.64,358.97,138.55,411.52,1,-1,-1,-1
43,9149,1663.86,359.06,138.12,411.39,1,-1,-1,-1
44,9149,1664.07,359.14,137.73,411.26,1,-1,-1,-1
45,9149,1650.85,339.72,148.57,442.35,1,-1,-1,-1
45,9150,252.00,474.00,182.00,396.00,1,-1,-1,-1
46,9149,1645.81,332.49,152.85,453.92,1,-1,-1,-1
46,9150,252.00,474.00,182.00,396.00,1,-1,-1,-1
47,9149,1643.75,329.71,154.70,458.37,1,-1,-1,-1
47,9150,252.00,474.00,182.00,396.00,1,-1,-1,-1
48,9149,1642.91,328.74,155.56,459.95,1,-1,-1,-1
48,9150,252.00,474.00,182.00,396.00,1,-1,-1,-1
49,9149,1642.56,328.46,156.01,460.40,1,-1,-1,-1
49,9150,252.00,474.00,182.00,396.00,1,-1,-1,-1
50,9149,1642.40,328.44,156.29,460.43,1,-1,-1,-1
50,9150,252.00,474.00,182.00,396.00,1,-1,-1,-1
51,9149,1642.31,328.52,156.49,460.31,1,-1,-1,-1
51,9150,252.00,474.00,182.00,396.00,1,-1,-1,-1
52,9149,1642.26,328.63,156.65,460.14,1,-1,-1,-1
52,9150,252.00,474.00,182.00,396.00,1,-1,-1,-1
53,9149,1642.23,328.75,156.79,459.96,1,-1,-1,-1
53,9150,252.00,474.00,182.00,396.00,1,-1,-1,-1
54,9149,1642.20,328.86,156.91,459.78,1,-1,-1,-1
54,9150,252.00,474.00,182.00,396.00,1,-1,-1,-1
55,9149,1642.18,328.96,157.02,459.62,1,-1,-1,-1
55,9150,252.00,474.00,182.00,396.00,1,-1,-1,-1
56,9149,1627.80,321.26,163.73,472.47,1,-1,-1,-1
56,9150,252.00,474.00,182.00,396.00,1,-1,-1,-1
56,9151,496.00,508.00,214.00,328.00,1,-1,-1,-1
57,9149,1621.76,318.38,167.51,477.27,1,-1,-1,-1
57,9151,496.00,508.00,214.00,328.00,1,-1,-1,-1
58,9149,1618.93,317.34,170.06,479.01,1,-1,-1,-1
58,9151,496.00,508.00,214.00,328.00,1,-1,-1,-1
59,9149,1617.40,317.01,172.00,479.57,1,-1,-1,-1
59,9151,496.00,508.00,214.00,328.00,1,-1,-1,-1
60,9149,1616.44,316.95,173.62,479.67,1,-1,-1,-1
60,9151,496.00,508.00,214.00,328.00,1,-1,-1,-1
61,9149,1615.72,316.99,175.03,479.62,1,-1,-1,-1
61,9151,496.00,508.00,214.00,328.00,1,-1,-1,-1
62,9149,1615.13,317.06,176.28,479.50,1,-1,-1,-1
62,9151,496.00,508.00,214.00,328.00,1,-1,-1,-1
63,9149,1614.62,317.14,177.41,479.38,1,-1,-1,-1
63,9151,496.00,508.00,214.00,328.00,1,-1,-1,-1
64,9149,1614.17,317.22,178.42,479.25,1,-1,-1,-1
64,9151,496.00,508.00,214.00,328.00,1,-1,-1,-1
65,9149,1613.77,317.29,179.34,479.14,1,-1,-1,-1
65,9151,496.00,508.00,214.00,328.00,1,-1,-1,-1
66,9149,1613.41,317.36,180.17,479.03,1,-1,-1,-1
66,9151,496.00,508.00,214.00,328.00,1,-1,-1,-1
67,9149,1606.25,301.78,193.28,516.72,1,-1,-1,-1
67,9151,496.00,508.00,214.00,328.00,1,-1,-1,-1
67,9152,632.00,332.00,250.00,492.00,1,-1,-1,-1
68,9149,1603.91,296.01,197.52,530.70,1,-1,-1,-1
68,9152,632.00,332.00,250.00,492.00,1,-1,-1,-1
69,9149,1603.30,293.78,198.63,536.11,1,-1,-1,-1
69,9150,634.72,334.57,229.56,490.26,1,-1,-1,-1
70,9149,1602.98,294.29,199.27,536.75,1,-1,-1,-1
70,9150,667.19,328.80,230.35,490.76,1,-1,-1,-1
70,9153,1522.00,378.00,150.00,434.00,1,-1,-1,-1
71,9149,1602.81,294.56,199.65,536.82,1,-1,-1,-1
71,9150,679.08,326.77,230.80,490.80,1,-1,-1,-1
71,9153,1522.00,378.00,150.00,434.00,1,-1,-1,-1
72,9149,1602.70,294.74,199.93,536.70,1,-1,-1,-1
72,9150,682.95,326.21,231.08,490.68,1,-1,-1,-1
72,9153,1522.00,378.00,150.00,434.00,1,-1,-1,-1
73,9149,1602.62,294.87,200.15,536.50,1,-1,-1,-1
73,9150,683.76,326.20,231.27,490.50,1,-1,-1,-1
73,9153,1522.00,378.00,150.00,434.00,1,-1,-1,-1
74,9149,1602.55,294.98,200.34,536.30,1,-1,-1,-1
74,9150,683.42,326.39,231.41,490.31,1,-1,-1,-1
74,9153,1522.00,378.00,150.00,434.00,1,-1,-1,-1
75,9149,1602.49,295.07,200.51,536.10,1,-1,-1,-1
75,9150,682.68,326.65,231.51,490.12,1,-1,-1,-1
75,9153,1522.00,378.00,150.00,434.00,1,-1,-1,-1
76,9149,1602.44,295.16,200.66,535.91,1,-1,-1,-1
76,9150,681.83,326.93,231.59,489.94,1,-1,-1,-1
76,9153,1522.00,378.00,150.00,434.00,1,-1,-1,-1
77,9149,1602.40,295.24,200.79,535.73,1,-1,-1,-1
77,9150,680.98,327.19,231.66,489.76,1,-1,-1,-1
77,9153,1522.00,378.00,150.00,434.00,1,-1,-1,-1
78,9149,1625.98,305.71,192.67,512.16,1,-1,-1,-1
78,9150,753.30,346.91,212.65,445.48,1,-1,-1,-1
78,9153,1502.89,359.05,155.74,451.59,1,-1,-1,-1
79,9149,1632.78,311.13,195.48,517.51,1,-1,-1,-1
79,9150,783.52,340.11,217.13,448.14,1,-1,-1,-1
79,9153,1487.79,336.31,167.52,489.68,1,-1,-1,-1
80,9149,1635.03,313.12,196.93,519.45,1,-1,-1,-1
80,9150,793.11,337.75,220.43,449.09,1,-1,-1,-1
80,9153,1482.60,327.82,171.04,503.95,1,-1,-1,-1
81,9149,1635.63,313.86,197.86,520.16,1,-1,-1,-1
81,9150,795.37,336.95,223.14,449.47,1,-1,-1,-1
81,9153,1481.12,324.66,171.56,509.33,1,-1,-1,-1
82,9149,1635.63,314.12,198.54,520.40,1,-1,-1,-1
82,9150,794.95,336.74,225.47,449.63,1,-1,-1,-1
82,9153,1481.09,323.63,170.91,511.14,1,-1,-1,-1
83,9149,1635.41,314.21,199.10,520.45,1,-1,-1,-1
83,9150,793.64,336.75,227.52,449.71,1,-1,-1,-1
83,9153,1481.57,323.42,169.88,511.58,1,-1,-1,-1
84,9149,1635.13,314.23,199.58,520.45,1,-1,-1,-1
84,9150,792.12,336.83,229.34,449.75,1,-1,-1,-1
84,9153,1482.21,323.51,168.75,511.52,1,-1,-1,-1
85,9149,1634.85,314.22,200.01,520.42,1,-1,-1,-1
85,9150,790.62,336.92,230.97,449.79,1,-1,-1,-1
85,9153,1482.88,323.68,167.65,511.28,1,-1,-1,-1
86,9149,1634.59,314.20,200.39,520.38,1,-1,-1,-1
86,9150,789.23,337.02,232.43,449.81,1,-1,-1,-1
86,9153,1483.51,323.88,166.61,511.01,1,-1,-1,-1
87,9149,1634.34,314.19,200.73,520.35,1,-1,-1,-1
87,9150,787.95,337.12,233.75,449.83,1,-1,-1,-1
87,9153,1484.11,324.08,165.64,510.73,1,-1,-1,-1
88,9149,1634.12,314.17,201.05,520.32,1,-1,-1,-1
88,9150,786.80,337.20,234.93,449.85,1,-1,-1,-1
88,9153,1484.65,324.26,164.76,510.48,1,-1,-1,-1
89,9149,1637.03,297.18,218.61,571.21,1,-1,-1,-1
89,9150,868.83,349.04,211.04,410.64,1,-1,-1,-1
89,9153,1466.06,360.87,160.47,488.11,1,-1,-1,-1
90,9149,1641.29,285.88,226.27,596.26,1,-1,-1,-1
90,9150,912.85,337.47,208.86,413.04,1,-1,-1,-1
90,9153,1454.52,365.86,163.74,493.87,1,-1,-1,-1
91,9149,1643.48,281.38,228.25,606.15,1,-1,-1,-1
91,9150,929.00,333.44,206.22,413.91,1,-1,-1,-1
91,9153,1449.98,367.66,165.69,495.94,1,-1,-1,-1
92,9149,1644.77,279.67,228.02,609.84,1,-1,-1,-1
92,9150,935.28,331.97,203.64,414.34,1,-1,-1,-1
92,9153,1448.05,368.31,167.08,496.66,1,-1,-1,-1
93,9149,1645.65,279.08,227.01,611.06,1,-1,-1,-1
93,9150,937.80,331.47,201.24,414.59,1,-1,-1,-1
93,9153,1447.16,368.52,168.19,496.88,1,-1,-1,-1
94,9149,1646.33,278.92,225.78,611.33,1,-1,-1,-1
94,9150,938.88,331.34,199.05,414.77,1,-1,-1,-1
94,9153,1446.66,368.56,169.15,496.90,1,-1,-1,-1
95,9149,1646.91,278.92,224.55,611.24,1,-1,-1,-1
95,9150,939.41,331.33,197.05,414.90,1,-1,-1,-1
95,9153,1446.34,368.54,170.00,496.85,1,-1,-1,-1
96,9149,1647.41,278.98,223.39,611.04,1,-1,-1,-1
96,9150,939.73,331.37,195.24,415.02,1,-1,-1,-1
96,9153,1446.10,368.50,170.76,496.78,1,-1,-1,-1
97,9149,1647.86,279.05,222.32,610.80,1,-1,-1,-1
97,9150,939.96,331.42,193.61,415.12,1,-1,-1,-1
97,9153,1445.89,368.46,171.45,496.71,1,-1,-1,-1
98,9149,1648.26,279.13,221.34,610.56,1,-1,-1,-1
98,9150,940.15,331.47,192.12,415.21,1,-1,-1,-1
98,9153,1445.71,368.42,172.07,496.65,1,-1,-1,-1
99,9149,1648.62,279.21,220.46,610.33,1,-1,-1,-1
99,9150,940.32,331.52,190.78,415.28,1,-1,-1,-1
99,9153,1445.55,368.38,172.63,496.58,1,-1,-1,-1
100,9149,1626.63,277.98,216.23,597.13,1,-1,-1,-1
100,9150,948.19,330.75,190.25,414.13,1,-1,-1,-1
100,9153,1396.14,343.54,175.08,503.05,1,-1,-1,-1
100,9154,1060.00,398.00,160.00,358.00,1,-1,-1,-1
101,9149,1625.38,276.72,217.05,599.39,1,-1,-1,-1
101,9150,1034.86,360.88,175.84,389.06,1,-1,-1,-1
101,9153,1375.99,331.55,176.50,509.37,1,-1,-1,-1
102,9149,1613.16,275.88,213.55,591.15,1,-1,-1,-1
102,9150,1060.11,373.25,170.09,379.07,1,-1,-1,-1
102,9153,1367.90,321.84,180.81,519.51,1,-1,-1,-1
103,9149,1610.40,275.56,212.50,589.48,1,-1,-1,-1
103,9150,1068.86,377.41,167.51,375.72,1,-1,-1,-1
103,9153,1364.80,318.21,182.86,523.33,1,-1,-1,-1
104,9149,1609.56,275.45,211.88,588.88,1,-1,-1,-1
104,9150,1071.91,378.84,166.06,374.61,1,-1,-1,-1
104,9153,1363.67,316.92,184.00,524.72,1,-1,-1,-1
105,9149,1609.42,275.45,211.44,588.63,1,-1,-1,-1
105,9150,1072.82,379.27,165.08,374.32,1,-1,-1,-1
105,9153,1363.29,316.53,184.75,525.16,1,-1,-1,-1
106,9149,1609.52,275.48,211.07,588.50,1,-1,-1,-1
106,9150,1072.94,379.34,164.32,374.32,1,-1,-1,-1
106,9153,1363.19,316.47,185.32,525.25,1,-1,-1,-1
107,9149,1609.71,275.52,210.76,588.43,1,-1,-1,-1
107,9150,1072.79,379.28,163.68,374.43,1,-1,-1,-1
107,9153,1363.20,316.54,185.80,525.21,1,-1,-1,-1
108,9149,1609.91,275.56,210.49,588.38,1,-1,-1,-1
108,9150,1072.55,379.17,163.12,374.57,1,-1,-1,-1
108,9153,1363.25,316.65,186.21,525.13,1,-1,-1,-1
109,9149,1610.10,275.60,210.25,588.34,1,-1,-1,-1
109,9150,1072.31,379.07,162.63,374.70,1,-1,-1,-1
109,9153,1363.30,316.77,186.58,525.04,1,-1,-1,-1
110,9149,1610.28,275.64,210.03,588.30,1,-1,-1,-1
110,9150,1072.08,378.97,162.18,374.83,1,-1,-1,-1
110,9153,1363.36,316.88,186.90,524.94,1,-1,-1,-1
111,9149,1609.07,275.07,210.20,588.79,1,-1,-1,-1
111,9150,1079.25,380.53,161.36,372.93,1,-1,-1,-1
111,9153,1359.60,315.08,187.44,526.45,1,-1,-1,-1
111,9155,1194.00,310.00,200.00,480.00,1,-1,-1,-1
112,9153,1241.28,310.76,177.95,491.16,1,-1,-1,-1
113,9153,1208.54,298.64,194.70,535.08,1,-1,-1,-1
114,9153,1197.13,294.61,200.67,549.38,1,-1,-1,-1
115,9153,1192.98,293.13,203.38,554.93,1,-1,-1,-1
116,9153,1191.71,292.66,204.75,556.97,1,-1,-1,-1
117,9153,1191.50,292.57,205.54,557.63,1,-1,-1,-1
118,9153,1191.67,292.62,206.09,557.77,1,-1,-1,-1
119,9153,1191.97,292.71,206.51,557.72,1,-1,-1,-1
120,9153,1192.30,292.82,206.87,557.61,1,-1,-1,-1
121,9153,1192.62,292.92,207.18,557.47,1,-1,-1,-1
122,9149,1489.96,192.21,204.39,549.29,1,-1,-1,-1
122,9153,1189.27,325.54,219.97,587.26,1,-1,-1,-1
123,9149,1473.33,187.76,216.05,566.16,1,-1,-1,-1
123,9153,1177.44,307.15,235.88,630.28,1,-1,-1,-1
124,9149,1466.73,186.19,222.09,571.10,1,-1,-1,-1
124,9153,1173.05,300.00,241.90,646.89,1,-1,-1,-1
125,9149,1463.60,185.75,226.13,572.98,1,-1,-1,-1
125,9153,1171.63,297.14,244.11,653.27,1,-1,-1,-1
126,9149,1461.94,185.75,229.11,573.70,1,-1,-1,-1
126,9153,1171.37,296.04,244.79,655.49,1,-1,-1,-1
127,9149,1460.92,185.89,231.46,573.96,1,-1,-1,-1
127,9153,1171.53,295.65,244.87,656.10,1,-1,-1,-1
128,9149,1460.22,186.07,233.40,574.06,1,-1,-1,-1
128,9153,1171.82,295.52,244.75,656.10,1,-1,-1,-1
129,9149,1459.68,186.25,235.04,574.09,1,-1,-1,-1
129,9153,1172.15,295.51,244.55,655.88,1,-1,-1,-1
130,9149,1459.24,186.41,236.44,574.09,1,-1,-1,-1
130,9153,1172.48,295.53,244.34,655.59,1,-1,-1,-1
131,9149,1458.87,186.57,237.67,574.09,1,-1,-1,-1
131,9153,1172.79,295.56,244.13,655.30,1,-1,-1,-1
132,9149,1458.56,186.71,238.74,574.08,1,-1,-1,-1
132,9153,1173.08,295.60,243.94,655.01,1,-1,-1,-1
133,9149,1393.39,188.14,291.06,704.76,1,-1,-1,-1
133,9153,1143.12,282.66,262.68,687.17,1,-1,-1,-1
134,9149,1370.29,183.73,306.74,746.60,1,-1,-1,-1
134,9153,1131.93,276.52,274.77,704.31,1,-1,-1,-1
135,9149,1361.19,181.92,312.44,764.04,1,-1,-1,-1
135,9153,1126.26,274.17,282.36,710.81,1,-1,-1,-1
136,9149,1358.23,181.25,313.81,770.61,1,-1,-1,-1
136,9153,1122.94,273.32,287.86,713.08,1,-1,-1,-1
137,9149,1357.70,181.05,313.51,772.76,1,-1,-1,-1
137,9153,1120.65,273.05,292.27,713.72,1,-1,-1,-1
138,9149,1358.07,181.02,312.64,773.21,1,-1,-1,-1
138,9153,1118.85,273.01,296.04,713.74,1,-1,-1,-1
139,9149,1358.74,181.06,311.61,773.01,1,-1,-1,-1
139,9153,1117.35,273.05,299.35,713.54,1,-1,-1,-1
140,9149,1359.48,181.12,310.58,772.59,1,-1,-1,-1
140,9153,1116.03,273.12,302.32,713.27,1,-1,-1,-1
141,9149,1360.21,181.19,309.61,772.10,1,-1,-1,-1
141,9153,1114.86,273.19,304.98,712.99,1,-1,-1,-1
142,9149,1360.91,181.26,308.72,771.60,1,-1,-1,-1
142,9153,1113.80,273.26,307.38,712.73,1,-1,-1,-1
143,9149,1361.55,181.32,307.90,771.12,1,-1,-1,-1
143,9153,1112.86,273.33,309.55,712.48,1,-1,-1,-1
144,9149,1355.98,180.25,311.14,779.21,1,-1,-1,-1
144,9153,1081.53,221.37,337.35,773.37,1,-1,-1,-1
145,9153,1069.50,202.07,348.47,795.98,1,-1,-1,-1
146,9153,1064.54,194.53,353.45,804.73,1,-1,-1,-1
147,9153,1062.50,191.78,355.86,807.83,1,-1,-1,-1
148,9153,1061.61,190.93,357.19,808.72,1,-1,-1,-1
149,9153,1061.19,190.79,358.08,808.79,1,-1,-1,-1
150,9153,1060.96,190.91,358.75,808.55,1,-1,-1,-1
151,9153,1060.81,191.13,359.30,808.22,1,-1,-1,-1
152,9153,1060.71,191.36,359.77,807.86,1,-1,-1,-1
153,9153,1060.62,191.59,360.20,807.52,1,-1,-1,-1
154,9153,1060.55,191.81,360.57,807.20,1,-1,-1,-1
155,9149,857.12,274.20,302.75,752.17,1,-1,-1,-1
155,9153,1087.56,164.72,375.63,849.79,1,-1,-1,-1
156,9149,829.54,291.23,298.80,743.87,1,-1,-1,-1
156,9153,1095.21,141.86,388.85,888.65,1,-1,-1,-1
156,9156,240.00,300.00,188.00,580.00,1,-1,-1,-1
157,9149,820.35,296.36,297.41,741.56,1,-1,-1,-1
157,9153,1099.30,133.06,391.76,903.64,1,-1,-1,-1
157,9156,240.00,300.00,188.00,580.00,1,-1,-1,-1
158,9149,817.81,298.09,296.69,740.70,1,-1,-1,-1
158,9153,1101.86,129.82,390.85,909.18,1,-1,-1,-1
158,9156,240.00,300.00,188.00,580.00,1,-1,-1,-1
159,9149,817.89,298.54,296.26,740.36,1,-1,-1,-1
159,9153,1103.72,128.78,388.61,910.99,1,-1,-1,-1
159,9156,240.00,300.00,188.00,580.00,1,-1,-1,-1
160,9149,818.85,298.53,295.95,740.22,1,-1,-1,-1
160,9153,1105.21,128.59,386.04,911.36,1,-1,-1,-1
160,9156,240.00,300.00,188.00,580.00,1,-1,-1,-1
161,9149,820.04,298.36,295.71,740.15,1,-1,-1,-1
161,9153,1106.48,128.71,383.51,911.20,1,-1,-1,-1
161,9156,240.00,300.00,188.00,580.00,1,-1,-1,-1
162,9149,821.21,298.15,295.52,740.12,1,-1,-1,-1
162,9153,1107.60,128.93,381.14,910.86,1,-1,-1,-1
162,9156,240.00,300.00,188.00,580.00,1,-1,-1,-1
163,9149,822.29,297.94,295.36,740.10,1,-1,-1,-1
163,9153,1108.61,129.18,378.96,910.47,1,-1,-1,-1
163,9156,240.00,300.00,188.00,580.00,1,-1,-1,-1
164,9149,823.27,297.75,295.22,740.09,1,-1,-1,-1
164,9153,1109.51,129.42,376.97,910.08,1,-1,-1,-1
164,9156,240.00,300.00,188.00,580.00,1,-1,-1,-1
165,9149,824.14,297.58,295.09,740.08,1,-1,-1,-1
165,9153,1110.32,129.65,375.17,909.71,1,-1,-1,-1
165,9156,240.00,300.00,188.00,580.00,1,-1,-1,-1
166,9149,786.95,254.23,310.71,768.87,1,-1,-1,-1
166,9153,1077.47,107.79,388.74,928.86,1,-1,-1,-1
166,9156,240.00,300.00,188.00,580.00,1,-1,-1,-1
166,9157,376.00,354.00,224.00,524.00,1,-1,-1,-1
167,9149,772.15,237.98,318.79,779.62,1,-1,-1,-1
167,9153,1063.50,99.59,396.88,935.97,1,-1,-1,-1
167,9156,365.78,342.43,178.46,535.99,1,-1,-1,-1
168,9149,758.27,234.92,320.23,783.15,1,-1,-1,-1
168,9153,1030.24,86.26,411.83,951.42,1,-1,-1,-1
168,9156,403.40,349.17,181.46,535.91,1,-1,-1,-1
169,9153,1015.37,81.31,421.95,957.13,1,-1,-1,-1
169,9156,414.79,351.38,184.25,535.86,1,-1,-1,-1
170,9153,1007.81,79.60,429.75,959.09,1,-1,-1,-1
170,9156,417.63,352.04,186.88,535.98,1,-1,-1,-1
171,9153,1003.28,79.13,436.26,959.60,1,-1,-1,-1
171,9156,417.39,352.12,189.33,536.16,1,-1,-1,-1
172,9153,1000.09,79.13,441.92,959.58,1,-1,-1,-1
172,9156,416.12,352.00,191.58,536.35,1,-1,-1,-1
173,9153,997.55,79.29,446.97,959.36,1,-1,-1,-1
173,9156,414.58,351.83,193.65,536.52,1,-1,-1,-1
174,9153,995.40,79.51,451.49,959.10,1,-1,-1,-1
174,9156,413.05,351.65,195.54,536.67,1,-1,-1,-1
175,9153,993.50,79.72,455.57,958.83,1,-1,-1,-1
175,9156,411.62,351.49,197.26,536.81,1,-1,-1,-1
176,9153,991.81,79.93,459.25,958.57,1,-1,-1,-1
176,9156,410.31,351.34,198.82,536.93,1,-1,-1,-1
177,9149,485.51,198.39,347.06,821.71,1,-1,-1,-1
177,9153,988.32,76.62,461.22,962.67,1,-1,-1,-1
177,9156,418.27,353.50,198.18,535.21,1,-1,-1,-1
178,9149,470.01,196.97,355.96,823.16,1,-1,-1,-1
179,9149,462.64,196.45,362.66,823.71,1,-1,-1,-1
180,9149,459.05,196.34,367.92,823.82,1,-1,-1,-1
181,9149,457.15,196.39,372.17,823.75,1,-1,-1,-1
182,9149,456.04,196.51,375.71,823.62,1,-1,-1,-1
183,9149,455.30,196.64,378.71,823.49,1,-1,-1,-1
184,9149,454.77,196.76,381.28,823.35,1,-1,-1,-1
185,9149,454.36,196.88,383.51,823.22,1,-1,-1,-1
186,9149,454.04,196.98,385.46,823.11,1,-1,-1,-1
187,9149,453.77,197.08,387.18,823.00,1,-1,-1,-1
188,9149,444.36,195.61,387.95,824.61,1,-1,-1,-1
188,9153,716.92,10.92,478.86,1044.84,1,-1,-1,-1
188,9158,218.00,152.00,360.00,850.00,1,-1,-1,-1
188,9159,32.00,138.00,288.00,856.00,1,-1,-1,-1
189,9153,695.26,3.27,472.12,1061.16,1,-1,-1,-1
189,9158,175.52,129.71,369.53,870.57,1,-1,-1,-1
190,9153,682.68,3.21,466.97,1068.05,1,-1,-1,-1
190,9158,136.64,114.11,387.17,909.67,1,-1,-1,-1
191,9153,674.35,9.79,458.77,1058.84,1,-1,-1,-1
191,9158,132.08,120.58,379.44,883.79,1,-1,-1,-1
192,9153,672.67,12.49,453.74,1055.05,1,-1,-1,-1
192,9158,130.63,123.54,378.70,873.24,1,-1,-1,-1
193,9153,673.32,13.63,450.23,1053.45,1,-1,-1,-1
193,9158,129.33,124.71,381.25,869.51,1,-1,-1,-1
194,9153,674.72,14.16,447.53,1052.69,1,-1,-1,-1
194,9158,127.82,125.20,385.10,868.22,1,-1,-1,-1
195,9153,676.28,14.45,445.32,1052.27,1,-1,-1,-1
195,9158,126.12,125.44,389.47,867.79,1,-1,-1,-1
196,9153,677.79,14.65,443.44,1051.99,1,-1,-1,-1
196,9158,124.29,125.56,394.01,867.67,1,-1,-1,-1
197,9153,679.18,14.79,441.81,1051.78,1,-1,-1,-1
197,9158,122.39,125.64,398.53,867.65,1,-1,-1,-1
198,9153,680.44,14.91,440.38,1051.60,1,-1,-1,-1
198,9158,120.49,125.69,402.95,867.68,1,-1,-1,-1
199,9149,-22.85,164.44,373.92,838.12,1,-1,-1,-1
199,9153,549.84,38.49,437.87,1034.49,1,-1,-1,-1
199,9158,193.35,178.92,372.08,807.88,1,-1,-1,-1
200,9149,-24.68,153.78,356.80,842.59,1,-1,-1,-1
200,9153,490.23,43.61,440.18,1027.88,1,-1,-1,-1
200,9158,212.33,196.50,360.58,793.31,1,-1,-1,-1
201,9149,-21.75,150.28,342.87,844.07,1,-1,-1,-1
201,9153,467.18,45.50,443.65,1025.37,1,-1,-1,-1
201,9158,220.26,202.56,353.84,788.36,1,-1,-1,-1
202,9149,-16.83,149.04,331.59,844.58,1,-1,-1,-1
202,9153,458.06,46.19,447.30,1024.43,1,-1,-1,-1
202,9158,224.19,204.53,348.97,786.83,1,-1,-1,-1
203,9149,-11.61,148.67,322.32,844.72,1,-1,-1,-1
203,9153,454.29,46.41,450.77,1024.08,1,-1,-1,-1
203,9158,226.59,205.01,344.95,786.54,1,-1,-1,-1
204,9149,-6.73,148.62,314.60,844.73,1,-1,-1,-1
204,9153,452.61,46.47,453.96,1023.95,1,-1,-1,-1
204,9158,228.35,204.97,341.42,786.68,1,-1,-1,-1
205,9149,-2.37,148.69,308.08,844.68,1,-1,-1,-1
205,9153,451.75,46.46,456.87,1023.91,1,-1,-1,-1
205,9158,229.80,204.75,338.22,786.95,1,-1,-1,-1
206,9149,1.48,148.79,302.49,844.63,1,-1,-1,-1
206,9153,451.23,46.43,459.49,1023.90,1,-1,-1,-1
206,9158,231.09,204.50,335.30,787.24,1,-1,-1,-1
207,9149,4.87,148.90,297.67,844.57,1,-1,-1,-1
207,9153,450.86,46.39,461.86,1023.90,1,-1,-1,-1
207,9158,232.26,204.25,332.62,787.52,1,-1,-1,-1
208,9149,7.86,149.00,293.46,844.52,1,-1,-1,-1
208,9153,450.56,46.36,464.00,1023.91,1,-1,-1,-1
208,9158,233.32,204.03,330.18,787.77,1,-1,-1,-1
209,9149,10.51,149.09,289.77,844.47,1,-1,-1,-1
209,9153,450.31,46.32,465.93,1023.92,1,-1,-1,-1
209,9158,234.30,203.82,327.94,787.99,1,-1,-1,-1
210,9149,-1.81,147.64,290.02,845.22,1,-1,-1,-1
210,9153,439.51,46.84,465.87,1023.79,1,-1,-1,-1
210,9158,146.36,78.95,432.69,1006.08,1,-1,-1,-1
210,9160,670.00,366.00,156.00,468.00,1,-1,-1,-1
210,9161,1056.00,388.00,162.00,378.00,1,-1,-1,-1
210,9162,976.00,396.00,150.00,400.00,1,-1,-1,-1
211,9158,110.63,35.15,479.31,1082.66,1,-1,-1,-1
211,9160,670.00,366.00,156.00,468.00,1,-1,-1,-1
211,9161,1056.00,388.00,162.00,378.00,1,-1,-1,-1
211,9162,976.00,396.00,150.00,400.00,1,-1,-1,-1
212,9158,91.61,16.39,506.60,1115.36,1,-1,-1,-1
212,9160,670.00,366.00,156.00,468.00,1,-1,-1,-1
212,9161,1056.00,388.00,162.00,378.00,1,-1,-1,-1
212,9162,976.00,396.00,150.00,400.00,1,-1,-1,-1
213,9158,80.73,9.12,524.11,1127.98,1,-1,-1,-1
213,9160,670.00,366.00,156.00,468.00,1,-1,-1,-1
213,9161,1056.00,388.00,162.00,378.00,1,-1,-1,-1
213,9162,976.00,396.00,150.00,400.00,1,-1,-1,-1
214,9153,190.80,22.79,406.66,870.35,1,-1,-1,-1
214,9158,73.14,-2.70,534.35,1150.03,1,-1,-1,-1
214,9160,659.58,339.92,172.50,518.71,1,-1,-1,-1
214,9161,1066.49,369.17,174.34,408.43,1,-1,-1,-1
214,9162,965.45,387.31,147.93,395.65,1,-1,-1,-1
215,9153,136.90,21.81,466.51,946.86,1,-1,-1,-1
215,9160,656.12,323.04,180.63,543.92,1,-1,-1,-1
215,9161,1066.89,353.25,182.13,428.27,1,-1,-1,-1
215,9162,958.64,365.84,153.59,414.07,1,-1,-1,-1
216,9153,109.30,20.37,464.87,943.52,1,-1,-1,-1
216,9160,568.40,270.33,214.48,612.82,1,-1,-1,-1
216,9161,1074.87,374.15,170.36,399.38,1,-1,-1,-1
216,9162,954.93,359.57,154.72,417.11,1,-1,-1,-1
217,9160,531.27,250.54,235.32,638.65,1,-1,-1,-1
217,9161,1077.69,382.94,165.67,387.19,1,-1,-1,-1
218,9160,520.24,243.17,249.26,654.49,1,-1,-1,-1
218,9161,1075.43,380.68,168.87,395.03,1,-1,-1,-1
219,9160,514.07,240.84,259.38,659.88,1,-1,-1,-1
219,9161,1074.61,379.89,169.90,397.79,1,-1,-1,-1
220,9160,509.92,240.50,267.74,661.14,1,-1,-1,-1
220,9161,1074.25,379.63,170.15,398.74,1,-1,-1,-1
221,9160,585.53,251.14,253.80,640.29,1,-1,-1,-1
221,9161,1085.66,384.86,166.83,392.39,1,-1,-1,-1
222,9160,618.37,265.03,240.29,615.56,1,-1,-1,-1
222,9161,1092.89,386.88,160.89,380.59,1,-1,-1,-1
223,9160,632.13,270.75,232.91,605.49,1,-1,-1,-1
223,9161,1095.74,387.65,158.13,376.12,1,-1,-1,-1
224,9160,638.30,273.13,228.13,601.37,1,-1,-1,-1
224,9161,1096.92,387.93,156.65,374.48,1,-1,-1,-1
225,9160,641.54,274.25,224.46,599.49,1,-1,-1,-1
225,9161,1097.48,388.02,155.66,373.90,1,-1,-1,-1
226,9160,643.59,274.88,221.35,598.50,1,-1,-1,-1
226,9161,1097.80,388.06,154.89,373.71,1,-1,-1,-1
227,9160,645.12,275.29,218.60,597.87,1,-1,-1,-1
227,9161,1098.03,388.06,154.24,373.66,1,-1,-1,-1
228,9160,646.39,275.61,216.12,597.40,1,-1,-1,-1
228,9161,1098.21,388.06,153.66,373.67,1,-1,-1,-1
229,9160,647.50,275.87,213.87,597.03,1,-1,-1,-1
229,9161,1098.36,388.06,153.14,373.69,1,-1,-1,-1
230,9160,648.48,276.09,211.83,596.71,1,-1,-1,-1
230,9161,1098.51,388.05,152.66,373.72,1,-1,-1,-1
231,9160,649.38,276.29,209.97,596.43,1,-1,-1,-1
231,9161,1098.64,388.05,152.23,373.74,1,-1,-1,-1
232,9160,742.55,275.15,206.29,588.36,1,-1,-1,-1
232,9161,1099.94,388.12,152.06,373.33,1,-1,-1,-1
233,9158,345.01,314.20,285.50,638.28,1,-1,-1,-1
233,9160,781.33,277.45,202.27,581.20,1,-1,-1,-1
233,9161,1115.64,384.96,149.06,366.03,1,-1,-1,-1
233,9163,1202.00,382.00,132.00,366.00,1,-1,-1,-1
234,9158,355.18,326.01,277.20,619.72,1,-1,-1,-1
234,9160,798.14,269.20,198.38,574.47,1,-1,-1,-1
234,9161,1173.00,381.54,146.41,365.67,1,-1,-1,-1
235,9158,469.45,308.32,265.03,601.94,1,-1,-1,-1
235,9160,808.91,266.17,201.71,587.65,1,-1,-1,-1
235,9161,1196.65,382.98,144.72,365.56,1,-1,-1,-1
236,9158,482.92,308.69,260.01,597.16,1,-1,-1,-1
236,9160,813.00,265.10,202.27,592.54,1,-1,-1,-1
236,9161,1205.67,383.54,143.25,365.54,1,-1,-1,-1
237,9158,486.92,308.50,257.50,596.35,1,-1,-1,-1
237,9160,814.47,264.79,201.86,594.34,1,-1,-1,-1
237,9161,1209.17,383.75,141.94,365.56,1,-1,-1,-1
238,9158,487.70,308.11,256.05,596.87,1,-1,-1,-1
238,9160,814.94,264.75,201.15,594.94,1,-1,-1,-1
238,9161,1210.54,383.85,140.77,365.60,1,-1,-1,-1
239,9158,487.58,307.76,255.03,597.60,1,-1,-1,-1
239,9160,815.04,264.81,200.36,595.10,1,-1,-1,-1
239,9161,1211.10,383.89,139.73,365.63,1,-1,-1,-1
240,9158,487.29,307.47,254.21,598.26,1,-1,-1,-1
240,9160,815.01,264.90,199.60,595.09,1,-1,-1,-1
240,9161,1211.34,383.91,138.79,365.67,1,-1,-1,-1
241,9158,487.02,307.25,253.53,598.81,1,-1,-1,-1
241,9160,814.94,265.00,198.89,595.02,1,-1,-1,-1
241,9161,1211.46,383.92,137.94,365.70,1,-1,-1,-1
242,9158,486.81,307.08,252.94,599.25,1,-1,-1,-1
242,9160,814.85,265.09,198.24,594.94,1,-1,-1,-1
242,9161,1211.54,383.93,137.18,365.73,1,-1,-1,-1
243,9158,493.11,308.83,251.04,594.75,1,-1,-1,-1
243,9160,892.69,284.74,183.99,555.72,1,-1,-1,-1
243,9161,1240.90,385.24,132.78,356.60,1,-1,-1,-1
244,9158,594.03,325.91,246.24,599.53,1,-1,-1,-1
244,9160,939.39,304.49,164.68,504.29,1,-1,-1,-1
244,9161,1253.21,376.51,136.36,366.35,1,-1,-1,-1
245,9158,618.87,336.59,237.81,585.18,1,-1,-1,-1
245,9160,957.30,299.40,164.44,506.02,1,-1,-1,-1
245,9161,1256.46,372.00,138.67,372.54,1,-1,-1,-1
246,9158,627.89,340.29,233.61,580.18,1,-1,-1,-1
246,9160,963.52,297.64,163.92,506.68,1,-1,-1,-1
246,9161,1257.46,370.30,139.56,374.92,1,-1,-1,-1
247,9158,631.21,341.51,231.06,578.50,1,-1,-1,-1
247,9160,965.50,296.94,163.40,507.11,1,-1,-1,-1
247,9161,1257.60,369.69,139.90,375.82,1,-1,-1,-1
248,9158,632.38,341.83,229.23,578.02,1,-1,-1,-1
248,9160,965.91,296.64,162.91,507.46,1,-1,-1,-1
248,9161,1257.44,369.49,140.02,376.14,1,-1,-1,-1
249,9158,632.74,341.81,227.78,577.99,1,-1,-1,-1
249,9160,965.77,296.49,162.46,507.74,1,-1,-1,-1
249,9161,1257.18,369.45,140.06,376.25,1,-1,-1,-1
250,9158,632.80,341.69,226.56,578.11,1,-1,-1,-1
250,9160,965.47,296.41,162.04,507.98,1,-1,-1,-1
250,9161,1256.91,369.47,140.07,376.27,1,-1,-1,-1
251,9158,632.76,341.55,225.49,578.27,1,-1,-1,-1
251,9160,965.14,296.36,161.67,508.19,1,-1,-1,-1
251,9161,1256.64,369.51,140.07,376.26,1,-1,-1,-1
252,9158,632.69,341.40,224.54,578.43,1,-1,-1,-1
252,9160,964.82,296.32,161.32,508.38,1,-1,-1,-1
252,9161,1256.40,369.55,140.07,376.24,1,-1,-1,-1
253,9158,632.62,341.26,223.70,578.59,1,-1,-1,-1
253,9160,964.53,296.29,161.01,508.54,1,-1,-1,-1
253,9161,1256.17,369.59,140.06,376.22,1,-1,-1,-1
254,9158,737.95,345.07,208.96,545.92,1,-1,-1,-1
254,9160,959.08,339.55,146.19,462.76,1,-1,-1,-1
254,9161,1259.65,368.93,140.20,376.58,1,-1,-1,-1
254,9164,678.00,342.00,178.00,514.00,1,-1,-1,-1
254,9165,1092.00,330.00,152.00,442.00,1,-1,-1,-1
255,9158,780.29,337.03,203.89,532.20,1,-1,-1,-1
255,9160,953.39,353.54,145.37,460.18,1,-1,-1,-1
255,9165,1091.72,347.14,154.27,448.86,1,-1,-1,-1
256,9158,795.04,334.07,202.22,527.39,1,-1,-1,-1
256,9160,951.33,358.34,145.12,459.37,1,-1,-1,-1
256,9165,1091.74,350.00,154.52,450.00,1,-1,-1,-1
257,9158,798.76,342.25,197.22,512.53,1,-1,-1,-1
257,9160,949.42,367.89,144.47,451.30,1,-1,-1,-1
257,9165,1088.58,333.01,162.40,473.95,1,-1,-1,-1
258,9158,801.59,353.29,189.67,481.83,1,-1,-1,-1
258,9160,950.51,368.58,144.40,443.18,1,-1,-1,-1
258,9165,1084.98,314.50,174.33,511.53,1,-1,-1,-1
259,9158,799.88,355.94,188.07,473.52,1,-1,-1,-1
259,9160,953.78,373.88,142.43,437.16,1,-1,-1,-1
259,9165,1089.97,332.12,159.30,467.00,1,-1,-1,-1
260,9158,796.47,352.78,193.72,485.61,1,-1,-1,-1
260,9160,947.63,362.54,152.58,463.25,1,-1,-1,-1
260,9165,1091.62,338.42,155.24,453.38,1,-1,-1,-1
261,9158,798.99,356.87,191.75,479.58,1,-1,-1,-1
261,9160,947.13,362.09,156.34,472.06,1,-1,-1,-1
261,9165,1087.28,339.27,156.74,459.64,1,-1,-1,-1
262,9158,792.90,338.39,197.46,494.89,1,-1,-1,-1
262,9160,947.65,350.13,161.45,488.37,1,-1,-1,-1
262,9161,1373.95,386.91,122.84,336.04,1,-1,-1,-1
262,9165,1085.69,340.94,157.38,461.83,1,-1,-1,-1
262,9166,1228.00,370.00,118.00,378.00,1,-1,-1,-1
263,9158,790.58,331.59,199.38,500.62,1,-1,-1,-1
263,9160,947.87,345.55,163.24,494.56,1,-1,-1,-1
263,9161,1380.22,387.93,120.33,333.88,1,-1,-1,-1
263,9165,1085.16,341.58,157.52,462.57,1,-1,-1,-1
263,9166,1228.00,370.00,118.00,378.00,1,-1,-1,-1
264,9158,789.46,329.00,199.97,502.95,1,-1,-1,-1
264,9160,947.96,343.71,163.79,496.95,1,-1,-1,-1
264,9161,1382.85,388.26,118.70,333.16,1,-1,-1,-1
264,9165,1085.04,341.83,157.49,462.77,1,-1,-1,-1
264,9166,1228.00,370.00,118.00,378.00,1,-1,-1,-1
265,9158,804.15,343.76,185.17,463.36,1,-1,-1,-1
265,9160,947.99,362.43,157.40,468.01,1,-1,-1,-1
265,9161,1390.83,389.07,117.89,330.90,1,-1,-1,-1
265,9165,1090.24,359.18,149.68,440.22,1,-1,-1,-1
265,9166,1228.47,380.39,115.58,370.58,1,-1,-1,-1
266,9158,809.15,349.52,179.95,448.22,1,-1,-1,-1
266,9160,947.18,369.64,156.37,456.74,1,-1,-1,-1
266,9165,1092.29,365.77,146.61,431.56,1,-1,-1,-1
266,9166,1228.67,383.88,114.67,368.09,1,-1,-1,-1
267,9158,821.16,355.58,181.46,452.44,1,-1,-1,-1
267,9160,939.87,358.95,158.02,464.61,1,-1,-1,-1
267,9165,1094.09,362.73,146.09,435.18,1,-1,-1,-1
267,9166,1228.80,387.12,113.95,365.77,1,-1,-1,-1
268,9158,834.85,369.64,170.90,426.31,1,-1,-1,-1
268,9160,938.21,366.74,155.25,454.48,1,-1,-1,-1
268,9165,1096.00,366.85,147.37,443.17,1,-1,-1,-1
269,9158,841.16,374.89,161.17,403.18,1,-1,-1,-1
269,9160,941.76,378.90,149.75,436.14,1,-1,-1,-1
269,9165,1093.24,357.83,154.81,464.58,1,-1,-1,-1
270,9158,839.04,365.74,163.12,410.19,1,-1,-1,-1
270,9160,943.60,375.35,150.68,440.06,1,-1,-1,-1
270,9165,1095.79,356.98,155.58,466.17,1,-1,-1,-1
270,9166,1229.28,357.21,128.11,406.16,1,-1,-1,-1
271,9158,846.29,367.51,160.02,402.39,1,-1,-1,-1
271,9160,943.38,368.74,154.08,452.08,1,-1,-1,-1
271,9165,1093.17,346.19,160.49,482.35,1,-1,-1,-1
271,9166,1225.04,342.30,136.74,434.19,1,-1,-1,-1
272,9160,943.47,366.22,154.99,456.64,1,-1,-1,-1
272,9165,1092.31,342.09,162.05,488.42,1,-1,-1,-1
272,9166,1223.58,336.94,139.71,444.27,1,-1,-1,-1
273,9160,943.65,365.19,155.02,458.44,1,-1,-1,-1
273,9165,1092.10,340.51,162.37,490.66,1,-1,-1,-1
273,9166,1223.07,334.96,140.68,447.98,1,-1,-1,-1
274,9160,943.85,364.77,154.73,459.17,1,-1,-1,-1
274,9165,1092.13,339.92,162.24,491.42,1,-1,-1,-1
274,9166,1222.94,334.33,140.87,449.16,1,-1,-1,-1
275,9160,944.04,364.57,154.36,459.47,1,-1,-1,-1
275,9165,1092.25,339.72,161.94,491.60,1,-1,-1,-1
275,9166,1222.95,334.21,140.77,449.38,1,-1,-1,-1
276,9160,944.53,365.35,154.15,458.85,1,-1,-1,-1
276,9165,1089.58,335.77,167.25,490.27,1,-1,-1,-1
276,9166,1225.75,340.76,135.12,423.33,1,-1,-1,-1
277,9165,1087.05,334.29,172.26,489.67,1,-1,-1,-1
277,9166,1226.25,343.48,134.03,412.85,1,-1,-1,-1
278,9165,1084.72,333.75,176.90,489.37,1,-1,-1,-1
278,9166,1225.84,344.54,134.80,408.93,1,-1,-1,-1
279,9165,1082.58,333.58,181.13,489.18,1,-1,-1,-1
279,9166,1225.13,344.99,136.17,407.42,1,-1,-1,-1
280,9165,1080.64,333.54,184.99,489.05,1,-1,-1,-1
280,9166,1224.36,345.20,137.67,406.81,1,-1,-1,-1
281,9165,1078.88,333.56,188.49,488.94,1,-1,-1,-1
281,9166,1223.61,345.33,139.13,406.55,1,-1,-1,-1
282,9165,1077.28,333.59,191.66,488.85,1,-1,-1,-1
282,9166,1222.91,345.41,140.50,406.43,1,-1,-1,-1
283,9165,1075.83,333.62,194.54,488.77,1,-1,-1,-1
283,9166,1222.26,345.48,141.75,406.36,1,-1,-1,-1
284,9165,1074.52,333.66,197.15,488.69,1,-1,-1,-1
284,9166,1221.67,345.53,142.90,406.31,1,-1,-1,-1
285,9165,1073.33,333.69,199.51,488.63,1,-1,-1,-1
285,9166,1221.14,345.58,143.95,406.28,1,-1,-1,-1
286,9165,1072.25,333.72,201.64,488.57,1,-1,-1,-1
286,9166,1220.65,345.62,144.90,406.25,1,-1,-1,-1
287,9160,1001.06,389.57,133.55,383.90,1,-1,-1,-1
287,9165,1066.30,344.18,182.21,453.29,1,-1,-1,-1
287,9166,1230.93,353.51,153.09,419.30,1,-1,-1,-1
288,9160,1001.47,390.34,135.96,381.28,1,-1,-1,-1
288,9165,1065.12,348.27,172.42,439.56,1,-1,-1,-1
288,9166,1233.80,356.47,158.12,424.18,1,-1,-1,-1
289,9160,1004.99,391.95,134.38,376.85,1,-1,-1,-1
289,9165,1068.83,344.37,168.73,437.37,1,-1,-1,-1
289,9166,1228.41,344.66,167.79,441.56,1,-1,-1,-1
290,9165,1070.97,342.93,165.90,436.66,1,-1,-1,-1
290,9166,1225.45,340.17,173.21,448.12,1,-1,-1,-1
291,9165,1072.47,342.38,163.53,436.51,1,-1,-1,-1
291,9166,1223.49,338.43,176.82,450.58,1,-1,-1,-1
292,9165,1073.66,342.17,161.46,436.55,1,-1,-1,-1
292,9166,1222.01,337.79,179.57,451.41,1,-1,-1,-1
293,9165,1074.68,342.09,159.60,436.66,1,-1,-1,-1
293,9166,1220.79,337.58,181.85,451.63,1,-1,-1,-1
294,9165,1075.58,342.06,157.93,436.78,1,-1,-1,-1
294,9166,1219.73,337.53,183.83,451.62,1,-1,-1,-1
295,9165,1076.39,342.04,156.42,436.89,1,-1,-1,-1
295,9166,1218.79,337.53,185.58,451.52,1,-1,-1,-1
296,9165,1077.11,342.03,155.05,437.00,1,-1,-1,-1
296,9166,1217.95,337.56,187.16,451.40,1,-1,-1,-1
297,9165,1077.77,342.03,153.81,437.10,1,-1,-1,-1
297,9166,1217.19,337.60,188.58,451.28,1,-1,-1,-1
298,9158,1370.85,362.06,149.43,403.75,1,-1,-1,-1
298,9165,1102.25,360.37,140.29,401.81,1,-1,-1,-1
298,9166,1215.84,354.54,170.38,417.35,1,-1,-1,-1
299,9158,1382.55,361.96,142.94,403.84,1,-1,-1,-1
299,9165,1111.98,367.45,134.59,388.27,1,-1,-1,-1
299,9166,1216.21,361.18,161.42,404.01,1,-1,-1,-1
300,9158,1386.46,361.93,138.65,403.90,1,-1,-1,-1
300,9165,1115.63,369.91,132.10,383.59,1,-1,-1,-1
300,9166,1217.26,363.54,156.37,399.26,1,-1,-1,-1
301,9158,1387.99,361.92,135.57,403.92,1,-1,-1,-1
301,9165,1117.10,370.74,130.80,382.06,1,-1,-1,-1
301,9166,1218.49,364.36,152.87,397.58,1,-1,-1,-1
302,9158,1388.67,361.92,133.25,403.94,1,-1,-1,-1
302,9165,1117.76,370.97,129.96,381.67,1,-1,-1,-1
302,9166,1219.70,364.61,150.10,397.04,1,-1,-1,-1
303,9158,1388.97,361.93,131.43,403.95,1,-1,-1,-1
303,9165,1118.11,370.98,129.32,381.69,1,-1,-1,-1
303,9166,1220.84,364.66,147.73,396.92,1,-1,-1,-1
304,9158,1389.05,361.93,129.96,403.95,1,-1,-1,-1
304,9165,1118.34,370.92,128.80,381.85,1,-1,-1,-1
304,9166,1221.89,364.64,145.64,396.94,1,-1,-1,-1
305,9158,1389.02,361.94,128.75,403.96,1,-1,-1,-1
305,9165,1118.51,370.85,128.34,382.04,1,-1,-1,-1
305,9166,1222.85,364.59,143.77,397.02,1,-1,-1,-1
306,9158,1388.92,361.94,127.73,403.96,1,-1,-1,-1
306,9165,1118.65,370.77,127.93,382.22,1,-1,-1,-1
306,9166,1223.71,364.53,142.08,397.10,1,-1,-1,-1
307,9158,1388.78,361.95,126.86,403.96,1,-1,-1,-1
307,9165,1118.78,370.69,127.56,382.40,1,-1,-1,-1
307,9166,1224.50,364.48,140.55,397.19,1,-1,-1,-1
308,9158,1388.61,361.95,126.11,403.97,1,-1,-1,-1
308,9165,1118.89,370.62,127.22,382.56,1,-1,-1,-1
308,9166,1225.21,364.44,139.17,397.27,1,-1,-1,-1
309,9158,1405.03,360.66,128.68,406.57,1,-1,-1,-1
309,9165,1141.66,386.31,124.90,372.20,1,-1,-1,-1
309,9166,1209.21,380.12,129.28,372.44,1,-1,-1,-1
310,9158,1405.37,360.17,129.22,404.96,1,-1,-1,-1
310,9160,1481.91,366.26,134.51,373.61,1,-1,-1,-1
310,9165,1150.52,389.56,126.13,369.70,1,-1,-1,-1
310,9166,1206.20,382.07,127.31,368.35,1,-1,-1,-1
311,9158,1402.44,359.99,129.67,401.73,1,-1,-1,-1
311,9160,1493.49,367.00,135.42,376.20,1,-1,-1,-1
311,9165,1153.90,390.69,127.53,367.54,1,-1,-1,-1
311,9166,1208.13,380.07,127.32,369.61,1,-1,-1,-1
312,9158,1397.35,358.62,131.99,405.74,1,-1,-1,-1
312,9160,1495.85,369.91,137.24,378.54,1,-1,-1,-1
312,9165,1152.55,383.12,130.39,372.11,1,-1,-1,-1
312,9166,1210.84,372.68,131.38,382.04,1,-1,-1,-1
313,9158,1393.69,360.71,132.05,405.95,1,-1,-1,-1
313,9160,1497.23,371.06,138.27,379.45,1,-1,-1,-1
313,9165,1152.05,385.48,128.67,362.11,1,-1,-1,-1
313,9166,1214.34,369.91,133.17,388.01,1,-1,-1,-1
314,9158,1392.55,364.12,131.12,398.21,1,-1,-1,-1
314,9160,1501.32,378.01,136.83,366.82,1,-1,-1,-1
314,9165,1149.73,388.98,129.33,358.39,1,-1,-1,-1
314,9166,1214.68,372.72,133.35,385.15,1,-1,-1,-1
315,9158,1388.28,368.05,128.76,387.37,1,-1,-1,-1
315,9160,1503.53,380.70,138.75,360.65,1,-1,-1,-1
315,9165,1148.07,390.22,131.03,357.10,1,-1,-1,-1
315,9166,1220.92,375.09,133.07,378.84,1,-1,-1,-1
316,9158,1389.38,373.49,126.04,376.71,1,-1,-1,-1
316,9160,1502.30,381.69,141.29,361.02,1,-1,-1,-1
316,9165,1150.56,391.85,129.98,354.23,1,-1,-1,-1
316,9166,1219.36,372.01,135.55,384.39,1,-1,-1,-1
317,9158,1386.40,380.80,122.21,366.16,1,-1,-1,-1
317,9160,1509.41,388.60,139.40,353.35,1,-1,-1,-1
317,9165,1154.69,386.11,135.73,362.75,1,-1,-1,-1
317,9166,1217.92,374.77,135.61,382.56,1,-1,-1,-1
318,9158,1381.79,375.48,123.53,367.67,1,-1,-1,-1
318,9160,1510.20,381.96,144.03,359.73,1,-1,-1,-1
318,9165,1157.47,387.05,135.06,360.94,1,-1,-1,-1
318,9166,1217.00,373.18,136.38,381.90,1,-1,-1,-1
319,9158,1387.33,372.18,123.91,366.98,1,-1,-1,-1
319,9160,1507.53,380.79,143.31,355.60,1,-1,-1,-1
319,9166,1216.10,373.87,133.84,371.20,1,-1,-1,-1
320,9158,1389.17,370.91,123.05,366.81,1,-1,-1,-1
320,9160,1506.99,384.28,142.40,352.75,1,-1,-1,-1
320,9166,1219.04,374.12,132.96,367.17,1,-1,-1,-1
321,9158,1389.96,370.42,122.34,366.82,1,-1,-1,-1
321,9160,1506.38,385.58,142.19,351.73,1,-1,-1,-1
321,9166,1219.97,374.19,132.96,365.73,1,-1,-1,-1
322,9158,1390.35,370.23,121.72,366.90,1,-1,-1,-1
322,9160,1505.79,386.05,142.23,351.39,1,-1,-1,-1
322,9166,1220.18,374.21,133.26,365.25,1,-1,-1,-1
323,9158,1390.58,370.15,121.17,367.00,1,-1,-1,-1
323,9160,1505.24,386.21,142.36,351.31,1,-1,-1,-1
323,9166,1220.12,374.20,133.64,365.14,1,-1,-1,-1
324,9158,1390.74,370.11,120.67,367.09,1,-1,-1,-1
324,9160,1504.73,386.25,142.50,351.33,1,-1,-1,-1
324,9166,1219.97,374.19,134.03,365.15,1,-1,-1,-1
325,9158,1390.87,370.09,120.22,367.18,1,-1,-1,-1
325,9160,1504.27,386.25,142.64,351.37,1,-1,-1,-1
325,9166,1219.81,374.17,134.40,365.20,1,-1,-1,-1
326,9158,1390.98,370.08,119.82,367.26,1,-1,-1,-1
326,9160,1503.86,386.24,142.78,351.42,1,-1,-1,-1
326,9166,1219.64,374.15,134.74,365.27,1,-1,-1,-1
327,9158,1391.08,370.07,119.45,367.33,1,-1,-1,-1
327,9160,1503.48,386.22,142.90,351.48,1,-1,-1,-1
327,9166,1219.49,374.14,135.04,365.34,1,-1,-1,-1
328,9158,1391.17,370.06,119.12,367.39,1,-1,-1,-1
328,9160,1503.15,386.20,143.01,351.53,1,-1,-1,-1
328,9166,1219.35,374.13,135.33,365.40,1,-1,-1,-1
329,9158,1391.25,370.06,118.82,367.45,1,-1,-1,-1
329,9160,1502.84,386.18,143.10,351.57,1,-1,-1,-1
329,9166,1219.22,374.11,135.58,365.46,1,-1,-1,-1
330,9158,1391.32,370.05,118.55,367.50,1,-1,-1,-1
330,9160,1502.57,386.16,143.19,351.61,1,-1,-1,-1
330,9166,1219.10,374.10,135.81,365.51,1,-1,-1,-1
331,9158,1392.41,370.13,118.29,366.71,1,-1,-1,-1
331,9160,1498.38,386.15,141.99,352.96,1,-1,-1,-1
331,9166,1216.67,379.32,134.14,359.02,1,-1,-1,-1
332,9160,1497.16,386.13,140.62,353.48,1,-1,-1,-1
332,9166,1215.55,381.30,133.90,356.58,1,-1,-1,-1
333,9160,1497.02,386.12,139.29,353.70,1,-1,-1,-1
333,9166,1214.96,382.02,134.17,355.71,1,-1,-1,-1
334,9160,1497.26,386.11,138.04,353.79,1,-1,-1,-1
334,9166,1214.58,382.26,134.61,355.43,1,-1,-1,-1
335,9160,1497.63,386.10,136.89,353.83,1,-1,-1,-1
335,9166,1214.30,382.33,135.08,355.37,1,-1,-1,-1
336,9160,1498.01,386.09,135.86,353.86,1,-1,-1,-1
336,9166,1214.06,382.34,135.53,355.39,1,-1,-1,-1
337,9160,1498.38,386.08,134.92,353.88,1,-1,-1,-1
337,9166,1213.86,382.32,135.95,355.43,1,-1,-1,-1
338,9160,1498.72,386.07,134.07,353.89,1,-1,-1,-1
338,9166,1213.68,382.29,136.33,355.48,1,-1,-1,-1
339,9160,1499.03,386.07,133.30,353.90,1,-1,-1,-1
339,9166,1213.52,382.27,136.68,355.53,1,-1,-1,-1
340,9160,1499.31,386.06,132.60,353.91,1,-1,-1,-1
340,9166,1213.38,382.24,137.00,355.57,1,-1,-1,-1
341,9160,1499.57,386.05,131.97,353.92,1,-1,-1,-1
341,9166,1213.25,382.22,137.28,355.61,1,-1,-1,-1
342,9158,1390.83,391.45,113.13,350.21,1,-1,-1,-1
342,9160,1506.14,391.27,126.56,344.78,1,-1,-1,-1
342,9166,1215.40,393.97,134.30,345.19,1,-1,-1,-1
342,9167,1714.00,468.00,64.00,204.00,1,-1,-1,-1
343,9158,1393.19,392.22,112.10,346.90,1,-1,-1,-1
343,9160,1507.68,397.22,122.39,336.03,1,-1,-1,-1
343,9165,1130.37,410.00,132.12,325.95,1,-1,-1,-1
343,9166,1213.23,395.78,135.20,345.21,1,-1,-1,-1
343,9167,1718.87,469.71,62.83,200.57,1,-1,-1,-1
344,9158,1395.99,393.82,111.64,341.85,1,-1,-1,-1
344,9160,1506.65,399.41,118.68,326.18,1,-1,-1,-1
344,9165,1129.65,410.92,131.54,324.54,1,-1,-1,-1
344,9166,1210.18,395.10,136.10,342.63,1,-1,-1,-1
344,9167,1710.93,453.37,71.07,227.21,1,-1,-1,-1
345,9158,1393.76,398.34,111.36,338.71,1,-1,-1,-1
345,9160,1507.72,400.57,117.79,323.73,1,-1,-1,-1
345,9166,1216.03,400.06,134.29,335.13,1,-1,-1,-1
345,9167,1674.34,403.38,95.70,304.29,1,-1,-1,-1
346,9158,1392.75,399.98,111.61,337.60,1,-1,-1,-1
346,9166,1217.94,401.88,134.22,332.36,1,-1,-1,-1
346,9167,1660.34,384.58,105.50,333.28,1,-1,-1,-1
347,9158,1392.21,400.54,111.99,337.24,1,-1,-1,-1
347,9166,1218.36,402.50,134.78,331.40,1,-1,-1,-1
347,9167,1654.66,377.47,109.73,344.22,1,-1,-1,-1
348,9158,1391.88,400.69,112.40,337.17,1,-1,-1,-1
348,9166,1218.25,402.69,135.51,331.11,1,-1,-1,-1
348,9167,1652.72,375.53,111.50,347.19,1,-1,-1,-1
349,9158,1391.65,400.71,112.77,337.20,1,-1,-1,-1
349,9166,1217.96,402.71,136.27,331.06,1,-1,-1,-1
349,9167,1652.20,375.51,112.36,347.21,1,-1,-1,-1
350,9158,1391.46,400.67,113.11,337.26,1,-1,-1,-1
350,9166,1217.62,402.67,136.98,331.10,1,-1,-1,-1
350,9167,1652.13,376.09,112.91,346.30,1,-1,-1,-1
351,9158,1391.30,400.61,113.40,337.32,1,-1,-1,-1
351,9166,1217.29,402.62,137.64,331.17,1,-1,-1,-1
351,9167,1652.20,376.82,113.38,345.16,1,-1,-1,-1
352,9158,1391.17,400.55,113.67,337.39,1,-1,-1,-1
352,9166,1216.99,402.56,138.25,331.25,1,-1,-1,-1
352,9167,1652.29,377.54,113.83,344.03,1,-1,-1,-1
353,9158,1399.84,400.50,112.04,330.89,1,-1,-1,-1
353,9165,1122.24,423.85,133.36,313.93,1,-1,-1,-1
353,9166,1217.42,403.48,137.74,330.02,1,-1,-1,-1
353,9167,1658.92,383.36,111.42,336.56,1,-1,-1,-1
354,9158,1402.98,400.45,111.72,328.47,1,-1,-1,-1
354,9165,1120.30,424.33,136.83,313.58,1,-1,-1,-1
354,9167,1661.80,386.05,110.30,332.99,1,-1,-1,-1
355,9158,1403.99,400.40,111.87,327.62,1,-1,-1,-1
355,9165,1119.05,424.51,139.18,313.45,1,-1,-1,-1
355,9167,1663.07,387.37,109.76,331.17,1,-1,-1,-1
356,9158,1404.22,400.36,112.17,327.35,1,-1,-1,-1
356,9165,1118.18,424.54,140.90,313.44,1,-1,-1,-1
356,9167,1663.70,388.12,109.46,330.09,1,-1,-1,-1
357,9158,1404.16,400.33,112.50,327.29,1,-1,-1,-1
357,9165,1117.54,424.52,142.22,313.47,1,-1,-1,-1
357,9167,1664.07,388.63,109.25,329.32,1,-1,-1,-1
358,9158,1404.02,400.29,112.83,327.32,1,-1,-1,-1
358,9165,1117.04,424.48,143.27,313.51,1,-1,-1,-1
358,9167,1664.33,389.02,109.10,328.72,1,-1,-1,-1
359,9158,1403.84,400.27,113.13,327.37,1,-1,-1,-1
359,9165,1116.65,424.44,144.12,313.55,1,-1,-1,-1
359,9167,1664.52,389.35,108.97,328.21,1,-1,-1,-1
360,9158,1403.67,400.24,113.40,327.42,1,-1,-1,-1
360,9165,1116.32,424.40,144.83,313.60,1,-1,-1,-1
360,9167,1664.69,389.63,108.86,327.77,1,-1,-1,-1
361,9158,1403.52,400.22,113.65,327.48,1,-1,-1,-1
361,9165,1116.05,424.36,145.43,313.64,1,-1,-1,-1
361,9167,1664.82,389.87,108.77,327.38,1,-1,-1,-1
362,9158,1403.37,400.20,113.87,327.53,1,-1,-1,-1
362,9165,1115.82,424.32,145.94,313.67,1,-1,-1,-1
362,9167,1664.95,390.09,108.69,327.03,1,-1,-1,-1
363,9158,1403.24,400.18,114.08,327.57,1,-1,-1,-1
363,9165,1115.62,424.29,146.38,313.70,1,-1,-1,-1
363,9167,1665.05,390.28,108.62,326.73,1,-1,-1,-1
364,9158,1403.82,400.46,113.83,326.88,1,-1,-1,-1
364,9165,1103.09,415.11,154.47,330.74,1,-1,-1,-1
364,9167,1674.63,389.15,111.71,332.96,1,-1,-1,-1
365,9165,1098.39,411.68,157.56,337.08,1,-1,-1,-1
365,9167,1678.03,388.79,113.40,335.21,1,-1,-1,-1
366,9165,1096.57,410.36,158.81,339.52,1,-1,-1,-1
366,9167,1679.13,388.74,114.50,335.93,1,-1,-1,-1
367,9165,1095.89,409.87,159.33,340.42,1,-1,-1,-1
367,9167,1679.33,388.80,115.31,336.07,1,-1,-1,-1
368,9165,1095.65,409.70,159.56,340.71,1,-1,-1,-1
368,9167,1679.21,388.89,115.99,336.00,1,-1,-1,-1
369,9165,1095.59,409.66,159.66,340.77,1,-1,-1,-1
369,9167,1678.98,388.99,116.58,335.85,1,-1,-1,-1
370,9165,1095.58,409.67,159.73,340.75,1,-1,-1,-1
370,9167,1678.73,389.08,117.10,335.69,1,-1,-1,-1
371,9165,1095.61,409.69,159.77,340.70,1,-1,-1,-1
371,9167,1678.48,389.17,117.57,335.54,1,-1,-1,-1
372,9165,1095.63,409.71,159.80,340.64,1,-1,-1,-1
372,9167,1678.25,389.25,117.99,335.39,1,-1,-1,-1
373,9165,1095.66,409.74,159.82,340.58,1,-1,-1,-1
373,9167,1678.04,389.32,118.37,335.26,1,-1,-1,-1
374,9165,1095.69,409.76,159.84,340.53,1,-1,-1,-1
374,9167,1677.84,389.39,118.72,335.14,1,-1,-1,-1
375,9165,1094.32,418.90,165.26,344.39,1,-1,-1,-1
375,9167,1677.84,388.41,119.36,336.95,1,-1,-1,-1
376,9165,1092.87,422.37,169.22,345.83,1,-1,-1,-1
377,9165,1091.48,423.68,172.42,346.34,1,-1,-1,-1
378,9165,1090.20,424.16,175.17,346.50,1,-1,-1,-1
379,9165,1089.03,424.32,177.59,346.53,1,-1,-1,-1
380,9165,1087.98,424.35,179.76,346.50,1,-1,-1,-1
381,9165,1087.02,424.34,181.70,346.47,1,-1,-1,-1
382,9165,1086.15,424.32,183.46,346.43,1,-1,-1,-1
383,9165,1085.37,424.30,185.05,346.39,1,-1,-1,-1
384,9165,1084.67,424.27,186.48,346.35,1,-1,-1,-1
385,9165,1084.03,424.24,187.78,346.32,1,-1,-1,-1
386,9158,1064.03,366.30,156.81,425.16,1,-1,-1,-1
386,9165,1083.75,424.64,188.06,346.83,1,-1,-1,-1
386,9168,974.00,368.00,174.00,412.00,1,-1,-1,-1
387,9158,1060.15,366.81,157.59,419.81,1,-1,-1,-1
387,9168,969.59,369.71,175.97,417.14,1,-1,-1,-1
387,9169,1518.00,380.00,110.00,296.00,1,-1,-1,-1
388,9158,1061.74,374.77,158.07,404.59,1,-1,-1,-1
388,9168,969.53,395.39,165.97,392.61,1,-1,-1,-1
389,9158,1049.51,374.07,158.97,406.90,1,-1,-1,-1
389,9168,969.08,404.12,162.76,385.02,1,-1,-1,-1
397,9158,958.21,362.33,185.81,458.22,1,-1,-1,-1
398,9158,952.32,361.75,191.50,460.85,1,-1,-1,-1
399,9158,949.34,361.54,195.25,461.79,1,-1,-1,-1
400,9158,947.86,361.49,197.92,462.04,1,-1,-1,-1
401,9158,947.07,361.50,199.94,462.01,1,-1,-1,-1
402,9158,946.62,361.53,201.53,461.90,1,-1,-1,-1
403,9158,946.35,361.57,202.84,461.75,1,-1,-1,-1
404,9158,946.17,361.60,203.92,461.60,1,-1,-1,-1
405,9158,946.06,361.64,204.85,461.46,1,-1,-1,-1
406,9158,945.99,361.67,205.64,461.32,1,-1,-1,-1
407,9158,945.94,361.70,206.33,461.20,1,-1,-1,-1
408,9158,940.88,361.23,207.19,463.12,1,-1,-1,-1
408,9168,787.11,286.33,224.04,537.65,1,-1,-1,-1
409,9168,784.18,283.92,223.04,540.87,1,-1,-1,-1
410,9168,784.14,283.33,221.59,541.64,1,-1,-1,-1
411,9168,784.77,283.27,220.23,541.71,1,-1,-1,-1
412,9168,785.50,283.36,219.05,541.58,1,-1,-1,-1
413,9168,786.22,283.50,218.05,541.39,1,-1,-1,-1
414,9168,786.90,283.66,217.18,541.17,1,-1,-1,-1
415,9168,787.52,283.83,216.43,540.95,1,-1,-1,-1
416,9168,788.10,283.99,215.77,540.73,1,-1,-1,-1
417,9168,788.63,284.15,215.18,540.51,1,-1,-1,-1
418,9168,789.12,284.30,214.66,540.31,1,-1,-1,-1
419,9168,779.18,325.82,212.99,524.59,1,-1,-1,-1
420,9168,774.44,341.93,214.48,518.39,1,-1,-1,-1
421,9168,771.80,347.94,217.04,516.01,1,-1,-1,-1
422,9168,770.04,350.13,219.80,515.08,1,-1,-1,-1
423,9168,768.70,350.89,222.46,514.69,1,-1,-1,-1
424,9168,767.59,351.10,224.91,514.51,1,-1,-1,-1
425,9168,766.63,351.11,227.14,514.42,1,-1,-1,-1
426,9168,765.78,351.04,229.16,514.37,1,-1,-1,-1
427,9168,765.02,350.96,230.97,514.33,1,-1,-1,-1
428,9168,764.35,350.87,232.61,514.29,1,-1,-1,-1
429,9168,763.73,350.79,234.09,514.26,1,-1,-1,-1
430,9158,626.84,478.77,204.42,418.83,1,-1,-1,-1
430,9168,761.68,352.07,234.29,514.68,1,-1,-1,-1
431,9158,616.79,480.97,214.31,417.77,1,-1,-1,-1
432,9158,611.19,481.84,221.19,417.39,1,-1,-1,-1
433,9158,608.24,482.02,226.32,417.30,1,-1,-1,-1
434,9158,606.56,481.92,230.29,417.32,1,-1,-1,-1
435,9158,605.47,481.74,233.45,417.38,1,-1,-1,-1
436,9158,604.68,481.56,236.04,417.44,1,-1,-1,-1
437,9158,604.07,481.39,238.20,417.50,1,-1,-1,-1
438,9158,603.57,481.24,240.03,417.56,1,-1,-1,-1
439,9158,603.15,481.11,241.59,417.60,1,-1,-1,-1
440,9158,602.79,480.99,242.94,417.65,1,-1,-1,-1
441,9158,598.54,482.60,242.63,417.07,1,-1,-1,-1
441,9168,445.15,231.88,339.72,753.24,1,-1,-1,-1
441,9170,1070.00,390.00,156.00,364.00,1,-1,-1,-1
442,9168,424.57,217.30,348.80,764.11,1,-1,-1,-1
442,9170,1077.46,393.43,153.09,357.14,1,-1,-1,-1
443,9168,416.07,211.38,353.79,768.00,1,-1,-1,-1
443,9170,1078.68,394.00,152.64,356.00,1,-1,-1,-1
444,9168,412.61,209.23,356.87,769.13,1,-1,-1,-1
444,9170,1078.97,394.15,152.57,355.71,1,-1,-1,-1
445,9168,411.20,208.56,359.00,769.23,1,-1,-1,-1
445,9170,1078.97,394.16,152.61,355.68,1,-1,-1,-1
446,9168,410.65,208.48,360.59,768.94,1,-1,-1,-1
446,9170,1078.90,394.14,152.69,355.71,1,-1,-1,-1
447,9168,410.49,208.61,361.86,768.51,1,-1,-1,-1
447,9170,1078.82,394.12,152.78,355.76,1,-1,-1,-1
448,9168,410.51,208.83,362.88,768.04,1,-1,-1,-1
448,9170,1078.75,394.10,152.87,355.79,1,-1,-1,-1
449,9168,410.64,209.06,363.74,767.56,1,-1,-1,-1
449,9170,1078.68,394.09,152.95,355.82,1,-1,-1,-1
450,9168,410.81,209.30,364.47,767.10,1,-1,-1,-1
450,9170,1078.62,394.08,153.03,355.85,1,-1,-1,-1
451,9168,411.01,209.53,365.09,766.67,1,-1,-1,-1
451,9170,1078.56,394.07,153.11,355.87,1,-1,-1,-1
452,9168,400.62,205.62,368.61,774.05,1,-1,-1,-1
452,9170,1078.79,394.17,153.02,355.66,1,-1,-1,-1
452,9171,198.00,230.00,368.00,762.00,1,-1,-1,-1
453,9168,245.67,223.23,365.65,766.65,1,-1,-1,-1
454,9168,166.81,221.68,369.32,765.63,1,-1,-1,-1
454,9170,1177.49,387.28,146.80,340.62,1,-1,-1,-1
455,9168,104.34,189.88,388.86,805.61,1,-1,-1,-1
455,9170,1187.63,386.67,146.08,338.94,1,-1,-1,-1
456,9168,81.27,178.06,396.25,820.43,1,-1,-1,-1
457,9168,73.16,173.57,399.13,825.97,1,-1,-1,-1
458,9168,70.91,172.00,400.21,827.82,1,-1,-1,-1
459,9168,70.84,171.55,400.59,828.27,1,-1,-1,-1
460,9168,71.54,171.53,400.70,828.19,1,-1,-1,-1
461,9168,72.48,171.66,400.71,827.93,1,-1,-1,-1
462,9168,73.46,171.84,400.68,827.61,1,-1,-1,-1
463,9168,22.91,148.66,417.93,863.65,1,-1,-1,-1
463,9170,1223.58,403.21,142.10,310.55,1,-1,-1,-1
464,9168,4.20,139.98,424.27,877.12,1,-1,-1,-1
464,9170,1221.52,404.03,147.87,309.36,1,-1,-1,-1
465,9168,-2.38,136.76,426.53,882.12,1,-1,-1,-1
465,9170,1219.55,404.30,152.67,308.92,1,-1,-1,-1
466,9168,-4.23,135.69,427.19,883.77,1,-1,-1,-1
466,9170,1217.52,404.38,156.71,308.83,1,-1,-1,-1
467,9168,-4.30,135.44,427.24,884.14,1,-1,-1,-1
467,9170,1215.62,404.38,160.13,308.87,1,-1,-1,-1
468,9168,-3.75,135.49,427.07,884.04,1,-1,-1,-1
468,9170,1213.92,404.36,163.06,308.96,1,-1,-1,-1
469,9168,-3.01,135.65,426.84,883.78,1,-1,-1,-1
469,9170,1212.42,404.33,165.58,309.06,1,-1,-1,-1
470,9168,-2.24,135.84,426.60,883.47,1,-1,-1,-1
470,9170,1211.11,404.30,167.76,309.15,1,-1,-1,-1
471,9168,-1.50,136.03,426.36,883.17,1,-1,-1,-1
471,9170,1209.95,404.27,169.67,309.23,1,-1,-1,-1
472,9168,-0.82,136.21,426.15,882.88,1,-1,-1,-1
472,9170,1208.94,404.24,171.36,309.31,1,-1,-1,-1
473,9168,-0.18,136.38,425.95,882.61,1,-1,-1,-1
473,9170,1208.03,404.22,172.84,309.38,1,-1,-1,-1
474,9168,-9.50,133.78,427.96,886.78,1,-1,-1,-1
474,9170,1210.66,404.57,172.28,308.37,1,-1,-1,-1
474,9172,352.00,370.00,226.00,472.00,1,-1,-1,-1
475,9172,352.00,370.00,226.00,472.00,1,-1,-1,-1
476,9172,352.00,370.00,226.00,472.00,1,-1,-1,-1
477,9172,352.00,370.00,226.00,472.00,1,-1,-1,-1
478,9172,352.00,370.00,226.00,472.00,1,-1,-1,-1
479,9172,352.00,370.00,226.00,472.00,1,-1,-1,-1
480,9172,352.00,370.00,226.00,472.00,1,-1,-1,-1
481,9172,352.00,370.00,226.00,472.00,1,-1,-1,-1
482,9172,352.00,370.00,226.00,472.00,1,-1,-1,-1
483,9172,352.00,370.00,226.00,472.00,1,-1,-1,-1
484,9172,352.00,370.00,226.00,472.00,1,-1,-1,-1
485,9172,431.42,366.01,221.30,460.04,1,-1,-1,-1
486,9172,464.77,363.17,224.67,467.58,1,-1,-1,-1
487,9172,476.78,362.15,225.78,470.36,1,-1,-1,-1
488,9172,480.96,361.79,226.07,471.43,1,-1,-1,-1
489,9172,482.19,361.68,226.05,471.83,1,-1,-1,-1
490,9172,482.33,361.66,225.93,471.98,1,-1,-1,-1
491,9172,482.10,361.68,225.78,472.04,1,-1,-1,-1
492,9172,481.76,361.70,225.63,472.05,1,-1,-1,-1
493,9172,481.41,361.73,225.48,472.05,1,-1,-1,-1
494,9172,481.08,361.76,225.35,472.05,1,-1,-1,-1
495,9172,480.78,361.78,225.22,472.05,1,-1,-1,-1
496,9172,514.84,378.80,204.82,434.12,1,-1,-1,-1
497,9172,528.23,385.42,195.86,419.41,1,-1,-1,-1
498,9172,533.31,387.74,191.65,414.28,1,-1,-1,-1
499,9172,535.40,388.53,189.20,412.55,1,-1,-1,-1
500,9172,536.36,388.76,187.49,412.06,1,-1,-1,-1
501,9172,536.88,388.79,186.12,412.02,1,-1,-1,-1
502,9172,537.22,388.75,184.95,412.13,1,-1,-1,-1
503,9172,537.48,388.69,183.90,412.29,1,-1,-1,-1
504,9172,537.71,388.62,182.97,412.45,1,-1,-1,-1
505,9172,537.91,388.56,182.12,412.60,1,-1,-1,-1
506,9172,538.10,388.51,181.36,412.74,1,-1,-1,-1
507,9172,541.43,389.33,180.46,410.70,1,-1,-1,-1
507,9173,670.00,338.00,156.00,470.00,1,-1,-1,-1
508,9173,670.00,338.00,156.00,470.00,1,-1,-1,-1
509,9172,631.99,346.49,196.56,459.84,1,-1,-1,-1
510,9172,642.35,343.47,197.66,462.40,1,-1,-1,-1
518,9174,656.00,254.00,210.00,632.00,1,-1,-1,-1
519,9174,656.00,254.00,210.00,632.00,1,-1,-1,-1
520,9174,656.00,254.00,210.00,632.00,1,-1,-1,-1
521,9174,656.00,254.00,210.00,632.00,1,-1,-1,-1
522,9174,656.00,254.00,210.00,632.00,1,-1,-1,-1
523,9174,656.00,254.00,210.00,632.00,1,-1,-1,-1
524,9174,656.00,254.00,210.00,632.00,1,-1,-1,-1
525,9174,656.00,254.00,210.00,632.00,1,-1,-1,-1
